Secchi Depth (cm) = 0127
Forel Ule Scale = 20
pH Colour Scale = 99
SensingSecchi S/N = A016
Latitude (degs N) = 34.35534
Longitude (degs E) = -78.17805
Date = 2026-05-27
Time (UTC), Pressure (mbar) MS5803, Temp (deg C) MS5803, Temp (deg C) 10KTHERM, Temp (deg C) TMP117, ED 415nm, ED 445nm, ED 480nm, ED 515nm, ED 555nm, ED 590nm, ED 630nm, ED 680nm, ED Clear, ED NIR, ED D-SAT, ED A-SAT, EU 415nm, EU 445nm, EU 480nm, EU 515nm, EU 555nm, EU 590nm, EU 630nm, EU 680nm, EU Clear, EU NIR, EU D-SAT, EU A-SAT
16:15:30, 1012.00, 28.81, 30.58, 25.031, 724, 1067, 1415, 1681, 1929, 1800, 2328, 2297, 16951, 8717, 0, 0, 276, 311, 326, 413, 449, 705, 1540, 2486, 5464, 3583, 0, 0
16:15:30, 1012.30, 28.82, 30.59, 25.031, 733, 1082, 1432, 1700, 2092, 1933, 2501, 2458, 17872, 9144, 0, 0, 241, 270, 279, 345, 444, 703, 1567, 2503, 5597, 3817, 0, 0
16:15:31, 1012.30, 28.81, 30.59, 25.055, 1033, 1522, 2062, 2426, 2995, 2938, 3617, 3704, 24659, 11683, 0, 0, 362, 425, 463, 598, 601, 894, 1693, 2590, 6277, 4327, 0, 0
16:15:32, 1012.30, 28.81, 30.58, 25.094, 1609, 2344, 3262, 3674, 4644, 4613, 5605, 5949, 34843, 16543, 0, 1, 203, 230, 240, 301, 336, 506, 1037, 1627, 4008, 2835, 0, 0
16:15:32, 1012.20, 28.81, 30.59, 25.094, 1674, 2662, 3511, 4287, 4568, 4599, 5799, 5823, 30004, 12774, 0, 0, 214, 250, 286, 362, 424, 656, 1199, 1858, 4469, 2842, 0, 0
16:15:33, 1012.00, 28.80, 30.54, 25.039, 716, 1115, 1438, 1819, 1351, 1432, 1916, 1887, 10753, 5542, 0, 0, 4292, 7273, 9210, 11773, 14566, 15572, 18217, 21750, 36000, 28932, 1, 1
16:15:34, 1012.10, 28.80, 30.59, 24.937, 970, 1490, 1988, 2456, 3027, 3109, 3773, 3994, 19499, 9323, 0, 0, 5084, 9195, 11202, 14461, 16001, 17901, 20801, 26076, 36000, 36000, 1, 1
16:15:34, 1012.00, 28.79, 30.58, 24.937, 1615, 2575, 3403, 4185, 4707, 5011, 5961, 6321, 27191, 10284, 0, 0, 5054, 8498, 11075, 13746, 15654, 16976, 20899, 24682, 36000, 36000, 1, 1
16:15:35, 1012.20, 28.79, 30.56, 24.906, 2244, 3788, 4982, 6069, 7081, 7218, 8570, 9552, 36000, 15704, 1, 1, 4521, 7589, 9848, 12164, 13072, 14168, 17782, 20997, 36000, 35986, 1, 1
16:15:36, 1012.10, 28.78, 30.59, 24.914, 1824, 2992, 3974, 4580, 4004, 4167, 4904, 5303, 18249, 7371, 0, 0, 3654, 6035, 7785, 9687, 12671, 13612, 17070, 19878, 36000, 36000, 1, 1
16:15:36, 1012.00, 28.78, 30.59, 24.914, 637, 879, 1153, 1603, 1218, 1329, 1707, 1592, 6636, 3430, 0, 0, 4545, 7354, 9548, 11840, 13834, 15331, 17586, 20641, 36000, 36000, 1, 1
16:15:37, 1011.00, 28.72, 30.61, 24.906, 372, 513, 653, 994, 1016, 1124, 1467, 1371, 6137, 3442, 0, 0, 4636, 6924, 9211, 11081, 24827, 25245, 30384, 32794, 36000, 36000, 1, 1
16:15:38, 1011.60, 28.70, 30.58, 24.937, 263, 321, 451, 567, 719, 791, 813, 941, 5532, 3274, 0, 0, 13434, 19930, 26858, 31045, 36000, 36000, 36000, 36000, 36000, 36000, 1, 1
16:15:38, 1011.30, 28.70, 30.59, 24.937, 302, 318, 476, 549, 640, 834, 783, 900, 3997, 2092, 0, 0, 15610, 22366, 31197, 34954, 36000, 36000, 36000, 36000, 36000, 36000, 1, 1
16:15:39, 1010.50, 28.67, 30.54, 24.992, 379, 407, 598, 718, 757, 959, 927, 1085, 3908, 1931, 0, 0, 16699, 23266, 33447, 35787, 36000, 36000, 36000, 36000, 36000, 36000, 1, 1
16:15:40, 1011.10, 28.70, 30.59, 24.992, 305, 396, 528, 685, 717, 888, 899, 1015, 3157, 1755, 0, 0, 14117, 20514, 28110, 32372, 35977, 36000, 36000, 36000, 36000, 36000, 1, 1
16:15:40, 1011.40, 28.70, 30.59, 25.062, 368, 419, 567, 766, 604, 734, 762, 840, 2231, 1250, 0, 0, 17010, 23855, 33923, 36000, 36000, 36000, 36000, 36000, 36000, 36000, 1, 1
16:15:41, 1011.90, 28.70, 30.59, 25.141, 347, 382, 554, 662, 643, 772, 743, 878, 4574, 2238, 0, 0, 15917, 23632, 32209, 36000, 36000, 36000, 36000, 36000, 36000, 36000, 1, 1
16:15:42, 1011.70, 28.70, 30.58, 25.141, 275, 316, 462, 521, 619, 683, 695, 809, 4456, 2498, 0, 0, 14982, 22456, 30530, 35297, 36000, 36000, 36000, 36000, 36000, 36000, 1, 1
16:15:42, 1011.40, 28.69, 30.58, 25.203, 209, 267, 373, 444, 547, 573, 652, 701, 3238, 1814, 0, 0, 13703, 19858, 27082, 31207, 36000, 36000, 36000, 36000, 36000, 36000, 1, 1
16:15:43, 1010.70, 28.67, 30.58, 25.273, 196, 250, 353, 416, 509, 537, 608, 661, 2671, 1374, 0, 0, 15497, 22515, 30474, 35380, 36000, 36000, 36000, 36000, 36000, 36000, 1, 1
16:15:44, 1010.70, 28.67, 30.54, 25.273, 190, 241, 343, 405, 494, 523, 592, 640, 2540, 1299, 0, 0, 15368, 22240, 30243, 34948, 36000, 36000, 36000, 36000, 36000, 36000, 1, 1
16:15:44, 1010.50, 28.67, 30.56, 25.344, 185, 238, 339, 400, 501, 525, 602, 649, 2495, 1252, 0, 0, 15566, 22515, 30696, 35342, 36000, 36000, 36000, 36000, 36000, 36000, 1, 1
16:15:45, 1010.50, 28.67, 30.56, 25.430, 185, 237, 337, 398, 495, 523, 593, 644, 2494, 1253, 0, 0, 15290, 22177, 30025, 34825, 36000, 36000, 36000, 36000, 36000, 36000, 1, 1
16:15:46, 1010.70, 28.67, 30.58, 25.430, 191, 244, 346, 408, 496, 527, 593, 649, 2529, 1260, 0, 0, 15471, 22427, 30366, 35189, 36000, 36000, 36000, 36000, 36000, 36000, 1, 1
16:15:46, 1010.60, 28.67, 30.54, 25.500, 190, 243, 346, 405, 492, 523, 583, 644, 2584, 1276, 0, 0, 15681, 22685, 30827, 35607, 36000, 36000, 36000, 36000, 36000, 36000, 1, 1
16:15:47, 1010.60, 28.67, 30.54, 25.547, 185, 239, 341, 399, 486, 513, 574, 637, 2494, 1208, 0, 0, 15970, 23051, 31455, 35957, 36000, 36000, 36000, 36000, 36000, 36000, 1, 1
16:15:48, 1012.50, 28.75, 30.56, 25.547, 204, 255, 364, 425, 754, 816, 809, 961, 6259, 3562, 0, 0, 6066, 9359, 11840, 14307, 10871, 11798, 14206, 17215, 36000, 35997, 1, 1
16:15:48, 1012.30, 28.75, 30.56, 25.562, 1201, 1637, 2294, 2521, 3346, 3391, 3750, 4216, 27954, 12808, 0, 0, 3229, 4868, 6240, 7501, 8782, 9854, 11962, 14820, 36000, 28475, 1, 1
16:15:49, 1012.40, 28.75, 30.54, 25.539, 2188, 3352, 4578, 5185, 5950, 6064, 6757, 7832, 36000, 17242, 1, 1, 3665, 5629, 7345, 9101, 11025, 12688, 14875, 18544, 36000, 29464, 1, 1
16:15:50, 1012.20, 28.76, 30.59, 25.539, 1789, 2415, 3397, 3831, 3718, 3843, 4287, 4728, 28354, 12241, 0, 0, 3288, 5241, 6907, 8312, 7085, 7316, 8791, 9997, 36000, 20842, 1, 1
16:15:50, 1012.20, 28.77, 30.56, 25.531, 2295, 3524, 4868, 5658, 6523, 6948, 8090, 9432, 23619, 9277, 0, 0, 1100, 1666, 2291, 2766, 3180, 3403, 3774, 4260, 14996, 6248, 0, 0
16:15:51, 1012.00, 28.76, 30.58, 25.547, 2561, 3982, 5444, 6442, 7211, 7598, 8979, 9978, 31201, 12518, 0, 0, 1192, 2020, 2569, 3348, 2745, 2965, 3306, 3734, 12030, 4794, 0, 0
16:15:52, 1012.20, 28.75, 30.52, 25.547, 2046, 3058, 4240, 4913, 7276, 7613, 8870, 10425, 30370, 11674, 0, 0, 971, 1507, 2122, 2513, 2871, 3134, 3481, 3941, 12255, 4437, 0, 0
16:15:52, 1012.20, 28.76, 30.54, 25.531, 2652, 4248, 5748, 6813, 7745, 8167, 9388, 10849, 36000, 15899, 1, 1, 766, 1184, 1682, 2019, 2557, 2700, 3128, 3378, 13103, 4454, 0, 0
16:15:53, 1012.20, 28.75, 30.59, 25.508, 2661, 4192, 5785, 6705, 6769, 7141, 8400, 9659, 23344, 8892, 0, 0, 798, 1268, 1746, 2137, 2842, 3205, 3460, 4211, 12829, 6503, 0, 0
16:15:54, 1012.20, 28.75, 30.58, 25.508, 2587, 4182, 5721, 6876, 7672, 7943, 9467, 10608, 36000, 15711, 1, 1, 821, 1246, 1811, 2095, 2771, 2920, 3296, 3724, 14047, 5034, 0, 0
16:15:54, 1016.90, 28.74, 30.56, 25.469, 2787, 4454, 6144, 7335, 8100, 8531, 10164, 11198, 36000, 14902, 1, 1, 91, 145, 273, 442, 601, 666, 783, 810, 1807, 195, 0, 0
16:15:55, 1015.50, 28.65, 30.56, 26.227, 2581, 4038, 5692, 6611, 7429, 8118, 9154, 10444, 26604, 9709, 0, 0, 78, 123, 235, 387, 594, 652, 767, 795, 1763, 199, 0, 0
16:15:56, 1013.10, 28.57, 30.58, 26.227, 2633, 4190, 5756, 6896, 7871, 8402, 9827, 10771, 33452, 12268, 0, 1, 87, 139, 263, 428, 673, 735, 862, 895, 2035, 222, 0, 0
16:15:56, 1014.30, 28.51, 30.59, 26.641, 2585, 4208, 5653, 6801, 7904, 8228, 9741, 10913, 33157, 12265, 0, 1, 95, 153, 288, 469, 708, 773, 906, 941, 2142, 229, 0, 0
16:15:57, 1016.00, 28.47, 30.56, 26.836, 2622, 4257, 5776, 6936, 7985, 8334, 9939, 11032, 33002, 12281, 0, 1, 88, 141, 267, 436, 652, 714, 838, 871, 1945, 208, 0, 0
16:15:58, 1015.50, 28.45, 30.54, 26.836, 2647, 4188, 5747, 6866, 7927, 8482, 9873, 10917, 33732, 12543, 0, 1, 84, 135, 256, 418, 639, 699, 819, 851, 1897, 204, 0, 0
16:15:58, 1014.70, 28.43, 30.54, 26.898, 2637, 4168, 5755, 6916, 7764, 8375, 9671, 10711, 32349, 11703, 0, 0, 85, 136, 259, 425, 654, 716, 838, 870, 1919, 206, 0, 0
16:15:59, 1013.90, 28.41, 30.54, 26.937, 2430, 3829, 5186, 6267, 7016, 7618, 8663, 9952, 26794, 10040, 0, 0, 86, 137, 262, 428, 655, 717, 840, 870, 1883, 202, 0, 0
16:16:00, 1016.30, 28.40, 30.58, 26.937, 2479, 3871, 5306, 6364, 6875, 7514, 8511, 9764, 24717, 9073, 0, 0, 80, 127, 243, 399, 638, 693, 818, 841, 1883, 213, 0, 0
16:16:00, 1019.80, 28.38, 30.56, 26.937, 2105, 3372, 4719, 5565, 6686, 7139, 8269, 9567, 28641, 8684, 0, 0, 75, 121, 231, 380, 561, 616, 727, 749, 1613, 172, 0, 0
16:16:01, 1023.10, 28.37, 30.56, 26.937, 1589, 2656, 3885, 4750, 6501, 7050, 8046, 9426, 21381, 5005, 0, 0, 63, 99, 195, 328, 514, 570, 673, 695, 1452, 147, 0, 0
16:16:02, 1022.80, 28.37, 30.54, 26.961, 1799, 2982, 4483, 5395, 6556, 7114, 8198, 9373, 24587, 5878, 0, 0, 64, 100, 197, 335, 526, 586, 692, 715, 1476, 148, 0, 0
16:16:02, 1020.10, 28.36, 30.54, 26.969, 1816, 3032, 4560, 5540, 6827, 7412, 8474, 9748, 27730, 6720, 0, 0, 68, 106, 208, 351, 556, 616, 725, 749, 1577, 162, 0, 0
16:16:03, 1017.60, 28.35, 30.52, 26.969, 2192, 3543, 5137, 6098, 7413, 8014, 9101, 10404, 30223, 8640, 0, 0, 73, 115, 223, 371, 580, 640, 751, 777, 1647, 172, 0, 0
16:16:04, 1016.10, 28.35, 30.56, 26.984, 2545, 3999, 5691, 6707, 7709, 8388, 9519, 10723, 32730, 11243, 0, 1, 77, 123, 234, 384, 588, 644, 756, 780, 1720, 187, 0, 0
16:16:04, 1017.30, 28.34, 30.52, 26.984, 2575, 4005, 5568, 6674, 6952, 7545, 8739, 9651, 31966, 11206, 0, 0, 76, 122, 232, 380, 578, 634, 743, 769, 1691, 181, 0, 0
16:16:05, 1015.90, 28.34, 30.56, 26.984, 2517, 3947, 5601, 6715, 7605, 8366, 9582, 10721, 32002, 10610, 0, 0, 78, 125, 238, 391, 601, 658, 770, 798, 1783, 195, 0, 0
16:16:06, 1016.60, 28.34, 30.54, 26.984, 2549, 4003, 5480, 6607, 7102, 7717, 8876, 9947, 28171, 9816, 0, 0, 80, 128, 244, 400, 608, 666, 780, 809, 1821, 198, 0, 0
16:16:06, 1016.60, 28.33, 30.54, 26.984, 2559, 4053, 5603, 6754, 7716, 8302, 9653, 10594, 34537, 11905, 0, 1, 81, 129, 246, 403, 619, 676, 793, 823, 1905, 206, 0, 0
16:16:07, 1015.70, 28.32, 30.50, 26.984, 2587, 4186, 5762, 7006, 7868, 8251, 9886, 10824, 32783, 11314, 0, 1, 83, 132, 251, 410, 630, 687, 807, 838, 1953, 212, 0, 0
16:16:08, 1017.30, 28.32, 30.52, 26.984, 2569, 4177, 5676, 6831, 7752, 8093, 9619, 10542, 32708, 11724, 0, 1, 81, 130, 248, 407, 618, 676, 794, 824, 1924, 206, 0, 0
16:16:08, 1018.20, 28.31, 30.54, 26.992, 2255, 3725, 5190, 6275, 7406, 7652, 9149, 10072, 31599, 9571, 0, 0, 78, 123, 237, 392, 607, 665, 783, 812, 1902, 203, 0, 0
16:16:09, 1017.40, 28.31, 30.56, 26.992, 2274, 3786, 5325, 6461, 7829, 8168, 9743, 10710, 34041, 10238, 0, 1, 79, 126, 242, 399, 624, 684, 807, 836, 1983, 212, 0, 0
16:16:10, 1016.60, 28.30, 30.52, 26.992, 2427, 3978, 5556, 6708, 7804, 8101, 9625, 10506, 35360, 11486, 0, 1, 83, 131, 251, 413, 647, 707, 835, 865, 2060, 221, 0, 0
16:16:10, 1017.70, 28.30, 30.52, 26.984, 2567, 4144, 5769, 6874, 7886, 8199, 9676, 10745, 35694, 13175, 0, 1, 82, 131, 249, 409, 615, 674, 795, 824, 1956, 209, 0, 0
16:16:11, 1020.00, 28.30, 30.54, 26.984, 2422, 3937, 5563, 6727, 7640, 8187, 9653, 10603, 33451, 10186, 0, 1, 75, 118, 226, 376, 583, 642, 760, 788, 1815, 190, 0, 0
16:16:12, 1019.40, 28.30, 30.52, 26.984, 2041, 3464, 5010, 6163, 7508, 7902, 9516, 10459, 32470, 8418, 0, 1, 75, 118, 227, 378, 596, 656, 775, 804, 1895, 199, 0, 0
16:16:12, 1018.90, 28.29, 30.54, 26.984, 2145, 3601, 5107, 6335, 7402, 7790, 9315, 10285, 36000, 10702, 1, 1, 80, 127, 242, 400, 609, 668, 788, 816, 1962, 207, 0, 0
16:16:13, 1017.70, 28.28, 30.52, 26.984, 2062, 3446, 4890, 5970, 7016, 7283, 8625, 9718, 34653, 9996, 0, 1, 79, 126, 241, 398, 619, 678, 800, 828, 2006, 212, 0, 0
16:16:14, 1020.00, 28.28, 30.52, 26.977, 2087, 3431, 4855, 5882, 6483, 6632, 8152, 8859, 28643, 8189, 0, 0, 72, 113, 219, 366, 574, 631, 746, 772, 1821, 189, 0, 0
16:16:14, 1021.90, 28.27, 30.54, 26.984, 1907, 3227, 4679, 5781, 6860, 7158, 8677, 9514, 29303, 7325, 0, 0, 69, 108, 211, 355, 566, 625, 740, 766, 1820, 188, 0, 0
16:16:15, 1021.30, 28.27, 30.52, 26.984, 1864, 3188, 4723, 5867, 7079, 7452, 9011, 9873, 29419, 7033, 0, 0, 72, 111, 218, 369, 590, 652, 772, 799, 1885, 194, 0, 0
16:16:16, 1023.10, 28.26, 30.50, 26.977, 1999, 3399, 4997, 6157, 6862, 7284, 8738, 9641, 32910, 8056, 0, 1, 78, 122, 238, 402, 631, 697, 827, 858, 2019, 205, 0, 0
16:16:16, 1022.50, 28.26, 30.48, 26.984, 1854, 3179, 4770, 5945, 6878, 7291, 8816, 9701, 32355, 7475, 0, 0, 76, 117, 231, 392, 616, 682, 810, 839, 1980, 200, 0, 0
16:16:17, 1023.30, 28.25, 30.52, 26.984, 1810, 3105, 4656, 5767, 6621, 6917, 8358, 9330, 30869, 7119, 0, 0, 71, 109, 215, 367, 577, 642, 761, 789, 1834, 184, 0, 0
16:16:18, 1023.70, 28.26, 30.54, 26.977, 1774, 3076, 4587, 5728, 6882, 7161, 8701, 9659, 30286, 7031, 0, 0, 70, 108, 213, 363, 576, 640, 759, 786, 1838, 185, 0, 0
16:16:18, 1023.80, 28.26, 30.50, 26.984, 1482, 2618, 3959, 4982, 6192, 6490, 7848, 8811, 27996, 5898, 0, 0, 64, 97, 194, 337, 545, 608, 721, 747, 1714, 171, 0, 0
16:16:19, 1020.40, 28.26, 30.52, 26.984, 1866, 3191, 4720, 5860, 7186, 7509, 9054, 10009, 29238, 7314, 0, 0, 77, 120, 233, 391, 612, 676, 800, 828, 1956, 203, 0, 0
16:16:20, 1022.00, 28.26, 30.50, 26.984, 1997, 3398, 4996, 6142, 7198, 7591, 9204, 10075, 30922, 7579, 0, 0, 77, 118, 232, 392, 620, 688, 814, 844, 1977, 202, 0, 0
16:16:20, 1021.10, 28.25, 30.48, 26.977, 1920, 3288, 4875, 6026, 7395, 7722, 9450, 10374, 32484, 7741, 0, 1, 79, 121, 238, 404, 645, 715, 847, 880, 2057, 210, 0, 0
16:16:21, 1020.30, 28.24, 30.48, 26.977, 2154, 3626, 5304, 6446, 7652, 8020, 9733, 10701, 35439, 9348, 0, 1, 83, 129, 250, 421, 668, 739, 873, 907, 2136, 220, 0, 0
16:16:22, 1020.60, 28.24, 30.50, 26.984, 2125, 3573, 5224, 6364, 7584, 7980, 9479, 10587, 35704, 9231, 0, 1, 82, 127, 248, 419, 663, 734, 869, 902, 2115, 216, 0, 0
16:16:22, 1019.90, 28.24, 30.52, 26.984, 2206, 3688, 5406, 6564, 7890, 8332, 10055, 11032, 36000, 9680, 1, 1, 83, 130, 252, 424, 671, 741, 876, 911, 2147, 222, 0, 0
16:16:23, 1024.00, 28.24, 30.48, 26.984, 2176, 3652, 5334, 6447, 7661, 8062, 9681, 10729, 35147, 9136, 0, 1, 81, 126, 246, 415, 656, 728, 865, 899, 2102, 214, 0, 0
16:16:24, 1028.60, 28.24, 30.50, 26.984, 1418, 2554, 3952, 5071, 6612, 6986, 8633, 9478, 28344, 5397, 0, 0, 67, 98, 199, 352, 572, 644, 769, 800, 1801, 177, 0, 0
16:16:24, 1029.60, 28.24, 30.48, 26.984, 1434, 2564, 4067, 5276, 6570, 6997, 8646, 9484, 27025, 5034, 0, 0, 64, 94, 191, 339, 555, 627, 749, 779, 1745, 170, 0, 0
16:16:25, 1032.50, 28.24, 30.50, 26.992, 1340, 2412, 3847, 5069, 6217, 6644, 8143, 9043, 25130, 4466, 0, 0, 61, 89, 181, 325, 537, 608, 729, 759, 1683, 162, 0, 0
16:16:26, 1034.90, 28.24, 30.50, 26.984, 1155, 2100, 3444, 4652, 5901, 6347, 7808, 8682, 23031, 3737, 0, 0, 57, 82, 168, 308, 519, 591, 710, 738, 1626, 155, 0, 0
16:16:26, 1039.10, 28.24, 30.52, 26.984, 1060, 1928, 3231, 4441, 5328, 5734, 7079, 7946, 21449, 3267, 0, 0, 55, 76, 158, 294, 493, 565, 682, 711, 1528, 142, 0, 0
16:16:27, 1041.80, 28.24, 30.52, 26.977, 930, 1710, 2943, 4198, 5199, 5695, 7022, 7847, 19935, 2772, 0, 0, 51, 70, 146, 276, 475, 548, 663, 692, 1472, 136, 0, 0
16:16:28, 1044.90, 28.25, 30.54, 26.977, 796, 1461, 2562, 3750, 4834, 5340, 6599, 7443, 17785, 2247, 0, 0, 48, 63, 133, 257, 453, 525, 637, 666, 1403, 129, 0, 0
16:16:28, 1046.10, 28.25, 30.48, 26.977, 755, 1381, 2454, 3647, 4653, 5222, 6447, 7298, 17126, 2050, 0, 0, 46, 59, 126, 245, 436, 508, 617, 645, 1341, 123, 0, 0
16:16:29, 1048.30, 28.25, 30.52, 26.977, 761, 1418, 2490, 3778, 4858, 5444, 6843, 7565, 17033, 2013, 0, 0, 45, 58, 123, 241, 425, 497, 605, 634, 1285, 117, 0, 0
16:16:30, 1051.60, 28.25, 30.45, 26.977, 677, 1243, 2251, 3503, 4400, 4953, 6187, 6844, 14622, 1652, 0, 0, 42, 53, 112, 224, 408, 480, 587, 615, 1237, 112, 0, 0
16:16:30, 1054.20, 28.24, 30.48, 26.977, 571, 1026, 1894, 2956, 3956, 4447, 5527, 6205, 13794, 1528, 0, 0, 41, 50, 106, 214, 397, 469, 574, 603, 1208, 108, 0, 0
16:16:31, 1058.70, 28.24, 30.46, 26.977, 540, 951, 1791, 2802, 3806, 4264, 5364, 5996, 13311, 1448, 0, 0, 38, 46, 97, 200, 366, 436, 537, 565, 1067, 95, 0, 0
16:16:32, 1060.60, 28.24, 30.50, 26.977, 453, 777, 1513, 2459, 3510, 4021, 5014, 5582, 12587, 1312, 0, 0, 36, 43, 91, 189, 358, 428, 528, 556, 1086, 96, 0, 0
16:16:32, 1064.90, 28.24, 30.46, 26.977, 465, 824, 1585, 2629, 3518, 4045, 5070, 5643, 11058, 1083, 0, 0, 36, 41, 87, 183, 352, 425, 527, 555, 1047, 93, 0, 0
16:16:33, 1067.40, 28.24, 30.50, 26.969, 451, 780, 1581, 2764, 3946, 4623, 6043, 6514, 12013, 1110, 0, 0, 35, 39, 82, 176, 346, 420, 523, 552, 1056, 93, 0, 0
16:16:34, 1072.90, 28.23, 30.46, 26.977, 474, 813, 1601, 2851, 3792, 4467, 5566, 6451, 11748, 1047, 0, 0, 35, 38, 80, 174, 339, 415, 519, 548, 1022, 90, 0, 0
16:16:34, 1079.10, 28.24, 30.48, 26.977, 376, 606, 1252, 2302, 3028, 3629, 4636, 5254, 9841, 830, 0, 0, 30, 31, 64, 143, 291, 361, 454, 481, 897, 78, 0, 0
16:16:35, 1082.60, 28.24, 30.52, 26.977, 322, 507, 1049, 1979, 2836, 3334, 4379, 4886, 9264, 805, 0, 0, 28, 29, 60, 134, 275, 342, 432, 459, 831, 72, 0, 0
16:16:35, 1087.10, 28.24, 30.48, 26.984, 273, 408, 866, 1657, 2689, 3182, 4253, 4674, 8297, 705, 0, 0, 25, 26, 52, 118, 248, 312, 397, 422, 759, 66, 0, 0
16:16:36, 1091.10, 28.24, 30.50, 26.984, 257, 376, 800, 1576, 2434, 2989, 3895, 4335, 7024, 578, 0, 0, 23, 23, 46, 106, 228, 289, 368, 393, 695, 60, 0, 0
16:16:37, 1094.20, 28.23, 30.48, 26.977, 225, 320, 681, 1348, 2208, 2668, 3501, 3897, 6510, 533, 0, 0, 22, 21, 42, 98, 214, 273, 350, 374, 657, 57, 0, 0
16:16:37, 1097.40, 28.24, 30.45, 26.984, 211, 290, 621, 1253, 2095, 2533, 3338, 3701, 6279, 513, 0, 0, 21, 20, 39, 93, 205, 263, 338, 361, 629, 54, 0, 0
16:16:38, 1102.20, 28.23, 30.52, 26.984, 188, 247, 527, 1080, 1981, 2394, 3208, 3558, 5762, 464, 0, 0, 19, 18, 35, 83, 187, 242, 313, 335, 580, 50, 0, 0
16:16:39, 1104.60, 28.23, 30.52, 26.977, 171, 221, 471, 987, 1727, 2104, 2814, 3140, 5223, 418, 0, 0, 18, 17, 32, 76, 177, 230, 298, 319, 551, 47, 0, 0
16:16:39, 1107.10, 28.23, 30.46, 26.984, 160, 200, 423, 891, 1594, 1998, 2638, 2979, 4545, 364, 0, 0, 17, 16, 30, 71, 170, 222, 288, 310, 532, 45, 0, 0
16:16:40, 1110.30, 28.23, 30.50, 26.984, 155, 193, 410, 873, 1478, 1858, 2445, 2772, 4202, 338, 0, 0, 17, 15, 28, 68, 162, 212, 277, 297, 498, 43, 0, 0
16:16:41, 1114.30, 28.23, 30.48, 26.977, 140, 169, 356, 767, 1431, 1795, 2389, 2704, 4140, 329, 0, 0, 15, 14, 25, 62, 152, 201, 262, 282, 478, 41, 0, 0
16:16:41, 1118.00, 28.23, 30.48, 26.977, 136, 163, 344, 754, 1311, 1676, 2236, 2560, 3849, 302, 0, 0, 14, 13, 24, 58, 141, 188, 246, 265, 446, 38, 0, 0
16:16:42, 1122.20, 28.23, 30.46, 26.984, 131, 153, 320, 703, 1292, 1686, 2259, 2646, 3883, 299, 0, 0, 14, 12, 22, 54, 133, 177, 234, 252, 422, 36, 0, 0
16:16:43, 1127.10, 28.23, 30.50, 26.984, 127, 147, 304, 684, 1227, 1599, 2161, 2520, 3788, 289, 0, 0, 13, 12, 20, 50, 124, 167, 221, 239, 395, 34, 0, 0
16:16:43, 1132.40, 28.23, 30.48, 26.984, 111, 126, 255, 581, 1124, 1483, 2040, 2359, 3577, 270, 0, 0, 12, 11, 18, 44, 113, 153, 204, 221, 366, 31, 0, 0
16:16:44, 1136.80, 28.23, 30.48, 26.984, 100, 110, 221, 506, 975, 1295, 1762, 2080, 3091, 235, 0, 0, 11, 9, 16, 39, 101, 139, 186, 201, 330, 28, 0, 0
16:16:45, 1139.60, 28.24, 30.45, 26.984, 90, 99, 196, 458, 895, 1192, 1649, 1905, 2884, 221, 0, 0, 10, 9, 14, 36, 95, 131, 175, 190, 307, 26, 0, 0
16:16:45, 1143.30, 28.23, 30.46, 26.984, 82, 87, 171, 398, 766, 1026, 1408, 1658, 2457, 190, 0, 0, 9, 8, 13, 33, 88, 122, 164, 178, 288, 24, 0, 0
16:16:46, 1148.50, 28.23, 30.48, 26.984, 71, 75, 145, 339, 676, 905, 1244, 1458, 2141, 167, 0, 0, 8, 7, 11, 29, 79, 110, 149, 161, 254, 22, 0, 0
16:16:47, 1153.70, 28.23, 30.48, 26.992, 63, 66, 124, 297, 615, 828, 1147, 1324, 2011, 156, 0, 0, 7, 6, 10, 25, 70, 99, 135, 147, 231, 20, 0, 0
16:16:47, 1157.70, 28.23, 30.46, 26.992, 57, 59, 110, 265, 568, 770, 1076, 1242, 1883, 146, 0, 0, 7, 6, 9, 23, 64, 91, 125, 136, 213, 18, 0, 0
16:16:48, 1159.80, 28.24, 30.50, 27.000, 54, 55, 102, 248, 538, 734, 1031, 1193, 1845, 143, 0, 0, 7, 6, 9, 22, 62, 88, 121, 132, 207, 17, 0, 0
16:16:49, 1162.50, 28.23, 30.43, 27.000, 51, 52, 94, 226, 493, 677, 947, 1120, 1699, 131, 0, 0, 6, 5, 8, 20, 58, 83, 114, 124, 195, 16, 0, 0
16:16:49, 1160.90, 28.23, 30.45, 27.000, 52, 53, 97, 236, 523, 712, 1013, 1164, 1884, 146, 0, 0, 6, 5, 8, 21, 60, 85, 116, 127, 201, 17, 0, 0
16:16:50, 1159.60, 28.23, 30.50, 26.992, 52, 54, 98, 238, 520, 707, 996, 1154, 1842, 142, 0, 0, 6, 5, 8, 21, 60, 85, 117, 127, 203, 17, 0, 0
16:16:51, 1158.70, 28.22, 30.50, 27.000, 54, 55, 102, 246, 536, 726, 1019, 1180, 1928, 149, 0, 0, 6, 5, 8, 21, 62, 87, 119, 129, 207, 17, 0, 0
16:16:51, 1159.20, 28.22, 30.48, 27.000, 52, 54, 100, 240, 531, 718, 1007, 1167, 1894, 147, 0, 0, 6, 5, 8, 21, 61, 86, 118, 128, 205, 17, 0, 0
16:16:52, 1159.10, 28.21, 30.46, 26.992, 51, 53, 98, 235, 516, 698, 976, 1135, 1862, 145, 0, 0, 6, 5, 8, 21, 61, 86, 117, 128, 205, 17, 0, 0
16:16:53, 1158.80, 28.21, 30.48, 27.008, 51, 52, 97, 232, 505, 683, 952, 1110, 1857, 145, 0, 0, 6, 5, 8, 21, 60, 85, 116, 127, 203, 17, 0, 0
16:16:53, 1155.90, 28.20, 30.48, 27.008, 51, 52, 96, 231, 507, 686, 959, 1114, 1867, 145, 0, 0, 6, 5, 8, 21, 63, 89, 121, 132, 213, 18, 0, 0
16:16:54, 1150.90, 28.20, 30.50, 27.000, 54, 55, 104, 249, 545, 730, 1017, 1173, 2051, 160, 0, 0, 7, 6, 9, 24, 67, 94, 128, 139, 226, 19, 0, 0
16:16:55, 1147.00, 28.20, 30.46, 27.000, 58, 60, 116, 274, 582, 776, 1069, 1237, 2179, 170, 0, 0, 7, 6, 10, 25, 71, 99, 133, 144, 237, 20, 0, 0
16:16:55, 1140.30, 28.20, 30.45, 27.000, 62, 65, 128, 300, 638, 842, 1154, 1329, 2417, 190, 0, 0, 8, 7, 11, 29, 80, 111, 148, 160, 267, 22, 0, 0
16:16:56, 1137.60, 28.20, 30.45, 26.992, 69, 75, 150, 345, 703, 919, 1249, 1438, 2604, 204, 0, 0, 8, 7, 12, 31, 82, 113, 150, 162, 270, 23, 0, 0
16:16:57, 1134.60, 28.19, 30.45, 27.000, 71, 77, 155, 355, 728, 946, 1288, 1476, 2727, 215, 0, 0, 9, 8, 13, 33, 86, 117, 156, 169, 283, 24, 0, 0
16:16:57, 1133.90, 28.19, 30.46, 27.000, 75, 83, 168, 383, 753, 972, 1320, 1518, 2770, 219, 0, 0, 9, 8, 13, 33, 86, 117, 156, 168, 281, 24, 0, 0
16:16:58, 1133.40, 28.18, 30.43, 26.984, 73, 81, 163, 370, 732, 946, 1280, 1482, 2760, 219, 0, 0, 9, 8, 13, 33, 87, 118, 157, 169, 286, 24, 0, 0
16:16:59, 1133.50, 28.18, 30.46, 26.992, 73, 81, 163, 371, 726, 937, 1263, 1466, 2738, 217, 0, 0, 9, 8, 13, 33, 86, 116, 154, 166, 279, 23, 0, 0
16:16:59, 1135.20, 28.18, 30.43, 26.992, 69, 76, 153, 348, 686, 888, 1195, 1393, 2522, 198, 0, 0, 8, 7, 12, 31, 82, 112, 148, 160, 265, 22, 0, 0
16:17:00, 1135.00, 28.18, 30.45, 26.992, 67, 73, 147, 337, 667, 866, 1167, 1354, 2496, 196, 0, 0, 8, 7, 12, 31, 81, 110, 147, 158, 261, 22, 0, 0
16:17:01, 1136.30, 28.18, 30.45, 26.992, 64, 70, 140, 321, 636, 827, 1114, 1301, 2315, 182, 0, 0, 8, 7, 11, 29, 77, 106, 141, 153, 249, 21, 0, 0
16:17:01, 1137.10, 28.18, 30.43, 26.992, 61, 66, 132, 303, 595, 776, 1048, 1222, 2155, 170, 0, 0, 8, 7, 11, 28, 75, 103, 137, 148, 241, 20, 0, 0
16:17:02, 1137.50, 28.18, 30.45, 26.984, 58, 63, 125, 288, 576, 752, 1016, 1180, 2076, 165, 0, 0, 8, 6, 11, 27, 73, 101, 134, 145, 237, 20, 0, 0
16:17:03, 1136.70, 28.18, 30.43, 26.984, 57, 61, 122, 282, 566, 739, 999, 1156, 2045, 162, 0, 0, 7, 6, 10, 27, 73, 101, 134, 145, 237, 20, 0, 0
16:17:03, 1137.20, 28.19, 30.45, 26.992, 58, 62, 125, 286, 567, 739, 996, 1162, 2036, 161, 0, 0, 7, 6, 11, 27, 72, 99, 132, 143, 233, 20, 0, 0
16:17:04, 1137.90, 28.19, 30.46, 26.992, 57, 61, 122, 281, 567, 740, 999, 1162, 2081, 163, 0, 0, 7, 6, 10, 27, 72, 98, 132, 142, 235, 20, 0, 0
16:17:05, 1137.60, 28.19, 30.46, 26.992, 59, 63, 126, 292, 596, 775, 1052, 1212, 2226, 174, 0, 0, 7, 6, 11, 27, 73, 100, 133, 144, 238, 20, 0, 0
16:17:05, 1138.00, 28.18, 30.46, 26.984, 60, 65, 130, 300, 590, 765, 1031, 1200, 2230, 175, 0, 0, 7, 6, 10, 27, 73, 100, 134, 144, 239, 20, 0, 0
16:17:06, 1138.00, 28.18, 30.41, 26.984, 60, 66, 131, 303, 603, 784, 1057, 1225, 2300, 182, 0, 0, 8, 7, 11, 28, 75, 102, 136, 147, 244, 21, 0, 0
16:17:07, 1136.40, 28.18, 30.45, 26.984, 58, 63, 125, 288, 600, 781, 1054, 1225, 2298, 182, 0, 0, 8, 7, 11, 28, 77, 105, 140, 152, 254, 21, 0, 0
16:17:07, 1136.70, 28.18, 30.48, 26.992, 64, 70, 141, 322, 635, 821, 1102, 1279, 2400, 190, 0, 0, 8, 7, 11, 29, 78, 106, 141, 152, 252, 21, 0, 0
16:17:08, 1140.60, 28.18, 30.43, 26.992, 48, 50, 97, 226, 541, 708, 956, 1119, 2018, 159, 0, 0, 7, 6, 10, 26, 72, 99, 133, 143, 239, 20, 0, 0
16:17:09, 1139.90, 28.18, 30.46, 26.992, 56, 60, 118, 273, 571, 746, 1009, 1167, 2110, 166, 0, 0, 7, 6, 10, 26, 70, 96, 129, 139, 228, 19, 0, 0
16:17:09, 1140.00, 28.18, 30.46, 26.992, 55, 59, 117, 272, 555, 724, 978, 1135, 2069, 163, 0, 0, 7, 6, 10, 26, 70, 97, 129, 139, 230, 19, 0, 0
16:17:10, 1141.10, 28.18, 30.43, 26.992, 54, 58, 115, 265, 537, 699, 944, 1104, 2032, 160, 0, 0, 7, 6, 10, 25, 68, 94, 126, 136, 223, 19, 0, 0
16:17:11, 1142.40, 28.18, 30.43, 26.992, 52, 55, 108, 251, 512, 671, 905, 1067, 1989, 157, 0, 0, 7, 6, 10, 24, 67, 93, 124, 134, 220, 18, 0, 0
16:17:11, 1143.90, 28.18, 30.43, 26.984, 51, 54, 104, 243, 496, 652, 879, 1039, 1951, 154, 0, 0, 7, 6, 9, 24, 66, 91, 123, 132, 217, 18, 0, 0
16:17:12, 1143.90, 28.17, 30.45, 26.992, 50, 53, 103, 240, 497, 652, 884, 1037, 1929, 153, 0, 0, 7, 6, 9, 24, 65, 90, 121, 130, 212, 18, 0, 0
16:17:13, 1144.40, 28.17, 30.45, 26.992, 49, 52, 101, 236, 478, 628, 851, 1000, 1819, 144, 0, 0, 7, 6, 9, 23, 64, 88, 119, 128, 207, 17, 0, 0
16:17:13, 1145.00, 28.17, 30.45, 26.984, 48, 50, 97, 227, 465, 611, 829, 976, 1721, 137, 0, 0, 6, 5, 9, 23, 62, 86, 116, 126, 201, 17, 0, 0
16:17:14, 1141.60, 28.17, 30.45, 26.984, 48, 51, 99, 232, 477, 626, 849, 995, 1785, 143, 0, 0, 7, 6, 9, 24, 67, 93, 124, 134, 219, 18, 0, 0
16:17:15, 1137.90, 28.17, 30.46, 26.984, 51, 55, 109, 252, 522, 681, 919, 1073, 1972, 159, 0, 0, 7, 6, 10, 26, 70, 96, 128, 138, 226, 19, 0, 0
16:17:15, 1134.60, 28.17, 30.45, 26.984, 56, 60, 121, 277, 560, 727, 978, 1136, 2133, 171, 0, 0, 7, 6, 11, 28, 74, 101, 135, 145, 239, 20, 0, 0
16:17:16, 1131.60, 28.17, 30.45, 26.984, 59, 64, 128, 292, 587, 757, 1016, 1181, 2128, 169, 0, 0, 8, 7, 11, 28, 77, 104, 138, 148, 246, 21, 0, 0
16:17:17, 1125.90, 28.17, 30.43, 26.984, 65, 72, 147, 332, 661, 845, 1128, 1304, 2409, 191, 0, 0, 8, 7, 13, 32, 84, 113, 148, 159, 266, 22, 0, 0
16:17:17, 1122.00, 28.17, 30.43, 26.977, 70, 80, 164, 365, 719, 913, 1213, 1401, 2587, 206, 0, 0, 9, 8, 14, 35, 91, 122, 159, 170, 289, 24, 0, 0
16:17:18, 1117.20, 28.17, 30.45, 26.984, 76, 87, 182, 397, 780, 981, 1300, 1501, 2831, 227, 0, 0, 10, 9, 16, 39, 101, 133, 173, 185, 316, 27, 0, 0
16:17:19, 1111.40, 28.17, 30.45, 26.984, 86, 102, 216, 461, 864, 1074, 1414, 1636, 3151, 259, 0, 0, 11, 10, 18, 45, 112, 146, 188, 201, 345, 29, 0, 0
16:17:19, 1108.40, 28.17, 30.43, 26.992, 93, 113, 239, 500, 897, 1102, 1448, 1684, 3146, 259, 0, 0, 11, 10, 19, 47, 115, 150, 193, 205, 355, 30, 0, 0
16:17:20, 1101.50, 28.17, 30.43, 26.992, 101, 127, 271, 558, 1005, 1232, 1597, 1857, 3713, 311, 0, 0, 12, 12, 23, 54, 127, 163, 209, 222, 388, 33, 0, 0
16:17:21, 1101.90, 28.18, 30.45, 26.992, 105, 133, 281, 566, 955, 1154, 1488, 1750, 3429, 295, 0, 0, 13, 12, 23, 55, 127, 163, 209, 221, 389, 33, 0, 0
16:17:21, 1102.70, 28.18, 30.45, 26.992, 106, 135, 288, 584, 976, 1185, 1540, 1797, 3490, 295, 0, 0, 12, 11, 22, 52, 122, 157, 202, 214, 372, 31, 0, 0
16:17:22, 1103.40, 28.18, 30.43, 26.992, 99, 125, 263, 536, 912, 1108, 1426, 1682, 3264, 278, 0, 0, 12, 11, 22, 52, 123, 158, 203, 216, 376, 32, 0, 0
16:17:23, 1103.20, 28.18, 30.43, 26.992, 102, 129, 272, 554, 987, 1199, 1552, 1810, 3558, 298, 0, 0, 12, 11, 22, 53, 126, 162, 208, 221, 388, 33, 0, 0
16:17:23, 1103.40, 28.18, 30.45, 27.000, 104, 132, 277, 566, 1010, 1236, 1597, 1866, 3665, 307, 0, 0, 12, 12, 22, 54, 127, 163, 209, 222, 390, 33, 0, 0
16:17:24, 1103.40, 28.18, 30.45, 27.000, 109, 140, 295, 610, 1062, 1290, 1689, 1961, 3909, 327, 0, 0, 13, 12, 23, 55, 129, 166, 212, 225, 398, 34, 0, 0
16:17:25, 1104.10, 28.18, 30.43, 27.008, 111, 142, 298, 614, 1058, 1298, 1692, 1964, 3891, 324, 0, 0, 13, 12, 23, 55, 128, 165, 212, 224, 395, 33, 0, 0
16:17:25, 1104.90, 28.18, 30.43, 27.023, 110, 140, 294, 606, 1052, 1307, 1697, 1984, 3822, 315, 0, 0, 12, 12, 22, 54, 128, 165, 211, 224, 394, 33, 0, 0
16:17:26, 1105.90, 28.18, 30.41, 27.023, 110, 140, 294, 609, 1066, 1320, 1716, 1989, 3832, 315, 0, 0, 13, 12, 22, 54, 128, 165, 212, 225, 392, 33, 0, 0
16:17:27, 1108.30, 28.18, 30.45, 27.023, 109, 136, 288, 597, 1042, 1297, 1689, 1959, 3657, 300, 0, 0, 12, 11, 22, 53, 126, 163, 210, 223, 389, 33, 0, 0
16:17:27, 1109.90, 28.18, 30.43, 27.016, 106, 132, 279, 584, 1060, 1315, 1728, 1980, 3601, 295, 0, 0, 12, 11, 21, 52, 125, 162, 209, 222, 387, 33, 0, 0
16:17:28, 1111.70, 28.18, 30.43, 27.016, 88, 105, 216, 458, 895, 1126, 1472, 1716, 3069, 253, 0, 0, 12, 11, 20, 48, 121, 158, 204, 218, 381, 32, 0, 0
16:17:29, 1110.80, 28.17, 30.45, 27.000, 103, 128, 269, 567, 1042, 1271, 1686, 1918, 3668, 302, 0, 0, 12, 11, 21, 52, 124, 161, 208, 222, 380, 32, 0, 0
16:17:29, 1112.60, 28.17, 30.41, 26.992, 101, 124, 262, 558, 976, 1204, 1583, 1819, 3460, 284, 0, 0, 12, 11, 20, 51, 123, 160, 208, 221, 378, 32, 0, 0
16:17:30, 1112.10, 28.17, 30.45, 26.992, 97, 117, 246, 524, 944, 1166, 1548, 1785, 3538, 290, 0, 0, 12, 11, 20, 50, 122, 160, 207, 220, 387, 33, 0, 0
16:17:31, 1114.20, 28.17, 30.43, 26.984, 97, 119, 250, 530, 881, 1109, 1440, 1688, 3225, 262, 0, 0, 11, 10, 18, 45, 108, 142, 184, 196, 340, 29, 0, 0
16:17:31, 1116.70, 28.17, 30.41, 26.984, 84, 101, 212, 453, 792, 1000, 1294, 1524, 3072, 249, 0, 0, 10, 9, 16, 41, 101, 134, 174, 186, 322, 27, 0, 0
16:17:32, 1117.10, 28.17, 30.39, 26.984, 80, 95, 199, 430, 798, 1000, 1336, 1552, 3117, 253, 0, 0, 10, 9, 16, 41, 102, 135, 176, 188, 329, 28, 0, 0
16:17:33, 1115.80, 28.17, 30.39, 26.984, 82, 98, 205, 441, 828, 1030, 1392, 1597, 3238, 266, 0, 0, 11, 10, 17, 43, 110, 145, 188, 201, 351, 30, 0, 0
16:17:33, 1117.60, 28.17, 30.35, 26.992, 78, 92, 192, 411, 748, 949, 1237, 1448, 3017, 253, 0, 0, 11, 10, 18, 44, 108, 143, 187, 199, 346, 29, 0, 0
16:17:34, 1119.10, 28.17, 30.43, 26.992, 78, 92, 192, 412, 737, 937, 1227, 1431, 2941, 246, 0, 0, 10, 9, 17, 42, 104, 138, 180, 193, 335, 28, 0, 0
16:17:35, 1116.00, 28.18, 30.41, 26.969, 86, 102, 215, 463, 882, 1096, 1475, 1674, 3371, 275, 0, 0, 11, 10, 18, 44, 110, 145, 188, 201, 351, 30, 0, 0
16:17:35, 1115.40, 28.18, 30.41, 26.977, 90, 108, 229, 487, 881, 1095, 1461, 1686, 3346, 274, 0, 0, 11, 10, 19, 46, 114, 150, 195, 207, 356, 30, 0, 0
16:17:36, 1117.10, 28.17, 30.41, 26.977, 88, 105, 220, 473, 832, 1049, 1374, 1603, 3097, 251, 0, 0, 11, 10, 18, 45, 110, 145, 189, 202, 345, 29, 0, 0
16:17:37, 1114.80, 28.17, 30.45, 26.969, 91, 109, 228, 496, 920, 1144, 1541, 1743, 3387, 277, 0, 0, 11, 10, 19, 46, 113, 149, 193, 206, 356, 30, 0, 0
16:17:37, 1113.70, 28.16, 30.41, 26.977, 98, 118, 249, 538, 959, 1188, 1586, 1808, 3331, 274, 0, 0, 11, 10, 19, 47, 115, 151, 195, 208, 355, 30, 0, 0
16:17:38, 1116.10, 28.16, 30.45, 26.977, 96, 115, 241, 520, 907, 1146, 1516, 1742, 2989, 245, 0, 0, 11, 10, 18, 46, 112, 148, 192, 204, 345, 29, 0, 0
16:17:39, 1116.10, 28.16, 30.39, 26.969, 95, 114, 238, 519, 940, 1178, 1579, 1797, 3227, 264, 0, 0, 11, 10, 18, 46, 112, 148, 192, 204, 351, 30, 0, 0
16:17:39, 1115.10, 28.15, 30.43, 26.961, 95, 115, 240, 523, 962, 1193, 1600, 1814, 3346, 274, 0, 0, 11, 10, 19, 47, 115, 151, 196, 208, 358, 30, 0, 0
16:17:40, 1114.40, 28.15, 30.41, 26.961, 99, 120, 252, 546, 964, 1209, 1606, 1825, 3249, 266, 0, 0, 11, 10, 19, 48, 117, 153, 199, 211, 361, 30, 0, 0
16:17:41, 1117.30, 28.15, 30.39, 26.969, 90, 107, 225, 481, 826, 1048, 1377, 1608, 2708, 225, 0, 0, 11, 10, 18, 45, 110, 145, 189, 201, 341, 29, 0, 0
16:17:41, 1116.70, 28.15, 30.39, 26.969, 89, 106, 223, 486, 902, 1124, 1497, 1698, 3037, 250, 0, 0, 11, 10, 18, 44, 110, 144, 188, 200, 339, 29, 0, 0
16:17:42, 1116.00, 28.15, 30.41, 26.969, 88, 106, 223, 484, 884, 1097, 1451, 1651, 2994, 247, 0, 0, 11, 10, 18, 45, 111, 146, 189, 201, 339, 29, 0, 0
16:17:43, 1116.50, 28.15, 30.37, 26.969, 85, 100, 212, 457, 836, 1043, 1374, 1569, 2709, 224, 0, 0, 11, 10, 18, 44, 109, 144, 187, 199, 334, 28, 0, 0
16:17:43, 1117.00, 28.15, 30.45, 26.969, 86, 103, 216, 469, 868, 1077, 1430, 1621, 2813, 232, 0, 0, 11, 10, 18, 44, 110, 145, 188, 200, 337, 28, 0, 0
16:17:44, 1116.00, 28.15, 30.37, 26.969, 91, 109, 231, 500, 942, 1170, 1557, 1753, 3096, 254, 0, 0, 11, 10, 18, 45, 112, 148, 192, 204, 346, 29, 0, 0
16:17:45, 1116.50, 28.14, 30.39, 26.969, 89, 108, 227, 492, 886, 1106, 1461, 1656, 2852, 236, 0, 0, 11, 10, 19, 46, 114, 150, 195, 206, 350, 30, 0, 0
16:17:45, 1113.10, 28.14, 30.43, 26.969, 94, 114, 240, 524, 992, 1225, 1646, 1841, 3216, 265, 0, 0, 12, 11, 20, 49, 122, 160, 207, 220, 384, 32, 0, 0
16:17:46, 1099.10, 28.14, 30.37, 26.969, 126, 155, 345, 719, 1338, 1693, 2197, 2428, 4524, 367, 0, 0, 14, 14, 26, 63, 151, 194, 246, 260, 462, 39, 0, 0
16:17:47, 1089.10, 28.14, 30.39, 26.969, 171, 228, 509, 995, 1714, 2118, 2735, 3003, 5362, 462, 0, 0, 18, 17, 35, 82, 189, 237, 299, 315, 556, 48, 0, 0
16:17:47, 1082.10, 28.14, 30.39, 26.969, 260, 356, 798, 1423, 2444, 2892, 3671, 4023, 8186, 661, 0, 0, 24, 24, 50, 114, 248, 309, 387, 408, 703, 61, 0, 0
16:17:48, 1074.40, 28.14, 30.37, 26.969, 386, 573, 1215, 2140, 3448, 4017, 5085, 5507, 12686, 947, 0, 0, 29, 31, 64, 142, 294, 361, 448, 473, 825, 71, 0, 0
16:17:49, 1063.40, 28.14, 30.43, 26.977, 529, 822, 1725, 3031, 4788, 5963, 7619, 8402, 14609, 1289, 0, 0, 34, 38, 80, 173, 355, 428, 525, 551, 959, 83, 0, 0
16:17:49, 1054.40, 28.14, 30.37, 26.977, 707, 1215, 2330, 3905, 5149, 6208, 7614, 8130, 15407, 1453, 0, 0, 42, 50, 108, 218, 428, 507, 619, 638, 1175, 102, 0, 0
16:17:50, 1048.20, 28.15, 30.41, 26.969, 895, 1611, 2959, 4748, 6307, 6892, 9470, 9597, 20098, 1994, 0, 0, 46, 59, 127, 251, 464, 541, 655, 676, 1261, 112, 0, 0
16:17:51, 1041.40, 28.15, 30.39, 26.977, 1014, 1824, 3409, 5544, 7213, 8221, 10897, 10584, 29959, 2794, 0, 0, 56, 75, 160, 305, 567, 655, 786, 812, 1622, 145, 0, 0
16:17:51, 1033.20, 28.15, 30.41, 26.977, 1687, 2599, 5482, 6672, 10545, 11586, 13366, 14384, 36000, 5286, 1, 1, 81, 116, 243, 442, 787, 894, 1070, 1112, 2394, 219, 0, 0
16:17:52, 1024.60, 28.16, 30.35, 26.977, 3112, 4792, 7840, 11099, 16082, 16089, 20645, 19929, 36000, 9679, 1, 1, 118, 178, 360, 625, 1056, 1191, 1411, 1482, 3328, 317, 0, 0
16:17:53, 1018.50, 28.16, 30.39, 26.984, 5397, 8549, 14591, 16109, 18193, 21591, 28889, 30719, 36000, 24447, 1, 1, 165, 257, 500, 832, 1326, 1475, 1749, 1826, 4373, 442, 0, 0
16:17:53, 1017.70, 28.17, 30.37, 26.984, 8112, 10352, 17182, 19767, 19003, 21148, 27002, 31239, 36000, 28285, 1, 1, 177, 277, 538, 897, 1418, 1577, 1874, 1955, 4704, 478, 0, 0
16:17:54, 1010.50, 28.17, 30.37, 26.984, 8412, 11053, 20055, 18718, 26915, 29571, 28046, 30403, 36000, 36000, 1, 1, 191, 303, 579, 955, 1519, 1677, 1985, 2074, 5005, 535, 0, 0
16:17:55, 1011.70, 28.17, 30.39, 26.992, 6619, 12206, 17951, 20941, 26572, 28001, 30841, 34513, 36000, 36000, 1, 1, 1250, 1869, 2861, 3355, 5949, 6149, 6929, 7570, 32249, 9473, 0, 0
16:17:55, 1012.00, 28.15, 30.41, 26.992, 6645, 12148, 16733, 21328, 26146, 27028, 32662, 35589, 36000, 35811, 1, 1, 1753, 2624, 3718, 4427, 7309, 7606, 8446, 10015, 31472, 10577, 0, 0
16:17:56, 1011.80, 28.15, 30.39, 26.930, 6316, 11107, 15958, 19467, 20764, 23305, 28249, 31960, 36000, 22360, 1, 1, 1849, 2494, 3774, 4352, 4890, 5361, 6287, 6699, 21831, 6589, 0, 0
