Secchi Depth (cm) = 0089
Forel Ule Scale = 21
pH Colour Scale = 99
SensingSecchi S/N = A016
Latitude (degs N) = 34.35111
Longitude (degs E) = -78.04848
Date = 2026-05-27
Time (UTC), Pressure (mbar) MS5803, Temp (deg C) MS5803, Temp (deg C) 10KTHERM, Temp (deg C) TMP117, ED 415nm, ED 445nm, ED 480nm, ED 515nm, ED 555nm, ED 590nm, ED 630nm, ED 680nm, ED Clear, ED NIR, ED D-SAT, ED A-SAT, EU 415nm, EU 445nm, EU 480nm, EU 515nm, EU 555nm, EU 590nm, EU 630nm, EU 680nm, EU Clear, EU NIR, EU D-SAT, EU A-SAT
16:48:48, 1009.80, 28.54, 30.08, 25.070, 414, 599, 798, 930, 1727, 1930, 2707, 3551, 10655, 5545, 0, 0, 1918, 2932, 4362, 5262, 19973, 20947, 23740, 27251, 35089, 19889, 0, 1
16:48:48, 1009.50, 28.55, 30.06, 25.070, 1413, 2222, 2966, 3551, 4387, 4508, 5691, 6356, 24341, 10868, 0, 0, 2791, 6103, 7479, 10765, 8870, 8646, 11395, 14257, 26984, 10195, 0, 0
16:48:49, 1011.30, 28.64, 30.02, 25.086, 4398, 7952, 11297, 12123, 36000, 36000, 36000, 36000, 36000, 35429, 1, 1, 3990, 5707, 8251, 10644, 22386, 25826, 28708, 28868, 36000, 36000, 1, 1
16:48:50, 1010.80, 28.64, 30.08, 25.062, 14588, 23086, 32327, 36000, 36000, 36000, 36000, 36000, 36000, 36000, 1, 1, 5340, 6976, 10517, 13667, 11827, 13532, 15066, 16418, 36000, 21659, 1, 1
16:48:50, 1011.60, 28.67, 30.06, 25.062, 14308, 21639, 34475, 36000, 36000, 36000, 36000, 36000, 36000, 36000, 1, 1, 3050, 4076, 6373, 6870, 9039, 8979, 11315, 13258, 35977, 21142, 0, 1
16:48:51, 1015.40, 28.67, 30.10, 25.109, 14803, 24184, 31858, 36000, 36000, 36000, 36000, 36000, 36000, 36000, 1, 1, 290, 435, 780, 1276, 1904, 2263, 2953, 3442, 6788, 832, 0, 0
16:48:52, 1017.20, 28.64, 30.08, 26.000, 9085, 14641, 20087, 22957, 29201, 30117, 32438, 32710, 36000, 27773, 1, 1, 229, 328, 601, 1033, 1664, 1997, 2637, 3074, 5719, 687, 0, 0
16:48:52, 1017.80, 28.62, 30.06, 26.000, 9115, 18133, 22420, 28915, 26291, 25260, 33958, 34216, 32425, 10687, 0, 1, 210, 294, 542, 945, 1567, 1893, 2499, 2920, 5220, 615, 0, 0
16:48:53, 1019.50, 28.60, 30.08, 26.555, 4276, 7270, 9858, 12897, 7795, 7980, 10214, 10814, 25255, 6907, 0, 0, 205, 285, 528, 925, 1530, 1852, 2446, 2860, 5069, 579, 0, 0
16:48:54, 1020.00, 28.59, 30.08, 26.844, 8173, 16640, 19468, 27756, 33334, 34010, 35561, 35657, 36000, 17746, 1, 1, 209, 287, 533, 943, 1611, 1954, 2594, 3038, 5400, 621, 0, 0
16:48:54, 1019.60, 28.58, 30.10, 26.844, 7302, 16613, 22076, 34111, 32289, 34149, 36000, 36000, 36000, 20957, 1, 1, 227, 314, 582, 1022, 1713, 2078, 2755, 3242, 5782, 676, 0, 0
16:48:55, 1018.00, 28.57, 30.06, 26.953, 9553, 15281, 25230, 29520, 32062, 36000, 36000, 36000, 36000, 13564, 1, 1, 239, 331, 610, 1069, 1793, 2174, 2875, 3390, 6002, 719, 0, 0
16:48:56, 1021.50, 28.57, 30.08, 26.953, 11296, 18531, 34545, 32122, 35230, 34425, 36000, 36000, 36000, 34037, 1, 1, 236, 329, 608, 1053, 1693, 2051, 2729, 3212, 5967, 697, 0, 0
16:48:56, 1020.90, 28.56, 30.06, 27.008, 10265, 14889, 19785, 23101, 22149, 22022, 30100, 29676, 36000, 19182, 1, 1, 223, 308, 569, 995, 1669, 2028, 2699, 3188, 5774, 676, 0, 0
16:48:57, 1020.70, 28.56, 30.06, 27.008, 8110, 16507, 24511, 33045, 35757, 35387, 36000, 36000, 36000, 33675, 1, 1, 232, 321, 593, 1035, 1725, 2094, 2787, 3295, 5995, 702, 0, 0
16:48:58, 1020.10, 28.55, 30.06, 27.008, 8399, 15635, 23218, 30588, 35770, 35787, 35859, 35884, 36000, 33643, 1, 1, 241, 332, 614, 1076, 1813, 2205, 2932, 3470, 6298, 735, 0, 0
16:48:58, 1021.30, 28.55, 30.08, 27.008, 9537, 18203, 25689, 31128, 36000, 36000, 36000, 36000, 36000, 35832, 1, 1, 253, 349, 645, 1128, 1924, 2329, 3098, 3655, 6955, 807, 0, 0
16:48:59, 1020.00, 28.54, 30.04, 27.016, 7997, 15810, 21084, 25717, 31200, 30809, 35856, 35998, 36000, 27386, 1, 1, 253, 344, 639, 1125, 1932, 2347, 3126, 3703, 6850, 792, 0, 0
16:49:00, 1018.50, 28.54, 30.08, 27.016, 10090, 23782, 26528, 35422, 35792, 35436, 35959, 36000, 36000, 36000, 1, 1, 284, 401, 738, 1263, 2064, 2481, 3280, 3867, 7371, 882, 0, 0
16:49:00, 1021.50, 28.54, 30.08, 27.016, 10024, 17584, 27471, 29788, 32845, 33010, 35005, 35460, 36000, 32773, 1, 1, 260, 357, 661, 1156, 1907, 2320, 3097, 3666, 6737, 773, 0, 0
16:49:01, 1021.30, 28.54, 30.04, 27.023, 7856, 13983, 19111, 23528, 35463, 35052, 36000, 36000, 36000, 32916, 1, 1, 256, 350, 649, 1141, 1905, 2324, 3097, 3677, 6598, 759, 0, 0
16:49:02, 1024.40, 28.54, 30.08, 27.023, 8850, 14113, 27606, 29817, 28472, 30135, 28723, 31221, 36000, 27861, 1, 1, 232, 310, 578, 1034, 1724, 2131, 2868, 3423, 5863, 651, 0, 0
16:49:02, 1021.70, 28.54, 30.04, 27.016, 6339, 11714, 20291, 23475, 21528, 22011, 28165, 28918, 36000, 18501, 1, 1, 240, 328, 613, 1076, 1819, 2201, 2927, 3456, 6429, 727, 0, 0
16:49:03, 1022.70, 28.53, 30.00, 27.023, 10844, 16184, 26169, 32897, 33963, 34709, 35792, 36000, 36000, 34597, 1, 1, 239, 329, 621, 1073, 1781, 2151, 2865, 3375, 6389, 715, 0, 0
16:49:04, 1022.40, 28.53, 30.04, 27.023, 11008, 12915, 22738, 26790, 32058, 35786, 36000, 36000, 36000, 33519, 1, 1, 247, 342, 640, 1109, 1859, 2243, 2984, 3513, 6712, 760, 0, 0
16:49:04, 1023.10, 28.53, 30.00, 27.023, 8132, 13058, 28507, 27626, 34982, 34628, 35901, 36000, 36000, 31330, 1, 1, 235, 315, 590, 1050, 1791, 2192, 2933, 3481, 6252, 700, 0, 0
16:49:05, 1018.70, 28.53, 30.02, 27.039, 9090, 17779, 24306, 33580, 35794, 35955, 36000, 36000, 36000, 35628, 1, 1, 262, 363, 674, 1172, 1976, 2390, 3164, 3734, 6865, 797, 0, 0
16:49:06, 1018.30, 28.53, 30.00, 27.039, 10915, 19753, 26795, 36000, 36000, 36000, 36000, 36000, 36000, 36000, 1, 1, 267, 375, 695, 1196, 1973, 2371, 3130, 3678, 6907, 803, 0, 0
16:49:06, 1023.50, 28.53, 30.02, 27.039, 10509, 20603, 25199, 34144, 34079, 36000, 36000, 36000, 36000, 35826, 1, 1, 254, 358, 671, 1141, 1847, 2209, 2924, 3417, 6841, 780, 0, 0
16:49:07, 1021.80, 28.53, 30.04, 27.055, 11688, 18218, 24159, 25911, 30673, 30875, 33331, 32830, 36000, 23129, 1, 1, 214, 286, 535, 960, 1689, 2066, 2754, 3263, 5720, 648, 0, 0
16:49:08, 1016.50, 28.53, 30.08, 27.055, 11366, 20586, 27987, 34020, 36000, 36000, 36000, 36000, 36000, 35968, 1, 1, 264, 376, 693, 1192, 1952, 2343, 3077, 3611, 6641, 791, 0, 0
16:49:08, 1023.10, 28.53, 30.04, 27.039, 11469, 19493, 34681, 34451, 29115, 29077, 30322, 32575, 36000, 29853, 1, 1, 266, 377, 706, 1200, 1942, 2319, 3064, 3565, 7131, 811, 0, 0
16:49:09, 1024.30, 28.53, 30.08, 27.039, 5759, 11865, 17597, 23269, 25330, 24796, 29845, 31639, 36000, 17853, 1, 1, 212, 280, 526, 952, 1672, 2050, 2739, 3244, 5719, 636, 0, 0
16:49:10, 1021.60, 28.53, 30.06, 27.039, 8890, 16504, 24653, 33093, 36000, 35955, 36000, 36000, 36000, 26996, 1, 1, 229, 313, 586, 1039, 1746, 2117, 2805, 3308, 5971, 674, 0, 0
16:49:10, 1023.40, 28.53, 30.04, 27.039, 9299, 14419, 24589, 30754, 36000, 36000, 36000, 36000, 36000, 35903, 1, 1, 237, 328, 619, 1073, 1790, 2152, 2856, 3344, 6506, 725, 0, 0
16:49:11, 1026.60, 28.52, 30.04, 27.047, 9251, 13754, 26781, 27335, 31401, 35718, 35346, 36000, 36000, 24996, 1, 1, 219, 295, 557, 988, 1681, 2049, 2746, 3236, 6072, 657, 0, 0
16:49:12, 1025.30, 28.52, 30.04, 27.047, 7297, 11160, 20621, 28827, 33513, 33705, 36000, 36000, 36000, 25606, 1, 1, 212, 280, 528, 952, 1689, 2072, 2777, 3290, 5925, 640, 0, 0
16:49:12, 1017.80, 28.52, 30.08, 27.039, 7031, 16890, 19766, 31249, 36000, 36000, 36000, 36000, 36000, 35542, 1, 1, 251, 349, 655, 1138, 1963, 2358, 3110, 3643, 6900, 781, 0, 0
16:49:13, 1018.70, 28.53, 30.02, 27.047, 12663, 19209, 31553, 34066, 36000, 36000, 36000, 36000, 36000, 36000, 1, 1, 269, 387, 720, 1219, 1951, 2320, 3053, 3556, 6973, 792, 0, 0
16:49:14, 1024.10, 28.52, 30.04, 27.047, 6950, 12292, 16200, 20199, 36000, 36000, 36000, 36000, 36000, 36000, 1, 1, 222, 305, 575, 1008, 1650, 2014, 2685, 3181, 5708, 629, 0, 0
16:49:14, 1017.60, 28.52, 30.02, 27.039, 8579, 18921, 24260, 35671, 35118, 33785, 36000, 36000, 36000, 29212, 1, 1, 233, 322, 602, 1054, 1822, 2196, 2893, 3415, 6185, 718, 0, 0
16:49:15, 1016.00, 28.52, 30.08, 27.055, 12493, 23658, 29044, 36000, 36000, 36000, 36000, 36000, 36000, 36000, 1, 1, 283, 412, 759, 1269, 2004, 2382, 3122, 3648, 7069, 834, 0, 0
16:49:16, 1021.50, 28.52, 30.06, 27.055, 11646, 20019, 27540, 35286, 27140, 27328, 27726, 29303, 36000, 29524, 1, 1, 277, 398, 745, 1241, 1959, 2330, 3084, 3591, 7312, 832, 0, 0
16:49:16, 1019.80, 28.52, 30.04, 27.055, 14739, 18635, 30460, 31859, 35075, 35540, 35873, 35952, 36000, 33116, 1, 1, 243, 336, 630, 1092, 1834, 2214, 2940, 3467, 6474, 744, 0, 0
16:49:17, 1016.70, 28.52, 30.02, 27.055, 10544, 22916, 26375, 35952, 36000, 36000, 36000, 36000, 36000, 36000, 1, 1, 277, 395, 732, 1239, 2039, 2430, 3201, 3744, 7338, 861, 0, 0
16:49:18, 1020.50, 28.52, 30.04, 27.062, 10464, 16469, 29618, 34153, 36000, 36000, 36000, 36000, 36000, 36000, 1, 1, 279, 400, 746, 1246, 1991, 2356, 3117, 3618, 7557, 872, 0, 0
16:49:18, 1022.40, 28.52, 30.04, 27.062, 10568, 14319, 26715, 29674, 33851, 35405, 36000, 36000, 36000, 33506, 1, 1, 233, 322, 604, 1048, 1769, 2126, 2831, 3329, 6456, 735, 0, 0
16:49:19, 1021.80, 28.52, 30.04, 27.062, 10663, 17212, 28948, 34058, 35639, 36000, 36000, 36000, 36000, 36000, 1, 1, 234, 322, 602, 1047, 1775, 2141, 2849, 3359, 6379, 733, 0, 0
16:49:20, 1024.40, 28.52, 30.04, 27.055, 12643, 14038, 24461, 28261, 35580, 35842, 36000, 36000, 36000, 35998, 1, 1, 245, 339, 640, 1100, 1829, 2200, 2940, 3447, 6843, 764, 0, 0
16:49:20, 1025.70, 28.52, 30.04, 27.055, 10602, 12577, 25385, 25563, 34282, 35922, 35972, 36000, 36000, 28959, 1, 1, 226, 304, 571, 1008, 1726, 2103, 2820, 3334, 6280, 700, 0, 0
16:49:21, 1026.10, 28.52, 30.04, 27.055, 8510, 11838, 24061, 26776, 34949, 35956, 36000, 36000, 36000, 26418, 1, 1, 219, 288, 542, 971, 1670, 2054, 2764, 3285, 5977, 659, 0, 0
16:49:22, 1020.00, 28.53, 30.02, 27.055, 7185, 14434, 19992, 31177, 33569, 35621, 36000, 36000, 36000, 31899, 1, 1, 244, 335, 624, 1094, 1872, 2262, 3002, 3543, 6641, 762, 0, 0
16:49:22, 1021.50, 28.53, 30.06, 27.062, 10856, 16264, 28179, 33083, 36000, 36000, 36000, 36000, 36000, 36000, 1, 1, 253, 355, 662, 1143, 1862, 2241, 2968, 3489, 6590, 746, 0, 0
16:49:23, 1027.00, 28.53, 30.02, 27.062, 12044, 13737, 26739, 27413, 33776, 34915, 35864, 36000, 36000, 30693, 1, 1, 217, 291, 548, 977, 1623, 1994, 2675, 3176, 5671, 618, 0, 0
16:49:24, 1025.00, 28.53, 30.08, 27.055, 6032, 12897, 17860, 27707, 36000, 35247, 36000, 36000, 36000, 23506, 1, 1, 208, 268, 503, 922, 1646, 2048, 2757, 3294, 5401, 592, 0, 0
16:49:24, 1025.70, 28.53, 30.06, 27.078, 4770, 8188, 12951, 18505, 19648, 21685, 21944, 26816, 36000, 13725, 1, 1, 221, 291, 545, 983, 1661, 2042, 2740, 3258, 5791, 646, 0, 0
16:49:25, 1030.70, 28.53, 30.04, 27.078, 5661, 9967, 16923, 22814, 25873, 27688, 27103, 33603, 36000, 23175, 1, 1, 205, 271, 517, 913, 1518, 1858, 2514, 2971, 5687, 611, 0, 0
16:49:26, 1033.10, 28.53, 30.04, 27.062, 4647, 6404, 11939, 15875, 24304, 26216, 28858, 31335, 36000, 20380, 1, 1, 176, 221, 419, 770, 1364, 1700, 2328, 2782, 4952, 522, 0, 0
16:49:26, 1030.80, 28.53, 30.08, 27.055, 6279, 9389, 18363, 21633, 27232, 29954, 30773, 33389, 36000, 19296, 1, 1, 185, 235, 444, 815, 1458, 1810, 2465, 2939, 5263, 561, 0, 0
16:49:27, 1033.90, 28.53, 30.02, 27.055, 7871, 12207, 19926, 23920, 22548, 26218, 24587, 31402, 36000, 17693, 1, 1, 190, 242, 461, 836, 1440, 1786, 2444, 2898, 5462, 569, 0, 0
16:49:28, 1036.30, 28.53, 30.00, 27.031, 4154, 7772, 14971, 19525, 24656, 27883, 29611, 33707, 36000, 15614, 1, 1, 168, 206, 390, 727, 1325, 1664, 2297, 2745, 4940, 509, 0, 0
16:49:28, 1036.80, 28.53, 30.00, 27.039, 4384, 8184, 15988, 21996, 22202, 24651, 28807, 35178, 36000, 13835, 1, 1, 166, 203, 385, 718, 1314, 1649, 2279, 2715, 4973, 504, 0, 0
16:49:29, 1034.90, 28.53, 30.04, 27.039, 4414, 7129, 14422, 18471, 22302, 27214, 33234, 35144, 36000, 15995, 1, 1, 168, 208, 395, 733, 1327, 1652, 2269, 2694, 5019, 518, 0, 0
16:49:30, 1033.00, 28.53, 30.02, 27.031, 5055, 8852, 16811, 22141, 20447, 25978, 32374, 35069, 36000, 13802, 1, 1, 176, 220, 419, 772, 1401, 1741, 2382, 2826, 5259, 545, 0, 0
16:49:30, 1030.10, 28.52, 30.02, 27.039, 5998, 8657, 15905, 22252, 30399, 33682, 35939, 36000, 36000, 22094, 1, 1, 192, 247, 469, 852, 1514, 1870, 2537, 3005, 5564, 590, 0, 0
16:49:31, 1028.40, 28.53, 30.04, 27.039, 6842, 9972, 20450, 22473, 30089, 33597, 33994, 35854, 36000, 24235, 1, 1, 204, 265, 503, 909, 1598, 1965, 2658, 3142, 5838, 625, 0, 0
16:49:32, 1025.20, 28.53, 30.08, 27.031, 6990, 11488, 20479, 29173, 34535, 33905, 36000, 36000, 36000, 25635, 1, 1, 217, 288, 544, 971, 1703, 2074, 2778, 3276, 6154, 678, 0, 0
16:49:32, 1026.80, 28.53, 30.00, 27.031, 10168, 12011, 23966, 25162, 34060, 34978, 35868, 36000, 36000, 29033, 1, 1, 215, 286, 542, 964, 1633, 1998, 2682, 3172, 5870, 641, 0, 0
16:49:33, 1025.10, 28.53, 30.00, 27.031, 7748, 12467, 22101, 26508, 34734, 35769, 36000, 36000, 36000, 30091, 1, 1, 217, 293, 552, 979, 1672, 2035, 2718, 3209, 5970, 664, 0, 0
16:49:34, 1023.40, 28.53, 30.02, 27.039, 7421, 11834, 21137, 26646, 35094, 35991, 36000, 36000, 36000, 32758, 1, 1, 216, 291, 548, 974, 1670, 2033, 2707, 3201, 5821, 655, 0, 0
16:49:34, 1024.70, 28.53, 30.04, 27.047, 8522, 14099, 22509, 31942, 35874, 36000, 36000, 35981, 36000, 33433, 1, 1, 228, 311, 587, 1030, 1697, 2066, 2754, 3249, 6021, 675, 0, 0
16:49:35, 1023.70, 28.53, 30.04, 27.047, 7120, 14777, 19647, 27785, 33071, 35029, 35887, 35962, 36000, 31979, 1, 1, 221, 299, 561, 995, 1685, 2053, 2732, 3229, 5868, 667, 0, 0
16:49:36, 1024.80, 28.53, 30.06, 27.047, 8537, 19429, 23889, 32222, 35160, 35890, 36000, 36000, 36000, 34702, 1, 1, 224, 305, 573, 1011, 1683, 2051, 2734, 3224, 5930, 667, 0, 0
16:49:36, 1023.30, 28.53, 30.00, 27.047, 7225, 17162, 21763, 29884, 35752, 34788, 36000, 36000, 36000, 26290, 1, 1, 217, 293, 550, 978, 1676, 2043, 2721, 3211, 5807, 660, 0, 0
16:49:37, 1023.00, 28.53, 30.02, 27.039, 8139, 18365, 22450, 31584, 35404, 35735, 36000, 36000, 36000, 31112, 1, 1, 220, 299, 560, 992, 1661, 2021, 2690, 3171, 5668, 645, 0, 0
16:49:38, 1022.70, 28.53, 30.00, 27.039, 8300, 18539, 26161, 33455, 35914, 35787, 36000, 36000, 36000, 30990, 1, 1, 217, 298, 555, 980, 1644, 1999, 2662, 3134, 5599, 636, 0, 0
16:49:38, 1022.00, 28.54, 30.02, 27.039, 8044, 16001, 21898, 27819, 35987, 35648, 36000, 36000, 36000, 28354, 1, 1, 210, 286, 533, 947, 1615, 1960, 2608, 3064, 5414, 618, 0, 0
16:49:39, 1022.80, 28.54, 30.02, 27.031, 8835, 17478, 23998, 31377, 35422, 35041, 36000, 36000, 36000, 33931, 1, 1, 220, 305, 569, 998, 1627, 1973, 2624, 3078, 5513, 624, 0, 0
16:49:40, 1022.30, 28.54, 30.00, 27.039, 7758, 15468, 22603, 32267, 35865, 36000, 36000, 35977, 36000, 33100, 1, 1, 211, 293, 546, 961, 1598, 1935, 2572, 3013, 5339, 608, 0, 0
16:49:40, 1023.30, 28.53, 30.02, 27.039, 8656, 18846, 24481, 29913, 34340, 32514, 36000, 35987, 36000, 26731, 1, 1, 207, 284, 532, 942, 1577, 1920, 2561, 3006, 5266, 589, 0, 0
16:49:41, 1022.10, 28.54, 30.02, 27.039, 8116, 17256, 26322, 34992, 35993, 36000, 36000, 36000, 36000, 33016, 1, 1, 217, 299, 558, 985, 1667, 2022, 2686, 3148, 5573, 627, 0, 0
16:49:42, 1021.40, 28.53, 30.04, 27.039, 8749, 16551, 24557, 32796, 36000, 36000, 36000, 36000, 36000, 31319, 1, 1, 220, 304, 567, 1001, 1683, 2040, 2707, 3176, 5602, 636, 0, 0
16:49:42, 1019.90, 28.53, 30.02, 27.039, 9198, 16141, 29820, 32684, 36000, 35006, 36000, 36000, 36000, 31234, 1, 1, 226, 316, 588, 1031, 1727, 2087, 2763, 3237, 5763, 664, 0, 0
16:49:43, 1019.50, 28.54, 30.04, 27.039, 10070, 18393, 28581, 34403, 36000, 36000, 36000, 36000, 36000, 36000, 1, 1, 236, 336, 624, 1070, 1739, 2081, 2744, 3197, 5958, 696, 0, 0
16:49:44, 1018.30, 28.53, 30.06, 27.047, 10962, 24471, 28466, 35534, 35951, 36000, 36000, 36000, 36000, 36000, 1, 1, 233, 332, 615, 1055, 1717, 2059, 2713, 3162, 5741, 671, 0, 0
16:49:44, 1015.30, 28.53, 30.00, 27.047, 13844, 21184, 34534, 36000, 35930, 36000, 36000, 36000, 36000, 35269, 1, 1, 252, 363, 667, 1142, 1795, 2148, 2824, 3292, 5837, 699, 0, 0
16:49:45, 1017.40, 28.53, 30.04, 27.047, 13439, 25390, 34259, 35907, 36000, 36000, 36000, 36000, 36000, 36000, 1, 1, 239, 346, 635, 1086, 1746, 2084, 2745, 3189, 5734, 684, 0, 0
16:49:46, 1022.20, 28.54, 30.02, 27.047, 10599, 21839, 24684, 32178, 21108, 20101, 27263, 26415, 36000, 18309, 1, 1, 206, 287, 533, 931, 1521, 1842, 2455, 2860, 4958, 556, 0, 0
16:49:46, 1026.20, 28.54, 30.00, 27.047, 9419, 18578, 24332, 27613, 25142, 24022, 27191, 28995, 35842, 17770, 0, 1, 183, 246, 461, 828, 1393, 1711, 2297, 2701, 4559, 499, 0, 0
16:49:47, 1031.20, 28.53, 30.02, 27.047, 5428, 12367, 17188, 24115, 34361, 34387, 36000, 36000, 36000, 30328, 1, 1, 178, 231, 438, 793, 1347, 1675, 2261, 2683, 4496, 475, 0, 0
16:49:48, 1033.90, 28.53, 30.04, 27.055, 4930, 10732, 15448, 22147, 24163, 25680, 32304, 34635, 36000, 15734, 1, 1, 166, 208, 392, 728, 1285, 1611, 2195, 2618, 4369, 454, 0, 0
16:49:48, 1041.60, 28.53, 30.04, 27.055, 4601, 9167, 14159, 22440, 25743, 27942, 33204, 34921, 36000, 15236, 1, 1, 151, 179, 336, 643, 1142, 1469, 2040, 2469, 3953, 401, 0, 0
16:49:49, 1046.70, 28.53, 30.06, 27.047, 3619, 6963, 11647, 19914, 18983, 20465, 27859, 31720, 36000, 9016, 1, 1, 134, 152, 278, 548, 1048, 1368, 1926, 2350, 3722, 373, 0, 0
16:49:50, 1049.90, 28.53, 30.06, 27.055, 2451, 3591, 7665, 12060, 21358, 23557, 29870, 33028, 36000, 9090, 1, 1, 124, 136, 245, 491, 962, 1273, 1811, 2227, 3450, 341, 0, 0
16:49:50, 1055.60, 28.53, 30.04, 27.055, 2891, 4298, 10360, 13887, 14148, 17803, 18671, 22640, 36000, 7057, 1, 1, 116, 125, 225, 450, 876, 1169, 1681, 2071, 3278, 318, 0, 0
16:49:51, 1065.10, 28.53, 30.06, 27.039, 2045, 2613, 5812, 9494, 12542, 15667, 19455, 23364, 36000, 5050, 1, 1, 95, 98, 168, 344, 700, 962, 1417, 1773, 2680, 254, 0, 0
16:49:52, 1067.60, 28.53, 30.02, 27.039, 1455, 1865, 3992, 7310, 9696, 12212, 15790, 19754, 35039, 3582, 0, 1, 86, 86, 142, 294, 646, 899, 1337, 1684, 2474, 234, 0, 0
16:49:52, 1069.80, 28.52, 30.00, 27.039, 1228, 1497, 3259, 5724, 11833, 15269, 19089, 23708, 36000, 4313, 1, 1, 85, 85, 140, 292, 627, 877, 1310, 1651, 2423, 228, 0, 0
16:49:53, 1076.70, 28.52, 30.02, 27.016, 1060, 1376, 3032, 5137, 9861, 13290, 15385, 19012, 35474, 3797, 0, 1, 75, 73, 117, 245, 542, 771, 1169, 1489, 2140, 200, 0, 0
16:49:54, 1081.30, 28.51, 30.06, 27.016, 925, 1095, 2346, 4350, 7501, 9567, 12571, 15880, 29520, 2610, 0, 0, 66, 64, 98, 207, 475, 687, 1055, 1356, 1888, 176, 0, 0
16:49:54, 1084.40, 28.51, 30.00, 27.016, 862, 928, 1983, 3603, 7283, 9739, 13411, 16440, 31497, 2689, 0, 0, 62, 59, 90, 189, 439, 640, 988, 1273, 1782, 165, 0, 0
16:49:55, 1088.50, 28.50, 30.04, 27.000, 802, 836, 1729, 3254, 6761, 8913, 11743, 14544, 32548, 2579, 0, 1, 57, 54, 81, 170, 404, 593, 924, 1193, 1677, 154, 0, 0
16:49:56, 1094.60, 28.50, 30.02, 27.008, 768, 814, 1578, 3243, 4758, 6461, 8473, 10794, 22770, 1827, 0, 0, 50, 48, 69, 144, 355, 528, 835, 1088, 1502, 136, 0, 0
16:49:56, 1097.50, 28.49, 30.02, 27.008, 635, 653, 1244, 2587, 4486, 6216, 8154, 10477, 21718, 1722, 0, 0, 47, 44, 63, 131, 327, 491, 784, 1024, 1402, 127, 0, 0
16:49:57, 1102.30, 28.49, 30.04, 27.008, 573, 610, 1121, 2374, 4317, 6114, 8492, 10947, 22515, 1659, 0, 0, 44, 41, 58, 119, 297, 451, 729, 959, 1301, 117, 0, 0
16:49:58, 1107.10, 28.48, 30.04, 27.008, 445, 487, 879, 1851, 3897, 5619, 7932, 10266, 20770, 1515, 0, 0, 40, 37, 50, 104, 263, 405, 661, 876, 1171, 105, 0, 0
16:49:58, 1112.80, 28.48, 30.02, 27.008, 396, 442, 774, 1674, 3091, 4466, 6704, 8783, 16326, 1180, 0, 0, 34, 32, 42, 86, 223, 348, 578, 772, 1019, 91, 0, 0
16:49:59, 1115.50, 28.48, 30.02, 27.008, 401, 443, 724, 1623, 2484, 3624, 5370, 7134, 13025, 973, 0, 0, 32, 29, 38, 77, 210, 331, 552, 740, 971, 86, 0, 0
16:49:00, 1124.40, 28.48, 30.02, 27.008, 332, 365, 570, 1297, 2618, 3736, 5927, 7520, 13420, 999, 0, 0, 28, 26, 33, 66, 174, 280, 477, 648, 824, 73, 0, 0
16:50:00, 1129.40, 28.47, 30.02, 27.023, 249, 262, 404, 914, 2160, 3243, 5288, 6798, 11586, 836, 0, 0, 24, 22, 27, 53, 145, 236, 409, 559, 704, 62, 0, 0
16:50:01, 1130.00, 28.48, 30.02, 27.016, 219, 229, 349, 784, 1762, 2633, 4292, 5609, 9394, 695, 0, 0, 22, 20, 24, 47, 134, 218, 378, 517, 651, 58, 0, 0
16:50:02, 1130.70, 28.48, 30.02, 27.016, 220, 236, 353, 787, 1755, 2620, 4197, 5634, 9548, 710, 0, 0, 21, 19, 24, 46, 132, 216, 374, 513, 640, 57, 0, 0
16:50:02, 1129.80, 28.48, 29.99, 27.016, 219, 229, 353, 783, 1865, 2816, 4521, 6089, 10360, 744, 0, 0, 22, 20, 25, 48, 137, 223, 385, 526, 663, 59, 0, 0
16:50:03, 1129.20, 28.48, 30.00, 27.031, 207, 218, 336, 748, 1776, 2664, 4291, 5720, 9582, 704, 0, 0, 20, 19, 23, 45, 126, 204, 352, 481, 605, 54, 0, 0
16:50:04, 1128.10, 28.48, 30.02, 27.031, 193, 203, 315, 690, 1481, 2213, 3411, 4696, 8125, 600, 0, 0, 19, 17, 21, 42, 117, 189, 325, 443, 565, 50, 0, 0
16:50:04, 1129.00, 28.48, 29.99, 27.031, 158, 167, 261, 579, 1293, 1921, 3008, 4074, 7028, 516, 0, 0, 16, 14, 18, 35, 95, 154, 265, 361, 458, 40, 0, 0
16:50:05, 1124.70, 28.48, 30.02, 27.023, 144, 144, 231, 495, 1005, 1500, 2303, 3049, 5002, 389, 0, 0, 13, 12, 15, 29, 84, 135, 231, 314, 392, 35, 0, 0
16:50:06, 1121.20, 28.49, 30.02, 27.023, 147, 143, 234, 511, 1106, 1622, 2440, 3221, 5285, 418, 0, 0, 14, 13, 16, 33, 96, 153, 258, 349, 434, 39, 0, 0
16:50:06, 1119.90, 28.48, 30.00, 27.016, 163, 162, 272, 594, 1548, 2279, 3491, 4624, 7543, 585, 0, 0, 17, 16, 20, 40, 115, 184, 309, 418, 521, 47, 0, 0
16:50:07, 1120.70, 28.48, 30.00, 27.016, 184, 187, 306, 677, 1585, 2320, 3390, 4450, 7949, 600, 0, 0, 18, 17, 21, 42, 116, 186, 314, 425, 525, 47, 0, 0
16:50:08, 1117.70, 28.48, 30.02, 27.016, 210, 201, 330, 719, 1423, 2084, 3066, 4076, 6827, 534, 0, 0, 18, 16, 21, 41, 122, 195, 329, 446, 544, 49, 0, 0
16:50:08, 1116.50, 28.48, 30.02, 27.016, 240, 239, 415, 865, 2019, 2935, 4273, 5637, 9520, 746, 0, 0, 23, 21, 27, 55, 155, 246, 412, 555, 691, 62, 0, 0
16:50:09, 1115.40, 28.48, 29.99, 27.016, 282, 275, 474, 988, 2386, 3450, 5113, 6715, 11231, 879, 0, 0, 28, 26, 33, 65, 184, 292, 491, 663, 821, 74, 0, 0
16:50:01, 1113.90, 28.48, 30.00, 27.016, 382, 378, 670, 1373, 2799, 4047, 6000, 7837, 13124, 1027, 0, 0, 31, 29, 37, 75, 205, 323, 539, 726, 911, 83, 0, 0
16:50:10, 1113.00, 28.48, 30.00, 27.008, 375, 364, 644, 1328, 3030, 4388, 6658, 8504, 13570, 1055, 0, 0, 31, 29, 37, 75, 202, 318, 531, 715, 898, 81, 0, 0
16:50:11, 1112.20, 28.48, 29.99, 27.008, 337, 332, 585, 1223, 2665, 3843, 5591, 7242, 11923, 939, 0, 0, 31, 28, 37, 74, 204, 320, 534, 718, 900, 82, 0, 0
16:50:11, 1112.80, 28.48, 30.02, 27.008, 361, 371, 666, 1337, 2728, 3953, 5637, 7419, 12589, 992, 0, 0, 30, 28, 37, 74, 198, 311, 519, 698, 869, 79, 0, 0
16:50:12, 1113.80, 28.47, 30.02, 27.008, 352, 345, 608, 1253, 2676, 3880, 5651, 7400, 12582, 982, 0, 0, 29, 27, 35, 70, 192, 304, 508, 686, 838, 76, 0, 0
16:50:13, 1111.70, 28.47, 30.00, 27.008, 400, 387, 702, 1412, 2772, 4018, 6128, 7712, 11775, 924, 0, 0, 30, 28, 36, 73, 200, 315, 525, 707, 861, 78, 0, 0
16:50:13, 1109.80, 28.47, 29.99, 27.008, 380, 384, 699, 1437, 3330, 4901, 7444, 9256, 14394, 1113, 0, 0, 32, 30, 39, 79, 215, 336, 556, 743, 926, 84, 0, 0
16:50:14, 1108.70, 28.47, 30.00, 27.000, 366, 384, 693, 1411, 3178, 4558, 6929, 8709, 13571, 1060, 0, 0, 33, 30, 40, 81, 220, 343, 567, 759, 941, 85, 0, 0
16:50:15, 1107.60, 28.47, 30.00, 27.008, 430, 442, 813, 1664, 3361, 4862, 6748, 8902, 14928, 1188, 0, 0, 34, 31, 42, 85, 227, 352, 579, 773, 968, 88, 0, 0
16:50:15, 1107.50, 28.47, 29.99, 27.008, 483, 469, 874, 1740, 3244, 4667, 6452, 8398, 14697, 1166, 0, 0, 34, 32, 43, 87, 232, 360, 592, 788, 1004, 91, 0, 0
16:50:16, 1107.90, 28.47, 30.00, 27.008, 444, 438, 795, 1645, 3297, 4692, 6509, 8515, 15562, 1222, 0, 0, 35, 32, 43, 88, 233, 361, 593, 790, 1013, 92, 0, 0
16:50:17, 1107.70, 28.47, 30.04, 27.023, 454, 449, 802, 1736, 3346, 4728, 6817, 8909, 15919, 1239, 0, 0, 35, 32, 43, 87, 231, 358, 590, 788, 1013, 92, 0, 0
16:50:17, 1107.70, 28.46, 30.02, 27.023, 414, 440, 781, 1661, 3222, 4677, 6937, 8966, 16902, 1240, 0, 0, 35, 32, 43, 88, 235, 364, 600, 801, 1037, 93, 0, 0
16:50:18, 1109.10, 28.47, 30.00, 27.023, 408, 452, 808, 1697, 3259, 4777, 7025, 9318, 17802, 1263, 0, 0, 34, 32, 42, 86, 227, 352, 582, 779, 1006, 91, 0, 0
16:50:19, 1107.80, 28.47, 30.00, 27.016, 422, 468, 833, 1748, 3170, 4671, 7103, 9349, 17443, 1227, 0, 0, 34, 31, 42, 84, 228, 353, 584, 780, 1013, 91, 0, 0
16:50:19, 1104.70, 28.46, 30.00, 27.016, 462, 483, 892, 1831, 3289, 4728, 7171, 9069, 17009, 1257, 0, 0, 36, 33, 45, 91, 243, 375, 614, 816, 1073, 97, 0, 0
16:50:20, 1103.30, 28.46, 30.04, 27.008, 446, 502, 898, 1924, 3405, 4871, 7270, 9310, 17576, 1288, 0, 0, 37, 35, 47, 97, 254, 389, 635, 841, 1123, 101, 0, 0
16:50:21, 1098.00, 28.46, 30.00, 27.008, 512, 550, 1018, 2211, 4316, 6023, 9124, 10617, 21890, 1521, 0, 0, 40, 38, 52, 107, 287, 435, 701, 923, 1237, 112, 0, 0
16:50:21, 1091.40, 28.46, 30.00, 27.016, 582, 648, 1240, 2675, 4631, 6309, 9334, 10735, 22969, 1654, 0, 0, 48, 46, 66, 137, 353, 525, 831, 1082, 1496, 136, 0, 0
16:50:22, 1083.30, 28.46, 29.99, 27.016, 676, 793, 1567, 3175, 5923, 8312, 12256, 15026, 31408, 2282, 0, 0, 57, 55, 82, 171, 435, 635, 986, 1270, 1804, 165, 0, 0
16:50:23, 1078.50, 28.46, 29.99, 27.016, 775, 997, 2017, 3900, 7137, 9356, 12126, 17173, 34549, 2857, 0, 1, 70, 68, 107, 223, 529, 756, 1157, 1473, 2197, 201, 0, 0
16:50:23, 1081.90, 28.46, 29.97, 27.016, 1012, 1350, 2678, 5411, 7133, 8951, 12567, 16324, 35089, 2946, 0, 1, 69, 67, 105, 219, 498, 715, 1098, 1400, 2101, 191, 0, 0
16:50:24, 1083.80, 28.45, 29.99, 27.016, 822, 1047, 1876, 3968, 7863, 9913, 15324, 17605, 34773, 2875, 0, 1, 62, 59, 90, 189, 448, 652, 1009, 1295, 1888, 171, 0, 0
16:50:25, 1077.50, 28.45, 29.99, 27.016, 800, 1031, 2058, 4067, 7251, 9873, 14019, 18552, 35641, 2846, 0, 1, 67, 65, 100, 209, 501, 717, 1098, 1399, 2067, 190, 0, 0
16:50:25, 1071.50, 28.45, 29.99, 27.008, 1021, 1272, 2639, 4871, 8932, 12335, 17564, 21760, 36000, 3724, 1, 1, 75, 74, 120, 250, 566, 793, 1193, 1506, 2278, 210, 0, 0
16:50:26, 1071.00, 28.45, 30.00, 27.000, 1374, 1721, 3840, 6550, 8304, 10960, 15297, 18141, 36000, 3262, 1, 1, 75, 75, 123, 256, 566, 791, 1187, 1496, 2238, 207, 0, 0
16:50:27, 1072.30, 28.44, 29.97, 27.000, 1443, 1565, 3436, 5986, 10463, 13667, 19805, 24137, 36000, 4502, 1, 1, 75, 74, 122, 254, 553, 772, 1161, 1463, 2191, 203, 0, 0
16:50:27, 1070.70, 28.44, 29.99, 27.008, 1300, 1414, 3017, 5524, 8584, 11298, 15683, 18505, 35380, 3309, 0, 1, 73, 72, 117, 245, 556, 781, 1173, 1484, 2144, 201, 0, 0
16:50:28, 1069.80, 28.44, 30.02, 27.016, 1239, 1486, 3148, 5758, 11811, 14975, 17802, 21625, 36000, 4764, 1, 1, 79, 79, 130, 271, 591, 825, 1232, 1554, 2262, 213, 0, 0
16:50:29, 1071.30, 28.44, 30.00, 27.016, 1157, 1491, 3101, 5635, 11950, 15577, 17082, 21859, 35967, 4855, 0, 1, 76, 75, 123, 257, 564, 791, 1186, 1498, 2177, 204, 0, 0
16:50:29, 1070.70, 28.44, 30.02, 27.016, 1155, 1404, 3108, 5306, 10018, 13449, 15902, 19482, 35935, 3914, 0, 1, 75, 75, 122, 254, 560, 783, 1174, 1481, 2155, 202, 0, 0
16:50:30, 1070.70, 28.44, 30.00, 27.016, 1284, 1417, 3158, 5297, 10559, 13744, 16792, 20625, 36000, 4144, 1, 1, 74, 73, 119, 249, 551, 771, 1155, 1457, 2104, 197, 0, 0
16:50:31, 1072.20, 28.44, 30.00, 27.016, 1324, 1482, 3338, 5548, 9350, 11801, 16020, 19671, 35785, 3707, 0, 1, 71, 71, 116, 242, 534, 746, 1120, 1410, 2069, 191, 0, 0
16:50:31, 1073.90, 28.44, 30.00, 27.023, 1287, 1391, 2999, 5473, 8567, 10921, 14867, 18179, 35633, 3294, 0, 1, 67, 66, 105, 221, 504, 712, 1076, 1364, 1937, 180, 0, 0
16:50:32, 1073.50, 28.44, 29.97, 27.031, 1235, 1299, 2874, 4886, 9122, 11565, 15455, 19058, 35708, 3548, 0, 1, 70, 69, 112, 234, 524, 739, 1115, 1412, 2025, 188, 0, 0
16:50:33, 1074.00, 28.45, 30.00, 27.031, 1086, 1276, 2790, 4821, 9811, 12885, 15751, 19468, 35950, 3861, 0, 1, 72, 71, 115, 240, 538, 758, 1143, 1448, 2086, 194, 0, 0
16:50:33, 1074.90, 28.44, 30.00, 27.023, 1040, 1309, 2746, 4995, 10148, 13463, 15214, 19098, 36000, 4118, 1, 1, 73, 72, 116, 242, 542, 765, 1154, 1461, 2137, 198, 0, 0
16:50:34, 1075.60, 28.44, 29.99, 27.031, 1016, 1201, 2461, 4800, 10379, 13250, 17010, 20937, 36000, 4089, 1, 1, 70, 68, 109, 228, 518, 734, 1114, 1413, 2054, 189, 0, 0
16:50:35, 1075.40, 28.44, 30.02, 27.031, 1004, 1276, 2578, 4943, 9597, 12793, 16660, 20385, 36000, 3851, 1, 1, 70, 69, 111, 232, 526, 743, 1123, 1423, 2101, 193, 0, 0
16:50:35, 1077.00, 28.44, 29.97, 27.031, 950, 1292, 2685, 5084, 8894, 12466, 17731, 22163, 36000, 3552, 1, 1, 66, 65, 103, 216, 486, 690, 1049, 1333, 1947, 178, 0, 0
16:50:36, 1077.60, 28.44, 29.99, 27.039, 1166, 1293, 2787, 5152, 7922, 10873, 15514, 19339, 36000, 3243, 1, 1, 65, 64, 101, 212, 481, 683, 1038, 1318, 1947, 177, 0, 0
16:50:37, 1073.00, 28.44, 29.99, 27.039, 1208, 1263, 2806, 4999, 8008, 10734, 15335, 18444, 35290, 3054, 0, 1, 68, 66, 106, 223, 521, 734, 1108, 1402, 2053, 189, 0, 0
16:50:37, 1061.10, 28.44, 29.95, 27.039, 1473, 1539, 3399, 5785, 10207, 13348, 18576, 22180, 36000, 4082, 1, 1, 84, 85, 144, 298, 684, 934, 1372, 1709, 2593, 244, 0, 0
16:50:38, 1052.60, 28.44, 29.97, 27.047, 2359, 2735, 6223, 9396, 14238, 17549, 21282, 25590, 36000, 6218, 1, 1, 105, 112, 200, 405, 858, 1138, 1633, 2004, 3164, 303, 0, 0
16:50:39, 1047.20, 28.44, 29.99, 27.047, 2417, 3364, 7606, 10911, 18846, 23287, 26042, 31849, 36000, 8162, 1, 1, 120, 133, 243, 483, 961, 1253, 1773, 2157, 3487, 338, 0, 0
16:50:39, 1040.60, 28.44, 30.00, 27.039, 3037, 3854, 8404, 12106, 20945, 25694, 28063, 32628, 36000, 10301, 1, 1, 130, 150, 279, 543, 1081, 1383, 1927, 2328, 3866, 383, 0, 0
16:50:40, 1032.80, 28.44, 30.00, 27.055, 4954, 6363, 12585, 18749, 26550, 29649, 31882, 34659, 36000, 16734, 1, 1, 157, 194, 369, 688, 1299, 1618, 2213, 2637, 4673, 480, 0, 0
16:50:41, 1028.20, 28.44, 29.99, 27.055, 6789, 9440, 17976, 23286, 33298, 35481, 35457, 36000, 36000, 26974, 1, 1, 190, 251, 477, 851, 1468, 1792, 2422, 2860, 5247, 562, 0, 0
16:50:41, 1028.50, 28.44, 29.99, 27.055, 7688, 10148, 20586, 24613, 33844, 35845, 35943, 36000, 36000, 23955, 1, 1, 184, 241, 458, 820, 1407, 1725, 2335, 2762, 4959, 526, 0, 0
16:50:42, 1021.30, 28.44, 29.99, 27.055, 6973, 12247, 19904, 27712, 34962, 35281, 36000, 36000, 36000, 30166, 1, 1, 202, 274, 516, 905, 1575, 1903, 2538, 2980, 5431, 601, 0, 0
16:50:43, 1019.00, 28.44, 30.00, 27.070, 11758, 16807, 29351, 35642, 36000, 36000, 36000, 36000, 36000, 36000, 1, 1, 232, 329, 611, 1038, 1688, 2027, 2676, 3132, 5650, 644, 0, 0
16:50:43, 1022.10, 28.44, 30.00, 27.070, 9548, 17539, 22486, 29060, 33080, 34365, 36000, 36000, 36000, 33862, 1, 1, 208, 287, 536, 933, 1534, 1865, 2477, 2912, 5027, 556, 0, 0
16:50:44, 1022.10, 28.44, 29.99, 27.070, 8854, 19376, 24788, 32978, 36000, 35989, 36000, 36000, 36000, 33954, 1, 1, 197, 273, 510, 892, 1466, 1781, 2358, 2768, 4724, 520, 0, 0
16:50:45, 1023.80, 28.44, 29.99, 27.070, 9205, 15051, 24345, 30608, 32363, 34977, 36000, 36000, 36000, 32367, 1, 1, 171, 235, 440, 776, 1303, 1595, 2121, 2497, 4141, 447, 0, 0
16:50:45, 1020.70, 28.44, 29.99, 27.070, 7453, 16894, 23406, 35864, 36000, 36000, 36000, 36000, 36000, 30556, 1, 1, 180, 251, 469, 821, 1400, 1700, 2247, 2631, 4438, 485, 0, 0
16:50:46, 1022.90, 28.44, 29.97, 27.070, 9456, 20658, 25420, 33995, 35614, 35779, 36000, 36000, 36000, 35710, 1, 1, 178, 250, 467, 810, 1310, 1588, 2100, 2455, 4232, 462, 0, 0
16:50:47, 1025.30, 28.45, 29.95, 27.070, 4921, 10347, 14981, 20090, 29877, 29269, 34970, 34164, 36000, 18398, 1, 1, 127, 173, 327, 584, 926, 1129, 1499, 1751, 2981, 320, 0, 0
16:50:47, 1025.20, 28.45, 30.00, 27.078, 3237, 6731, 10028, 13076, 17057, 16773, 25768, 25823, 36000, 10117, 1, 1, 91, 123, 234, 422, 699, 849, 1122, 1307, 2224, 237, 0, 0
16:50:48, 1021.80, 28.45, 30.00, 27.078, 2910, 5287, 9268, 10967, 14590, 14591, 21337, 20429, 36000, 9913, 1, 1, 89, 124, 235, 414, 677, 810, 1058, 1223, 2142, 231, 0, 0
16:50:49, 1014.00, 28.45, 29.99, 27.078, 4129, 8548, 11307, 15326, 16510, 17674, 22525, 24630, 36000, 21751, 1, 1, 103, 156, 286, 472, 754, 878, 1128, 1283, 2359, 277, 0, 0
16:50:49, 1012.10, 28.45, 30.02, 27.078, 4955, 9407, 12780, 15899, 17569, 18010, 23611, 22911, 36000, 16507, 1, 1, 123, 189, 342, 555, 889, 1026, 1301, 1478, 2749, 343, 0, 0
16:50:50, 1011.70, 28.45, 29.99, 27.078, 5128, 8383, 12335, 15106, 15650, 19528, 21918, 25748, 35944, 11770, 0, 1, 1458, 2291, 3237, 3870, 5868, 6458, 7173, 8859, 19971, 7455, 0, 0
16:50:51, 1011.10, 28.43, 29.99, 27.055, 1923, 2939, 3971, 4513, 13363, 13701, 16517, 20107, 22353, 10385, 0, 0, 3846, 5405, 8035, 9616, 10230, 10744, 13138, 13663, 35869, 16094, 0, 1
16:50:51, 1011.40, 28.41, 29.97, 27.031, 5109, 6843, 9750, 10295, 2412, 2473, 3068, 3535, 16339, 7070, 0, 0, 4377, 6474, 8955, 11542, 11772, 12765, 16161, 17848, 36000, 26584, 1, 1
16:50:52, 1011.30, 28.42, 29.97, 27.031, 669, 971, 1309, 1517, 1797, 1622, 2409, 2355, 9474, 4746, 0, 0, 4491, 6294, 9302, 10846, 11359, 12673, 15566, 17788, 36000, 23126, 1, 1
