Secchi Depth (cm) = 0090
Forel Ule Scale = 99
pH Colour Scale = 99
SensingSecchi S/N = A017
Latitude (degs N) = 34.19401
Longitude (degs E) = -77.95780
Date = 2026-06-25
Time (UTC), Pressure (mbar) MS5803, Temp (deg C) MS5803, Temp (deg C) 10KTHERM, Temp (deg C) TMP117, ED 415nm, ED 445nm, ED 480nm, ED 515nm, ED 555nm, ED 590nm, ED 630nm, ED 680nm, ED Clear, ED NIR, ED D-SAT, ED A-SAT, EU 415nm, EU 445nm, EU 480nm, EU 515nm, EU 555nm, EU 590nm, EU 630nm, EU 680nm, EU Clear, EU NIR, EU D-SAT, EU A-SAT
18:35:49, 1010.80, 27.57, 30.54, 29.133, 1873, 2717, 3890, 4436, 5162, 5385, 6163, 6865, 36000, 13503, 1, 1, 7258, 9365, 11298, 14317, 16081, 21611, 30612, 36000, 36000, 36000, 1, 1
18:35:49, 1010.80, 27.58, 30.58, 29.187, 1992, 2877, 4124, 4701, 5379, 5605, 6426, 7159, 36000, 14101, 1, 1, 7337, 9475, 11372, 14435, 16194, 21756, 30799, 36000, 36000, 36000, 1, 1
18:35:50, 1011.00, 27.58, 30.56, 29.203, 1818, 2640, 3773, 4305, 4944, 5157, 5905, 6564, 34958, 12877, 0, 1, 7272, 9424, 11437, 14479, 16246, 21649, 30218, 36000, 36000, 36000, 1, 1
18:35:51, 1010.90, 27.59, 30.58, 29.203, 1861, 2701, 3864, 4413, 5226, 5463, 6245, 6963, 36000, 13586, 1, 1, 7305, 9511, 11466, 14534, 16789, 22753, 31292, 36000, 36000, 36000, 1, 1
18:35:51, 1010.70, 27.59, 30.59, 29.211, 3789, 4933, 7548, 8174, 9654, 11282, 11568, 13835, 36000, 26878, 1, 1, 9418, 13354, 17028, 21791, 23573, 29930, 36000, 36000, 36000, 36000, 1, 1
18:35:52, 1010.90, 27.59, 30.58, 29.180, 3528, 5243, 7047, 9645, 10671, 12379, 15706, 14881, 36000, 15617, 1, 1, 10411, 14313, 19556, 24181, 27873, 32019, 36000, 36000, 36000, 36000, 1, 1
18:35:53, 1010.60, 27.59, 30.56, 29.180, 4699, 7708, 10060, 13998, 16172, 16736, 23092, 21401, 36000, 15798, 1, 1, 13281, 21176, 29464, 35081, 29253, 30730, 32732, 33693, 36000, 34888, 1, 1
18:35:53, 1011.00, 27.60, 30.58, 29.047, 9281, 14248, 20086, 26614, 16680, 18389, 21590, 24902, 36000, 29934, 1, 1, 1818, 2797, 4200, 5567, 15808, 17471, 18915, 21451, 32149, 19642, 0, 0
18:35:54, 1018.80, 27.60, 30.58, 29.031, 5446, 9547, 12677, 15449, 15935, 15737, 20294, 23368, 36000, 36000, 1, 1, 329, 472, 975, 1785, 2873, 3278, 3758, 3604, 8458, 796, 0, 0
18:35:55, 1035.10, 27.61, 30.58, 29.031, 5086, 10078, 13450, 16008, 23084, 25286, 28087, 30867, 36000, 28642, 1, 1, 246, 330, 708, 1356, 2168, 2533, 2875, 2757, 6215, 550, 0, 0
18:35:55, 1039.20, 27.63, 30.58, 29.242, 2701, 5394, 8857, 15806, 8901, 13427, 11516, 15188, 36000, 5941, 1, 1, 209, 255, 566, 1162, 2207, 2604, 2976, 2818, 5719, 505, 0, 0
18:35:56, 1035.20, 27.66, 30.56, 29.398, 3384, 6228, 9652, 14742, 16745, 19455, 26909, 25670, 36000, 5517, 1, 1, 204, 253, 560, 1138, 2069, 2430, 2781, 2629, 5348, 476, 0, 0
18:35:57, 1030.40, 27.70, 30.54, 29.398, 4693, 8521, 18600, 17714, 14420, 17499, 19518, 28693, 32463, 3990, 0, 1, 193, 241, 531, 1080, 2023, 2365, 2717, 2554, 4957, 447, 0, 0
18:35:57, 1033.20, 27.74, 30.56, 29.484, 5445, 8637, 12332, 19654, 16102, 18772, 20939, 21387, 36000, 7208, 1, 1, 210, 266, 580, 1165, 2224, 2608, 2991, 2817, 5523, 499, 0, 0
18:35:58, 1028.40, 27.78, 30.54, 29.547, 5763, 8885, 12987, 20957, 20430, 22855, 24857, 30394, 36000, 5888, 1, 1, 213, 271, 592, 1184, 2294, 2670, 3068, 2897, 5675, 517, 0, 0
18:35:59, 1034.90, 27.83, 30.52, 29.547, 4778, 8206, 14181, 16954, 27959, 29728, 32117, 32935, 36000, 13164, 1, 1, 217, 280, 606, 1190, 2216, 2584, 2964, 2811, 5958, 543, 0, 0
18:35:59, 1034.50, 27.87, 30.54, 29.562, 3338, 5900, 10378, 12133, 11808, 14203, 15992, 23604, 26822, 3073, 0, 0, 192, 233, 517, 1074, 2042, 2406, 2767, 2587, 4942, 441, 0, 0
18:36:00, 1031.50, 27.91, 30.50, 29.594, 2388, 4560, 7485, 8932, 18300, 23252, 22590, 27521, 30889, 4382, 0, 0, 206, 260, 570, 1145, 2060, 2404, 2767, 2598, 5126, 465, 0, 0
18:36:01, 1032.30, 27.94, 30.50, 29.594, 3438, 6898, 10071, 11342, 20568, 19315, 21370, 27188, 36000, 5916, 1, 1, 207, 258, 569, 1156, 2075, 2435, 2800, 2622, 5099, 461, 0, 0
18:36:01, 1029.90, 27.98, 30.48, 29.602, 3592, 6504, 12202, 12515, 20410, 23040, 25062, 30626, 36000, 5938, 1, 1, 212, 270, 589, 1175, 2126, 2475, 2846, 2676, 5227, 479, 0, 0
18:36:02, 1032.90, 28.01, 30.54, 29.617, 4876, 9406, 18022, 16980, 13859, 15719, 17695, 26528, 35270, 5295, 0, 1, 203, 254, 558, 1132, 2071, 2430, 2792, 2616, 5003, 450, 0, 0
18:36:03, 1026.70, 28.04, 30.54, 29.617, 3864, 6482, 9547, 13721, 14353, 17664, 19132, 27135, 29974, 4107, 0, 0, 208, 264, 576, 1157, 2170, 2524, 2899, 2726, 5270, 480, 0, 0
18:36:03, 1031.60, 28.06, 30.54, 29.625, 5582, 9399, 15612, 19622, 17672, 18146, 23108, 30332, 36000, 9618, 1, 1, 223, 291, 630, 1237, 2237, 2598, 2980, 2822, 5726, 530, 0, 0
18:36:04, 1033.90, 28.09, 30.46, 29.625, 3538, 6328, 12471, 12768, 15855, 17839, 20305, 26226, 35989, 5504, 0, 1, 197, 245, 540, 1097, 2035, 2393, 2745, 2570, 4940, 441, 0, 0
18:36:05, 1027.80, 28.11, 30.50, 29.625, 3134, 5527, 10376, 11019, 13898, 16340, 17318, 24498, 28935, 4009, 0, 0, 205, 260, 569, 1147, 2127, 2474, 2839, 2672, 5208, 476, 0, 0
18:36:05, 1028.60, 28.13, 30.50, 29.625, 6124, 11198, 21532, 20918, 13459, 15119, 16942, 18876, 35592, 6773, 0, 1, 215, 282, 607, 1189, 2061, 2390, 2743, 2589, 5248, 487, 0, 0
18:36:06, 1030.30, 28.15, 30.48, 29.625, 5318, 9489, 13025, 14030, 15140, 17954, 20039, 25997, 30267, 4395, 0, 0, 194, 242, 533, 1085, 1996, 2337, 2684, 2506, 4756, 429, 0, 0
18:36:07, 1025.70, 28.18, 30.46, 29.625, 4409, 7464, 12552, 14384, 21496, 24850, 25180, 29547, 32349, 5182, 0, 0, 208, 266, 578, 1149, 2146, 2492, 2861, 2682, 5027, 457, 0, 0
18:36:07, 1031.90, 28.20, 30.48, 29.625, 3590, 6473, 13481, 13081, 21565, 21087, 23934, 28294, 36000, 10435, 1, 1, 216, 278, 604, 1203, 2152, 2514, 2884, 2708, 5247, 477, 0, 0
18:36:08, 1030.40, 28.22, 30.48, 29.625, 6072, 11157, 20007, 23936, 13589, 16180, 17141, 24262, 29479, 3964, 0, 0, 196, 244, 537, 1095, 2048, 2398, 2757, 2576, 4808, 432, 0, 0
18:36:09, 1031.00, 28.22, 30.50, 29.625, 4477, 7767, 14283, 14660, 15737, 17822, 19923, 27997, 34867, 5621, 0, 1, 205, 263, 573, 1144, 2112, 2461, 2822, 2663, 5349, 490, 0, 0
18:36:09, 1028.90, 28.24, 30.46, 29.625, 3035, 6171, 12041, 12172, 23559, 25934, 29433, 32912, 36000, 9119, 1, 1, 201, 256, 561, 1122, 2048, 2389, 2744, 2575, 4993, 454, 0, 0
18:36:10, 1031.10, 28.26, 30.45, 29.625, 3812, 7106, 14213, 13164, 22397, 21273, 25738, 31943, 36000, 11484, 1, 1, 214, 276, 599, 1185, 2138, 2493, 2857, 2693, 5381, 489, 0, 0
18:36:11, 1026.90, 28.28, 30.46, 29.633, 4491, 7827, 16045, 15623, 19938, 22586, 24735, 31205, 36000, 7336, 1, 1, 216, 278, 606, 1205, 2223, 2580, 2960, 2785, 5474, 499, 0, 0
18:36:11, 1025.50, 28.29, 30.48, 29.633, 4653, 8564, 18320, 15591, 21024, 21444, 25092, 35376, 36000, 10986, 1, 1, 232, 305, 657, 1277, 2331, 2691, 3081, 2918, 5931, 551, 0, 0
18:36:12, 1027.80, 28.31, 30.48, 29.633, 3973, 9371, 13505, 14782, 27306, 23132, 28198, 35660, 36000, 14455, 1, 1, 226, 294, 639, 1255, 2236, 2601, 2982, 2807, 5440, 493, 0, 0
18:36:13, 1027.20, 28.32, 30.48, 29.641, 4878, 8923, 19220, 16819, 16022, 17932, 20802, 28250, 36000, 7696, 1, 1, 215, 277, 600, 1190, 2229, 2592, 2972, 2798, 5423, 499, 0, 0
18:36:13, 1025.20, 28.33, 30.46, 29.633, 3709, 6723, 12378, 13043, 22441, 24216, 26012, 30783, 35866, 7674, 0, 1, 216, 277, 604, 1199, 2181, 2539, 2912, 2736, 5156, 471, 0, 0
18:36:14, 1029.50, 28.35, 30.46, 29.633, 5160, 8744, 14481, 16859, 20891, 23309, 25082, 32683, 35280, 7480, 0, 1, 219, 285, 614, 1209, 2186, 2546, 2915, 2758, 5413, 502, 0, 0
18:36:15, 1027.70, 28.36, 30.45, 29.625, 4115, 6861, 10940, 14076, 15110, 19124, 19000, 25128, 23117, 3391, 0, 0, 198, 247, 543, 1102, 2083, 2438, 2796, 2623, 4929, 450, 0, 0
18:36:15, 1025.30, 28.37, 30.46, 29.633, 3947, 6756, 11817, 12204, 21870, 25409, 26640, 35670, 34870, 6213, 0, 1, 213, 275, 595, 1176, 2162, 2508, 2876, 2717, 5331, 496, 0, 0
18:36:16, 1025.50, 28.39, 30.46, 29.633, 4567, 9022, 17745, 15370, 19840, 23229, 26551, 35929, 36000, 11313, 1, 1, 219, 285, 614, 1203, 2164, 2511, 2877, 2719, 5385, 499, 0, 0
18:36:16, 1023.90, 28.40, 30.45, 29.633, 4496, 7978, 15993, 14505, 18062, 18890, 22741, 30156, 36000, 10285, 1, 1, 225, 298, 639, 1239, 2232, 2579, 2951, 2803, 5678, 531, 0, 0
18:36:17, 1025.80, 28.41, 30.43, 29.648, 5321, 9021, 20675, 17379, 24741, 20176, 24216, 35132, 36000, 14316, 1, 1, 241, 320, 683, 1309, 2423, 2793, 3192, 3058, 6603, 624, 0, 0
18:36:18, 1024.80, 28.42, 30.43, 29.648, 4315, 8468, 15480, 14581, 21830, 23296, 25801, 36000, 36000, 10602, 1, 1, 229, 302, 649, 1260, 2293, 2648, 3028, 2881, 5842, 546, 0, 0
18:36:18, 1024.90, 28.44, 30.46, 29.648, 4483, 8615, 17150, 14885, 21896, 20436, 22530, 32955, 36000, 9753, 1, 1, 232, 306, 659, 1277, 2291, 2644, 3029, 2879, 5917, 552, 0, 0
18:36:19, 1024.50, 28.45, 30.45, 29.656, 5119, 8587, 16256, 15257, 15544, 17885, 20621, 29930, 36000, 8523, 1, 1, 219, 287, 619, 1209, 2157, 2500, 2865, 2708, 5362, 499, 0, 0
18:36:20, 1027.30, 28.46, 30.46, 29.656, 5208, 9081, 22203, 17927, 19331, 19443, 23935, 31723, 36000, 11436, 1, 1, 223, 292, 628, 1227, 2228, 2583, 2960, 2804, 5670, 529, 0, 0
18:36:20, 1023.50, 28.48, 30.45, 29.656, 3958, 7085, 14031, 12925, 20207, 23591, 23684, 30723, 32325, 5655, 0, 0, 217, 282, 609, 1199, 2196, 2544, 2917, 2756, 5352, 500, 0, 0
18:36:21, 1027.20, 28.49, 30.43, 29.656, 5368, 10032, 21409, 19653, 17096, 18457, 21118, 29252, 36000, 7967, 1, 1, 212, 275, 593, 1169, 2103, 2447, 2806, 2646, 5200, 484, 0, 0
18:36:22, 1024.90, 28.50, 30.45, 29.656, 3604, 6572, 14671, 13865, 12791, 14955, 16317, 22414, 27273, 3999, 0, 0, 207, 262, 572, 1151, 2106, 2459, 2820, 2646, 4961, 454, 0, 0
18:36:22, 1023.40, 28.51, 30.43, 29.648, 5741, 8715, 11414, 15966, 21479, 26837, 26462, 33588, 34760, 6644, 0, 1, 228, 301, 646, 1256, 2240, 2590, 2968, 2808, 5510, 517, 0, 0
18:36:23, 1028.50, 28.52, 30.45, 29.656, 5594, 12402, 18354, 17937, 22334, 18153, 20651, 29066, 36000, 8585, 1, 1, 212, 271, 590, 1177, 2134, 2495, 2867, 2687, 5099, 464, 0, 0
18:36:24, 1024.50, 28.53, 30.46, 29.656, 4776, 8718, 19174, 18037, 13406, 15541, 17790, 25982, 35235, 5500, 0, 1, 217, 279, 606, 1206, 2186, 2541, 2918, 2743, 5216, 478, 0, 0
18:36:24, 1024.10, 28.54, 30.45, 29.656, 4671, 8485, 18258, 16570, 21107, 23312, 28887, 35914, 36000, 14497, 1, 1, 239, 317, 678, 1310, 2357, 2723, 3119, 2966, 6049, 569, 0, 0
18:36:25, 1027.30, 28.55, 30.43, 29.664, 4436, 9365, 15198, 14899, 25139, 19857, 23471, 33316, 36000, 12276, 1, 1, 239, 318, 680, 1310, 2289, 2650, 3039, 2890, 5998, 561, 0, 0
18:36:26, 1024.20, 28.56, 30.45, 29.664, 4156, 7121, 12659, 12753, 19192, 21145, 23224, 29045, 35999, 6830, 0, 1, 217, 282, 607, 1192, 2186, 2535, 2907, 2750, 5416, 507, 0, 0
18:36:26, 1025.00, 28.57, 30.45, 29.648, 5898, 9702, 14604, 17378, 23021, 24371, 28353, 33449, 36000, 10200, 1, 1, 226, 298, 638, 1241, 2302, 2664, 3052, 2897, 5784, 545, 0, 0
18:36:27, 1027.40, 28.58, 30.43, 29.656, 4323, 7968, 15802, 15675, 20315, 21945, 25545, 31589, 36000, 9500, 1, 1, 219, 286, 615, 1203, 2175, 2527, 2895, 2739, 5450, 511, 0, 0
18:36:28, 1032.70, 28.59, 30.46, 29.656, 4796, 9732, 22327, 17998, 15579, 16646, 20541, 26392, 36000, 7329, 1, 1, 198, 247, 542, 1099, 2012, 2366, 2712, 2543, 4786, 434, 0, 0
18:36:28, 1034.60, 28.60, 30.45, 29.656, 4422, 7213, 11375, 14873, 14527, 18527, 18340, 24937, 23894, 3181, 0, 0, 188, 230, 507, 1042, 1933, 2281, 2615, 2447, 4561, 411, 0, 0
18:36:29, 1045.50, 28.60, 30.43, 29.656, 3378, 6116, 12604, 12874, 15300, 16738, 20597, 24757, 35078, 5065, 0, 1, 163, 194, 430, 906, 1667, 1997, 2289, 2130, 3981, 353, 0, 0
18:36:30, 1050.40, 28.61, 30.45, 29.656, 1480, 2749, 4809, 7509, 10423, 11464, 13689, 14691, 17149, 1661, 0, 0, 139, 154, 344, 760, 1535, 1858, 2130, 1970, 3605, 317, 0, 0
18:36:30, 1053.70, 28.62, 30.45, 29.648, 1494, 2486, 4350, 6899, 11757, 13611, 15005, 16814, 16882, 1600, 0, 0, 133, 145, 323, 722, 1473, 1793, 2058, 1897, 3458, 302, 0, 0
18:36:31, 1060.80, 28.64, 30.41, 29.656, 1566, 2851, 6172, 8205, 8431, 9636, 11315, 14193, 18285, 1587, 0, 0, 125, 133, 297, 673, 1363, 1676, 1924, 1762, 3213, 280, 0, 0
18:36:32, 1064.60, 28.65, 30.46, 29.656, 1166, 1893, 3709, 5925, 9132, 10895, 12469, 13820, 16048, 1356, 0, 0, 113, 115, 257, 595, 1283, 1586, 1826, 1665, 3052, 265, 0, 0
18:36:32, 1070.60, 28.65, 30.45, 29.656, 972, 1659, 3657, 5162, 8235, 9461, 11230, 14357, 18041, 1446, 0, 0, 111, 113, 250, 582, 1234, 1534, 1767, 1611, 3027, 262, 0, 0
18:36:33, 1077.40, 28.66, 30.45, 29.664, 1063, 1780, 4382, 6090, 7357, 8598, 10305, 12755, 17687, 1353, 0, 0, 94, 91, 198, 478, 1059, 1337, 1542, 1387, 2487, 214, 0, 0
18:36:34, 1080.60, 28.67, 30.45, 29.664, 740, 1181, 2668, 4369, 5928, 7033, 8399, 9912, 13507, 1011, 0, 0, 89, 85, 185, 449, 1012, 1283, 1481, 1330, 2391, 206, 0, 0
18:36:34, 1086.30, 28.68, 30.43, 29.664, 585, 957, 2116, 3553, 6160, 6850, 8420, 9965, 15815, 1097, 0, 0, 82, 77, 165, 406, 924, 1182, 1366, 1222, 2184, 188, 0, 0
18:36:35, 1089.30, 28.69, 30.43, 29.664, 638, 958, 2296, 3846, 5411, 6456, 7805, 8996, 12553, 910, 0, 0, 76, 70, 148, 370, 867, 1115, 1289, 1149, 2045, 175, 0, 0
18:36:36, 1092.80, 28.69, 30.43, 29.664, 569, 846, 1999, 3456, 5056, 5941, 7263, 8585, 12402, 874, 0, 0, 73, 67, 140, 353, 846, 1095, 1268, 1127, 2008, 172, 0, 0
18:36:36, 1096.20, 28.70, 30.43, 29.656, 486, 697, 1616, 2967, 4563, 5444, 6582, 7641, 10891, 773, 0, 0, 72, 65, 136, 345, 834, 1079, 1248, 1112, 2016, 173, 0, 0
18:36:37, 1106.40, 28.71, 30.41, 29.664, 433, 655, 1430, 2678, 4562, 5157, 6331, 7638, 13514, 946, 0, 0, 66, 59, 121, 308, 726, 954, 1106, 976, 1776, 152, 0, 0
18:36:38, 1116.60, 28.71, 30.39, 29.664, 322, 414, 957, 1944, 3904, 4836, 6007, 6765, 9533, 670, 0, 0, 53, 46, 90, 236, 609, 814, 946, 825, 1462, 125, 0, 0
18:36:38, 1119.50, 28.71, 30.43, 29.664, 335, 426, 1019, 1975, 3455, 4253, 5269, 5742, 8811, 613, 0, 0, 51, 44, 85, 225, 588, 786, 915, 798, 1427, 122, 0, 0
18:36:39, 1129.50, 28.72, 30.43, 29.664, 258, 324, 730, 1559, 2834, 3468, 4278, 4784, 8152, 566, 0, 0, 46, 39, 73, 194, 506, 689, 802, 696, 1252, 107, 0, 0
18:36:40, 1132.50, 28.73, 30.41, 29.664, 216, 251, 571, 1267, 2572, 3242, 4072, 4402, 6646, 459, 0, 0, 41, 34, 63, 168, 471, 646, 752, 649, 1149, 98, 0, 0
18:36:40, 1137.50, 28.74, 30.45, 29.656, 213, 248, 563, 1240, 2530, 3190, 3975, 4292, 6948, 478, 0, 0, 40, 34, 62, 167, 465, 638, 743, 644, 1185, 100, 0, 0
18:36:41, 1150.60, 28.74, 30.41, 29.656, 169, 190, 412, 948, 2012, 2550, 3173, 3439, 5797, 399, 0, 0, 33, 27, 48, 128, 371, 519, 607, 518, 907, 77, 0, 0
18:36:42, 1155.50, 28.75, 30.43, 29.656, 141, 152, 327, 773, 1667, 2157, 2712, 2846, 4528, 309, 0, 0, 30, 24, 42, 113, 340, 481, 563, 478, 834, 71, 0, 0
18:36:42, 1158.70, 28.76, 30.43, 29.664, 138, 146, 310, 745, 1572, 2033, 2553, 2669, 4118, 282, 0, 0, 29, 24, 41, 110, 331, 468, 548, 465, 827, 70, 0, 0
18:36:43, 1169.80, 28.76, 30.43, 29.664, 122, 127, 267, 657, 1359, 1775, 2216, 2330, 4261, 297, 0, 0, 25, 20, 35, 93, 280, 403, 474, 399, 705, 60, 0, 0
18:36:44, 1169.50, 28.77, 30.43, 29.656, 106, 106, 216, 545, 1226, 1619, 2042, 2131, 3449, 237, 0, 0, 23, 19, 31, 84, 272, 392, 461, 387, 676, 58, 0, 0
18:36:44, 1171.30, 28.77, 30.45, 29.656, 114, 115, 236, 595, 1349, 1788, 2249, 2331, 4038, 281, 0, 0, 24, 19, 33, 88, 279, 401, 472, 397, 711, 60, 0, 0
18:36:45, 1179.30, 28.78, 30.41, 29.656, 100, 100, 202, 516, 1188, 1583, 1987, 2074, 3651, 253, 0, 0, 22, 18, 29, 79, 250, 364, 428, 360, 641, 54, 0, 0
18:36:46, 1189.00, 28.78, 30.43, 29.641, 88, 87, 169, 434, 1028, 1387, 1746, 1795, 3164, 221, 0, 0, 19, 15, 24, 65, 214, 315, 373, 311, 549, 47, 0, 0
18:36:46, 1194.90, 28.79, 30.41, 29.648, 75, 72, 137, 362, 873, 1192, 1505, 1535, 2667, 186, 0, 0, 17, 13, 21, 56, 192, 285, 338, 280, 494, 42, 0, 0
18:36:47, 1197.10, 28.80, 30.43, 29.648, 72, 69, 129, 342, 874, 1199, 1518, 1525, 2748, 193, 0, 0, 17, 13, 21, 56, 188, 280, 332, 275, 495, 41, 0, 0
18:36:48, 1204.60, 28.80, 30.45, 29.633, 66, 63, 116, 309, 754, 1037, 1312, 1316, 2433, 173, 0, 0, 15, 12, 18, 48, 168, 252, 298, 246, 438, 37, 0, 0
18:36:48, 1207.90, 28.81, 30.37, 29.641, 62, 59, 106, 284, 731, 1011, 1281, 1284, 2337, 166, 0, 0, 14, 11, 18, 47, 163, 246, 292, 241, 438, 37, 0, 0
18:36:49, 1220.20, 28.81, 30.45, 29.641, 53, 49, 87, 234, 609, 853, 1079, 1070, 2047, 147, 0, 0, 12, 9, 14, 38, 133, 204, 243, 199, 353, 30, 0, 0
18:36:50, 1227.80, 28.82, 30.37, 29.633, 45, 42, 71, 193, 523, 743, 945, 930, 1632, 116, 0, 0, 11, 8, 12, 32, 119, 183, 219, 178, 316, 26, 0, 0
18:36:50, 1240.30, 28.82, 30.45, 29.633, 40, 36, 60, 163, 442, 635, 809, 791, 1429, 102, 0, 0, 9, 7, 10, 25, 97, 152, 182, 147, 256, 21, 0, 0
18:36:51, 1244.00, 28.83, 30.45, 29.633, 33, 30, 47, 128, 375, 546, 698, 678, 1161, 83, 0, 0, 8, 6, 9, 22, 90, 142, 170, 137, 240, 20, 0, 0
18:36:52, 1247.90, 28.83, 30.43, 29.625, 32, 30, 47, 127, 378, 549, 700, 681, 1194, 86, 0, 0, 8, 6, 9, 22, 87, 138, 165, 133, 236, 20, 0, 0
18:36:52, 1257.20, 28.84, 30.43, 29.625, 28, 26, 40, 109, 321, 471, 603, 581, 1036, 75, 0, 0, 7, 5, 8, 19, 75, 121, 145, 116, 205, 17, 0, 0
18:36:53, 1267.80, 28.84, 30.41, 29.625, 24, 22, 33, 88, 270, 402, 515, 491, 862, 62, 0, 0, 6, 4, 6, 16, 64, 104, 125, 100, 174, 14, 0, 0
18:36:54, 1277.10, 28.84, 30.41, 29.617, 21, 19, 28, 74, 234, 352, 453, 429, 745, 54, 0, 0, 5, 4, 5, 13, 56, 92, 111, 88, 155, 13, 0, 0
18:36:54, 1289.00, 28.85, 30.43, 29.625, 17, 16, 22, 59, 192, 294, 377, 354, 626, 45, 0, 0, 4, 3, 4, 11, 46, 77, 94, 74, 130, 10, 0, 0
18:36:55, 1296.50, 28.85, 30.41, 29.625, 15, 13, 19, 49, 164, 254, 326, 303, 538, 39, 0, 0, 3, 2, 4, 9, 41, 68, 83, 65, 115, 9, 0, 0
18:36:56, 1298.80, 28.86, 30.41, 29.617, 13, 12, 16, 43, 151, 234, 302, 279, 497, 36, 0, 0, 3, 2, 4, 8, 39, 66, 80, 63, 112, 9, 0, 0
18:36:56, 1307.30, 28.86, 30.41, 29.617, 12, 11, 15, 40, 139, 216, 278, 255, 483, 36, 0, 0, 3, 2, 3, 7, 34, 58, 71, 55, 99, 8, 0, 0
18:36:57, 1318.80, 28.86, 30.39, 29.617, 11, 10, 13, 34, 121, 189, 244, 223, 422, 31, 0, 0, 2, 2, 3, 6, 29, 50, 61, 47, 85, 7, 0, 0
18:36:58, 1329.20, 28.87, 30.39, 29.602, 8, 8, 10, 25, 93, 149, 193, 174, 310, 23, 0, 0, 2, 1, 2, 5, 24, 42, 52, 40, 70, 5, 0, 0
18:36:58, 1337.30, 28.87, 30.41, 29.594, 7, 7, 8, 21, 81, 131, 170, 153, 272, 20, 0, 0, 1, 1, 2, 4, 21, 37, 46, 35, 61, 4, 0, 0
18:36:59, 1341.00, 28.87, 30.43, 29.594, 7, 6, 8, 19, 76, 123, 159, 143, 255, 19, 0, 0, 1, 1, 2, 4, 20, 35, 44, 33, 59, 4, 0, 0
18:37:00, 1347.70, 28.87, 30.41, 29.555, 6, 6, 7, 16, 67, 109, 141, 126, 227, 17, 0, 0, 1, 1, 1, 3, 18, 32, 39, 30, 53, 4, 0, 0
18:37:00, 1357.90, 28.87, 30.43, 29.539, 5, 5, 6, 15, 59, 98, 126, 112, 207, 16, 0, 0, 1, 1, 1, 3, 15, 28, 35, 26, 46, 3, 0, 0
18:37:01, 1367.80, 28.88, 30.39, 29.539, 5, 4, 5, 12, 51, 85, 109, 97, 173, 13, 0, 0, 1, 0, 1, 2, 13, 24, 30, 23, 40, 3, 0, 0
18:37:02, 1371.80, 28.88, 30.41, 29.492, 4, 4, 4, 10, 44, 75, 97, 85, 147, 11, 0, 0, 1, 0, 1, 2, 12, 22, 28, 21, 37, 2, 0, 0
18:37:02, 1378.70, 28.88, 30.43, 29.453, 4, 4, 4, 10, 41, 70, 91, 80, 140, 11, 0, 0, 0, 0, 1, 2, 11, 20, 26, 19, 34, 2, 0, 0
18:37:03, 1390.10, 28.88, 30.41, 29.453, 3, 3, 3, 8, 36, 61, 79, 69, 120, 9, 0, 0, 0, 0, 1, 2, 9, 17, 22, 17, 29, 2, 0, 0
18:37:04, 1397.20, 28.88, 30.39, 29.406, 3, 3, 3, 7, 31, 53, 69, 60, 99, 8, 0, 0, 0, 0, 0, 1, 8, 16, 20, 15, 26, 2, 0, 0
18:37:04, 1398.60, 28.88, 30.37, 29.352, 2, 3, 3, 6, 29, 50, 65, 57, 94, 7, 0, 0, 0, 0, 0, 1, 8, 15, 20, 15, 26, 1, 0, 0
18:37:05, 1403.90, 28.88, 30.41, 29.352, 2, 3, 3, 6, 29, 50, 64, 56, 99, 8, 0, 0, 0, 0, 0, 1, 7, 14, 19, 14, 25, 1, 0, 0
18:37:06, 1411.20, 28.88, 30.45, 29.289, 2, 2, 2, 5, 26, 45, 59, 51, 89, 7, 0, 0, 0, 0, 0, 1, 7, 13, 17, 13, 22, 1, 0, 0
18:37:06, 1421.40, 28.88, 30.46, 29.234, 2, 2, 2, 5, 22, 40, 51, 44, 79, 6, 0, 0, 0, 0, 0, 1, 6, 11, 15, 11, 19, 1, 0, 0
18:37:07, 1425.80, 28.87, 30.43, 29.234, 2, 2, 2, 4, 20, 36, 47, 40, 69, 5, 0, 0, 0, 0, 0, 1, 5, 10, 14, 10, 18, 1, 0, 0
18:37:08, 1430.80, 28.87, 30.43, 29.195, 2, 2, 1, 4, 19, 34, 44, 37, 62, 5, 0, 0, 0, 0, 0, 1, 5, 10, 13, 10, 17, 1, 0, 0
18:37:08, 1438.20, 28.87, 30.39, 29.172, 1, 2, 1, 3, 17, 31, 40, 34, 58, 5, 0, 0, 0, 0, 0, 1, 4, 9, 12, 8, 15, 1, 0, 0
18:37:09, 1442.30, 28.86, 30.43, 29.172, 1, 2, 1, 3, 16, 29, 37, 32, 51, 4, 0, 0, 0, 0, 0, 1, 4, 8, 11, 8, 14, 1, 0, 0
18:37:10, 1448.10, 28.86, 30.39, 29.156, 1, 1, 1, 3, 14, 26, 34, 28, 47, 4, 0, 0, 0, 0, 0, 0, 4, 7, 10, 7, 13, 0, 0, 0
18:37:10, 1451.90, 28.86, 30.43, 29.156, 1, 1, 1, 2, 14, 25, 32, 28, 46, 4, 0, 0, 0, 0, 0, 0, 3, 7, 10, 7, 12, 0, 0, 0
18:37:11, 1456.60, 28.86, 30.45, 29.156, 1, 1, 1, 2, 13, 23, 30, 26, 43, 3, 0, 0, 0, 0, 0, 0, 3, 7, 9, 7, 11, 0, 0, 0
18:37:12, 1460.60, 28.85, 30.45, 29.156, 1, 1, 1, 2, 12, 22, 29, 24, 41, 3, 0, 0, 0, 0, 0, 0, 3, 6, 8, 6, 11, 0, 0, 0
18:37:12, 1464.80, 28.85, 30.41, 29.156, 1, 1, 1, 2, 11, 21, 27, 23, 39, 3, 0, 0, 0, 0, 0, 0, 3, 6, 8, 6, 10, 0, 0, 0
18:37:13, 1468.60, 28.85, 30.43, 29.148, 1, 1, 1, 2, 10, 19, 25, 21, 36, 3, 0, 0, 0, 0, 0, 0, 2, 5, 8, 5, 9, 0, 0, 0
18:37:14, 1470.70, 28.85, 30.39, 29.148, 1, 1, 1, 2, 10, 20, 25, 21, 35, 3, 0, 0, 0, 0, 0, 0, 2, 5, 7, 5, 9, 0, 0, 0
18:37:14, 1481.60, 28.84, 30.45, 29.148, 1, 1, 0, 2, 9, 18, 23, 19, 34, 3, 0, 0, 0, 0, 0, 0, 2, 5, 7, 5, 8, 0, 0, 0
18:37:15, 1483.90, 28.84, 30.41, 29.148, 1, 1, 0, 1, 8, 16, 20, 17, 29, 2, 0, 0, 0, 0, 0, 0, 2, 4, 6, 4, 8, 0, 0, 0
18:37:16, 1489.80, 28.84, 30.41, 29.141, 1, 1, 0, 1, 8, 16, 20, 17, 29, 2, 0, 0, 0, 0, 0, 0, 2, 4, 6, 4, 7, 0, 0, 0
18:37:16, 1497.70, 28.84, 30.43, 29.141, 0, 1, 0, 1, 7, 14, 18, 15, 25, 2, 0, 0, 0, 0, 0, 0, 1, 3, 5, 4, 6, 0, 0, 0
18:37:17, 1498.10, 28.84, 30.41, 29.148, 0, 1, 0, 1, 7, 13, 17, 14, 24, 2, 0, 0, 0, 0, 0, 0, 1, 3, 5, 4, 6, 0, 0, 0
18:37:18, 1501.60, 28.84, 30.41, 29.164, 0, 1, 0, 1, 7, 13, 17, 14, 24, 2, 0, 0, 0, 0, 0, 0, 1, 3, 5, 3, 6, 0, 0, 0
18:37:18, 1513.00, 28.84, 30.43, 29.164, 0, 1, 0, 1, 6, 12, 15, 12, 23, 2, 0, 0, 0, 0, 0, 0, 1, 3, 4, 3, 5, 0, 0, 0
18:37:19, 1515.30, 28.84, 30.41, 29.164, 0, 1, 0, 1, 5, 11, 13, 11, 19, 2, 0, 0, 0, 0, 0, 0, 1, 3, 4, 3, 5, 0, 0, 0
18:37:20, 1518.60, 28.84, 30.45, 29.172, 0, 1, 0, 1, 5, 10, 13, 11, 19, 2, 0, 0, 0, 0, 0, 0, 1, 2, 4, 3, 5, 0, 0, 0
18:37:20, 1525.00, 28.84, 30.39, 29.172, 0, 1, 0, 1, 5, 10, 12, 10, 18, 2, 0, 0, 0, 0, 0, 0, 1, 2, 3, 3, 5, 0, 0, 0
18:37:21, 1528.60, 28.85, 30.43, 29.164, 0, 1, 0, 0, 4, 9, 12, 9, 16, 2, 0, 0, 0, 0, 0, 0, 1, 2, 3, 2, 4, 0, 0, 0
18:37:22, 1530.10, 28.85, 30.39, 29.172, 0, 1, 0, 0, 4, 9, 11, 9, 16, 1, 0, 0, 0, 0, 0, 0, 1, 2, 3, 2, 4, 0, 0, 0
18:37:22, 1534.60, 28.85, 30.43, 29.172, 0, 1, 0, 0, 4, 9, 11, 9, 16, 1, 0, 0, 0, 0, 0, 0, 1, 2, 3, 2, 4, 0, 0, 0
18:37:23, 1539.20, 28.85, 30.39, 29.172, 0, 1, 0, 0, 4, 8, 10, 8, 14, 1, 0, 0, 0, 0, 0, 0, 0, 2, 3, 2, 4, 0, 0, 0
18:37:24, 1545.10, 28.85, 30.39, 29.172, 0, 1, 0, 0, 3, 7, 9, 8, 13, 1, 0, 0, 0, 0, 0, 0, 0, 2, 3, 2, 3, 0, 0, 0
18:37:24, 1554.00, 28.85, 30.43, 29.172, 0, 1, 0, 0, 3, 7, 9, 7, 13, 1, 0, 0, 0, 0, 0, 0, 0, 1, 2, 2, 3, 0, 0, 0
18:37:25, 1559.30, 28.85, 30.43, 29.164, 0, 0, 0, 0, 3, 6, 8, 6, 10, 1, 0, 0, 0, 0, 0, 0, 0, 1, 2, 2, 3, 0, 0, 0
18:37:26, 1560.80, 28.85, 30.45, 29.164, 0, 0, 0, 0, 3, 6, 7, 6, 10, 1, 0, 0, 0, 0, 0, 0, 0, 1, 2, 1, 3, 0, 0, 0
18:37:26, 1573.60, 28.85, 30.35, 29.164, 0, 0, 0, 0, 2, 5, 7, 5, 10, 1, 0, 0, 0, 0, 0, 0, 0, 1, 2, 1, 2, 0, 0, 0
18:37:27, 1583.20, 28.85, 30.39, 29.156, 0, 0, 0, 0, 2, 4, 5, 4, 7, 1, 0, 0, 0, 0, 0, 0, 0, 1, 2, 1, 2, 0, 0, 0
18:37:28, 1584.30, 28.85, 30.39, 29.156, 0, 0, 0, 0, 2, 4, 5, 4, 7, 1, 0, 0, 0, 0, 0, 0, 0, 1, 1, 1, 2, 0, 0, 0
18:37:28, 1589.30, 28.85, 30.43, 29.156, 0, 0, 0, 0, 2, 4, 5, 4, 7, 1, 0, 0, 0, 0, 0, 0, 0, 1, 1, 1, 2, 0, 0, 0
18:37:29, 1592.30, 28.85, 30.43, 29.148, 0, 0, 0, 0, 2, 4, 5, 4, 7, 1, 0, 0, 0, 0, 0, 0, 0, 0, 1, 1, 2, 0, 0, 0
18:37:30, 1599.80, 28.85, 30.41, 29.156, 0, 0, 0, 0, 1, 4, 4, 3, 6, 1, 0, 0, 0, 0, 0, 0, 0, 0, 1, 1, 2, 0, 0, 0
18:37:30, 1609.80, 28.85, 30.41, 29.156, 0, 0, 0, 0, 1, 3, 4, 3, 5, 1, 0, 0, 0, 0, 0, 0, 0, 0, 1, 1, 2, 0, 0, 0
18:37:31, 1615.10, 28.85, 30.41, 29.172, 0, 0, 0, 0, 1, 3, 3, 2, 4, 1, 0, 0, 0, 0, 0, 0, 0, 0, 1, 1, 1, 0, 0, 0
18:37:31, 1618.90, 28.85, 30.43, 29.211, 0, 0, 0, 0, 1, 3, 3, 2, 4, 1, 0, 0, 0, 0, 0, 0, 0, 0, 1, 1, 1, 0, 0, 0
18:37:32, 1623.70, 28.86, 30.45, 29.211, 0, 0, 0, 0, 1, 3, 3, 2, 4, 1, 0, 0, 0, 0, 0, 0, 0, 0, 1, 1, 1, 0, 0, 0
18:37:33, 1629.70, 28.86, 30.41, 29.227, 0, 0, 0, 0, 1, 2, 2, 2, 3, 1, 0, 0, 0, 0, 0, 0, 0, 0, 1, 1, 1, 0, 0, 0
18:37:33, 1640.10, 28.86, 30.41, 29.242, 0, 0, 0, 0, 1, 2, 2, 2, 3, 1, 0, 0, 0, 0, 0, 0, 0, 0, 1, 1, 1, 0, 0, 0
18:37:34, 1645.60, 28.86, 30.45, 29.242, 0, 0, 0, 0, 0, 2, 2, 1, 3, 1, 0, 0, 0, 0, 0, 0, 0, 0, 1, 1, 1, 0, 0, 0
18:37:35, 1645.50, 28.87, 30.41, 29.250, 0, 0, 0, 0, 0, 2, 2, 1, 2, 0, 0, 0, 0, 0, 0, 0, 0, 0, 1, 1, 1, 0, 0, 0
18:37:35, 1649.30, 28.87, 30.43, 29.258, 0, 0, 0, 0, 0, 2, 2, 1, 2, 1, 0, 0, 0, 0, 0, 0, 0, 0, 0, 0, 1, 0, 0, 0
18:37:36, 1653.20, 28.87, 30.43, 29.258, 0, 0, 0, 0, 0, 2, 1, 1, 2, 1, 0, 0, 0, 0, 0, 0, 0, 0, 0, 0, 0, 0, 0, 0
18:37:37, 1652.20, 28.87, 30.41, 29.266, 0, 0, 0, 0, 0, 2, 2, 1, 2, 0, 0, 0, 0, 0, 0, 0, 0, 0, 0, 0, 0, 0, 0, 0
18:37:37, 1654.00, 28.87, 30.41, 29.273, 0, 0, 0, 0, 0, 2, 1, 1, 2, 0, 0, 0, 0, 0, 0, 0, 0, 0, 0, 0, 0, 0, 0, 0
18:37:38, 1653.90, 28.88, 30.41, 29.273, 0, 0, 0, 0, 0, 1, 1, 1, 2, 0, 0, 0, 0, 0, 0, 0, 0, 0, 1, 0, 1, 0, 0, 0
18:37:39, 1653.80, 28.88, 30.41, 29.273, 0, 0, 0, 0, 0, 1, 1, 0, 2, 0, 0, 0, 0, 0, 0, 0, 0, 0, 0, 0, 1, 0, 0, 0
18:37:39, 1653.90, 28.88, 30.41, 29.273, 0, 0, 0, 0, 0, 1, 1, 1, 2, 0, 0, 0, 0, 0, 0, 0, 0, 0, 0, 1, 1, 0, 0, 0
18:37:40, 1654.30, 28.89, 30.37, 29.281, 0, 0, 0, 0, 0, 1, 1, 1, 2, 0, 0, 0, 0, 0, 0, 0, 0, 0, 1, 0, 1, 0, 0, 0
18:37:41, 1654.50, 28.89, 30.43, 29.273, 0, 0, 0, 0, 0, 1, 1, 1, 2, 0, 0, 0, 0, 0, 0, 0, 0, 0, 0, 0, 1, 0, 0, 0
18:37:41, 1654.40, 28.89, 30.43, 29.273, 0, 0, 0, 0, 0, 1, 1, 1, 2, 0, 0, 0, 0, 0, 0, 0, 0, 0, 0, 0, 1, 0, 0, 0
18:37:42, 1654.50, 28.89, 30.39, 29.273, 0, 0, 0, 0, 0, 1, 1, 1, 2, 0, 0, 0, 0, 0, 0, 0, 0, 0, 0, 0, 1, 0, 0, 0
18:37:43, 1654.20, 28.89, 30.41, 29.281, 0, 0, 0, 0, 0, 1, 1, 1, 2, 0, 0, 0, 0, 0, 0, 0, 0, 0, 0, 0, 1, 0, 0, 0
18:37:43, 1654.40, 28.89, 30.43, 29.281, 0, 0, 0, 0, 0, 1, 1, 1, 2, 0, 0, 0, 0, 0, 0, 0, 0, 0, 0, 0, 1, 0, 0, 0
18:37:44, 1654.40, 28.90, 30.43, 29.273, 0, 0, 0, 0, 0, 1, 1, 1, 2, 0, 0, 0, 0, 0, 0, 0, 0, 0, 0, 0, 1, 0, 0, 0
18:37:45, 1654.40, 28.90, 30.45, 29.281, 0, 0, 0, 0, 0, 1, 1, 1, 2, 0, 0, 0, 0, 0, 0, 0, 0, 0, 0, 0, 1, 0, 0, 0
18:37:45, 1654.50, 28.90, 30.41, 29.281, 0, 0, 0, 0, 0, 1, 1, 1, 2, 0, 0, 0, 0, 0, 0, 0, 0, 0, 0, 0, 1, 0, 0, 0
18:37:46, 1654.30, 28.90, 30.43, 29.273, 0, 0, 0, 0, 0, 1, 1, 0, 2, 0, 0, 0, 0, 0, 0, 0, 0, 0, 1, 0, 1, 0, 0, 0
18:37:47, 1655.00, 28.90, 30.39, 29.289, 0, 0, 0, 0, 0, 1, 0, 0, 1, 0, 0, 0, 0, 0, 0, 0, 0, 0, 1, 1, 1, 0, 0, 0
18:37:47, 1654.80, 28.90, 30.43, 29.289, 0, 0, 0, 0, 0, 1, 1, 0, 2, 0, 0, 0, 0, 0, 0, 0, 0, 0, 0, 0, 1, 0, 0, 0
18:37:48, 1654.20, 28.90, 30.39, 29.281, 0, 0, 0, 0, 0, 1, 1, 0, 1, 0, 0, 0, 0, 0, 0, 0, 0, 0, 0, 0, 1, 0, 0, 0
18:37:49, 1654.20, 28.91, 30.45, 29.289, 0, 0, 0, 0, 0, 1, 0, 0, 1, 0, 0, 0, 0, 0, 0, 0, 0, 0, 0, 0, 1, 0, 0, 0
18:37:49, 1654.30, 28.91, 30.43, 29.289, 0, 0, 0, 0, 0, 1, 0, 0, 1, 0, 0, 0, 0, 0, 0, 0, 0, 0, 0, 0, 1, 0, 0, 0
18:37:50, 1654.20, 28.91, 30.45, 29.281, 0, 0, 0, 0, 0, 1, 0, 0, 1, 0, 0, 0, 0, 0, 0, 0, 0, 0, 0, 0, 1, 0, 0, 0
18:37:51, 1654.50, 28.91, 30.43, 29.281, 0, 0, 0, 0, 0, 1, 0, 0, 1, 0, 0, 0, 0, 0, 0, 0, 0, 0, 0, 0, 1, 0, 0, 0
18:37:51, 1654.50, 28.91, 30.45, 29.281, 0, 0, 0, 0, 0, 1, 0, 0, 1, 0, 0, 0, 0, 0, 0, 0, 0, 0, 0, 0, 1, 0, 0, 0
18:37:52, 1654.30, 28.92, 30.39, 29.281, 0, 0, 0, 0, 0, 1, 0, 0, 1, 0, 0, 0, 0, 0, 0, 0, 0, 0, 0, 0, 1, 0, 0, 0
18:37:53, 1654.90, 28.92, 30.41, 29.289, 0, 0, 0, 0, 0, 1, 0, 0, 1, 0, 0, 0, 0, 0, 0, 0, 0, 0, 0, 0, 1, 0, 0, 0
18:37:53, 1654.80, 28.91, 30.39, 29.289, 0, 0, 0, 0, 0, 1, 0, 0, 1, 0, 0, 0, 0, 0, 0, 0, 0, 0, 0, 0, 1, 0, 0, 0
18:37:54, 1655.10, 28.92, 30.45, 29.289, 0, 0, 0, 0, 0, 1, 0, 0, 1, 0, 0, 0, 0, 0, 0, 0, 0, 0, 1, 1, 1, 0, 0, 0
18:37:55, 1654.90, 28.92, 30.41, 29.289, 0, 0, 0, 0, 0, 1, 1, 0, 1, 0, 0, 0, 0, 0, 0, 0, 0, 0, 0, 0, 1, 0, 0, 0
18:37:55, 1654.70, 28.92, 30.39, 29.289, 0, 0, 0, 0, 0, 1, 0, 0, 1, 0, 0, 0, 0, 0, 0, 0, 0, 0, 0, 0, 1, 0, 0, 0
18:37:56, 1655.10, 28.93, 30.45, 29.289, 0, 0, 0, 0, 0, 1, 0, 0, 1, 0, 0, 0, 0, 0, 0, 0, 0, 0, 0, 0, 1, 0, 0, 0
18:37:57, 1654.90, 28.93, 30.39, 29.289, 0, 0, 0, 0, 0, 1, 0, 0, 1, 0, 0, 0, 0, 0, 0, 0, 0, 0, 0, 0, 1, 0, 0, 0
18:37:57, 1655.10, 28.93, 30.39, 29.289, 0, 0, 0, 0, 0, 1, 0, 0, 1, 0, 0, 0, 0, 0, 0, 0, 0, 0, 0, 0, 1, 0, 0, 0
18:37:58, 1655.00, 28.93, 30.41, 29.281, 0, 0, 0, 0, 0, 1, 0, 0, 1, 0, 0, 0, 0, 0, 0, 0, 0, 0, 1, 1, 1, 0, 0, 0
18:37:59, 1654.70, 28.93, 30.43, 29.289, 0, 0, 0, 0, 0, 1, 0, 0, 1, 0, 0, 0, 0, 0, 0, 0, 0, 0, 1, 1, 1, 0, 0, 0
18:37:59, 1655.30, 28.94, 30.41, 29.289, 0, 0, 0, 0, 0, 1, 0, 0, 1, 0, 0, 0, 0, 0, 0, 0, 0, 0, 1, 1, 1, 0, 0, 0
18:38:00, 1655.00, 28.94, 30.41, 29.297, 0, 0, 0, 0, 0, 1, 0, 0, 1, 0, 0, 0, 0, 0, 0, 0, 0, 0, 1, 1, 1, 0, 0, 0
18:38:01, 1652.70, 28.94, 30.41, 29.305, 0, 0, 0, 0, 0, 1, 0, 0, 1, 0, 0, 0, 0, 0, 0, 0, 0, 1, 1, 1, 2, 0, 0, 0
18:38:01, 1651.70, 28.94, 30.39, 29.305, 0, 0, 0, 0, 0, 1, 0, 0, 0, 0, 0, 0, 0, 0, 0, 0, 0, 1, 2, 1, 2, 0, 0, 0
18:38:02, 1658.30, 28.94, 30.43, 29.297, 0, 0, 0, 0, 0, 1, 0, 0, 0, 0, 0, 0, 0, 0, 0, 0, 0, 0, 1, 0, 0, 0, 0, 0
18:38:03, 1663.30, 28.94, 30.43, 29.297, 0, 0, 0, 0, 0, 0, 0, 0, 0, 0, 0, 0, 0, 0, 0, 0, 0, 1, 2, 2, 2, 0, 0, 0
18:38:03, 1664.20, 28.94, 30.41, 29.297, 0, 0, 0, 0, 0, 0, 0, 0, 0, 0, 0, 0, 0, 0, 0, 0, 2, 6, 9, 7, 12, 0, 0, 0
18:38:04, 1662.10, 28.95, 30.43, 29.305, 0, 0, 0, 0, 0, 0, 0, 0, 0, 0, 0, 0, 0, 0, 1, 1, 9, 20, 29, 22, 40, 3, 0, 0
18:38:05, 1661.20, 28.95, 30.37, 29.305, 0, 0, 0, 0, 0, 0, 0, 0, 0, 0, 0, 0, 0, 0, 1, 1, 9, 20, 29, 22, 42, 3, 0, 0
18:38:05, 1660.00, 28.95, 30.41, 29.305, 0, 0, 0, 0, 0, 0, 0, 0, 0, 0, 0, 0, 0, 0, 0, 1, 9, 19, 28, 21, 41, 3, 0, 0
18:38:06, 1659.20, 28.95, 30.39, 29.312, 0, 0, 0, 0, 0, 0, 0, 0, 0, 0, 0, 0, 0, 0, 1, 1, 10, 21, 30, 23, 40, 3, 0, 0
18:38:07, 1658.90, 28.96, 30.43, 29.312, 0, 0, 0, 0, 0, 0, 0, 0, 0, 0, 0, 0, 1, 0, 1, 1, 10, 21, 30, 23, 40, 3, 0, 0
18:38:07, 1658.20, 28.96, 30.43, 29.312, 0, 0, 0, 0, 0, 0, 0, 0, 0, 0, 0, 0, 0, 0, 1, 1, 9, 19, 27, 21, 37, 2, 0, 0
18:38:08, 1656.70, 28.96, 30.45, 29.312, 0, 0, 0, 0, 0, 0, 0, 0, 0, 0, 0, 0, 0, 0, 1, 1, 9, 19, 28, 21, 37, 2, 0, 0
18:38:09, 1657.90, 28.96, 30.43, 29.305, 0, 0, 0, 0, 0, 0, 0, 0, 0, 0, 0, 0, 0, 0, 1, 1, 8, 17, 25, 19, 25, 1, 0, 0
18:38:09, 1658.50, 28.96, 30.41, 29.305, 0, 0, 0, 0, 0, 0, 0, 0, 0, 0, 0, 0, 0, 0, 0, 1, 8, 16, 25, 18, 22, 1, 0, 0
18:38:10, 1657.90, 28.97, 30.41, 29.305, 0, 0, 0, 0, 0, 0, 0, 0, 0, 0, 0, 0, 0, 0, 0, 1, 5, 12, 18, 14, 17, 1, 0, 0
18:38:11, 1658.80, 28.97, 30.41, 29.305, 0, 0, 0, 0, 0, 0, 0, 0, 0, 0, 0, 0, 0, 0, 1, 1, 9, 18, 27, 20, 24, 1, 0, 0
18:38:11, 1659.80, 28.97, 30.45, 29.305, 0, 0, 0, 0, 0, 0, 0, 0, 0, 0, 0, 0, 0, 0, 1, 1, 10, 21, 31, 23, 29, 2, 0, 0
18:38:12, 1659.30, 28.97, 30.39, 29.305, 0, 0, 0, 0, 0, 0, 0, 0, 0, 0, 0, 0, 1, 0, 1, 1, 10, 21, 31, 23, 29, 2, 0, 0
18:38:13, 1659.40, 28.98, 30.45, 29.305, 0, 0, 0, 0, 0, 0, 0, 0, 0, 0, 0, 0, 0, 0, 1, 1, 8, 18, 27, 20, 26, 1, 0, 0
18:38:13, 1657.80, 28.98, 30.43, 29.305, 0, 0, 0, 0, 0, 0, 0, 0, 0, 0, 0, 0, 0, 0, 0, 1, 6, 14, 21, 16, 20, 1, 0, 0
18:38:14, 1655.70, 28.98, 30.41, 29.305, 0, 0, 0, 0, 0, 0, 0, 0, 0, 0, 0, 0, 0, 0, 0, 1, 4, 8, 13, 10, 11, 0, 0, 0
18:38:15, 1658.10, 28.99, 30.45, 29.305, 0, 0, 0, 0, 0, 0, 0, 0, 0, 0, 0, 0, 0, 0, 0, 0, 1, 4, 7, 5, 7, 0, 0, 0
18:38:15, 1656.40, 28.99, 30.37, 29.305, 0, 0, 0, 0, 0, 0, 0, 0, 0, 0, 0, 0, 0, 0, 0, 1, 6, 15, 22, 17, 30, 2, 0, 0
18:38:16, 1654.80, 28.99, 30.41, 29.305, 0, 0, 0, 0, 0, 0, 0, 0, 0, 0, 0, 0, 0, 0, 0, 1, 6, 15, 21, 17, 31, 2, 0, 0
18:38:17, 1650.50, 28.99, 30.43, 29.305, 0, 0, 0, 0, 0, 0, 0, 0, 0, 0, 0, 0, 0, 0, 0, 1, 6, 13, 19, 15, 32, 2, 0, 0
18:38:17, 1653.80, 28.99, 30.43, 29.312, 0, 0, 0, 0, 0, 0, 0, 0, 0, 0, 0, 0, 0, 0, 0, 1, 7, 14, 22, 16, 19, 1, 0, 0
18:38:18, 1653.00, 29.00, 30.39, 29.312, 0, 0, 0, 0, 0, 0, 0, 0, 0, 0, 0, 0, 0, 0, 1, 1, 9, 18, 27, 20, 25, 1, 0, 0
18:38:19, 1649.00, 29.00, 30.41, 29.312, 0, 0, 0, 0, 0, 0, 0, 0, 0, 0, 0, 0, 0, 0, 0, 0, 0, 0, 1, 1, 2, 0, 0, 0
18:38:19, 1649.10, 29.00, 30.43, 29.305, 0, 0, 0, 0, 0, 1, 0, 0, 0, 0, 0, 0, 0, 0, 0, 0, 0, 0, 0, 0, 0, 0, 0, 0
18:38:20, 1633.80, 29.00, 30.45, 29.312, 0, 0, 0, 0, 0, 2, 1, 1, 1, 0, 0, 0, 0, 0, 0, 0, 0, 0, 1, 1, 1, 0, 0, 0
18:38:21, 1614.10, 29.01, 30.39, 29.312, 0, 0, 0, 0, 0, 2, 2, 1, 2, 0, 0, 0, 0, 0, 0, 0, 0, 1, 2, 1, 2, 0, 0, 0
18:38:21, 1610.40, 29.01, 30.43, 29.320, 0, 0, 0, 0, 1, 3, 3, 2, 4, 1, 0, 0, 0, 0, 0, 0, 0, 0, 0, 0, 0, 0, 0, 0
18:38:22, 1604.60, 29.02, 30.39, 29.328, 0, 0, 0, 0, 0, 1, 1, 1, 1, 0, 0, 0, 0, 0, 0, 0, 0, 0, 1, 1, 1, 0, 0, 0
18:38:23, 1582.70, 29.02, 30.43, 29.328, 0, 0, 0, 0, 0, 2, 2, 1, 1, 0, 0, 0, 0, 0, 0, 0, 1, 2, 4, 3, 3, 0, 0, 0
18:38:23, 1562.60, 29.02, 30.43, 29.320, 0, 0, 0, 0, 1, 2, 2, 2, 1, 0, 0, 0, 0, 0, 0, 0, 0, 1, 2, 2, 2, 0, 0, 0
18:38:24, 1538.70, 29.03, 30.45, 29.336, 0, 0, 0, 0, 0, 1, 1, 1, 0, 0, 0, 0, 0, 0, 0, 0, 0, 1, 2, 2, 2, 0, 0, 0
18:38:25, 1508.40, 29.04, 30.41, 29.336, 0, 0, 0, 0, 1, 2, 2, 2, 0, 0, 0, 0, 0, 0, 0, 0, 2, 4, 6, 4, 5, 0, 0, 0
18:38:25, 1483.70, 29.04, 30.41, 29.344, 0, 0, 0, 0, 0, 1, 0, 0, 0, 0, 0, 0, 0, 0, 0, 1, 5, 10, 13, 10, 13, 1, 0, 0
18:38:26, 1465.40, 29.05, 30.46, 29.359, 0, 0, 0, 0, 0, 1, 0, 0, 0, 0, 0, 0, 1, 1, 2, 3, 17, 33, 44, 32, 34, 2, 0, 0
18:38:27, 1445.00, 29.06, 30.43, 29.359, 0, 0, 0, 0, 0, 0, 0, 0, 0, 0, 0, 0, 10, 8, 10, 20, 102, 188, 253, 198, 294, 24, 0, 0
18:38:27, 1459.50, 29.06, 30.45, 29.352, 0, 0, 0, 0, 3, 7, 9, 7, 14, 1, 0, 0, 0, 0, 0, 1, 6, 13, 20, 15, 19, 1, 0, 0
18:38:28, 1480.40, 29.06, 30.41, 29.359, 0, 1, 0, 0, 5, 10, 12, 10, 15, 1, 0, 0, 0, 0, 0, 0, 2, 5, 8, 7, 10, 0, 0, 0
18:38:29, 1484.40, 29.06, 30.41, 29.359, 1, 1, 0, 1, 6, 13, 16, 13, 29, 3, 0, 0, 0, 0, 0, 1, 3, 7, 11, 9, 14, 0, 0, 0
18:38:29, 1480.40, 29.06, 30.41, 29.336, 0, 1, 0, 0, 2, 6, 7, 5, 9, 1, 0, 0, 0, 0, 0, 1, 4, 9, 13, 11, 16, 1, 0, 0
18:38:30, 1484.40, 29.06, 30.41, 29.352, 0, 1, 0, 0, 5, 11, 13, 11, 15, 1, 0, 0, 0, 0, 0, 0, 1, 4, 7, 6, 4, 0, 0, 0
18:38:31, 1486.30, 29.07, 30.37, 29.352, 0, 1, 0, 1, 5, 10, 13, 11, 14, 1, 0, 0, 0, 0, 0, 0, 2, 4, 7, 6, 6, 0, 0, 0
18:38:31, 1481.90, 29.07, 30.41, 29.359, 0, 1, 0, 0, 3, 6, 7, 6, 8, 1, 0, 0, 0, 0, 0, 1, 3, 7, 11, 9, 11, 0, 0, 0
18:38:32, 1485.80, 29.08, 30.45, 29.367, 0, 1, 0, 0, 5, 9, 12, 9, 12, 1, 0, 0, 0, 0, 0, 0, 1, 2, 4, 4, 4, 0, 0, 0
18:38:33, 1487.80, 29.08, 30.41, 29.367, 0, 1, 0, 0, 4, 9, 12, 9, 13, 1, 0, 0, 0, 0, 0, 0, 1, 4, 6, 5, 5, 0, 0, 0
18:38:33, 1488.90, 29.08, 30.41, 29.359, 0, 1, 0, 1, 4, 9, 12, 9, 15, 1, 0, 0, 0, 0, 0, 0, 2, 6, 9, 8, 11, 0, 0, 0
18:38:34, 1491.10, 29.08, 30.39, 29.352, 0, 1, 0, 1, 5, 10, 13, 11, 18, 2, 0, 0, 0, 0, 0, 0, 2, 4, 7, 6, 8, 0, 0, 0
18:38:35, 1492.70, 29.09, 30.39, 29.352, 0, 1, 0, 1, 5, 10, 13, 10, 15, 1, 0, 0, 0, 0, 0, 0, 1, 2, 4, 3, 4, 0, 0, 0
18:38:35, 1492.30, 29.09, 30.41, 29.328, 0, 1, 0, 0, 4, 8, 10, 8, 10, 1, 0, 0, 0, 0, 0, 0, 1, 4, 6, 5, 7, 0, 0, 0
18:38:36, 1495.40, 29.09, 30.45, 29.305, 0, 1, 0, 1, 5, 9, 12, 10, 14, 1, 0, 0, 0, 0, 0, 0, 1, 3, 6, 5, 7, 0, 0, 0
18:38:37, 1501.10, 29.09, 30.45, 29.305, 0, 1, 0, 1, 5, 10, 13, 10, 18, 2, 0, 0, 0, 0, 0, 0, 2, 4, 7, 6, 9, 0, 0, 0
18:38:37, 1501.60, 29.08, 30.45, 29.297, 0, 1, 0, 0, 3, 7, 9, 7, 11, 1, 0, 0, 0, 0, 0, 0, 2, 5, 8, 6, 9, 0, 0, 0
18:38:38, 1500.00, 29.08, 30.45, 29.305, 0, 1, 0, 0, 3, 7, 8, 7, 9, 1, 0, 0, 0, 0, 0, 0, 2, 4, 7, 6, 9, 0, 0, 0
18:38:39, 1498.90, 29.09, 30.43, 29.305, 0, 1, 0, 0, 4, 7, 9, 7, 12, 1, 0, 0, 0, 0, 0, 0, 2, 5, 7, 6, 9, 0, 0, 0
18:38:39, 1496.90, 29.08, 30.45, 29.312, 0, 1, 0, 0, 4, 8, 9, 7, 11, 1, 0, 0, 0, 0, 0, 0, 2, 4, 6, 5, 8, 0, 0, 0
18:38:40, 1492.80, 29.09, 30.45, 29.328, 0, 1, 0, 0, 4, 9, 11, 9, 14, 1, 0, 0, 0, 0, 0, 0, 2, 4, 7, 5, 9, 0, 0, 0
18:38:41, 1486.50, 29.09, 30.43, 29.328, 0, 1, 0, 0, 4, 9, 10, 8, 14, 1, 0, 0, 0, 0, 0, 0, 2, 4, 7, 6, 9, 0, 0, 0
18:38:41, 1483.30, 29.09, 30.43, 29.336, 0, 1, 0, 1, 5, 10, 12, 10, 15, 1, 0, 0, 0, 0, 0, 0, 2, 5, 7, 6, 9, 0, 0, 0
18:38:42, 1477.40, 29.09, 30.39, 29.359, 0, 1, 0, 1, 5, 10, 13, 10, 17, 2, 0, 0, 0, 0, 0, 0, 2, 5, 8, 6, 10, 0, 0, 0
18:38:43, 1473.10, 29.09, 30.41, 29.359, 0, 1, 0, 1, 6, 11, 14, 11, 18, 2, 0, 0, 0, 0, 0, 0, 2, 6, 8, 7, 11, 0, 0, 0
18:38:43, 1472.80, 29.09, 30.41, 29.359, 0, 1, 0, 1, 6, 12, 15, 12, 20, 2, 0, 0, 0, 0, 0, 0, 2, 6, 9, 7, 11, 0, 0, 0
18:38:44, 1472.30, 29.10, 30.45, 29.344, 0, 1, 0, 1, 6, 12, 15, 12, 21, 2, 0, 0, 0, 0, 0, 0, 3, 6, 10, 8, 12, 0, 0, 0
18:38:45, 1468.30, 29.10, 30.41, 29.344, 0, 1, 0, 1, 6, 12, 15, 12, 20, 2, 0, 0, 0, 0, 0, 0, 3, 6, 10, 8, 13, 0, 0, 0
18:38:45, 1463.40, 29.10, 30.45, 29.344, 0, 1, 0, 1, 6, 13, 16, 13, 20, 2, 0, 0, 0, 0, 0, 0, 3, 6, 10, 8, 13, 0, 0, 0
18:38:46, 1459.30, 29.10, 30.43, 29.328, 0, 1, 0, 1, 7, 14, 18, 14, 23, 2, 0, 0, 0, 0, 0, 0, 2, 5, 7, 6, 12, 0, 0, 0
18:38:47, 1450.60, 29.10, 30.43, 29.328, 0, 1, 0, 1, 7, 14, 18, 15, 23, 2, 0, 0, 0, 0, 0, 0, 2, 5, 8, 7, 13, 0, 0, 0
18:38:47, 1444.40, 29.10, 30.43, 29.312, 0, 1, 0, 1, 5, 11, 13, 11, 13, 1, 0, 0, 0, 0, 0, 0, 1, 3, 6, 5, 7, 0, 0, 0
18:38:48, 1439.40, 29.10, 30.39, 29.312, 0, 1, 0, 1, 6, 12, 15, 12, 15, 1, 0, 0, 0, 0, 0, 0, 4, 9, 14, 12, 17, 1, 0, 0
18:38:49, 1429.60, 29.10, 30.43, 29.312, 1, 1, 1, 2, 11, 20, 25, 20, 39, 3, 0, 0, 0, 0, 0, 1, 9, 19, 27, 23, 38, 3, 0, 0
18:38:49, 1423.50, 29.11, 30.43, 29.305, 1, 1, 1, 2, 11, 20, 25, 20, 48, 4, 0, 0, 0, 0, 0, 1, 5, 10, 16, 14, 25, 1, 0, 0
18:38:50, 1418.40, 29.11, 30.43, 29.305, 1, 1, 1, 2, 13, 24, 30, 25, 43, 4, 0, 0, 0, 0, 0, 1, 4, 8, 13, 11, 19, 1, 0, 0
18:38:51, 1417.00, 29.11, 30.43, 29.312, 1, 1, 1, 2, 13, 24, 30, 25, 36, 3, 0, 0, 0, 0, 0, 0, 3, 7, 11, 10, 15, 1, 0, 0
18:38:51, 1414.20, 29.11, 30.43, 29.312, 1, 1, 1, 3, 14, 26, 32, 27, 38, 3, 0, 0, 0, 0, 0, 1, 6, 12, 18, 16, 22, 1, 0, 0
18:38:52, 1412.90, 29.11, 30.45, 29.312, 1, 1, 1, 3, 15, 27, 34, 29, 42, 3, 0, 0, 0, 0, 0, 1, 7, 13, 20, 17, 25, 2, 0, 0
18:38:53, 1407.30, 29.11, 30.43, 29.328, 1, 2, 1, 3, 18, 32, 41, 34, 59, 5, 0, 0, 0, 0, 1, 1, 8, 16, 24, 20, 32, 2, 0, 0
18:38:53, 1403.30, 29.12, 30.45, 29.398, 1, 2, 1, 3, 16, 29, 36, 30, 53, 4, 0, 0, 0, 0, 1, 2, 9, 18, 25, 21, 36, 2, 0, 0
18:38:54, 1402.10, 29.12, 30.45, 29.398, 1, 2, 1, 3, 17, 30, 37, 31, 51, 4, 0, 0, 0, 0, 1, 2, 9, 17, 24, 21, 32, 2, 0, 0
18:38:55, 1397.60, 29.12, 30.41, 29.437, 1, 2, 1, 3, 16, 28, 35, 30, 45, 4, 0, 0, 0, 0, 1, 2, 9, 18, 25, 21, 32, 2, 0, 0
18:38:55, 1393.90, 29.12, 30.43, 29.461, 1, 2, 1, 3, 18, 32, 40, 34, 52, 4, 0, 0, 0, 0, 1, 2, 9, 18, 25, 22, 33, 2, 0, 0
18:38:56, 1391.30, 29.13, 30.43, 29.461, 2, 2, 2, 4, 20, 35, 44, 37, 62, 5, 0, 0, 0, 0, 1, 2, 9, 18, 25, 22, 34, 2, 0, 0
18:38:57, 1385.40, 29.13, 30.43, 29.484, 2, 2, 2, 5, 23, 39, 49, 41, 74, 6, 0, 0, 0, 0, 1, 2, 11, 21, 28, 24, 38, 3, 0, 0
18:38:57, 1378.10, 29.13, 30.41, 29.500, 1, 2, 1, 3, 18, 31, 38, 32, 54, 4, 0, 0, 1, 0, 1, 2, 12, 23, 31, 25, 40, 3, 0, 0
18:38:58, 1378.20, 29.14, 30.46, 29.500, 2, 2, 2, 5, 23, 40, 50, 42, 64, 5, 0, 0, 1, 0, 1, 2, 11, 22, 29, 25, 38, 2, 0, 0
18:38:59, 1374.90, 29.14, 30.45, 29.492, 2, 2, 2, 5, 24, 42, 52, 44, 68, 5, 0, 0, 1, 0, 1, 2, 12, 22, 30, 25, 39, 3, 0, 0
18:38:59, 1368.70, 29.15, 30.43, 29.500, 2, 2, 2, 6, 26, 44, 55, 47, 76, 6, 0, 0, 1, 0, 1, 2, 13, 24, 32, 26, 42, 3, 0, 0
18:39:00, 1365.00, 29.15, 30.50, 29.500, 2, 3, 2, 7, 29, 49, 61, 52, 88, 7, 0, 0, 1, 0, 1, 2, 13, 24, 32, 27, 43, 3, 0, 0
18:39:01, 1362.00, 29.16, 30.46, 29.516, 2, 3, 3, 7, 30, 50, 62, 53, 92, 7, 0, 0, 1, 0, 1, 2, 13, 25, 33, 27, 44, 3, 0, 0
18:39:01, 1355.80, 29.16, 30.37, 29.523, 2, 2, 2, 6, 28, 47, 58, 49, 80, 6, 0, 0, 1, 1, 1, 3, 15, 27, 36, 29, 47, 3, 0, 0
18:39:02, 1353.80, 29.17, 30.43, 29.523, 3, 3, 3, 7, 31, 52, 64, 55, 83, 6, 0, 0, 1, 1, 1, 3, 15, 27, 35, 29, 46, 3, 0, 0
18:39:03, 1351.10, 29.17, 30.43, 29.547, 3, 3, 3, 7, 33, 54, 67, 57, 87, 7, 0, 0, 1, 1, 1, 3, 15, 27, 35, 29, 46, 3, 0, 0
18:39:03, 1344.90, 29.17, 30.43, 29.570, 3, 3, 3, 8, 34, 56, 69, 59, 95, 7, 0, 0, 1, 1, 1, 3, 16, 30, 39, 31, 52, 4, 0, 0
18:39:04, 1340.90, 29.18, 30.43, 29.570, 3, 3, 3, 9, 36, 60, 74, 64, 105, 8, 0, 0, 1, 1, 1, 3, 17, 31, 40, 32, 53, 4, 0, 0
18:39:05, 1339.40, 29.18, 30.39, 29.578, 4, 4, 4, 10, 41, 67, 83, 72, 113, 8, 0, 0, 1, 1, 1, 3, 17, 31, 40, 32, 52, 4, 0, 0
18:39:05, 1335.80, 29.19, 30.43, 29.617, 3, 3, 4, 9, 40, 64, 80, 69, 108, 8, 0, 0, 1, 1, 1, 3, 17, 31, 40, 33, 53, 4, 0, 0
18:39:06, 1329.40, 29.19, 30.41, 29.617, 4, 3, 4, 10, 43, 69, 86, 74, 122, 9, 0, 0, 1, 1, 2, 4, 20, 35, 45, 36, 59, 4, 0, 0
18:39:07, 1324.40, 29.20, 30.43, 29.625, 4, 4, 4, 12, 43, 70, 87, 75, 124, 9, 0, 0, 1, 1, 2, 4, 21, 37, 48, 38, 64, 5, 0, 0
18:39:07, 1319.90, 29.20, 30.45, 29.641, 4, 4, 5, 13, 50, 81, 100, 87, 150, 11, 0, 0, 1, 1, 2, 4, 22, 39, 50, 40, 68, 5, 0, 0
18:39:08, 1314.40, 29.21, 30.45, 29.641, 4, 4, 5, 13, 53, 85, 104, 91, 142, 11, 0, 0, 2, 1, 2, 5, 25, 43, 55, 43, 71, 5, 0, 0
18:39:09, 1309.60, 29.21, 30.45, 29.641, 5, 5, 6, 15, 60, 94, 116, 102, 152, 11, 0, 0, 2, 1, 2, 5, 25, 44, 56, 45, 74, 6, 0, 0
18:39:09, 1300.30, 29.22, 30.39, 29.641, 6, 5, 6, 17, 65, 102, 125, 110, 180, 13, 0, 0, 2, 2, 3, 6, 30, 50, 63, 51, 86, 7, 0, 0
18:39:10, 1296.10, 29.22, 30.46, 29.641, 6, 6, 7, 20, 73, 113, 139, 123, 200, 15, 0, 0, 2, 2, 3, 7, 32, 54, 68, 54, 91, 7, 0, 0
18:39:11, 1289.80, 29.23, 30.45, 29.648, 7, 6, 8, 22, 80, 123, 152, 136, 211, 15, 0, 0, 3, 2, 3, 7, 34, 57, 71, 58, 94, 7, 0, 0
18:39:11, 1286.40, 29.23, 30.43, 29.656, 8, 7, 9, 26, 92, 140, 175, 157, 241, 18, 0, 0, 3, 2, 3, 8, 35, 59, 75, 61, 98, 8, 0, 0
18:39:12, 1281.30, 29.24, 30.41, 29.656, 8, 8, 10, 28, 100, 150, 187, 169, 275, 20, 0, 0, 3, 2, 3, 8, 37, 61, 77, 63, 106, 8, 0, 0
18:39:13, 1274.00, 29.24, 30.43, 29.633, 9, 8, 11, 31, 101, 152, 188, 169, 287, 21, 0, 0, 3, 3, 4, 10, 44, 73, 90, 73, 125, 10, 0, 0
18:39:13, 1267.80, 29.24, 30.43, 29.648, 10, 9, 12, 34, 113, 169, 208, 189, 305, 22, 0, 0, 4, 3, 4, 11, 47, 78, 97, 79, 134, 11, 0, 0
18:39:14, 1260.70, 29.25, 30.41, 29.648, 11, 10, 14, 39, 127, 189, 232, 212, 319, 23, 0, 0, 4, 3, 5, 13, 54, 88, 110, 90, 147, 12, 0, 0
18:39:15, 1254.00, 29.25, 30.43, 29.656, 12, 11, 16, 44, 145, 212, 261, 239, 357, 26, 0, 0, 5, 4, 6, 14, 59, 96, 120, 100, 163, 13, 0, 0
18:39:15, 1247.70, 29.25, 30.45, 29.680, 14, 13, 19, 53, 162, 235, 289, 266, 424, 31, 0, 0, 6, 4, 6, 16, 65, 104, 130, 110, 182, 15, 0, 0
18:39:16, 1242.10, 29.26, 30.41, 29.680, 14, 12, 19, 52, 167, 242, 296, 273, 467, 34, 0, 0, 6, 5, 7, 18, 71, 114, 143, 121, 205, 17, 0, 0
18:39:17, 1235.60, 29.26, 30.45, 29.687, 16, 14, 22, 61, 175, 253, 309, 287, 468, 34, 0, 0, 7, 6, 8, 21, 82, 130, 163, 139, 228, 19, 0, 0
18:39:17, 1226.80, 29.27, 30.45, 29.703, 17, 15, 23, 64, 189, 271, 331, 310, 468, 34, 0, 0, 8, 6, 10, 25, 94, 147, 185, 159, 257, 22, 0, 0
18:39:18, 1219.70, 29.27, 30.43, 29.703, 20, 18, 29, 79, 232, 326, 402, 379, 551, 39, 0, 0, 9, 7, 11, 27, 101, 158, 200, 177, 276, 24, 0, 0
18:39:18, 1212.10, 29.27, 30.45, 29.695, 22, 20, 33, 91, 262, 364, 448, 426, 641, 46, 0, 0, 10, 8, 13, 32, 117, 180, 229, 206, 334, 28, 0, 0
18:39:19, 1207.50, 29.28, 30.43, 29.695, 25, 22, 39, 106, 295, 406, 500, 477, 749, 53, 0, 0, 13, 10, 16, 39, 137, 209, 271, 251, 396, 34, 0, 0
18:39:20, 1198.80, 29.28, 30.41, 29.695, 26, 23, 40, 111, 319, 437, 537, 516, 809, 57, 0, 0, 15, 12, 19, 47, 168, 255, 331, 309, 487, 42, 0, 0
18:39:20, 1194.90, 29.29, 30.43, 29.664, 29, 27, 48, 129, 351, 475, 581, 564, 828, 59, 0, 0, 16, 14, 21, 52, 155, 235, 311, 298, 464, 41, 0, 0
18:39:21, 1185.10, 29.29, 30.41, 29.641, 32, 29, 53, 143, 359, 485, 593, 579, 816, 58, 0, 0, 19, 15, 24, 62, 183, 272, 354, 335, 508, 44, 0, 0
18:39:22, 1175.70, 29.29, 30.43, 29.641, 33, 30, 55, 145, 341, 457, 559, 541, 675, 48, 0, 0, 21, 17, 28, 70, 205, 300, 388, 371, 531, 46, 0, 0
18:39:22, 1166.90, 29.30, 30.46, 29.625, 39, 36, 70, 182, 449, 590, 724, 709, 929, 65, 0, 0, 20, 17, 27, 68, 219, 317, 413, 401, 605, 54, 0, 0
18:39:23, 1162.60, 29.30, 30.43, 29.625, 47, 44, 89, 226, 551, 717, 874, 869, 1323, 93, 0, 0, 22, 19, 31, 80, 233, 339, 435, 434, 776, 68, 0, 0
18:39:24, 1155.80, 29.30, 30.41, 29.625, 56, 56, 115, 294, 594, 768, 941, 929, 1632, 117, 0, 0, 25, 22, 36, 92, 265, 375, 483, 477, 876, 78, 0, 0
18:39:24, 1148.00, 29.30, 30.45, 29.641, 55, 53, 111, 275, 595, 769, 922, 928, 1392, 99, 0, 0, 25, 22, 37, 93, 263, 369, 472, 469, 823, 74, 0, 0
18:39:25, 1143.50, 29.30, 30.39, 29.648, 64, 63, 134, 326, 698, 891, 1070, 1089, 1487, 104, 0, 0, 28, 25, 42, 106, 260, 363, 461, 462, 822, 76, 0, 0
18:39:26, 1134.70, 29.31, 30.45, 29.648, 82, 89, 197, 468, 881, 1102, 1351, 1373, 1918, 133, 0, 0, 34, 30, 51, 128, 367, 506, 642, 646, 1061, 97, 0, 0
18:39:26, 1121.10, 29.31, 30.41, 29.648, 76, 77, 168, 388, 786, 990, 1166, 1210, 1672, 119, 0, 0, 43, 38, 69, 175, 443, 599, 740, 726, 1176, 103, 0, 0
18:39:27, 1107.90, 29.31, 30.41, 29.664, 100, 107, 239, 523, 1043, 1285, 1516, 1599, 2184, 155, 0, 0, 42, 37, 73, 186, 469, 620, 759, 716, 1215, 106, 0, 0
18:39:28, 1099.70, 29.31, 30.45, 29.664, 130, 151, 339, 695, 1279, 1532, 1832, 1942, 2482, 177, 0, 0, 51, 46, 92, 232, 586, 768, 929, 884, 1540, 135, 0, 0
18:39:28, 1087.20, 29.32, 30.43, 29.664, 140, 161, 362, 721, 1252, 1502, 1759, 1875, 2529, 187, 0, 0, 75, 68, 140, 347, 886, 1143, 1367, 1287, 2303, 202, 0, 0
18:39:29, 1080.90, 29.33, 30.43, 29.695, 135, 153, 342, 656, 1154, 1383, 1572, 1695, 2325, 180, 0, 0, 91, 85, 180, 440, 1015, 1295, 1541, 1432, 2444, 211, 0, 0
18:39:30, 1073.40, 29.33, 30.43, 29.695, 155, 184, 410, 753, 1141, 1309, 1557, 1622, 2028, 163, 0, 0, 109, 105, 228, 552, 1201, 1501, 1768, 1610, 2820, 245, 0, 0
18:39:30, 1061.80, 29.34, 30.41, 29.719, 108, 132, 282, 546, 742, 890, 1024, 1020, 2193, 187, 0, 0, 163, 167, 376, 853, 2399, 2875, 3313, 3015, 6583, 610, 0, 0
18:39:31, 1043.30, 29.35, 30.45, 29.719, 92, 114, 243, 439, 968, 1134, 1251, 1332, 2274, 206, 0, 0, 213, 248, 563, 1203, 2557, 2960, 3409, 3111, 5775, 506, 0, 0
18:39:32, 1029.30, 29.36, 30.45, 29.750, 263, 384, 741, 1095, 2019, 2115, 2612, 2717, 3521, 359, 0, 0, 206, 259, 574, 1158, 2420, 2753, 3134, 2904, 4957, 434, 0, 0
18:39:32, 1018.40, 29.37, 30.45, 29.766, 393, 632, 1067, 1444, 2125, 2141, 2705, 2812, 3679, 506, 0, 0, 330, 461, 971, 1785, 3166, 3501, 3991, 3734, 6395, 581, 0, 0
18:39:33, 1018.50, 29.38, 30.43, 29.766, 725, 1184, 1825, 2251, 3078, 3073, 3744, 4080, 6242, 960, 0, 0, 343, 481, 986, 1794, 3134, 3475, 4003, 3705, 6326, 582, 0, 0
18:39:34, 1030.10, 29.39, 30.45, 29.773, 468, 754, 1186, 1546, 1620, 1643, 2008, 2112, 3338, 433, 0, 0, 248, 324, 698, 1360, 2318, 2662, 3055, 2817, 4899, 435, 0, 0
18:39:34, 1044.20, 29.40, 30.45, 29.789, 380, 595, 1046, 1442, 2890, 3178, 3609, 4012, 8070, 892, 0, 0, 144, 168, 375, 798, 1416, 1689, 1937, 1810, 3478, 301, 0, 0
18:39:35, 1034.70, 29.40, 30.45, 29.789, 1438, 2550, 4381, 6370, 7089, 7466, 9039, 10280, 17486, 1901, 0, 0, 155, 186, 413, 860, 2377, 2759, 3182, 2933, 5650, 517, 0, 0
18:39:36, 1021.50, 29.41, 30.41, 29.789, 144, 194, 370, 549, 998, 1106, 1222, 1336, 2381, 267, 0, 0, 331, 441, 948, 1818, 3115, 3498, 4032, 3752, 6539, 600, 0, 0
18:39:36, 1021.40, 29.41, 30.45, 29.797, 170, 231, 411, 553, 891, 953, 1084, 1169, 1880, 247, 0, 0, 406, 564, 1178, 2162, 3246, 3624, 4188, 3887, 6451, 589, 0, 0
18:39:37, 1022.10, 29.42, 30.43, 29.797, 256, 397, 665, 883, 1177, 1211, 1456, 1547, 2435, 309, 0, 0, 428, 596, 1244, 2268, 3565, 3957, 4606, 4269, 7051, 651, 0, 0
18:39:38, 1018.40, 29.43, 30.46, 29.797, 268, 409, 689, 913, 1141, 1181, 1407, 1487, 2386, 314, 0, 0, 446, 628, 1299, 2334, 3939, 4321, 5029, 4701, 7516, 701, 0, 0
18:39:38, 1014.70, 29.43, 30.43, 29.797, 341, 516, 829, 1052, 1235, 1275, 1490, 1639, 2437, 361, 0, 0, 522, 754, 1497, 2582, 4092, 4454, 5214, 4858, 7956, 778, 0, 0
18:39:39, 1013.40, 29.44, 30.45, 29.797, 406, 631, 971, 1218, 1540, 1553, 1906, 2025, 2834, 457, 0, 0, 734, 1124, 2123, 3457, 5836, 6137, 7502, 6991, 11710, 1212, 0, 0
18:39:40, 1016.70, 29.44, 30.43, 29.797, 280, 406, 649, 857, 1191, 1292, 1468, 1628, 3275, 477, 0, 0, 679, 1038, 1951, 3292, 5915, 6434, 7766, 7387, 13920, 1689, 0, 0
18:39:40, 1018.10, 29.45, 30.43, 29.781, 348, 510, 826, 1054, 780, 871, 964, 1056, 1878, 263, 0, 0, 546, 782, 1554, 2752, 3639, 4042, 4758, 4415, 7503, 764, 0, 0
18:39:41, 1020.00, 29.45, 30.45, 29.781, 269, 420, 698, 911, 967, 996, 1198, 1264, 2140, 291, 0, 0, 586, 829, 1653, 2841, 4944, 5327, 6332, 6079, 8356, 832, 0, 0
18:39:42, 1020.30, 29.45, 30.43, 29.773, 326, 512, 831, 1023, 1101, 1125, 1352, 1432, 2285, 338, 0, 0, 461, 642, 1323, 2382, 4322, 4739, 5620, 5284, 9237, 905, 0, 0
18:39:42, 1020.60, 29.46, 30.43, 29.750, 225, 325, 539, 736, 971, 1063, 1209, 1319, 2792, 387, 0, 0, 529, 752, 1510, 2675, 5460, 5933, 7099, 6655, 10822, 1086, 0, 0
18:39:43, 1018.30, 29.46, 30.43, 29.750, 1152, 1595, 2672, 3143, 10408, 10928, 13056, 15488, 28213, 5183, 0, 0, 191, 243, 521, 1033, 4412, 4986, 5829, 5506, 11605, 1201, 0, 0
18:39:44, 1012.90, 29.47, 30.43, 29.734, 174, 239, 390, 551, 587, 670, 735, 784, 1911, 273, 0, 0, 752, 1095, 2145, 3845, 6981, 7417, 9488, 8554, 13339, 1448, 0, 0
18:39:44, 1015.80, 29.47, 30.46, 29.734, 142, 204, 358, 484, 1025, 1082, 1265, 1401, 2348, 310, 0, 0, 498, 664, 1392, 2578, 4627, 5075, 6161, 5704, 8745, 861, 0, 0
18:39:45, 1013.50, 29.48, 30.45, 29.734, 270, 412, 671, 851, 1025, 1086, 1240, 1409, 2365, 335, 0, 0, 944, 1399, 2708, 4429, 6645, 7058, 8822, 8265, 11427, 1206, 0, 0
18:39:46, 1014.20, 29.48, 30.45, 29.727, 301, 447, 699, 883, 899, 945, 1083, 1247, 1882, 318, 0, 0, 1043, 1523, 2861, 4379, 5061, 5496, 6627, 6292, 8757, 893, 0, 0
18:39:46, 1017.20, 29.48, 30.46, 29.719, 442, 665, 1038, 1240, 2607, 2856, 3070, 3622, 7609, 1389, 0, 0, 1352, 2173, 3873, 5946, 5250, 5837, 6991, 6784, 14463, 1618, 0, 0
18:39:47, 1016.30, 29.48, 30.43, 29.719, 878, 1316, 1882, 2322, 3095, 3395, 3750, 4232, 13713, 3326, 0, 0, 958, 1464, 2624, 4308, 6076, 6529, 8071, 7579, 13118, 1482, 0, 0
18:39:48, 1012.90, 29.48, 30.45, 29.711, 642, 1011, 1516, 1925, 1606, 1751, 2026, 2278, 5557, 986, 0, 0, 684, 999, 1873, 3135, 5105, 5602, 6766, 6421, 12154, 1515, 0, 0
18:39:48, 1020.10, 29.49, 30.43, 29.711, 2765, 4090, 5723, 6669, 10311, 12243, 12546, 15636, 35414, 12222, 0, 1, 812, 1261, 2285, 3587, 6688, 7390, 8788, 8860, 16880, 1940, 0, 0
18:39:49, 1013.40, 29.49, 30.45, 29.711, 1982, 2217, 3523, 3893, 3021, 3651, 3595, 4504, 9556, 2356, 0, 0, 371, 516, 1044, 1894, 3442, 3851, 4593, 4318, 8239, 856, 0, 0
18:39:50, 1012.60, 29.49, 30.45, 29.703, 936, 1455, 2080, 2604, 3935, 4636, 4901, 5730, 14233, 3176, 0, 0, 351, 481, 988, 1816, 4213, 4724, 5555, 5342, 10737, 1218, 0, 0
18:39:50, 1012.70, 29.49, 30.45, 29.703, 1912, 2388, 3457, 4090, 3813, 4231, 4787, 5306, 17231, 4006, 0, 0, 1789, 2711, 4129, 5746, 9081, 9600, 11477, 12096, 31619, 8620, 0, 0
18:39:51, 1012.90, 29.49, 30.46, 29.703, 6963, 12264, 17737, 20263, 25079, 25232, 31818, 35590, 36000, 30997, 1, 1, 3621, 5932, 8234, 10682, 9899, 10050, 12757, 12212, 25520, 6899, 0, 0
18:39:52, 1013.10, 29.50, 30.45, 29.672, 6802, 12116, 16775, 19653, 24629, 25709, 27231, 35585, 36000, 36000, 1, 1, 4966, 7510, 11456, 13691, 19087, 19433, 24568, 26055, 36000, 17920, 1, 1
18:39:52, 1013.00, 29.50, 30.46, 29.516, 2664, 5515, 7253, 9177, 5606, 5893, 7120, 7623, 34087, 11621, 0, 1, 12262, 22102, 28629, 35801, 36000, 36000, 36000, 36000, 36000, 36000, 1, 1
18:39:53, 1012.90, 29.49, 30.43, 29.516, 594, 829, 1122, 1371, 626, 588, 870, 747, 1318, 629, 0, 0, 10845, 15016, 20779, 26254, 28151, 30417, 35101, 36000, 36000, 36000, 1, 1
