Secchi Depth (cm) = 9999
Forel Ule Scale = 99
pH Colour Scale = 99
SensingSecchi S/N = A017
Latitude (degs N) = 33.91239
Longitude (degs E) = -78.01585
Date = 2026-07-02
Time (UTC), Pressure (mbar) MS5803, Temp (deg C) MS5803, Temp (deg C) 10KTHERM, Temp (deg C) TMP117, ED 415nm, ED 445nm, ED 480nm, ED 515nm, ED 555nm, ED 590nm, ED 630nm, ED 680nm, ED Clear, ED NIR, ED D-SAT, ED A-SAT, EU 415nm, EU 445nm, EU 480nm, EU 515nm, EU 555nm, EU 590nm, EU 630nm, EU 680nm, EU Clear, EU NIR, EU D-SAT, EU A-SAT
15:03:49, 1013.40, 26.56, 25.36, 28.398, 1196, 1679, 2260, 2599, 2627, 2816, 2974, 3067, 14102, 3891, 0, 0, 9571, 11073, 12182, 14599, 18017, 28441, 36000, 36000, 36000, 36000, 1, 1
15:03:49, 1013.50, 26.56, 25.33, 28.383, 1232, 1730, 2326, 2699, 2684, 2881, 3044, 3128, 14356, 4006, 0, 0, 9582, 11066, 12199, 14574, 17696, 28070, 36000, 36000, 36000, 36000, 1, 1
15:03:50, 1013.20, 26.57, 25.34, 28.383, 1267, 1765, 2397, 2737, 3718, 4181, 4287, 4625, 22719, 7212, 0, 0, 9691, 11531, 13661, 15996, 24973, 34281, 36000, 36000, 36000, 36000, 1, 1
15:03:51, 1013.50, 26.58, 25.38, 28.375, 7451, 12089, 15158, 23467, 3796, 3807, 4678, 4544, 12883, 3240, 0, 0, 12874, 20063, 27388, 35498, 36000, 36000, 36000, 36000, 36000, 36000, 1, 1
15:03:51, 1013.50, 26.58, 25.38, 28.367, 5320, 7496, 11014, 11285, 3090, 3871, 3680, 4998, 9970, 5004, 0, 0, 14242, 24118, 33818, 36000, 27087, 25656, 29895, 29047, 36000, 36000, 1, 1
15:03:52, 1013.40, 26.59, 25.38, 28.367, 8825, 15108, 19391, 24199, 16551, 19851, 18390, 26612, 19075, 7067, 0, 0, 4451, 7494, 11611, 14884, 13848, 12214, 16358, 12347, 35041, 10073, 0, 1
15:03:53, 1014.10, 26.60, 25.34, 28.359, 7903, 12029, 16353, 19879, 30120, 30935, 33194, 35787, 33999, 12844, 0, 1, 1071, 1930, 3909, 6080, 7924, 6418, 5213, 4028, 15442, 1103, 0, 0
15:03:53, 1018.90, 26.66, 25.36, 28.555, 6565, 3287, 7573, 5660, 6334, 11874, 6262, 10466, 16627, 6355, 0, 0, 871, 1593, 3219, 5044, 6885, 5591, 4515, 3560, 13999, 993, 0, 0
15:03:54, 1017.20, 26.72, 25.36, 28.555, 5919, 2932, 6040, 5224, 4527, 9595, 5428, 7456, 14898, 4774, 0, 0, 1019, 1846, 3761, 5880, 7802, 6311, 5112, 3935, 15093, 1065, 0, 0
15:03:55, 1026.00, 26.75, 25.38, 28.719, 8052, 4967, 12714, 10248, 27291, 26308, 29498, 31365, 28176, 11056, 0, 0, 886, 1612, 3322, 5257, 7164, 5777, 4585, 3506, 13189, 904, 0, 0
15:03:55, 1027.70, 26.78, 25.36, 28.812, 7650, 15167, 17865, 24930, 19774, 24021, 22898, 26816, 16141, 2674, 0, 0, 880, 1609, 3341, 5334, 7455, 6015, 4818, 3642, 13620, 920, 0, 0
15:03:56, 1020.00, 26.81, 25.40, 28.812, 2814, 4789, 8464, 7309, 10372, 8725, 13321, 15217, 11408, 2013, 0, 0, 959, 1753, 3598, 5710, 7866, 6338, 5139, 3903, 14249, 970, 0, 0
15:03:57, 1026.40, 26.83, 25.36, 28.875, 3646, 7971, 9584, 20609, 15937, 19341, 27513, 20415, 33322, 5245, 0, 1, 1008, 1845, 3750, 5868, 7965, 6450, 5268, 4044, 15788, 1109, 0, 0
15:03:57, 1021.80, 26.85, 25.33, 28.922, 1701, 3208, 3884, 6302, 5331, 4321, 9088, 5426, 12942, 1963, 0, 0, 995, 1829, 3751, 5953, 8400, 6802, 5543, 4213, 15146, 1023, 0, 0
15:03:58, 1023.90, 26.87, 25.34, 28.922, 5964, 11348, 16920, 17578, 9779, 11538, 12068, 17814, 22220, 4247, 0, 0, 857, 1571, 3248, 5193, 7458, 6010, 4811, 3628, 13494, 913, 0, 0
15:03:59, 1025.10, 26.89, 25.34, 28.937, 7333, 7683, 12409, 10732, 17195, 20856, 20869, 23846, 16183, 2714, 0, 0, 891, 1631, 3366, 5350, 7437, 6023, 4830, 3692, 13758, 934, 0, 0
15:03:59, 1023.40, 26.91, 25.34, 28.953, 2641, 2492, 4942, 3667, 4340, 3787, 4098, 4792, 9065, 1472, 0, 0, 909, 1657, 3429, 5471, 7693, 6217, 4995, 3788, 13806, 932, 0, 0
15:04:00, 1024.50, 26.93, 25.33, 28.953, 4366, 9368, 12169, 25175, 14347, 14733, 19232, 16282, 24561, 4684, 0, 0, 955, 1752, 3576, 5651, 7549, 6094, 4940, 3747, 14011, 955, 0, 0
15:04:01, 1025.00, 26.95, 25.38, 28.953, 3724, 7557, 11495, 12049, 35325, 31859, 35493, 34912, 29959, 5927, 0, 1, 917, 1682, 3468, 5521, 7798, 6312, 5102, 3871, 14301, 973, 0, 0
15:04:01, 1028.20, 26.96, 25.34, 28.961, 5263, 11115, 14028, 13625, 7135, 7306, 8573, 11475, 12523, 1947, 0, 0, 876, 1606, 3323, 5316, 7453, 6041, 4865, 3696, 13529, 912, 0, 0
15:04:02, 1022.90, 26.97, 25.34, 28.961, 1813, 2742, 3760, 4325, 5451, 5743, 5073, 7105, 9831, 1288, 0, 0, 913, 1660, 3435, 5464, 7692, 6236, 5025, 3846, 14246, 973, 0, 0
15:04:03, 1028.40, 26.99, 25.33, 28.961, 5244, 4343, 8597, 7049, 13383, 13143, 14483, 17671, 13195, 3249, 0, 0, 881, 1598, 3321, 5302, 7283, 5909, 4726, 3623, 13368, 909, 0, 0
15:04:03, 1027.00, 27.00, 25.38, 28.969, 5858, 9924, 10451, 15526, 14684, 16156, 16208, 19233, 11943, 1871, 0, 0, 930, 1693, 3512, 5596, 7686, 6239, 5033, 3836, 14024, 949, 0, 0
15:04:04, 1023.20, 27.01, 25.34, 28.969, 1385, 1742, 2715, 2609, 2371, 2330, 2620, 2628, 8496, 1424, 0, 0, 1020, 1851, 3793, 5997, 8073, 6579, 5349, 4120, 14810, 1006, 0, 0
15:04:05, 1027.10, 27.02, 25.31, 28.969, 1507, 2667, 3555, 4315, 4499, 4140, 5368, 4883, 15915, 2502, 0, 0, 906, 1657, 3434, 5489, 7743, 6276, 5062, 3836, 13838, 931, 0, 0
15:04:05, 1025.90, 27.04, 25.36, 28.977, 1770, 2777, 3917, 4624, 3587, 3331, 4033, 4013, 10612, 1410, 0, 0, 941, 1717, 3544, 5651, 7923, 6443, 5249, 4011, 14362, 968, 0, 0
15:04:06, 1025.90, 27.05, 25.34, 28.977, 3608, 6146, 9579, 8519, 29477, 28462, 31138, 32062, 28062, 5066, 0, 0, 933, 1716, 3537, 5633, 7931, 6433, 5264, 4011, 14639, 1000, 0, 0
15:04:07, 1027.20, 27.07, 25.34, 28.969, 15289, 24333, 33032, 31044, 21092, 20532, 21461, 21206, 23462, 3179, 0, 1, 918, 1686, 3484, 5561, 7754, 6263, 5085, 3845, 14219, 974, 0, 0
15:04:07, 1026.70, 27.08, 25.36, 28.977, 3497, 6423, 8731, 10546, 14132, 13964, 12257, 16294, 20633, 2538, 0, 0, 928, 1706, 3511, 5581, 7806, 6329, 5155, 3930, 14568, 990, 0, 0
15:04:08, 1024.40, 27.09, 25.33, 28.977, 3832, 8713, 12244, 14179, 22855, 19652, 23159, 23499, 20683, 3459, 0, 0, 921, 1694, 3490, 5563, 7609, 6139, 4984, 3775, 13855, 941, 0, 0
15:04:09, 1023.20, 27.10, 25.34, 28.977, 20072, 26026, 29067, 27572, 15824, 16860, 20386, 29971, 18989, 2784, 0, 0, 902, 1653, 3420, 5467, 7539, 6085, 4912, 3703, 13608, 924, 0, 0
15:04:09, 1024.70, 27.11, 25.34, 28.977, 6469, 11948, 17025, 14384, 28192, 27023, 27303, 30640, 35927, 8713, 0, 1, 904, 1661, 3395, 5382, 7470, 6015, 4854, 3662, 13634, 925, 0, 0
15:04:10, 1025.20, 27.12, 25.33, 28.977, 9018, 13383, 19182, 18985, 19663, 23199, 24811, 30819, 18419, 3063, 0, 0, 916, 1684, 3459, 5491, 7737, 6272, 5105, 3915, 14874, 1021, 0, 0
15:04:11, 1023.60, 27.13, 25.31, 28.977, 6407, 14795, 22485, 22699, 22712, 17524, 27450, 30226, 14612, 3180, 0, 0, 955, 1761, 3608, 5719, 7953, 6440, 5274, 4044, 14814, 1011, 0, 0
15:04:11, 1023.20, 27.14, 25.33, 28.977, 3013, 5961, 7285, 14681, 15609, 13747, 28697, 13805, 21287, 4311, 0, 0, 938, 1728, 3561, 5669, 7848, 6316, 5137, 3885, 14278, 977, 0, 0
15:04:12, 1027.10, 27.15, 25.33, 28.992, 6582, 12673, 14289, 16170, 18955, 13021, 13114, 20265, 34410, 6423, 0, 1, 928, 1711, 3516, 5570, 7775, 6245, 5052, 3795, 14189, 965, 0, 0
15:04:13, 1018.90, 27.16, 25.33, 28.992, 3610, 7932, 11570, 17773, 17990, 15667, 20453, 28105, 19678, 2678, 0, 0, 938, 1725, 3533, 5594, 7804, 6301, 5119, 3893, 14331, 977, 0, 0
15:04:13, 1022.80, 27.17, 25.34, 28.992, 7549, 19063, 27325, 20135, 25396, 32241, 34490, 36000, 32048, 7653, 1, 1, 908, 1672, 3435, 5468, 7578, 6097, 4929, 3723, 13825, 941, 0, 0
15:04:14, 1019.70, 27.17, 25.34, 28.992, 5424, 11050, 16720, 15315, 15329, 12776, 21386, 19746, 17318, 2543, 0, 0, 904, 1661, 3435, 5485, 7548, 6073, 4867, 3658, 13547, 916, 0, 0
15:04:15, 1019.30, 27.18, 25.29, 29.000, 9196, 15551, 17727, 22458, 26473, 32635, 33466, 35947, 20775, 6726, 0, 1, 925, 1698, 3476, 5509, 7734, 6249, 5049, 3846, 14077, 947, 0, 0
15:04:15, 1020.10, 27.19, 25.31, 29.000, 1358, 2130, 2801, 3115, 5080, 5274, 6015, 7033, 10801, 1865, 0, 0, 895, 1640, 3385, 5385, 7623, 6146, 4922, 3730, 13712, 925, 0, 0
15:04:16, 1021.90, 27.20, 25.34, 28.992, 7735, 10291, 14503, 14637, 22754, 26955, 31939, 36000, 15835, 4170, 1, 1, 900, 1649, 3403, 5422, 7639, 6163, 4957, 3755, 13830, 937, 0, 0
15:04:16, 1026.20, 27.21, 25.38, 28.992, 8352, 15671, 22823, 20260, 27050, 28289, 28640, 31383, 32351, 9624, 0, 0, 888, 1631, 3372, 5376, 7665, 6181, 4952, 3735, 13935, 937, 0, 0
15:04:17, 1021.10, 27.22, 25.40, 28.992, 8451, 12640, 13951, 19482, 21075, 23374, 28073, 33041, 14929, 3709, 0, 1, 934, 1703, 3518, 5603, 7836, 6333, 5108, 3880, 14232, 958, 0, 0
15:04:18, 1022.00, 27.23, 25.33, 28.992, 1799, 3531, 4522, 6110, 5777, 5198, 6873, 7047, 10962, 1645, 0, 0, 924, 1691, 3484, 5545, 7821, 6327, 5096, 3884, 14193, 956, 0, 0
15:04:18, 1026.20, 27.24, 25.33, 29.000, 1026, 1580, 2101, 2397, 6407, 7195, 7537, 9344, 12428, 2524, 0, 0, 948, 1738, 3564, 5648, 7686, 6230, 5024, 3850, 14345, 979, 0, 0
15:04:19, 1023.80, 27.24, 25.31, 29.000, 1168, 1852, 2846, 2868, 4622, 4175, 5260, 6392, 8890, 1392, 0, 0, 931, 1698, 3483, 5519, 7401, 5987, 4816, 3698, 13682, 930, 0, 0
15:04:20, 1028.50, 27.26, 25.38, 29.000, 10789, 12329, 20081, 19672, 14341, 15082, 16330, 18762, 11231, 2255, 0, 0, 889, 1628, 3385, 5406, 7422, 6009, 4825, 3717, 13656, 921, 0, 0
15:04:20, 1023.10, 27.27, 25.40, 29.000, 2789, 3842, 5209, 5976, 5370, 6305, 6176, 7964, 7471, 950, 0, 0, 904, 1644, 3407, 5443, 7645, 6171, 4970, 3785, 13786, 936, 0, 0
15:04:21, 1027.60, 27.27, 25.34, 29.000, 7598, 15373, 18886, 18681, 13370, 14133, 13813, 16358, 17206, 2613, 0, 0, 941, 1736, 3549, 5626, 7611, 6122, 4942, 3747, 14387, 995, 0, 0
15:04:22, 1025.80, 27.28, 25.38, 28.992, 4681, 10015, 15070, 17765, 9671, 9629, 11658, 16213, 12753, 1732, 0, 0, 887, 1632, 3384, 5406, 7398, 5933, 4748, 3564, 13333, 903, 0, 0
15:04:22, 1025.80, 27.29, 25.36, 29.000, 10618, 19091, 23575, 27202, 17307, 19306, 20991, 29977, 21520, 2744, 0, 0, 867, 1597, 3303, 5275, 7338, 5868, 4691, 3515, 13131, 888, 0, 0
15:04:23, 1024.00, 27.29, 25.34, 29.000, 2687, 5797, 7595, 15760, 21485, 20918, 27573, 23303, 27952, 4335, 0, 0, 943, 1740, 3550, 5607, 7704, 6187, 5003, 3790, 14474, 993, 0, 0
15:04:24, 1019.40, 27.30, 25.40, 28.992, 5467, 11262, 15790, 24862, 32845, 33816, 28709, 34636, 31615, 7713, 0, 1, 944, 1737, 3531, 5568, 7653, 6142, 4995, 3797, 14461, 1006, 0, 0
15:04:24, 1022.30, 27.31, 25.38, 29.000, 12463, 19984, 21472, 26224, 27655, 27161, 25346, 29987, 34484, 12172, 0, 1, 950, 1754, 3582, 5656, 7768, 6236, 5061, 3847, 14776, 1021, 0, 0
15:04:25, 1019.10, 27.31, 25.36, 29.000, 7993, 12388, 14247, 19513, 29824, 31915, 27124, 29371, 25459, 5115, 0, 0, 940, 1732, 3538, 5590, 7798, 6267, 5110, 3911, 14757, 1022, 0, 0
15:04:26, 1021.70, 27.33, 25.38, 28.992, 9697, 16980, 16574, 19048, 34663, 34893, 28375, 35891, 35884, 10083, 0, 1, 943, 1739, 3557, 5619, 7927, 6396, 5219, 4017, 15625, 1104, 0, 0
15:04:26, 1025.00, 27.33, 25.34, 28.992, 7037, 13953, 15580, 16724, 20977, 18799, 20549, 23880, 35453, 13452, 0, 1, 902, 1658, 3375, 5335, 7415, 5972, 4858, 3734, 14302, 991, 0, 0
15:04:27, 1032.40, 27.33, 25.38, 28.992, 7748, 10788, 13563, 13078, 18597, 21834, 21894, 28099, 28272, 4498, 0, 0, 852, 1576, 3259, 5208, 7258, 5827, 4697, 3572, 13806, 939, 0, 0
15:04:28, 1036.10, 27.34, 25.40, 28.984, 4990, 10430, 15503, 18236, 22970, 24401, 22947, 26387, 21212, 1956, 0, 0, 851, 1572, 3280, 5260, 7271, 5831, 4668, 3514, 13461, 909, 0, 0
15:04:28, 1036.70, 27.35, 25.38, 28.992, 5528, 14422, 17795, 17099, 13601, 15935, 14009, 19120, 18339, 1807, 0, 0, 893, 1651, 3433, 5478, 7588, 6086, 4889, 3690, 14485, 996, 0, 0
15:04:29, 1048.40, 27.35, 25.38, 28.992, 4133, 7451, 9988, 13110, 30904, 25422, 27538, 33801, 36000, 15320, 1, 1, 829, 1533, 3204, 5135, 7193, 5761, 4611, 3475, 14191, 954, 0, 0
15:04:30, 1054.90, 27.36, 25.38, 28.992, 8154, 17482, 22438, 22623, 19121, 19058, 22745, 23767, 33667, 2148, 0, 1, 805, 1497, 3192, 5180, 7451, 5950, 4727, 3500, 13620, 921, 0, 0
15:04:30, 1054.20, 27.37, 25.38, 28.992, 1735, 3326, 4905, 7824, 13282, 10795, 20742, 10994, 16005, 1287, 0, 0, 795, 1473, 3145, 5128, 7240, 5766, 4538, 3332, 12866, 866, 0, 0
15:04:31, 1062.50, 27.37, 25.40, 28.992, 2933, 6148, 10286, 9586, 16586, 17451, 19046, 25447, 30763, 2791, 0, 0, 725, 1344, 2888, 4729, 6723, 5375, 4170, 3088, 12572, 835, 0, 0
15:04:32, 1076.10, 27.38, 25.38, 28.992, 3642, 6956, 7969, 12937, 14832, 17034, 17888, 19912, 13636, 999, 0, 0, 677, 1247, 2741, 4557, 6316, 4999, 3785, 2715, 11209, 749, 0, 0
15:04:32, 1076.90, 27.39, 25.40, 29.000, 2282, 2971, 5537, 5387, 8146, 9668, 6409, 9919, 10422, 784, 0, 0, 729, 1347, 2965, 4903, 6785, 5387, 4126, 2973, 12446, 840, 0, 0
15:04:33, 1081.30, 27.41, 25.40, 29.000, 3019, 5236, 7411, 11086, 19070, 21175, 23508, 26980, 12761, 1051, 0, 0, 670, 1237, 2738, 4565, 6336, 5014, 3786, 2715, 11102, 739, 0, 0
15:04:34, 1087.00, 27.42, 25.38, 28.992, 5535, 10412, 11660, 20602, 17155, 18996, 17531, 17395, 17593, 1101, 0, 0, 624, 1155, 2586, 4339, 6241, 4926, 3690, 2629, 11029, 736, 0, 0
15:04:34, 1095.80, 27.44, 25.40, 29.000, 2515, 2876, 5973, 5527, 14069, 13821, 12500, 17309, 12155, 872, 0, 0, 589, 1086, 2462, 4177, 5943, 4662, 3453, 2418, 10283, 685, 0, 0
15:04:35, 1102.70, 27.44, 25.38, 29.000, 2266, 2919, 5522, 6078, 8688, 10400, 7746, 10497, 12012, 777, 0, 0, 585, 1080, 2471, 4213, 5970, 4682, 3454, 2406, 10374, 690, 0, 0
15:04:36, 1110.70, 27.45, 25.43, 28.992, 2325, 4748, 7336, 11291, 13110, 12821, 13769, 16197, 13744, 829, 0, 0, 558, 1029, 2374, 4073, 5941, 4661, 3444, 2406, 10266, 686, 0, 0
15:04:36, 1120.00, 27.46, 25.36, 28.984, 1968, 3002, 5406, 6528, 10273, 10223, 10217, 12751, 11162, 680, 0, 0, 498, 915, 2155, 3763, 5686, 4437, 3243, 2223, 9699, 647, 0, 0
15:04:37, 1129.50, 27.47, 25.38, 28.984, 1762, 3180, 5417, 7283, 8412, 8246, 8593, 9535, 10980, 625, 0, 0, 463, 848, 2024, 3566, 5276, 4096, 2910, 1959, 8972, 602, 0, 0
15:04:38, 1135.20, 27.47, 25.38, 28.984, 1699, 2249, 4484, 5172, 7470, 8361, 6499, 8223, 10572, 620, 0, 0, 457, 835, 2004, 3541, 5142, 3985, 2814, 1888, 8738, 584, 0, 0
15:04:38, 1142.40, 27.48, 25.40, 28.984, 1163, 1577, 2994, 3598, 4260, 4653, 3863, 4143, 7700, 458, 0, 0, 460, 844, 2021, 3575, 5086, 3948, 2805, 1892, 8820, 592, 0, 0
15:04:39, 1154.80, 27.49, 25.41, 28.984, 1755, 3352, 5437, 8105, 8447, 8545, 8234, 8851, 9738, 560, 0, 0, 418, 760, 1865, 3361, 4981, 3838, 2678, 1755, 8057, 541, 0, 0
15:04:40, 1147.90, 27.50, 25.41, 28.969, 1154, 1781, 3419, 4194, 4947, 4884, 4215, 4497, 7280, 437, 0, 0, 429, 777, 1911, 3445, 5215, 4025, 2819, 1855, 8509, 574, 0, 0
15:04:40, 1152.20, 27.51, 25.40, 28.961, 1035, 1671, 3100, 3895, 7266, 7272, 7238, 7207, 9240, 524, 0, 0, 412, 756, 1846, 3315, 4884, 3769, 2627, 1737, 8199, 549, 0, 0
15:04:41, 1164.80, 27.51, 25.41, 28.961, 1411, 2903, 5642, 7150, 8389, 8650, 8450, 9390, 12994, 698, 0, 0, 384, 702, 1737, 3157, 4829, 3725, 2587, 1695, 7740, 516, 0, 0
15:04:42, 1170.10, 27.52, 25.40, 28.961, 1060, 2215, 4064, 5606, 6349, 5690, 6110, 5369, 9788, 523, 0, 0, 364, 660, 1655, 3037, 4641, 3564, 2448, 1583, 7370, 492, 0, 0
15:04:42, 1169.30, 27.53, 25.41, 28.961, 860, 1678, 3067, 4239, 5170, 4614, 4878, 4237, 7662, 422, 0, 0, 372, 675, 1697, 3121, 4735, 3635, 2496, 1611, 7550, 505, 0, 0
15:04:43, 1173.40, 27.54, 25.43, 28.953, 1109, 2250, 4280, 5899, 7054, 6661, 6879, 6179, 10389, 568, 0, 0, 347, 627, 1584, 2926, 4412, 3368, 2273, 1449, 7135, 479, 0, 0
15:04:44, 1181.30, 27.55, 25.41, 28.953, 1140, 2178, 3844, 5880, 8383, 8093, 7982, 6772, 12292, 675, 0, 0, 346, 627, 1582, 2918, 4433, 3392, 2302, 1472, 7115, 478, 0, 0
15:04:44, 1189.40, 27.55, 25.41, 28.953, 973, 1882, 3425, 5169, 6059, 5930, 5793, 5334, 8961, 487, 0, 0, 320, 574, 1475, 2757, 4259, 3250, 2175, 1377, 6773, 456, 0, 0
15:04:45, 1189.40, 27.56, 25.41, 28.945, 952, 1743, 3289, 4668, 5241, 5004, 4818, 4336, 7791, 428, 0, 0, 319, 572, 1473, 2760, 4260, 3245, 2171, 1369, 6692, 450, 0, 0
15:04:46, 1189.50, 27.56, 25.43, 28.930, 684, 1135, 2258, 3001, 4097, 3762, 3547, 3195, 6429, 367, 0, 0, 321, 574, 1481, 2779, 4208, 3202, 2130, 1340, 6656, 446, 0, 0
15:04:46, 1198.30, 27.56, 25.41, 28.930, 1178, 2404, 4936, 6690, 8796, 8244, 8247, 7342, 14629, 795, 0, 0, 297, 533, 1384, 2614, 3980, 3016, 1973, 1225, 6261, 421, 0, 0
15:04:47, 1203.80, 27.57, 25.43, 28.922, 731, 1455, 2811, 4075, 5409, 5017, 4978, 4316, 8044, 436, 0, 0, 291, 519, 1359, 2582, 4013, 3044, 2001, 1246, 6284, 423, 0, 0
15:04:48, 1207.30, 27.57, 25.41, 28.906, 774, 1381, 2712, 3823, 5812, 5556, 5197, 4904, 7957, 441, 0, 0, 278, 493, 1297, 2474, 3818, 2891, 1883, 1168, 6080, 408, 0, 0
15:04:48, 1208.50, 27.58, 25.45, 28.906, 774, 1521, 2906, 4379, 5225, 4938, 4527, 4206, 7377, 410, 0, 0, 281, 498, 1315, 2515, 3897, 2949, 1922, 1188, 6107, 411, 0, 0
15:04:49, 1212.30, 27.58, 25.41, 28.891, 976, 1970, 3524, 5885, 7891, 7768, 7326, 6222, 10605, 581, 0, 0, 268, 474, 1259, 2420, 3781, 2855, 1845, 1133, 5937, 400, 0, 0
15:04:50, 1213.20, 27.58, 25.41, 28.883, 648, 1187, 2350, 3382, 5123, 4910, 4516, 4065, 7727, 424, 0, 0, 267, 471, 1251, 2403, 3784, 2865, 1861, 1151, 5976, 403, 0, 0
15:04:50, 1216.00, 27.58, 25.41, 28.883, 696, 1308, 2549, 3751, 5042, 4772, 4605, 3929, 7789, 421, 0, 0, 259, 459, 1221, 2352, 3700, 2793, 1801, 1106, 5819, 391, 0, 0
15:04:51, 1215.80, 27.58, 25.43, 28.875, 613, 1199, 2363, 3430, 4704, 4216, 4121, 3461, 6823, 378, 0, 0, 265, 467, 1248, 2414, 3774, 2845, 1836, 1120, 5786, 389, 0, 0
15:04:52, 1226.80, 27.58, 25.41, 28.875, 818, 1705, 3635, 4996, 7262, 6643, 6577, 5604, 13971, 759, 0, 0, 251, 443, 1189, 2303, 3562, 2684, 1713, 1044, 5669, 380, 0, 0
15:04:52, 1229.70, 27.58, 25.43, 28.875, 542, 973, 1990, 2873, 4144, 3786, 3574, 2937, 6488, 355, 0, 0, 230, 401, 1093, 2151, 3508, 2629, 1661, 996, 5328, 359, 0, 0
15:04:53, 1230.40, 27.58, 25.47, 28.875, 482, 779, 1647, 2297, 3604, 3382, 2883, 2610, 5388, 312, 0, 0, 246, 430, 1166, 2285, 3519, 2640, 1668, 1002, 5398, 364, 0, 0
15:04:54, 1238.50, 27.59, 25.47, 28.867, 607, 1207, 2315, 3764, 4965, 4589, 4315, 3418, 8265, 444, 0, 0, 225, 392, 1074, 2119, 3372, 2525, 1583, 947, 5195, 350, 0, 0
15:04:54, 1246.60, 27.59, 25.47, 28.867, 607, 1271, 2625, 4039, 4752, 4431, 4151, 3400, 7517, 405, 0, 0, 212, 366, 1015, 2023, 3232, 2410, 1491, 880, 4877, 329, 0, 0
15:04:55, 1246.00, 27.60, 25.50, 28.867, 517, 977, 2021, 3064, 3769, 3469, 3066, 2571, 5797, 322, 0, 0, 220, 379, 1047, 2088, 3390, 2534, 1586, 940, 5042, 341, 0, 0
15:04:56, 1247.40, 27.60, 25.45, 28.859, 571, 1130, 2318, 3592, 4853, 4530, 4224, 3434, 7201, 393, 0, 0, 210, 362, 1005, 2008, 3270, 2440, 1510, 890, 4855, 327, 0, 0
15:04:56, 1253.70, 27.61, 25.45, 28.859, 560, 1091, 2242, 3494, 5644, 5397, 5042, 4154, 7958, 437, 0, 0, 204, 352, 980, 1964, 3158, 2355, 1447, 853, 4949, 334, 0, 0
15:04:57, 1258.30, 27.61, 25.45, 28.859, 529, 1047, 2147, 3463, 3861, 3585, 3168, 2653, 5834, 322, 0, 0, 193, 329, 928, 1879, 3035, 2253, 1369, 797, 4519, 305, 0, 0
15:04:58, 1261.20, 27.61, 25.47, 28.859, 467, 795, 1722, 2534, 3608, 3346, 2815, 2391, 5575, 312, 0, 0, 194, 330, 931, 1883, 3024, 2246, 1368, 798, 4598, 310, 0, 0
15:04:58, 1267.40, 27.62, 25.45, 28.859, 511, 1010, 2062, 3382, 3971, 3699, 3319, 2668, 6189, 338, 0, 0, 185, 315, 891, 1810, 2908, 2157, 1301, 755, 4401, 297, 0, 0
15:04:59, 1273.70, 27.62, 25.47, 28.852, 459, 872, 1845, 2896, 3814, 3518, 3114, 2484, 6068, 331, 0, 0, 176, 298, 850, 1743, 2845, 2105, 1259, 724, 4251, 286, 0, 0
15:05:00, 1272.90, 27.62, 25.45, 28.859, 451, 889, 1883, 3028, 3911, 3622, 3170, 2565, 5977, 329, 0, 0, 175, 294, 845, 1740, 2926, 2165, 1301, 745, 4304, 291, 0, 0
15:05:00, 1275.30, 27.63, 25.45, 28.859, 348, 606, 1316, 2023, 3068, 2852, 2345, 1920, 5023, 280, 0, 0, 176, 297, 848, 1738, 2806, 2075, 1238, 712, 4226, 284, 0, 0
15:05:01, 1284.40, 27.63, 25.47, 28.852, 574, 1124, 2253, 3980, 5007, 4636, 4246, 3243, 7208, 395, 0, 0, 165, 276, 796, 1647, 2719, 2003, 1184, 671, 3995, 269, 0, 0
15:05:02, 1282.60, 27.63, 25.47, 28.859, 377, 690, 1515, 2378, 3339, 3081, 2574, 2076, 5126, 285, 0, 0, 168, 280, 810, 1681, 2784, 2052, 1219, 691, 4045, 273, 0, 0
15:05:02, 1284.90, 27.63, 25.45, 28.859, 331, 625, 1358, 2131, 3177, 2873, 2498, 1918, 5103, 280, 0, 0, 163, 272, 787, 1633, 2687, 1981, 1170, 666, 4006, 271, 0, 0
15:05:03, 1284.90, 27.64, 25.43, 28.852, 392, 781, 1692, 2697, 3465, 3105, 2749, 2066, 5515, 300, 0, 0, 162, 270, 784, 1632, 2707, 1994, 1178, 666, 3935, 265, 0, 0
15:05:04, 1287.30, 27.64, 25.48, 28.859, 386, 775, 1673, 2677, 4144, 3742, 3424, 2726, 5865, 322, 0, 0, 161, 270, 781, 1623, 2659, 1958, 1152, 654, 3980, 268, 0, 0
15:05:04, 1289.50, 27.65, 25.48, 28.859, 364, 738, 1597, 2566, 3828, 3305, 3170, 2401, 5427, 299, 0, 0, 159, 264, 770, 1607, 2654, 1953, 1149, 649, 3899, 263, 0, 0
15:05:05, 1291.80, 27.65, 25.47, 28.852, 360, 749, 1653, 2649, 3512, 3134, 2799, 2110, 5566, 302, 0, 0, 156, 258, 755, 1581, 2623, 1927, 1128, 634, 3814, 257, 0, 0
15:05:06, 1290.50, 27.65, 25.47, 28.844, 357, 701, 1546, 2453, 3543, 3158, 2812, 2115, 5397, 296, 0, 0, 156, 260, 757, 1582, 2653, 1952, 1148, 648, 3812, 257, 0, 0
15:05:06, 1291.40, 27.65, 25.47, 28.844, 311, 598, 1309, 2062, 3107, 2762, 2439, 1837, 4791, 263, 0, 0, 160, 265, 772, 1612, 2651, 1951, 1146, 648, 3856, 260, 0, 0
15:05:07, 1299.00, 27.65, 25.48, 28.820, 399, 837, 1881, 3003, 4138, 3684, 3272, 2426, 7186, 390, 0, 0, 147, 243, 716, 1508, 2500, 1830, 1055, 588, 3652, 246, 0, 0
15:05:08, 1302.70, 27.65, 25.48, 28.812, 305, 574, 1273, 2058, 3117, 2853, 2419, 1889, 4622, 257, 0, 0, 146, 240, 708, 1496, 2481, 1819, 1053, 589, 3615, 244, 0, 0
15:05:08, 1304.50, 27.65, 25.50, 28.812, 334, 640, 1428, 2299, 3093, 2791, 2342, 1818, 4843, 267, 0, 0, 143, 234, 693, 1469, 2484, 1819, 1053, 586, 3546, 239, 0, 0
15:05:09, 1311.80, 27.66, 25.48, 28.812, 343, 681, 1505, 2504, 4010, 3609, 3253, 2349, 6375, 347, 0, 0, 138, 226, 671, 1429, 2373, 1734, 986, 546, 3524, 237, 0, 0
15:05:10, 1326.10, 27.66, 25.48, 28.812, 335, 667, 1465, 2575, 3795, 3370, 2890, 2094, 6723, 365, 0, 0, 126, 203, 614, 1326, 2234, 1627, 917, 501, 3211, 216, 0, 0
15:05:10, 1331.40, 27.66, 25.45, 28.812, 198, 349, 810, 1367, 1936, 1817, 1401, 1009, 3637, 207, 0, 0, 123, 197, 598, 1302, 2195, 1596, 894, 484, 3153, 213, 0, 0
15:05:11, 1339.90, 27.66, 25.47, 28.797, 312, 605, 1367, 2365, 4049, 3626, 3102, 2209, 6527, 363, 0, 0, 122, 196, 595, 1294, 2192, 1596, 887, 483, 3243, 218, 0, 0
15:05:12, 1348.70, 27.67, 25.48, 28.797, 264, 511, 1159, 2076, 2543, 2277, 1807, 1308, 4104, 227, 0, 0, 107, 167, 520, 1155, 1993, 1440, 786, 417, 2771, 187, 0, 0
15:05:12, 1355.10, 27.68, 25.50, 28.797, 230, 418, 975, 1716, 2878, 2575, 2103, 1508, 4343, 240, 0, 0, 101, 158, 492, 1096, 1886, 1360, 733, 388, 2655, 179, 0, 0
15:05:13, 1357.90, 27.68, 25.50, 28.797, 186, 339, 818, 1403, 1957, 1748, 1328, 939, 3148, 177, 0, 0, 103, 159, 498, 1113, 1931, 1393, 756, 399, 2634, 178, 0, 0
15:05:14, 1365.00, 27.68, 25.48, 28.789, 213, 410, 968, 1729, 2936, 2624, 2139, 1434, 4487, 246, 0, 0, 100, 155, 485, 1083, 1890, 1366, 735, 390, 2740, 185, 0, 0
15:05:14, 1371.40, 27.69, 25.50, 28.789, 204, 391, 914, 1678, 2100, 1844, 1440, 1013, 3271, 182, 0, 0, 93, 142, 451, 1019, 1782, 1279, 681, 355, 2414, 163, 0, 0
15:05:15, 1380.80, 27.69, 25.50, 28.766, 205, 385, 916, 1700, 2750, 2441, 1949, 1311, 4139, 228, 0, 0, 88, 133, 426, 970, 1689, 1212, 637, 332, 2360, 159, 0, 0
15:05:16, 1385.60, 27.69, 25.54, 28.766, 162, 297, 739, 1318, 1816, 1612, 1194, 813, 3012, 169, 0, 0, 84, 127, 407, 934, 1654, 1184, 621, 321, 2267, 153, 0, 0
15:05:16, 1395.40, 27.69, 25.50, 28.766, 189, 352, 847, 1570, 2663, 2345, 1874, 1248, 4111, 229, 0, 0, 84, 127, 408, 936, 1657, 1187, 619, 321, 2320, 156, 0, 0
15:05:17, 1400.70, 27.69, 25.50, 28.758, 154, 285, 712, 1305, 1651, 1446, 1051, 706, 2609, 147, 0, 0, 78, 116, 376, 875, 1564, 1115, 576, 293, 2083, 141, 0, 0
15:05:18, 1408.30, 27.69, 25.50, 28.758, 137, 248, 629, 1141, 2033, 1756, 1348, 879, 3166, 175, 0, 0, 75, 110, 359, 836, 1510, 1078, 552, 282, 2096, 141, 0, 0
15:05:18, 1416.30, 27.70, 25.52, 28.734, 146, 277, 692, 1322, 1857, 1596, 1219, 800, 2899, 162, 0, 0, 70, 102, 336, 790, 1416, 1006, 511, 257, 1888, 127, 0, 0
15:05:19, 1422.80, 27.70, 25.50, 28.687, 131, 243, 615, 1166, 1732, 1490, 1096, 706, 2734, 152, 0, 0, 67, 98, 322, 762, 1382, 983, 498, 250, 1839, 124, 0, 0
15:05:20, 1434.10, 27.70, 25.50, 28.687, 131, 242, 613, 1189, 1916, 1637, 1232, 761, 3119, 174, 0, 0, 63, 90, 299, 713, 1276, 903, 448, 223, 1708, 115, 0, 0
15:05:20, 1439.30, 27.70, 25.52, 28.625, 102, 178, 471, 891, 1336, 1164, 803, 510, 2142, 122, 0, 0, 61, 86, 287, 692, 1281, 907, 452, 223, 1670, 113, 0, 0
15:05:21, 1445.60, 27.70, 25.50, 28.586, 103, 183, 486, 921, 1585, 1353, 976, 607, 2433, 136, 0, 0, 57, 80, 271, 653, 1209, 852, 417, 206, 1613, 108, 0, 0
15:05:22, 1447.20, 27.70, 25.50, 28.586, 108, 200, 522, 1027, 1461, 1239, 886, 556, 2224, 125, 0, 0, 57, 80, 269, 650, 1194, 841, 413, 203, 1545, 104, 0, 0
15:05:22, 1451.00, 27.70, 25.52, 28.562, 98, 179, 479, 913, 1361, 1150, 816, 503, 2035, 114, 0, 0, 55, 78, 262, 637, 1165, 820, 399, 196, 1518, 102, 0, 0
15:05:23, 1457.00, 27.70, 25.50, 28.555, 105, 192, 497, 1033, 1626, 1374, 993, 584, 2756, 154, 0, 0, 52, 73, 247, 605, 1132, 795, 386, 188, 1453, 98, 0, 0
15:05:24, 1460.20, 27.69, 25.54, 28.555, 87, 150, 404, 781, 1221, 1037, 704, 437, 1847, 105, 0, 0, 52, 72, 246, 604, 1109, 779, 375, 182, 1434, 96, 0, 0
15:05:24, 1464.70, 27.69, 25.50, 28.539, 100, 182, 480, 978, 1535, 1302, 923, 544, 2502, 139, 0, 0, 50, 69, 234, 576, 1074, 754, 361, 175, 1393, 94, 0, 0
15:05:25, 1466.00, 27.69, 25.54, 28.531, 91, 165, 449, 875, 1342, 1127, 793, 480, 1998, 112, 0, 0, 49, 68, 232, 573, 1081, 758, 364, 176, 1367, 92, 0, 0
15:05:26, 1467.70, 27.69, 25.54, 28.531, 84, 151, 411, 797, 1258, 1048, 737, 440, 1882, 105, 0, 0, 49, 68, 231, 570, 1062, 744, 355, 171, 1343, 90, 0, 0
15:05:26, 1475.60, 27.69, 25.54, 28.531, 88, 168, 462, 891, 1438, 1184, 831, 491, 2597, 146, 0, 0, 47, 65, 223, 552, 1012, 709, 335, 161, 1314, 88, 0, 0
15:05:27, 1480.10, 27.69, 25.50, 28.531, 78, 139, 382, 756, 1231, 1026, 706, 421, 1869, 105, 0, 0, 45, 60, 208, 520, 986, 690, 325, 156, 1254, 85, 0, 0
15:05:28, 1473.00, 27.69, 25.54, 28.531, 69, 118, 325, 641, 956, 804, 522, 308, 1422, 82, 0, 0, 49, 67, 229, 569, 1081, 758, 363, 174, 1351, 91, 0, 0
15:05:28, 1472.00, 27.69, 25.54, 28.516, 67, 113, 311, 617, 1023, 859, 567, 339, 1503, 86, 0, 0, 49, 67, 231, 572, 1047, 734, 350, 169, 1326, 89, 0, 0
15:05:29, 1473.80, 27.69, 25.57, 28.523, 89, 162, 426, 893, 1415, 1182, 836, 492, 2236, 125, 0, 0, 47, 64, 219, 544, 1025, 719, 342, 164, 1313, 88, 0, 0
15:05:30, 1466.80, 27.69, 25.56, 28.523, 72, 126, 344, 676, 981, 812, 538, 319, 1400, 80, 0, 0, 52, 71, 243, 600, 1145, 802, 389, 187, 1395, 94, 0, 0
15:05:30, 1460.50, 27.70, 25.54, 28.523, 63, 109, 299, 590, 971, 812, 539, 322, 1398, 81, 0, 0, 56, 77, 262, 641, 1160, 815, 397, 192, 1456, 98, 0, 0
15:05:31, 1463.00, 27.70, 25.56, 28.516, 98, 177, 462, 952, 1538, 1308, 931, 544, 2529, 142, 0, 0, 51, 70, 240, 590, 1095, 772, 371, 181, 1434, 96, 0, 0
15:05:32, 1460.80, 27.70, 25.57, 28.516, 81, 138, 374, 725, 1113, 944, 625, 387, 1677, 96, 0, 0, 54, 75, 254, 623, 1172, 824, 402, 195, 1472, 99, 0, 0
15:05:32, 1465.10, 27.70, 25.54, 28.508, 75, 131, 353, 682, 1027, 859, 581, 346, 1468, 84, 0, 0, 56, 78, 263, 645, 1133, 797, 388, 188, 1424, 96, 0, 0
15:05:33, 1478.60, 27.70, 25.56, 28.508, 88, 164, 440, 879, 1456, 1187, 847, 511, 2576, 144, 0, 0, 47, 65, 222, 551, 1017, 715, 340, 164, 1325, 89, 0, 0
15:05:34, 1482.50, 27.71, 25.56, 28.508, 71, 125, 346, 685, 1041, 863, 582, 340, 1503, 85, 0, 0, 46, 61, 212, 532, 996, 698, 330, 157, 1237, 83, 0, 0
15:05:34, 1482.10, 27.71, 25.57, 28.500, 59, 101, 281, 560, 850, 705, 455, 263, 1203, 69, 0, 0, 49, 66, 226, 565, 1032, 723, 345, 165, 1280, 87, 0, 0
15:05:35, 1488.90, 27.71, 25.57, 28.492, 77, 137, 379, 749, 1278, 1067, 740, 432, 1974, 110, 0, 0, 44, 59, 205, 512, 978, 688, 324, 156, 1315, 88, 0, 0
15:05:36, 1495.00, 27.71, 25.57, 28.492, 77, 139, 379, 782, 1165, 966, 660, 388, 1779, 100, 0, 0, 41, 54, 189, 479, 912, 638, 297, 141, 1159, 78, 0, 0
15:05:36, 1491.60, 27.71, 25.56, 28.484, 60, 100, 282, 570, 882, 737, 469, 271, 1304, 75, 0, 0, 43, 56, 197, 498, 967, 676, 319, 151, 1189, 80, 0, 0
15:05:37, 1488.20, 27.71, 25.56, 28.477, 53, 90, 252, 516, 911, 755, 491, 286, 1307, 75, 0, 0, 43, 57, 199, 501, 959, 671, 315, 149, 1176, 79, 0, 0
15:05:38, 1491.30, 27.71, 25.57, 28.477, 61, 107, 296, 593, 1016, 836, 556, 325, 1456, 82, 0, 0, 43, 57, 197, 498, 943, 662, 311, 149, 1222, 82, 0, 0
15:05:38, 1492.20, 27.71, 25.59, 28.469, 73, 136, 382, 762, 1191, 978, 672, 391, 1914, 107, 0, 0, 41, 55, 190, 481, 932, 652, 305, 145, 1163, 78, 0, 0
15:05:39, 1489.20, 27.71, 25.59, 28.477, 51, 86, 241, 493, 793, 661, 419, 240, 1152, 67, 0, 0, 46, 61, 212, 533, 982, 688, 325, 154, 1217, 82, 0, 0
15:05:40, 1491.40, 27.71, 25.57, 28.477, 71, 128, 354, 714, 1225, 1021, 696, 395, 1954, 109, 0, 0, 41, 55, 192, 484, 933, 654, 306, 146, 1176, 79, 0, 0
15:05:40, 1496.40, 27.71, 25.57, 28.477, 63, 107, 299, 598, 1050, 872, 581, 341, 1534, 86, 0, 0, 41, 54, 190, 480, 911, 639, 297, 142, 1176, 79, 0, 0
15:05:41, 1498.60, 27.71, 25.56, 28.477, 67, 123, 346, 692, 1076, 890, 598, 350, 1669, 94, 0, 0, 39, 52, 181, 461, 897, 627, 292, 138, 1117, 75, 0, 0
15:05:42, 1496.20, 27.71, 25.59, 28.477, 49, 81, 229, 473, 780, 647, 406, 231, 1120, 65, 0, 0, 43, 57, 198, 502, 950, 665, 312, 148, 1171, 79, 0, 0
15:05:42, 1493.20, 27.71, 25.61, 28.477, 61, 103, 290, 584, 932, 775, 499, 294, 1356, 77, 0, 0, 43, 57, 199, 504, 988, 692, 327, 155, 1194, 80, 0, 0
15:05:43, 1487.50, 27.71, 25.59, 28.477, 58, 99, 276, 553, 918, 755, 500, 289, 1296, 74, 0, 0, 45, 60, 208, 524, 1021, 716, 341, 162, 1209, 81, 0, 0
15:05:44, 1484.20, 27.71, 25.59, 28.477, 57, 99, 277, 560, 925, 758, 509, 287, 1294, 73, 0, 0, 46, 62, 214, 537, 1017, 714, 340, 162, 1222, 82, 0, 0
15:05:44, 1482.00, 27.71, 25.57, 28.477, 66, 113, 315, 628, 1000, 839, 552, 328, 1482, 84, 0, 0, 45, 61, 209, 526, 1026, 721, 343, 163, 1271, 86, 0, 0
15:05:45, 1481.10, 27.71, 25.57, 28.484, 58, 98, 271, 545, 897, 754, 485, 287, 1355, 78, 0, 0, 48, 64, 220, 551, 1018, 715, 342, 164, 1269, 86, 0, 0
15:05:45, 1482.70, 27.72, 25.61, 28.484, 75, 131, 363, 718, 1119, 932, 636, 380, 1629, 92, 0, 0, 44, 60, 206, 516, 969, 680, 321, 154, 1221, 82, 0, 0
15:05:46, 1474.10, 27.72, 25.61, 28.492, 58, 101, 280, 563, 826, 675, 441, 251, 1134, 65, 0, 0, 50, 67, 230, 575, 1089, 763, 366, 174, 1290, 87, 0, 0
15:05:47, 1464.30, 27.72, 25.57, 28.492, 54, 92, 256, 510, 820, 676, 440, 257, 1143, 66, 0, 0, 56, 77, 262, 647, 1200, 844, 414, 198, 1439, 97, 0, 0
15:05:47, 1459.10, 27.72, 25.59, 28.492, 70, 119, 325, 635, 970, 816, 540, 326, 1434, 82, 0, 0, 54, 74, 252, 618, 1157, 815, 398, 193, 1452, 98, 0, 0
15:05:48, 1448.20, 27.73, 25.59, 28.492, 62, 104, 285, 564, 888, 753, 490, 291, 1412, 83, 0, 0, 60, 83, 280, 683, 1301, 921, 458, 223, 1670, 114, 0, 0
15:05:49, 1444.40, 27.73, 25.61, 28.492, 67, 114, 307, 597, 968, 826, 546, 334, 1498, 87, 0, 0, 60, 84, 283, 686, 1232, 870, 430, 211, 1562, 105, 0, 0
15:05:49, 1438.10, 27.73, 25.61, 28.500, 89, 154, 410, 775, 1131, 960, 656, 410, 1709, 98, 0, 0, 60, 84, 283, 684, 1265, 892, 442, 216, 1589, 108, 0, 0
15:05:50, 1428.70, 27.74, 25.61, 28.508, 75, 129, 343, 657, 1033, 878, 590, 364, 1580, 91, 0, 0, 68, 97, 322, 771, 1434, 1018, 517, 256, 1826, 124, 0, 0
15:05:51, 1426.30, 27.74, 25.59, 28.508, 92, 157, 413, 777, 1337, 1160, 813, 523, 2050, 117, 0, 0, 64, 91, 303, 723, 1343, 951, 478, 237, 1741, 118, 0, 0
15:05:51, 1419.60, 27.74, 25.57, 28.523, 81, 143, 373, 703, 1124, 960, 661, 416, 1742, 100, 0, 0, 69, 99, 327, 776, 1458, 1036, 530, 264, 1873, 127, 0, 0
15:05:52, 1413.90, 27.74, 25.61, 28.523, 78, 133, 350, 663, 1069, 925, 629, 398, 1694, 99, 0, 0, 76, 110, 360, 848, 1526, 1086, 558, 279, 1976, 134, 0, 0
15:05:53, 1412.30, 27.74, 25.61, 28.523, 96, 169, 438, 817, 1257, 1086, 760, 483, 2027, 116, 0, 0, 72, 105, 343, 807, 1442, 1026, 524, 265, 1910, 129, 0, 0
15:05:53, 1406.80, 27.74, 25.64, 28.555, 110, 189, 485, 890, 1283, 1124, 781, 511, 2096, 121, 0, 0, 76, 112, 364, 853, 1557, 1111, 575, 291, 2044, 139, 0, 0
15:05:54, 1396.30, 27.75, 25.59, 28.570, 93, 163, 417, 771, 1136, 984, 684, 437, 1849, 108, 0, 0, 89, 131, 424, 981, 1794, 1288, 682, 347, 2348, 160, 0, 0
15:05:55, 1396.90, 27.75, 25.64, 28.570, 102, 179, 454, 828, 1327, 1153, 823, 539, 2074, 119, 0, 0, 84, 124, 401, 924, 1578, 1129, 590, 303, 2104, 142, 0, 0
15:05:55, 1397.00, 27.75, 25.63, 28.578, 171, 323, 780, 1516, 2215, 1941, 1504, 959, 3562, 196, 0, 0, 76, 114, 368, 851, 1530, 1092, 565, 288, 2053, 138, 0, 0
15:05:56, 1388.60, 27.76, 25.63, 28.609, 96, 172, 438, 803, 1106, 939, 669, 417, 1632, 94, 0, 0, 95, 141, 453, 1042, 1845, 1321, 705, 359, 2299, 155, 0, 0
15:05:57, 1387.60, 27.77, 25.63, 28.609, 99, 176, 447, 811, 1316, 1120, 822, 535, 1931, 111, 0, 0, 89, 133, 427, 979, 1721, 1233, 653, 336, 2198, 148, 0, 0
15:05:57, 1386.40, 27.77, 25.64, 28.617, 124, 223, 559, 994, 1569, 1362, 1012, 677, 2410, 136, 0, 0, 85, 128, 411, 940, 1666, 1195, 631, 325, 2230, 151, 0, 0
15:05:58, 1381.50, 27.77, 25.59, 28.633, 112, 196, 493, 887, 1251, 1097, 780, 505, 2053, 120, 0, 0, 94, 141, 451, 1028, 1816, 1307, 699, 360, 2441, 166, 0, 0
15:05:59, 1382.00, 27.77, 25.68, 28.633, 154, 270, 672, 1191, 1863, 1650, 1236, 849, 2883, 162, 0, 0, 86, 130, 415, 948, 1682, 1206, 637, 329, 2255, 152, 0, 0
15:05:59, 1372.80, 27.78, 25.64, 28.641, 102, 183, 459, 828, 1145, 985, 709, 452, 1743, 101, 0, 0, 107, 163, 513, 1161, 2051, 1479, 811, 420, 2606, 176, 0, 0
15:06:00, 1371.60, 27.78, 25.66, 28.625, 116, 205, 512, 905, 1396, 1200, 886, 588, 2111, 121, 0, 0, 100, 152, 483, 1091, 1868, 1342, 721, 373, 2421, 163, 0, 0
15:06:01, 1366.50, 27.78, 25.66, 28.625, 128, 225, 558, 975, 1249, 1082, 789, 517, 1927, 112, 0, 0, 111, 170, 532, 1195, 2031, 1466, 804, 420, 2637, 179, 0, 0
15:06:01, 1364.10, 27.78, 25.66, 28.641, 135, 238, 584, 1013, 1529, 1333, 992, 681, 2318, 134, 0, 0, 103, 159, 498, 1116, 1924, 1385, 751, 391, 2532, 171, 0, 0
15:06:02, 1360.00, 27.79, 25.64, 28.648, 147, 268, 655, 1139, 1696, 1476, 1119, 760, 2629, 149, 0, 0, 104, 160, 501, 1123, 2019, 1458, 799, 419, 2648, 179, 0, 0
15:06:03, 1352.90, 27.79, 25.66, 28.648, 133, 235, 575, 992, 1449, 1265, 940, 646, 2262, 131, 0, 0, 115, 178, 553, 1228, 2114, 1530, 845, 445, 2831, 192, 0, 0
15:06:03, 1355.50, 27.79, 25.68, 28.664, 188, 329, 795, 1351, 2238, 2027, 1556, 1130, 3614, 201, 0, 0, 103, 161, 499, 1107, 1919, 1389, 757, 403, 2695, 181, 0, 0
15:06:04, 1351.50, 27.80, 25.66, 28.687, 228, 423, 984, 1756, 2122, 1914, 1463, 1057, 3376, 189, 0, 0, 110, 171, 529, 1177, 2115, 1532, 846, 447, 2865, 195, 0, 0
15:06:05, 1345.20, 27.80, 25.66, 28.687, 135, 241, 583, 1012, 1436, 1250, 948, 636, 2191, 127, 0, 0, 125, 195, 601, 1326, 2282, 1652, 927, 491, 2931, 198, 0, 0
15:06:05, 1342.00, 27.80, 25.70, 28.695, 138, 254, 607, 1032, 1563, 1346, 1054, 715, 2379, 136, 0, 0, 121, 190, 584, 1282, 2206, 1598, 893, 475, 2890, 195, 0, 0
15:06:06, 1338.50, 27.80, 25.66, 28.703, 164, 294, 703, 1185, 1805, 1610, 1232, 875, 2865, 164, 0, 0, 119, 188, 578, 1271, 2218, 1613, 901, 481, 3092, 210, 0, 0
15:06:07, 1332.20, 27.81, 25.71, 28.703, 154, 273, 646, 1123, 1637, 1492, 1116, 779, 2994, 174, 0, 0, 129, 205, 623, 1355, 2290, 1671, 942, 509, 3262, 222, 0, 0
15:06:07, 1336.80, 27.81, 25.71, 28.711, 173, 307, 713, 1207, 2169, 2041, 1555, 1177, 3773, 212, 0, 0, 115, 184, 560, 1222, 2145, 1560, 865, 468, 3083, 207, 0, 0
15:06:08, 1326.40, 27.81, 25.68, 28.727, 240, 427, 1002, 1689, 1661, 1487, 1127, 791, 2671, 154, 0, 0, 144, 229, 695, 1510, 2638, 1921, 1104, 592, 3455, 234, 0, 0
15:06:09, 1321.70, 27.81, 25.68, 28.727, 137, 251, 593, 1009, 1469, 1270, 991, 677, 2275, 132, 0, 0, 150, 240, 722, 1553, 2607, 1899, 1099, 596, 3376, 228, 0, 0
15:06:09, 1320.80, 27.82, 25.70, 28.742, 178, 320, 745, 1222, 1904, 1691, 1351, 981, 2936, 169, 0, 0, 135, 217, 651, 1401, 2369, 1727, 983, 536, 3279, 222, 0, 0
15:06:10, 1318.80, 27.82, 25.66, 28.758, 187, 331, 768, 1282, 1756, 1597, 1220, 868, 3192, 184, 0, 0, 139, 224, 675, 1456, 2388, 1746, 994, 543, 3500, 237, 0, 0
15:06:11, 1314.90, 27.82, 25.68, 28.758, 211, 370, 849, 1433, 1698, 1578, 1211, 859, 3193, 187, 0, 0, 153, 248, 738, 1578, 2621, 1924, 1115, 613, 3761, 257, 0, 0
15:06:11, 1314.40, 27.83, 25.66, 28.773, 225, 394, 903, 1471, 1946, 1777, 1379, 1025, 3360, 191, 0, 0, 144, 232, 693, 1484, 2558, 1872, 1082, 593, 3587, 244, 0, 0
15:06:12, 1309.60, 27.83, 25.66, 28.781, 214, 371, 862, 1404, 1838, 1669, 1280, 940, 2977, 173, 0, 0, 160, 259, 771, 1644, 2764, 2025, 1183, 647, 3763, 256, 0, 0
15:06:13, 1308.90, 27.83, 25.68, 28.781, 188, 331, 761, 1238, 1780, 1595, 1249, 918, 2921, 168, 0, 0, 151, 245, 730, 1557, 2553, 1868, 1079, 594, 3570, 242, 0, 0
15:06:13, 1307.60, 27.83, 25.68, 28.781, 279, 492, 1129, 1815, 2510, 2291, 1837, 1401, 3980, 224, 0, 0, 146, 239, 709, 1506, 2573, 1888, 1098, 608, 3646, 247, 0, 0
15:06:14, 1301.20, 27.83, 25.73, 28.781, 201, 353, 811, 1324, 1914, 1720, 1351, 1002, 3105, 179, 0, 0, 158, 258, 763, 1616, 2776, 2039, 1197, 662, 3827, 259, 0, 0
15:06:15, 1294.90, 27.84, 25.71, 28.781, 200, 356, 810, 1301, 1823, 1628, 1298, 957, 2969, 173, 0, 0, 175, 288, 841, 1765, 2897, 2133, 1268, 708, 4001, 271, 0, 0
15:06:15, 1296.70, 27.84, 25.70, 28.781, 274, 477, 1072, 1702, 2919, 2750, 2203, 1763, 4738, 265, 0, 0, 152, 251, 737, 1551, 2581, 1898, 1104, 616, 3794, 256, 0, 0
15:06:16, 1289.90, 27.85, 25.70, 28.797, 335, 609, 1356, 2178, 2413, 2289, 1782, 1396, 4145, 235, 0, 0, 183, 303, 881, 1838, 3241, 2403, 1459, 821, 4568, 312, 0, 0
15:06:17, 1288.10, 27.85, 25.73, 28.797, 193, 344, 778, 1262, 1927, 1722, 1383, 1030, 3112, 179, 0, 0, 180, 297, 863, 1798, 3018, 2223, 1327, 742, 4128, 279, 0, 0
15:06:17, 1288.20, 27.85, 25.68, 28.797, 228, 425, 936, 1476, 2249, 1970, 1715, 1252, 3536, 197, 0, 0, 173, 287, 833, 1733, 2843, 2097, 1248, 704, 4006, 270, 0, 0
15:06:18, 1283.00, 27.86, 25.71, 28.812, 302, 534, 1197, 1876, 2393, 2175, 1754, 1353, 3803, 217, 0, 0, 181, 301, 871, 1810, 3015, 2230, 1335, 754, 4340, 294, 0, 0
15:06:19, 1279.30, 27.86, 25.73, 28.812, 268, 457, 1020, 1594, 2189, 2024, 1600, 1257, 3680, 213, 0, 0, 187, 312, 899, 1860, 3021, 2233, 1341, 760, 4333, 293, 0, 0
15:06:19, 1276.50, 27.86, 25.71, 28.805, 304, 525, 1162, 1780, 2569, 2336, 1940, 1527, 4024, 229, 0, 0, 186, 311, 894, 1839, 2984, 2207, 1326, 755, 4288, 290, 0, 0
15:06:20, 1272.70, 27.87, 25.70, 28.812, 256, 450, 986, 1532, 1952, 1779, 1432, 1085, 3360, 195, 0, 0, 200, 337, 962, 1970, 3162, 2344, 1424, 814, 4572, 310, 0, 0
15:06:21, 1272.30, 27.87, 25.70, 28.812, 308, 524, 1149, 1770, 2318, 2163, 1735, 1367, 3945, 228, 0, 0, 202, 341, 967, 1972, 3143, 2334, 1422, 819, 4586, 311, 0, 0
15:06:21, 1270.10, 27.87, 25.73, 28.820, 398, 695, 1513, 2294, 3465, 3156, 2783, 2236, 5128, 285, 0, 0, 181, 305, 872, 1788, 3063, 2263, 1363, 777, 4389, 297, 0, 0
15:06:22, 1259.50, 27.87, 25.70, 28.820, 235, 426, 934, 1451, 1916, 1699, 1402, 1044, 3123, 180, 0, 0, 246, 417, 1173, 2367, 3912, 2915, 1844, 1067, 5354, 362, 0, 0
15:06:23, 1261.40, 27.88, 25.75, 28.820, 224, 405, 879, 1360, 2208, 1969, 1692, 1308, 3543, 207, 0, 0, 211, 359, 1010, 2040, 3294, 2442, 1500, 868, 4632, 312, 0, 0
15:06:23, 1261.10, 27.88, 25.73, 28.820, 336, 596, 1283, 1911, 3501, 3190, 2856, 2291, 5275, 293, 0, 0, 194, 332, 936, 1897, 3234, 2400, 1468, 849, 4718, 319, 0, 0
15:06:24, 1251.20, 27.89, 25.70, 28.828, 247, 438, 954, 1483, 1979, 1776, 1469, 1114, 3275, 191, 0, 0, 259, 442, 1232, 2462, 3949, 2942, 1853, 1075, 5479, 370, 0, 0
15:06:25, 1254.00, 27.90, 25.75, 28.828, 221, 409, 871, 1337, 2109, 1861, 1629, 1227, 3463, 197, 0, 0, 226, 388, 1081, 2166, 3470, 2576, 1596, 929, 4864, 327, 0, 0
15:06:25, 1254.20, 27.90, 25.71, 28.828, 432, 800, 1666, 2536, 4188, 3870, 3561, 2858, 6129, 336, 0, 0, 208, 358, 1000, 2004, 3303, 2456, 1512, 883, 4887, 329, 0, 0
15:06:26, 1244.70, 27.91, 25.75, 28.828, 242, 434, 932, 1454, 1831, 1656, 1361, 1011, 3207, 186, 0, 0, 280, 483, 1327, 2624, 4213, 3157, 2032, 1200, 5963, 404, 0, 0
15:06:27, 1244.50, 27.91, 25.75, 28.828, 211, 385, 809, 1225, 1605, 1416, 1201, 907, 2768, 160, 0, 0, 279, 482, 1321, 2604, 3907, 2910, 1844, 1083, 5452, 367, 0, 0
15:06:27, 1247.00, 27.92, 25.77, 28.836, 386, 679, 1432, 2110, 3223, 3017, 2535, 2102, 5271, 299, 0, 0, 231, 399, 1102, 2187, 3607, 2697, 1694, 1005, 5452, 369, 0, 0
15:06:28, 1240.30, 27.93, 25.75, 28.852, 248, 442, 935, 1453, 1819, 1679, 1372, 1038, 3373, 198, 0, 0, 275, 476, 1305, 2576, 4114, 3080, 1970, 1163, 5952, 404, 0, 0
15:06:29, 1239.70, 27.93, 25.75, 28.852, 236, 425, 885, 1325, 1874, 1673, 1437, 1120, 3223, 186, 0, 0, 278, 482, 1311, 2565, 4025, 3006, 1924, 1145, 5622, 378, 0, 0
15:06:29, 1243.00, 27.93, 25.75, 28.844, 486, 815, 1722, 2501, 5111, 4769, 4383, 3719, 6621, 372, 0, 0, 230, 402, 1107, 2188, 3515, 2621, 1633, 967, 5419, 364, 0, 0
15:06:30, 1234.40, 27.94, 25.75, 28.875, 534, 924, 1940, 2876, 2584, 2479, 2021, 1681, 4566, 265, 0, 0, 281, 487, 1326, 2602, 4314, 3240, 2088, 1244, 6376, 435, 0, 0
15:06:31, 1229.10, 27.94, 25.77, 28.875, 219, 394, 822, 1254, 1690, 1515, 1288, 977, 2949, 172, 0, 0, 328, 575, 1541, 2981, 4613, 3463, 2275, 1365, 6444, 433, 0, 0
15:06:31, 1232.60, 27.94, 25.80, 28.875, 353, 626, 1298, 1887, 3576, 3239, 2898, 2442, 5200, 304, 0, 0, 253, 444, 1207, 2359, 3741, 2795, 1761, 1051, 5624, 378, 0, 0
15:06:32, 1231.90, 27.94, 25.80, 28.883, 393, 658, 1360, 1986, 2636, 2521, 2062, 1734, 4737, 271, 0, 0, 275, 482, 1302, 2534, 4143, 3116, 2015, 1217, 6187, 419, 0, 0
15:06:33, 1232.30, 27.95, 25.79, 28.883, 335, 575, 1193, 1743, 2633, 2411, 2076, 1715, 4340, 254, 0, 0, 266, 466, 1264, 2468, 3945, 2945, 1872, 1113, 5701, 383, 0, 0
15:06:33, 1226.50, 27.95, 25.75, 28.875, 319, 585, 1197, 1753, 2362, 2124, 1866, 1463, 3999, 228, 0, 0, 295, 518, 1393, 2699, 4334, 3254, 2112, 1271, 6307, 427, 0, 0
15:06:34, 1223.70, 27.96, 25.77, 28.875, 352, 603, 1238, 1793, 2616, 2516, 2101, 1770, 4733, 278, 0, 0, 300, 529, 1413, 2726, 4411, 3326, 2164, 1313, 6883, 470, 0, 0
15:06:35, 1222.50, 27.96, 25.77, 28.891, 590, 898, 1859, 2661, 4071, 4278, 3314, 3211, 6335, 367, 0, 0, 272, 479, 1286, 2485, 4142, 3114, 2008, 1216, 6387, 432, 0, 0
15:06:35, 1219.00, 27.96, 25.75, 28.883, 301, 533, 1086, 1625, 2417, 2288, 1918, 1579, 4343, 257, 0, 0, 297, 524, 1401, 2703, 4267, 3211, 2081, 1261, 6491, 440, 0, 0
15:06:36, 1212.90, 27.97, 25.80, 28.883, 287, 505, 1022, 1523, 1973, 1843, 1573, 1256, 3669, 214, 0, 0, 350, 621, 1627, 3094, 4635, 3499, 2317, 1421, 6844, 461, 0, 0
15:06:37, 1215.00, 27.97, 25.80, 28.891, 368, 676, 1341, 1903, 3049, 2704, 2608, 2048, 5029, 281, 0, 0, 287, 509, 1349, 2584, 4076, 3062, 1979, 1205, 6095, 409, 0, 0
15:06:37, 1205.30, 27.97, 25.80, 28.891, 393, 716, 1445, 2067, 2742, 2469, 2224, 1816, 4532, 257, 0, 0, 327, 581, 1533, 2924, 4724, 3563, 2358, 1445, 6894, 461, 0, 0
15:06:38, 1198.40, 27.97, 25.82, 28.891, 374, 631, 1265, 1775, 2370, 2215, 1945, 1657, 4118, 250, 0, 0, 374, 668, 1725, 3243, 4819, 3651, 2441, 1515, 7249, 487, 0, 0
15:06:39, 1200.40, 27.98, 25.82, 28.898, 647, 1055, 2145, 2844, 6055, 5541, 5714, 5066, 7463, 422, 0, 0, 309, 556, 1444, 2720, 4226, 3198, 2101, 1310, 6703, 450, 0, 0
15:06:39, 1189.80, 27.98, 25.80, 28.898, 567, 963, 1911, 2588, 2806, 2594, 2348, 2022, 4692, 280, 0, 0, 376, 674, 1738, 3255, 5133, 3894, 2627, 1636, 7597, 509, 0, 0
15:06:40, 1184.60, 27.99, 25.80, 28.898, 399, 682, 1334, 1834, 2382, 2215, 1988, 1703, 4243, 257, 0, 0, 413, 744, 1887, 3490, 5174, 3936, 2676, 1684, 7938, 535, 0, 0
15:06:41, 1183.10, 27.99, 25.77, 28.906, 605, 991, 1938, 2623, 4458, 4443, 3785, 3679, 7082, 399, 0, 0, 343, 619, 1585, 2951, 4680, 3556, 2377, 1498, 7488, 503, 0, 0
15:06:41, 1175.50, 27.99, 25.80, 28.914, 616, 909, 1780, 2433, 3610, 3810, 3134, 3033, 6361, 395, 0, 0, 398, 721, 1818, 3351, 5293, 4048, 2777, 1771, 8351, 562, 0, 0
15:06:42, 1172.10, 27.99, 25.80, 28.914, 452, 763, 1450, 1975, 2901, 2770, 2498, 2261, 5207, 318, 0, 0, 399, 723, 1816, 3330, 5124, 3915, 2684, 1719, 7994, 536, 0, 0
15:06:43, 1168.00, 27.99, 25.82, 28.914, 825, 1173, 2422, 2939, 4621, 4369, 4002, 3910, 6589, 427, 0, 0, 412, 748, 1873, 3426, 5331, 4072, 2798, 1784, 8195, 549, 0, 0
15:06:43, 1162.10, 27.99, 25.80, 28.922, 476, 791, 1496, 2010, 2637, 2559, 2277, 2065, 5005, 301, 0, 0, 457, 827, 2042, 3693, 5451, 4191, 2915, 1890, 8924, 605, 0, 0
15:06:44, 1161.20, 28.00, 25.82, 28.922, 837, 1245, 2401, 3091, 4364, 4577, 3800, 3885, 7324, 427, 0, 0, 436, 795, 1962, 3544, 5358, 4127, 2882, 1887, 8700, 585, 0, 0
15:06:45, 1149.90, 28.00, 25.84, 28.922, 679, 1064, 2034, 2591, 2627, 2522, 2322, 2090, 4904, 302, 0, 0, 515, 938, 2288, 4100, 6205, 4790, 3422, 2244, 9748, 655, 0, 0
15:06:45, 1148.60, 28.01, 25.84, 28.922, 533, 856, 1585, 2100, 3229, 3252, 2882, 2829, 5953, 393, 0, 0, 494, 897, 2183, 3899, 5820, 4491, 3167, 2076, 9364, 630, 0, 0
15:06:46, 1147.30, 28.01, 25.84, 28.922, 1141, 1680, 3286, 3904, 5046, 4549, 4914, 4291, 7728, 426, 0, 0, 447, 816, 1993, 3570, 5699, 4390, 3101, 2033, 8907, 595, 0, 0
15:06:47, 1132.10, 28.02, 25.84, 28.937, 473, 841, 1518, 2016, 2667, 2439, 2424, 2174, 4905, 297, 0, 0, 580, 1060, 2529, 4439, 6621, 5133, 3732, 2486, 10293, 685, 0, 0
15:06:47, 1127.00, 28.02, 25.84, 28.945, 594, 1000, 1771, 2232, 3102, 2814, 2891, 2629, 5480, 334, 0, 0, 563, 1031, 2438, 4258, 6173, 4788, 3457, 2316, 9884, 659, 0, 0
15:06:48, 1122.40, 28.03, 25.86, 28.945, 1485, 2428, 4262, 5493, 7150, 6729, 6785, 6900, 8975, 528, 0, 0, 583, 1070, 2502, 4336, 6686, 5224, 3840, 2611, 11317, 765, 0, 0
15:06:49, 1111.00, 28.04, 25.82, 28.945, 816, 1188, 2118, 2663, 2896, 2972, 2734, 2693, 6014, 401, 0, 0, 685, 1259, 2896, 4957, 7270, 5702, 4269, 2938, 12002, 808, 0, 0
15:06:49, 1105.80, 28.04, 25.89, 28.953, 667, 1093, 1877, 2292, 3088, 2834, 3000, 2835, 5724, 368, 0, 0, 671, 1234, 2823, 4809, 6789, 5322, 3955, 2726, 11000, 727, 0, 0
15:06:50, 1099.10, 28.04, 25.84, 28.953, 1777, 2202, 4471, 4420, 7055, 6812, 6170, 7148, 9381, 592, 0, 0, 673, 1237, 2816, 4763, 7127, 5615, 4219, 2951, 12525, 849, 0, 0
15:06:51, 1091.40, 28.05, 25.86, 28.953, 673, 1015, 1714, 2128, 2619, 2586, 2566, 2624, 5522, 395, 0, 0, 730, 1334, 3002, 5061, 7200, 5668, 4276, 2986, 11942, 800, 0, 0
15:06:51, 1083.90, 28.05, 25.87, 28.969, 1050, 1414, 2519, 2748, 4519, 4447, 4123, 4734, 7537, 568, 0, 0, 740, 1362, 3031, 5044, 7119, 5622, 4258, 3014, 12574, 845, 0, 0
15:06:52, 1082.10, 28.05, 25.86, 28.969, 1851, 2100, 3761, 4253, 4048, 4710, 4076, 4605, 9181, 714, 0, 0, 717, 1322, 2934, 4884, 6725, 5305, 3995, 2842, 12031, 804, 0, 0
15:06:53, 1074.20, 28.05, 25.87, 28.969, 586, 876, 1419, 1784, 2017, 2082, 2057, 2039, 4683, 341, 0, 0, 889, 1630, 3540, 5804, 7886, 6279, 4863, 3510, 14359, 972, 0, 0
15:06:53, 1069.70, 28.06, 25.86, 28.992, 978, 1288, 2116, 2482, 3265, 3599, 3229, 3659, 6850, 578, 0, 0, 824, 1512, 3299, 5416, 7755, 6152, 4761, 3433, 13623, 912, 0, 0
15:06:54, 1058.60, 28.06, 25.87, 28.992, 1566, 1826, 3282, 3379, 3592, 3803, 3542, 4061, 7227, 672, 0, 0, 915, 1677, 3602, 5849, 8461, 6746, 5311, 3879, 15281, 1029, 0, 0
15:06:55, 1054.50, 28.06, 25.87, 29.000, 978, 1283, 2069, 2358, 3376, 3542, 3408, 3938, 7047, 778, 0, 0, 904, 1659, 3533, 5722, 7995, 6372, 4982, 3653, 14090, 943, 0, 0
15:06:55, 1047.20, 28.07, 25.87, 29.016, 1344, 1700, 2927, 3011, 3448, 3266, 3663, 3797, 6904, 726, 0, 0, 964, 1763, 3728, 5998, 8334, 6676, 5271, 3900, 14783, 992, 0, 0
15:06:56, 1036.20, 28.07, 25.87, 29.016, 1485, 1638, 2794, 2822, 3251, 3655, 3370, 3931, 7584, 887, 0, 0, 957, 1753, 3651, 5806, 7904, 6327, 5034, 3811, 15276, 1052, 0, 0
15:06:57, 1036.10, 28.08, 25.86, 29.016, 1679, 1729, 2709, 3125, 6125, 11930, 6750, 10046, 13406, 2237, 0, 0, 914, 1667, 3491, 5571, 7635, 6112, 4812, 3605, 14090, 947, 0, 0
15:06:57, 1027.40, 28.09, 25.89, 29.031, 12792, 20323, 22880, 30453, 17088, 19058, 19843, 24473, 19884, 2244, 0, 0, 933, 1712, 3568, 5683, 7962, 6378, 5055, 3806, 14083, 938, 0, 0
15:06:58, 1020.60, 28.10, 25.87, 29.031, 7746, 16216, 20636, 20978, 28245, 30681, 29303, 32252, 28028, 5430, 0, 0, 861, 1597, 3282, 5248, 7054, 5624, 4438, 3337, 12234, 812, 0, 0
15:06:59, 1026.00, 28.10, 25.89, 29.031, 10015, 14934, 20869, 22800, 36000, 36000, 36000, 36000, 36000, 18368, 1, 1, 839, 1563, 3217, 5138, 7088, 5644, 4460, 3332, 12338, 794, 0, 0
15:06:59, 1017.60, 28.10, 25.89, 29.039, 12112, 16067, 21352, 19675, 23529, 26366, 24637, 34610, 29436, 8724, 0, 1, 885, 1644, 3362, 5347, 7348, 5843, 4675, 3526, 13210, 906, 0, 0
15:07:00, 1020.40, 28.11, 25.94, 29.039, 10755, 20392, 26277, 24161, 29528, 23977, 25429, 33554, 35621, 23390, 0, 1, 876, 1632, 3314, 5240, 7352, 5843, 4743, 3615, 13879, 961, 0, 0
15:07:01, 1018.50, 28.11, 25.89, 29.039, 11962, 19687, 22987, 22452, 21312, 21224, 26692, 29648, 35389, 20309, 0, 1, 903, 1674, 3420, 5379, 7616, 6070, 4902, 3763, 15194, 1070, 0, 0
15:07:01, 1012.90, 28.11, 25.93, 29.039, 6778, 22037, 25101, 21890, 22998, 23250, 24622, 28109, 36000, 22355, 1, 1, 997, 1820, 3661, 5674, 7643, 6129, 5044, 3945, 16188, 1261, 0, 0
15:07:02, 1014.00, 28.10, 25.93, 29.039, 7438, 24550, 30791, 19846, 19256, 31696, 25949, 31269, 36000, 36000, 1, 1, 12849, 19391, 27823, 34485, 36000, 36000, 36000, 36000, 36000, 36000, 1, 1
15:07:03, 1013.80, 28.10, 25.93, 29.008, 4063, 3134, 5314, 5077, 4964, 5222, 6173, 6707, 36000, 20178, 1, 1, 13886, 24434, 32595, 36000, 36000, 36000, 36000, 36000, 36000, 36000, 1, 1
15:07:03, 1013.50, 28.09, 25.96, 28.898, 1346, 1749, 2232, 2837, 1870, 2163, 2709, 3255, 10332, 5029, 0, 0, 36000, 36000, 36000, 36000, 36000, 36000, 36000, 36000, 36000, 36000, 1, 1
15:07:04, 1013.60, 28.09, 25.96, 28.898, 641, 922, 1197, 1429, 1334, 1514, 1961, 2207, 9437, 5198, 0, 0, 4816, 7836, 10265, 14747, 11994, 12074, 16379, 14652, 36000, 14176, 1, 1
15:07:05, 1013.40, 28.08, 25.94, 28.766, 765, 1188, 1506, 1716, 1804, 2140, 2727, 3405, 12645, 8818, 0, 0, 20067, 30671, 36000, 36000, 36000, 36000, 36000, 36000, 36000, 36000, 1, 1
15:07:05, 1013.50, 28.08, 25.94, 28.617, 509, 722, 902, 1102, 1170, 1300, 1741, 1823, 7862, 3792, 0, 0, 34960, 36000, 36000, 36000, 36000, 36000, 36000, 36000, 36000, 36000, 1, 1
