Secchi Depth (cm) = 9999
Forel Ule Scale = 99
pH Colour Scale = 99
SensingSecchi S/N = A017
Latitude (degs N) = 33.94767
Longitude (degs E) = -77.97118
Date = 2026-07-02
Time (UTC), Pressure (mbar) MS5803, Temp (deg C) MS5803, Temp (deg C) 10KTHERM, Temp (deg C) TMP117, ED 415nm, ED 445nm, ED 480nm, ED 515nm, ED 555nm, ED 590nm, ED 630nm, ED 680nm, ED Clear, ED NIR, ED D-SAT, ED A-SAT, EU 415nm, EU 445nm, EU 480nm, EU 515nm, EU 555nm, EU 590nm, EU 630nm, EU 680nm, EU Clear, EU NIR, EU D-SAT, EU A-SAT
15:26:00, 1013.50, 28.10, 28.52, 26.547, 8492, 7529, 9547, 20769, 10382, 18633, 31343, 19506, 36000, 16027, 1, 1, 5491, 8725, 10988, 13984, 14634, 17770, 28443, 34489, 36000, 36000, 1, 1
15:26:00, 1013.50, 28.10, 28.54, 26.547, 6183, 6376, 9848, 22089, 11002, 20513, 23051, 21641, 36000, 19197, 1, 1, 6220, 9727, 12328, 15272, 17397, 21147, 31234, 36000, 36000, 36000, 1, 1
15:26:01, 1013.30, 28.10, 28.52, 26.570, 7835, 7505, 9805, 26096, 11402, 21322, 35956, 20979, 36000, 16762, 1, 1, 7013, 10610, 13810, 16695, 18728, 23837, 32292, 36000, 36000, 36000, 1, 1
15:26:02, 1013.40, 28.09, 28.51, 26.594, 6592, 6586, 8286, 17726, 9402, 17318, 23177, 17816, 36000, 14461, 1, 1, 6712, 10016, 13189, 15674, 17620, 21580, 30904, 36000, 36000, 36000, 1, 1
15:26:02, 1013.30, 28.09, 28.58, 26.594, 5319, 5775, 8306, 15736, 9369, 16859, 20335, 16962, 36000, 16050, 1, 1, 6636, 9880, 13016, 15437, 18157, 22496, 31438, 36000, 36000, 36000, 1, 1
15:26:03, 1013.50, 28.09, 28.54, 26.633, 5862, 6242, 8355, 16729, 9708, 17143, 21026, 17575, 36000, 16289, 1, 1, 6758, 10053, 13238, 15713, 18160, 22739, 31574, 36000, 36000, 36000, 1, 1
15:26:04, 1013.30, 28.08, 28.54, 26.687, 6618, 6601, 8414, 18289, 9657, 18065, 26007, 18518, 36000, 15878, 1, 1, 6936, 10333, 13581, 16166, 18619, 23630, 31698, 36000, 36000, 36000, 1, 1
15:26:04, 1013.30, 28.08, 28.52, 26.687, 6056, 6350, 7751, 15666, 8996, 16329, 19979, 17372, 36000, 12956, 1, 1, 6806, 10019, 13343, 15697, 18436, 23073, 31268, 36000, 36000, 36000, 1, 1
15:26:05, 1013.50, 28.08, 28.54, 26.711, 5728, 6281, 7772, 14940, 8993, 16415, 20100, 17387, 36000, 13093, 1, 1, 6744, 9893, 13202, 15475, 18047, 22488, 30996, 36000, 36000, 36000, 1, 1
15:26:06, 1013.30, 28.07, 28.56, 26.727, 5922, 6304, 7937, 15779, 9057, 16450, 20893, 17489, 36000, 13094, 1, 1, 7021, 10390, 13681, 16300, 18923, 24297, 31993, 36000, 36000, 36000, 1, 1
15:26:06, 1013.40, 28.06, 28.54, 26.727, 5108, 4434, 6795, 10103, 7210, 14140, 10876, 10875, 36000, 11493, 1, 1, 11489, 19403, 24860, 32000, 36000, 36000, 36000, 36000, 36000, 36000, 1, 1
15:26:07, 1013.10, 28.06, 28.58, 26.750, 3195, 5980, 5793, 13313, 12129, 9436, 22437, 9616, 25006, 9113, 0, 0, 20521, 35977, 36000, 36000, 36000, 36000, 36000, 36000, 36000, 36000, 1, 1
15:26:08, 1013.10, 28.06, 28.58, 26.766, 1183, 1809, 2310, 2456, 3201, 2752, 4275, 3020, 9739, 1879, 0, 0, 23341, 36000, 36000, 36000, 36000, 36000, 36000, 36000, 36000, 36000, 1, 1
15:26:08, 1013.10, 28.06, 28.56, 26.766, 11589, 21579, 19878, 31134, 35904, 36000, 36000, 36000, 29603, 10510, 1, 1, 2056, 3482, 5264, 8330, 10684, 11794, 10602, 8310, 18060, 2711, 0, 0
15:26:09, 1019.40, 28.05, 28.58, 26.742, 7515, 9132, 14832, 13046, 29562, 36000, 36000, 36000, 15753, 5524, 1, 1, 810, 1419, 2995, 4912, 7520, 6724, 5970, 4746, 15551, 1143, 0, 0
15:26:10, 1024.70, 28.03, 28.61, 27.555, 4825, 3527, 7310, 5873, 4956, 6552, 5147, 7185, 11258, 4144, 0, 0, 902, 1561, 3326, 5502, 8219, 7330, 6496, 5073, 15672, 1150, 0, 0
15:26:10, 1030.60, 28.04, 28.52, 27.555, 18149, 23504, 26968, 29915, 33241, 29477, 32202, 35157, 36000, 15868, 1, 1, 659, 1150, 2441, 4035, 6777, 6050, 5328, 4172, 12862, 919, 0, 0
15:26:11, 1026.80, 28.09, 28.60, 28.156, 974, 1420, 1962, 2323, 3285, 3373, 3380, 4172, 6826, 1739, 0, 0, 848, 1475, 3161, 5263, 8048, 7192, 6401, 5023, 14964, 1077, 0, 0
15:26:12, 1035.40, 28.14, 28.58, 28.477, 3794, 7875, 10635, 15975, 15795, 16174, 22413, 19881, 31446, 5339, 0, 0, 589, 1019, 2204, 3700, 5591, 4960, 4321, 3363, 11910, 879, 0, 0
15:26:12, 1037.30, 28.19, 28.60, 28.477, 6644, 8652, 12685, 15575, 3004, 4156, 3305, 4010, 8517, 1203, 0, 0, 771, 1345, 2907, 4898, 7126, 6378, 5685, 4422, 14766, 1085, 0, 0
15:26:13, 1041.80, 28.23, 28.58, 28.648, 5810, 12275, 17183, 18362, 32709, 32320, 33839, 34369, 36000, 14034, 1, 1, 627, 1109, 2368, 3965, 5798, 5160, 4566, 3558, 12948, 934, 0, 0
15:26:14, 1039.80, 28.27, 28.60, 28.758, 2063, 1789, 3010, 3668, 1924, 2140, 2132, 2289, 6353, 734, 0, 0, 835, 1456, 3141, 5265, 7656, 6865, 6125, 4778, 15474, 1138, 0, 0
15:26:14, 1039.60, 28.30, 28.58, 28.758, 4292, 9630, 12576, 16711, 28042, 28283, 28519, 27891, 28157, 4175, 0, 0, 570, 993, 2165, 3663, 6088, 5422, 4774, 3708, 12523, 904, 0, 0
15:26:15, 1028.50, 28.33, 28.60, 28.820, 856, 1128, 1725, 2038, 2033, 2198, 2216, 2440, 5913, 934, 0, 0, 833, 1449, 3106, 5184, 7648, 6828, 6074, 4744, 15068, 1106, 0, 0
15:26:16, 1026.20, 28.35, 28.61, 28.859, 6995, 7000, 11153, 10632, 26409, 23975, 28521, 31169, 23915, 3059, 0, 0, 687, 1205, 2577, 4291, 6786, 6040, 5360, 4200, 13634, 993, 0, 0
15:26:16, 1020.60, 28.37, 28.61, 28.859, 1565, 1564, 2525, 2486, 5171, 6920, 5504, 7995, 10251, 2904, 0, 0, 798, 1386, 2937, 4868, 7311, 6514, 5779, 4530, 14112, 1028, 0, 0
15:26:17, 1026.40, 28.40, 28.60, 28.883, 8286, 14421, 19229, 22924, 27053, 27517, 29587, 29800, 35949, 19186, 0, 1, 702, 1237, 2612, 4311, 6337, 5621, 4988, 3894, 13585, 1008, 0, 0
15:26:18, 1017.60, 28.42, 28.58, 28.891, 1838, 1719, 2702, 2938, 3333, 4881, 3762, 4713, 10325, 2363, 0, 0, 840, 1472, 3068, 5043, 7456, 6651, 5961, 4708, 15696, 1192, 0, 0
15:26:18, 1024.80, 28.44, 28.60, 28.891, 2583, 2119, 3074, 3908, 5846, 9016, 7269, 9158, 14986, 3181, 0, 0, 785, 1386, 2894, 4759, 6513, 5801, 5197, 4091, 14453, 1071, 0, 0
15:26:19, 1021.30, 28.47, 28.60, 28.898, 5087, 4470, 6438, 11475, 3588, 6412, 4501, 5382, 11992, 2612, 0, 0, 829, 1459, 3052, 5022, 7181, 6425, 5777, 4595, 15306, 1150, 0, 0
15:26:20, 1019.60, 28.49, 28.60, 28.906, 8671, 16408, 21859, 22971, 23929, 21920, 24409, 26715, 29707, 7270, 0, 0, 693, 1218, 2567, 4271, 6646, 5915, 5281, 4148, 14142, 1059, 0, 0
15:26:20, 1022.90, 28.51, 28.56, 28.906, 7174, 10564, 15313, 15358, 22416, 21182, 23312, 26555, 35179, 17670, 0, 1, 705, 1247, 2605, 4298, 6129, 5439, 4852, 3782, 13647, 1019, 0, 0
15:26:21, 1023.50, 28.52, 28.60, 28.906, 3619, 2791, 5042, 5936, 8363, 14944, 8350, 16322, 12892, 2419, 0, 0, 653, 1149, 2443, 4092, 6077, 5401, 4807, 3758, 13833, 1031, 0, 0
15:26:22, 1019.10, 28.54, 28.61, 28.914, 4860, 4141, 7276, 8260, 2817, 3730, 3104, 3685, 9453, 1991, 0, 0, 798, 1401, 2914, 4795, 6771, 6051, 5427, 4306, 15136, 1147, 0, 0
15:26:22, 1019.50, 28.55, 28.61, 28.914, 7423, 9760, 12708, 17148, 12979, 18394, 19922, 22619, 34034, 6825, 0, 1, 748, 1322, 2747, 4532, 6850, 6133, 5504, 4378, 15486, 1174, 0, 0
15:26:23, 1026.70, 28.56, 28.61, 28.922, 8050, 15247, 21389, 22059, 24957, 25638, 28066, 28039, 35726, 21183, 0, 1, 684, 1211, 2520, 4172, 6255, 5574, 4973, 3917, 15081, 1095, 0, 0
15:26:24, 1021.20, 28.57, 28.61, 28.930, 3656, 6473, 8926, 10392, 3480, 6707, 5842, 5179, 15497, 1955, 0, 0, 792, 1392, 2909, 4802, 7214, 6461, 5784, 4587, 15804, 1193, 0, 0
15:26:24, 1025.10, 28.58, 28.54, 28.930, 5146, 4640, 7467, 10761, 6353, 6337, 7344, 8544, 19558, 2731, 0, 0, 745, 1320, 2761, 4558, 6590, 5856, 5213, 4090, 15012, 1107, 0, 0
15:26:25, 1027.30, 28.59, 28.60, 28.930, 8167, 16917, 19835, 20474, 19013, 17820, 19580, 22845, 29922, 3490, 0, 0, 690, 1215, 2577, 4293, 6530, 5808, 5139, 4011, 13830, 1014, 0, 0
15:26:26, 1025.20, 28.60, 28.60, 28.937, 6175, 3332, 7009, 7991, 5814, 11799, 5809, 10301, 12327, 2222, 0, 0, 694, 1214, 2579, 4295, 5917, 5214, 4573, 3522, 12280, 912, 0, 0
15:26:26, 1022.80, 28.61, 28.60, 28.937, 8863, 17295, 21669, 23199, 21126, 19825, 21519, 23223, 32568, 10771, 0, 1, 754, 1340, 2816, 4641, 7068, 6291, 5605, 4423, 14779, 1093, 0, 0
15:26:27, 1020.80, 28.62, 28.60, 28.937, 2936, 2181, 3311, 4538, 8638, 20877, 16345, 20707, 21909, 4659, 0, 0, 723, 1269, 2679, 4447, 6882, 6100, 5422, 4219, 14520, 1076, 0, 0
15:26:27, 1029.20, 28.63, 28.60, 28.937, 15146, 24712, 27007, 28401, 23515, 23183, 24935, 28408, 24288, 4364, 0, 0, 696, 1215, 2595, 4322, 6978, 6209, 5484, 4281, 13828, 1006, 0, 0
15:26:28, 1027.60, 28.64, 28.61, 28.945, 5116, 2827, 6826, 4678, 4965, 6099, 4555, 6994, 8576, 1698, 0, 0, 736, 1284, 2758, 4611, 6599, 5855, 5129, 3976, 12664, 913, 0, 0
15:26:29, 1038.20, 28.65, 28.60, 28.945, 3994, 7125, 9730, 11315, 23949, 23833, 30885, 30035, 36000, 10831, 1, 1, 666, 1160, 2512, 4213, 6676, 5949, 5212, 4048, 12749, 911, 0, 0
15:26:29, 1045.30, 28.66, 28.63, 28.945, 3084, 2475, 5667, 4243, 11970, 13042, 9159, 16923, 9967, 1152, 0, 0, 685, 1192, 2615, 4427, 6701, 5986, 5257, 4058, 12519, 889, 0, 0
15:26:30, 1051.60, 28.67, 28.61, 28.945, 2588, 2000, 4182, 3762, 17966, 23573, 17031, 27721, 18851, 1751, 0, 0, 649, 1136, 2493, 4227, 6254, 5588, 4925, 3856, 13599, 967, 0, 0
15:26:31, 1056.40, 28.67, 28.61, 28.945, 5214, 11114, 17148, 19819, 22271, 20560, 25298, 26901, 23777, 2041, 0, 0, 593, 1025, 2296, 3963, 6109, 5452, 4774, 3642, 12152, 874, 0, 0
15:26:31, 1060.50, 28.68, 28.61, 28.945, 4101, 8564, 11747, 15342, 9487, 12869, 10067, 14672, 15389, 1098, 0, 0, 652, 1129, 2519, 4324, 6654, 5971, 5261, 4046, 12922, 934, 0, 0
15:26:32, 1069.20, 28.68, 28.61, 28.930, 4150, 8236, 11418, 16194, 30142, 28263, 35578, 34853, 31603, 2145, 0, 1, 547, 943, 2145, 3752, 5928, 5325, 4643, 3545, 11927, 856, 0, 0
15:26:33, 1079.00, 28.69, 28.63, 28.875, 3314, 5579, 8500, 11082, 16913, 16381, 17128, 24145, 17548, 1160, 0, 0, 521, 888, 2062, 3662, 5798, 5209, 4518, 3388, 11065, 792, 0, 0
15:26:33, 1079.30, 28.69, 28.60, 28.875, 2204, 2052, 4134, 4780, 3399, 4027, 3570, 3949, 7828, 618, 0, 0, 642, 1098, 2522, 4437, 6686, 6020, 5283, 3996, 12657, 922, 0, 0
15:26:34, 1085.30, 28.69, 28.61, 28.820, 1997, 2504, 4690, 5301, 13197, 14544, 15361, 18803, 11883, 824, 0, 0, 484, 822, 1929, 3460, 5323, 4797, 4115, 3103, 10268, 738, 0, 0
15:26:35, 1091.90, 28.69, 28.58, 28.797, 4755, 7257, 10786, 18423, 23342, 26034, 27745, 29315, 18060, 1232, 0, 0, 475, 797, 1898, 3449, 5569, 5022, 4297, 3178, 9872, 707, 0, 0
15:26:35, 1096.90, 28.69, 28.60, 28.797, 2531, 4793, 7562, 10920, 9390, 9439, 9856, 11979, 10953, 693, 0, 0, 475, 795, 1906, 3479, 5618, 5082, 4376, 3251, 10271, 741, 0, 0
15:26:36, 1098.90, 28.68, 28.61, 28.773, 1038, 1206, 2331, 2781, 4800, 5850, 4551, 5818, 7767, 537, 0, 0, 480, 801, 1918, 3505, 5518, 4996, 4303, 3184, 10013, 722, 0, 0
15:26:37, 1104.80, 28.68, 28.63, 28.758, 1524, 3108, 5124, 7488, 21801, 22322, 26057, 22876, 23627, 1511, 0, 0, 436, 727, 1749, 3208, 5062, 4597, 3914, 2919, 9628, 687, 0, 0
15:26:37, 1109.90, 28.68, 28.60, 28.758, 1804, 3720, 6029, 9572, 6160, 6479, 5773, 7243, 8177, 519, 0, 0, 446, 734, 1787, 3319, 5373, 4886, 4203, 3101, 9644, 695, 0, 0
15:26:38, 1111.60, 28.68, 28.61, 28.742, 1445, 1961, 4016, 4556, 5785, 5815, 5405, 6315, 7865, 496, 0, 0, 430, 704, 1732, 3241, 5329, 4832, 4135, 3016, 9325, 671, 0, 0
15:26:39, 1118.00, 28.68, 28.61, 28.734, 2204, 4607, 7347, 12406, 14381, 15366, 15728, 13314, 23563, 1414, 0, 0, 388, 639, 1566, 2928, 4650, 4216, 3559, 2594, 8840, 639, 0, 0
15:26:39, 1116.80, 28.68, 28.65, 28.734, 1339, 1910, 3775, 4616, 5155, 5791, 4747, 5798, 7099, 473, 0, 0, 439, 715, 1771, 3333, 5654, 5145, 4435, 3257, 10054, 732, 0, 0
15:26:40, 1118.20, 28.67, 28.61, 28.727, 617, 953, 1815, 2432, 4268, 4398, 4119, 4412, 6898, 468, 0, 0, 391, 638, 1578, 2977, 4813, 4353, 3682, 2651, 8440, 608, 0, 0
15:26:41, 1116.10, 28.67, 28.63, 28.734, 848, 1301, 2524, 3101, 3783, 3463, 3938, 3606, 5619, 346, 0, 0, 451, 742, 1832, 3433, 5666, 5137, 4423, 3229, 9631, 693, 0, 0
15:26:41, 1118.10, 28.68, 28.61, 28.734, 858, 1621, 2990, 4161, 6962, 5464, 8335, 6054, 8657, 517, 0, 0, 389, 639, 1577, 2973, 4712, 4269, 3595, 2602, 8720, 629, 0, 0
15:26:42, 1121.30, 28.67, 28.63, 28.727, 1972, 4329, 8120, 11633, 12262, 13372, 14461, 14464, 14277, 842, 0, 0, 402, 654, 1626, 3075, 4998, 4535, 3836, 2768, 8947, 648, 0, 0
15:26:43, 1128.50, 28.67, 28.58, 28.727, 1722, 3135, 5481, 7768, 10923, 10574, 11815, 13650, 12238, 739, 0, 0, 380, 617, 1536, 2912, 4675, 4247, 3578, 2593, 8782, 632, 0, 0
15:26:43, 1134.00, 28.67, 28.63, 28.727, 1660, 3473, 6356, 9833, 10022, 9597, 10708, 11127, 13517, 770, 0, 0, 359, 575, 1455, 2801, 4703, 4275, 3605, 2577, 8594, 627, 0, 0
15:26:44, 1136.30, 28.67, 28.61, 28.711, 894, 1394, 2769, 3773, 6523, 6791, 6340, 7135, 9958, 583, 0, 0, 344, 550, 1399, 2710, 4509, 4097, 3444, 2450, 8127, 590, 0, 0
15:26:45, 1137.50, 28.67, 28.60, 28.719, 1137, 2164, 3869, 5714, 7690, 7722, 7830, 8938, 9875, 588, 0, 0, 343, 545, 1388, 2690, 4462, 4052, 3393, 2412, 8003, 580, 0, 0
15:26:45, 1139.60, 28.67, 28.63, 28.719, 1311, 2754, 5073, 8249, 13468, 13845, 16556, 15201, 16762, 966, 0, 0, 325, 516, 1322, 2572, 4283, 3881, 3226, 2270, 7586, 550, 0, 0
15:26:46, 1144.00, 28.67, 28.61, 28.703, 1025, 1921, 3503, 5109, 7421, 7716, 8156, 8478, 9882, 576, 0, 0, 324, 512, 1317, 2571, 4255, 3857, 3198, 2261, 7679, 557, 0, 0
15:26:47, 1147.40, 28.67, 28.63, 28.719, 1166, 2317, 4266, 6947, 10070, 10237, 11407, 9974, 13693, 801, 0, 0, 300, 470, 1220, 2413, 4267, 3868, 3212, 2243, 7337, 532, 0, 0
15:26:47, 1154.00, 28.67, 28.63, 28.719, 865, 1225, 2609, 3367, 6656, 6709, 6926, 7100, 9194, 539, 0, 0, 293, 459, 1194, 2365, 3939, 3564, 2928, 2035, 7002, 509, 0, 0
15:26:48, 1159.00, 28.67, 28.63, 28.711, 919, 1862, 3480, 5586, 6935, 7014, 7557, 7076, 10326, 590, 0, 0, 273, 423, 1111, 2224, 3748, 3394, 2775, 1916, 6687, 486, 0, 0
15:26:49, 1158.00, 28.67, 28.63, 28.703, 681, 1103, 2276, 3250, 3597, 3832, 3418, 3405, 6514, 398, 0, 0, 301, 465, 1218, 2429, 4079, 3706, 3069, 2133, 7120, 520, 0, 0
15:26:49, 1161.40, 28.67, 28.65, 28.703, 855, 1564, 3049, 4626, 6296, 6429, 6743, 6361, 9716, 556, 0, 0, 270, 414, 1092, 2200, 3818, 3471, 2859, 1984, 6753, 493, 0, 0
15:26:50, 1167.10, 28.67, 28.63, 28.687, 817, 1677, 3294, 5176, 6304, 6250, 6641, 6132, 10521, 595, 0, 0, 269, 411, 1086, 2193, 3688, 3358, 2758, 1908, 6638, 485, 0, 0
15:26:51, 1176.50, 28.67, 28.63, 28.680, 680, 1407, 2859, 4550, 6858, 6850, 7808, 6805, 9975, 576, 0, 0, 250, 374, 1001, 2054, 3517, 3206, 2632, 1807, 6205, 455, 0, 0
15:26:51, 1178.80, 28.67, 28.63, 28.680, 585, 1068, 2189, 3377, 4995, 5016, 4948, 5028, 7445, 436, 0, 0, 231, 341, 923, 1921, 3529, 3219, 2641, 1804, 6002, 441, 0, 0
15:26:52, 1178.90, 28.67, 28.63, 28.672, 554, 749, 1644, 2390, 3197, 3311, 3002, 2859, 5644, 348, 0, 0, 248, 366, 990, 2048, 3490, 3174, 2586, 1756, 5890, 430, 0, 0
15:26:53, 1180.50, 28.67, 28.65, 28.680, 649, 1307, 2636, 4376, 7937, 8302, 8813, 8226, 9567, 565, 0, 0, 225, 333, 901, 1873, 3288, 2980, 2407, 1625, 5594, 409, 0, 0
15:26:53, 1182.10, 28.67, 28.67, 28.680, 500, 927, 1928, 2948, 3958, 3818, 3949, 3461, 6305, 367, 0, 0, 229, 340, 921, 1914, 3325, 3010, 2433, 1640, 5521, 403, 0, 0
15:26:54, 1182.90, 28.67, 28.65, 28.680, 599, 1181, 2484, 3815, 4595, 4420, 4720, 4158, 7357, 420, 0, 0, 226, 334, 908, 1891, 3371, 3050, 2469, 1667, 5469, 398, 0, 0
15:26:55, 1182.70, 28.67, 28.67, 28.687, 573, 1105, 2301, 3497, 4431, 4251, 4520, 3993, 6633, 386, 0, 0, 221, 324, 886, 1854, 3311, 2988, 2404, 1608, 5415, 395, 0, 0
15:26:55, 1182.40, 28.67, 28.63, 28.687, 562, 1025, 2097, 3320, 5204, 5326, 5293, 5236, 6831, 412, 0, 0, 225, 333, 905, 1887, 3286, 2971, 2388, 1604, 5546, 407, 0, 0
15:26:56, 1183.90, 28.67, 28.61, 28.680, 546, 1010, 2073, 3267, 4786, 4903, 4910, 4622, 7141, 419, 0, 0, 218, 322, 877, 1837, 3246, 2938, 2363, 1586, 5478, 401, 0, 0
15:26:57, 1184.50, 28.67, 28.63, 28.680, 464, 856, 1799, 2793, 3439, 3321, 3316, 2973, 5499, 327, 0, 0, 236, 348, 945, 1970, 3352, 3035, 2451, 1649, 5529, 405, 0, 0
15:26:57, 1186.00, 28.67, 28.63, 28.680, 517, 1069, 2271, 3546, 4779, 4572, 4938, 4471, 7377, 422, 0, 0, 213, 312, 854, 1801, 3255, 2946, 2370, 1589, 5356, 391, 0, 0
15:26:58, 1189.30, 28.67, 28.63, 28.672, 570, 1124, 2400, 3715, 5226, 5099, 5327, 4782, 9380, 534, 0, 0, 206, 300, 823, 1739, 3064, 2770, 2208, 1471, 5236, 384, 0, 0
15:26:59, 1189.30, 28.67, 28.61, 28.672, 486, 876, 1829, 2921, 4683, 4782, 4823, 4522, 6835, 401, 0, 0, 202, 294, 808, 1713, 3099, 2802, 2237, 1489, 5200, 381, 0, 0
15:26:59, 1189.10, 28.67, 28.65, 28.672, 455, 744, 1622, 2432, 3854, 3823, 3716, 3472, 6123, 360, 0, 0, 208, 303, 834, 1766, 3138, 2831, 2251, 1498, 5166, 377, 0, 0
15:27:00, 1194.40, 28.67, 28.65, 28.672, 471, 904, 1899, 3025, 4867, 4789, 4954, 4391, 8623, 494, 0, 0, 194, 282, 779, 1657, 2967, 2675, 2107, 1396, 5147, 375, 0, 0
15:27:01, 1197.80, 28.67, 28.63, 28.672, 434, 744, 1611, 2496, 3989, 3944, 3825, 3594, 5749, 346, 0, 0, 191, 274, 761, 1628, 2854, 2573, 2017, 1325, 4782, 350, 0, 0
15:27:01, 1200.90, 28.66, 28.63, 28.680, 466, 827, 1751, 2784, 3906, 3950, 3752, 3690, 5725, 342, 0, 0, 186, 265, 740, 1594, 2862, 2584, 2032, 1338, 4840, 354, 0, 0
15:27:02, 1205.50, 28.66, 28.63, 28.672, 502, 974, 2052, 3458, 5617, 5502, 5794, 4980, 10118, 570, 0, 0, 174, 246, 691, 1498, 2715, 2446, 1910, 1250, 4582, 334, 0, 0
15:27:03, 1208.10, 28.67, 28.69, 28.672, 418, 677, 1497, 2410, 3557, 3794, 3426, 3225, 6374, 373, 0, 0, 173, 243, 684, 1488, 2700, 2433, 1898, 1238, 4525, 331, 0, 0
15:27:03, 1207.90, 28.67, 28.63, 28.680, 502, 964, 2040, 3469, 4797, 4765, 4792, 4358, 7210, 420, 0, 0, 170, 238, 672, 1468, 2736, 2464, 1926, 1252, 4500, 330, 0, 0
15:27:04, 1211.90, 28.67, 28.63, 28.672, 432, 682, 1537, 2397, 3912, 3941, 3704, 3566, 5766, 344, 0, 0, 166, 233, 658, 1438, 2595, 2337, 1807, 1174, 4415, 323, 0, 0
15:27:05, 1212.50, 28.67, 28.61, 28.672, 400, 696, 1543, 2515, 3189, 3108, 2993, 2645, 4917, 293, 0, 0, 165, 230, 652, 1434, 2628, 2363, 1833, 1184, 4217, 309, 0, 0
15:27:05, 1209.90, 28.67, 28.67, 28.672, 329, 574, 1275, 2063, 3346, 3248, 3212, 2835, 4944, 295, 0, 0, 170, 238, 671, 1467, 2670, 2399, 1866, 1207, 4296, 315, 0, 0
15:27:06, 1209.30, 28.67, 28.69, 28.680, 337, 645, 1416, 2298, 3546, 3251, 3564, 2891, 5318, 311, 0, 0, 177, 250, 703, 1530, 2793, 2517, 1969, 1287, 4609, 338, 0, 0
15:27:07, 1215.80, 28.67, 28.65, 28.680, 546, 1074, 2422, 3910, 5477, 5550, 5412, 5033, 10211, 591, 0, 0, 161, 225, 639, 1404, 2540, 2285, 1761, 1133, 4222, 310, 0, 0
15:27:07, 1217.70, 28.67, 28.69, 28.680, 412, 788, 1787, 2891, 4349, 4435, 4319, 3848, 6879, 398, 0, 0, 162, 225, 639, 1410, 2624, 2365, 1838, 1188, 4255, 312, 0, 0
15:27:08, 1217.60, 28.67, 28.65, 28.680, 274, 475, 1073, 1755, 2563, 2474, 2348, 1993, 4220, 252, 0, 0, 165, 228, 649, 1436, 2610, 2347, 1816, 1167, 4171, 305, 0, 0
15:27:09, 1221.20, 28.67, 28.71, 28.680, 434, 849, 1880, 3208, 4816, 4806, 4874, 4195, 6974, 408, 0, 0, 159, 219, 622, 1379, 2527, 2279, 1757, 1130, 4206, 308, 0, 0
15:27:09, 1223.30, 28.67, 28.61, 28.680, 351, 677, 1515, 2561, 3651, 3568, 3583, 3052, 5603, 328, 0, 0, 154, 210, 601, 1337, 2459, 2216, 1705, 1093, 4037, 296, 0, 0
15:27:10, 1223.40, 28.67, 28.67, 28.680, 264, 478, 1080, 1796, 2511, 2390, 2349, 1934, 3957, 238, 0, 0, 162, 221, 632, 1406, 2536, 2285, 1764, 1130, 4031, 295, 0, 0
15:27:11, 1228.80, 28.67, 28.67, 28.680, 339, 649, 1467, 2448, 3862, 3792, 3819, 3305, 6139, 355, 0, 0, 145, 198, 568, 1274, 2354, 2122, 1623, 1038, 4010, 294, 0, 0
15:27:11, 1236.50, 28.67, 28.71, 28.680, 351, 700, 1653, 2703, 3865, 3821, 3762, 3190, 6864, 396, 0, 0, 134, 180, 520, 1182, 2206, 1988, 1511, 955, 3614, 265, 0, 0
15:27:12, 1231.40, 28.67, 28.67, 28.672, 289, 491, 1136, 1934, 2546, 2530, 2311, 1994, 4166, 249, 0, 0, 143, 190, 550, 1247, 2387, 2148, 1649, 1044, 3782, 279, 0, 0
15:27:13, 1229.80, 28.67, 28.65, 28.672, 268, 432, 1011, 1662, 2725, 2700, 2467, 2176, 4369, 262, 0, 0, 144, 194, 560, 1266, 2381, 2144, 1644, 1045, 3815, 280, 0, 0
15:27:13, 1229.50, 28.67, 28.67, 28.664, 347, 604, 1363, 2303, 3711, 3677, 3610, 3072, 5733, 336, 0, 0, 143, 193, 555, 1252, 2346, 2111, 1613, 1024, 3744, 274, 0, 0
15:27:14, 1225.10, 28.67, 28.67, 28.672, 282, 528, 1196, 2002, 2847, 2623, 2826, 2197, 4309, 257, 0, 0, 153, 208, 598, 1339, 2517, 2264, 1744, 1114, 3910, 287, 0, 0
15:27:15, 1224.20, 28.67, 28.69, 28.672, 307, 597, 1346, 2316, 3481, 3375, 3485, 2785, 6027, 348, 0, 0, 151, 207, 593, 1323, 2432, 2188, 1678, 1076, 3991, 293, 0, 0
15:27:15, 1223.20, 28.67, 28.72, 28.664, 340, 659, 1476, 2485, 3605, 3457, 3591, 3150, 5593, 325, 0, 0, 147, 200, 574, 1289, 2458, 2206, 1694, 1078, 3871, 283, 0, 0
15:27:16, 1220.30, 28.67, 28.69, 28.672, 310, 495, 1149, 1851, 2942, 2933, 2729, 2416, 4567, 278, 0, 0, 153, 208, 597, 1333, 2481, 2225, 1706, 1085, 3966, 292, 0, 0
15:27:17, 1215.80, 28.67, 28.67, 28.672, 257, 404, 932, 1511, 2277, 2299, 2061, 1825, 3863, 237, 0, 0, 165, 226, 645, 1434, 2690, 2415, 1874, 1201, 4276, 315, 0, 0
15:27:17, 1209.20, 28.67, 28.69, 28.664, 237, 388, 888, 1444, 2220, 2165, 2031, 1729, 3698, 228, 0, 0, 176, 245, 693, 1522, 2812, 2517, 1954, 1256, 4311, 315, 0, 0
15:27:18, 1204.20, 28.67, 28.71, 28.672, 268, 444, 1008, 1602, 2383, 2314, 2212, 1891, 3875, 237, 0, 0, 190, 269, 754, 1634, 2955, 2653, 2081, 1357, 4653, 340, 0, 0
15:27:19, 1199.10, 28.67, 28.69, 28.672, 380, 569, 1293, 1990, 2478, 2540, 2284, 2056, 4345, 268, 0, 0, 196, 277, 777, 1680, 3055, 2743, 2155, 1405, 4983, 366, 0, 0
15:27:19, 1197.10, 28.68, 28.71, 28.664, 316, 497, 1097, 1744, 2551, 2724, 2380, 2189, 4834, 300, 0, 0, 202, 290, 807, 1727, 3058, 2743, 2158, 1417, 5039, 370, 0, 0
15:27:20, 1195.10, 28.68, 28.67, 28.680, 455, 764, 1671, 2614, 3941, 4050, 3728, 3638, 6403, 378, 0, 0, 192, 276, 769, 1651, 3027, 2718, 2132, 1398, 4980, 364, 0, 0
15:27:21, 1189.20, 28.68, 28.69, 28.680, 297, 465, 1027, 1594, 2254, 2295, 2081, 1852, 4033, 253, 0, 0, 224, 325, 895, 1894, 3331, 2990, 2376, 1574, 5336, 390, 0, 0
15:27:21, 1186.00, 28.68, 28.69, 28.672, 325, 547, 1186, 1814, 2561, 2488, 2387, 2083, 4396, 265, 0, 0, 223, 326, 898, 1899, 3387, 3040, 2421, 1609, 5368, 390, 0, 0
15:27:22, 1184.80, 28.68, 28.71, 28.680, 615, 969, 2097, 3111, 4240, 4262, 4025, 3928, 6008, 371, 0, 0, 217, 317, 870, 1838, 3254, 2914, 2301, 1516, 5341, 391, 0, 0
15:27:23, 1181.00, 28.68, 28.67, 28.680, 345, 553, 1198, 1788, 2427, 2405, 2229, 2003, 4294, 264, 0, 0, 247, 364, 993, 2072, 3686, 3318, 2673, 1801, 5941, 434, 0, 0
15:27:23, 1176.30, 28.68, 28.74, 28.680, 362, 596, 1288, 1907, 2637, 2540, 2502, 2172, 4386, 268, 0, 0, 253, 376, 1023, 2122, 3779, 3387, 2729, 1835, 5920, 429, 0, 0
15:27:24, 1174.10, 28.68, 28.69, 28.680, 358, 577, 1238, 1808, 2702, 2691, 2515, 2325, 4564, 289, 0, 0, 257, 384, 1039, 2145, 3729, 3353, 2705, 1829, 6262, 458, 0, 0
15:27:25, 1175.70, 28.68, 28.67, 28.680, 480, 724, 1529, 2278, 3354, 3710, 3191, 3144, 6295, 383, 0, 0, 239, 359, 972, 2010, 3472, 3117, 2487, 1677, 5933, 431, 0, 0
15:27:25, 1170.10, 28.68, 28.71, 28.680, 502, 758, 1619, 2360, 2691, 2753, 2525, 2333, 4884, 303, 0, 0, 266, 399, 1075, 2213, 3982, 3574, 2898, 1961, 6372, 464, 0, 0
15:27:26, 1166.70, 28.68, 28.71, 28.680, 374, 633, 1326, 1936, 3005, 2831, 2901, 2541, 4850, 300, 0, 0, 284, 432, 1152, 2340, 4027, 3613, 2926, 1987, 6398, 464, 0, 0
15:27:27, 1163.00, 28.68, 28.71, 28.680, 381, 697, 1427, 2140, 2821, 2654, 2760, 2347, 4774, 286, 0, 0, 295, 449, 1198, 2430, 4339, 3895, 3196, 2184, 6883, 498, 0, 0
15:27:27, 1161.20, 28.69, 28.69, 28.680, 475, 712, 1493, 2147, 3016, 3198, 2876, 2758, 5615, 354, 0, 0, 292, 448, 1187, 2395, 4107, 3693, 3012, 2064, 7075, 517, 0, 0
15:27:28, 1158.30, 28.69, 28.69, 28.695, 539, 797, 1634, 2428, 3390, 3793, 3303, 3268, 6529, 407, 0, 0, 288, 442, 1173, 2365, 4238, 3807, 3119, 2145, 7113, 518, 0, 0
15:27:29, 1156.90, 28.69, 28.67, 28.695, 526, 743, 1559, 2186, 3789, 4061, 3608, 3673, 6160, 397, 0, 0, 298, 460, 1213, 2432, 4128, 3709, 3024, 2077, 7061, 515, 0, 0
15:27:29, 1156.50, 28.69, 28.72, 28.680, 781, 1084, 2353, 3199, 4589, 4911, 4285, 4720, 7064, 426, 0, 0, 296, 458, 1206, 2416, 4232, 3810, 3121, 2160, 7235, 528, 0, 0
15:27:30, 1155.20, 28.69, 28.72, 28.687, 529, 844, 1750, 2423, 3249, 3110, 3151, 2869, 5477, 327, 0, 0, 317, 494, 1294, 2579, 4442, 4001, 3312, 2309, 7272, 525, 0, 0
15:27:31, 1152.10, 28.69, 28.67, 28.687, 436, 834, 1608, 2528, 3201, 3010, 3548, 2809, 5720, 346, 0, 0, 336, 527, 1372, 2713, 4708, 4238, 3512, 2458, 7527, 544, 0, 0
15:27:31, 1151.90, 28.69, 28.69, 28.687, 430, 804, 1581, 2377, 3418, 3216, 3462, 3006, 5518, 329, 0, 0, 318, 492, 1292, 2578, 4350, 3916, 3228, 2241, 7255, 527, 0, 0
15:27:32, 1148.40, 28.70, 28.71, 28.687, 505, 799, 1635, 2299, 2975, 2978, 2837, 2705, 5292, 338, 0, 0, 320, 494, 1294, 2579, 4433, 3977, 3271, 2252, 7252, 527, 0, 0
15:27:33, 1145.70, 28.70, 28.69, 28.687, 412, 671, 1357, 1890, 2995, 2899, 2910, 2718, 5081, 339, 0, 0, 354, 556, 1434, 2811, 4538, 4087, 3383, 2371, 7560, 549, 0, 0
15:27:33, 1145.10, 28.70, 28.69, 28.680, 525, 809, 1645, 2238, 2998, 3017, 2876, 2762, 5436, 341, 0, 0, 323, 506, 1315, 2599, 4360, 3922, 3237, 2257, 7418, 537, 0, 0
15:27:34, 1142.60, 28.70, 28.71, 28.680, 651, 928, 1901, 2609, 2884, 2997, 2768, 2679, 5550, 347, 0, 0, 351, 551, 1420, 2785, 4593, 4133, 3428, 2402, 7938, 582, 0, 0
15:27:35, 1138.60, 28.70, 28.72, 28.695, 588, 913, 1831, 2470, 3339, 3305, 3197, 3104, 5753, 360, 0, 0, 351, 555, 1425, 2789, 4678, 4209, 3491, 2449, 7841, 569, 0, 0
15:27:35, 1135.40, 28.70, 28.67, 28.687, 741, 1121, 2313, 2968, 4627, 4289, 4546, 4325, 6697, 427, 0, 0, 349, 553, 1419, 2766, 4797, 4313, 3588, 2525, 8031, 581, 0, 0
15:27:36, 1135.30, 28.70, 28.74, 28.687, 558, 849, 1677, 2273, 3161, 3317, 3062, 3030, 5953, 378, 0, 0, 370, 591, 1502, 2907, 4735, 4265, 3552, 2513, 8458, 617, 0, 0
15:27:37, 1133.20, 28.71, 28.72, 28.687, 607, 911, 1782, 2435, 2667, 2779, 2595, 2503, 5295, 352, 0, 0, 419, 672, 1693, 3245, 5141, 4624, 3877, 2745, 8668, 631, 0, 0
15:27:37, 1136.30, 28.71, 28.71, 28.695, 632, 974, 1955, 2501, 3604, 3438, 3541, 3309, 5957, 362, 0, 0, 357, 574, 1460, 2822, 4545, 4083, 3380, 2387, 8046, 584, 0, 0
15:27:38, 1132.00, 28.71, 28.72, 28.695, 499, 851, 1655, 2259, 2651, 2571, 2581, 2410, 4829, 319, 0, 0, 396, 636, 1612, 3099, 5147, 4625, 3882, 2754, 8625, 623, 0, 0
15:27:39, 1127.10, 28.71, 28.76, 28.695, 476, 788, 1523, 2087, 2637, 2618, 2564, 2412, 5007, 322, 0, 0, 426, 689, 1728, 3289, 5361, 4812, 4049, 2869, 9001, 652, 0, 0
15:27:39, 1125.10, 28.72, 28.71, 28.703, 546, 852, 1643, 2144, 3086, 3013, 2990, 2930, 5393, 371, 0, 0, 432, 707, 1762, 3332, 5290, 4736, 3970, 2830, 8828, 635, 0, 0
15:27:40, 1124.10, 28.72, 28.74, 28.703, 1100, 1432, 3059, 3569, 5580, 5677, 5201, 5746, 8134, 502, 0, 0, 389, 637, 1596, 3032, 4962, 4443, 3711, 2647, 8810, 634, 0, 0
15:27:41, 1120.80, 28.72, 28.72, 28.711, 1122, 1637, 3185, 4275, 4839, 5800, 4896, 5388, 9561, 578, 0, 0, 420, 692, 1715, 3226, 5433, 4874, 4113, 2953, 9743, 711, 0, 0
15:27:41, 1117.40, 28.72, 28.74, 28.711, 804, 1097, 2138, 2747, 3503, 3646, 3421, 3601, 6405, 468, 0, 0, 451, 742, 1838, 3444, 5436, 4874, 4098, 2944, 9252, 663, 0, 0
15:27:42, 1114.60, 28.72, 28.74, 28.711, 2006, 2209, 5001, 5069, 6576, 6381, 6309, 6919, 8384, 544, 0, 0, 425, 701, 1736, 3259, 5401, 4839, 4068, 2932, 9220, 659, 0, 0
15:27:43, 1110.80, 28.72, 28.74, 28.719, 651, 1018, 1939, 2441, 4418, 4379, 4357, 4692, 7115, 611, 0, 0, 450, 739, 1818, 3392, 5325, 4766, 3986, 2858, 9242, 668, 0, 0
15:27:43, 1111.00, 28.73, 28.71, 28.719, 1598, 2012, 4336, 4518, 6534, 6509, 6606, 7355, 8953, 548, 0, 0, 442, 736, 1797, 3336, 5166, 4634, 3887, 2806, 9318, 673, 0, 0
15:27:44, 1104.90, 28.73, 28.74, 28.719, 686, 1070, 2035, 2535, 3330, 3243, 3277, 3346, 5963, 424, 0, 0, 510, 855, 2072, 3808, 6197, 5581, 4803, 3539, 10638, 761, 0, 0
15:27:45, 1101.20, 28.73, 28.74, 28.719, 687, 1112, 2068, 2601, 2758, 2661, 2821, 2737, 5089, 316, 0, 0, 556, 930, 2233, 4068, 6383, 5731, 4939, 3632, 10630, 757, 0, 0
15:27:45, 1104.50, 28.73, 28.72, 28.719, 1128, 1696, 3303, 3823, 8550, 7862, 8548, 9072, 9536, 622, 0, 0, 461, 769, 1862, 3434, 5410, 4870, 4137, 3044, 10274, 739, 0, 0
15:27:46, 1103.10, 28.73, 28.76, 28.719, 3370, 7531, 12590, 16647, 9552, 10596, 10473, 11769, 17394, 958, 0, 0, 456, 764, 1850, 3410, 5712, 5132, 4385, 3215, 10970, 794, 0, 0
15:27:47, 1101.00, 28.74, 28.76, 28.719, 413, 651, 1160, 1608, 1848, 1949, 1902, 1842, 4316, 302, 0, 0, 605, 1014, 2408, 4352, 6694, 6017, 5224, 3838, 11790, 861, 0, 0
15:27:47, 1099.50, 28.74, 28.74, 28.734, 445, 697, 1253, 1658, 2353, 2419, 2399, 2429, 4776, 370, 0, 0, 548, 918, 2200, 4000, 6299, 5651, 4854, 3560, 10936, 790, 0, 0
15:27:48, 1096.00, 28.74, 28.78, 28.734, 719, 1002, 1873, 2285, 2905, 3008, 2913, 3102, 5498, 442, 0, 0, 566, 951, 2260, 4074, 6242, 5608, 4832, 3582, 11114, 805, 0, 0
15:27:49, 1093.20, 28.74, 28.74, 28.727, 659, 946, 1714, 2201, 1983, 2088, 2005, 2004, 4718, 329, 0, 0, 642, 1084, 2557, 4593, 7028, 6310, 5494, 4058, 12591, 917, 0, 0
15:27:49, 1089.00, 28.75, 28.72, 28.734, 659, 928, 1634, 2138, 2210, 2450, 2303, 2355, 5538, 410, 0, 0, 607, 1026, 2401, 4278, 6189, 5547, 4789, 3552, 11698, 855, 0, 0
15:27:50, 1086.30, 28.75, 28.76, 28.734, 1781, 1871, 3730, 4368, 4459, 5924, 4530, 5530, 8924, 619, 0, 0, 527, 897, 2110, 3786, 5948, 5337, 4600, 3435, 10963, 786, 0, 0
15:27:51, 1080.40, 28.76, 28.74, 28.750, 583, 809, 1431, 1837, 2210, 2413, 2249, 2387, 4745, 385, 0, 0, 614, 1045, 2432, 4311, 6657, 5980, 5213, 3928, 11730, 843, 0, 0
15:27:51, 1072.80, 28.76, 28.72, 28.797, 1648, 1906, 3960, 3788, 4597, 4146, 4487, 4733, 6814, 587, 0, 0, 560, 955, 2215, 3928, 6161, 5524, 4782, 3599, 10856, 770, 0, 0
15:27:52, 1063.80, 28.76, 28.74, 28.797, 3231, 2636, 6477, 5164, 5393, 6977, 4993, 6883, 8333, 725, 0, 0, 638, 1100, 2509, 4382, 6933, 6213, 5437, 4134, 13063, 948, 0, 0
15:27:53, 1058.70, 28.77, 28.74, 28.812, 1616, 1652, 3109, 3529, 12534, 14161, 11688, 18177, 14032, 1023, 0, 0, 570, 984, 2234, 3893, 6536, 5863, 5127, 3925, 12114, 862, 0, 0
15:27:53, 1047.80, 28.77, 28.72, 28.859, 1380, 1494, 2718, 2804, 7158, 6516, 6040, 7750, 8112, 933, 0, 0, 671, 1165, 2596, 4450, 6790, 6078, 5332, 4109, 12549, 888, 0, 0
15:27:54, 1034.60, 28.78, 28.78, 28.859, 1280, 1887, 3085, 3281, 3576, 3211, 3652, 3784, 6428, 575, 0, 0, 748, 1302, 2818, 4738, 6966, 6238, 5483, 4268, 12769, 908, 0, 0
15:27:55, 1029.00, 28.79, 28.74, 28.883, 3269, 2444, 5738, 3654, 5391, 5347, 4429, 6408, 7797, 1797, 0, 0, 888, 1553, 3312, 5467, 7828, 7009, 6207, 4909, 15219, 1089, 0, 0
15:27:55, 1023.50, 28.80, 28.80, 28.898, 1386, 2309, 3231, 3813, 3485, 3568, 5000, 4190, 7902, 751, 0, 0, 787, 1381, 2950, 4922, 7537, 6733, 5957, 4687, 13727, 967, 0, 0
15:27:56, 1017.50, 28.81, 28.78, 28.898, 916, 1411, 1887, 2065, 2556, 2523, 2861, 3013, 8174, 1799, 0, 0, 799, 1386, 2930, 4822, 6678, 5950, 5214, 4116, 13041, 963, 0, 0
15:27:57, 1024.00, 28.82, 28.76, 28.906, 8685, 10771, 14434, 16454, 24084, 23645, 26408, 27775, 17510, 4404, 0, 0, 730, 1274, 2705, 4473, 6834, 6093, 5398, 4265, 14460, 1068, 0, 0
15:27:57, 1022.40, 28.83, 28.80, 28.914, 5027, 2888, 7137, 5942, 5024, 13092, 5428, 10590, 11611, 2613, 0, 0, 764, 1342, 2845, 4719, 6537, 5792, 5150, 4012, 13765, 1023, 0, 0
15:27:58, 1012.30, 28.83, 28.78, 28.914, 7976, 14896, 19897, 23986, 27628, 25841, 29872, 33259, 25498, 4565, 0, 1, 729, 1287, 2691, 4438, 6749, 6004, 5371, 4243, 14788, 1129, 0, 0
15:27:58, 1014.00, 28.83, 28.78, 28.922, 8337, 10103, 15035, 18788, 12405, 22864, 22770, 26616, 31861, 8353, 0, 0, 3186, 5087, 8078, 10837, 16332, 15964, 15792, 16871, 30071, 5353, 0, 0
15:27:59, 1014.00, 28.84, 28.80, 28.914, 9068, 13834, 18850, 20631, 27530, 24893, 30462, 35397, 20256, 7642, 0, 1, 24354, 36000, 36000, 36000, 36000, 36000, 36000, 36000, 36000, 36000, 1, 1
15:28:00, 1013.70, 28.84, 28.76, 28.914, 796, 1129, 1469, 1651, 36000, 32686, 36000, 36000, 36000, 36000, 1, 1, 27921, 36000, 36000, 36000, 36000, 36000, 36000, 36000, 36000, 36000, 1, 1
15:28:00, 1013.90, 28.85, 28.78, 28.812, 610, 833, 1135, 1194, 940, 1227, 2003, 2548, 6472, 2820, 0, 0, 13684, 20174, 27514, 34588, 33446, 35636, 36000, 36000, 36000, 36000, 1, 1
15:28:01, 1013.70, 28.85, 28.80, 28.680, 4243, 5509, 8194, 7811, 34035, 32192, 33202, 35772, 28256, 11448, 0, 1, 17663, 29957, 35938, 36000, 36000, 36000, 36000, 36000, 36000, 36000, 1, 1
15:28:02, 1013.70, 28.85, 28.78, 28.680, 8269, 18093, 20538, 29287, 22906, 24309, 16609, 32570, 16677, 7346, 0, 1, 34687, 36000, 36000, 36000, 36000, 36000, 36000, 36000, 36000, 36000, 1, 1
