Secchi Depth (cm) = 9999
Forel Ule Scale = 99
pH Colour Scale = 99
SensingSecchi S/N = A017
Latitude (degs N) = 33.94756
Longitude (degs E) = -77.97020
Date = 2026-07-02
Time (UTC), Pressure (mbar) MS5803, Temp (deg C) MS5803, Temp (deg C) 10KTHERM, Temp (deg C) TMP117, ED 415nm, ED 445nm, ED 480nm, ED 515nm, ED 555nm, ED 590nm, ED 630nm, ED 680nm, ED Clear, ED NIR, ED D-SAT, ED A-SAT, EU 415nm, EU 445nm, EU 480nm, EU 515nm, EU 555nm, EU 590nm, EU 630nm, EU 680nm, EU Clear, EU NIR, EU D-SAT, EU A-SAT
15:20:00, 1010.50, 27.55, 27.60, 26.711, 362, 427, 669, 873, 1236, 1296, 1321, 1500, 4934, 1109, 0, 0, 21531, 33165, 36000, 36000, 36000, 36000, 36000, 36000, 36000, 36000, 1, 1
15:20:00, 1010.80, 27.57, 27.64, 26.562, 334, 377, 617, 801, 947, 1056, 992, 982, 4255, 758, 0, 0, 20267, 28694, 36000, 36000, 36000, 36000, 36000, 36000, 36000, 36000, 1, 1
15:20:01, 1012.70, 27.60, 27.60, 26.562, 303, 372, 593, 762, 933, 972, 916, 887, 3894, 725, 0, 0, 15106, 20327, 28675, 29663, 36000, 32775, 36000, 36000, 36000, 36000, 1, 1
15:20:02, 1012.80, 27.60, 27.64, 26.437, 285, 356, 574, 735, 874, 869, 843, 790, 3755, 680, 0, 0, 15171, 20444, 29107, 30060, 29002, 28675, 36000, 36000, 36000, 36000, 1, 1
15:20:02, 1012.90, 27.60, 27.62, 26.437, 717, 1111, 1488, 1714, 3265, 2630, 3084, 3281, 15419, 4180, 0, 0, 5148, 6111, 8075, 10592, 13091, 17233, 25909, 29536, 36000, 29822, 1, 1
15:20:03, 1012.20, 27.60, 27.68, 26.359, 1091, 1600, 2200, 2427, 3016, 3015, 3181, 3169, 16909, 3962, 0, 0, 15405, 23562, 33366, 36000, 36000, 36000, 36000, 36000, 36000, 36000, 1, 1
15:20:04, 1012.30, 27.60, 27.64, 26.281, 2148, 6267, 8220, 11763, 30484, 35613, 34104, 36000, 36000, 36000, 1, 1, 4514, 7280, 11020, 14438, 18704, 18399, 20715, 21161, 36000, 23745, 1, 1
15:20:04, 1018.10, 27.61, 27.64, 26.281, 6299, 4394, 11697, 6973, 34598, 31626, 34883, 34266, 36000, 36000, 1, 1, 1325, 2113, 3731, 5525, 7084, 6460, 5841, 4808, 17409, 1358, 0, 0
15:20:05, 1016.70, 27.65, 27.64, 26.219, 9020, 12474, 16547, 20831, 19710, 24104, 30227, 28481, 36000, 22737, 1, 1, 811, 1435, 2888, 4657, 6242, 5684, 5069, 4138, 15011, 1123, 0, 0
15:20:06, 1016.30, 27.70, 27.68, 27.406, 7968, 27047, 29972, 24326, 33101, 30101, 32287, 34790, 36000, 35945, 1, 1, 956, 1686, 3325, 5312, 7551, 6913, 6274, 5246, 17280, 1332, 0, 0
15:20:06, 1028.80, 27.74, 27.66, 27.406, 8993, 20473, 17840, 25673, 15564, 17174, 18998, 18924, 34527, 21182, 0, 1, 834, 1485, 3053, 4978, 6590, 6009, 5470, 4420, 15301, 1091, 0, 0
15:20:07, 1019.40, 27.83, 27.66, 27.992, 4638, 4739, 9313, 8537, 8275, 7239, 8348, 10375, 35373, 15863, 0, 1, 961, 1697, 3440, 5523, 7775, 7090, 6518, 5379, 17881, 1326, 0, 0
15:20:08, 1018.80, 27.90, 27.62, 28.359, 7946, 8481, 14754, 11892, 13262, 11250, 12249, 13232, 36000, 36000, 1, 1, 922, 1618, 3286, 5278, 7788, 7094, 6492, 5312, 18557, 1347, 0, 0
15:20:08, 1029.60, 27.95, 27.64, 28.359, 2160, 3292, 5417, 5462, 12566, 10913, 14816, 15861, 36000, 24293, 1, 1, 789, 1395, 2881, 4619, 6278, 5622, 5199, 4226, 14327, 1059, 0, 0
15:20:09, 1020.10, 28.01, 27.64, 28.539, 3561, 7643, 10099, 12300, 18088, 16786, 22450, 22196, 35729, 24526, 0, 1, 834, 1494, 3059, 4934, 7358, 6687, 6164, 5098, 16218, 1189, 0, 0
15:20:10, 1017.90, 28.05, 27.62, 28.625, 2364, 4098, 4728, 10844, 10422, 16304, 26449, 12125, 36000, 19621, 1, 1, 908, 1606, 3254, 5176, 7304, 6603, 6112, 4981, 15725, 1158, 0, 0
15:20:10, 1028.80, 28.08, 27.66, 28.625, 3532, 5573, 7334, 9726, 29136, 29138, 31762, 32987, 36000, 19764, 1, 1, 858, 1532, 3116, 5038, 7340, 6707, 6193, 5101, 15493, 1093, 0, 0
15:20:11, 1016.60, 28.11, 27.64, 28.695, 2554, 2593, 3617, 5531, 5034, 10198, 9512, 7512, 22915, 4103, 0, 0, 894, 1581, 3225, 5167, 7735, 7039, 6495, 5335, 16459, 1233, 0, 0
15:20:12, 1020.40, 28.13, 27.62, 28.750, 7530, 6258, 8152, 18143, 6500, 18179, 14299, 13544, 27541, 7607, 0, 0, 917, 1619, 3339, 5390, 7756, 7022, 6450, 5224, 16793, 1227, 0, 0
15:20:12, 1027.10, 28.14, 27.60, 28.750, 9933, 16697, 22460, 24264, 23576, 24242, 24261, 27001, 35808, 18212, 0, 1, 847, 1493, 3088, 4927, 7631, 6929, 6402, 5233, 16661, 1184, 0, 0
15:20:13, 1020.60, 28.16, 27.64, 28.781, 1987, 2382, 3246, 4749, 3177, 3736, 4050, 4201, 13137, 2799, 0, 0, 930, 1656, 3383, 5435, 7668, 6934, 6390, 5201, 15982, 1187, 0, 0
15:20:14, 1029.00, 28.17, 27.62, 28.820, 2109, 2547, 3208, 5837, 6405, 10685, 10963, 9862, 23929, 5514, 0, 0, 835, 1475, 3050, 4941, 7299, 6647, 6024, 4974, 15041, 1063, 0, 0
15:20:14, 1023.80, 28.19, 27.62, 28.820, 2888, 3128, 4468, 6850, 3285, 4230, 4027, 4410, 11713, 2305, 0, 0, 893, 1576, 3283, 5314, 7468, 6766, 6170, 4971, 15247, 1107, 0, 0
15:20:15, 1019.90, 28.21, 27.62, 28.844, 1400, 1655, 2311, 2623, 4042, 6179, 4538, 5854, 12334, 4080, 0, 0, 934, 1644, 3406, 5504, 7964, 7171, 6570, 5279, 16218, 1201, 0, 0
15:20:16, 1026.70, 28.23, 27.59, 28.859, 5647, 9713, 12871, 15231, 28894, 27320, 30857, 32065, 30859, 9085, 0, 0, 810, 1434, 2999, 4951, 7345, 6665, 6006, 4827, 14878, 1060, 0, 0
15:20:16, 1022.70, 28.25, 27.62, 28.859, 1710, 1680, 2539, 2953, 2255, 2651, 2601, 2995, 8280, 1755, 0, 0, 986, 1736, 3577, 5780, 8137, 7371, 6779, 5505, 16270, 1208, 0, 0
15:20:17, 1023.20, 28.26, 27.62, 28.867, 2285, 2247, 3343, 3965, 2890, 3914, 3153, 3827, 9242, 2173, 0, 0, 883, 1557, 3259, 5299, 7798, 7037, 6425, 5161, 15581, 1136, 0, 0
15:20:18, 1027.70, 28.27, 27.57, 28.883, 15663, 21020, 24905, 28413, 27916, 29076, 29460, 28764, 34606, 12763, 0, 1, 802, 1419, 2967, 4860, 7373, 6646, 6057, 4857, 14846, 1087, 0, 0
15:20:18, 1022.50, 28.28, 27.59, 28.883, 1955, 2026, 3348, 3217, 3161, 3309, 3356, 4034, 8690, 1959, 0, 0, 957, 1672, 3488, 5672, 8406, 7596, 6934, 5551, 16158, 1183, 0, 0
15:20:19, 1026.20, 28.29, 27.59, 28.883, 1940, 1900, 3228, 2830, 5602, 5815, 4408, 6456, 8758, 1914, 0, 0, 841, 1477, 3118, 5116, 7348, 6603, 6028, 4785, 14656, 1064, 0, 0
15:20:20, 1022.80, 28.30, 27.62, 28.898, 14349, 24070, 28558, 29661, 21193, 19572, 23247, 25807, 35203, 6616, 0, 1, 862, 1518, 3184, 5168, 8007, 7226, 6590, 5271, 16272, 1202, 0, 0
15:20:20, 1025.60, 28.32, 27.57, 28.898, 942, 1289, 1740, 2057, 2048, 2242, 2356, 2588, 8097, 1844, 0, 0, 972, 1713, 3541, 5753, 7794, 7029, 6388, 5111, 15886, 1167, 0, 0
15:20:21, 1026.60, 28.34, 27.59, 28.898, 8132, 13220, 14847, 17485, 10728, 10042, 12772, 14936, 13883, 1953, 0, 0, 804, 1427, 3015, 4941, 7326, 6597, 5963, 4756, 14704, 1065, 0, 0
15:20:22, 1022.10, 28.37, 27.62, 28.898, 1069, 1411, 2024, 2205, 1983, 2004, 2085, 2273, 6761, 1130, 0, 0, 924, 1610, 3367, 5494, 7719, 6953, 6256, 4962, 14578, 1060, 0, 0
15:20:22, 1025.00, 28.37, 27.57, 28.898, 2864, 2573, 4917, 3631, 6090, 6534, 7695, 7859, 10059, 1634, 0, 0, 819, 1454, 3052, 4979, 7289, 6525, 5908, 4707, 14416, 1069, 0, 0
15:20:23, 1018.60, 28.38, 27.59, 28.898, 1462, 1777, 2936, 2734, 17806, 10626, 17511, 16758, 10392, 2850, 0, 0, 864, 1518, 3193, 5236, 7631, 6873, 6208, 4952, 14784, 1072, 0, 0
15:20:24, 1020.80, 28.38, 27.59, 28.898, 7317, 11593, 14330, 15557, 22124, 20394, 24364, 30836, 14682, 4353, 0, 0, 825, 1458, 3048, 4971, 7012, 6316, 5703, 4534, 13430, 970, 0, 0
15:20:24, 1016.50, 28.38, 27.60, 28.898, 7191, 12031, 13961, 16037, 20372, 21482, 19869, 30669, 17792, 4296, 0, 0, 800, 1406, 2947, 4829, 7067, 6351, 5702, 4568, 13574, 1006, 0, 0
15:20:25, 1016.50, 28.39, 27.59, 28.891, 9146, 12315, 16477, 20337, 22020, 24091, 29849, 34506, 36000, 12294, 1, 1, 777, 1364, 2851, 4672, 6865, 6178, 5509, 4410, 13036, 958, 0, 0
15:20:26, 1017.40, 28.39, 27.60, 28.883, 7852, 13628, 16392, 20415, 22846, 23124, 30250, 34333, 36000, 11057, 1, 1, 733, 1281, 2680, 4419, 6734, 6063, 5370, 4265, 12635, 923, 0, 0
15:20:26, 1018.00, 28.39, 27.57, 28.883, 7720, 14652, 15656, 21008, 34105, 30568, 33889, 35729, 36000, 23116, 1, 1, 691, 1210, 2529, 4191, 6342, 5668, 5024, 3930, 11195, 808, 0, 0
15:20:27, 1017.50, 28.40, 27.62, 28.875, 5506, 9504, 12352, 14837, 22368, 20582, 24861, 28646, 17830, 4101, 0, 0, 763, 1344, 2821, 4667, 6823, 6105, 5460, 4308, 12422, 907, 0, 0
15:20:28, 1026.40, 28.40, 27.57, 28.883, 8229, 12517, 15462, 19015, 24862, 24322, 27651, 28075, 24364, 5926, 0, 0, 772, 1360, 2877, 4775, 7056, 6323, 5675, 4446, 13027, 926, 0, 0
15:20:28, 1020.30, 28.41, 27.57, 28.883, 10801, 16275, 19381, 22420, 12223, 11587, 8636, 14457, 9223, 1825, 0, 0, 830, 1451, 3074, 5088, 7467, 6717, 6010, 4738, 13810, 982, 0, 0
15:20:29, 1018.50, 28.42, 27.60, 28.867, 1488, 1994, 2866, 2962, 3708, 3539, 3763, 4707, 8959, 2329, 0, 0, 801, 1413, 2969, 4900, 6908, 6154, 5523, 4317, 12578, 901, 0, 0
15:20:29, 1017.80, 28.44, 27.57, 28.867, 5393, 6249, 10505, 8809, 8702, 7906, 6498, 9698, 9508, 3327, 0, 0, 764, 1360, 2862, 4746, 6385, 5654, 5042, 3882, 10609, 730, 0, 0
15:20:30, 1026.50, 28.44, 27.59, 28.867, 698, 1074, 1407, 1537, 1592, 1532, 1712, 1703, 4950, 803, 0, 0, 473, 823, 1819, 3136, 4790, 4181, 3584, 2677, 6987, 468, 0, 0
15:20:31, 1022.70, 28.45, 27.64, 28.867, 796, 1233, 1620, 1775, 2167, 2078, 2265, 2310, 6315, 671, 0, 0, 503, 881, 1911, 3278, 5238, 4613, 4082, 3084, 7933, 528, 0, 0
15:20:31, 1016.90, 28.46, 27.57, 28.875, 3062, 6699, 9228, 14883, 7920, 7740, 9608, 9371, 14839, 2772, 0, 0, 732, 1304, 2712, 4471, 6892, 6117, 5586, 4455, 13913, 1047, 0, 0
15:20:32, 1017.30, 28.46, 27.57, 28.875, 10488, 19176, 36000, 33889, 36000, 33775, 32554, 36000, 36000, 30360, 1, 1, 884, 1555, 3213, 5227, 7741, 6921, 6245, 4982, 16113, 1218, 0, 0
15:20:33, 1014.20, 28.47, 27.55, 28.875, 8688, 15456, 15893, 27322, 27699, 30950, 35493, 34701, 36000, 34428, 1, 1, 1024, 1796, 3638, 5784, 8364, 7527, 6759, 5522, 19516, 1516, 0, 0
15:20:33, 1016.80, 28.48, 27.62, 28.875, 6335, 5060, 13996, 7543, 16571, 14562, 11398, 16869, 36000, 36000, 1, 1, 948, 1649, 3363, 5382, 7713, 6953, 6132, 4968, 17770, 1288, 0, 0
15:20:34, 1016.20, 28.50, 27.60, 28.875, 3931, 6599, 10437, 10387, 19114, 13383, 23077, 16608, 36000, 32257, 1, 1, 929, 1647, 3327, 5378, 7630, 6852, 6145, 4894, 17132, 1269, 0, 0
15:20:35, 1021.20, 28.52, 27.60, 28.891, 1726, 2355, 2978, 4181, 4530, 5081, 5929, 5768, 16181, 4674, 0, 0, 894, 1588, 3314, 5421, 7900, 7016, 6285, 4931, 16486, 1233, 0, 0
15:20:35, 1019.80, 28.53, 27.60, 28.891, 12892, 19367, 24018, 26437, 10526, 10387, 12737, 12359, 30993, 6411, 0, 0, 773, 1366, 2856, 4668, 7663, 6829, 6111, 4824, 15276, 1134, 0, 0
15:20:36, 1030.60, 28.54, 27.57, 28.891, 1539, 1698, 2551, 2832, 4859, 8027, 4605, 7404, 9941, 2507, 0, 0, 708, 1245, 2682, 4484, 6511, 5787, 5104, 4019, 13618, 982, 0, 0
15:20:37, 1034.40, 28.56, 27.57, 28.891, 4724, 5132, 8561, 11334, 2867, 3226, 3124, 3631, 7332, 1077, 0, 0, 801, 1396, 2989, 4969, 6750, 6020, 5326, 4151, 13057, 938, 0, 0
15:20:37, 1038.60, 28.57, 27.60, 28.891, 1691, 1711, 2683, 2957, 6747, 10176, 7820, 10917, 15362, 1479, 0, 0, 712, 1269, 2721, 4545, 6829, 6129, 5462, 4279, 15218, 1054, 0, 0
15:20:38, 1040.10, 28.57, 27.60, 28.883, 996, 1476, 2000, 2660, 3519, 3885, 4952, 4251, 17700, 2813, 0, 0, 786, 1401, 2961, 4913, 7002, 6307, 5602, 4423, 15654, 1076, 0, 0
15:20:39, 1043.50, 28.58, 27.60, 28.891, 2746, 6380, 9118, 12199, 9859, 6101, 16950, 7293, 35720, 15087, 0, 1, 804, 1426, 3001, 4974, 7234, 6538, 5797, 4588, 16191, 1114, 0, 0
15:20:39, 1061.10, 28.58, 27.59, 28.891, 8377, 14043, 20010, 22545, 34208, 35591, 36000, 35949, 36000, 11691, 1, 1, 636, 1127, 2484, 4220, 6732, 6058, 5356, 4176, 14336, 983, 0, 0
15:20:40, 1070.50, 28.59, 27.59, 28.883, 808, 1436, 2132, 2954, 3527, 3217, 4795, 3667, 20188, 1823, 0, 0, 659, 1163, 2585, 4449, 6698, 6044, 5342, 4132, 14393, 997, 0, 0
15:20:41, 1076.50, 28.60, 27.60, 28.883, 2957, 6007, 9499, 11518, 21605, 20554, 26750, 25454, 35936, 2835, 0, 1, 539, 939, 2150, 3766, 5954, 5344, 4667, 3559, 12302, 861, 0, 0
15:20:41, 1082.80, 28.60, 27.62, 28.883, 3466, 5889, 9504, 12357, 12502, 14819, 16476, 18918, 27749, 1374, 0, 0, 537, 929, 2153, 3810, 6026, 5416, 4725, 3556, 11628, 823, 0, 0
15:20:42, 1093.60, 28.60, 27.60, 28.859, 4564, 5264, 9188, 15303, 12164, 11804, 13278, 14825, 29672, 1485, 0, 0, 483, 825, 1946, 3494, 5533, 4974, 4287, 3201, 11164, 788, 0, 0
15:20:43, 1100.40, 28.60, 27.60, 28.812, 1519, 2437, 4140, 5945, 4143, 5096, 4864, 4580, 11164, 668, 0, 0, 536, 921, 2166, 3886, 5913, 5337, 4640, 3455, 11522, 829, 0, 0
15:20:43, 1108.20, 28.60, 27.62, 28.812, 1983, 2772, 4902, 7150, 14194, 13333, 15246, 16667, 23986, 1280, 0, 0, 438, 739, 1774, 3249, 5174, 4665, 3997, 2960, 10225, 727, 0, 0
15:20:44, 1113.30, 28.59, 27.62, 28.773, 1747, 3453, 5801, 7994, 10578, 12810, 11656, 14137, 16260, 922, 0, 0, 429, 713, 1739, 3226, 5152, 4647, 3972, 2898, 9481, 683, 0, 0
15:20:45, 1119.20, 28.58, 27.64, 28.750, 1481, 2082, 3900, 5546, 11130, 12662, 12148, 14403, 17319, 943, 0, 0, 392, 646, 1592, 2985, 4796, 4325, 3661, 2647, 9017, 648, 0, 0
15:20:45, 1121.10, 28.58, 27.59, 28.750, 1755, 3634, 6342, 8699, 11276, 11040, 11968, 13359, 18966, 994, 0, 0, 392, 642, 1590, 2989, 4844, 4373, 3715, 2691, 9057, 655, 0, 0
15:20:46, 1128.00, 28.57, 27.62, 28.727, 783, 1096, 2052, 2819, 3970, 4848, 4008, 4392, 7868, 495, 0, 0, 375, 612, 1525, 2890, 4609, 4163, 3500, 2531, 8610, 617, 0, 0
15:20:47, 1132.50, 28.57, 27.60, 28.711, 2069, 4337, 8202, 11635, 12888, 12465, 13624, 14748, 19406, 1061, 0, 0, 354, 573, 1447, 2772, 4598, 4146, 3486, 2485, 8247, 599, 0, 0
15:20:47, 1136.00, 28.57, 27.60, 28.711, 1156, 1368, 2788, 3790, 4552, 5394, 4510, 4910, 8204, 509, 0, 0, 353, 567, 1440, 2774, 4542, 4094, 3439, 2447, 8050, 582, 0, 0
15:20:48, 1141.20, 28.57, 27.62, 28.695, 1507, 2793, 5001, 7278, 13219, 12558, 15140, 14674, 18155, 1008, 0, 0, 323, 518, 1322, 2557, 4270, 3852, 3199, 2286, 8145, 586, 0, 0
15:20:49, 1147.50, 28.57, 27.62, 28.695, 1302, 2519, 4602, 6787, 5505, 5899, 5626, 5871, 9963, 564, 0, 0, 308, 487, 1260, 2471, 4098, 3691, 3052, 2147, 7442, 541, 0, 0
15:20:49, 1151.40, 28.56, 27.62, 28.695, 1173, 2211, 4140, 6205, 5896, 6692, 6243, 6407, 11070, 627, 0, 0, 295, 463, 1207, 2394, 4244, 3831, 3181, 2221, 7547, 551, 0, 0
15:20:50, 1159.00, 28.56, 27.60, 28.680, 767, 1067, 2164, 3200, 6544, 7153, 6683, 7091, 10904, 624, 0, 0, 271, 423, 1112, 2219, 3748, 3371, 2745, 1906, 6859, 494, 0, 0
15:20:51, 1163.30, 28.56, 27.60, 28.680, 1001, 2055, 4087, 6162, 9546, 9149, 10334, 9837, 14377, 799, 0, 0, 263, 407, 1076, 2167, 3703, 3335, 2724, 1883, 6517, 473, 0, 0
15:20:51, 1169.20, 28.56, 27.64, 28.680, 789, 1124, 2392, 3441, 3985, 4356, 3871, 3862, 7069, 420, 0, 0, 248, 379, 1012, 2060, 3518, 3162, 2560, 1749, 6017, 437, 0, 0
15:20:52, 1174.10, 28.55, 27.64, 28.680, 933, 1780, 3404, 5342, 8210, 7927, 8755, 8423, 11696, 666, 0, 0, 233, 353, 950, 1947, 3361, 3022, 2430, 1655, 5946, 432, 0, 0
15:20:53, 1180.00, 28.55, 27.62, 28.680, 854, 1642, 3234, 5053, 5882, 6100, 5814, 5995, 9469, 544, 0, 0, 221, 331, 899, 1863, 3254, 2923, 2343, 1581, 5651, 411, 0, 0
15:20:53, 1184.50, 28.55, 27.60, 28.680, 599, 957, 1991, 3172, 4038, 4439, 4094, 3824, 7956, 462, 0, 0, 216, 322, 877, 1826, 3150, 2825, 2257, 1514, 5465, 397, 0, 0
15:20:54, 1189.40, 28.55, 27.62, 28.680, 708, 1438, 2973, 4664, 8299, 8065, 8808, 7584, 17037, 933, 0, 0, 209, 311, 849, 1773, 3095, 2780, 2205, 1484, 5522, 399, 0, 0
15:20:55, 1192.40, 28.54, 27.59, 28.680, 589, 1111, 2281, 3654, 4251, 4556, 4231, 4040, 7908, 455, 0, 0, 198, 289, 798, 1685, 3046, 2732, 2168, 1439, 5148, 377, 0, 0
15:20:55, 1199.80, 28.54, 27.59, 28.680, 416, 641, 1398, 2159, 4485, 4620, 4274, 4250, 6739, 398, 0, 0, 186, 270, 749, 1596, 2877, 2579, 2018, 1338, 5028, 366, 0, 0
15:20:56, 1201.10, 28.54, 27.60, 28.680, 629, 1259, 2669, 4464, 4541, 4510, 4428, 4049, 7233, 419, 0, 0, 186, 267, 745, 1594, 2949, 2645, 2087, 1375, 4849, 357, 0, 0
15:20:57, 1208.10, 28.55, 27.62, 28.680, 294, 477, 1052, 1675, 2997, 3070, 2773, 2527, 5072, 305, 0, 0, 171, 244, 686, 1483, 2660, 2385, 1850, 1210, 4519, 330, 0, 0
15:20:57, 1209.90, 28.55, 27.60, 28.680, 558, 1089, 2298, 3967, 4576, 4545, 4444, 4046, 7096, 411, 0, 0, 176, 250, 703, 1519, 2725, 2445, 1911, 1251, 4495, 329, 0, 0
15:20:58, 1215.30, 28.55, 27.59, 28.672, 429, 660, 1496, 2340, 3490, 3559, 3226, 3008, 5557, 329, 0, 0, 161, 227, 643, 1403, 2539, 2274, 1755, 1139, 4243, 310, 0, 0
15:20:59, 1217.80, 28.56, 27.64, 28.672, 539, 1037, 2248, 3871, 5868, 5834, 5993, 5209, 8631, 494, 0, 0, 160, 224, 636, 1394, 2529, 2265, 1747, 1128, 4150, 304, 0, 0
15:20:59, 1224.30, 28.56, 27.60, 28.672, 281, 454, 1030, 1672, 2341, 2358, 2120, 1847, 4064, 248, 0, 0, 156, 217, 619, 1363, 2420, 2169, 1668, 1078, 4037, 296, 0, 0
15:21:00, 1226.90, 28.56, 27.62, 28.664, 501, 982, 2146, 3839, 4160, 4110, 4040, 3444, 6840, 395, 0, 0, 145, 199, 571, 1272, 2353, 2107, 1613, 1032, 3826, 280, 0, 0
15:21:01, 1233.00, 28.56, 27.60, 28.664, 351, 531, 1236, 2010, 3225, 3281, 2992, 2679, 5182, 307, 0, 0, 139, 189, 546, 1225, 2247, 2012, 1532, 979, 3746, 274, 0, 0
15:21:01, 1232.80, 28.56, 27.64, 28.664, 347, 595, 1341, 2287, 2810, 2901, 2566, 2303, 4676, 280, 0, 0, 140, 190, 548, 1234, 2350, 2103, 1613, 1025, 3734, 275, 0, 0
15:21:02, 1240.00, 28.55, 27.59, 28.664, 302, 454, 1070, 1761, 3816, 3843, 3611, 3300, 5432, 323, 0, 0, 131, 176, 511, 1155, 2169, 1943, 1471, 935, 3637, 266, 0, 0
15:21:03, 1241.30, 28.56, 27.62, 28.664, 379, 712, 1611, 2912, 3540, 3561, 3371, 2996, 5231, 310, 0, 0, 127, 169, 492, 1121, 2124, 1899, 1436, 902, 3353, 246, 0, 0
15:21:03, 1245.70, 28.56, 27.62, 28.664, 202, 325, 768, 1310, 2163, 2156, 1930, 1636, 3481, 214, 0, 0, 125, 166, 485, 1108, 2034, 1819, 1370, 859, 3258, 239, 0, 0
15:21:04, 1249.50, 28.56, 27.62, 28.648, 306, 566, 1295, 2353, 3493, 3476, 3403, 2742, 5631, 330, 0, 0, 115, 152, 447, 1027, 1942, 1738, 1302, 814, 3169, 232, 0, 0
15:21:05, 1251.10, 28.56, 27.64, 28.656, 284, 478, 1114, 1952, 2471, 2466, 2232, 1898, 3961, 237, 0, 0, 115, 150, 442, 1023, 1953, 1746, 1308, 812, 3073, 226, 0, 0
15:21:05, 1254.90, 28.56, 27.66, 28.656, 258, 412, 982, 1708, 2999, 2994, 2772, 2408, 4535, 271, 0, 0, 109, 142, 420, 976, 1848, 1653, 1226, 761, 2996, 220, 0, 0
15:21:06, 1258.90, 28.55, 27.64, 28.648, 283, 529, 1234, 2259, 3564, 3508, 3483, 2736, 6217, 362, 0, 0, 104, 135, 399, 932, 1785, 1597, 1184, 732, 2881, 211, 0, 0
15:21:07, 1262.30, 28.56, 27.62, 28.656, 220, 345, 833, 1480, 2137, 2196, 1916, 1605, 3699, 223, 0, 0, 105, 134, 398, 935, 1778, 1587, 1173, 719, 2786, 205, 0, 0
15:21:07, 1264.50, 28.55, 27.62, 28.656, 239, 434, 1032, 1897, 2996, 2950, 2869, 2254, 5088, 300, 0, 0, 97, 124, 370, 874, 1724, 1540, 1137, 698, 2717, 200, 0, 0
15:21:08, 1267.40, 28.55, 27.62, 28.648, 221, 358, 867, 1552, 2479, 2461, 2242, 1867, 3904, 233, 0, 0, 96, 121, 362, 860, 1671, 1491, 1094, 666, 2589, 190, 0, 0
15:21:09, 1269.60, 28.55, 27.62, 28.648, 207, 358, 853, 1568, 2532, 2511, 2362, 1935, 3849, 228, 0, 0, 94, 119, 355, 846, 1656, 1480, 1087, 664, 2597, 191, 0, 0
15:21:09, 1272.00, 28.55, 27.64, 28.648, 208, 346, 840, 1521, 2153, 2090, 1940, 1538, 3366, 201, 0, 0, 94, 118, 353, 844, 1636, 1460, 1070, 650, 2496, 183, 0, 0
15:21:10, 1276.80, 28.55, 27.62, 28.641, 204, 368, 892, 1638, 2700, 2651, 2509, 1991, 4525, 266, 0, 0, 88, 109, 329, 789, 1553, 1388, 1012, 614, 2488, 183, 0, 0
15:21:11, 1279.00, 28.55, 27.64, 28.648, 198, 332, 812, 1492, 2157, 2116, 1924, 1544, 3345, 201, 0, 0, 87, 107, 322, 778, 1524, 1358, 988, 593, 2329, 172, 0, 0
15:21:11, 1283.80, 28.55, 27.62, 28.648, 188, 333, 809, 1525, 2567, 2515, 2376, 1802, 4518, 266, 0, 0, 81, 100, 303, 735, 1468, 1313, 951, 574, 2330, 171, 0, 0
15:21:12, 1291.60, 28.55, 27.64, 28.641, 212, 361, 883, 1681, 2675, 2621, 2449, 1923, 4543, 266, 0, 0, 76, 93, 282, 691, 1359, 1213, 868, 518, 2159, 158, 0, 0
15:21:13, 1297.50, 28.55, 27.62, 28.641, 155, 257, 634, 1206, 1779, 1787, 1583, 1252, 3260, 194, 0, 0, 73, 87, 266, 658, 1331, 1191, 857, 511, 2105, 155, 0, 0
15:21:13, 1301.00, 28.55, 27.66, 28.648, 154, 248, 622, 1201, 1922, 1913, 1701, 1310, 3580, 212, 0, 0, 67, 79, 243, 607, 1238, 1104, 783, 461, 1947, 143, 0, 0
15:21:14, 1304.50, 28.55, 27.66, 28.641, 133, 202, 514, 989, 1654, 1671, 1441, 1145, 2837, 171, 0, 0, 67, 80, 244, 609, 1230, 1098, 780, 461, 1921, 141, 0, 0
15:21:15, 1311.10, 28.55, 27.62, 28.641, 167, 289, 748, 1463, 2211, 2166, 2000, 1477, 3989, 237, 0, 0, 62, 72, 222, 562, 1149, 1026, 721, 420, 1752, 129, 0, 0
15:21:15, 1317.50, 28.54, 27.64, 28.641, 124, 198, 508, 1006, 1764, 1727, 1545, 1179, 2809, 168, 0, 0, 58, 66, 205, 523, 1094, 976, 684, 396, 1640, 121, 0, 0
15:21:16, 1325.10, 28.55, 27.62, 28.633, 113, 179, 464, 924, 1711, 1668, 1520, 1136, 2804, 168, 0, 0, 53, 60, 187, 483, 1011, 902, 626, 362, 1541, 113, 0, 0
15:21:17, 1335.20, 28.54, 27.62, 28.633, 112, 178, 463, 941, 1598, 1555, 1383, 1024, 2831, 169, 0, 0, 49, 54, 170, 444, 932, 832, 572, 327, 1433, 105, 0, 0
15:21:17, 1341.10, 28.54, 27.64, 28.633, 87, 133, 351, 727, 1200, 1189, 1018, 738, 2261, 138, 0, 0, 46, 50, 157, 416, 884, 790, 540, 307, 1348, 99, 0, 0
15:21:18, 1344.60, 28.54, 27.68, 28.633, 90, 140, 372, 773, 1253, 1237, 1067, 775, 2367, 144, 0, 0, 44, 49, 152, 403, 858, 766, 522, 295, 1298, 95, 0, 0
15:21:19, 1351.60, 28.54, 27.64, 28.633, 91, 146, 397, 829, 1421, 1373, 1207, 858, 2583, 156, 0, 0, 40, 43, 136, 366, 803, 717, 485, 271, 1187, 87, 0, 0
15:21:19, 1358.20, 28.54, 27.66, 28.633, 65, 95, 259, 547, 1029, 999, 846, 599, 1713, 104, 0, 0, 38, 40, 125, 340, 748, 667, 448, 249, 1094, 80, 0, 0
15:21:20, 1363.60, 28.54, 27.64, 28.641, 65, 91, 250, 528, 928, 907, 754, 542, 1472, 91, 0, 0, 37, 38, 121, 331, 718, 641, 428, 237, 1063, 78, 0, 0
15:21:21, 1369.20, 28.54, 27.62, 28.641, 73, 112, 309, 673, 1128, 1094, 949, 654, 1964, 119, 0, 0, 34, 35, 112, 308, 686, 611, 407, 224, 1001, 74, 0, 0
15:21:21, 1377.70, 28.54, 27.68, 28.641, 65, 94, 257, 563, 995, 970, 818, 579, 1640, 100, 0, 0, 31, 32, 101, 283, 626, 559, 367, 200, 915, 67, 0, 0
15:21:22, 1381.60, 28.54, 27.66, 28.633, 50, 71, 198, 440, 732, 714, 580, 394, 1297, 81, 0, 0, 31, 31, 98, 277, 623, 555, 366, 199, 902, 66, 0, 0
15:21:23, 1388.20, 28.53, 27.64, 28.633, 58, 87, 243, 539, 968, 928, 784, 530, 1778, 109, 0, 0, 28, 28, 88, 250, 563, 502, 327, 176, 820, 60, 0, 0
15:21:23, 1393.30, 28.53, 27.68, 28.633, 47, 66, 184, 414, 802, 778, 643, 440, 1327, 81, 0, 0, 26, 26, 82, 235, 540, 481, 313, 168, 774, 57, 0, 0
15:21:24, 1400.10, 28.53, 27.69, 28.641, 47, 66, 184, 418, 778, 750, 622, 417, 1295, 79, 0, 0, 25, 24, 77, 222, 511, 456, 294, 157, 734, 54, 0, 0
15:21:25, 1404.30, 28.53, 27.71, 28.641, 40, 55, 155, 355, 629, 609, 488, 326, 1011, 62, 0, 0, 24, 23, 73, 213, 497, 443, 285, 151, 697, 51, 0, 0
15:21:25, 1404.70, 28.53, 27.66, 28.633, 40, 55, 155, 358, 669, 648, 524, 354, 1069, 66, 0, 0, 23, 22, 71, 208, 494, 440, 283, 150, 691, 51, 0, 0
15:21:26, 1408.90, 28.53, 27.66, 28.625, 39, 55, 155, 360, 686, 662, 538, 355, 1155, 71, 0, 0, 23, 22, 69, 203, 477, 426, 273, 145, 685, 50, 0, 0
15:21:27, 1411.60, 28.53, 27.68, 28.625, 42, 58, 165, 388, 684, 659, 537, 351, 1140, 70, 0, 0, 22, 21, 66, 193, 457, 408, 260, 137, 642, 47, 0, 0
15:21:27, 1417.30, 28.53, 27.66, 28.625, 35, 47, 134, 314, 601, 580, 465, 307, 964, 59, 0, 0, 21, 20, 62, 184, 437, 390, 248, 130, 619, 45, 0, 0
15:21:28, 1413.20, 28.53, 27.69, 28.633, 36, 49, 140, 331, 554, 534, 422, 276, 892, 55, 0, 0, 22, 20, 65, 192, 481, 429, 276, 144, 659, 49, 0, 0
15:21:29, 1412.40, 28.53, 27.66, 28.633, 28, 36, 103, 244, 455, 439, 338, 219, 689, 43, 0, 0, 24, 23, 73, 213, 484, 430, 277, 145, 652, 48, 0, 0
15:21:29, 1416.10, 28.53, 27.68, 28.617, 36, 49, 140, 333, 621, 598, 486, 315, 1025, 63, 0, 0, 21, 20, 63, 186, 441, 393, 250, 131, 609, 45, 0, 0
15:21:30, 1420.80, 28.53, 27.68, 28.633, 35, 48, 137, 321, 618, 589, 479, 312, 1012, 62, 0, 0, 20, 19, 60, 177, 421, 375, 238, 124, 591, 43, 0, 0
15:21:31, 1425.80, 28.53, 27.69, 28.633, 35, 48, 137, 327, 612, 587, 475, 304, 1036, 64, 0, 0, 19, 18, 56, 167, 401, 358, 226, 118, 563, 41, 0, 0
15:21:31, 1425.60, 28.54, 27.68, 28.625, 30, 39, 111, 266, 499, 483, 376, 242, 851, 53, 0, 0, 18, 17, 55, 166, 404, 360, 228, 118, 572, 42, 0, 0
15:21:32, 1428.70, 28.53, 27.68, 28.633, 28, 36, 103, 248, 500, 482, 379, 243, 875, 55, 0, 0, 18, 17, 54, 163, 393, 352, 222, 116, 557, 41, 0, 0
15:21:33, 1428.60, 28.53, 27.69, 28.633, 33, 45, 129, 309, 549, 527, 417, 268, 943, 58, 0, 0, 18, 17, 54, 162, 394, 352, 222, 115, 551, 40, 0, 0
15:21:33, 1431.30, 28.53, 27.69, 28.625, 31, 41, 117, 282, 559, 538, 429, 275, 920, 57, 0, 0, 18, 16, 52, 157, 380, 340, 213, 111, 536, 39, 0, 0
15:21:34, 1435.30, 28.52, 27.66, 28.625, 29, 38, 111, 269, 532, 510, 404, 257, 879, 54, 0, 0, 17, 16, 50, 152, 369, 330, 207, 107, 518, 38, 0, 0
15:21:35, 1439.90, 28.53, 27.73, 28.625, 28, 37, 107, 259, 501, 480, 379, 242, 803, 50, 0, 0, 16, 15, 48, 145, 355, 318, 198, 102, 498, 36, 0, 0
15:21:35, 1443.00, 28.53, 27.68, 28.625, 27, 35, 102, 249, 474, 454, 354, 226, 762, 47, 0, 0, 16, 14, 46, 139, 345, 308, 193, 99, 476, 35, 0, 0
15:21:36, 1446.70, 28.53, 27.68, 28.625, 24, 31, 89, 219, 449, 430, 335, 211, 716, 44, 0, 0, 15, 14, 44, 134, 332, 298, 185, 95, 464, 34, 0, 0
15:21:37, 1449.90, 28.52, 27.71, 28.625, 25, 33, 96, 238, 465, 446, 349, 218, 767, 47, 0, 0, 14, 13, 41, 129, 321, 288, 179, 91, 442, 32, 0, 0
15:21:37, 1453.60, 28.53, 27.69, 28.617, 23, 30, 87, 217, 435, 415, 324, 202, 708, 44, 0, 0, 14, 12, 40, 123, 311, 279, 173, 88, 426, 31, 0, 0
15:21:38, 1458.40, 28.53, 27.69, 28.625, 22, 28, 82, 206, 428, 408, 318, 196, 707, 44, 0, 0, 13, 12, 38, 118, 295, 265, 164, 83, 410, 30, 0, 0
15:21:39, 1461.80, 28.53, 27.66, 28.625, 20, 24, 71, 178, 353, 338, 255, 159, 543, 34, 0, 0, 13, 12, 37, 116, 288, 259, 160, 81, 397, 29, 0, 0
15:21:39, 1465.60, 28.53, 27.73, 28.617, 22, 27, 80, 205, 409, 391, 302, 185, 695, 43, 0, 0, 12, 11, 34, 107, 275, 247, 153, 77, 376, 27, 0, 0
15:21:40, 1468.90, 28.53, 27.69, 28.617, 18, 22, 65, 167, 352, 337, 255, 157, 564, 35, 0, 0, 12, 10, 33, 105, 267, 241, 148, 75, 369, 27, 0, 0
15:21:41, 1472.20, 28.53, 27.66, 28.617, 19, 24, 71, 183, 371, 354, 270, 165, 603, 38, 0, 0, 12, 10, 32, 102, 262, 236, 145, 73, 362, 26, 0, 0
15:21:41, 1476.20, 28.53, 27.68, 28.609, 19, 24, 69, 180, 360, 343, 261, 158, 600, 37, 0, 0, 11, 9, 30, 97, 250, 225, 138, 70, 343, 25, 0, 0
15:21:42, 1480.50, 28.52, 27.73, 28.617, 16, 20, 57, 148, 313, 300, 224, 136, 490, 31, 0, 0, 11, 9, 30, 95, 245, 221, 136, 68, 336, 24, 0, 0
15:21:43, 1482.40, 28.53, 27.69, 28.617, 17, 21, 62, 164, 329, 314, 237, 142, 535, 33, 0, 0, 10, 9, 28, 90, 237, 215, 132, 66, 322, 23, 0, 0
15:21:43, 1483.80, 28.53, 27.68, 28.617, 15, 18, 53, 138, 283, 271, 199, 120, 430, 27, 0, 0, 11, 9, 29, 92, 237, 214, 132, 66, 320, 23, 0, 0
15:21:44, 1491.70, 28.52, 27.71, 28.617, 17, 20, 60, 158, 324, 309, 234, 139, 548, 34, 0, 0, 10, 9, 27, 89, 233, 212, 129, 65, 336, 24, 0, 0
15:21:45, 1494.90, 28.53, 27.71, 28.617, 14, 16, 48, 127, 245, 233, 169, 100, 362, 23, 0, 0, 9, 8, 25, 81, 212, 193, 118, 59, 289, 21, 0, 0
15:21:45, 1502.50, 28.52, 27.69, 28.609, 13, 16, 46, 122, 257, 245, 179, 106, 385, 24, 0, 0, 9, 7, 24, 78, 206, 188, 115, 57, 288, 21, 0, 0
15:21:46, 1507.10, 28.53, 27.69, 28.617, 13, 16, 46, 124, 246, 234, 170, 99, 378, 24, 0, 0, 8, 7, 22, 74, 196, 179, 110, 55, 267, 19, 0, 0
15:21:47, 1512.70, 28.53, 27.71, 28.617, 12, 15, 43, 118, 251, 239, 174, 101, 405, 25, 0, 0, 8, 7, 21, 70, 188, 172, 106, 53, 260, 19, 0, 0
15:21:47, 1512.10, 28.53, 27.68, 28.609, 12, 14, 40, 111, 230, 219, 158, 91, 367, 23, 0, 0, 8, 7, 21, 69, 190, 174, 107, 53, 262, 19, 0, 0
15:21:48, 1517.80, 28.53, 27.73, 28.609, 11, 13, 39, 107, 240, 228, 165, 95, 388, 24, 0, 0, 8, 6, 20, 67, 181, 166, 102, 51, 251, 18, 0, 0
15:21:49, 1521.10, 28.53, 27.71, 28.609, 11, 13, 37, 102, 219, 208, 149, 86, 342, 22, 0, 0, 7, 6, 19, 65, 176, 162, 100, 50, 241, 17, 0, 0
15:21:49, 1526.70, 28.53, 27.71, 28.617, 11, 13, 37, 103, 221, 210, 151, 85, 362, 23, 0, 0, 7, 6, 18, 62, 169, 156, 97, 49, 233, 17, 0, 0
15:21:50, 1535.10, 28.52, 27.71, 28.617, 10, 11, 33, 92, 204, 193, 138, 78, 324, 20, 0, 0, 7, 5, 17, 58, 160, 149, 93, 47, 222, 16, 0, 0
15:21:51, 1541.70, 28.52, 27.71, 28.609, 9, 10, 29, 84, 183, 173, 122, 68, 288, 18, 0, 0, 6, 5, 16, 55, 151, 141, 89, 45, 211, 15, 0, 0
15:21:51, 1538.70, 28.52, 27.71, 28.617, 8, 9, 25, 73, 161, 153, 105, 59, 248, 16, 0, 0, 6, 5, 16, 55, 155, 145, 92, 46, 215, 15, 0, 0
15:21:52, 1545.10, 28.52, 27.69, 28.617, 8, 9, 26, 75, 179, 170, 119, 67, 282, 18, 0, 0, 6, 5, 16, 55, 152, 143, 90, 46, 216, 16, 0, 0
15:21:53, 1548.90, 28.52, 27.68, 28.609, 8, 9, 26, 74, 157, 150, 103, 58, 238, 15, 0, 0, 6, 5, 15, 52, 144, 136, 87, 44, 202, 15, 0, 0
15:21:53, 1551.70, 28.52, 27.71, 28.609, 8, 9, 24, 71, 157, 149, 103, 57, 243, 15, 0, 0, 6, 5, 15, 51, 142, 134, 86, 44, 199, 14, 0, 0
15:21:54, 1558.20, 28.52, 27.71, 28.609, 7, 8, 24, 71, 158, 150, 104, 57, 260, 17, 0, 0, 6, 4, 14, 48, 134, 128, 83, 43, 190, 14, 0, 0
15:21:55, 1561.00, 28.52, 27.71, 28.609, 6, 7, 21, 61, 141, 133, 91, 50, 218, 14, 0, 0, 6, 4, 14, 46, 130, 124, 81, 42, 184, 13, 0, 0
15:21:55, 1566.40, 28.52, 27.73, 28.617, 6, 7, 21, 62, 143, 135, 93, 51, 223, 14, 0, 0, 5, 4, 13, 45, 124, 120, 79, 41, 182, 13, 0, 0
15:21:56, 1570.20, 28.52, 27.71, 28.617, 6, 7, 19, 58, 130, 124, 84, 45, 200, 13, 0, 0, 5, 4, 12, 41, 115, 112, 75, 39, 169, 12, 0, 0
15:21:57, 1572.20, 28.52, 27.75, 28.609, 6, 6, 18, 54, 124, 118, 79, 43, 187, 12, 0, 0, 5, 4, 12, 40, 112, 110, 73, 38, 162, 12, 0, 0
15:21:57, 1575.90, 28.52, 27.73, 28.617, 6, 6, 18, 54, 126, 119, 80, 43, 191, 12, 0, 0, 5, 4, 11, 38, 106, 104, 69, 37, 160, 12, 0, 0
15:21:58, 1582.50, 28.52, 27.73, 28.617, 6, 6, 17, 53, 123, 116, 78, 42, 196, 13, 0, 0, 3, 2, 7, 24, 57, 56, 38, 20, 97, 7, 0, 0
15:21:59, 1583.80, 28.52, 27.71, 28.609, 5, 6, 15, 48, 112, 106, 70, 37, 170, 11, 0, 0, 0, 0, 0, 3, 11, 11, 7, 3, 13, 0, 0, 0
15:21:59, 1583.30, 28.52, 27.73, 28.617, 4, 5, 13, 40, 97, 92, 60, 32, 134, 9, 0, 0, 0, 0, 0, 1, 2, 2, 2, 1, 3, 0, 0, 0
15:22:00, 1583.90, 28.52, 27.73, 28.617, 4, 4, 12, 38, 92, 88, 57, 30, 122, 8, 0, 0, 0, 0, 0, 2, 5, 5, 3, 2, 8, 0, 0, 0
15:22:01, 1583.70, 28.51, 27.73, 28.609, 4, 5, 12, 38, 92, 88, 57, 30, 122, 8, 0, 0, 0, 0, 0, 2, 5, 5, 3, 1, 4, 0, 0, 0
15:22:01, 1583.90, 28.51, 27.73, 28.617, 4, 4, 12, 37, 92, 87, 57, 30, 122, 8, 0, 0, 0, 0, 0, 0, 0, 0, 0, 0, 0, 0, 0, 0
15:22:02, 1584.00, 28.51, 27.71, 28.617, 4, 4, 12, 36, 87, 83, 53, 28, 113, 7, 0, 0, 0, 0, 0, 0, 0, 0, 0, 0, 0, 0, 0, 0
15:22:03, 1584.10, 28.51, 27.73, 28.617, 4, 4, 12, 36, 88, 84, 55, 29, 117, 8, 0, 0, 0, 0, 0, 0, 0, 0, 0, 0, 0, 0, 0, 0
15:22:03, 1583.80, 28.50, 27.78, 28.617, 4, 4, 11, 36, 87, 83, 54, 28, 116, 8, 0, 0, 0, 0, 0, 0, 0, 0, 0, 0, 0, 0, 0, 0
15:22:04, 1583.00, 28.50, 27.73, 28.617, 4, 4, 10, 33, 78, 74, 48, 25, 99, 7, 0, 0, 0, 0, 0, 0, 2, 2, 2, 1, 4, 0, 0, 0
15:22:04, 1584.20, 28.50, 27.73, 28.617, 3, 4, 9, 30, 75, 71, 46, 24, 93, 6, 0, 0, 0, 0, 0, 2, 3, 3, 2, 1, 3, 0, 0, 0
15:22:05, 1584.30, 28.49, 27.75, 28.617, 3, 4, 9, 30, 74, 70, 45, 23, 91, 6, 0, 0, 0, 0, 0, 1, 3, 2, 2, 1, 3, 0, 0, 0
15:22:06, 1584.90, 28.49, 27.71, 28.617, 3, 3, 9, 28, 70, 67, 43, 22, 86, 6, 0, 0, 0, 0, 0, 1, 3, 3, 2, 1, 5, 0, 0, 0
15:22:06, 1584.70, 28.49, 27.71, 28.617, 3, 4, 9, 30, 73, 70, 45, 23, 93, 6, 0, 0, 0, 0, 0, 1, 3, 3, 2, 1, 5, 0, 0, 0
15:22:07, 1585.40, 28.49, 27.75, 28.617, 3, 3, 8, 28, 69, 66, 42, 22, 85, 6, 0, 0, 0, 0, 0, 2, 9, 9, 6, 3, 12, 0, 0, 0
15:22:08, 1585.70, 28.49, 27.75, 28.617, 3, 3, 9, 30, 76, 73, 48, 24, 100, 7, 0, 0, 0, 0, 1, 4, 17, 17, 11, 6, 19, 1, 0, 0
15:22:08, 1584.50, 28.49, 27.71, 28.617, 3, 3, 8, 27, 69, 66, 43, 21, 88, 6, 0, 0, 0, 0, 2, 7, 28, 27, 19, 10, 30, 1, 0, 0
15:22:09, 1584.50, 28.49, 27.73, 28.609, 3, 3, 7, 24, 64, 61, 39, 20, 78, 5, 0, 0, 0, 0, 1, 5, 8, 7, 5, 3, 8, 0, 0, 0
15:22:10, 1581.00, 28.49, 27.73, 28.609, 3, 3, 9, 29, 65, 62, 40, 20, 81, 5, 0, 0, 0, 0, 2, 8, 36, 35, 26, 13, 33, 2, 0, 0
15:22:10, 1582.30, 28.49, 27.73, 28.609, 3, 4, 10, 31, 81, 78, 50, 26, 108, 7, 0, 0, 0, 0, 0, 1, 3, 3, 2, 1, 3, 0, 0, 0
15:22:11, 1583.10, 28.49, 27.73, 28.609, 3, 3, 8, 26, 67, 64, 41, 21, 84, 6, 0, 0, 0, 0, 0, 1, 9, 8, 6, 3, 9, 0, 0, 0
15:22:12, 1585.10, 28.50, 27.78, 28.609, 3, 3, 8, 27, 77, 73, 48, 24, 100, 7, 0, 0, 0, 0, 0, 1, 8, 8, 5, 3, 8, 0, 0, 0
15:22:12, 1584.90, 28.50, 27.75, 28.609, 3, 3, 9, 28, 70, 67, 44, 22, 94, 6, 0, 0, 0, 0, 1, 3, 12, 12, 9, 5, 13, 0, 0, 0
15:22:13, 1582.80, 28.50, 27.73, 28.617, 3, 3, 8, 26, 63, 61, 39, 19, 81, 5, 0, 0, 1, 0, 2, 9, 38, 39, 27, 14, 41, 2, 0, 0
15:22:14, 1584.20, 28.50, 27.73, 28.617, 4, 4, 10, 33, 92, 87, 58, 30, 127, 8, 0, 0, 0, 0, 0, 0, 0, 0, 0, 0, 0, 0, 0, 0
15:22:14, 1584.60, 28.50, 27.71, 28.617, 3, 4, 10, 32, 81, 76, 50, 26, 106, 7, 0, 0, 0, 0, 0, 0, 1, 1, 1, 1, 1, 0, 0, 0
15:22:15, 1583.00, 28.50, 27.75, 28.617, 3, 4, 10, 31, 74, 71, 46, 23, 96, 6, 0, 0, 0, 0, 0, 2, 8, 8, 6, 3, 9, 0, 0, 0
15:22:16, 1582.90, 28.51, 27.75, 28.617, 3, 3, 7, 24, 64, 61, 39, 20, 79, 5, 0, 0, 0, 0, 0, 1, 0, 0, 0, 0, 1, 0, 0, 0
15:22:16, 1581.50, 28.51, 27.78, 28.617, 3, 3, 9, 29, 78, 74, 48, 25, 98, 7, 0, 0, 0, 0, 0, 0, 0, 0, 0, 0, 0, 0, 0, 0
15:22:17, 1579.60, 28.51, 27.77, 28.617, 3, 3, 7, 25, 60, 59, 36, 18, 81, 6, 0, 0, 0, 0, 0, 1, 7, 7, 6, 3, 8, 0, 0, 0
15:22:18, 1578.40, 28.51, 27.75, 28.617, 2, 3, 6, 21, 55, 53, 33, 17, 71, 5, 0, 0, 0, 0, 2, 8, 23, 23, 18, 9, 26, 1, 0, 0
15:22:18, 1577.40, 28.51, 27.78, 28.609, 3, 3, 7, 24, 60, 58, 36, 18, 74, 5, 0, 0, 1, 0, 2, 7, 22, 22, 17, 9, 19, 1, 0, 0
15:22:19, 1578.70, 28.51, 27.75, 28.609, 3, 3, 7, 23, 62, 59, 37, 19, 76, 5, 0, 0, 0, 0, 0, 1, 4, 4, 3, 2, 8, 0, 0, 0
15:22:20, 1581.00, 28.51, 27.75, 28.617, 4, 4, 11, 33, 68, 65, 42, 21, 84, 6, 0, 0, 0, 0, 0, 0, 0, 0, 0, 0, 1, 0, 0, 0
15:22:20, 1582.40, 28.51, 27.75, 28.617, 3, 3, 9, 28, 78, 74, 48, 25, 101, 7, 0, 0, 0, 0, 0, 2, 3, 2, 2, 1, 4, 0, 0, 0
15:22:21, 1581.00, 28.51, 27.75, 28.617, 3, 4, 10, 31, 73, 69, 44, 23, 92, 6, 0, 0, 0, 0, 0, 0, 1, 1, 1, 0, 1, 0, 0, 0
15:22:22, 1580.30, 28.51, 27.77, 28.617, 3, 3, 9, 28, 69, 67, 42, 22, 90, 6, 0, 0, 0, 0, 0, 1, 4, 5, 4, 2, 8, 0, 0, 0
15:22:22, 1579.30, 28.52, 27.77, 28.609, 3, 3, 8, 26, 64, 62, 39, 20, 95, 6, 0, 0, 0, 0, 1, 4, 12, 13, 9, 5, 20, 1, 0, 0
15:22:23, 1576.70, 28.51, 27.75, 28.609, 3, 3, 7, 23, 53, 52, 32, 16, 77, 5, 0, 0, 2, 2, 5, 19, 64, 65, 46, 24, 100, 7, 0, 0
15:22:24, 1579.60, 28.51, 27.77, 28.609, 3, 3, 7, 24, 69, 67, 42, 22, 96, 6, 0, 0, 0, 0, 1, 6, 22, 23, 15, 8, 44, 3, 0, 0
15:22:24, 1578.60, 28.51, 27.78, 28.609, 3, 4, 9, 30, 70, 67, 42, 22, 93, 6, 0, 0, 0, 0, 0, 0, 2, 2, 2, 1, 3, 0, 0, 0
15:22:25, 1579.60, 28.51, 27.78, 28.609, 3, 3, 8, 27, 70, 67, 43, 22, 88, 6, 0, 0, 0, 0, 0, 0, 0, 0, 0, 0, 0, 0, 0, 0
15:22:26, 1580.80, 28.51, 27.78, 28.609, 3, 4, 10, 33, 87, 84, 56, 29, 123, 8, 0, 0, 0, 0, 1, 6, 20, 21, 14, 8, 39, 2, 0, 0
15:22:26, 1579.20, 28.51, 27.78, 28.617, 3, 4, 10, 33, 83, 80, 53, 27, 112, 7, 0, 0, 0, 0, 1, 5, 15, 16, 11, 6, 28, 2, 0, 0
15:22:27, 1579.10, 28.51, 27.78, 28.617, 3, 4, 9, 29, 76, 73, 47, 25, 95, 6, 0, 0, 0, 0, 0, 3, 12, 12, 8, 4, 19, 1, 0, 0
15:22:28, 1577.40, 28.52, 27.75, 28.609, 3, 4, 10, 31, 73, 70, 45, 24, 93, 6, 0, 0, 0, 0, 0, 0, 3, 3, 3, 1, 4, 0, 0, 0
15:22:28, 1579.30, 28.51, 27.82, 28.609, 4, 5, 13, 40, 99, 95, 63, 34, 147, 10, 0, 0, 1, 1, 3, 12, 30, 31, 20, 11, 56, 4, 0, 0
15:22:29, 1577.40, 28.52, 27.75, 28.609, 4, 5, 14, 42, 94, 89, 59, 31, 129, 8, 0, 0, 0, 0, 2, 7, 19, 19, 13, 7, 26, 1, 0, 0
15:22:30, 1579.00, 28.52, 27.82, 28.609, 5, 5, 14, 43, 105, 100, 67, 36, 152, 10, 0, 0, 2, 1, 5, 16, 42, 42, 28, 15, 74, 5, 0, 0
15:22:30, 1577.60, 28.52, 27.77, 28.617, 5, 5, 14, 44, 96, 92, 61, 32, 133, 9, 0, 0, 0, 0, 0, 1, 2, 2, 2, 1, 2, 0, 0, 0
15:22:31, 1575.50, 28.52, 27.78, 28.617, 5, 5, 14, 43, 103, 98, 65, 35, 148, 10, 0, 0, 1, 0, 2, 9, 40, 41, 27, 14, 76, 5, 0, 0
15:22:32, 1576.20, 28.52, 27.80, 28.609, 5, 5, 15, 46, 109, 104, 70, 38, 174, 11, 0, 0, 2, 1, 5, 19, 43, 43, 29, 15, 74, 5, 0, 0
15:22:32, 1574.80, 28.52, 27.80, 28.617, 5, 5, 14, 43, 105, 100, 67, 36, 160, 10, 0, 0, 2, 1, 4, 16, 46, 48, 32, 17, 85, 6, 0, 0
15:22:33, 1576.20, 28.52, 27.78, 28.617, 5, 5, 14, 43, 106, 101, 67, 36, 156, 10, 0, 0, 3, 2, 7, 23, 64, 63, 43, 23, 108, 8, 0, 0
15:22:34, 1577.40, 28.52, 27.78, 28.609, 5, 5, 15, 45, 106, 101, 68, 36, 163, 11, 0, 0, 2, 1, 4, 16, 48, 48, 32, 17, 87, 6, 0, 0
15:22:34, 1579.40, 28.53, 27.80, 28.617, 5, 5, 14, 44, 105, 100, 68, 36, 167, 11, 0, 0, 1, 0, 3, 10, 24, 25, 17, 9, 53, 4, 0, 0
15:22:35, 1579.20, 28.53, 27.80, 28.617, 4, 4, 12, 36, 87, 83, 55, 29, 116, 8, 0, 0, 0, 0, 0, 0, 1, 1, 1, 0, 2, 0, 0, 0
15:22:36, 1579.50, 28.53, 27.78, 28.609, 4, 4, 11, 35, 84, 81, 53, 28, 113, 7, 0, 0, 0, 0, 0, 0, 1, 0, 0, 0, 1, 0, 0, 0
15:22:36, 1579.10, 28.53, 27.82, 28.617, 4, 4, 11, 35, 85, 81, 54, 28, 117, 8, 0, 0, 0, 0, 0, 0, 1, 1, 0, 0, 1, 0, 0, 0
15:22:37, 1578.70, 28.53, 27.80, 28.617, 3, 4, 9, 30, 69, 66, 43, 22, 87, 6, 0, 0, 0, 0, 0, 1, 2, 2, 1, 1, 2, 0, 0, 0
15:22:38, 1578.00, 28.52, 27.80, 28.609, 3, 4, 9, 30, 73, 70, 45, 24, 96, 6, 0, 0, 0, 0, 0, 0, 0, 0, 0, 0, 0, 0, 0, 0
15:22:38, 1578.00, 28.52, 27.80, 28.617, 3, 3, 7, 24, 69, 66, 42, 22, 88, 6, 0, 0, 0, 0, 0, 2, 3, 4, 2, 1, 6, 0, 0, 0
15:22:39, 1578.50, 28.52, 27.84, 28.617, 3, 3, 7, 23, 60, 58, 36, 19, 73, 5, 0, 0, 0, 0, 1, 3, 4, 3, 3, 1, 5, 0, 0, 0
15:22:40, 1576.80, 28.52, 27.77, 28.617, 3, 3, 9, 28, 67, 64, 41, 21, 83, 6, 0, 0, 0, 0, 0, 2, 6, 6, 5, 3, 6, 0, 0, 0
15:22:40, 1576.60, 28.52, 27.78, 28.617, 3, 3, 7, 24, 57, 55, 35, 18, 69, 5, 0, 0, 1, 0, 2, 7, 7, 7, 5, 2, 7, 0, 0, 0
15:22:41, 1575.40, 28.52, 27.80, 28.617, 3, 3, 8, 26, 58, 56, 36, 18, 70, 5, 0, 0, 0, 0, 0, 1, 5, 5, 4, 2, 6, 0, 0, 0
15:22:42, 1573.20, 28.52, 27.80, 28.609, 3, 3, 9, 28, 71, 68, 44, 23, 90, 6, 0, 0, 1, 0, 2, 9, 34, 35, 24, 13, 54, 4, 0, 0
15:22:42, 1577.60, 28.52, 27.80, 28.617, 4, 5, 12, 38, 99, 94, 63, 34, 147, 10, 0, 0, 2, 1, 4, 16, 41, 42, 28, 15, 79, 6, 0, 0
15:22:43, 1575.90, 28.52, 27.80, 28.617, 4, 5, 13, 41, 89, 85, 56, 30, 123, 8, 0, 0, 0, 0, 0, 0, 1, 1, 1, 0, 2, 0, 0, 0
15:22:44, 1575.00, 28.52, 27.82, 28.609, 3, 4, 10, 31, 75, 72, 46, 24, 99, 7, 0, 0, 0, 0, 0, 1, 3, 4, 3, 1, 5, 0, 0, 0
15:22:44, 1574.20, 28.52, 27.78, 28.617, 3, 3, 8, 27, 67, 65, 41, 22, 90, 6, 0, 0, 0, 0, 0, 1, 6, 7, 5, 3, 8, 0, 0, 0
15:22:45, 1573.90, 28.52, 27.82, 28.617, 3, 3, 7, 24, 59, 58, 36, 19, 80, 5, 0, 0, 0, 0, 1, 3, 11, 11, 8, 4, 14, 0, 0, 0
15:22:46, 1572.90, 28.52, 27.82, 28.609, 3, 3, 7, 23, 60, 58, 36, 19, 81, 6, 0, 0, 0, 0, 1, 6, 13, 14, 10, 5, 23, 1, 0, 0
15:22:46, 1574.80, 28.52, 27.80, 28.617, 3, 3, 8, 27, 74, 72, 46, 24, 104, 7, 0, 0, 0, 0, 1, 3, 6, 7, 5, 2, 15, 1, 0, 0
15:22:47, 1573.60, 28.52, 27.82, 28.617, 2, 3, 6, 22, 56, 54, 34, 17, 68, 5, 0, 0, 0, 0, 0, 0, 4, 5, 4, 2, 8, 0, 0, 0
15:22:48, 1565.80, 28.52, 27.82, 28.609, 4, 4, 10, 31, 75, 72, 47, 25, 97, 7, 0, 0, 2, 1, 5, 18, 64, 65, 44, 24, 96, 7, 0, 0
15:22:48, 1559.80, 28.52, 27.84, 28.617, 4, 5, 12, 38, 97, 93, 62, 34, 137, 9, 0, 0, 4, 3, 9, 32, 98, 97, 65, 34, 142, 10, 0, 0
15:22:49, 1548.10, 28.53, 27.84, 28.617, 5, 5, 15, 45, 106, 102, 68, 38, 154, 10, 0, 0, 5, 4, 11, 39, 117, 113, 75, 39, 164, 12, 0, 0
15:22:50, 1537.70, 28.53, 27.80, 28.617, 6, 6, 17, 49, 121, 116, 79, 44, 178, 12, 0, 0, 6, 4, 14, 47, 136, 130, 85, 44, 192, 14, 0, 0
15:22:50, 1530.30, 28.53, 27.82, 28.617, 6, 7, 19, 57, 137, 131, 90, 51, 198, 13, 0, 0, 6, 5, 15, 52, 148, 139, 90, 46, 202, 14, 0, 0
15:22:51, 1525.40, 28.53, 27.84, 28.617, 7, 8, 22, 64, 146, 140, 97, 55, 215, 14, 0, 0, 6, 5, 16, 55, 152, 143, 92, 47, 210, 15, 0, 0
15:22:52, 1519.40, 28.53, 27.84, 28.609, 8, 9, 25, 70, 157, 151, 105, 60, 242, 16, 0, 0, 7, 5, 17, 57, 160, 150, 96, 49, 222, 16, 0, 0
15:22:52, 1513.80, 28.53, 27.84, 28.617, 8, 9, 26, 74, 164, 158, 111, 64, 252, 16, 0, 0, 7, 6, 18, 61, 168, 156, 99, 50, 231, 17, 0, 0
15:22:53, 1508.40, 28.53, 27.78, 28.617, 9, 10, 29, 80, 174, 168, 119, 69, 266, 17, 0, 0, 7, 6, 19, 65, 178, 166, 105, 53, 242, 18, 0, 0
15:22:54, 1505.80, 28.53, 27.82, 28.609, 10, 11, 33, 90, 196, 188, 137, 80, 306, 19, 0, 0, 8, 6, 19, 65, 179, 166, 105, 53, 244, 18, 0, 0
15:22:54, 1502.80, 28.53, 27.84, 28.617, 10, 11, 33, 90, 198, 190, 138, 81, 308, 19, 0, 0, 8, 6, 20, 66, 186, 172, 109, 55, 248, 18, 0, 0
15:22:55, 1492.20, 28.53, 27.82, 28.617, 9, 11, 30, 84, 184, 176, 126, 73, 261, 17, 0, 0, 9, 7, 23, 75, 204, 187, 118, 59, 265, 19, 0, 0
15:22:56, 1485.50, 28.53, 27.80, 28.617, 10, 12, 33, 91, 197, 189, 138, 80, 280, 18, 0, 0, 9, 8, 24, 80, 215, 197, 123, 62, 279, 20, 0, 0
15:22:56, 1484.00, 28.53, 27.86, 28.617, 12, 14, 40, 105, 226, 218, 161, 95, 336, 21, 0, 0, 9, 8, 24, 79, 210, 193, 121, 61, 282, 20, 0, 0
15:22:57, 1478.90, 28.53, 27.84, 28.617, 12, 14, 40, 106, 229, 220, 161, 97, 346, 22, 0, 0, 9, 8, 25, 82, 225, 206, 130, 65, 300, 22, 0, 0
15:22:58, 1472.00, 28.54, 27.86, 28.609, 12, 13, 38, 102, 219, 211, 154, 92, 318, 20, 0, 0, 11, 9, 29, 92, 244, 222, 140, 70, 317, 23, 0, 0
15:22:58, 1467.50, 28.53, 27.87, 28.617, 13, 15, 44, 116, 236, 228, 168, 102, 350, 22, 0, 0, 11, 9, 30, 96, 252, 230, 145, 73, 334, 24, 0, 0
15:22:59, 1463.90, 28.53, 27.80, 28.617, 14, 16, 46, 121, 252, 245, 181, 111, 407, 26, 0, 0, 11, 10, 30, 97, 252, 230, 145, 74, 346, 25, 0, 0
15:23:00, 1457.80, 28.54, 27.84, 28.617, 14, 17, 48, 124, 252, 245, 181, 111, 394, 25, 0, 0, 12, 11, 33, 104, 269, 244, 155, 79, 359, 26, 0, 0
15:23:00, 1452.10, 28.54, 27.82, 28.617, 15, 18, 51, 132, 276, 268, 200, 124, 426, 27, 0, 0, 12, 11, 34, 107, 281, 255, 162, 83, 376, 28, 0, 0
15:23:01, 1448.80, 28.54, 27.84, 28.617, 15, 18, 52, 134, 287, 279, 210, 131, 455, 29, 0, 0, 13, 11, 36, 112, 282, 257, 163, 84, 388, 28, 0, 0
15:23:02, 1443.00, 28.54, 27.87, 28.617, 18, 21, 61, 154, 306, 298, 225, 142, 493, 31, 0, 0, 14, 12, 38, 119, 311, 283, 181, 93, 422, 31, 0, 0
15:23:02, 1440.30, 28.53, 27.86, 28.617, 17, 20, 57, 143, 310, 301, 228, 144, 486, 31, 0, 0, 14, 13, 40, 124, 314, 285, 182, 94, 422, 31, 0, 0
15:23:03, 1434.10, 28.53, 27.82, 28.617, 18, 22, 63, 156, 310, 300, 228, 143, 463, 29, 0, 0, 16, 14, 44, 135, 342, 310, 200, 103, 452, 33, 0, 0
15:23:04, 1434.00, 28.53, 27.86, 28.609, 19, 23, 67, 165, 340, 330, 255, 162, 532, 33, 0, 0, 15, 14, 44, 134, 329, 300, 192, 100, 454, 33, 0, 0
15:23:04, 1428.60, 28.54, 27.86, 28.609, 22, 28, 80, 195, 367, 356, 276, 177, 598, 38, 0, 0, 16, 15, 46, 140, 358, 324, 210, 109, 484, 36, 0, 0
15:23:05, 1421.80, 28.54, 27.87, 28.617, 20, 24, 70, 171, 340, 328, 252, 161, 508, 32, 0, 0, 18, 16, 52, 156, 392, 354, 230, 120, 511, 38, 0, 0
15:23:06, 1419.30, 28.54, 27.89, 28.609, 19, 24, 68, 166, 342, 330, 254, 162, 514, 33, 0, 0, 19, 17, 54, 162, 390, 353, 230, 121, 527, 39, 0, 0
15:23:06, 1419.80, 28.54, 27.89, 28.609, 24, 31, 88, 211, 416, 405, 320, 208, 710, 45, 0, 0, 17, 16, 50, 151, 370, 336, 218, 115, 524, 39, 0, 0
15:23:07, 1413.80, 28.54, 27.86, 28.617, 21, 26, 74, 182, 344, 337, 259, 164, 553, 35, 0, 0, 20, 18, 57, 171, 413, 373, 244, 129, 554, 41, 0, 0
15:23:08, 1407.00, 28.54, 27.89, 28.625, 22, 28, 79, 190, 376, 364, 284, 183, 573, 36, 0, 0, 21, 20, 63, 185, 453, 409, 270, 143, 597, 44, 0, 0
15:23:08, 1406.80, 28.54, 27.84, 28.625, 24, 31, 88, 209, 413, 401, 316, 206, 659, 41, 0, 0, 21, 20, 63, 184, 432, 391, 256, 136, 600, 44, 0, 0
15:23:09, 1404.80, 28.54, 27.89, 28.617, 32, 42, 118, 284, 529, 516, 420, 277, 922, 57, 0, 0, 20, 19, 59, 174, 424, 384, 251, 134, 600, 44, 0, 0
15:23:10, 1399.70, 28.54, 27.86, 28.617, 25, 32, 91, 217, 411, 400, 313, 203, 653, 41, 0, 0, 22, 21, 67, 196, 472, 426, 281, 150, 627, 46, 0, 0
15:23:10, 1392.70, 28.55, 27.87, 28.617, 27, 35, 98, 229, 445, 429, 341, 225, 669, 42, 0, 0, 25, 24, 74, 215, 511, 460, 306, 164, 673, 49, 0, 0
15:23:11, 1393.20, 28.55, 27.87, 28.617, 29, 38, 107, 246, 481, 467, 375, 249, 750, 47, 0, 0, 24, 23, 73, 210, 478, 432, 286, 154, 677, 50, 0, 0
15:23:12, 1391.60, 28.54, 27.91, 28.625, 35, 47, 131, 300, 525, 513, 413, 278, 891, 56, 0, 0, 24, 23, 72, 208, 495, 447, 297, 160, 693, 51, 0, 0
15:23:12, 1387.00, 28.55, 27.87, 28.625, 30, 39, 109, 251, 470, 457, 363, 243, 733, 46, 0, 0, 26, 25, 80, 229, 549, 494, 331, 178, 722, 53, 0, 0
15:23:13, 1384.10, 28.54, 27.84, 28.625, 30, 39, 110, 253, 482, 467, 377, 250, 736, 46, 0, 0, 27, 26, 83, 237, 554, 500, 336, 182, 747, 55, 0, 0
15:23:14, 1383.10, 28.54, 27.86, 28.625, 35, 45, 128, 289, 580, 567, 464, 317, 978, 61, 0, 0, 25, 25, 79, 224, 534, 483, 324, 176, 759, 56, 0, 0
15:23:14, 1383.80, 28.54, 27.89, 28.625, 37, 49, 136, 307, 616, 607, 497, 341, 1068, 66, 0, 0, 25, 25, 78, 223, 521, 471, 314, 171, 743, 55, 0, 0
15:23:15, 1380.80, 28.54, 27.89, 28.625, 34, 44, 125, 283, 514, 500, 403, 267, 791, 50, 0, 0, 28, 27, 86, 244, 567, 511, 343, 186, 763, 56, 0, 0
15:23:16, 1373.40, 28.55, 27.91, 28.633, 34, 46, 130, 295, 540, 518, 430, 281, 816, 51, 0, 0, 31, 31, 98, 274, 645, 581, 394, 217, 848, 63, 0, 0
15:23:16, 1369.50, 28.55, 27.87, 28.633, 35, 49, 136, 307, 584, 562, 473, 312, 887, 55, 0, 0, 32, 33, 103, 286, 649, 584, 398, 219, 871, 64, 0, 0
15:23:17, 1369.20, 28.55, 27.87, 28.617, 37, 51, 142, 315, 591, 573, 468, 318, 919, 57, 0, 0, 32, 33, 103, 286, 652, 589, 402, 221, 894, 66, 0, 0
15:23:18, 1366.30, 28.55, 27.89, 28.625, 40, 54, 150, 331, 633, 616, 504, 348, 1024, 64, 0, 0, 32, 33, 102, 284, 666, 600, 410, 226, 919, 68, 0, 0
15:23:18, 1362.60, 28.55, 27.89, 28.625, 41, 54, 151, 330, 629, 620, 506, 353, 1036, 65, 0, 0, 34, 34, 107, 297, 685, 618, 424, 235, 962, 71, 0, 0
15:23:19, 1361.80, 28.55, 27.91, 28.617, 41, 54, 150, 329, 638, 630, 514, 358, 1085, 68, 0, 0, 34, 35, 108, 297, 655, 592, 405, 226, 956, 71, 0, 0
15:23:20, 1361.10, 28.55, 27.89, 28.625, 54, 78, 212, 464, 829, 814, 694, 492, 1489, 91, 0, 0, 32, 33, 104, 287, 655, 593, 406, 227, 961, 71, 0, 0
15:23:20, 1357.20, 28.55, 27.87, 28.625, 46, 63, 173, 375, 661, 646, 529, 373, 1054, 66, 0, 0, 36, 37, 115, 315, 719, 648, 447, 248, 977, 72, 0, 0
15:23:21, 1352.30, 28.56, 27.89, 28.617, 42, 59, 161, 351, 641, 618, 523, 354, 973, 61, 0, 0, 38, 39, 122, 333, 747, 673, 463, 258, 993, 73, 0, 0
15:23:22, 1350.10, 28.55, 27.91, 28.625, 44, 63, 172, 374, 667, 644, 552, 374, 1039, 64, 0, 0, 38, 40, 124, 337, 751, 676, 467, 260, 1019, 75, 0, 0
15:23:22, 1351.30, 28.55, 27.89, 28.625, 49, 66, 182, 389, 752, 740, 620, 446, 1229, 77, 0, 0, 35, 37, 115, 314, 699, 630, 431, 241, 1001, 74, 0, 0
15:23:23, 1348.50, 28.55, 27.91, 28.625, 45, 61, 168, 361, 591, 583, 474, 329, 956, 61, 0, 0, 40, 42, 130, 352, 769, 693, 480, 268, 1057, 78, 0, 0
15:23:24, 1343.90, 28.56, 27.87, 28.633, 41, 56, 155, 334, 584, 572, 467, 325, 935, 59, 0, 0, 42, 45, 139, 374, 817, 736, 512, 287, 1131, 84, 0, 0
15:23:24, 1346.60, 28.55, 27.91, 28.633, 46, 63, 172, 370, 649, 643, 529, 372, 1142, 72, 0, 0, 39, 42, 130, 350, 736, 665, 458, 257, 1092, 81, 0, 0
15:23:25, 1345.80, 28.55, 27.86, 28.625, 73, 112, 301, 638, 1133, 1116, 993, 708, 2074, 127, 0, 0, 35, 37, 115, 312, 702, 632, 433, 243, 1034, 76, 0, 0
15:23:26, 1340.90, 28.56, 27.91, 28.641, 45, 61, 168, 363, 627, 613, 508, 352, 981, 62, 0, 0, 42, 45, 140, 375, 841, 756, 526, 296, 1121, 83, 0, 0
15:23:26, 1339.30, 28.56, 27.91, 28.641, 43, 61, 168, 360, 644, 620, 528, 359, 977, 61, 0, 0, 46, 49, 152, 404, 869, 780, 544, 308, 1149, 84, 0, 0
15:23:27, 1338.50, 28.56, 27.89, 28.625, 51, 73, 198, 417, 724, 705, 597, 419, 1130, 71, 0, 0, 43, 46, 142, 378, 835, 752, 526, 297, 1168, 86, 0, 0
15:23:28, 1337.80, 28.56, 27.95, 28.641, 51, 70, 190, 402, 736, 728, 601, 432, 1281, 80, 0, 0, 42, 45, 139, 372, 808, 731, 511, 290, 1180, 87, 0, 0
15:23:28, 1336.00, 28.56, 27.89, 28.641, 48, 65, 177, 378, 686, 678, 557, 399, 1149, 73, 0, 0, 43, 46, 143, 380, 820, 741, 519, 294, 1179, 87, 0, 0
15:23:29, 1334.00, 28.56, 27.87, 28.625, 44, 61, 165, 355, 648, 641, 528, 372, 1084, 69, 0, 0, 45, 48, 148, 393, 830, 751, 526, 300, 1192, 88, 0, 0
15:23:30, 1332.10, 28.56, 27.93, 28.633, 57, 80, 217, 451, 758, 745, 621, 449, 1250, 78, 0, 0, 44, 47, 146, 387, 840, 759, 532, 303, 1205, 89, 0, 0
15:23:30, 1327.70, 28.56, 27.93, 28.633, 56, 79, 213, 442, 800, 790, 664, 483, 1345, 84, 0, 0, 45, 48, 149, 394, 877, 794, 561, 322, 1266, 94, 0, 0
15:23:31, 1324.30, 28.57, 27.89, 28.633, 55, 77, 206, 426, 772, 767, 638, 467, 1307, 82, 0, 0, 49, 53, 164, 429, 927, 839, 597, 344, 1348, 100, 0, 0
15:23:32, 1325.40, 28.57, 27.89, 28.641, 55, 77, 207, 431, 840, 836, 704, 518, 1467, 92, 0, 0, 45, 49, 152, 399, 853, 775, 545, 314, 1274, 94, 0, 0
15:23:32, 1323.80, 28.57, 27.91, 28.641, 77, 110, 292, 590, 1019, 1020, 878, 665, 1742, 108, 0, 0, 46, 50, 154, 403, 881, 799, 564, 326, 1306, 97, 0, 0
15:23:33, 1317.00, 28.57, 27.93, 28.633, 60, 86, 230, 478, 808, 790, 668, 484, 1310, 82, 0, 0, 53, 59, 180, 467, 1035, 936, 675, 390, 1436, 106, 0, 0
15:23:34, 1314.20, 28.57, 27.96, 28.641, 55, 81, 214, 440, 787, 761, 661, 475, 1224, 77, 0, 0, 59, 66, 201, 515, 1063, 961, 693, 403, 1478, 109, 0, 0
15:23:34, 1315.40, 28.57, 27.95, 28.641, 67, 98, 261, 524, 867, 854, 728, 535, 1433, 89, 0, 0, 55, 61, 187, 483, 1013, 919, 661, 385, 1491, 111, 0, 0
15:23:35, 1312.90, 28.57, 27.93, 28.633, 68, 98, 258, 523, 811, 812, 679, 501, 1429, 91, 0, 0, 59, 66, 201, 516, 1092, 994, 721, 421, 1623, 121, 0, 0
15:23:36, 1316.20, 28.57, 27.89, 28.633, 65, 94, 250, 506, 860, 847, 720, 530, 1444, 90, 0, 0, 56, 62, 190, 489, 985, 895, 642, 376, 1464, 108, 0, 0
15:23:36, 1313.90, 28.57, 27.93, 28.633, 112, 181, 472, 961, 1485, 1472, 1344, 1007, 2554, 154, 0, 0, 51, 56, 173, 448, 1006, 914, 657, 383, 1494, 111, 0, 0
15:23:37, 1312.90, 28.57, 27.93, 28.633, 59, 86, 227, 467, 794, 787, 662, 479, 1345, 85, 0, 0, 59, 65, 199, 512, 1087, 986, 715, 416, 1546, 115, 0, 0
15:23:38, 1310.00, 28.58, 27.93, 28.641, 58, 86, 227, 465, 869, 841, 735, 531, 1354, 84, 0, 0, 58, 64, 196, 504, 1087, 982, 710, 414, 1504, 111, 0, 0
15:23:38, 1304.80, 28.58, 27.95, 28.641, 58, 89, 234, 481, 823, 795, 704, 494, 1298, 81, 0, 0, 66, 75, 228, 578, 1200, 1085, 793, 466, 1646, 121, 0, 0
15:23:39, 1305.40, 28.58, 27.96, 28.633, 71, 104, 274, 545, 981, 969, 841, 630, 1608, 100, 0, 0, 59, 66, 203, 518, 1097, 995, 720, 422, 1604, 119, 0, 0
15:23:40, 1304.10, 28.58, 27.93, 28.641, 78, 114, 297, 588, 1045, 1041, 894, 681, 1804, 112, 0, 0, 58, 66, 202, 514, 1082, 981, 709, 418, 1596, 118, 0, 0
15:23:40, 1298.40, 28.58, 27.95, 28.641, 75, 109, 284, 558, 897, 884, 758, 568, 1480, 93, 0, 0, 64, 73, 222, 563, 1182, 1069, 779, 459, 1700, 126, 0, 0
15:23:41, 1295.80, 28.58, 27.96, 28.641, 69, 102, 265, 526, 887, 878, 750, 557, 1549, 97, 0, 0, 69, 79, 240, 604, 1220, 1107, 811, 481, 1824, 136, 0, 0
15:23:42, 1295.10, 28.58, 27.93, 28.641, 110, 164, 417, 821, 1432, 1459, 1293, 1011, 2588, 158, 0, 0, 61, 70, 212, 534, 1145, 1038, 753, 447, 1775, 132, 0, 0
15:23:42, 1292.80, 28.58, 27.95, 28.641, 76, 113, 290, 578, 955, 958, 822, 615, 1715, 109, 0, 0, 68, 78, 237, 593, 1237, 1121, 823, 490, 1826, 135, 0, 0
15:23:43, 1288.10, 28.58, 27.96, 28.641, 72, 107, 276, 543, 924, 910, 787, 593, 1527, 97, 0, 0, 74, 86, 259, 645, 1321, 1194, 881, 524, 1884, 139, 0, 0
15:23:44, 1291.80, 28.58, 27.95, 28.641, 86, 131, 336, 649, 1198, 1190, 1050, 812, 2087, 129, 0, 0, 65, 75, 228, 570, 1158, 1050, 763, 457, 1798, 133, 0, 0
15:23:44, 1287.40, 28.58, 27.96, 28.641, 149, 239, 584, 1151, 1545, 1568, 1402, 1132, 2717, 165, 0, 0, 67, 78, 234, 586, 1270, 1152, 846, 505, 1915, 143, 0, 0
15:23:45, 1283.10, 28.58, 27.96, 28.633, 70, 104, 269, 535, 910, 899, 780, 579, 1509, 95, 0, 0, 79, 93, 279, 690, 1447, 1308, 977, 585, 2016, 149, 0, 0
15:23:46, 1281.40, 28.58, 27.95, 28.641, 75, 116, 296, 576, 981, 950, 862, 632, 1554, 97, 0, 0, 81, 96, 288, 706, 1365, 1233, 909, 545, 1938, 143, 0, 0
15:23:46, 1281.40, 28.58, 27.98, 28.641, 94, 142, 363, 690, 1102, 1095, 961, 739, 1861, 117, 0, 0, 77, 91, 273, 671, 1347, 1223, 907, 548, 2063, 154, 0, 0
15:23:47, 1280.20, 28.59, 28.00, 28.641, 89, 131, 332, 638, 1016, 1018, 880, 677, 1787, 113, 0, 0, 79, 93, 280, 688, 1403, 1272, 948, 573, 2078, 154, 0, 0
15:23:48, 1277.60, 28.59, 27.95, 28.641, 95, 142, 361, 683, 1130, 1121, 984, 764, 1891, 119, 0, 0, 78, 92, 277, 681, 1380, 1249, 926, 557, 2020, 149, 0, 0
15:23:48, 1276.20, 28.59, 27.95, 28.641, 99, 152, 383, 724, 1184, 1187, 1046, 819, 2090, 130, 0, 0, 78, 93, 279, 682, 1368, 1242, 921, 559, 2101, 156, 0, 0
15:23:49, 1275.70, 28.59, 27.93, 28.641, 102, 153, 382, 726, 1159, 1183, 1026, 805, 2181, 138, 0, 0, 80, 95, 285, 695, 1384, 1258, 938, 571, 2149, 160, 0, 0
15:23:50, 1274.60, 28.59, 27.96, 28.641, 103, 154, 388, 736, 1150, 1154, 1014, 780, 2004, 126, 0, 0, 79, 93, 281, 689, 1379, 1248, 924, 558, 2027, 150, 0, 0
15:23:50, 1269.50, 28.59, 27.95, 28.641, 99, 154, 386, 721, 1133, 1110, 996, 767, 1839, 116, 0, 0, 89, 108, 321, 777, 1564, 1417, 1066, 651, 2233, 165, 0, 0
15:23:51, 1267.10, 28.59, 27.98, 28.641, 101, 158, 397, 743, 1189, 1168, 1050, 809, 1988, 123, 0, 0, 88, 107, 318, 769, 1550, 1405, 1060, 647, 2267, 168, 0, 0
15:23:52, 1266.50, 28.59, 27.95, 28.641, 112, 166, 414, 767, 1275, 1302, 1138, 913, 2265, 142, 0, 0, 88, 107, 317, 765, 1533, 1395, 1052, 647, 2393, 178, 0, 0
15:23:52, 1265.80, 28.59, 27.96, 28.641, 122, 185, 459, 857, 1517, 1544, 1382, 1113, 2788, 171, 0, 0, 81, 98, 292, 709, 1468, 1331, 996, 609, 2252, 167, 0, 0
15:23:53, 1264.50, 28.59, 27.98, 28.648, 98, 149, 372, 702, 1208, 1206, 1069, 851, 2053, 130, 0, 0, 90, 110, 326, 784, 1563, 1416, 1068, 654, 2312, 171, 0, 0
15:23:54, 1262.80, 28.59, 27.98, 28.648, 104, 159, 398, 740, 1161, 1148, 1034, 808, 1921, 122, 0, 0, 92, 113, 335, 804, 1544, 1398, 1050, 643, 2274, 168, 0, 0
15:23:54, 1260.50, 28.59, 27.98, 28.648, 105, 160, 398, 734, 1175, 1169, 1044, 827, 1984, 125, 0, 0, 92, 113, 336, 806, 1585, 1437, 1085, 667, 2386, 177, 0, 0
15:23:55, 1258.70, 28.59, 27.98, 28.648, 141, 209, 520, 943, 1425, 1451, 1297, 1062, 2513, 156, 0, 0, 91, 111, 330, 792, 1636, 1485, 1125, 693, 2473, 184, 0, 0
15:23:56, 1256.30, 28.59, 28.00, 28.648, 105, 160, 397, 731, 1212, 1205, 1086, 863, 2067, 130, 0, 0, 95, 117, 346, 829, 1667, 1508, 1142, 702, 2424, 179, 0, 0
15:23:56, 1254.80, 28.59, 27.98, 28.648, 100, 156, 388, 717, 1191, 1182, 1068, 843, 2036, 127, 0, 0, 97, 119, 353, 843, 1633, 1480, 1117, 688, 2442, 181, 0, 0
15:23:57, 1256.10, 28.59, 28.00, 28.648, 168, 259, 623, 1155, 1872, 1933, 1784, 1461, 3689, 221, 0, 0, 86, 106, 314, 752, 1504, 1366, 1022, 632, 2413, 178, 0, 0
15:23:58, 1254.10, 28.60, 27.98, 28.648, 126, 194, 470, 870, 1206, 1237, 1096, 860, 2306, 147, 0, 0, 98, 121, 359, 856, 1709, 1550, 1176, 724, 2584, 192, 0, 0
15:23:58, 1251.10, 28.60, 27.96, 28.656, 93, 145, 359, 672, 1043, 1033, 921, 708, 1788, 113, 0, 0, 109, 135, 397, 940, 1846, 1673, 1284, 797, 2661, 196, 0, 0
15:23:59, 1253.10, 28.60, 28.00, 28.656, 124, 192, 473, 847, 1397, 1380, 1259, 1015, 2314, 144, 0, 0, 96, 119, 351, 834, 1583, 1433, 1075, 664, 2424, 179, 0, 0
15:24:00, 1250.40, 28.61, 28.02, 28.656, 155, 247, 599, 1071, 1491, 1512, 1353, 1108, 2739, 169, 0, 0, 98, 122, 361, 855, 1704, 1548, 1175, 730, 2660, 198, 0, 0
15:24:00, 1247.90, 28.61, 28.02, 28.656, 121, 187, 456, 835, 1342, 1345, 1192, 962, 2387, 150, 0, 0, 103, 129, 381, 901, 1805, 1632, 1241, 767, 2644, 195, 0, 0
15:24:01, 1247.50, 28.61, 28.00, 28.656, 115, 188, 455, 813, 1386, 1357, 1247, 989, 2358, 146, 0, 0, 105, 132, 388, 910, 1744, 1578, 1193, 744, 2637, 194, 0, 0
15:24:02, 1247.10, 28.61, 28.04, 28.656, 155, 248, 598, 1058, 1554, 1552, 1396, 1134, 2773, 171, 0, 0, 103, 131, 384, 902, 1755, 1592, 1210, 754, 2790, 207, 0, 0
15:24:02, 1245.40, 28.61, 28.00, 28.656, 158, 242, 580, 1032, 1558, 1613, 1401, 1174, 2859, 180, 0, 0, 110, 140, 410, 956, 1887, 1709, 1307, 817, 2888, 214, 0, 0
15:24:03, 1242.20, 28.61, 28.00, 28.656, 125, 200, 484, 866, 1387, 1363, 1231, 985, 2368, 149, 0, 0, 118, 152, 444, 1027, 1987, 1798, 1382, 869, 2966, 219, 0, 0
15:24:04, 1241.20, 28.61, 27.98, 28.656, 152, 235, 566, 979, 1632, 1644, 1476, 1226, 2842, 177, 0, 0, 115, 149, 435, 1005, 1954, 1770, 1360, 858, 3054, 226, 0, 0
15:24:04, 1241.00, 28.61, 27.98, 28.648, 178, 279, 664, 1170, 1891, 1949, 1755, 1459, 3610, 219, 0, 0, 113, 146, 427, 988, 1932, 1751, 1342, 847, 3081, 228, 0, 0
15:24:05, 1239.20, 28.61, 27.98, 28.656, 209, 311, 745, 1282, 1904, 1958, 1743, 1491, 3345, 206, 0, 0, 120, 155, 452, 1042, 2044, 1849, 1423, 897, 3151, 233, 0, 0
15:24:06, 1236.50, 28.61, 28.00, 28.656, 173, 279, 664, 1142, 1848, 1825, 1666, 1390, 3095, 191, 0, 0, 125, 162, 472, 1083, 2135, 1929, 1488, 940, 3194, 235, 0, 0
15:24:06, 1233.90, 28.61, 27.98, 28.648, 148, 251, 595, 1030, 1575, 1524, 1418, 1130, 2646, 162, 0, 0, 139, 183, 529, 1202, 2285, 2067, 1606, 1025, 3393, 249, 0, 0
15:24:07, 1232.10, 28.61, 28.00, 28.664, 184, 291, 694, 1172, 1714, 1685, 1535, 1276, 2856, 178, 0, 0, 136, 178, 516, 1172, 2202, 1990, 1540, 977, 3408, 252, 0, 0
15:24:08, 1230.30, 28.61, 27.98, 28.664, 205, 314, 744, 1246, 1903, 1922, 1720, 1474, 3314, 207, 0, 0, 140, 186, 536, 1211, 2294, 2077, 1617, 1035, 3589, 265, 0, 0
15:24:08, 1227.70, 28.61, 28.00, 28.656, 226, 349, 825, 1375, 2072, 2096, 1893, 1633, 3537, 218, 0, 0, 141, 188, 543, 1223, 2333, 2107, 1640, 1048, 3601, 265, 0, 0
15:24:09, 1224.40, 28.61, 28.02, 28.656, 189, 301, 705, 1184, 1790, 1795, 1612, 1361, 3175, 198, 0, 0, 150, 202, 577, 1295, 2438, 2205, 1726, 1110, 3811, 282, 0, 0
15:24:10, 1221.90, 28.61, 28.02, 28.656, 238, 367, 857, 1432, 2331, 2410, 2173, 1898, 4218, 257, 0, 0, 146, 197, 565, 1266, 2436, 2203, 1721, 1107, 3873, 286, 0, 0
15:24:10, 1220.80, 28.61, 28.02, 28.656, 230, 358, 829, 1394, 2299, 2406, 2158, 1891, 4243, 258, 0, 0, 151, 205, 584, 1301, 2458, 2228, 1747, 1133, 3993, 295, 0, 0
15:24:11, 1215.40, 28.62, 28.02, 28.664, 227, 359, 830, 1374, 1760, 1767, 1592, 1348, 3122, 195, 0, 0, 170, 231, 657, 1455, 2715, 2454, 1942, 1255, 4176, 308, 0, 0
15:24:12, 1211.50, 28.62, 28.02, 28.664, 172, 278, 645, 1074, 1598, 1585, 1445, 1210, 2796, 179, 0, 0, 192, 265, 747, 1633, 2933, 2657, 2125, 1388, 4507, 332, 0, 0
15:24:12, 1213.20, 28.62, 28.02, 28.656, 218, 330, 761, 1252, 1935, 2007, 1803, 1574, 3488, 223, 0, 0, 171, 236, 666, 1464, 2587, 2346, 1851, 1206, 4223, 312, 0, 0
15:24:13, 1212.80, 28.61, 28.04, 28.656, 280, 431, 984, 1641, 2147, 2268, 2032, 1782, 4176, 258, 0, 0, 162, 222, 629, 1389, 2527, 2292, 1804, 1175, 4094, 302, 0, 0
15:24:14, 1207.30, 28.62, 28.02, 28.656, 188, 297, 676, 1141, 1696, 1738, 1568, 1347, 3130, 200, 0, 0, 183, 252, 710, 1560, 2890, 2617, 2088, 1361, 4391, 323, 0, 0
15:24:14, 1205.70, 28.62, 28.02, 28.656, 192, 319, 728, 1197, 1826, 1800, 1676, 1423, 3204, 199, 0, 0, 186, 257, 724, 1580, 2882, 2612, 2086, 1366, 4399, 323, 0, 0
15:24:15, 1204.70, 28.62, 28.05, 28.664, 228, 359, 816, 1311, 2102, 2144, 1962, 1738, 3702, 232, 0, 0, 176, 243, 684, 1497, 2751, 2495, 1987, 1302, 4414, 325, 0, 0
15:24:16, 1202.70, 28.62, 28.04, 28.664, 268, 417, 934, 1522, 2189, 2302, 2064, 1821, 4328, 270, 0, 0, 177, 248, 693, 1510, 2726, 2474, 1966, 1292, 4508, 333, 0, 0
15:24:16, 1198.20, 28.62, 28.05, 28.664, 272, 437, 967, 1573, 2008, 2075, 1874, 1615, 3981, 249, 0, 0, 194, 274, 762, 1641, 2979, 2705, 2173, 1440, 4817, 355, 0, 0
15:24:17, 1197.40, 28.62, 28.05, 28.672, 293, 464, 1030, 1611, 2697, 2738, 2522, 2285, 4614, 285, 0, 0, 189, 268, 746, 1601, 2914, 2637, 2100, 1388, 4627, 339, 0, 0
15:24:18, 1194.80, 28.62, 28.00, 28.672, 403, 589, 1341, 2020, 3179, 3322, 2939, 2851, 5097, 319, 0, 0, 192, 274, 761, 1628, 2941, 2662, 2123, 1405, 4783, 351, 0, 0
15:24:18, 1194.10, 28.63, 28.00, 28.672, 356, 551, 1208, 1891, 3142, 3402, 3016, 2870, 5789, 346, 0, 0, 192, 277, 764, 1628, 2933, 2660, 2124, 1415, 4954, 364, 0, 0
15:24:19, 1188.70, 28.63, 28.05, 28.672, 248, 409, 893, 1446, 1956, 1974, 1808, 1561, 3707, 233, 0, 0, 232, 337, 923, 1942, 3456, 3132, 2551, 1712, 5431, 398, 0, 0
15:24:20, 1185.40, 28.63, 28.04, 28.672, 288, 467, 1024, 1558, 2286, 2231, 2130, 1878, 3827, 244, 0, 0, 239, 348, 951, 1988, 3443, 3110, 2515, 1686, 5376, 392, 0, 0
15:24:20, 1183.50, 28.63, 28.04, 28.672, 343, 551, 1211, 1815, 2604, 2611, 2430, 2187, 4542, 282, 0, 0, 230, 337, 919, 1921, 3359, 3040, 2460, 1653, 5488, 402, 0, 0
15:24:21, 1179.20, 28.63, 28.07, 28.680, 347, 548, 1163, 1804, 2293, 2417, 2187, 1964, 4704, 295, 0, 0, 249, 369, 998, 2065, 3581, 3251, 2659, 1809, 6099, 448, 0, 0
15:24:22, 1176.80, 28.63, 28.07, 28.680, 342, 543, 1152, 1788, 2640, 2810, 2506, 2322, 5175, 334, 0, 0, 242, 358, 971, 2016, 3610, 3261, 2656, 1790, 5851, 428, 0, 0
15:24:22, 1172.90, 28.64, 28.05, 28.680, 329, 536, 1130, 1688, 2423, 2441, 2243, 2070, 4398, 278, 0, 0, 277, 416, 1113, 2275, 3976, 3607, 2982, 2044, 6477, 474, 0, 0
15:24:23, 1172.20, 28.64, 28.04, 28.695, 430, 667, 1422, 2081, 3128, 3223, 2962, 2772, 5533, 343, 0, 0, 253, 380, 1018, 2086, 3620, 3283, 2684, 1830, 6144, 450, 0, 0
15:24:24, 1169.20, 28.64, 28.05, 28.695, 496, 712, 1519, 2212, 3099, 3354, 2937, 2889, 5595, 345, 0, 0, 273, 412, 1102, 2248, 4016, 3652, 3032, 2093, 6757, 494, 0, 0
15:24:24, 1164.40, 28.64, 28.05, 28.695, 424, 651, 1381, 2030, 2660, 2698, 2521, 2338, 4758, 307, 0, 0, 292, 443, 1176, 2380, 4153, 3757, 3119, 2137, 6632, 482, 0, 0
15:24:25, 1165.80, 28.64, 28.04, 28.703, 328, 542, 1133, 1662, 2445, 2486, 2336, 2177, 4521, 292, 0, 0, 307, 469, 1237, 2491, 4228, 3847, 3220, 2233, 7105, 521, 0, 0
15:24:26, 1173.40, 28.64, 28.09, 28.703, 456, 699, 1465, 2208, 3475, 3704, 3363, 3250, 6109, 376, 0, 0, 241, 359, 966, 1992, 3395, 3089, 2518, 1718, 5873, 430, 0, 0
15:24:26, 1176.50, 28.65, 28.05, 28.687, 573, 839, 1801, 2708, 3482, 3734, 3354, 3322, 5909, 364, 0, 0, 236, 348, 940, 1955, 3428, 3120, 2549, 1730, 5695, 418, 0, 0
15:24:27, 1177.90, 28.65, 28.05, 28.680, 407, 631, 1375, 2006, 2775, 2747, 2649, 2436, 4625, 289, 0, 0, 242, 353, 958, 2001, 3699, 3358, 2760, 1863, 5678, 414, 0, 0
15:24:28, 1177.50, 28.66, 28.07, 28.680, 227, 414, 872, 1402, 2155, 2064, 2165, 1714, 3774, 231, 0, 0, 263, 387, 1044, 2157, 3805, 3458, 2847, 1940, 5830, 424, 0, 0
15:24:28, 1180.30, 28.66, 28.05, 28.680, 293, 534, 1125, 1759, 2831, 2703, 2766, 2385, 4755, 286, 0, 0, 231, 337, 914, 1910, 3410, 3109, 2551, 1736, 5612, 412, 0, 0
15:24:29, 1181.50, 28.66, 28.05, 28.680, 332, 532, 1143, 1762, 2160, 2204, 2028, 1809, 4158, 262, 0, 0, 243, 353, 959, 2003, 3608, 3281, 2699, 1820, 5821, 430, 0, 0
15:24:30, 1183.00, 28.66, 28.04, 28.680, 338, 533, 1146, 1767, 2835, 2971, 2696, 2502, 5053, 316, 0, 0, 231, 339, 920, 1917, 3325, 3028, 2478, 1685, 5587, 410, 0, 0
15:24:30, 1182.80, 28.66, 28.07, 28.680, 403, 634, 1334, 2131, 2478, 2637, 2429, 2156, 5139, 324, 0, 0, 227, 332, 904, 1890, 3291, 2993, 2436, 1642, 5616, 414, 0, 0
15:24:31, 1185.70, 28.66, 28.09, 28.695, 585, 895, 1937, 2958, 3776, 3952, 3644, 3477, 6305, 381, 0, 0, 211, 309, 844, 1767, 3057, 2775, 2234, 1501, 5137, 376, 0, 0
15:24:32, 1182.70, 28.66, 28.07, 28.695, 368, 586, 1272, 1930, 2223, 2219, 2088, 1855, 3911, 246, 0, 0, 242, 354, 962, 2010, 3606, 3272, 2688, 1811, 5652, 414, 0, 0
15:24:32, 1180.20, 28.66, 28.05, 28.687, 239, 416, 895, 1397, 1996, 1933, 1886, 1609, 3420, 213, 0, 0, 256, 376, 1019, 2117, 3707, 3359, 2762, 1862, 5697, 415, 0, 0
15:24:33, 1181.20, 28.66, 28.07, 28.703, 289, 493, 1059, 1634, 2361, 2309, 2241, 1965, 3997, 252, 0, 0, 236, 344, 936, 1952, 3368, 3059, 2494, 1686, 5489, 403, 0, 0
15:24:34, 1180.50, 28.66, 28.07, 28.703, 744, 1149, 2432, 3718, 6391, 6272, 6542, 6175, 10864, 612, 0, 0, 209, 308, 837, 1751, 3126, 2844, 2302, 1563, 5572, 403, 0, 0
15:24:34, 1172.20, 28.67, 28.07, 28.695, 412, 703, 1421, 2385, 2512, 2654, 2600, 2193, 6337, 400, 0, 0, 270, 406, 1083, 2218, 4062, 3723, 3102, 2143, 7392, 548, 0, 0
15:24:35, 1173.40, 28.67, 28.09, 28.695, 247, 429, 884, 1405, 1905, 1935, 1798, 1543, 4071, 253, 0, 0, 270, 404, 1080, 2217, 3835, 3491, 2892, 1978, 6437, 474, 0, 0
15:24:36, 1174.20, 28.67, 28.07, 28.695, 350, 567, 1192, 1791, 2642, 2726, 2482, 2311, 4703, 308, 0, 0, 261, 391, 1048, 2145, 3661, 3319, 2722, 1855, 5947, 435, 0, 0
15:24:36, 1170.10, 28.67, 28.07, 28.703, 348, 571, 1201, 1785, 2494, 2502, 2351, 2142, 4363, 286, 0, 0, 269, 408, 1088, 2211, 3862, 3477, 2854, 1936, 6246, 457, 0, 0
15:24:37, 1168.50, 28.68, 28.11, 28.703, 383, 625, 1307, 1943, 2875, 2957, 2730, 2537, 5084, 316, 0, 0, 260, 398, 1060, 2145, 3706, 3334, 2714, 1849, 6265, 457, 0, 0
15:24:38, 1164.40, 28.68, 28.07, 28.711, 375, 592, 1222, 1869, 2456, 2589, 2414, 2184, 5084, 319, 0, 0, 270, 416, 1105, 2225, 3723, 3355, 2738, 1883, 6588, 479, 0, 0
15:24:38, 1157.80, 28.68, 28.09, 28.719, 399, 625, 1267, 1972, 2400, 2574, 2401, 2203, 5164, 341, 0, 0, 304, 473, 1244, 2485, 4156, 3740, 3081, 2118, 7108, 518, 0, 0
15:24:39, 1157.50, 28.69, 28.07, 28.719, 526, 772, 1583, 2336, 3730, 4145, 3675, 3691, 6660, 416, 0, 0, 272, 419, 1110, 2231, 3946, 3549, 2909, 1995, 6670, 486, 0, 0
15:24:40, 1154.30, 28.69, 28.11, 28.734, 445, 694, 1433, 2101, 2950, 3079, 2889, 2777, 5302, 343, 0, 0, 287, 440, 1164, 2344, 4068, 3659, 2997, 2049, 6692, 487, 0, 0
15:24:40, 1151.30, 28.69, 28.11, 28.734, 432, 686, 1407, 2023, 2796, 2846, 2730, 2619, 4899, 313, 0, 0, 301, 464, 1218, 2430, 4097, 3694, 3044, 2102, 6722, 489, 0, 0
15:24:41, 1149.00, 28.69, 28.09, 28.734, 378, 620, 1256, 1826, 2772, 2838, 2717, 2605, 5054, 328, 0, 0, 298, 463, 1208, 2405, 3992, 3618, 3008, 2104, 6910, 503, 0, 0
15:24:42, 1147.20, 28.70, 28.09, 28.734, 797, 1085, 2191, 3262, 4764, 5626, 5285, 5243, 10160, 580, 0, 0, 283, 440, 1145, 2280, 3907, 3557, 2961, 2081, 7234, 523, 0, 0
15:24:42, 1141.60, 28.70, 28.09, 28.727, 457, 738, 1422, 2184, 2384, 2525, 2427, 2225, 5648, 361, 0, 0, 356, 560, 1435, 2808, 4683, 4276, 3652, 2611, 8484, 625, 0, 0
15:24:43, 1135.30, 28.70, 28.07, 28.727, 390, 636, 1238, 1816, 2276, 2388, 2274, 2130, 4892, 316, 0, 0, 375, 592, 1500, 2910, 4855, 4425, 3775, 2693, 8502, 626, 0, 0
15:24:44, 1129.40, 28.70, 28.11, 28.711, 437, 695, 1347, 1852, 2578, 2612, 2524, 2466, 4820, 321, 0, 0, 399, 639, 1611, 3087, 5104, 4638, 3965, 2856, 8672, 629, 0, 0
15:24:44, 1130.00, 28.70, 28.11, 28.711, 1693, 3507, 6534, 9713, 19102, 19100, 24271, 20102, 36000, 2638, 1, 1, 328, 532, 1340, 2566, 4222, 3801, 3172, 2250, 7828, 565, 0, 0
15:24:45, 1118.70, 28.70, 28.14, 28.711, 336, 569, 1047, 1544, 1857, 1943, 1921, 1746, 4975, 329, 0, 0, 500, 823, 2012, 3739, 6158, 5606, 4890, 3599, 11973, 892, 0, 0
15:24:46, 1117.30, 28.70, 28.09, 28.719, 441, 712, 1314, 1881, 2544, 2684, 2593, 2494, 5850, 389, 0, 0, 413, 676, 1668, 3134, 5039, 4536, 3831, 2752, 9010, 655, 0, 0
15:24:46, 1109.60, 28.71, 28.09, 28.727, 586, 845, 1592, 2114, 2466, 2637, 2502, 2556, 5097, 389, 0, 0, 501, 832, 2021, 3712, 5620, 5067, 4340, 3164, 9924, 720, 0, 0
15:24:47, 1100.70, 28.71, 28.13, 28.727, 603, 931, 1696, 2305, 2298, 2449, 2374, 2332, 5469, 382, 0, 0, 534, 896, 2130, 3858, 5866, 5291, 4577, 3382, 11010, 808, 0, 0
15:24:48, 1095.90, 28.71, 28.14, 28.727, 699, 992, 1767, 2367, 2943, 3335, 3123, 3245, 7033, 521, 0, 0, 518, 871, 2086, 3793, 5905, 5316, 4599, 3408, 11163, 810, 0, 0
15:24:48, 1091.50, 28.72, 28.14, 28.734, 1880, 2002, 3691, 5231, 4642, 5670, 5157, 5379, 10579, 713, 0, 0, 485, 817, 1943, 3515, 5611, 5042, 4359, 3239, 10717, 777, 0, 0
15:24:49, 1078.10, 28.72, 28.14, 28.734, 348, 555, 959, 1301, 1952, 2097, 2039, 2044, 4856, 364, 0, 0, 611, 1047, 2418, 4269, 6405, 5768, 5049, 3821, 12245, 887, 0, 0
15:24:50, 1068.60, 28.72, 28.13, 28.734, 1063, 1366, 2341, 2906, 3423, 4039, 3702, 3994, 8532, 646, 0, 0, 632, 1093, 2477, 4296, 6637, 5962, 5274, 4041, 13165, 951, 0, 0
15:24:50, 1057.70, 28.73, 28.14, 28.750, 1396, 1799, 2884, 3917, 3621, 4560, 4313, 4662, 10595, 1100, 0, 0, 717, 1248, 2788, 4781, 7249, 6511, 5794, 4472, 15007, 1093, 0, 0
15:24:51, 1048.20, 28.74, 28.11, 28.750, 1165, 1647, 2421, 3374, 3033, 3553, 3732, 3758, 10846, 1128, 0, 0, 760, 1335, 2900, 4894, 7062, 6319, 5608, 4341, 14404, 1044, 0, 0
15:24:52, 1042.30, 28.75, 28.14, 28.781, 1219, 1616, 2451, 3046, 3692, 4808, 4316, 5169, 11035, 1325, 0, 0, 748, 1322, 2881, 4857, 7138, 6376, 5660, 4407, 14860, 1068, 0, 0
15:24:52, 1031.30, 28.76, 28.16, 28.820, 1223, 1721, 2448, 3165, 3629, 4234, 4426, 4954, 13401, 1923, 0, 0, 824, 1458, 3083, 5103, 7275, 6498, 5797, 4560, 15646, 1154, 0, 0
15:24:53, 1023.50, 28.77, 28.13, 28.820, 1764, 2037, 2697, 4230, 5084, 9918, 10090, 8683, 26698, 3700, 0, 0, 868, 1543, 3237, 5316, 7685, 6844, 6129, 4840, 16771, 1244, 0, 0
15:24:54, 1018.20, 28.79, 28.11, 28.859, 10597, 17167, 21926, 22855, 31968, 33211, 33855, 34595, 36000, 26403, 1, 1, 803, 1425, 2929, 4766, 7412, 6631, 5959, 4761, 17026, 1270, 0, 0
15:24:54, 1019.80, 28.80, 28.11, 28.883, 3038, 7199, 6049, 17654, 19395, 19257, 29501, 22385, 36000, 36000, 1, 1, 839, 1490, 3083, 5063, 7329, 6557, 5815, 4604, 16756, 1219, 0, 0
15:24:55, 1019.80, 28.82, 28.14, 28.883, 6882, 12303, 17113, 17669, 31776, 32519, 32034, 34626, 36000, 30925, 1, 1, 822, 1450, 2959, 4792, 6786, 6094, 5370, 4307, 15741, 1141, 0, 0
15:24:56, 1017.90, 28.83, 28.11, 28.898, 2765, 8655, 11734, 17101, 17913, 10522, 28006, 14682, 36000, 36000, 1, 1, 903, 1592, 3240, 5246, 7397, 6637, 5863, 4736, 17087, 1236, 0, 0
15:24:56, 1019.00, 28.84, 28.11, 28.906, 5392, 10832, 13290, 15257, 19139, 16598, 23343, 19606, 36000, 34824, 1, 1, 874, 1535, 3134, 5014, 7401, 6621, 5856, 4746, 16760, 1209, 0, 0
15:24:57, 1018.10, 28.85, 28.16, 28.906, 7484, 5801, 13312, 8449, 35740, 26263, 24753, 28557, 36000, 36000, 1, 1, 884, 1542, 3152, 5061, 7230, 6431, 5704, 4576, 15618, 1171, 0, 0
15:24:58, 1019.70, 28.85, 28.16, 28.906, 8646, 11584, 12931, 24633, 17636, 15219, 17792, 23601, 33220, 14695, 0, 1, 775, 1379, 2882, 4746, 6681, 5958, 5283, 4165, 13109, 959, 0, 0
15:24:58, 1013.90, 28.85, 28.13, 28.914, 21419, 26106, 29332, 29023, 18946, 19348, 20763, 23423, 19437, 4153, 0, 0, 801, 1403, 2952, 4874, 6961, 6222, 5470, 4315, 13195, 966, 0, 0
15:24:59, 1014.10, 28.84, 28.18, 28.914, 8024, 15372, 16877, 29619, 22815, 25087, 22622, 32866, 17350, 6536, 0, 1, 4549, 7617, 11342, 14870, 27608, 27987, 29017, 32572, 36000, 12633, 1, 1
15:25:00, 1013.50, 28.84, 28.16, 28.891, 9495, 15871, 20186, 21628, 28707, 27494, 33729, 36000, 36000, 35945, 1, 1, 21355, 32985, 36000, 36000, 36000, 36000, 36000, 36000, 36000, 36000, 1, 1
