Secchi Depth (cm) = 9999
Forel Ule Scale = 99
pH Colour Scale = 99
SensingSecchi S/N = A017
Latitude (degs N) = 34.22124
Longitude (degs E) = -77.97832
Date = 2026-07-02
Time (UTC), Pressure (mbar) MS5803, Temp (deg C) MS5803, Temp (deg C) 10KTHERM, Temp (deg C) TMP117, ED 415nm, ED 445nm, ED 480nm, ED 515nm, ED 555nm, ED 590nm, ED 630nm, ED 680nm, ED Clear, ED NIR, ED D-SAT, ED A-SAT, EU 415nm, EU 445nm, EU 480nm, EU 515nm, EU 555nm, EU 590nm, EU 630nm, EU 680nm, EU Clear, EU NIR, EU D-SAT, EU A-SAT
16:26:25, 1011.40, 33.52, 35.71, 32.773, 492, 711, 934, 1118, 1198, 1366, 1692, 1836, 7135, 2754, 0, 0, 4071, 5138, 6634, 8456, 9054, 12370, 15786, 20349, 36000, 32513, 1, 1
16:26:25, 1011.40, 33.52, 35.67, 32.773, 478, 693, 906, 1087, 1162, 1325, 1636, 1771, 6897, 2658, 0, 0, 4058, 5118, 6606, 8419, 9000, 12299, 15701, 20260, 36000, 32403, 1, 1
16:26:26, 1011.50, 33.52, 35.71, 32.750, 479, 691, 906, 1092, 1166, 1358, 1672, 1824, 6904, 2737, 0, 0, 4040, 5097, 6576, 8378, 8937, 12207, 15616, 20141, 36000, 32290, 1, 1
16:26:27, 1011.50, 33.52, 35.67, 32.750, 477, 688, 905, 1079, 1163, 1331, 1653, 1794, 6936, 2663, 0, 0, 3974, 5028, 6518, 8253, 9310, 12272, 15699, 19935, 36000, 32079, 1, 1
16:26:27, 1011.30, 33.52, 35.71, 32.750, 964, 1482, 1982, 2312, 2473, 2471, 2785, 2842, 14336, 3654, 0, 0, 9460, 15139, 20583, 26440, 36000, 36000, 36000, 36000, 36000, 36000, 1, 1
16:26:28, 1011.30, 33.51, 35.69, 32.766, 6211, 11686, 14626, 19550, 36000, 36000, 36000, 36000, 36000, 33780, 1, 1, 5765, 8374, 12816, 15507, 28451, 29661, 33676, 33802, 36000, 35642, 1, 1
16:26:29, 1011.20, 33.52, 35.69, 32.797, 7777, 15666, 20480, 27645, 4285, 4555, 4923, 4828, 18123, 4399, 0, 0, 3356, 4890, 7088, 9727, 11463, 11682, 15035, 14885, 27908, 7921, 0, 0
16:26:29, 1017.00, 33.52, 35.65, 32.797, 11956, 22756, 34353, 31751, 36000, 36000, 36000, 36000, 36000, 36000, 1, 1, 1861, 3259, 4853, 6127, 3153, 3602, 3900, 3861, 9801, 1185, 0, 0
16:26:30, 1020.30, 33.51, 35.65, 32.750, 12250, 25834, 30969, 36000, 36000, 36000, 36000, 36000, 36000, 36000, 1, 1, 321, 422, 844, 1597, 2823, 3317, 3568, 3467, 8863, 904, 0, 0
16:26:31, 1024.20, 33.50, 35.63, 32.000, 8955, 12728, 16138, 18906, 29767, 30339, 31898, 31775, 36000, 31574, 1, 1, 348, 458, 919, 1745, 3198, 3747, 4044, 3946, 9597, 950, 0, 0
16:26:31, 1026.10, 33.48, 35.63, 32.000, 9779, 17524, 24528, 26694, 18321, 19683, 19523, 23618, 36000, 17780, 1, 1, 322, 413, 840, 1650, 3288, 3881, 4194, 4063, 9745, 917, 0, 0
16:26:32, 1027.70, 33.45, 35.61, 31.523, 4618, 6594, 10544, 11712, 22636, 30158, 36000, 34816, 36000, 35766, 1, 1, 329, 428, 863, 1663, 3003, 3547, 3837, 3701, 8985, 866, 0, 0
16:26:33, 1029.20, 33.42, 35.61, 31.297, 9767, 18644, 24516, 30662, 26181, 29103, 31446, 31088, 36000, 23280, 1, 1, 271, 337, 697, 1411, 2659, 3168, 3436, 3253, 7919, 741, 0, 0
16:26:33, 1027.90, 33.40, 35.57, 31.297, 7858, 14048, 18820, 28744, 23314, 29639, 35225, 33177, 36000, 28078, 1, 1, 290, 373, 760, 1496, 2792, 3307, 3607, 3454, 8600, 819, 0, 0
16:26:34, 1029.20, 33.37, 35.53, 31.133, 10255, 16571, 21467, 24503, 34353, 34678, 35278, 35623, 36000, 31140, 1, 1, 249, 308, 636, 1310, 2660, 3159, 3463, 3257, 7886, 747, 0, 0
16:26:35, 1028.40, 33.33, 35.55, 31.055, 6316, 12400, 17860, 21956, 33132, 34033, 33683, 35886, 36000, 30274, 1, 1, 273, 345, 707, 1418, 2768, 3281, 3588, 3410, 8352, 784, 0, 0
16:26:35, 1025.70, 33.31, 35.53, 31.055, 5683, 11767, 15097, 17834, 13972, 13647, 17552, 21828, 36000, 24683, 1, 1, 313, 408, 823, 1610, 3004, 3529, 3863, 3697, 9129, 870, 0, 0
16:26:36, 1024.70, 33.28, 35.49, 30.992, 8753, 15986, 22245, 23660, 25959, 26876, 27359, 31976, 36000, 26753, 1, 1, 298, 388, 785, 1547, 2987, 3505, 3843, 3657, 8991, 867, 0, 0
16:26:37, 1022.50, 33.25, 35.53, 30.969, 6271, 12854, 19669, 20154, 21761, 22660, 23902, 29327, 36000, 25227, 1, 1, 304, 397, 807, 1580, 3066, 3574, 3920, 3761, 9201, 905, 0, 0
16:26:37, 1021.60, 33.23, 35.55, 30.969, 3046, 7432, 6664, 19178, 22705, 23691, 30569, 33216, 36000, 35299, 1, 1, 317, 415, 841, 1637, 2958, 3467, 3782, 3612, 8431, 851, 0, 0
16:26:38, 1021.70, 33.21, 35.49, 30.937, 6800, 14352, 20013, 20152, 34174, 32958, 35610, 35910, 36000, 27013, 1, 1, 267, 330, 678, 1357, 2669, 3149, 3402, 3255, 7156, 732, 0, 0
16:26:39, 1022.30, 33.19, 35.49, 30.937, 5154, 10473, 13616, 15387, 25456, 22204, 26569, 30343, 35785, 14317, 0, 1, 261, 319, 657, 1330, 2620, 3118, 3366, 3170, 6328, 634, 0, 0
16:26:39, 1021.40, 33.17, 35.47, 30.937, 3808, 6931, 10011, 11939, 21160, 21716, 26514, 25827, 33489, 8399, 0, 1, 270, 332, 683, 1395, 2675, 3171, 3445, 3217, 6265, 611, 0, 0
16:26:40, 1024.10, 33.15, 35.47, 30.922, 1346, 2160, 2953, 3283, 4923, 5434, 5484, 6622, 13691, 2621, 0, 0, 283, 349, 718, 1465, 2753, 3248, 3535, 3304, 6870, 679, 0, 0
16:26:41, 1024.10, 33.14, 35.47, 30.930, 7005, 11516, 19519, 20297, 14113, 16442, 15714, 18592, 16169, 2984, 0, 0, 282, 340, 707, 1461, 2822, 3351, 3636, 3378, 6323, 593, 0, 0
16:26:41, 1022.50, 33.12, 35.47, 30.930, 1493, 2463, 3606, 4137, 4484, 4405, 4992, 5431, 12150, 1977, 0, 0, 279, 336, 698, 1440, 2895, 3438, 3723, 3469, 6456, 609, 0, 0
16:26:42, 1026.10, 33.10, 35.49, 30.922, 5945, 13660, 14947, 21903, 18694, 18754, 27310, 25270, 27078, 5504, 0, 0, 261, 323, 663, 1350, 2690, 3164, 3437, 3260, 7038, 705, 0, 0
16:26:43, 1025.60, 33.09, 35.46, 30.922, 5550, 11833, 15662, 18589, 11146, 13842, 11094, 16854, 16402, 3310, 0, 0, 295, 361, 750, 1519, 2790, 3315, 3595, 3361, 6629, 643, 0, 0
16:26:43, 1024.30, 33.07, 35.44, 30.922, 5229, 9434, 14363, 20056, 25165, 25351, 31900, 30906, 35147, 6236, 0, 1, 269, 318, 665, 1381, 2904, 3444, 3739, 3499, 6966, 681, 0, 0
16:26:44, 1024.50, 33.06, 35.42, 30.922, 5287, 8206, 11668, 13294, 32838, 28498, 35601, 35995, 30275, 5665, 0, 1, 255, 305, 633, 1313, 2617, 3122, 3374, 3150, 6277, 613, 0, 0
16:26:45, 1026.00, 33.04, 35.44, 30.922, 9076, 19132, 27841, 33374, 31717, 32374, 35510, 35267, 36000, 15545, 1, 1, 249, 299, 617, 1280, 2509, 2996, 3248, 3015, 5931, 576, 0, 0
16:26:45, 1026.60, 33.03, 35.44, 30.922, 6980, 14753, 20883, 32202, 22189, 22372, 25434, 24932, 26706, 5056, 0, 0, 259, 315, 653, 1350, 2652, 3148, 3424, 3190, 6517, 631, 0, 0
16:26:46, 1025.80, 33.01, 35.40, 30.922, 4309, 7002, 9953, 12139, 20133, 20707, 24597, 33535, 15745, 3200, 0, 1, 276, 334, 694, 1445, 2816, 3335, 3629, 3379, 6513, 616, 0, 0
16:26:47, 1024.10, 33.00, 35.42, 30.930, 5372, 10198, 16641, 16726, 31777, 34752, 34426, 36000, 34777, 8406, 1, 1, 276, 335, 696, 1449, 2957, 3506, 3813, 3552, 6551, 605, 0, 0
16:26:47, 1025.20, 32.99, 35.42, 30.930, 1276, 2007, 2967, 3344, 12844, 11466, 12259, 15241, 12483, 2696, 0, 0, 294, 353, 736, 1527, 2850, 3385, 3675, 3433, 6508, 617, 0, 0
16:26:48, 1023.20, 32.99, 35.42, 30.922, 9825, 16617, 23896, 28439, 24765, 27880, 31515, 30302, 36000, 14026, 1, 1, 257, 306, 636, 1317, 2694, 3207, 3478, 3251, 6482, 636, 0, 0
16:26:49, 1025.50, 32.98, 35.42, 30.930, 4974, 8115, 10444, 13224, 22848, 21495, 27659, 30837, 31314, 6101, 0, 0, 264, 322, 666, 1367, 2625, 3115, 3365, 3174, 6428, 634, 0, 0
16:26:49, 1023.60, 32.96, 35.36, 30.930, 6845, 13790, 17304, 20966, 16208, 19001, 16969, 27487, 20686, 3931, 0, 0, 287, 346, 721, 1477, 2923, 3469, 3770, 3523, 6799, 655, 0, 0
16:26:50, 1026.80, 32.96, 35.38, 30.930, 5845, 11909, 15732, 21199, 31181, 31809, 33468, 33595, 36000, 20027, 1, 1, 267, 332, 683, 1382, 2658, 3140, 3412, 3217, 6783, 674, 0, 0
16:26:51, 1024.30, 32.95, 35.40, 30.937, 12322, 15285, 21074, 31981, 28449, 28742, 31116, 30802, 33216, 11221, 0, 1, 268, 322, 672, 1388, 2723, 3231, 3517, 3278, 6349, 610, 0, 0
16:26:51, 1026.30, 32.94, 35.36, 30.937, 9636, 18035, 21170, 28129, 31098, 33901, 32347, 35271, 17390, 4495, 0, 1, 289, 347, 727, 1511, 2805, 3327, 3623, 3364, 6470, 613, 0, 0
16:26:52, 1024.10, 32.93, 35.34, 30.930, 4092, 5470, 7060, 10455, 4986, 5158, 5634, 6269, 12331, 1960, 0, 0, 285, 346, 719, 1483, 2813, 3338, 3634, 3365, 6413, 607, 0, 0
16:26:52, 1024.10, 32.92, 35.38, 30.930, 1799, 3074, 4938, 5150, 11308, 12485, 13119, 13660, 26880, 5800, 0, 0, 271, 334, 691, 1414, 2672, 3163, 3450, 3206, 6358, 615, 0, 0
16:26:53, 1023.20, 32.91, 35.40, 30.930, 4309, 7938, 9780, 12271, 14933, 13300, 17711, 20108, 17571, 3707, 0, 0, 274, 334, 693, 1418, 2694, 3197, 3476, 3250, 6330, 618, 0, 0
16:26:54, 1022.70, 32.90, 35.32, 30.930, 8086, 13158, 18709, 22121, 34075, 34049, 35654, 36000, 36000, 14782, 1, 1, 259, 315, 653, 1343, 2730, 3234, 3519, 3300, 6374, 617, 0, 0
16:26:54, 1022.00, 32.90, 35.34, 30.930, 4611, 10032, 13638, 16801, 35863, 35931, 36000, 36000, 36000, 24395, 1, 1, 269, 330, 681, 1395, 2671, 3167, 3450, 3212, 6324, 618, 0, 0
16:26:55, 1025.10, 32.89, 35.38, 30.930, 3108, 5514, 7028, 8685, 11152, 12697, 13358, 17413, 14997, 2941, 0, 0, 279, 341, 706, 1449, 2780, 3282, 3579, 3346, 6728, 658, 0, 0
16:26:56, 1024.20, 32.88, 35.36, 30.930, 16468, 20996, 27907, 31193, 30803, 32067, 34150, 33120, 34768, 11140, 0, 1, 269, 321, 670, 1399, 2829, 3365, 3663, 3402, 6433, 606, 0, 0
16:26:56, 1027.40, 32.88, 35.34, 30.930, 4278, 7638, 10662, 13913, 21487, 21691, 25600, 26236, 26086, 5039, 0, 0, 259, 310, 647, 1349, 2602, 3102, 3370, 3130, 6266, 607, 0, 0
16:26:57, 1025.20, 32.87, 35.36, 30.937, 4676, 9334, 12892, 16499, 24415, 22496, 29908, 35531, 30520, 5031, 0, 1, 259, 311, 650, 1351, 2614, 3113, 3388, 3155, 6087, 584, 0, 0
16:26:58, 1026.80, 32.86, 35.34, 30.930, 6161, 13483, 17913, 24062, 29297, 30347, 33526, 33209, 34774, 9232, 0, 1, 257, 314, 651, 1346, 2628, 3114, 3393, 3170, 6389, 620, 0, 0
16:26:58, 1021.50, 32.85, 35.36, 30.930, 4797, 11744, 15386, 23471, 8583, 9272, 12959, 12892, 34979, 6914, 0, 1, 276, 339, 701, 1435, 2817, 3322, 3634, 3380, 6271, 594, 0, 0
16:26:59, 1019.50, 32.84, 35.32, 30.937, 1540, 2585, 3712, 4192, 8029, 8636, 8755, 9412, 18609, 3966, 0, 0, 283, 352, 724, 1475, 2742, 3235, 3546, 3289, 5883, 548, 0, 0
16:27:00, 1023.30, 32.84, 35.30, 30.937, 6243, 15657, 18353, 29679, 11777, 13803, 15455, 15419, 10038, 2587, 0, 0, 232, 285, 589, 1234, 2195, 2628, 2857, 2608, 4492, 397, 0, 0
16:27:00, 1021.00, 32.83, 35.34, 30.937, 441, 848, 1064, 1366, 1207, 1146, 1354, 1522, 3453, 637, 0, 0, 187, 218, 457, 982, 1840, 2222, 2394, 2158, 3460, 296, 0, 0
16:27:01, 1019.50, 32.82, 35.36, 30.937, 462, 744, 1048, 1282, 5891, 5162, 7737, 9400, 5133, 1307, 0, 0, 265, 325, 673, 1391, 2540, 3024, 3289, 3049, 5231, 462, 0, 0
16:27:02, 1019.70, 32.81, 35.32, 30.930, 11102, 22611, 26440, 31398, 36000, 36000, 36000, 36000, 36000, 24917, 1, 1, 265, 334, 683, 1398, 2416, 2870, 3131, 2895, 5266, 487, 0, 0
16:27:02, 1022.40, 32.81, 35.32, 30.930, 6996, 15125, 16737, 23150, 22558, 30513, 27544, 34228, 21519, 5773, 0, 1, 266, 331, 682, 1395, 2521, 2968, 3254, 3041, 5986, 589, 0, 0
16:27:03, 1023.50, 32.81, 35.28, 30.937, 6791, 14922, 20772, 27217, 4707, 4766, 5469, 6014, 14694, 2533, 0, 0, 271, 332, 687, 1419, 2839, 3338, 3654, 3432, 6914, 681, 0, 0
16:27:04, 1022.70, 32.80, 35.30, 30.930, 6789, 12828, 17174, 24736, 9287, 13502, 10478, 13816, 14590, 3056, 0, 0, 277, 345, 708, 1440, 2711, 3199, 3501, 3263, 6319, 613, 0, 0
16:27:04, 1026.70, 32.80, 35.32, 30.930, 5517, 10172, 17456, 17811, 15371, 15822, 16803, 18175, 27804, 8782, 0, 0, 264, 315, 661, 1391, 2753, 3277, 3576, 3317, 6240, 583, 0, 0
16:27:05, 1022.30, 32.79, 35.34, 30.937, 4653, 7672, 9860, 12795, 23490, 23337, 23156, 28540, 13241, 3263, 0, 0, 314, 384, 800, 1636, 3063, 3619, 3949, 3703, 6874, 646, 0, 0
16:27:06, 1021.70, 32.79, 35.32, 30.945, 5318, 9865, 12144, 15587, 15181, 16480, 15940, 23777, 15037, 2743, 0, 0, 283, 349, 727, 1493, 2846, 3365, 3679, 3450, 5936, 525, 0, 0
16:27:06, 1021.00, 32.78, 35.34, 30.945, 5886, 12053, 14754, 21986, 24556, 25019, 30366, 32333, 32978, 6606, 0, 1, 250, 305, 630, 1316, 2590, 3071, 3366, 3103, 5523, 507, 0, 0
16:27:07, 1023.20, 32.78, 35.34, 30.945, 2723, 4287, 5895, 7785, 31331, 32251, 31642, 31073, 34264, 9100, 0, 1, 267, 342, 699, 1406, 2782, 3235, 3559, 3358, 7315, 746, 0, 0
16:27:08, 1027.10, 32.77, 35.28, 30.953, 15055, 18663, 20597, 29521, 27453, 29743, 28489, 29933, 28851, 6792, 0, 0, 253, 308, 639, 1329, 2579, 3040, 3337, 3100, 6377, 625, 0, 0
16:27:08, 1032.50, 32.77, 35.26, 30.953, 10199, 15712, 22061, 30909, 32055, 33725, 34838, 35349, 36000, 13637, 1, 1, 217, 253, 533, 1149, 2319, 2787, 3050, 2785, 5056, 461, 0, 0
16:27:09, 1036.50, 32.76, 35.32, 30.953, 4138, 5831, 9010, 13343, 11783, 12310, 14671, 15785, 30517, 4002, 0, 0, 217, 251, 527, 1142, 2231, 2684, 2930, 2691, 5412, 505, 0, 0
16:27:10, 1039.20, 32.75, 35.26, 30.961, 4222, 6638, 10720, 17183, 15011, 17598, 19954, 23583, 18054, 2201, 0, 0, 232, 253, 538, 1199, 2616, 3172, 3467, 3154, 5805, 530, 0, 0
16:27:10, 1042.60, 32.74, 35.30, 30.961, 2713, 4253, 6921, 9656, 21963, 22224, 28758, 32281, 22596, 2753, 0, 0, 203, 219, 465, 1043, 2151, 2631, 2848, 2607, 5150, 474, 0, 0
16:27:11, 1048.10, 32.74, 35.28, 30.961, 4053, 7609, 12932, 18496, 19533, 18649, 22257, 29994, 36000, 8360, 1, 1, 192, 211, 449, 994, 2053, 2531, 2745, 2492, 5023, 459, 0, 0
16:27:12, 1055.90, 32.72, 35.30, 30.977, 1444, 1676, 3064, 5229, 6989, 10296, 10704, 11718, 20217, 1922, 0, 0, 184, 190, 403, 937, 1914, 2383, 2599, 2336, 4899, 436, 0, 0
16:27:12, 1058.80, 32.72, 35.30, 30.977, 2472, 4375, 8484, 13381, 13421, 14533, 17394, 20800, 36000, 4093, 1, 1, 177, 182, 381, 900, 1990, 2493, 2728, 2438, 5146, 456, 0, 0
16:27:13, 1064.80, 32.71, 35.30, 30.961, 1493, 2648, 5060, 8061, 12964, 13781, 16910, 20030, 34248, 2960, 0, 1, 157, 155, 324, 779, 1702, 2150, 2341, 2087, 4202, 370, 0, 0
16:27:14, 1068.30, 32.71, 35.28, 30.977, 1963, 3011, 6072, 11290, 14303, 16182, 20301, 21628, 35330, 3369, 0, 1, 151, 144, 295, 730, 1931, 2467, 2709, 2378, 4613, 413, 0, 0
16:27:14, 1077.90, 32.70, 35.28, 30.977, 831, 816, 1744, 2961, 7844, 9131, 10804, 12500, 13758, 1121, 0, 0, 125, 115, 231, 586, 1452, 1880, 2046, 1797, 3555, 309, 0, 0
16:27:15, 1079.30, 32.70, 35.26, 30.945, 1184, 1735, 3674, 7104, 9057, 10501, 13179, 14277, 19523, 1490, 0, 0, 130, 118, 233, 596, 1589, 2075, 2281, 1967, 3754, 331, 0, 0
16:27:16, 1085.30, 32.69, 35.28, 30.930, 765, 901, 1836, 3461, 7188, 8430, 10185, 11441, 14786, 1130, 0, 0, 114, 102, 199, 513, 1297, 1708, 1860, 1608, 3175, 275, 0, 0
16:27:16, 1087.50, 32.68, 35.26, 30.930, 951, 1368, 2927, 5820, 9680, 12042, 14545, 14745, 29029, 2138, 0, 0, 109, 97, 188, 488, 1278, 1695, 1853, 1592, 3152, 273, 0, 0
16:27:17, 1092.70, 32.67, 35.28, 30.898, 693, 840, 1691, 3346, 5402, 6643, 7689, 8645, 11641, 878, 0, 0, 108, 94, 179, 469, 1221, 1633, 1789, 1524, 2954, 256, 0, 0
16:27:18, 1097.30, 32.66, 35.22, 30.844, 743, 996, 2125, 4424, 8074, 9980, 12441, 12533, 21903, 1600, 0, 0, 96, 84, 159, 419, 1121, 1505, 1643, 1402, 2811, 241, 0, 0
16:27:18, 1098.20, 32.65, 35.28, 30.844, 553, 687, 1425, 2992, 3876, 5007, 5698, 6130, 9493, 716, 0, 0, 113, 97, 182, 478, 1325, 1787, 1973, 1661, 3241, 286, 0, 0
16:27:19, 1101.30, 32.64, 35.28, 30.758, 354, 328, 695, 1467, 2530, 3339, 3613, 3852, 5783, 452, 0, 0, 107, 91, 168, 443, 1219, 1653, 1826, 1533, 2889, 253, 0, 0
16:27:20, 1105.50, 32.64, 35.22, 30.687, 434, 471, 975, 2074, 4686, 5810, 7076, 7335, 9265, 676, 0, 0, 87, 74, 135, 361, 1026, 1400, 1537, 1297, 2517, 217, 0, 0
16:27:20, 1104.90, 32.63, 35.24, 30.687, 558, 673, 1448, 3242, 6018, 7495, 9381, 9333, 14237, 1027, 0, 0, 88, 74, 135, 361, 1037, 1418, 1560, 1310, 2523, 218, 0, 0
16:27:21, 1107.90, 32.62, 35.24, 30.617, 403, 412, 866, 1837, 3450, 4371, 4959, 5442, 6834, 509, 0, 0, 90, 76, 138, 366, 1017, 1396, 1537, 1288, 2443, 212, 0, 0
16:27:22, 1110.90, 32.61, 35.24, 30.555, 472, 561, 1172, 2680, 5563, 7028, 8625, 8540, 13462, 966, 0, 0, 85, 72, 131, 350, 999, 1370, 1507, 1273, 2526, 216, 0, 0
16:27:22, 1111.40, 32.60, 35.24, 30.555, 451, 537, 1124, 2550, 4316, 5348, 6560, 6860, 9605, 685, 0, 0, 87, 73, 131, 350, 1036, 1429, 1586, 1326, 2525, 219, 0, 0
16:27:23, 1114.60, 32.59, 35.24, 30.484, 339, 326, 677, 1509, 2996, 3858, 4416, 4683, 6886, 499, 0, 0, 83, 69, 123, 328, 947, 1313, 1453, 1212, 2332, 201, 0, 0
16:27:24, 1114.00, 32.58, 35.24, 30.414, 434, 504, 1058, 2423, 4919, 6207, 7711, 7749, 12097, 855, 0, 0, 80, 68, 120, 321, 950, 1316, 1455, 1216, 2360, 204, 0, 0
16:27:24, 1114.40, 32.57, 35.24, 30.414, 409, 476, 993, 2289, 4733, 5980, 7465, 7420, 11267, 805, 0, 0, 78, 66, 117, 311, 950, 1319, 1462, 1222, 2349, 202, 0, 0
16:27:25, 1116.40, 32.55, 35.26, 30.367, 290, 272, 570, 1284, 3052, 3891, 4514, 4745, 6454, 468, 0, 0, 79, 65, 115, 308, 925, 1289, 1430, 1186, 2224, 192, 0, 0
16:27:26, 1122.10, 32.54, 35.22, 30.336, 277, 246, 514, 1137, 2548, 3278, 3744, 3946, 5064, 373, 0, 0, 77, 64, 110, 296, 856, 1199, 1325, 1099, 2115, 183, 0, 0
16:27:26, 1123.90, 32.53, 35.24, 30.336, 362, 401, 827, 2056, 4069, 5299, 6422, 6207, 11927, 832, 0, 0, 71, 58, 101, 270, 837, 1180, 1310, 1083, 2038, 176, 0, 0
16:27:27, 1121.90, 32.51, 35.24, 30.305, 255, 238, 490, 1124, 1935, 2494, 2818, 2879, 3979, 294, 0, 0, 83, 68, 117, 313, 996, 1397, 1562, 1283, 2250, 197, 0, 0
16:27:28, 1121.20, 32.49, 35.18, 30.281, 203, 180, 375, 844, 1816, 2329, 2628, 2687, 3491, 263, 0, 0, 86, 71, 122, 327, 955, 1339, 1493, 1227, 2163, 188, 0, 0
16:27:28, 1122.40, 32.48, 35.22, 30.281, 214, 192, 403, 905, 2289, 2942, 3340, 3546, 4633, 339, 0, 0, 75, 62, 106, 284, 856, 1204, 1337, 1106, 2098, 181, 0, 0
16:27:29, 1127.60, 32.46, 35.20, 30.281, 300, 295, 600, 1361, 3206, 4068, 5001, 5177, 6896, 488, 0, 0, 70, 58, 99, 265, 832, 1172, 1297, 1076, 2106, 180, 0, 0
16:27:30, 1128.10, 32.45, 35.24, 30.250, 311, 334, 677, 1617, 3062, 3906, 4791, 4970, 6868, 483, 0, 0, 69, 57, 97, 258, 798, 1133, 1261, 1038, 1952, 169, 0, 0
16:27:30, 1129.80, 32.44, 35.24, 30.250, 211, 188, 383, 889, 2091, 2738, 3140, 3256, 4544, 327, 0, 0, 70, 57, 96, 257, 819, 1167, 1308, 1073, 1968, 171, 0, 0
16:27:31, 1129.00, 32.43, 35.20, 30.164, 145, 126, 255, 615, 1288, 1681, 1893, 1852, 2590, 197, 0, 0, 82, 67, 113, 301, 880, 1249, 1403, 1149, 2002, 175, 0, 0
16:27:32, 1130.50, 32.42, 35.22, 30.164, 190, 171, 349, 806, 1866, 2400, 2759, 2812, 3617, 267, 0, 0, 72, 58, 98, 261, 790, 1126, 1257, 1030, 1857, 161, 0, 0
16:27:32, 1136.00, 32.40, 35.24, 30.125, 197, 182, 369, 858, 1891, 2432, 2825, 2866, 3653, 268, 0, 0, 67, 55, 91, 243, 724, 1038, 1159, 947, 1763, 152, 0, 0
16:27:33, 1137.20, 32.39, 35.18, 30.078, 258, 267, 523, 1355, 3117, 4109, 5040, 4835, 8274, 573, 0, 0, 61, 50, 82, 219, 697, 1002, 1119, 917, 1755, 151, 0, 0
16:27:34, 1136.30, 32.38, 35.20, 30.078, 205, 191, 380, 913, 1699, 2247, 2556, 2590, 3667, 266, 0, 0, 69, 56, 93, 247, 810, 1162, 1313, 1070, 1883, 165, 0, 0
16:27:34, 1133.90, 32.37, 35.22, 29.984, 197, 169, 337, 799, 1654, 2198, 2493, 2528, 3515, 257, 0, 0, 72, 58, 97, 257, 843, 1207, 1363, 1110, 1973, 173, 0, 0
16:27:35, 1135.60, 32.35, 35.20, 29.945, 168, 143, 288, 679, 1602, 2116, 2387, 2424, 3273, 242, 0, 0, 70, 57, 95, 251, 786, 1129, 1271, 1036, 1823, 159, 0, 0
16:27:36, 1141.00, 32.34, 35.22, 29.945, 181, 160, 319, 762, 2064, 2708, 3211, 3243, 4325, 308, 0, 0, 59, 48, 78, 207, 664, 960, 1076, 879, 1655, 143, 0, 0
16:27:36, 1143.10, 32.33, 35.20, 29.883, 243, 249, 489, 1233, 2627, 3429, 4228, 4165, 6109, 427, 0, 0, 57, 47, 76, 202, 655, 950, 1065, 872, 1682, 144, 0, 0
16:27:37, 1142.70, 32.31, 35.22, 29.820, 219, 225, 443, 1101, 2137, 2802, 3398, 3383, 4742, 333, 0, 0, 60, 48, 78, 206, 713, 1035, 1174, 954, 1643, 143, 0, 0
16:27:38, 1140.00, 32.30, 35.16, 29.820, 137, 122, 238, 572, 1393, 1822, 2114, 2090, 2731, 201, 0, 0, 66, 54, 87, 230, 770, 1114, 1264, 1027, 1738, 151, 0, 0
16:27:38, 1142.40, 32.28, 35.20, 29.750, 130, 114, 225, 542, 1418, 1856, 2142, 2134, 2864, 210, 0, 0, 65, 53, 86, 227, 715, 1037, 1175, 957, 1660, 144, 0, 0
16:27:39, 1146.80, 32.27, 35.18, 29.695, 174, 161, 313, 758, 1904, 2508, 3028, 3019, 4174, 295, 0, 0, 54, 44, 71, 186, 616, 901, 1019, 829, 1542, 134, 0, 0
16:27:40, 1150.20, 32.25, 35.18, 29.695, 177, 166, 319, 777, 1753, 2320, 2791, 2801, 3770, 266, 0, 0, 54, 44, 69, 181, 606, 891, 1010, 820, 1450, 126, 0, 0
16:27:40, 1149.00, 32.24, 35.20, 29.641, 138, 130, 246, 609, 1391, 1825, 2195, 2117, 2784, 200, 0, 0, 62, 50, 79, 207, 743, 1085, 1239, 1009, 1592, 138, 0, 0
16:27:41, 1148.00, 32.22, 35.20, 29.586, 138, 135, 254, 638, 1531, 2004, 2480, 2342, 3168, 224, 0, 0, 60, 49, 78, 203, 716, 1046, 1194, 970, 1564, 136, 0, 0
16:27:42, 1146.50, 32.21, 35.20, 29.586, 130, 112, 216, 525, 1288, 1719, 1975, 1971, 2647, 195, 0, 0, 61, 49, 79, 205, 680, 995, 1134, 920, 1619, 142, 0, 0
16:27:42, 1148.00, 32.19, 35.16, 29.547, 139, 118, 228, 562, 1635, 2201, 2556, 2577, 3635, 260, 0, 0, 54, 44, 70, 183, 607, 892, 1011, 824, 1519, 131, 0, 0
16:27:43, 1148.90, 32.17, 35.20, 29.547, 234, 238, 463, 1168, 2825, 3795, 4655, 4591, 8109, 566, 0, 0, 57, 47, 76, 200, 670, 976, 1097, 903, 1784, 152, 0, 0
16:27:44, 1145.60, 32.15, 35.18, 29.547, 212, 220, 429, 1081, 1972, 2629, 3199, 3150, 5945, 425, 0, 0, 60, 49, 80, 209, 704, 1030, 1170, 959, 1892, 164, 0, 0
16:27:44, 1142.40, 32.14, 35.20, 29.555, 114, 101, 190, 492, 1016, 1384, 1573, 1482, 2653, 199, 0, 0, 77, 63, 103, 268, 889, 1291, 1479, 1208, 2210, 197, 0, 0
16:27:45, 1146.00, 32.13, 35.18, 29.594, 92, 77, 145, 368, 819, 1119, 1248, 1179, 1874, 143, 0, 0, 78, 63, 102, 266, 781, 1140, 1308, 1063, 1824, 161, 0, 0
16:27:46, 1152.00, 32.12, 35.20, 29.594, 114, 96, 182, 447, 1101, 1483, 1693, 1657, 2276, 168, 0, 0, 58, 47, 74, 191, 625, 925, 1060, 859, 1476, 129, 0, 0
16:27:46, 1155.50, 32.10, 35.16, 29.523, 149, 131, 246, 611, 1764, 2392, 2866, 2852, 3975, 281, 0, 0, 48, 39, 61, 156, 534, 795, 903, 734, 1378, 119, 0, 0
16:27:47, 1151.80, 32.09, 35.18, 29.445, 195, 195, 377, 961, 2305, 3106, 3797, 3723, 6291, 441, 0, 0, 50, 40, 64, 167, 573, 848, 966, 789, 1509, 130, 0, 0
16:27:48, 1151.00, 32.08, 35.18, 29.445, 135, 119, 221, 566, 1043, 1435, 1651, 1571, 2721, 201, 0, 0, 63, 51, 82, 211, 698, 1031, 1187, 966, 1790, 158, 0, 0
16:27:48, 1150.90, 32.06, 35.16, 29.406, 87, 73, 134, 344, 812, 1128, 1270, 1206, 1964, 149, 0, 0, 68, 55, 87, 225, 735, 1086, 1256, 1018, 1784, 158, 0, 0
16:27:49, 1153.00, 32.05, 35.16, 29.383, 81, 68, 125, 321, 893, 1230, 1391, 1336, 2081, 155, 0, 0, 58, 47, 74, 191, 658, 976, 1127, 916, 1618, 142, 0, 0
16:27:50, 1158.70, 32.04, 35.20, 29.383, 140, 120, 220, 557, 1393, 1917, 2247, 2211, 3440, 247, 0, 0, 51, 41, 65, 166, 536, 802, 919, 747, 1412, 122, 0, 0
16:27:50, 1158.20, 32.02, 35.16, 29.336, 182, 181, 339, 881, 2237, 3067, 3784, 3699, 6499, 454, 0, 0, 46, 37, 58, 148, 511, 765, 871, 711, 1381, 118, 0, 0
16:27:51, 1157.00, 32.01, 35.18, 29.312, 152, 141, 257, 663, 1257, 1739, 2036, 1979, 3272, 235, 0, 0, 53, 43, 68, 173, 613, 915, 1057, 857, 1538, 135, 0, 0
16:27:52, 1155.40, 31.99, 35.18, 29.312, 86, 71, 128, 325, 776, 1078, 1220, 1163, 1709, 128, 0, 0, 62, 50, 78, 199, 687, 1020, 1186, 958, 1615, 143, 0, 0
16:27:52, 1164.70, 31.98, 35.12, 29.297, 94, 78, 143, 360, 1086, 1493, 1729, 1695, 2340, 171, 0, 0, 45, 36, 55, 141, 470, 711, 813, 659, 1178, 102, 0, 0
16:27:53, 1164.60, 31.96, 35.14, 29.281, 156, 154, 283, 739, 1899, 2616, 3200, 3116, 6086, 430, 0, 0, 43, 34, 53, 136, 468, 708, 809, 659, 1292, 110, 0, 0
16:27:54, 1164.90, 31.95, 35.14, 29.281, 134, 131, 234, 615, 1397, 1905, 2366, 2244, 4675, 343, 0, 0, 43, 35, 54, 137, 505, 765, 879, 716, 1460, 125, 0, 0
16:27:54, 1162.50, 31.94, 35.16, 29.266, 68, 61, 105, 285, 672, 935, 1112, 994, 2108, 161, 0, 0, 56, 45, 70, 178, 618, 933, 1082, 879, 1687, 149, 0, 0
16:27:55, 1167.00, 31.92, 35.18, 29.258, 61, 51, 88, 234, 596, 844, 969, 889, 1576, 120, 0, 0, 57, 46, 71, 178, 599, 909, 1065, 858, 1500, 133, 0, 0
16:27:56, 1173.50, 31.91, 35.16, 29.258, 67, 55, 96, 242, 622, 885, 1018, 961, 1399, 105, 0, 0, 43, 34, 51, 127, 458, 706, 825, 659, 1110, 98, 0, 0
16:27:56, 1174.40, 31.90, 35.14, 29.250, 73, 61, 104, 265, 779, 1105, 1294, 1246, 1794, 131, 0, 0, 37, 30, 44, 110, 410, 635, 741, 593, 1031, 90, 0, 0
16:27:57, 1172.00, 31.89, 35.14, 29.258, 92, 79, 135, 348, 1039, 1467, 1769, 1707, 2791, 201, 0, 0, 35, 28, 42, 105, 398, 614, 710, 574, 1104, 95, 0, 0
16:27:58, 1165.00, 31.88, 35.12, 29.258, 83, 77, 130, 349, 844, 1169, 1448, 1308, 2897, 218, 0, 0, 49, 40, 61, 155, 574, 871, 1008, 827, 1710, 149, 0, 0
16:27:58, 1170.10, 31.86, 35.12, 29.250, 88, 81, 139, 373, 924, 1291, 1562, 1446, 2851, 210, 0, 0, 43, 35, 53, 133, 446, 684, 793, 643, 1228, 107, 0, 0
16:27:59, 1174.70, 31.85, 35.16, 29.250, 128, 119, 207, 537, 1540, 2152, 2680, 2623, 4211, 297, 0, 0, 35, 28, 43, 107, 410, 631, 724, 590, 1137, 98, 0, 0
16:28:00, 1174.10, 31.84, 35.16, 29.250, 131, 127, 227, 592, 1452, 2030, 2521, 2455, 3997, 282, 0, 0, 34, 27, 41, 101, 373, 578, 670, 541, 993, 86, 0, 0
16:28:00, 1171.80, 31.83, 35.14, 29.242, 85, 72, 123, 313, 692, 988, 1152, 1099, 1624, 120, 0, 0, 43, 34, 51, 127, 456, 702, 824, 662, 1109, 97, 0, 0
16:28:01, 1172.10, 31.82, 35.12, 29.250, 70, 58, 99, 250, 700, 988, 1154, 1112, 1499, 112, 0, 0, 43, 34, 51, 128, 442, 680, 796, 640, 1067, 94, 0, 0
16:28:02, 1177.50, 31.81, 35.16, 29.250, 92, 79, 137, 347, 983, 1382, 1658, 1628, 2266, 163, 0, 0, 33, 27, 39, 97, 365, 566, 655, 532, 984, 85, 0, 0
16:28:02, 1173.80, 31.80, 35.12, 29.242, 127, 122, 214, 559, 1446, 2030, 2527, 2460, 4528, 322, 0, 0, 34, 27, 41, 101, 375, 580, 672, 546, 1043, 89, 0, 0
16:28:03, 1172.30, 31.79, 35.12, 29.242, 93, 84, 143, 376, 974, 1372, 1673, 1599, 2937, 212, 0, 0, 37, 29, 44, 111, 402, 621, 723, 587, 1105, 96, 0, 0
16:28:04, 1171.60, 31.78, 35.10, 29.242, 91, 79, 135, 350, 884, 1256, 1489, 1442, 2323, 169, 0, 0, 39, 31, 47, 116, 436, 673, 789, 638, 1128, 99, 0, 0
16:28:04, 1175.90, 31.77, 35.14, 29.234, 78, 65, 112, 287, 739, 1053, 1231, 1184, 1783, 131, 0, 0, 39, 31, 47, 115, 379, 587, 686, 554, 971, 85, 0, 0
16:28:05, 1182.10, 31.76, 35.16, 29.234, 111, 103, 177, 460, 1298, 1833, 2289, 2220, 3451, 243, 0, 0, 32, 26, 38, 93, 373, 581, 672, 549, 1056, 91, 0, 0
16:28:06, 1182.30, 31.75, 35.16, 29.234, 108, 103, 176, 461, 1124, 1595, 1987, 1930, 3273, 233, 0, 0, 30, 24, 35, 85, 329, 518, 606, 489, 904, 78, 0, 0
16:28:06, 1178.20, 31.74, 35.16, 29.234, 69, 60, 99, 260, 620, 896, 1065, 993, 1744, 130, 0, 0, 37, 30, 44, 108, 409, 639, 751, 608, 1145, 101, 0, 0
16:28:07, 1178.60, 31.73, 35.12, 29.242, 55, 47, 76, 202, 523, 758, 893, 824, 1465, 111, 0, 0, 41, 33, 49, 120, 442, 690, 816, 659, 1171, 104, 0, 0
16:28:08, 1188.00, 31.73, 35.12, 29.242, 52, 42, 70, 176, 546, 796, 936, 893, 1315, 98, 0, 0, 31, 25, 36, 86, 303, 481, 567, 454, 789, 69, 0, 0
16:28:08, 1187.70, 31.72, 35.12, 29.234, 79, 71, 115, 296, 688, 998, 1203, 1165, 1718, 124, 0, 0, 30, 24, 35, 83, 322, 510, 604, 484, 831, 73, 0, 0
16:28:09, 1188.10, 31.71, 35.10, 29.234, 65, 55, 89, 224, 588, 852, 1014, 973, 1370, 101, 0, 0, 31, 25, 36, 86, 315, 499, 591, 473, 791, 69, 0, 0
16:28:10, 1192.40, 31.70, 35.12, 29.242, 77, 69, 113, 293, 834, 1198, 1478, 1416, 2029, 144, 0, 0, 25, 20, 28, 68, 262, 419, 493, 395, 714, 62, 0, 0
16:28:10, 1189.20, 31.69, 35.12, 29.234, 83, 76, 124, 323, 776, 1121, 1373, 1335, 1927, 138, 0, 0, 28, 22, 33, 77, 320, 507, 602, 481, 813, 71, 0, 0
16:28:11, 1191.90, 31.68, 35.10, 29.234, 70, 62, 100, 255, 870, 1263, 1576, 1508, 2336, 166, 0, 0, 23, 18, 27, 63, 259, 415, 491, 393, 693, 60, 0, 0
16:28:12, 1192.80, 31.67, 35.12, 29.242, 58, 49, 78, 197, 617, 893, 1083, 1037, 1399, 102, 0, 0, 25, 20, 29, 68, 257, 412, 487, 390, 675, 59, 0, 0
16:28:12, 1189.90, 31.65, 35.12, 29.242, 54, 46, 74, 187, 510, 736, 889, 834, 1101, 81, 0, 0, 30, 24, 34, 82, 301, 479, 569, 455, 738, 65, 0, 0
16:28:13, 1197.60, 31.64, 35.10, 29.242, 63, 55, 90, 225, 677, 975, 1191, 1145, 1592, 114, 0, 0, 23, 18, 26, 63, 244, 393, 463, 373, 692, 60, 0, 0
16:28:14, 1201.50, 31.62, 35.08, 29.234, 79, 74, 119, 312, 897, 1320, 1666, 1604, 2909, 208, 0, 0, 22, 18, 25, 59, 229, 370, 437, 352, 656, 56, 0, 0
16:28:14, 1198.60, 31.62, 35.12, 29.242, 66, 61, 95, 249, 667, 976, 1224, 1167, 2065, 150, 0, 0, 22, 18, 25, 59, 247, 399, 475, 382, 728, 63, 0, 0
16:28:15, 1195.00, 31.61, 35.14, 29.242, 45, 40, 62, 164, 429, 625, 778, 694, 1501, 115, 0, 0, 30, 24, 35, 84, 329, 527, 624, 508, 1026, 90, 0, 0
16:28:16, 1205.10, 31.60, 35.10, 29.234, 55, 50, 78, 204, 776, 1134, 1430, 1373, 2440, 176, 0, 0, 21, 16, 23, 54, 226, 368, 434, 351, 623, 54, 0, 0
16:28:16, 1208.50, 31.59, 35.12, 29.242, 61, 56, 87, 228, 660, 973, 1224, 1174, 1966, 142, 0, 0, 18, 14, 20, 47, 191, 313, 373, 298, 538, 46, 0, 0
16:28:17, 1210.90, 31.59, 35.08, 29.242, 56, 51, 77, 198, 600, 895, 1127, 1075, 1657, 118, 0, 0, 17, 13, 19, 43, 180, 296, 353, 282, 498, 43, 0, 0
16:28:18, 1213.00, 31.59, 35.10, 29.234, 45, 39, 59, 147, 415, 624, 765, 731, 1021, 75, 0, 0, 19, 15, 21, 48, 193, 319, 383, 304, 504, 44, 0, 0
16:28:18, 1218.20, 31.58, 35.10, 29.234, 50, 46, 69, 176, 537, 820, 1038, 971, 1790, 129, 0, 0, 16, 12, 18, 40, 162, 270, 323, 258, 466, 40, 0, 0
16:28:19, 1215.60, 31.57, 35.10, 29.234, 39, 35, 51, 126, 379, 574, 708, 671, 915, 67, 0, 0, 18, 14, 20, 44, 186, 307, 371, 294, 483, 42, 0, 0
16:28:20, 1216.10, 31.56, 35.10, 29.250, 39, 34, 50, 124, 394, 593, 729, 691, 950, 69, 0, 0, 17, 14, 20, 44, 182, 301, 363, 288, 477, 41, 0, 0
16:28:20, 1219.70, 31.55, 35.10, 29.258, 49, 45, 67, 175, 509, 777, 973, 935, 1799, 133, 0, 0, 16, 13, 18, 40, 158, 263, 316, 251, 453, 39, 0, 0
16:28:21, 1218.60, 31.54, 35.12, 29.258, 40, 34, 52, 126, 410, 622, 771, 736, 1117, 81, 0, 0, 16, 13, 18, 41, 169, 280, 338, 269, 478, 41, 0, 0
16:28:22, 1225.10, 31.53, 35.08, 29.250, 48, 44, 65, 167, 530, 806, 1024, 977, 1659, 120, 0, 0, 15, 12, 16, 37, 152, 255, 306, 244, 442, 38, 0, 0
16:28:22, 1228.00, 31.53, 35.10, 29.258, 42, 38, 56, 142, 452, 691, 881, 833, 1349, 97, 0, 0, 13, 10, 14, 32, 138, 232, 280, 222, 395, 34, 0, 0
16:28:23, 1223.30, 31.52, 35.10, 29.258, 36, 32, 46, 115, 352, 540, 671, 633, 955, 70, 0, 0, 15, 12, 16, 36, 155, 260, 316, 250, 425, 37, 0, 0
16:28:24, 1225.70, 31.51, 35.08, 29.242, 37, 32, 48, 116, 393, 599, 750, 713, 1035, 75, 0, 0, 14, 11, 15, 34, 144, 242, 292, 231, 406, 35, 0, 0
16:28:24, 1232.40, 31.51, 35.10, 29.250, 41, 38, 55, 139, 463, 711, 910, 849, 1468, 105, 0, 0, 14, 11, 15, 34, 145, 245, 295, 236, 443, 38, 0, 0
16:28:25, 1236.40, 31.50, 35.10, 29.250, 36, 33, 48, 120, 375, 577, 735, 691, 1102, 79, 0, 0, 11, 9, 13, 27, 120, 205, 249, 197, 349, 30, 0, 0
16:28:26, 1235.70, 31.49, 35.08, 29.234, 32, 28, 40, 98, 321, 498, 626, 590, 872, 63, 0, 0, 12, 9, 13, 28, 125, 212, 259, 204, 350, 30, 0, 0
16:28:26, 1242.70, 31.48, 35.10, 29.234, 35, 31, 46, 112, 382, 593, 759, 707, 1223, 88, 0, 0, 11, 9, 13, 27, 118, 201, 245, 194, 360, 31, 0, 0
16:28:27, 1252.10, 31.48, 35.08, 29.234, 30, 28, 38, 95, 311, 487, 626, 583, 951, 69, 0, 0, 9, 7, 10, 22, 96, 166, 203, 161, 285, 24, 0, 0
16:28:28, 1251.60, 31.47, 35.08, 29.219, 25, 22, 31, 74, 252, 399, 508, 471, 748, 54, 0, 0, 9, 7, 10, 20, 97, 168, 208, 164, 286, 24, 0, 0
16:28:28, 1251.40, 31.46, 35.08, 29.211, 21, 18, 25, 60, 218, 346, 432, 396, 635, 47, 0, 0, 10, 8, 11, 23, 101, 174, 215, 170, 300, 26, 0, 0
16:28:29, 1258.20, 31.45, 35.06, 29.211, 27, 25, 35, 84, 296, 468, 599, 560, 973, 71, 0, 0, 9, 7, 10, 22, 98, 170, 209, 166, 302, 26, 0, 0
16:28:29, 1261.80, 31.45, 35.08, 29.203, 24, 22, 30, 73, 250, 397, 508, 466, 763, 55, 0, 0, 8, 6, 9, 18, 81, 142, 177, 139, 245, 21, 0, 0
16:28:30, 1260.20, 31.44, 35.04, 29.203, 21, 19, 27, 61, 216, 343, 435, 401, 596, 43, 0, 0, 8, 6, 9, 18, 86, 150, 187, 146, 244, 21, 0, 0
16:28:31, 1264.10, 31.43, 35.10, 29.203, 20, 18, 24, 57, 222, 353, 448, 413, 586, 42, 0, 0, 8, 6, 8, 18, 80, 141, 175, 139, 238, 20, 0, 0
16:28:31, 1269.70, 31.43, 35.06, 29.203, 21, 19, 26, 62, 223, 353, 458, 425, 804, 59, 0, 0, 7, 6, 8, 16, 73, 129, 161, 128, 225, 19, 0, 0
16:28:32, 1270.40, 31.42, 35.10, 29.211, 18, 16, 21, 50, 188, 304, 389, 357, 522, 38, 0, 0, 7, 5, 7, 15, 72, 128, 161, 127, 210, 18, 0, 0
16:28:33, 1264.50, 31.41, 35.02, 29.211, 17, 15, 21, 45, 171, 277, 353, 323, 451, 33, 0, 0, 8, 6, 8, 17, 81, 143, 180, 142, 229, 19, 0, 0
16:28:33, 1256.40, 31.41, 35.06, 29.203, 18, 16, 22, 51, 192, 308, 389, 360, 506, 37, 0, 0, 9, 7, 10, 20, 94, 164, 206, 163, 268, 23, 0, 0
16:28:34, 1254.40, 31.40, 35.06, 29.211, 23, 20, 27, 65, 249, 396, 507, 470, 732, 53, 0, 0, 9, 7, 10, 20, 94, 163, 204, 163, 281, 24, 0, 0
16:28:35, 1246.20, 31.40, 35.06, 29.211, 24, 22, 30, 73, 256, 404, 518, 479, 854, 63, 0, 0, 11, 8, 11, 24, 114, 196, 244, 195, 360, 31, 0, 0
16:28:35, 1238.20, 31.40, 35.02, 29.203, 24, 22, 31, 73, 260, 405, 518, 473, 902, 68, 0, 0, 13, 10, 14, 30, 130, 223, 275, 221, 402, 35, 0, 0
16:28:36, 1241.00, 31.39, 35.08, 29.203, 30, 27, 37, 93, 309, 479, 608, 567, 968, 71, 0, 0, 13, 10, 14, 29, 122, 209, 259, 208, 369, 32, 0, 0
16:28:37, 1240.50, 31.39, 35.04, 29.203, 33, 31, 43, 107, 355, 553, 708, 664, 1135, 83, 0, 0, 12, 9, 12, 27, 121, 207, 258, 207, 368, 32, 0, 0
16:28:37, 1240.80, 31.39, 35.06, 29.203, 31, 28, 39, 96, 328, 509, 653, 612, 1007, 73, 0, 0, 12, 9, 13, 27, 121, 206, 256, 206, 359, 31, 0, 0
16:28:38, 1238.30, 31.39, 35.04, 29.203, 31, 28, 39, 97, 332, 515, 659, 619, 965, 70, 0, 0, 12, 10, 13, 28, 128, 219, 273, 220, 373, 32, 0, 0
16:28:39, 1237.30, 31.38, 35.08, 29.203, 29, 25, 35, 86, 305, 473, 597, 562, 816, 59, 0, 0, 13, 10, 14, 30, 134, 229, 286, 230, 382, 33, 0, 0
16:28:39, 1236.50, 31.38, 35.08, 29.203, 30, 27, 38, 93, 331, 512, 652, 610, 888, 64, 0, 0, 13, 10, 14, 30, 137, 234, 293, 237, 381, 33, 0, 0
16:28:40, 1231.10, 31.38, 35.04, 29.203, 29, 26, 37, 90, 312, 480, 612, 568, 780, 57, 0, 0, 14, 12, 16, 34, 152, 258, 321, 260, 405, 35, 0, 0
16:28:41, 1225.50, 31.38, 35.06, 29.203, 30, 27, 39, 95, 322, 491, 625, 574, 782, 57, 0, 0, 17, 14, 19, 42, 179, 299, 372, 301, 460, 40, 0, 0
16:28:41, 1226.60, 31.37, 35.02, 29.203, 33, 30, 43, 105, 352, 538, 678, 641, 870, 63, 0, 0, 16, 13, 18, 39, 163, 274, 341, 277, 456, 39, 0, 0
16:28:42, 1223.70, 31.36, 35.02, 29.203, 41, 38, 55, 139, 459, 703, 893, 854, 1440, 104, 0, 0, 16, 13, 18, 39, 165, 277, 344, 281, 496, 43, 0, 0
16:28:43, 1212.50, 31.36, 35.04, 29.203, 40, 36, 53, 131, 406, 615, 776, 734, 1277, 94, 0, 0, 20, 16, 22, 50, 216, 358, 441, 360, 656, 57, 0, 0
16:28:43, 1209.50, 31.36, 35.04, 29.203, 39, 34, 51, 130, 397, 597, 742, 692, 1240, 92, 0, 0, 23, 18, 25, 57, 227, 374, 459, 374, 674, 59, 0, 0
16:28:44, 1210.80, 31.36, 35.04, 29.203, 50, 45, 68, 174, 571, 850, 1081, 1037, 1743, 126, 0, 0, 19, 15, 21, 48, 199, 329, 402, 328, 586, 51, 0, 0
16:28:45, 1204.40, 31.35, 35.02, 29.227, 49, 44, 67, 170, 484, 722, 898, 860, 1373, 100, 0, 0, 22, 17, 24, 55, 237, 390, 478, 388, 668, 59, 0, 0
16:28:45, 1201.20, 31.35, 35.04, 29.219, 44, 37, 57, 139, 424, 637, 777, 748, 1089, 80, 0, 0, 24, 19, 27, 61, 258, 421, 517, 417, 697, 61, 0, 0
16:28:46, 1204.60, 31.35, 35.02, 29.219, 42, 36, 55, 137, 474, 705, 864, 830, 1229, 90, 0, 0, 21, 16, 23, 53, 213, 350, 427, 347, 596, 52, 0, 0
16:28:47, 1198.60, 31.34, 35.04, 29.234, 51, 44, 67, 169, 493, 735, 911, 875, 1390, 102, 0, 0, 24, 19, 27, 62, 263, 429, 522, 425, 758, 67, 0, 0
16:28:47, 1196.90, 31.34, 35.04, 29.227, 51, 43, 67, 170, 497, 739, 902, 865, 1349, 99, 0, 0, 25, 20, 29, 66, 273, 444, 540, 440, 764, 67, 0, 0
16:28:48, 1200.10, 31.34, 35.04, 29.227, 49, 41, 64, 162, 537, 792, 973, 937, 1475, 108, 0, 0, 24, 19, 27, 62, 240, 392, 477, 389, 682, 59, 0, 0
16:28:49, 1193.60, 31.33, 35.04, 29.227, 62, 55, 87, 223, 589, 869, 1075, 1035, 1705, 124, 0, 0, 26, 21, 30, 68, 281, 455, 552, 452, 808, 71, 0, 0
16:28:49, 1188.90, 31.33, 35.04, 29.219, 51, 44, 69, 180, 510, 747, 903, 853, 1436, 107, 0, 0, 32, 26, 37, 87, 338, 540, 655, 537, 933, 83, 0, 0
16:28:50, 1191.30, 31.33, 35.04, 29.219, 60, 51, 81, 207, 652, 949, 1156, 1123, 1666, 121, 0, 0, 28, 22, 32, 74, 289, 465, 564, 462, 793, 69, 0, 0
16:28:51, 1185.60, 31.32, 35.02, 29.211, 62, 53, 85, 216, 584, 853, 1029, 987, 1533, 112, 0, 0, 32, 25, 37, 87, 343, 546, 660, 542, 951, 84, 0, 0
16:28:51, 1183.80, 31.32, 35.02, 29.219, 58, 48, 78, 200, 533, 779, 923, 878, 1390, 104, 0, 0, 37, 30, 44, 105, 371, 587, 710, 583, 993, 88, 0, 0
16:28:52, 1185.60, 31.31, 35.02, 29.219, 72, 61, 101, 260, 723, 1045, 1265, 1228, 1894, 137, 0, 0, 31, 25, 36, 84, 325, 517, 623, 512, 901, 79, 0, 0
16:28:53, 1179.90, 31.31, 35.00, 29.203, 58, 49, 80, 209, 572, 832, 998, 936, 1616, 120, 0, 0, 37, 30, 43, 104, 395, 621, 748, 616, 1090, 96, 0, 0
16:28:53, 1180.30, 31.30, 35.02, 29.211, 55, 46, 75, 195, 541, 783, 921, 871, 1362, 102, 0, 0, 40, 32, 47, 112, 391, 613, 740, 607, 1028, 90, 0, 0
16:28:54, 1184.30, 31.30, 35.02, 29.211, 77, 66, 109, 280, 805, 1154, 1401, 1368, 1999, 144, 0, 0, 31, 25, 36, 87, 324, 513, 616, 506, 881, 77, 0, 0
16:28:55, 1187.30, 31.29, 35.02, 29.195, 95, 88, 147, 386, 1098, 1567, 1957, 1930, 3273, 233, 0, 0, 31, 25, 37, 89, 327, 518, 617, 509, 955, 82, 0, 0
16:28:55, 1178.70, 31.28, 35.04, 29.203, 93, 86, 143, 375, 898, 1282, 1587, 1549, 2345, 166, 0, 0, 33, 26, 38, 92, 416, 653, 789, 646, 1086, 96, 0, 0
16:28:56, 1171.30, 31.28, 35.04, 29.203, 56, 46, 76, 194, 520, 745, 872, 829, 1179, 89, 0, 0, 50, 40, 59, 145, 541, 830, 1009, 826, 1261, 111, 0, 0
16:28:57, 1176.30, 31.28, 35.02, 29.195, 56, 47, 79, 199, 613, 867, 1027, 986, 1321, 98, 0, 0, 40, 32, 48, 115, 413, 645, 777, 637, 1036, 91, 0, 0
16:28:57, 1174.40, 31.26, 35.04, 29.195, 58, 48, 80, 205, 615, 881, 1038, 991, 1554, 116, 0, 0, 41, 33, 49, 119, 432, 673, 807, 667, 1186, 104, 0, 0
16:28:58, 1172.20, 31.24, 34.98, 29.195, 79, 67, 114, 297, 781, 1112, 1337, 1274, 2209, 163, 0, 0, 42, 34, 51, 125, 470, 729, 872, 721, 1321, 117, 0, 0
16:28:59, 1173.40, 31.23, 35.00, 29.187, 68, 59, 100, 265, 759, 1077, 1294, 1225, 2189, 162, 0, 0, 40, 32, 48, 117, 426, 662, 792, 656, 1201, 105, 0, 0
16:28:59, 1170.00, 31.23, 35.00, 29.187, 77, 67, 113, 296, 726, 1031, 1231, 1162, 2006, 148, 0, 0, 47, 37, 56, 138, 522, 805, 966, 797, 1413, 126, 0, 0
16:29:00, 1170.10, 31.22, 35.02, 29.187, 72, 59, 102, 262, 732, 1041, 1220, 1188, 1797, 133, 0, 0, 46, 37, 55, 135, 495, 765, 919, 757, 1292, 114, 0, 0
16:29:01, 1173.10, 31.22, 35.00, 29.180, 82, 68, 118, 302, 845, 1197, 1413, 1388, 2071, 152, 0, 0, 40, 32, 48, 118, 407, 632, 756, 627, 1107, 96, 0, 0
16:29:01, 1171.00, 31.22, 35.00, 29.187, 131, 126, 222, 575, 1534, 2133, 2689, 2649, 4464, 314, 0, 0, 38, 31, 46, 114, 417, 646, 768, 639, 1191, 102, 0, 0
16:29:02, 1164.50, 31.22, 35.00, 29.187, 93, 83, 144, 379, 776, 1091, 1309, 1224, 2304, 172, 0, 0, 53, 43, 66, 163, 579, 885, 1057, 881, 1629, 145, 0, 0
16:29:03, 1164.20, 31.22, 35.04, 29.180, 71, 60, 105, 274, 692, 979, 1140, 1081, 1803, 135, 0, 0, 55, 44, 68, 167, 584, 890, 1070, 886, 1516, 135, 0, 0
16:29:03, 1167.90, 31.22, 34.98, 29.172, 72, 60, 104, 267, 739, 1042, 1214, 1170, 1796, 133, 0, 0, 50, 40, 61, 150, 509, 782, 940, 779, 1341, 118, 0, 0
16:29:04, 1168.50, 31.22, 35.02, 29.172, 127, 117, 206, 528, 1426, 1976, 2449, 2425, 3691, 260, 0, 0, 39, 32, 47, 116, 424, 656, 781, 649, 1171, 101, 0, 0
16:29:05, 1162.30, 31.22, 34.98, 29.164, 102, 89, 157, 405, 868, 1223, 1444, 1385, 2356, 174, 0, 0, 53, 43, 65, 163, 590, 898, 1075, 895, 1615, 143, 0, 0
16:29:05, 1162.60, 31.21, 34.98, 29.172, 83, 70, 124, 320, 766, 1072, 1240, 1181, 1920, 143, 0, 0, 56, 45, 70, 173, 570, 866, 1039, 863, 1476, 131, 0, 0
16:29:06, 1167.00, 31.21, 34.98, 29.172, 88, 73, 130, 331, 893, 1257, 1464, 1429, 2185, 161, 0, 0, 47, 38, 58, 144, 481, 737, 880, 729, 1283, 112, 0, 0
16:29:07, 1164.40, 31.21, 35.00, 29.164, 122, 109, 194, 498, 1215, 1688, 2041, 2018, 3175, 226, 0, 0, 46, 38, 57, 142, 539, 822, 983, 818, 1479, 130, 0, 0
16:29:07, 1163.70, 31.21, 34.94, 29.172, 92, 79, 140, 364, 862, 1215, 1436, 1370, 2372, 176, 0, 0, 56, 45, 70, 174, 614, 933, 1117, 928, 1676, 149, 0, 0
16:29:08, 1168.00, 31.21, 34.98, 29.172, 71, 61, 106, 276, 684, 966, 1126, 1066, 1786, 134, 0, 0, 54, 44, 66, 164, 553, 847, 1020, 846, 1468, 130, 0, 0
16:29:09, 1172.20, 31.20, 34.96, 29.164, 85, 72, 124, 316, 774, 1097, 1295, 1258, 1925, 142, 0, 0, 43, 35, 52, 126, 438, 681, 819, 678, 1177, 103, 0, 0
16:29:09, 1169.80, 31.20, 34.98, 29.172, 71, 60, 102, 266, 703, 1002, 1180, 1120, 1885, 140, 0, 0, 47, 38, 57, 140, 469, 725, 871, 724, 1290, 113, 0, 0
16:29:10, 1168.60, 31.20, 34.96, 29.172, 95, 83, 144, 375, 957, 1347, 1618, 1556, 2634, 191, 0, 0, 44, 36, 54, 133, 483, 744, 892, 743, 1348, 118, 0, 0
16:29:11, 1166.00, 31.20, 34.96, 29.156, 102, 91, 159, 413, 946, 1329, 1608, 1538, 2775, 202, 0, 0, 48, 39, 59, 146, 503, 772, 923, 770, 1429, 124, 0, 0
16:29:11, 1161.20, 31.20, 34.98, 29.164, 93, 83, 145, 384, 933, 1304, 1565, 1485, 2738, 202, 0, 0, 52, 43, 65, 161, 596, 906, 1085, 906, 1658, 147, 0, 0
16:29:12, 1158.30, 31.20, 34.96, 29.164, 84, 71, 125, 322, 811, 1136, 1320, 1268, 2049, 153, 0, 0, 58, 47, 72, 180, 607, 917, 1099, 913, 1555, 138, 0, 0
16:29:13, 1159.20, 31.19, 34.98, 29.172, 89, 73, 132, 330, 958, 1329, 1546, 1541, 2143, 158, 0, 0, 52, 42, 65, 162, 551, 835, 999, 832, 1404, 123, 0, 0
16:29:13, 1158.00, 31.19, 34.98, 29.187, 142, 129, 233, 584, 1536, 2101, 2571, 2586, 3581, 254, 0, 0, 47, 38, 59, 147, 514, 781, 928, 776, 1378, 120, 0, 0
16:29:14, 1149.60, 31.18, 34.96, 29.187, 125, 111, 202, 512, 1096, 1515, 1796, 1753, 2963, 217, 0, 0, 60, 49, 77, 193, 661, 986, 1172, 984, 1822, 160, 0, 0
16:29:15, 1145.90, 31.18, 34.94, 29.195, 118, 103, 191, 486, 1090, 1500, 1757, 1707, 2978, 221, 0, 0, 69, 57, 91, 231, 707, 1048, 1243, 1043, 1859, 164, 0, 0
16:29:15, 1143.50, 31.17, 34.96, 29.211, 170, 154, 292, 717, 1381, 1887, 2212, 2239, 3388, 245, 0, 0, 66, 54, 86, 217, 729, 1080, 1283, 1078, 1871, 165, 0, 0
16:29:16, 1139.60, 31.17, 34.94, 29.211, 143, 121, 233, 562, 1220, 1654, 1907, 1921, 2803, 207, 0, 0, 74, 60, 97, 247, 796, 1169, 1387, 1167, 1998, 176, 0, 0
16:29:17, 1137.00, 31.17, 34.92, 29.211, 154, 131, 257, 613, 1387, 1872, 2149, 2192, 3113, 229, 0, 0, 75, 61, 99, 254, 805, 1177, 1393, 1174, 2047, 181, 0, 0
16:29:17, 1135.80, 31.17, 34.92, 29.234, 186, 168, 326, 799, 1673, 2259, 2679, 2681, 4522, 326, 0, 0, 71, 59, 96, 247, 783, 1144, 1347, 1142, 2136, 186, 0, 0
16:29:18, 1133.10, 31.17, 34.94, 29.234, 180, 170, 327, 810, 1662, 2234, 2677, 2636, 4849, 354, 0, 0, 73, 60, 100, 255, 824, 1199, 1410, 1197, 2264, 197, 0, 0
16:29:19, 1126.30, 31.17, 34.92, 29.234, 128, 118, 229, 574, 1294, 1732, 2035, 1961, 3724, 282, 0, 0, 89, 74, 126, 324, 980, 1405, 1644, 1398, 2625, 232, 0, 0
16:29:19, 1125.50, 31.17, 34.98, 29.258, 161, 144, 288, 689, 1488, 1982, 2262, 2285, 3624, 271, 0, 0, 87, 72, 122, 312, 922, 1322, 1550, 1317, 2326, 205, 0, 0
16:29:20, 1125.60, 31.17, 34.92, 29.258, 166, 146, 298, 692, 1393, 1850, 2091, 2126, 3182, 242, 0, 0, 86, 71, 121, 310, 886, 1272, 1489, 1266, 2239, 197, 0, 0
16:29:21, 1119.50, 31.16, 34.92, 29.266, 227, 207, 424, 975, 1655, 2184, 2488, 2556, 3859, 288, 0, 0, 93, 77, 133, 340, 1060, 1503, 1758, 1499, 2715, 241, 0, 0
16:29:21, 1117.20, 31.16, 34.94, 29.320, 205, 186, 376, 882, 1895, 2549, 2916, 3000, 4886, 367, 0, 0, 92, 77, 134, 344, 1037, 1466, 1705, 1457, 2722, 240, 0, 0
16:29:22, 1115.80, 31.16, 34.92, 29.320, 176, 166, 338, 799, 1559, 2068, 2374, 2360, 4284, 332, 0, 0, 98, 83, 146, 373, 1006, 1417, 1642, 1406, 2647, 232, 0, 0
16:29:23, 1110.40, 31.16, 34.96, 29.391, 282, 273, 561, 1271, 2274, 2982, 3440, 3602, 5620, 415, 0, 0, 98, 83, 146, 376, 1157, 1614, 1869, 1604, 2958, 262, 0, 0
16:29:23, 1102.80, 31.16, 34.94, 29.492, 206, 190, 395, 886, 1669, 2181, 2437, 2512, 4075, 321, 0, 0, 124, 106, 193, 494, 1387, 1900, 2197, 1888, 3372, 300, 0, 0
16:29:24, 1101.50, 31.16, 34.94, 29.492, 228, 210, 450, 961, 1832, 2363, 2618, 2750, 4090, 324, 0, 0, 123, 105, 191, 491, 1370, 1872, 2160, 1864, 3380, 300, 0, 0
16:29:25, 1100.70, 31.16, 34.94, 29.609, 359, 352, 737, 1596, 3486, 4524, 5298, 5706, 9137, 669, 0, 0, 106, 92, 169, 433, 1198, 1636, 1877, 1631, 3207, 278, 0, 0
16:29:25, 1092.90, 31.17, 34.96, 29.773, 276, 301, 618, 1381, 1990, 2531, 3004, 2911, 6374, 526, 0, 0, 149, 133, 256, 646, 1625, 2170, 2484, 2180, 4383, 386, 0, 0
16:29:26, 1086.90, 31.17, 34.96, 29.773, 296, 323, 664, 1447, 1612, 2017, 2344, 2292, 4855, 408, 0, 0, 190, 171, 336, 838, 1998, 2639, 3023, 2655, 5228, 470, 0, 0
16:29:27, 1083.60, 31.18, 34.94, 29.875, 228, 238, 501, 1037, 1769, 2239, 2482, 2569, 4294, 363, 0, 0, 164, 146, 284, 715, 1732, 2287, 2617, 2286, 4071, 362, 0, 0
16:29:27, 1083.30, 31.20, 34.92, 29.984, 325, 325, 710, 1317, 2160, 2706, 2917, 3179, 4539, 403, 0, 0, 170, 153, 304, 757, 1600, 2108, 2401, 2109, 3864, 342, 0, 0
16:29:28, 1075.00, 31.21, 34.94, 29.984, 748, 980, 1978, 3773, 3371, 4335, 4625, 5286, 7341, 616, 0, 0, 184, 168, 337, 833, 2169, 2809, 3215, 2838, 5276, 476, 0, 0
16:29:29, 1065.80, 31.22, 34.92, 30.133, 454, 468, 977, 1810, 2836, 3631, 3856, 4256, 6766, 624, 0, 0, 202, 191, 395, 952, 2288, 2911, 3316, 2957, 5430, 489, 0, 0
16:29:29, 1055.60, 31.24, 34.94, 30.203, 747, 753, 1631, 2493, 4162, 5029, 5148, 6281, 7291, 750, 0, 0, 218, 213, 447, 1056, 2470, 3095, 3509, 3159, 5665, 507, 0, 0
16:29:30, 1049.00, 31.25, 34.90, 30.203, 1036, 998, 2060, 3072, 3653, 4772, 4643, 5463, 8204, 932, 0, 0, 253, 265, 566, 1276, 2665, 3285, 3718, 3384, 6695, 615, 0, 0
16:29:31, 1045.80, 31.26, 34.92, 30.273, 1792, 1839, 3457, 5519, 6850, 9351, 9479, 11042, 16866, 1754, 0, 0, 230, 246, 527, 1173, 2338, 2865, 3229, 2960, 5973, 544, 0, 0
16:29:31, 1037.90, 31.28, 34.92, 30.359, 2938, 5859, 10304, 14475, 18522, 18914, 22781, 28402, 36000, 5651, 1, 1, 271, 314, 669, 1418, 2949, 3545, 4016, 3723, 8162, 766, 0, 0
16:29:32, 1032.20, 31.29, 34.92, 30.359, 3920, 8106, 13195, 16923, 34640, 34692, 35760, 36000, 36000, 18759, 1, 1, 252, 301, 639, 1326, 2852, 3393, 3840, 3608, 8161, 774, 0, 0
16:29:33, 1024.60, 31.31, 34.92, 30.406, 3232, 5833, 8132, 11453, 19741, 19509, 24522, 26887, 34606, 9621, 0, 1, 283, 356, 745, 1484, 2930, 3440, 3886, 3685, 8206, 808, 0, 0
16:29:33, 1019.70, 31.33, 34.94, 30.406, 9271, 19365, 27536, 28274, 35582, 34735, 35678, 36000, 36000, 32978, 1, 1, 243, 301, 627, 1243, 2198, 2627, 2922, 2712, 4948, 457, 0, 0
16:29:34, 1018.90, 31.35, 34.92, 30.461, 368, 573, 815, 924, 2547, 2545, 2771, 3062, 5282, 745, 0, 0, 209, 244, 517, 1071, 2274, 2719, 3018, 2811, 5004, 467, 0, 0
16:29:35, 1019.80, 31.36, 34.96, 30.484, 12018, 22856, 31939, 33844, 35751, 35718, 36000, 36000, 35781, 22462, 1, 1, 285, 353, 736, 1449, 2803, 3316, 3698, 3495, 6704, 671, 0, 0
16:29:35, 1018.90, 31.38, 34.92, 30.484, 14570, 22790, 27213, 32753, 31644, 31788, 35730, 35253, 35986, 25408, 0, 1, 319, 407, 837, 1613, 3024, 3562, 3976, 3766, 7434, 756, 0, 0
16:29:36, 1016.00, 31.39, 34.88, 30.500, 9604, 18198, 25836, 30767, 29912, 29682, 34663, 34039, 34524, 16620, 0, 1, 322, 405, 839, 1643, 3044, 3585, 4016, 3789, 7498, 757, 0, 0
16:29:37, 1014.80, 31.40, 34.94, 30.508, 1940, 3022, 3979, 4498, 6807, 7780, 7420, 8112, 15986, 5196, 0, 0, 15398, 23208, 30671, 33230, 36000, 36000, 36000, 36000, 36000, 36000, 1, 1
16:29:37, 1015.00, 31.41, 34.92, 30.508, 14573, 22384, 32414, 36000, 35992, 36000, 36000, 36000, 36000, 36000, 1, 1, 32562, 36000, 36000, 36000, 36000, 36000, 36000, 36000, 36000, 36000, 1, 1
16:29:38, 1014.70, 31.41, 34.90, 30.469, 8198, 15441, 19399, 22821, 27195, 28689, 31869, 35726, 36000, 34447, 1, 1, 36000, 36000, 36000, 36000, 36000, 36000, 36000, 36000, 36000, 36000, 1, 1
16:29:39, 1014.70, 31.42, 34.92, 30.336, 11965, 22165, 32088, 34247, 19868, 22460, 31407, 27364, 36000, 32131, 1, 1, 36000, 36000, 36000, 36000, 36000, 36000, 36000, 36000, 36000, 36000, 1, 1
