Secchi Depth (cm) = 9999
Forel Ule Scale = 99
pH Colour Scale = 99
SensingSecchi S/N = A017
Latitude (degs N) = 34.25948
Longitude (degs E) = -77.98421
Date = 2026-07-02
Time (UTC), Pressure (mbar) MS5803, Temp (deg C) MS5803, Temp (deg C) 10KTHERM, Temp (deg C) TMP117, ED 415nm, ED 445nm, ED 480nm, ED 515nm, ED 555nm, ED 590nm, ED 630nm, ED 680nm, ED Clear, ED NIR, ED D-SAT, ED A-SAT, EU 415nm, EU 445nm, EU 480nm, EU 515nm, EU 555nm, EU 590nm, EU 630nm, EU 680nm, EU Clear, EU NIR, EU D-SAT, EU A-SAT
17:54:55, 1013.60, 29.22, 32.55, 25.859, 140, 176, 218, 243, 270, 350, 713, 973, 2006, 1007, 0, 0, 4490, 6699, 8814, 10525, 12644, 14120, 16665, 22309, 36000, 33349, 1, 1
17:54:55, 1013.50, 29.22, 32.56, 25.937, 134, 167, 208, 228, 252, 325, 668, 917, 1904, 956, 0, 0, 4572, 6836, 9072, 10806, 13667, 14977, 18056, 23174, 36000, 36000, 1, 1
17:54:56, 1013.50, 29.22, 32.56, 26.047, 481, 718, 947, 1132, 1367, 1300, 1488, 1504, 6371, 1786, 0, 0, 4397, 6284, 8921, 10315, 15177, 16364, 20280, 23542, 36000, 36000, 1, 1
17:54:57, 1013.10, 29.22, 32.56, 26.047, 6643, 11696, 15772, 20393, 15693, 17730, 19902, 25256, 31581, 13279, 0, 0, 4200, 7133, 9649, 12930, 6721, 6938, 8203, 8016, 19378, 3454, 0, 0
17:54:57, 1013.50, 29.22, 32.58, 26.055, 9952, 13982, 20405, 24878, 4760, 4920, 5744, 5999, 12138, 2823, 0, 0, 2493, 3551, 4988, 6379, 5347, 5869, 6451, 6792, 16482, 2791, 0, 0
17:54:58, 1013.10, 29.22, 32.58, 26.008, 10616, 19206, 27154, 30877, 26989, 27393, 31948, 36000, 36000, 19185, 1, 1, 570, 851, 1403, 2151, 2954, 3234, 3724, 3626, 9921, 1314, 0, 0
17:54:59, 1013.40, 29.22, 32.55, 26.008, 14244, 20691, 29888, 36000, 36000, 35801, 36000, 36000, 36000, 36000, 1, 1, 868, 1308, 2072, 2942, 3963, 4278, 4919, 4810, 13424, 1768, 0, 0
17:54:59, 1016.50, 29.22, 32.60, 25.961, 9590, 17519, 24598, 27540, 34999, 34226, 36000, 36000, 36000, 28485, 1, 1, 404, 575, 1158, 2068, 2635, 3046, 3538, 3366, 7790, 788, 0, 0
17:55:00, 1018.40, 29.23, 32.58, 27.477, 11051, 19569, 27885, 32481, 36000, 36000, 36000, 36000, 36000, 36000, 1, 1, 274, 367, 767, 1435, 2677, 3098, 3591, 3422, 7616, 754, 0, 0
17:55:01, 1025.00, 29.24, 32.55, 27.477, 13404, 20871, 26368, 27283, 23414, 23391, 26255, 26133, 29952, 23198, 0, 0, 279, 356, 764, 1477, 3222, 3766, 4350, 4154, 7213, 638, 0, 0
17:55:01, 1027.00, 29.26, 32.51, 28.516, 13232, 21815, 28164, 30441, 26655, 26703, 28993, 30505, 36000, 18603, 1, 1, 282, 358, 768, 1494, 2863, 3384, 3892, 3722, 7457, 699, 0, 0
17:55:02, 1027.60, 29.28, 32.53, 29.172, 4147, 8877, 14405, 15877, 23445, 22266, 29553, 32487, 36000, 10169, 1, 1, 249, 303, 658, 1331, 2609, 3112, 3569, 3383, 6076, 524, 0, 0
17:55:03, 1027.00, 29.31, 32.55, 29.172, 10554, 18681, 28020, 30951, 33922, 35834, 36000, 36000, 36000, 19879, 1, 1, 260, 331, 711, 1410, 2622, 3089, 3579, 3394, 6499, 604, 0, 0
17:55:03, 1026.50, 29.33, 32.55, 29.523, 10165, 13562, 21738, 31114, 22927, 26214, 29129, 27814, 36000, 9197, 1, 1, 291, 371, 797, 1566, 2904, 3406, 3945, 3749, 7160, 670, 0, 0
17:55:04, 1028.20, 29.36, 32.53, 29.719, 6563, 10307, 18485, 20590, 23285, 24524, 27211, 30348, 36000, 8987, 1, 1, 294, 373, 803, 1577, 2922, 3429, 3967, 3779, 7365, 691, 0, 0
17:55:05, 1025.60, 29.39, 32.51, 29.719, 9507, 13174, 20868, 27270, 31176, 33364, 34047, 32944, 36000, 10286, 1, 1, 279, 350, 757, 1503, 2834, 3330, 3855, 3645, 6703, 622, 0, 0
17:55:05, 1021.70, 29.41, 32.51, 29.820, 8474, 14693, 23537, 32433, 31983, 34784, 36000, 35163, 36000, 16356, 1, 1, 293, 380, 810, 1573, 2938, 3427, 3967, 3765, 7222, 688, 0, 0
17:55:06, 1020.90, 29.43, 32.53, 29.820, 10193, 16721, 27103, 35934, 36000, 36000, 36000, 36000, 36000, 23278, 1, 1, 313, 410, 867, 1667, 3021, 3519, 4066, 3877, 7622, 737, 0, 0
17:55:07, 1023.60, 29.46, 32.53, 29.875, 19135, 17581, 22168, 33592, 35933, 36000, 36000, 35943, 36000, 24843, 1, 1, 311, 407, 862, 1662, 2976, 3475, 4013, 3823, 7493, 717, 0, 0
17:55:07, 1022.90, 29.48, 32.53, 29.930, 15382, 15921, 20879, 28476, 30019, 32202, 33043, 31462, 36000, 18877, 1, 1, 296, 380, 811, 1584, 2908, 3401, 3927, 3728, 7095, 676, 0, 0
17:55:08, 1022.30, 29.49, 32.49, 29.930, 13389, 15888, 19148, 33406, 36000, 36000, 36000, 36000, 36000, 22043, 1, 1, 307, 399, 849, 1641, 3044, 3547, 4091, 3896, 7663, 733, 0, 0
17:55:09, 1022.90, 29.51, 32.51, 29.961, 12045, 19195, 32742, 31204, 36000, 36000, 36000, 36000, 36000, 32853, 1, 1, 315, 415, 878, 1675, 2958, 3444, 3976, 3782, 7620, 730, 0, 0
17:55:09, 1021.00, 29.53, 32.51, 29.984, 10907, 16719, 30014, 27255, 35613, 36000, 36000, 35701, 36000, 18688, 1, 1, 303, 397, 841, 1617, 2849, 3326, 3841, 3637, 7010, 670, 0, 0
17:55:10, 1021.90, 29.55, 32.51, 29.984, 12157, 15437, 22746, 33849, 36000, 36000, 36000, 36000, 36000, 26853, 1, 1, 302, 400, 843, 1616, 2929, 3412, 3927, 3753, 7404, 717, 0, 0
17:55:11, 1025.40, 29.57, 32.49, 29.992, 19789, 17970, 22554, 30268, 33772, 35446, 35327, 33813, 36000, 19435, 1, 1, 288, 375, 795, 1544, 2898, 3374, 3894, 3711, 7528, 724, 0, 0
17:55:11, 1023.30, 29.58, 32.51, 30.000, 4562, 14987, 18384, 15879, 26928, 22752, 27894, 34109, 36000, 20949, 1, 1, 289, 373, 795, 1550, 2822, 3306, 3822, 3604, 6880, 654, 0, 0
17:55:12, 1023.10, 29.60, 32.49, 30.000, 7589, 16005, 23809, 28501, 27501, 28362, 31029, 30553, 32401, 10541, 0, 1, 313, 408, 869, 1680, 3086, 3594, 4138, 3951, 7921, 759, 0, 0
17:55:13, 1023.60, 29.61, 32.51, 30.000, 13445, 18599, 21764, 28670, 28362, 31642, 29396, 31128, 26322, 4950, 0, 0, 315, 410, 874, 1694, 3084, 3586, 4130, 3949, 7938, 764, 0, 0
17:55:13, 1022.30, 29.63, 32.51, 30.000, 12634, 15184, 19157, 24882, 26232, 29206, 29801, 30147, 35171, 10100, 0, 1, 279, 356, 763, 1508, 2811, 3291, 3801, 3581, 6635, 622, 0, 0
17:55:14, 1023.50, 29.64, 32.49, 30.000, 4216, 8606, 12433, 13533, 31925, 30663, 34572, 34931, 36000, 17555, 1, 1, 281, 363, 770, 1511, 2783, 3271, 3768, 3556, 6700, 629, 0, 0
17:55:15, 1027.60, 29.66, 32.45, 30.016, 22826, 29725, 30852, 34060, 31075, 30436, 34284, 35973, 36000, 18206, 1, 1, 305, 402, 853, 1643, 3027, 3526, 4075, 3914, 7941, 758, 0, 0
17:55:15, 1027.70, 29.67, 32.45, 30.008, 5382, 14297, 19091, 19465, 33452, 28733, 31458, 35925, 36000, 22572, 1, 1, 290, 374, 800, 1559, 2827, 3320, 3847, 3656, 7222, 681, 0, 0
17:55:16, 1024.50, 29.68, 32.51, 30.008, 6797, 16907, 24769, 32370, 24138, 21970, 30461, 30475, 22846, 3283, 0, 0, 286, 363, 779, 1543, 2869, 3366, 3902, 3686, 6891, 644, 0, 0
17:55:17, 1026.60, 29.69, 32.45, 30.008, 11443, 13937, 16679, 28933, 36000, 36000, 36000, 36000, 36000, 28767, 1, 1, 307, 397, 848, 1644, 2934, 3439, 3984, 3798, 7731, 731, 0, 0
17:55:17, 1027.50, 29.70, 32.47, 30.000, 9530, 14443, 18730, 29621, 35282, 35876, 35936, 35945, 36000, 16144, 1, 1, 294, 377, 810, 1583, 2904, 3410, 3960, 3775, 7421, 697, 0, 0
17:55:18, 1026.70, 29.72, 32.49, 30.000, 9057, 14418, 21026, 28812, 24419, 29231, 31178, 29285, 36000, 7859, 1, 1, 284, 360, 774, 1529, 2892, 3392, 3944, 3754, 7305, 694, 0, 0
17:55:19, 1026.20, 29.73, 32.45, 29.984, 12449, 15337, 18504, 30524, 29124, 31507, 31757, 30392, 36000, 10584, 1, 1, 292, 372, 797, 1565, 2951, 3456, 4017, 3830, 7699, 736, 0, 0
17:55:19, 1025.60, 29.74, 32.47, 29.969, 8472, 11327, 16506, 22965, 29727, 32595, 32508, 30737, 36000, 10816, 1, 1, 298, 380, 816, 1602, 2960, 3471, 4034, 3830, 7338, 691, 0, 0
17:55:20, 1023.90, 29.75, 32.47, 29.969, 9470, 10319, 15233, 24094, 34660, 35554, 35909, 35720, 36000, 16017, 1, 1, 299, 382, 821, 1618, 3004, 3524, 4099, 3880, 7044, 650, 0, 0
17:55:21, 1024.20, 29.76, 32.49, 29.953, 9960, 21468, 27187, 30648, 28773, 29116, 32427, 31794, 28632, 5788, 0, 1, 312, 401, 858, 1675, 3066, 3590, 4164, 3975, 7637, 725, 0, 0
17:55:21, 1027.00, 29.76, 32.45, 29.937, 9841, 15112, 25981, 26727, 32469, 34054, 34379, 34480, 36000, 12430, 1, 1, 296, 374, 804, 1592, 2973, 3494, 4060, 3846, 7331, 690, 0, 0
17:55:22, 1026.50, 29.77, 32.45, 29.937, 5214, 9526, 14445, 17219, 35982, 36000, 36000, 36000, 36000, 22747, 1, 1, 291, 368, 793, 1570, 2917, 3425, 3999, 3769, 6985, 649, 0, 0
17:55:23, 1026.50, 29.78, 32.49, 29.922, 6155, 9208, 14611, 21212, 21910, 25470, 26720, 24705, 36000, 8601, 1, 1, 300, 382, 824, 1623, 3013, 3536, 4101, 3905, 7501, 700, 0, 0
17:55:23, 1028.00, 29.79, 32.47, 29.922, 9890, 12983, 16646, 28338, 31466, 34428, 34490, 32793, 35934, 9405, 0, 1, 293, 371, 801, 1577, 3036, 3548, 4114, 3946, 8098, 772, 0, 0
17:55:24, 1024.00, 29.80, 32.49, 29.922, 9006, 14257, 20913, 28361, 34248, 35641, 35581, 34549, 33954, 8298, 0, 1, 295, 374, 806, 1602, 2999, 3514, 4086, 3856, 6927, 638, 0, 0
17:55:25, 1026.20, 29.81, 32.43, 29.914, 13254, 15693, 22503, 33624, 31618, 34430, 34554, 32213, 36000, 13680, 1, 1, 295, 386, 824, 1611, 2825, 3319, 3844, 3667, 6997, 652, 0, 0
17:55:25, 1026.60, 29.81, 32.49, 29.953, 13349, 14981, 19964, 23238, 36000, 36000, 36000, 36000, 36000, 28060, 1, 1, 284, 363, 781, 1547, 2860, 3361, 3903, 3713, 7086, 666, 0, 0
17:55:26, 1024.10, 29.82, 32.45, 29.953, 5916, 10357, 16731, 22691, 19911, 20728, 24880, 24548, 27537, 4569, 0, 0, 300, 383, 826, 1632, 3047, 3560, 4142, 3914, 7430, 703, 0, 0
17:55:27, 1024.70, 29.83, 32.45, 29.961, 7584, 13056, 20518, 24599, 23226, 25709, 29372, 35589, 36000, 10329, 1, 1, 329, 428, 915, 1770, 3177, 3705, 4300, 4094, 8185, 781, 0, 0
17:55:27, 1028.10, 29.84, 32.45, 29.977, 4751, 8941, 19808, 16985, 24823, 27046, 28246, 34468, 33608, 6871, 0, 1, 300, 382, 826, 1640, 2993, 3523, 4097, 3889, 7158, 659, 0, 0
17:55:28, 1027.90, 29.85, 32.49, 29.977, 7850, 14895, 22979, 30317, 23616, 23027, 27933, 29691, 26838, 3822, 0, 0, 263, 324, 700, 1411, 2670, 3182, 3640, 3474, 6199, 568, 0, 0
17:55:29, 1034.60, 29.86, 32.43, 29.992, 3493, 6903, 10600, 14235, 20656, 22257, 25263, 26446, 34526, 8064, 0, 1, 322, 433, 921, 1781, 3322, 3892, 4501, 4418, 7949, 737, 0, 0
17:55:29, 1035.30, 29.86, 32.45, 30.000, 6129, 15414, 21782, 23355, 25453, 27053, 28554, 28917, 36000, 10407, 1, 1, 252, 310, 668, 1367, 2524, 3026, 3512, 3338, 6001, 542, 0, 0
17:55:30, 1034.30, 29.87, 32.45, 30.000, 2394, 5004, 7898, 11233, 15230, 15557, 22592, 22441, 23970, 2598, 0, 0, 263, 318, 696, 1428, 2769, 3293, 3841, 3631, 6588, 595, 0, 0
17:55:31, 1037.80, 29.88, 32.47, 29.992, 7485, 12917, 19032, 25966, 28554, 30190, 32868, 33985, 36000, 9035, 1, 1, 260, 323, 703, 1425, 2753, 3253, 3811, 3626, 7050, 652, 0, 0
17:55:31, 1037.40, 29.89, 32.49, 29.992, 6190, 10352, 16370, 25415, 31587, 33348, 33738, 33593, 35122, 4773, 0, 1, 235, 279, 609, 1271, 2544, 3036, 3538, 3316, 5717, 507, 0, 0
17:55:32, 1037.60, 29.90, 32.43, 29.992, 6310, 10123, 17270, 26492, 22532, 26060, 26963, 26604, 35805, 7899, 0, 1, 248, 297, 648, 1339, 2578, 3088, 3587, 3374, 5931, 532, 0, 0
17:55:33, 1050.90, 29.90, 32.47, 29.969, 4413, 7613, 12683, 18425, 10493, 13455, 12856, 18857, 36000, 7990, 1, 1, 258, 304, 672, 1329, 2415, 2896, 3345, 3214, 6157, 545, 0, 0
17:55:33, 1060.40, 29.91, 32.45, 29.953, 3493, 6055, 12694, 16518, 17711, 20008, 23477, 24876, 36000, 4014, 1, 1, 179, 191, 423, 918, 1889, 2322, 2718, 2524, 4656, 409, 0, 0
17:55:34, 1061.90, 29.91, 32.45, 29.953, 1244, 2367, 4648, 7199, 11653, 13298, 15386, 16292, 33714, 2696, 0, 1, 170, 174, 387, 854, 1944, 2413, 2816, 2624, 4799, 420, 0, 0
17:55:35, 1066.50, 29.92, 32.47, 29.852, 1389, 2465, 4931, 8128, 14367, 17015, 20238, 20826, 33606, 2878, 0, 1, 186, 203, 442, 982, 2150, 2648, 3119, 2963, 5414, 468, 0, 0
17:55:35, 1072.30, 29.92, 32.45, 29.797, 1288, 2563, 4927, 7736, 12999, 14511, 17338, 21008, 36000, 3816, 1, 1, 184, 206, 449, 1010, 2106, 2594, 3089, 2891, 5043, 432, 0, 0
17:55:36, 1084.90, 29.92, 32.41, 29.797, 950, 1735, 3413, 5694, 10313, 11270, 13641, 17082, 36000, 3231, 1, 1, 147, 137, 302, 683, 1458, 1850, 2188, 1990, 3641, 314, 0, 0
17:55:37, 1092.20, 29.92, 32.47, 29.758, 843, 1290, 2903, 5461, 7379, 8992, 10895, 10978, 19925, 1409, 0, 0, 113, 103, 214, 520, 1296, 1674, 1999, 1788, 3230, 279, 0, 0
17:55:37, 1094.00, 29.93, 32.45, 29.703, 770, 1143, 2491, 4827, 7200, 8507, 10864, 11142, 16658, 1204, 0, 0, 109, 100, 206, 502, 1233, 1602, 1905, 1699, 3053, 263, 0, 0
17:55:38, 1096.60, 29.93, 32.49, 29.703, 765, 1175, 2770, 4928, 7950, 8945, 11095, 13219, 21893, 1522, 0, 0, 117, 105, 220, 521, 1237, 1600, 1892, 1709, 3081, 266, 0, 0
17:55:39, 1105.50, 29.92, 32.41, 29.664, 622, 1019, 2153, 4003, 8594, 9545, 12123, 15543, 30360, 2340, 0, 0, 106, 96, 196, 476, 1107, 1461, 1725, 1562, 2870, 245, 0, 0
17:55:39, 1112.30, 29.92, 32.43, 29.656, 570, 776, 1815, 3613, 6585, 8282, 10059, 10253, 16552, 1159, 0, 0, 90, 79, 155, 387, 998, 1331, 1586, 1414, 2496, 215, 0, 0
17:55:40, 1111.30, 29.93, 32.43, 29.656, 499, 657, 1544, 3134, 5277, 6546, 8001, 8338, 12534, 874, 0, 0, 94, 79, 156, 383, 1045, 1404, 1664, 1491, 2495, 215, 0, 0
17:55:41, 1107.90, 29.93, 32.43, 29.641, 546, 704, 1555, 3281, 6085, 7490, 9182, 9744, 11579, 825, 0, 0, 102, 91, 176, 451, 1147, 1527, 1820, 1638, 2628, 225, 0, 0
17:55:41, 1111.80, 29.92, 32.43, 29.633, 597, 778, 1708, 3486, 6586, 8174, 9870, 10526, 13953, 989, 0, 0, 102, 94, 187, 469, 1220, 1615, 1934, 1762, 3214, 275, 0, 0
17:55:42, 1116.30, 29.92, 32.45, 29.633, 507, 742, 1569, 3253, 6330, 7681, 9523, 10706, 21771, 1532, 0, 0, 95, 87, 168, 423, 1065, 1403, 1704, 1540, 2717, 224, 0, 0
17:55:43, 1119.20, 29.93, 32.43, 29.625, 489, 630, 1449, 3054, 5136, 6399, 7837, 8242, 14494, 1000, 0, 0, 88, 77, 146, 375, 979, 1321, 1585, 1423, 2389, 201, 0, 0
17:55:43, 1121.70, 29.93, 32.45, 29.633, 480, 588, 1350, 2911, 5367, 6809, 8470, 8554, 12937, 904, 0, 0, 86, 75, 143, 369, 998, 1339, 1612, 1440, 2449, 204, 0, 0
17:55:44, 1122.40, 29.93, 32.43, 29.633, 432, 581, 1304, 2653, 4941, 6025, 7565, 8463, 13829, 956, 0, 0, 86, 76, 146, 374, 981, 1333, 1596, 1414, 2417, 207, 0, 0
17:55:45, 1118.10, 29.93, 32.43, 29.625, 407, 489, 1072, 2319, 4318, 5406, 6559, 7017, 8642, 606, 0, 0, 89, 77, 146, 377, 1019, 1378, 1650, 1458, 2429, 207, 0, 0
17:55:45, 1123.30, 29.93, 32.41, 29.625, 497, 595, 1315, 2881, 5054, 6438, 7816, 8010, 13237, 922, 0, 0, 85, 75, 144, 369, 1004, 1356, 1623, 1458, 2608, 221, 0, 0
17:55:46, 1125.90, 29.93, 32.43, 29.625, 446, 570, 1303, 2757, 4799, 6091, 7408, 7653, 12545, 863, 0, 0, 79, 68, 126, 326, 875, 1196, 1429, 1269, 2183, 184, 0, 0
17:55:47, 1128.90, 29.93, 32.43, 29.625, 407, 526, 1184, 2522, 4638, 5699, 7178, 7978, 13715, 951, 0, 0, 74, 63, 116, 300, 813, 1122, 1332, 1181, 2057, 175, 0, 0
17:55:47, 1129.20, 29.93, 32.41, 29.625, 354, 442, 967, 2145, 4172, 5189, 6399, 6660, 11431, 774, 0, 0, 71, 59, 110, 282, 808, 1115, 1333, 1171, 2055, 176, 0, 0
17:55:48, 1128.20, 29.94, 32.39, 29.625, 339, 393, 871, 1942, 3927, 4897, 6253, 6480, 8546, 585, 0, 0, 73, 61, 113, 293, 828, 1141, 1362, 1195, 2076, 178, 0, 0
17:55:49, 1129.50, 29.94, 32.43, 29.617, 314, 359, 780, 1759, 3585, 4534, 5591, 5899, 7088, 499, 0, 0, 75, 63, 117, 302, 825, 1138, 1358, 1196, 2026, 173, 0, 0
17:55:49, 1132.70, 29.94, 32.43, 29.625, 346, 437, 994, 2076, 4030, 4937, 6167, 6917, 12595, 878, 0, 0, 70, 59, 109, 281, 778, 1075, 1280, 1129, 2032, 172, 0, 0
17:55:50, 1135.00, 29.94, 32.43, 29.625, 371, 444, 1008, 2194, 4324, 5521, 6905, 7335, 11421, 786, 0, 0, 68, 57, 103, 268, 753, 1046, 1249, 1094, 1891, 161, 0, 0
17:55:51, 1139.60, 29.94, 32.41, 29.625, 303, 361, 819, 1832, 3955, 4956, 6243, 6729, 11798, 814, 0, 0, 64, 54, 97, 252, 720, 1002, 1199, 1057, 1919, 162, 0, 0
17:55:51, 1138.30, 29.95, 32.41, 29.625, 281, 325, 703, 1652, 3647, 4693, 5915, 6049, 9258, 636, 0, 0, 62, 52, 92, 240, 716, 1000, 1199, 1045, 1828, 156, 0, 0
17:55:52, 1135.10, 29.95, 32.39, 29.625, 270, 287, 610, 1383, 2544, 3303, 3973, 4308, 5272, 370, 0, 0, 73, 61, 110, 286, 810, 1126, 1350, 1174, 1995, 171, 0, 0
17:55:53, 1136.20, 29.95, 32.41, 29.625, 271, 295, 628, 1417, 2990, 3765, 4699, 4991, 6082, 421, 0, 0, 70, 58, 105, 273, 754, 1052, 1259, 1097, 1854, 159, 0, 0
17:55:53, 1141.40, 29.95, 32.45, 29.625, 322, 364, 776, 1746, 3712, 4780, 5908, 6371, 8272, 574, 0, 0, 65, 54, 97, 250, 720, 1005, 1199, 1055, 1883, 160, 0, 0
17:55:54, 1145.10, 29.95, 32.43, 29.625, 273, 332, 705, 1584, 3641, 4482, 5703, 6413, 11842, 834, 0, 0, 60, 50, 89, 230, 662, 930, 1113, 974, 1764, 149, 0, 0
17:55:55, 1145.80, 29.95, 32.39, 29.617, 274, 295, 649, 1544, 3004, 3847, 4928, 5007, 7260, 499, 0, 0, 58, 48, 83, 218, 665, 939, 1127, 976, 1711, 147, 0, 0
17:55:55, 1147.20, 29.95, 32.41, 29.617, 244, 260, 548, 1283, 2642, 3378, 4242, 4486, 5635, 389, 0, 0, 59, 49, 85, 221, 654, 925, 1112, 961, 1638, 141, 0, 0
17:55:56, 1144.10, 29.96, 32.43, 29.617, 243, 263, 550, 1286, 2636, 3415, 4240, 4534, 5170, 363, 0, 0, 63, 52, 90, 236, 717, 1009, 1213, 1046, 1689, 145, 0, 0
17:55:57, 1144.30, 29.96, 32.41, 29.617, 232, 253, 525, 1209, 2713, 3500, 4402, 4721, 5475, 377, 0, 0, 63, 53, 92, 240, 702, 987, 1183, 1024, 1675, 144, 0, 0
17:55:57, 1150.10, 29.96, 32.39, 29.617, 254, 289, 625, 1450, 2976, 3793, 4715, 5019, 10485, 732, 0, 0, 59, 49, 86, 224, 651, 918, 1097, 961, 1788, 151, 0, 0
17:55:58, 1151.60, 29.96, 32.39, 29.625, 255, 274, 591, 1434, 3138, 4088, 5149, 5085, 8059, 550, 0, 0, 53, 44, 76, 197, 595, 847, 1016, 881, 1618, 138, 0, 0
17:55:59, 1154.60, 29.96, 32.43, 29.617, 233, 252, 539, 1284, 2804, 3619, 4681, 4719, 6886, 470, 0, 0, 51, 42, 71, 185, 571, 814, 978, 847, 1489, 128, 0, 0
17:55:59, 1150.50, 29.97, 32.43, 29.617, 241, 257, 549, 1351, 2742, 3558, 4534, 4628, 6666, 456, 0, 0, 54, 44, 76, 198, 631, 898, 1081, 929, 1571, 135, 0, 0
17:56:00, 1147.70, 29.97, 32.41, 29.617, 204, 202, 413, 966, 2028, 2668, 3274, 3482, 3867, 275, 0, 0, 63, 51, 88, 231, 696, 984, 1184, 1016, 1625, 140, 0, 0
17:56:01, 1149.50, 29.97, 32.45, 29.617, 204, 215, 436, 1016, 2327, 3012, 3802, 4052, 4581, 319, 0, 0, 59, 49, 84, 219, 646, 916, 1101, 950, 1549, 133, 0, 0
17:56:01, 1153.70, 29.97, 32.38, 29.617, 227, 252, 545, 1269, 2550, 3349, 4120, 4219, 8469, 587, 0, 0, 55, 45, 78, 203, 595, 846, 1016, 884, 1602, 136, 0, 0
17:56:02, 1157.70, 29.97, 32.41, 29.617, 252, 273, 597, 1401, 2793, 3572, 4423, 4809, 7734, 531, 0, 0, 51, 42, 71, 185, 551, 789, 950, 822, 1461, 125, 0, 0
17:56:03, 1158.20, 29.98, 32.41, 29.625, 245, 253, 526, 1314, 2770, 3685, 4766, 4663, 7292, 498, 0, 0, 48, 39, 66, 171, 550, 792, 955, 821, 1450, 124, 0, 0
17:56:03, 1155.80, 29.98, 32.39, 29.625, 183, 181, 361, 871, 1876, 2482, 3055, 3216, 3902, 274, 0, 0, 56, 45, 77, 201, 642, 915, 1109, 948, 1507, 130, 0, 0
17:56:04, 1160.90, 29.98, 32.43, 29.641, 164, 162, 319, 751, 1760, 2290, 2907, 3054, 3301, 233, 0, 0, 53, 43, 72, 188, 544, 782, 946, 815, 1355, 116, 0, 0
17:56:05, 1165.20, 29.98, 32.43, 29.648, 194, 213, 436, 1033, 2373, 3117, 3931, 4061, 7404, 507, 0, 0, 46, 37, 62, 162, 506, 731, 883, 764, 1381, 117, 0, 0
17:56:05, 1167.50, 29.98, 32.39, 29.648, 199, 206, 428, 1073, 2445, 3282, 4145, 4133, 6621, 459, 0, 0, 44, 36, 59, 152, 479, 696, 843, 727, 1292, 110, 0, 0
17:56:06, 1170.00, 29.99, 32.39, 29.664, 193, 194, 392, 1005, 2214, 2947, 3765, 3714, 5782, 396, 0, 0, 42, 34, 56, 144, 460, 671, 813, 699, 1221, 104, 0, 0
17:56:07, 1171.80, 29.99, 32.39, 29.672, 170, 173, 344, 877, 1972, 2592, 3302, 3396, 5433, 370, 0, 0, 41, 33, 55, 141, 452, 662, 803, 690, 1187, 101, 0, 0
17:56:07, 1173.80, 29.99, 32.41, 29.672, 159, 159, 309, 760, 1573, 2097, 2640, 2753, 3112, 219, 0, 0, 46, 37, 61, 157, 477, 698, 850, 723, 1164, 100, 0, 0
17:56:08, 1179.10, 29.99, 32.38, 29.680, 151, 156, 309, 758, 1843, 2460, 3121, 3235, 5739, 395, 0, 0, 37, 30, 49, 125, 406, 600, 731, 626, 1097, 93, 0, 0
17:56:09, 1180.50, 30.00, 32.39, 29.687, 144, 144, 287, 718, 1695, 2282, 2906, 2922, 4307, 297, 0, 0, 36, 29, 47, 121, 401, 593, 724, 617, 1047, 90, 0, 0
17:56:09, 1179.70, 30.00, 32.39, 29.687, 145, 142, 278, 696, 1596, 2164, 2730, 2775, 3728, 258, 0, 0, 38, 30, 48, 124, 420, 620, 759, 644, 1031, 89, 0, 0
17:56:10, 1179.80, 30.00, 32.39, 29.695, 128, 127, 237, 590, 1504, 2038, 2601, 2706, 3184, 221, 0, 0, 41, 33, 52, 135, 444, 654, 798, 681, 1068, 92, 0, 0
17:56:11, 1180.20, 30.00, 32.39, 29.695, 130, 132, 254, 622, 1466, 1989, 2536, 2626, 3158, 219, 0, 0, 39, 31, 50, 128, 418, 618, 756, 642, 1051, 90, 0, 0
17:56:11, 1184.90, 30.00, 32.41, 29.695, 144, 141, 275, 723, 1613, 2199, 2756, 2863, 5171, 369, 0, 0, 36, 29, 46, 118, 383, 569, 695, 596, 1035, 89, 0, 0
17:56:12, 1188.90, 30.01, 32.41, 29.687, 137, 134, 260, 682, 1679, 2279, 2920, 2858, 4610, 315, 0, 0, 33, 27, 42, 108, 363, 541, 663, 568, 987, 84, 0, 0
17:56:13, 1195.00, 30.01, 32.41, 29.687, 112, 104, 201, 528, 1353, 1879, 2355, 2311, 4193, 292, 0, 0, 31, 25, 39, 99, 331, 499, 613, 524, 909, 78, 0, 0
17:56:13, 1205.20, 30.01, 32.38, 29.687, 108, 104, 193, 511, 1256, 1739, 2200, 2147, 3756, 260, 0, 0, 27, 22, 33, 84, 284, 433, 535, 455, 791, 67, 0, 0
17:56:14, 1208.50, 30.01, 32.39, 29.672, 95, 89, 160, 420, 1030, 1433, 1866, 1846, 2716, 189, 0, 0, 26, 21, 31, 78, 290, 444, 552, 466, 790, 68, 0, 0
17:56:15, 1217.30, 30.01, 32.38, 29.664, 88, 83, 146, 387, 871, 1254, 1598, 1555, 2597, 184, 0, 0, 25, 20, 29, 72, 249, 385, 480, 408, 697, 60, 0, 0
17:56:15, 1217.20, 30.01, 32.36, 29.664, 79, 73, 127, 340, 869, 1224, 1601, 1581, 2209, 154, 0, 0, 22, 18, 26, 65, 245, 380, 476, 400, 661, 57, 0, 0
17:56:16, 1220.10, 30.01, 32.38, 29.641, 71, 63, 106, 272, 807, 1139, 1461, 1467, 1988, 140, 0, 0, 22, 17, 25, 62, 225, 352, 441, 372, 617, 53, 0, 0
17:56:17, 1220.60, 30.01, 32.38, 29.625, 75, 70, 119, 311, 852, 1202, 1553, 1552, 2248, 157, 0, 0, 21, 17, 24, 59, 224, 349, 438, 369, 597, 51, 0, 0
17:56:17, 1216.40, 30.01, 32.38, 29.625, 71, 67, 111, 288, 787, 1116, 1442, 1433, 1781, 126, 0, 0, 23, 19, 27, 67, 250, 386, 483, 405, 629, 54, 0, 0
17:56:18, 1216.10, 30.01, 32.41, 29.617, 73, 69, 118, 304, 897, 1272, 1646, 1648, 2211, 155, 0, 0, 22, 18, 26, 65, 238, 369, 461, 388, 633, 54, 0, 0
17:56:19, 1216.70, 30.01, 32.39, 29.625, 70, 63, 107, 274, 769, 1087, 1374, 1385, 1784, 126, 0, 0, 23, 18, 27, 66, 236, 366, 457, 384, 653, 56, 0, 0
17:56:19, 1216.80, 30.02, 32.38, 29.625, 80, 75, 131, 341, 912, 1277, 1663, 1645, 2385, 167, 0, 0, 21, 17, 25, 62, 232, 361, 451, 379, 628, 54, 0, 0
17:56:20, 1215.20, 30.02, 32.41, 29.633, 77, 71, 122, 315, 860, 1216, 1554, 1560, 2012, 141, 0, 0, 23, 18, 27, 66, 249, 385, 482, 404, 637, 55, 0, 0
17:56:21, 1213.70, 30.02, 32.38, 29.648, 73, 69, 116, 300, 838, 1186, 1531, 1529, 2003, 140, 0, 0, 24, 19, 28, 69, 256, 396, 494, 414, 647, 56, 0, 0
17:56:21, 1216.30, 30.02, 32.39, 29.648, 73, 68, 117, 301, 855, 1203, 1555, 1547, 2034, 142, 0, 0, 23, 18, 27, 66, 238, 369, 460, 386, 643, 55, 0, 0
17:56:22, 1216.30, 30.02, 32.41, 29.648, 79, 73, 125, 342, 923, 1300, 1684, 1624, 2443, 170, 0, 0, 22, 17, 26, 63, 239, 371, 462, 387, 651, 56, 0, 0
17:56:23, 1218.80, 30.02, 32.39, 29.656, 66, 57, 95, 243, 643, 929, 1155, 1150, 1559, 112, 0, 0, 24, 19, 28, 70, 246, 383, 479, 400, 653, 56, 0, 0
17:56:23, 1224.20, 30.02, 32.39, 29.656, 69, 64, 109, 280, 808, 1138, 1479, 1461, 1997, 140, 0, 0, 21, 16, 24, 58, 217, 339, 424, 357, 591, 51, 0, 0
17:56:24, 1226.20, 30.02, 32.36, 29.656, 64, 57, 94, 258, 776, 1096, 1413, 1406, 2493, 176, 0, 0, 19, 15, 22, 54, 204, 320, 402, 337, 564, 48, 0, 0
17:56:25, 1225.20, 30.02, 32.39, 29.656, 62, 55, 91, 233, 583, 843, 1056, 1055, 1371, 98, 0, 0, 23, 18, 26, 64, 245, 383, 482, 400, 641, 56, 0, 0
17:56:25, 1231.40, 30.03, 32.36, 29.656, 55, 47, 75, 188, 609, 877, 1115, 1113, 1389, 99, 0, 0, 19, 15, 22, 52, 194, 307, 387, 323, 515, 44, 0, 0
17:56:26, 1236.10, 30.03, 32.34, 29.648, 61, 56, 92, 240, 716, 1018, 1326, 1315, 2089, 148, 0, 0, 17, 14, 20, 47, 183, 291, 366, 308, 530, 45, 0, 0
17:56:27, 1237.90, 30.03, 32.39, 29.641, 57, 53, 87, 228, 656, 948, 1220, 1192, 1764, 125, 0, 0, 16, 13, 19, 45, 175, 280, 354, 295, 477, 41, 0, 0
17:56:27, 1242.10, 30.03, 32.38, 29.641, 55, 51, 81, 211, 624, 907, 1167, 1140, 1641, 116, 0, 0, 16, 12, 18, 42, 163, 262, 332, 277, 459, 39, 0, 0
17:56:28, 1245.70, 30.03, 32.38, 29.625, 53, 49, 78, 204, 612, 886, 1147, 1123, 1708, 120, 0, 0, 15, 12, 17, 40, 157, 254, 321, 268, 447, 38, 0, 0
17:56:29, 1249.70, 30.03, 32.39, 29.617, 46, 41, 63, 171, 515, 769, 977, 917, 1736, 123, 0, 0, 14, 11, 15, 36, 146, 237, 301, 250, 407, 35, 0, 0
17:56:29, 1254.90, 30.03, 32.34, 29.617, 45, 41, 64, 166, 513, 751, 991, 952, 1449, 102, 0, 0, 13, 10, 14, 33, 135, 221, 281, 235, 391, 33, 0, 0
17:56:30, 1255.80, 30.03, 32.39, 29.617, 45, 41, 62, 168, 507, 747, 984, 939, 1454, 103, 0, 0, 13, 10, 14, 33, 133, 217, 278, 231, 379, 32, 0, 0
17:56:31, 1260.60, 30.03, 32.36, 29.617, 42, 38, 59, 151, 474, 697, 916, 883, 1327, 94, 0, 0, 12, 10, 13, 31, 127, 209, 267, 222, 369, 31, 0, 0
17:56:31, 1263.60, 30.03, 32.39, 29.617, 38, 35, 52, 137, 441, 650, 855, 826, 1394, 99, 0, 0, 11, 9, 12, 29, 118, 195, 251, 208, 338, 29, 0, 0
17:56:32, 1269.20, 30.02, 32.36, 29.609, 36, 33, 50, 127, 411, 613, 803, 770, 1160, 82, 0, 0, 11, 8, 12, 27, 111, 184, 237, 198, 328, 28, 0, 0
17:56:33, 1273.80, 30.03, 32.41, 29.617, 34, 31, 46, 119, 377, 567, 740, 700, 1247, 89, 0, 0, 10, 8, 11, 25, 103, 173, 223, 186, 309, 26, 0, 0
17:56:33, 1278.50, 30.03, 32.38, 29.617, 32, 29, 42, 111, 360, 548, 713, 661, 1114, 79, 0, 0, 9, 7, 10, 22, 95, 160, 209, 173, 281, 24, 0, 0
17:56:34, 1282.70, 30.02, 32.38, 29.602, 29, 27, 38, 98, 330, 503, 663, 616, 982, 70, 0, 0, 9, 7, 9, 21, 89, 152, 198, 165, 269, 23, 0, 0
17:56:35, 1283.90, 30.03, 32.38, 29.602, 28, 26, 37, 93, 321, 489, 646, 604, 966, 69, 0, 0, 8, 7, 9, 20, 87, 149, 194, 162, 263, 22, 0, 0
17:56:35, 1287.80, 30.03, 32.36, 29.602, 27, 25, 35, 87, 303, 463, 604, 574, 846, 60, 0, 0, 8, 7, 9, 20, 86, 146, 191, 159, 260, 22, 0, 0
17:56:36, 1291.60, 30.02, 32.38, 29.586, 25, 23, 32, 82, 289, 440, 585, 554, 904, 65, 0, 0, 8, 6, 8, 18, 79, 136, 179, 149, 243, 20, 0, 0
17:56:37, 1294.30, 30.03, 32.36, 29.570, 24, 22, 31, 79, 271, 416, 553, 520, 808, 58, 0, 0, 7, 6, 8, 17, 76, 131, 173, 144, 232, 20, 0, 0
17:56:37, 1295.80, 30.03, 32.38, 29.570, 23, 21, 30, 74, 259, 399, 530, 497, 794, 57, 0, 0, 7, 6, 8, 16, 74, 127, 169, 141, 226, 19, 0, 0
17:56:38, 1297.00, 30.03, 32.36, 29.570, 23, 21, 29, 73, 257, 397, 525, 493, 766, 55, 0, 0, 7, 6, 8, 16, 73, 127, 169, 141, 223, 19, 0, 0
17:56:39, 1299.00, 30.02, 32.39, 29.570, 22, 20, 28, 70, 247, 383, 504, 475, 789, 57, 0, 0, 7, 5, 7, 16, 71, 124, 165, 138, 217, 18, 0, 0
17:56:39, 1302.60, 30.03, 32.36, 29.570, 22, 20, 27, 68, 240, 374, 488, 459, 785, 57, 0, 0, 7, 5, 7, 15, 69, 120, 160, 134, 220, 18, 0, 0
17:56:40, 1306.40, 30.02, 32.38, 29.562, 21, 19, 26, 64, 229, 358, 471, 442, 731, 53, 0, 0, 6, 5, 7, 14, 65, 114, 153, 128, 205, 17, 0, 0
17:56:41, 1311.30, 30.02, 32.39, 29.562, 19, 18, 25, 59, 210, 329, 437, 407, 633, 46, 0, 0, 6, 5, 7, 13, 62, 109, 146, 123, 198, 16, 0, 0
17:56:41, 1316.20, 30.02, 32.34, 29.562, 18, 16, 21, 53, 192, 302, 402, 370, 590, 43, 0, 0, 6, 4, 6, 12, 57, 101, 138, 116, 183, 15, 0, 0
17:56:42, 1322.10, 30.02, 32.36, 29.555, 17, 15, 20, 49, 183, 291, 384, 351, 558, 40, 0, 0, 5, 4, 6, 12, 55, 98, 134, 113, 176, 15, 0, 0
17:56:43, 1329.10, 30.02, 32.39, 29.555, 15, 14, 18, 44, 163, 261, 347, 319, 501, 36, 0, 0, 5, 4, 5, 11, 50, 91, 126, 108, 166, 14, 0, 0
17:56:43, 1333.10, 30.02, 32.34, 29.555, 13, 12, 16, 38, 142, 229, 304, 279, 431, 31, 0, 0, 5, 4, 5, 10, 47, 86, 121, 103, 158, 13, 0, 0
17:56:44, 1337.40, 30.02, 32.36, 29.547, 13, 12, 15, 36, 138, 223, 298, 272, 440, 32, 0, 0, 5, 4, 5, 10, 46, 84, 119, 102, 156, 13, 0, 0
17:56:45, 1342.90, 30.02, 32.36, 29.547, 12, 11, 14, 33, 127, 207, 276, 250, 418, 31, 0, 0, 5, 4, 5, 9, 44, 81, 115, 100, 151, 12, 0, 0
17:56:45, 1344.50, 30.02, 32.38, 29.539, 11, 10, 13, 30, 119, 195, 260, 237, 372, 27, 0, 0, 4, 3, 5, 9, 43, 80, 115, 100, 149, 12, 0, 0
17:56:46, 1349.40, 30.02, 32.34, 29.531, 11, 10, 12, 29, 115, 187, 250, 228, 386, 28, 0, 0, 4, 4, 5, 9, 42, 79, 114, 100, 149, 12, 0, 0
17:56:47, 1353.70, 30.02, 32.38, 29.531, 10, 9, 11, 26, 106, 175, 234, 212, 353, 26, 0, 0, 4, 3, 4, 8, 41, 77, 112, 100, 145, 12, 0, 0
17:56:47, 1352.90, 30.02, 32.38, 29.531, 9, 9, 11, 25, 101, 167, 223, 202, 309, 23, 0, 0, 4, 3, 5, 8, 41, 78, 113, 100, 144, 12, 0, 0
17:56:48, 1354.60, 30.02, 32.36, 29.516, 9, 9, 11, 25, 103, 170, 227, 206, 331, 24, 0, 0, 4, 3, 5, 8, 41, 77, 112, 99, 143, 12, 0, 0
17:56:49, 1361.30, 30.01, 32.38, 29.516, 9, 9, 10, 24, 97, 160, 215, 195, 327, 24, 0, 0, 4, 3, 5, 8, 40, 75, 110, 99, 145, 12, 0, 0
17:56:49, 1363.90, 30.02, 32.39, 29.508, 8, 8, 9, 21, 85, 142, 190, 171, 265, 19, 0, 0, 4, 3, 4, 8, 39, 74, 109, 99, 141, 12, 0, 0
17:56:50, 1367.70, 30.02, 32.38, 29.492, 8, 7, 9, 20, 85, 142, 190, 171, 268, 20, 0, 0, 4, 3, 4, 8, 39, 74, 110, 100, 142, 12, 0, 0
17:56:51, 1377.00, 30.01, 32.34, 29.492, 7, 7, 8, 19, 77, 130, 175, 155, 262, 19, 0, 0, 4, 3, 4, 8, 37, 71, 107, 100, 139, 12, 0, 0
17:56:51, 1380.10, 30.01, 32.34, 29.484, 6, 6, 7, 15, 66, 112, 151, 134, 211, 16, 0, 0, 4, 3, 4, 8, 37, 71, 108, 100, 140, 12, 0, 0
17:56:52, 1383.90, 30.01, 32.36, 29.469, 6, 6, 7, 15, 66, 111, 150, 134, 214, 16, 0, 0, 4, 3, 4, 7, 34, 66, 101, 95, 136, 11, 0, 0
17:56:53, 1391.50, 30.01, 32.34, 29.469, 6, 6, 6, 14, 61, 104, 140, 125, 204, 15, 0, 0, 4, 3, 4, 7, 31, 61, 94, 90, 130, 11, 0, 0
17:56:53, 1396.30, 30.01, 32.36, 29.453, 5, 5, 5, 12, 52, 89, 121, 107, 171, 13, 0, 0, 2, 2, 3, 5, 22, 44, 69, 66, 106, 9, 0, 0
17:56:54, 1395.70, 30.01, 32.36, 29.445, 5, 5, 5, 11, 51, 88, 120, 106, 171, 13, 0, 0, 3, 2, 3, 5, 23, 46, 72, 69, 109, 9, 0, 0
17:56:55, 1383.60, 30.00, 32.38, 29.445, 5, 5, 5, 12, 54, 93, 126, 112, 171, 13, 0, 0, 4, 3, 4, 7, 34, 66, 101, 96, 131, 11, 0, 0
17:56:55, 1370.40, 30.01, 32.39, 29.430, 6, 6, 7, 15, 68, 116, 155, 140, 215, 16, 0, 0, 4, 3, 4, 8, 37, 71, 107, 98, 133, 11, 0, 0
17:56:56, 1363.30, 30.00, 32.38, 29.430, 7, 7, 8, 18, 79, 133, 178, 161, 240, 18, 0, 0, 4, 3, 4, 8, 39, 74, 109, 100, 139, 11, 0, 0
17:56:57, 1353.90, 30.00, 32.36, 29.430, 8, 8, 9, 21, 89, 149, 200, 181, 265, 19, 0, 0, 4, 3, 5, 8, 41, 77, 114, 101, 144, 12, 0, 0
17:56:57, 1344.00, 30.00, 32.36, 29.422, 9, 9, 10, 24, 100, 165, 221, 201, 296, 22, 0, 0, 4, 4, 5, 9, 44, 82, 118, 104, 150, 13, 0, 0
17:56:58, 1330.20, 30.00, 32.34, 29.445, 11, 10, 12, 28, 118, 192, 255, 235, 355, 26, 0, 0, 5, 4, 5, 10, 51, 93, 130, 112, 167, 14, 0, 0
17:56:59, 1320.90, 30.00, 32.34, 29.445, 12, 11, 14, 33, 132, 214, 281, 261, 366, 27, 0, 0, 6, 4, 6, 12, 56, 101, 140, 119, 178, 15, 0, 0
17:56:59, 1309.50, 30.00, 32.34, 29.445, 15, 14, 18, 42, 153, 245, 321, 300, 411, 30, 0, 0, 6, 5, 7, 14, 66, 116, 158, 133, 201, 17, 0, 0
17:57:00, 1304.70, 30.01, 32.39, 29.484, 16, 14, 18, 42, 161, 256, 332, 312, 410, 30, 0, 0, 7, 6, 8, 16, 72, 126, 171, 142, 216, 18, 0, 0
17:57:01, 1302.90, 30.01, 32.34, 29.484, 18, 17, 23, 56, 203, 317, 421, 393, 568, 41, 0, 0, 7, 5, 7, 15, 71, 125, 169, 141, 216, 18, 0, 0
17:57:01, 1298.60, 30.01, 32.32, 29.508, 18, 16, 21, 52, 191, 301, 390, 370, 523, 38, 0, 0, 8, 6, 8, 17, 77, 134, 180, 150, 235, 20, 0, 0
17:57:02, 1298.30, 30.01, 32.38, 29.531, 20, 18, 25, 61, 208, 325, 426, 403, 557, 40, 0, 0, 8, 6, 8, 17, 78, 135, 182, 152, 235, 20, 0, 0
17:57:03, 1292.70, 30.01, 32.32, 29.531, 22, 19, 26, 67, 218, 338, 446, 421, 591, 43, 0, 0, 9, 7, 9, 20, 93, 160, 212, 175, 269, 23, 0, 0
17:57:03, 1292.30, 30.01, 32.36, 29.547, 19, 16, 22, 52, 194, 304, 393, 373, 492, 36, 0, 0, 9, 7, 9, 19, 88, 152, 202, 167, 257, 22, 0, 0
17:57:04, 1294.10, 30.01, 32.38, 29.562, 20, 18, 24, 58, 223, 346, 456, 431, 587, 42, 0, 0, 8, 6, 9, 18, 80, 139, 186, 156, 242, 20, 0, 0
17:57:05, 1293.50, 30.02, 32.39, 29.562, 22, 20, 28, 68, 248, 383, 507, 478, 698, 50, 0, 0, 8, 6, 8, 17, 79, 137, 184, 155, 243, 20, 0, 0
17:57:05, 1292.40, 30.02, 32.36, 29.570, 24, 22, 30, 74, 263, 406, 533, 506, 723, 52, 0, 0, 8, 6, 9, 18, 81, 140, 187, 158, 249, 21, 0, 0
17:57:06, 1301.50, 30.02, 32.36, 29.578, 24, 22, 31, 77, 274, 423, 556, 524, 833, 60, 0, 0, 8, 6, 8, 18, 82, 143, 192, 163, 273, 23, 0, 0
17:57:07, 1309.40, 30.02, 32.34, 29.578, 19, 17, 23, 57, 201, 316, 416, 389, 594, 43, 0, 0, 7, 5, 7, 15, 67, 118, 163, 139, 208, 18, 0, 0
17:57:07, 1297.80, 30.02, 32.32, 29.570, 16, 14, 18, 43, 161, 255, 334, 313, 390, 28, 0, 0, 8, 6, 8, 17, 82, 142, 191, 160, 241, 20, 0, 0
17:57:08, 1296.70, 30.03, 32.34, 29.578, 19, 16, 22, 53, 203, 318, 413, 391, 534, 39, 0, 0, 8, 6, 8, 17, 79, 137, 184, 156, 240, 20, 0, 0
17:57:09, 1296.00, 30.03, 32.34, 29.578, 22, 20, 27, 66, 245, 379, 506, 472, 739, 53, 0, 0, 8, 6, 8, 17, 77, 134, 182, 155, 240, 20, 0, 0
17:57:09, 1293.20, 30.03, 32.32, 29.570, 21, 19, 26, 64, 234, 365, 478, 452, 629, 46, 0, 0, 8, 7, 9, 18, 83, 143, 192, 162, 249, 21, 0, 0
17:57:10, 1295.80, 30.03, 32.34, 29.570, 23, 21, 30, 73, 261, 402, 530, 502, 798, 57, 0, 0, 8, 6, 9, 18, 79, 139, 187, 159, 245, 21, 0, 0
17:57:11, 1294.90, 30.03, 32.38, 29.570, 22, 20, 28, 69, 245, 379, 502, 472, 700, 50, 0, 0, 8, 6, 8, 17, 81, 141, 189, 160, 243, 21, 0, 0
17:57:11, 1295.40, 30.03, 32.38, 29.570, 22, 20, 28, 69, 252, 390, 513, 485, 710, 51, 0, 0, 8, 6, 9, 18, 81, 140, 189, 160, 247, 21, 0, 0
17:57:12, 1287.90, 30.03, 32.36, 29.578, 22, 21, 29, 71, 239, 370, 490, 461, 647, 46, 0, 0, 9, 7, 9, 19, 93, 160, 214, 178, 271, 23, 0, 0
17:57:13, 1298.20, 30.03, 32.34, 29.578, 20, 17, 24, 58, 220, 344, 447, 422, 569, 41, 0, 0, 8, 7, 9, 19, 82, 143, 193, 164, 262, 22, 0, 0
17:57:13, 1310.70, 30.03, 32.36, 29.578, 17, 15, 20, 50, 203, 323, 422, 385, 721, 53, 0, 0, 7, 6, 7, 15, 68, 121, 168, 145, 220, 18, 0, 0
17:57:14, 1315.70, 30.03, 32.34, 29.578, 17, 15, 20, 49, 184, 292, 388, 360, 545, 39, 0, 0, 7, 5, 7, 14, 65, 116, 163, 142, 216, 18, 0, 0
17:57:15, 1317.90, 30.03, 32.34, 29.578, 17, 15, 20, 49, 181, 286, 381, 354, 540, 39, 0, 0, 7, 5, 7, 14, 64, 115, 161, 142, 212, 18, 0, 0
17:57:15, 1308.20, 30.03, 32.34, 29.555, 16, 15, 20, 48, 166, 265, 349, 326, 460, 33, 0, 0, 7, 6, 8, 15, 72, 128, 177, 151, 225, 19, 0, 0
17:57:16, 1305.40, 30.03, 32.34, 29.555, 16, 14, 18, 42, 165, 261, 342, 321, 414, 30, 0, 0, 8, 6, 8, 16, 74, 132, 181, 154, 228, 19, 0, 0
17:57:17, 1308.60, 30.03, 32.38, 29.555, 18, 17, 22, 54, 205, 320, 429, 401, 628, 45, 0, 0, 7, 6, 8, 15, 70, 124, 172, 150, 230, 19, 0, 0
17:57:17, 1305.40, 30.03, 32.34, 29.562, 19, 17, 23, 57, 207, 324, 433, 402, 643, 46, 0, 0, 7, 6, 8, 15, 72, 128, 177, 152, 234, 20, 0, 0
17:57:18, 1296.50, 30.03, 32.32, 29.562, 18, 16, 21, 51, 186, 296, 387, 364, 500, 36, 0, 0, 8, 6, 9, 18, 82, 144, 195, 165, 249, 21, 0, 0
17:57:19, 1295.50, 30.04, 32.36, 29.562, 19, 17, 23, 56, 211, 327, 433, 407, 526, 38, 0, 0, 9, 7, 9, 19, 85, 148, 200, 170, 252, 21, 0, 0
17:57:19, 1297.20, 30.04, 32.34, 29.562, 22, 20, 27, 68, 243, 375, 500, 471, 729, 52, 0, 0, 8, 6, 9, 17, 79, 139, 189, 162, 248, 21, 0, 0
17:57:20, 1291.30, 30.04, 32.36, 29.578, 22, 20, 28, 67, 229, 356, 471, 444, 667, 48, 0, 0, 8, 7, 9, 19, 91, 158, 213, 179, 287, 25, 0, 0
17:57:21, 1287.70, 30.04, 32.32, 29.578, 20, 17, 23, 57, 205, 323, 416, 393, 582, 43, 0, 0, 9, 7, 10, 21, 94, 163, 218, 184, 288, 25, 0, 0
17:57:21, 1288.30, 30.04, 32.34, 29.586, 23, 21, 29, 70, 267, 410, 545, 511, 748, 53, 0, 0, 9, 7, 9, 19, 88, 153, 206, 175, 269, 23, 0, 0
17:57:22, 1289.40, 30.04, 32.36, 29.586, 21, 19, 26, 63, 253, 389, 515, 486, 691, 49, 0, 0, 8, 7, 9, 19, 86, 150, 202, 173, 263, 22, 0, 0
17:57:23, 1279.50, 30.04, 32.34, 29.586, 20, 17, 23, 56, 209, 325, 423, 399, 494, 36, 0, 0, 10, 8, 11, 24, 107, 182, 241, 201, 299, 25, 0, 0
17:57:23, 1281.40, 30.05, 32.32, 29.586, 23, 20, 28, 68, 261, 400, 527, 500, 652, 47, 0, 0, 10, 8, 10, 22, 97, 166, 221, 187, 289, 24, 0, 0
17:57:24, 1282.90, 30.05, 32.32, 29.594, 27, 24, 35, 88, 299, 462, 603, 555, 965, 69, 0, 0, 9, 7, 10, 21, 92, 159, 212, 180, 287, 24, 0, 0
17:57:25, 1274.60, 30.05, 32.36, 29.594, 24, 20, 28, 70, 228, 357, 459, 437, 602, 44, 0, 0, 11, 9, 12, 26, 117, 198, 262, 218, 339, 29, 0, 0
17:57:25, 1276.50, 30.05, 32.34, 29.594, 22, 19, 26, 63, 226, 351, 449, 427, 554, 41, 0, 0, 11, 9, 12, 26, 104, 177, 235, 196, 303, 26, 0, 0
17:57:26, 1278.40, 30.05, 32.32, 29.602, 28, 25, 36, 90, 296, 451, 592, 565, 772, 55, 0, 0, 10, 8, 11, 22, 97, 165, 219, 183, 286, 24, 0, 0
17:57:27, 1272.60, 30.05, 32.30, 29.602, 27, 24, 34, 84, 287, 440, 572, 550, 727, 52, 0, 0, 11, 8, 12, 25, 112, 188, 247, 206, 311, 27, 0, 0
17:57:27, 1269.80, 30.05, 32.34, 29.602, 26, 23, 32, 80, 262, 398, 523, 492, 613, 44, 0, 0, 12, 10, 13, 29, 126, 209, 273, 226, 328, 28, 0, 0
17:57:28, 1275.10, 30.05, 32.32, 29.617, 29, 26, 37, 93, 342, 514, 681, 647, 972, 69, 0, 0, 10, 8, 11, 23, 100, 168, 219, 183, 307, 26, 0, 0
17:57:29, 1271.70, 30.05, 32.36, 29.617, 32, 29, 42, 111, 365, 553, 725, 676, 1099, 78, 0, 0, 10, 8, 11, 23, 103, 174, 227, 190, 312, 27, 0, 0
17:57:29, 1270.40, 30.06, 32.34, 29.609, 26, 22, 30, 75, 243, 377, 480, 458, 600, 44, 0, 0, 12, 9, 13, 28, 120, 200, 261, 215, 329, 28, 0, 0
17:57:30, 1275.60, 30.06, 32.34, 29.609, 24, 20, 28, 68, 244, 375, 480, 459, 578, 42, 0, 0, 11, 9, 12, 27, 105, 177, 230, 191, 294, 25, 0, 0
17:57:31, 1278.70, 30.06, 32.32, 29.609, 30, 27, 39, 100, 334, 505, 670, 639, 971, 69, 0, 0, 9, 7, 10, 21, 93, 157, 204, 170, 281, 24, 0, 0
17:57:31, 1274.40, 30.06, 32.32, 29.602, 29, 26, 36, 92, 293, 447, 582, 558, 766, 55, 0, 0, 10, 8, 11, 23, 107, 180, 235, 194, 301, 26, 0, 0
17:57:32, 1271.70, 30.06, 32.34, 29.609, 23, 20, 28, 67, 238, 364, 472, 448, 548, 40, 0, 0, 12, 9, 12, 28, 121, 201, 262, 215, 312, 27, 0, 0
17:57:33, 1278.60, 30.06, 32.32, 29.609, 26, 24, 34, 84, 320, 487, 641, 598, 889, 63, 0, 0, 9, 7, 10, 22, 93, 157, 203, 169, 279, 24, 0, 0
17:57:33, 1278.70, 30.06, 32.32, 29.602, 29, 26, 38, 99, 332, 509, 666, 617, 1064, 76, 0, 0, 9, 7, 10, 21, 90, 153, 199, 165, 275, 23, 0, 0
17:57:34, 1274.90, 30.06, 32.30, 29.602, 21, 18, 24, 59, 190, 301, 385, 359, 549, 41, 0, 0, 12, 9, 13, 29, 123, 207, 269, 221, 364, 32, 0, 0
17:57:35, 1279.90, 30.06, 32.30, 29.602, 18, 15, 22, 51, 184, 292, 370, 346, 485, 36, 0, 0, 11, 8, 11, 25, 99, 167, 218, 179, 282, 24, 0, 0
17:57:35, 1285.00, 30.06, 32.38, 29.594, 25, 23, 32, 78, 290, 443, 584, 554, 809, 58, 0, 0, 8, 6, 9, 19, 85, 144, 188, 156, 253, 21, 0, 0
17:57:36, 1277.80, 30.06, 32.32, 29.602, 25, 23, 32, 79, 259, 400, 525, 496, 633, 46, 0, 0, 9, 7, 10, 22, 99, 167, 217, 179, 271, 23, 0, 0
17:57:37, 1271.80, 30.06, 32.34, 29.602, 25, 23, 32, 78, 275, 417, 550, 516, 655, 47, 0, 0, 11, 9, 12, 27, 115, 191, 247, 203, 299, 26, 0, 0
17:57:37, 1275.40, 30.06, 32.34, 29.602, 30, 27, 40, 100, 352, 529, 700, 668, 981, 70, 0, 0, 10, 8, 10, 23, 99, 166, 214, 178, 298, 25, 0, 0
17:57:38, 1267.50, 30.06, 32.30, 29.609, 33, 30, 43, 114, 353, 533, 701, 667, 1021, 73, 0, 0, 11, 9, 12, 27, 122, 204, 262, 217, 371, 32, 0, 0
17:57:39, 1264.40, 30.07, 32.30, 29.609, 28, 24, 34, 87, 290, 445, 569, 542, 830, 60, 0, 0, 12, 10, 13, 31, 132, 218, 280, 231, 389, 34, 0, 0
17:57:39, 1270.20, 30.07, 32.34, 29.609, 31, 27, 39, 98, 377, 566, 740, 710, 1047, 75, 0, 0, 10, 8, 11, 25, 109, 182, 233, 194, 322, 27, 0, 0
17:57:40, 1262.00, 30.07, 32.32, 29.617, 35, 31, 46, 123, 412, 618, 806, 753, 1196, 85, 0, 0, 11, 9, 12, 27, 125, 207, 266, 218, 352, 30, 0, 0
17:57:41, 1256.40, 30.07, 32.28, 29.617, 30, 25, 37, 92, 311, 473, 603, 577, 735, 53, 0, 0, 14, 11, 15, 34, 143, 233, 299, 245, 374, 32, 0, 0
17:57:41, 1257.10, 30.07, 32.30, 29.609, 33, 29, 42, 104, 357, 532, 685, 661, 806, 58, 0, 0, 14, 11, 15, 36, 134, 220, 281, 232, 368, 31, 0, 0
17:57:42, 1253.70, 30.07, 32.32, 29.609, 42, 38, 56, 154, 494, 736, 956, 897, 1487, 105, 0, 0, 12, 10, 14, 31, 136, 223, 285, 235, 392, 33, 0, 0
17:57:43, 1245.60, 30.07, 32.34, 29.609, 38, 32, 48, 123, 368, 558, 705, 675, 991, 72, 0, 0, 16, 13, 18, 42, 166, 268, 340, 281, 461, 40, 0, 0
17:57:43, 1245.20, 30.08, 32.32, 29.609, 39, 32, 48, 121, 388, 583, 728, 709, 919, 67, 0, 0, 17, 13, 19, 45, 164, 265, 335, 276, 449, 39, 0, 0
17:57:44, 1244.40, 30.08, 32.30, 29.625, 49, 45, 70, 183, 518, 760, 986, 956, 1335, 95, 0, 0, 16, 12, 17, 41, 170, 274, 346, 285, 462, 40, 0, 0
17:57:45, 1239.10, 30.08, 32.32, 29.625, 42, 36, 55, 140, 440, 651, 828, 804, 1011, 73, 0, 0, 17, 13, 19, 45, 181, 290, 366, 301, 464, 40, 0, 0
17:57:45, 1237.00, 30.08, 32.32, 29.625, 44, 39, 60, 149, 478, 694, 889, 867, 1044, 75, 0, 0, 18, 14, 20, 48, 181, 289, 363, 301, 474, 41, 0, 0
17:57:46, 1238.50, 30.08, 32.34, 29.633, 54, 50, 80, 207, 651, 941, 1225, 1183, 1789, 125, 0, 0, 16, 13, 18, 43, 169, 271, 340, 284, 488, 41, 0, 0
17:57:47, 1230.20, 30.08, 32.34, 29.633, 55, 49, 77, 201, 520, 768, 975, 949, 1428, 103, 0, 0, 20, 16, 23, 55, 216, 342, 429, 355, 598, 52, 0, 0
17:57:47, 1230.40, 30.08, 32.30, 29.633, 51, 43, 67, 172, 509, 751, 932, 930, 1236, 89, 0, 0, 20, 16, 23, 56, 214, 338, 423, 349, 563, 49, 0, 0
17:57:48, 1233.80, 30.08, 32.30, 29.633, 52, 45, 71, 181, 546, 793, 1000, 987, 1306, 93, 0, 0, 19, 15, 22, 53, 198, 315, 396, 328, 527, 45, 0, 0
17:57:49, 1230.70, 30.09, 32.30, 29.641, 57, 52, 84, 222, 641, 925, 1201, 1151, 1699, 119, 0, 0, 17, 14, 20, 47, 211, 334, 421, 348, 542, 47, 0, 0
17:57:49, 1223.20, 30.09, 32.32, 29.633, 48, 40, 64, 161, 508, 743, 931, 914, 1115, 81, 0, 0, 23, 18, 26, 64, 246, 384, 482, 398, 605, 52, 0, 0
17:57:50, 1225.80, 30.09, 32.30, 29.633, 58, 53, 85, 219, 658, 942, 1213, 1186, 1498, 106, 0, 0, 21, 16, 24, 58, 211, 332, 414, 345, 560, 48, 0, 0
17:57:51, 1220.90, 30.09, 32.26, 29.633, 68, 62, 106, 285, 820, 1186, 1516, 1494, 2583, 186, 0, 0, 19, 15, 22, 53, 220, 345, 429, 357, 610, 52, 0, 0
17:57:51, 1212.80, 30.09, 32.34, 29.641, 48, 40, 63, 166, 502, 744, 920, 888, 1399, 102, 0, 0, 27, 21, 32, 78, 286, 443, 547, 456, 792, 69, 0, 0
17:57:52, 1214.50, 30.09, 32.32, 29.641, 67, 56, 93, 238, 789, 1121, 1417, 1435, 1944, 137, 0, 0, 23, 18, 27, 67, 239, 371, 458, 381, 641, 55, 0, 0
17:57:53, 1212.30, 30.09, 32.30, 29.664, 81, 75, 130, 351, 958, 1349, 1734, 1688, 2684, 187, 0, 0, 22, 17, 26, 63, 245, 379, 468, 389, 641, 55, 0, 0
17:57:53, 1201.40, 30.10, 32.28, 29.656, 74, 67, 112, 285, 775, 1096, 1385, 1380, 1656, 118, 0, 0, 27, 22, 33, 82, 314, 479, 588, 487, 744, 64, 0, 0
17:57:54, 1197.90, 30.10, 32.32, 29.656, 73, 66, 113, 281, 830, 1150, 1476, 1469, 1677, 119, 0, 0, 31, 24, 37, 94, 322, 489, 598, 498, 785, 68, 0, 0
17:57:55, 1187.60, 30.10, 32.32, 29.664, 94, 86, 151, 382, 849, 1198, 1465, 1520, 1916, 137, 0, 0, 35, 28, 44, 111, 399, 598, 726, 608, 1059, 92, 0, 0
17:57:55, 1184.30, 30.10, 32.32, 29.664, 95, 79, 142, 353, 903, 1276, 1540, 1582, 1986, 143, 0, 0, 37, 29, 46, 118, 393, 585, 711, 595, 967, 84, 0, 0
17:57:56, 1187.50, 30.10, 32.30, 29.664, 112, 106, 194, 487, 1338, 1823, 2301, 2331, 3089, 213, 0, 0, 31, 25, 39, 100, 336, 503, 609, 514, 878, 75, 0, 0
17:57:57, 1176.50, 30.11, 32.32, 29.656, 132, 127, 236, 628, 1543, 2104, 2695, 2663, 4009, 276, 0, 0, 34, 27, 43, 111, 436, 645, 782, 655, 1098, 95, 0, 0
17:57:57, 1167.50, 30.11, 32.28, 29.656, 113, 91, 171, 423, 1084, 1534, 1809, 1903, 2436, 175, 0, 0, 46, 37, 61, 158, 498, 726, 875, 738, 1237, 107, 0, 0
17:57:58, 1166.30, 30.11, 32.30, 29.656, 146, 136, 259, 629, 1679, 2231, 2831, 2909, 3619, 250, 0, 0, 41, 33, 54, 140, 453, 660, 792, 674, 1146, 98, 0, 0
17:57:59, 1155.50, 30.11, 32.30, 29.656, 163, 155, 302, 727, 1634, 2166, 2647, 2800, 3339, 234, 0, 0, 49, 40, 67, 174, 559, 803, 961, 817, 1360, 117, 0, 0
17:57:59, 1149.00, 30.11, 32.26, 29.648, 171, 160, 322, 750, 1758, 2284, 2803, 2981, 3284, 232, 0, 0, 58, 47, 81, 213, 637, 903, 1080, 924, 1476, 127, 0, 0
17:58:00, 1144.70, 30.11, 32.30, 29.648, 232, 249, 508, 1198, 2323, 3021, 3757, 4022, 4449, 310, 0, 0, 55, 45, 78, 204, 615, 869, 1035, 888, 1475, 127, 0, 0
17:58:01, 1133.40, 30.11, 32.32, 29.656, 264, 285, 579, 1335, 2675, 3393, 4253, 4555, 5049, 352, 0, 0, 64, 53, 94, 246, 741, 1032, 1223, 1057, 1777, 153, 0, 0
17:58:01, 1130.90, 30.12, 32.28, 29.656, 312, 329, 680, 1488, 3430, 4311, 5440, 5846, 6402, 446, 0, 0, 64, 54, 98, 255, 718, 993, 1171, 1025, 1774, 152, 0, 0
17:58:02, 1125.60, 30.12, 32.30, 29.656, 378, 435, 958, 2154, 4066, 5146, 6367, 6814, 8144, 564, 0, 0, 68, 57, 105, 274, 780, 1075, 1269, 1107, 1874, 161, 0, 0
17:58:03, 1114.00, 30.12, 32.32, 29.648, 348, 407, 857, 1880, 3622, 4503, 5531, 6124, 6362, 447, 0, 0, 84, 71, 135, 349, 974, 1317, 1552, 1363, 2285, 197, 0, 0
17:58:03, 1106.20, 30.12, 32.30, 29.648, 386, 481, 1033, 2141, 4407, 5352, 6572, 7311, 7413, 526, 0, 0, 91, 79, 154, 392, 1032, 1379, 1620, 1434, 2430, 209, 0, 0
17:58:04, 1100.60, 30.12, 32.30, 29.648, 566, 750, 1653, 3385, 6846, 8511, 10350, 10982, 12367, 877, 0, 0, 92, 81, 161, 405, 1054, 1400, 1638, 1459, 2507, 216, 0, 0
17:58:05, 1093.10, 30.13, 32.28, 29.648, 616, 870, 1812, 3652, 7827, 9503, 11605, 12549, 13717, 993, 0, 0, 99, 89, 181, 448, 1139, 1496, 1747, 1574, 2738, 235, 0, 0
17:58:05, 1082.60, 30.13, 32.30, 29.648, 664, 981, 2028, 3815, 7783, 8844, 11781, 12820, 13807, 1000, 0, 0, 114, 106, 221, 537, 1317, 1703, 1982, 1798, 3273, 282, 0, 0
17:58:06, 1072.10, 30.13, 32.30, 29.648, 907, 1480, 3019, 5408, 10461, 11634, 15537, 17189, 17481, 1270, 0, 0, 129, 124, 266, 629, 1451, 1848, 2141, 1950, 3372, 291, 0, 0
17:58:07, 1065.70, 30.13, 32.28, 29.648, 1314, 2242, 5325, 7558, 12767, 14849, 18145, 21942, 26240, 2263, 0, 0, 134, 135, 292, 676, 1494, 1880, 2177, 1996, 3316, 283, 0, 0
17:58:07, 1057.40, 30.14, 32.30, 29.687, 1600, 2613, 5674, 8212, 11054, 12776, 14967, 16524, 22479, 1949, 0, 0, 132, 137, 296, 681, 1538, 1918, 2221, 2028, 3207, 270, 0, 0
17:58:08, 1043.80, 30.14, 32.30, 29.687, 1173, 2061, 3973, 6318, 12819, 14284, 20732, 19138, 25286, 2332, 0, 0, 156, 172, 379, 838, 1821, 2216, 2561, 2361, 3753, 319, 0, 0
17:58:09, 1033.50, 30.14, 32.30, 29.727, 5251, 7258, 12412, 19252, 32811, 36000, 36000, 36000, 36000, 12721, 1, 1, 208, 256, 555, 1136, 2294, 2712, 3128, 2955, 5635, 514, 0, 0
17:58:09, 1029.10, 30.15, 32.32, 29.750, 3950, 10540, 14138, 15967, 26571, 24008, 26651, 33141, 36000, 19533, 1, 1, 211, 271, 579, 1145, 1935, 2291, 2628, 2461, 4442, 384, 0, 0
17:58:10, 1026.00, 30.15, 32.28, 29.750, 648, 1209, 1806, 2045, 2605, 2615, 2753, 3011, 9237, 1132, 0, 0, 171, 212, 452, 902, 1807, 2128, 2432, 2283, 4390, 393, 0, 0
17:58:11, 1018.30, 30.16, 32.28, 29.773, 11574, 17781, 26790, 35991, 36000, 36000, 36000, 36000, 36000, 35546, 1, 1, 251, 338, 695, 1274, 2497, 2876, 3256, 3193, 7863, 797, 0, 0
17:58:11, 1019.30, 30.16, 32.28, 29.797, 12629, 22119, 29429, 30861, 34558, 33525, 35197, 35747, 36000, 35712, 1, 1, 336, 468, 953, 1708, 2966, 3433, 3860, 3824, 9596, 939, 0, 0
17:58:12, 1020.10, 30.17, 32.32, 29.797, 11600, 20047, 29749, 31966, 35869, 35939, 35909, 36000, 36000, 36000, 1, 1, 317, 436, 885, 1603, 2814, 3283, 3689, 3642, 9207, 911, 0, 0
17:58:13, 1021.10, 30.17, 32.30, 29.812, 8679, 15086, 20521, 22860, 29401, 29483, 29704, 33365, 36000, 29776, 1, 1, 303, 412, 837, 1537, 2644, 3106, 3488, 3435, 8701, 861, 0, 0
17:58:13, 1021.20, 30.18, 32.32, 29.820, 9598, 17005, 25806, 29689, 24729, 23564, 25928, 31499, 36000, 23907, 1, 1, 279, 382, 783, 1450, 2558, 3004, 3378, 3322, 8631, 853, 0, 0
17:58:14, 1022.30, 30.18, 32.34, 29.820, 12262, 19804, 28285, 32305, 26900, 26967, 28253, 29620, 35366, 26062, 0, 1, 271, 370, 757, 1395, 2539, 2976, 3353, 3296, 8740, 859, 0, 0
17:58:15, 1024.40, 30.18, 32.30, 29.820, 11956, 17896, 27953, 32967, 36000, 35999, 36000, 36000, 36000, 34455, 1, 1, 265, 358, 736, 1362, 2552, 2988, 3370, 3309, 8867, 862, 0, 0
17:58:15, 1014.50, 30.19, 32.32, 29.836, 6116, 11503, 18394, 20467, 35353, 35392, 35974, 36000, 36000, 29433, 1, 1, 290, 406, 811, 1441, 3173, 3511, 3931, 3908, 12327, 2042, 0, 0
17:58:16, 1014.50, 30.19, 32.30, 29.836, 13742, 24587, 33448, 35718, 34590, 36000, 36000, 36000, 36000, 36000, 1, 1, 3451, 5307, 7940, 10418, 26600, 26500, 32172, 30478, 36000, 30957, 1, 1
17:58:17, 1014.40, 30.19, 32.30, 29.797, 11113, 21148, 29818, 27485, 33347, 34854, 34987, 36000, 36000, 36000, 1, 1, 14260, 19532, 29802, 33750, 35059, 35610, 35961, 36000, 36000, 23214, 1, 1
17:58:17, 1014.50, 30.19, 32.32, 29.594, 10239, 18656, 26687, 25474, 30310, 26742, 33767, 35968, 36000, 27516, 1, 1, 10243, 14002, 19886, 25863, 27464, 32602, 32171, 34478, 36000, 23955, 1, 1
17:58:18, 1014.10, 30.19, 32.30, 29.594, 8179, 11846, 15608, 17195, 17766, 21211, 10971, 27217, 16085, 5063, 0, 0, 28028, 36000, 36000, 36000, 36000, 36000, 36000, 36000, 36000, 36000, 1, 1
