Secchi Depth (cm) = 9999
Forel Ule Scale = 99
pH Colour Scale = 99
SensingSecchi S/N = A017
Latitude (degs N) = 34.03487
Longitude (degs E) = -77.94105
Date = 2026-07-02
Time (UTC), Pressure (mbar) MS5803, Temp (deg C) MS5803, Temp (deg C) 10KTHERM, Temp (deg C) TMP117, ED 415nm, ED 445nm, ED 480nm, ED 515nm, ED 555nm, ED 590nm, ED 630nm, ED 680nm, ED Clear, ED NIR, ED D-SAT, ED A-SAT, EU 415nm, EU 445nm, EU 480nm, EU 515nm, EU 555nm, EU 590nm, EU 630nm, EU 680nm, EU Clear, EU NIR, EU D-SAT, EU A-SAT
15:41:30, 1011.50, 30.88, 30.63, 28.945, 727, 1120, 1466, 1578, 1716, 1580, 1741, 1616, 9458, 1731, 0, 0, 6220, 8252, 10220, 13645, 14525, 19470, 30205, 34903, 36000, 36000, 1, 1
15:41:30, 1011.20, 30.88, 30.63, 28.945, 1839, 2784, 3735, 3779, 5060, 4179, 5160, 5626, 26656, 11093, 0, 0, 7824, 11572, 15543, 18984, 24107, 27909, 36000, 36000, 36000, 36000, 1, 1
15:41:31, 1011.10, 30.88, 30.63, 28.977, 14116, 6167, 14972, 10827, 11140, 35531, 12004, 23544, 36000, 36000, 1, 1, 13552, 19589, 25598, 33772, 36000, 36000, 36000, 36000, 36000, 36000, 1, 1
15:41:32, 1011.20, 30.88, 30.63, 28.922, 4974, 10298, 12430, 16811, 13726, 10989, 22993, 14959, 36000, 35636, 1, 1, 26734, 36000, 36000, 36000, 36000, 36000, 36000, 36000, 36000, 36000, 1, 1
15:41:32, 1011.00, 30.87, 30.63, 28.922, 10491, 20655, 25681, 31710, 23093, 27735, 35077, 36000, 36000, 36000, 1, 1, 27721, 36000, 36000, 36000, 34587, 34260, 35391, 35012, 36000, 36000, 1, 1
15:41:33, 1011.10, 30.88, 30.65, 28.898, 9094, 17266, 25196, 28488, 16356, 24531, 29351, 28640, 36000, 21611, 1, 1, 1361, 2228, 3300, 4696, 9522, 9465, 10956, 11008, 27160, 11587, 0, 0
15:41:34, 1015.50, 30.88, 30.61, 28.891, 4046, 3430, 8010, 5194, 31217, 32419, 33850, 36000, 36000, 36000, 1, 1, 427, 693, 1408, 2449, 2944, 2892, 2617, 2235, 6966, 618, 0, 0
15:41:34, 1019.60, 30.88, 30.61, 28.891, 6770, 13612, 17254, 19390, 26925, 35177, 32042, 36000, 36000, 36000, 1, 1, 396, 643, 1318, 2307, 3733, 3609, 3356, 2798, 8960, 713, 0, 0
15:41:35, 1020.80, 30.87, 30.58, 29.258, 5170, 10502, 11660, 14039, 23203, 28766, 22120, 34623, 36000, 29606, 1, 1, 392, 640, 1317, 2318, 4006, 3905, 3626, 3075, 9616, 752, 0, 0
15:41:36, 1023.50, 30.86, 30.56, 29.469, 2378, 4315, 7699, 7092, 19693, 15540, 24570, 22481, 36000, 31758, 1, 1, 393, 645, 1332, 2364, 3655, 3533, 3278, 2745, 8505, 658, 0, 0
15:41:36, 1021.10, 30.85, 30.59, 29.469, 2504, 6809, 8853, 11966, 3470, 3239, 5044, 4026, 20994, 5212, 0, 0, 423, 687, 1417, 2511, 4206, 4094, 3777, 3172, 9113, 741, 0, 0
15:41:37, 1027.20, 30.84, 30.56, 29.594, 1767, 1958, 2591, 4129, 21109, 22407, 24777, 26206, 32565, 7672, 0, 1, 299, 463, 1021, 1920, 3172, 3091, 2743, 2227, 5352, 401, 0, 0
15:41:38, 1021.50, 30.82, 30.56, 29.656, 5240, 9723, 12414, 14934, 8081, 17166, 11851, 13956, 17462, 3121, 0, 0, 338, 531, 1156, 2154, 3975, 3863, 3514, 2880, 6851, 513, 0, 0
15:41:38, 1025.70, 30.81, 30.54, 29.656, 1704, 1903, 2793, 3006, 5741, 9349, 5383, 8841, 13101, 3389, 0, 0, 308, 483, 1052, 1971, 3257, 3151, 2844, 2285, 5942, 468, 0, 0
15:41:39, 1023.80, 30.80, 30.52, 29.695, 4981, 8178, 11410, 11598, 11624, 10738, 11949, 17851, 11915, 2490, 0, 0, 334, 524, 1142, 2133, 3554, 3443, 3117, 2506, 6233, 478, 0, 0
15:41:40, 1025.20, 30.79, 30.50, 29.727, 2874, 2396, 4936, 3456, 8105, 7493, 6504, 8817, 10267, 2420, 0, 0, 364, 575, 1246, 2297, 3509, 3397, 3090, 2514, 6462, 502, 0, 0
15:41:40, 1021.00, 30.77, 30.54, 29.727, 9392, 7961, 15439, 13471, 3563, 4389, 3872, 4791, 10271, 2672, 0, 0, 384, 595, 1292, 2382, 3774, 3667, 3319, 2725, 6864, 537, 0, 0
15:41:41, 1020.90, 30.77, 30.48, 29.734, 8059, 13438, 18483, 20119, 23135, 19515, 23751, 29108, 32290, 6182, 0, 0, 340, 528, 1155, 2136, 3913, 3807, 3460, 2874, 7554, 602, 0, 0
15:41:42, 1019.00, 30.76, 30.50, 29.742, 3139, 2666, 3650, 5741, 6410, 17454, 15599, 11409, 32199, 7515, 0, 0, 365, 577, 1229, 2224, 3742, 3638, 3293, 2730, 7264, 582, 0, 0
15:41:42, 1022.00, 30.75, 30.52, 29.742, 10875, 9126, 14840, 19057, 24779, 23394, 27757, 28937, 34485, 12705, 0, 1, 302, 470, 1023, 1901, 3412, 3320, 2982, 2442, 6142, 470, 0, 0
15:41:43, 1021.60, 30.75, 30.48, 29.750, 2125, 2287, 3246, 3912, 3817, 6598, 4667, 5620, 13427, 3713, 0, 0, 376, 592, 1269, 2311, 3932, 3824, 3476, 2876, 7368, 583, 0, 0
15:41:44, 1021.80, 30.74, 30.50, 29.758, 5505, 10946, 13438, 16423, 22885, 19125, 26362, 30807, 16940, 3429, 0, 0, 353, 551, 1197, 2211, 3852, 3752, 3401, 2795, 6930, 537, 0, 0
15:41:44, 1021.90, 30.73, 30.46, 29.758, 6642, 3963, 10406, 6346, 9458, 12278, 6418, 12736, 11398, 2969, 0, 0, 377, 587, 1271, 2343, 4014, 3905, 3552, 2919, 7109, 544, 0, 0
15:41:45, 1023.80, 30.73, 30.45, 29.750, 6584, 16511, 21559, 31073, 31269, 31179, 33642, 33453, 35905, 21680, 0, 1, 284, 447, 973, 1829, 3465, 3361, 3033, 2442, 5911, 444, 0, 0
15:41:46, 1021.30, 30.73, 30.48, 29.758, 6044, 2967, 7211, 5609, 8385, 19083, 7224, 17177, 14567, 3890, 0, 0, 340, 534, 1153, 2131, 3651, 3554, 3208, 2633, 6494, 497, 0, 0
15:41:46, 1023.60, 30.72, 30.45, 29.758, 13215, 25305, 31476, 33187, 13319, 13310, 15608, 19648, 34336, 8409, 0, 1, 280, 432, 952, 1812, 3567, 3475, 3116, 2539, 6175, 461, 0, 0
15:41:47, 1022.60, 30.72, 30.45, 29.750, 6925, 4832, 10107, 10006, 21036, 19455, 21233, 25261, 28409, 5285, 0, 0, 301, 467, 1026, 1937, 3449, 3357, 3018, 2447, 5985, 452, 0, 0
15:41:48, 1024.00, 30.72, 30.45, 29.758, 5324, 2710, 5924, 5279, 20508, 21171, 17006, 27514, 16944, 3837, 0, 0, 301, 470, 1023, 1924, 3268, 3168, 2854, 2299, 5869, 460, 0, 0
15:41:48, 1024.30, 30.72, 30.46, 29.758, 5535, 11604, 14211, 16431, 14613, 14987, 13254, 21271, 15764, 2735, 0, 0, 324, 504, 1108, 2079, 3582, 3490, 3143, 2562, 6345, 480, 0, 0
15:41:49, 1021.90, 30.72, 30.43, 29.758, 7742, 3675, 9465, 7354, 5068, 10557, 5105, 8287, 12200, 2835, 0, 0, 362, 566, 1225, 2256, 3714, 3615, 3263, 2682, 6637, 510, 0, 0
15:41:50, 1026.10, 30.72, 30.43, 29.766, 7704, 16741, 20186, 23062, 28190, 26974, 29737, 33115, 35417, 10015, 0, 1, 287, 444, 981, 1870, 3244, 3159, 2817, 2268, 5513, 413, 0, 0
15:41:50, 1025.30, 30.72, 30.45, 29.766, 5139, 8320, 10781, 12807, 6753, 15252, 6519, 12401, 13125, 2683, 0, 0, 340, 528, 1155, 2155, 3558, 3468, 3111, 2525, 6191, 466, 0, 0
15:41:51, 1027.00, 30.71, 30.45, 29.766, 6061, 12076, 15940, 18102, 26894, 27698, 33671, 31977, 35812, 11905, 0, 1, 282, 441, 979, 1869, 3312, 3216, 2886, 2310, 5601, 417, 0, 0
15:41:52, 1026.50, 30.71, 30.45, 29.766, 3491, 2376, 4596, 3954, 6390, 8910, 5509, 8825, 11408, 2691, 0, 0, 328, 509, 1116, 2101, 3477, 3378, 3045, 2451, 6060, 458, 0, 0
15:41:52, 1025.10, 30.71, 30.43, 29.766, 4732, 11362, 15717, 23795, 20533, 22275, 22701, 27062, 16087, 2900, 0, 0, 336, 521, 1147, 2157, 3886, 3782, 3423, 2790, 6859, 521, 0, 0
15:41:53, 1025.60, 30.71, 30.45, 29.766, 3693, 2669, 6014, 4087, 15942, 14339, 10943, 17736, 13239, 2987, 0, 0, 336, 525, 1152, 2157, 3476, 3377, 3051, 2469, 6238, 478, 0, 0
15:41:54, 1025.90, 30.70, 30.41, 29.773, 11047, 5320, 16540, 8755, 5234, 8415, 5093, 7910, 11815, 2977, 0, 0, 339, 527, 1150, 2148, 3377, 3281, 2953, 2386, 5883, 446, 0, 0
15:41:54, 1025.00, 30.70, 30.41, 29.773, 7949, 16686, 23304, 28592, 27252, 25336, 30520, 34653, 31234, 4767, 0, 1, 345, 533, 1175, 2197, 3822, 3725, 3365, 2764, 7003, 546, 0, 0
15:41:55, 1025.80, 30.70, 30.43, 29.766, 9761, 9803, 14604, 17091, 13582, 13508, 15366, 16510, 19350, 3202, 0, 0, 306, 475, 1049, 1987, 3332, 3246, 2905, 2357, 5928, 456, 0, 0
15:41:56, 1028.80, 30.70, 30.41, 29.773, 5106, 3155, 6541, 6931, 3529, 8620, 3948, 6341, 10245, 2036, 0, 0, 332, 516, 1136, 2129, 3566, 3473, 3123, 2532, 6275, 474, 0, 0
15:41:56, 1027.10, 30.70, 30.41, 29.773, 7350, 18217, 23242, 26711, 20639, 19424, 24187, 25821, 21392, 3035, 0, 0, 336, 519, 1152, 2173, 3848, 3753, 3386, 2764, 6915, 528, 0, 0
15:41:57, 1025.90, 30.70, 30.41, 29.773, 2455, 2252, 4307, 3683, 6812, 9410, 5273, 9789, 11812, 2097, 0, 0, 344, 537, 1187, 2228, 3736, 3635, 3294, 2689, 6598, 494, 0, 0
15:41:58, 1027.10, 30.69, 30.39, 29.781, 11991, 21034, 23578, 27224, 20605, 22069, 19368, 30888, 14566, 2824, 0, 0, 325, 509, 1124, 2116, 3720, 3622, 3269, 2670, 6520, 490, 0, 0
15:41:58, 1030.10, 30.69, 30.37, 29.781, 8294, 15786, 17381, 22788, 25240, 21276, 29994, 33440, 18471, 2799, 0, 1, 286, 440, 989, 1902, 3384, 3290, 2949, 2361, 5831, 437, 0, 0
15:41:59, 1023.30, 30.69, 30.37, 29.781, 8323, 6258, 13240, 12406, 3926, 5752, 4354, 5560, 12153, 2254, 0, 0, 335, 523, 1142, 2126, 3634, 3536, 3190, 2604, 6400, 490, 0, 0
15:41:59, 1026.80, 30.69, 30.41, 29.789, 6930, 4084, 10108, 8689, 16768, 15951, 17549, 18656, 19333, 3420, 0, 0, 318, 495, 1090, 2049, 3464, 3361, 3027, 2425, 6136, 471, 0, 0
15:42:00, 1027.60, 30.69, 30.39, 29.789, 13046, 23381, 28749, 32099, 27417, 27773, 31488, 31034, 33947, 10414, 0, 1, 313, 483, 1073, 2025, 3571, 3471, 3119, 2500, 6308, 482, 0, 0
15:42:01, 1028.00, 30.69, 30.41, 29.789, 2427, 2344, 3744, 3906, 3491, 3871, 3719, 4437, 10395, 2597, 0, 0, 360, 559, 1219, 2258, 3421, 3326, 2988, 2412, 6228, 482, 0, 0
15:42:01, 1027.40, 30.69, 30.39, 29.789, 6255, 8048, 12321, 13156, 5286, 6685, 5289, 7324, 12539, 3156, 0, 0, 400, 621, 1351, 2479, 3925, 3816, 3457, 2820, 6997, 542, 0, 0
15:42:02, 1024.60, 30.69, 30.35, 29.789, 7808, 16504, 19901, 27701, 13243, 12898, 15507, 18542, 13423, 2122, 0, 0, 356, 552, 1209, 2247, 3988, 3876, 3517, 2862, 7177, 561, 0, 0
15:42:03, 1021.90, 30.69, 30.41, 29.766, 5473, 2847, 6740, 4774, 7605, 12710, 5888, 12283, 12138, 2660, 0, 0, 388, 607, 1313, 2403, 4001, 3890, 3541, 2914, 7340, 570, 0, 0
15:42:03, 1024.40, 30.69, 30.39, 29.766, 5794, 3181, 8304, 5730, 10973, 22998, 8064, 19804, 13885, 3549, 0, 0, 355, 553, 1202, 2218, 3733, 3630, 3279, 2672, 6691, 511, 0, 0
15:42:04, 1026.70, 30.69, 30.41, 29.766, 4968, 10313, 12137, 16607, 15139, 13004, 19637, 20789, 16110, 2734, 0, 0, 306, 475, 1049, 1978, 3408, 3296, 2974, 2389, 6237, 489, 0, 0
15:42:05, 1021.80, 30.69, 30.41, 29.758, 6714, 11103, 13902, 15867, 15924, 18655, 11699, 22246, 12521, 2615, 0, 0, 370, 577, 1254, 2311, 3793, 3684, 3340, 2735, 6856, 531, 0, 0
15:42:05, 1024.10, 30.69, 30.37, 29.758, 7794, 5574, 12930, 9810, 6829, 10518, 5611, 9858, 12758, 3706, 0, 0, 398, 621, 1349, 2474, 3913, 3801, 3446, 2832, 7220, 561, 0, 0
15:42:06, 1020.30, 30.68, 30.39, 29.758, 11079, 23381, 26683, 30320, 13665, 22584, 12816, 25075, 16612, 3158, 0, 0, 404, 630, 1349, 2438, 4036, 3919, 3580, 2974, 7822, 635, 0, 0
15:42:07, 1022.80, 30.68, 30.39, 29.758, 2910, 2539, 3723, 4707, 3966, 5977, 5235, 5749, 16501, 4734, 0, 0, 424, 675, 1440, 2587, 4126, 3994, 3672, 3066, 8146, 663, 0, 0
15:42:07, 1024.40, 30.68, 30.35, 29.758, 9138, 19127, 24015, 23669, 17531, 19605, 21156, 25373, 26270, 4439, 0, 0, 353, 549, 1198, 2205, 3695, 3596, 3248, 2668, 6930, 547, 0, 0
15:42:08, 1025.80, 30.68, 30.41, 29.766, 5979, 11236, 13047, 14229, 26837, 22039, 30388, 35914, 19335, 3502, 0, 1, 332, 519, 1142, 2132, 3547, 3443, 3112, 2535, 6401, 491, 0, 0
15:42:09, 1027.10, 30.68, 30.41, 29.766, 5920, 9941, 12297, 13919, 15327, 18035, 11600, 23494, 12498, 2547, 0, 0, 333, 518, 1138, 2126, 3507, 3400, 3065, 2473, 6270, 483, 0, 0
15:42:09, 1031.10, 30.68, 30.37, 29.766, 8667, 11479, 15939, 19340, 32007, 34776, 35898, 35602, 36000, 18591, 1, 1, 290, 452, 1010, 1927, 3605, 3507, 3150, 2556, 6373, 482, 0, 0
15:42:10, 1026.60, 30.67, 30.37, 29.766, 4372, 2695, 6196, 5433, 5193, 9582, 5271, 8060, 12407, 2283, 0, 0, 343, 532, 1174, 2193, 3789, 3682, 3326, 2712, 6856, 530, 0, 0
15:42:11, 1030.60, 30.67, 30.41, 29.773, 12565, 5651, 17241, 10085, 10463, 12170, 8846, 15110, 12842, 2261, 0, 0, 315, 489, 1083, 2041, 3435, 3333, 3022, 2471, 6693, 522, 0, 0
15:42:11, 1030.60, 30.67, 30.43, 29.773, 6629, 14467, 21035, 23711, 21783, 22763, 21723, 26726, 24668, 3474, 0, 0, 324, 496, 1111, 2112, 3759, 3655, 3292, 2659, 6828, 528, 0, 0
15:42:12, 1030.50, 30.67, 30.35, 29.773, 7108, 10079, 15762, 17265, 24879, 22720, 26820, 33248, 26792, 3346, 0, 1, 313, 486, 1084, 2051, 3538, 3449, 3104, 2507, 6654, 513, 0, 0
15:42:13, 1025.00, 30.67, 30.37, 29.773, 2680, 2180, 3619, 3882, 4154, 7253, 4471, 6005, 11884, 2610, 0, 0, 372, 582, 1262, 2316, 3774, 3674, 3325, 2718, 7066, 557, 0, 0
15:42:13, 1031.60, 30.67, 30.37, 29.773, 6513, 13733, 16579, 20551, 26640, 26611, 32094, 32237, 30866, 6424, 0, 0, 303, 473, 1052, 1993, 3378, 3289, 2966, 2402, 6480, 504, 0, 0
15:42:14, 1029.50, 30.67, 30.43, 29.773, 3766, 6992, 8714, 10115, 6080, 6813, 6134, 8647, 11820, 1457, 0, 0, 328, 504, 1127, 2135, 3750, 3653, 3290, 2656, 6916, 536, 0, 0
15:42:15, 1029.80, 30.67, 30.39, 29.781, 2041, 1903, 3063, 3338, 7273, 14906, 6880, 12914, 12702, 2440, 0, 0, 328, 506, 1128, 2125, 3504, 3410, 3074, 2485, 6585, 509, 0, 0
15:42:15, 1028.80, 30.67, 30.39, 29.781, 6690, 15603, 20102, 24889, 29645, 26435, 29414, 34213, 23108, 3390, 0, 1, 332, 514, 1148, 2165, 3721, 3621, 3273, 2648, 6823, 523, 0, 0
15:42:16, 1032.90, 30.67, 30.39, 29.781, 10798, 18226, 20631, 24761, 21025, 20093, 25064, 27155, 28530, 3994, 0, 0, 302, 476, 1052, 1988, 3272, 3193, 2879, 2327, 6179, 473, 0, 0
15:42:17, 1032.50, 30.66, 30.37, 29.789, 5667, 12991, 15588, 19373, 25089, 22435, 25984, 31774, 32827, 3502, 0, 1, 328, 512, 1146, 2157, 3561, 3477, 3121, 2556, 6742, 520, 0, 0
15:42:17, 1028.50, 30.67, 30.37, 29.789, 3683, 2607, 4210, 6429, 4722, 12026, 6937, 7877, 14213, 2353, 0, 0, 328, 511, 1132, 2125, 3400, 3328, 2980, 2434, 6144, 464, 0, 0
15:42:18, 1023.10, 30.67, 30.37, 29.773, 5720, 12270, 17498, 20458, 11844, 16976, 11764, 21734, 16118, 2696, 0, 0, 377, 587, 1281, 2365, 4058, 3956, 3597, 2987, 7453, 578, 0, 0
15:42:19, 1023.80, 30.66, 30.37, 29.781, 7298, 15888, 19849, 24903, 33696, 30544, 35831, 36000, 31795, 5771, 1, 1, 309, 479, 1062, 2023, 3584, 3497, 3140, 2561, 6022, 438, 0, 0
15:42:19, 1023.40, 30.66, 30.41, 29.781, 796, 1079, 1595, 1941, 1311, 1500, 1463, 1571, 3249, 447, 0, 0, 261, 395, 897, 1749, 2948, 2875, 2523, 1989, 4381, 312, 0, 0
15:42:20, 1025.60, 30.66, 30.43, 29.766, 505, 741, 1054, 1176, 1221, 1260, 1288, 1338, 3213, 440, 0, 0, 263, 398, 901, 1755, 3127, 3052, 2709, 2158, 4845, 342, 0, 0
15:42:21, 1028.50, 30.66, 30.35, 29.766, 3662, 7318, 9129, 12551, 25007, 21864, 28849, 32007, 18109, 2864, 0, 0, 288, 441, 999, 1943, 3468, 3378, 3033, 2432, 5670, 409, 0, 0
15:42:21, 1021.60, 30.66, 30.39, 29.766, 6206, 13509, 15806, 22569, 18221, 18329, 22757, 32960, 17180, 2402, 0, 1, 314, 491, 1082, 2055, 3460, 3370, 3045, 2460, 5809, 424, 0, 0
15:42:22, 1017.90, 30.66, 30.37, 29.750, 8241, 16702, 18125, 22594, 23985, 23779, 31037, 36000, 18515, 6186, 1, 1, 328, 518, 1131, 2124, 3380, 3269, 2961, 2372, 5406, 393, 0, 0
15:42:23, 1017.80, 30.66, 30.35, 29.750, 474, 843, 1188, 1454, 2189, 2242, 2567, 2938, 7753, 2035, 0, 0, 256, 394, 867, 1668, 2980, 2888, 2580, 2032, 4605, 338, 0, 0
15:42:23, 1025.30, 30.66, 30.37, 29.750, 8717, 12687, 16997, 16422, 19630, 19909, 21455, 21349, 23665, 10230, 0, 0, 357, 566, 1233, 2286, 3529, 3425, 3114, 2510, 6512, 503, 0, 0
15:42:24, 1026.20, 30.66, 30.39, 29.742, 5515, 3404, 7722, 6591, 10207, 16480, 7637, 16581, 12465, 2792, 0, 0, 323, 503, 1102, 2066, 3607, 3500, 3175, 2568, 6552, 510, 0, 0
15:42:25, 1038.40, 30.65, 30.39, 29.734, 9110, 17399, 22995, 26410, 30461, 28850, 35269, 35035, 33172, 5125, 0, 1, 298, 455, 1030, 1978, 3495, 3409, 3063, 2455, 6295, 482, 0, 0
15:42:25, 1048.30, 30.65, 30.39, 29.734, 3537, 6538, 8957, 11106, 20089, 18193, 22511, 24659, 16264, 1665, 0, 0, 276, 407, 956, 1899, 3334, 3263, 2894, 2273, 6004, 459, 0, 0
15:42:26, 1057.10, 30.65, 30.39, 29.742, 5120, 6620, 11265, 14814, 12840, 12540, 15044, 17450, 28973, 1967, 0, 0, 241, 355, 839, 1686, 3124, 3064, 2696, 2095, 5642, 427, 0, 0
15:42:27, 1061.50, 30.64, 30.35, 29.750, 2267, 2058, 4246, 4917, 6085, 11819, 6800, 10198, 12038, 1152, 0, 0, 251, 364, 876, 1785, 3105, 3050, 2677, 2083, 5630, 426, 0, 0
15:42:27, 1068.30, 30.64, 30.43, 29.750, 3756, 8269, 14210, 18453, 25343, 24412, 27933, 29811, 36000, 4708, 1, 1, 212, 305, 741, 1528, 2827, 2784, 2422, 1890, 5263, 389, 0, 0
15:42:28, 1078.20, 30.63, 30.39, 29.742, 2888, 6245, 11430, 14314, 16584, 16340, 17980, 22576, 36000, 3327, 1, 1, 205, 287, 712, 1510, 2885, 2837, 2461, 1868, 5447, 407, 0, 0
15:42:29, 1086.10, 30.63, 30.39, 29.750, 1554, 2638, 4333, 7454, 17333, 18446, 21903, 25706, 36000, 3587, 1, 1, 190, 258, 656, 1424, 2684, 2639, 2279, 1723, 5058, 370, 0, 0
15:42:29, 1093.90, 30.62, 30.37, 29.750, 1847, 3787, 6764, 10123, 9891, 11016, 12975, 13596, 33297, 2020, 0, 1, 184, 246, 631, 1396, 2702, 2664, 2291, 1709, 4994, 372, 0, 0
15:42:30, 1100.80, 30.62, 30.35, 29.734, 2165, 4663, 8872, 12288, 17607, 16831, 18878, 24328, 34782, 2560, 0, 1, 168, 216, 566, 1290, 2598, 2568, 2180, 1597, 4612, 346, 0, 0
15:42:31, 1108.40, 30.61, 30.39, 29.742, 1345, 2077, 4081, 6492, 12250, 12010, 13793, 15340, 21369, 1172, 0, 0, 161, 202, 536, 1238, 2434, 2412, 2029, 1475, 4243, 320, 0, 0
15:42:31, 1116.10, 30.61, 30.39, 29.742, 1167, 1506, 3183, 5113, 7107, 9299, 8828, 10162, 12141, 726, 0, 0, 160, 197, 529, 1236, 2388, 2369, 1991, 1438, 4154, 313, 0, 0
15:42:32, 1125.20, 30.61, 30.37, 29.727, 1207, 2432, 4909, 7803, 9783, 9911, 11043, 12125, 17099, 935, 0, 0, 149, 179, 485, 1163, 2373, 2356, 1964, 1384, 4070, 311, 0, 0
15:42:33, 1129.40, 30.61, 30.39, 29.727, 1175, 1373, 3073, 5207, 6355, 8225, 7571, 8499, 11082, 657, 0, 0, 151, 179, 488, 1178, 2329, 2315, 1934, 1365, 4018, 304, 0, 0
15:42:33, 1134.60, 30.61, 30.35, 29.727, 1228, 2427, 5172, 8192, 11821, 11851, 13248, 13917, 25305, 1507, 0, 0, 133, 155, 424, 1036, 2184, 2173, 1801, 1259, 3859, 291, 0, 0
15:42:34, 1143.70, 30.61, 30.43, 29.711, 806, 1464, 3127, 5280, 13396, 13434, 15055, 16220, 29033, 1790, 0, 0, 129, 147, 406, 1006, 2069, 2060, 1694, 1177, 3630, 271, 0, 0
15:42:35, 1153.80, 30.61, 30.37, 29.695, 751, 1377, 2976, 5158, 7393, 7841, 8484, 8528, 17476, 1020, 0, 0, 124, 139, 386, 975, 2063, 2057, 1695, 1161, 3622, 273, 0, 0
15:42:35, 1162.90, 30.60, 30.37, 29.695, 776, 1297, 2845, 5122, 7688, 8068, 8711, 8684, 17041, 985, 0, 0, 117, 126, 354, 915, 1940, 1937, 1581, 1070, 3342, 252, 0, 0
15:42:36, 1167.10, 30.60, 30.39, 29.648, 594, 981, 2240, 4135, 6207, 6800, 7201, 6963, 12670, 721, 0, 0, 113, 119, 336, 879, 1940, 1941, 1580, 1058, 3299, 252, 0, 0
15:42:37, 1176.10, 30.59, 30.39, 29.602, 538, 758, 1748, 3292, 6404, 6913, 7349, 7292, 12668, 715, 0, 0, 107, 112, 315, 831, 1798, 1804, 1455, 973, 3113, 235, 0, 0
15:42:37, 1187.50, 30.59, 30.43, 29.602, 556, 796, 1889, 3594, 4686, 5460, 5148, 5212, 7495, 456, 0, 0, 101, 102, 288, 781, 1726, 1734, 1388, 902, 2872, 221, 0, 0
15:42:38, 1191.50, 30.58, 30.39, 29.570, 521, 750, 1784, 3482, 5465, 5961, 6095, 5851, 8879, 526, 0, 0, 99, 98, 279, 764, 1747, 1756, 1407, 909, 2839, 220, 0, 0
15:42:39, 1199.20, 30.57, 30.37, 29.570, 469, 684, 1638, 3221, 5971, 6330, 6707, 6237, 9765, 581, 0, 0, 94, 93, 263, 723, 1611, 1620, 1288, 832, 2704, 206, 0, 0
15:42:39, 1213.10, 30.56, 30.39, 29.516, 391, 623, 1591, 3169, 4518, 4863, 4961, 4651, 8153, 483, 0, 0, 90, 86, 243, 685, 1574, 1588, 1262, 800, 2549, 197, 0, 0
15:42:40, 1219.20, 30.56, 30.37, 29.461, 375, 521, 1313, 2737, 3774, 4106, 4104, 3639, 6856, 410, 0, 0, 82, 77, 217, 624, 1503, 1518, 1196, 747, 2418, 187, 0, 0
15:42:41, 1225.10, 30.54, 30.41, 29.461, 387, 512, 1274, 2676, 4571, 4936, 5093, 4570, 8560, 513, 0, 0, 80, 75, 212, 608, 1418, 1433, 1124, 701, 2332, 179, 0, 0
15:42:41, 1238.00, 30.53, 30.41, 29.414, 322, 470, 1218, 2592, 4396, 4654, 4841, 4161, 8703, 529, 0, 0, 75, 69, 195, 568, 1365, 1383, 1083, 669, 2227, 171, 0, 0
15:42:42, 1249.90, 30.52, 30.39, 29.375, 251, 319, 832, 1868, 3267, 3576, 3584, 3021, 6377, 387, 0, 0, 68, 61, 171, 509, 1251, 1270, 984, 596, 1996, 154, 0, 0
15:42:43, 1253.50, 30.50, 30.39, 29.375, 210, 265, 694, 1585, 2876, 3133, 3144, 2582, 6212, 384, 0, 0, 68, 61, 171, 509, 1253, 1274, 992, 605, 2072, 158, 0, 0
15:42:43, 1261.70, 30.49, 30.41, 29.297, 232, 308, 817, 1882, 3624, 3868, 3905, 3290, 7896, 499, 0, 0, 62, 55, 153, 462, 1166, 1187, 914, 550, 1881, 143, 0, 0
15:42:44, 1268.20, 30.47, 30.41, 29.250, 192, 238, 626, 1478, 3202, 3447, 3448, 2794, 6935, 437, 0, 0, 61, 54, 149, 453, 1137, 1159, 894, 538, 1850, 141, 0, 0
15:42:45, 1271.60, 30.47, 30.37, 29.250, 181, 215, 566, 1360, 2594, 2837, 2809, 2245, 5601, 350, 0, 0, 58, 50, 139, 427, 1099, 1121, 860, 512, 1763, 135, 0, 0
15:42:45, 1277.20, 30.45, 30.39, 29.195, 169, 193, 507, 1227, 2938, 3201, 3190, 2593, 6254, 391, 0, 0, 58, 50, 139, 425, 1073, 1096, 839, 501, 1748, 133, 0, 0
15:42:46, 1284.60, 30.44, 30.37, 29.156, 160, 190, 509, 1233, 2285, 2496, 2428, 1926, 4756, 297, 0, 0, 55, 47, 130, 401, 1024, 1048, 800, 474, 1658, 126, 0, 0
15:42:47, 1293.20, 30.43, 30.37, 29.156, 168, 200, 539, 1322, 2358, 2576, 2505, 1970, 4767, 297, 0, 0, 53, 45, 121, 380, 978, 1003, 763, 449, 1573, 121, 0, 0
15:42:47, 1298.80, 30.42, 30.39, 29.133, 143, 163, 438, 1087, 2137, 2336, 2259, 1768, 4281, 267, 0, 0, 51, 43, 116, 364, 944, 970, 737, 432, 1527, 117, 0, 0
15:42:48, 1304.10, 30.41, 30.34, 29.102, 143, 164, 443, 1114, 2087, 2286, 2193, 1705, 4124, 258, 0, 0, 48, 40, 109, 345, 909, 934, 708, 413, 1465, 112, 0, 0
15:42:49, 1308.80, 30.39, 30.41, 29.102, 141, 161, 435, 1093, 2201, 2385, 2313, 1817, 4404, 276, 0, 0, 47, 39, 104, 331, 875, 901, 680, 394, 1413, 108, 0, 0
15:42:49, 1312.80, 30.38, 30.39, 29.078, 127, 143, 388, 993, 1989, 2174, 2087, 1615, 3986, 250, 0, 0, 45, 37, 100, 321, 858, 884, 668, 387, 1372, 105, 0, 0
15:42:50, 1316.90, 30.37, 30.41, 29.062, 119, 134, 363, 935, 1897, 2061, 1972, 1496, 3820, 241, 0, 0, 44, 36, 96, 308, 831, 857, 645, 372, 1324, 102, 0, 0
15:42:51, 1322.40, 30.36, 30.39, 29.062, 121, 135, 366, 946, 1964, 2138, 2057, 1559, 3907, 246, 0, 0, 43, 35, 93, 300, 806, 833, 626, 362, 1299, 100, 0, 0
15:42:51, 1329.70, 30.35, 30.41, 29.047, 109, 120, 328, 856, 1732, 1877, 1777, 1325, 3399, 215, 0, 0, 40, 33, 86, 280, 762, 790, 591, 340, 1224, 94, 0, 0
15:42:52, 1333.60, 30.35, 30.37, 29.039, 106, 115, 310, 821, 1652, 1799, 1697, 1263, 3209, 203, 0, 0, 38, 31, 80, 263, 726, 754, 561, 320, 1148, 88, 0, 0
15:42:53, 1336.30, 30.34, 30.41, 29.039, 95, 101, 273, 727, 1587, 1730, 1629, 1214, 3114, 198, 0, 0, 38, 30, 79, 259, 721, 749, 558, 319, 1148, 88, 0, 0
15:42:53, 1339.70, 30.33, 30.37, 29.016, 99, 105, 282, 755, 1569, 1707, 1604, 1197, 3032, 193, 0, 0, 36, 29, 76, 252, 697, 723, 537, 304, 1106, 85, 0, 0
15:42:54, 1345.60, 30.32, 30.37, 29.016, 95, 102, 277, 748, 1588, 1723, 1629, 1205, 3087, 197, 0, 0, 35, 28, 72, 238, 670, 697, 518, 292, 1058, 82, 0, 0
15:42:55, 1347.60, 30.31, 30.39, 29.016, 87, 89, 239, 655, 1388, 1525, 1415, 1042, 2670, 171, 0, 0, 34, 27, 70, 234, 659, 685, 508, 286, 1040, 80, 0, 0
15:42:55, 1351.90, 30.30, 30.45, 29.000, 89, 95, 257, 705, 1515, 1645, 1546, 1123, 2970, 190, 0, 0, 32, 26, 66, 221, 635, 661, 489, 275, 995, 77, 0, 0
15:42:56, 1357.00, 30.30, 30.41, 29.000, 81, 83, 225, 622, 1376, 1503, 1401, 1000, 2789, 180, 0, 0, 32, 25, 64, 215, 609, 635, 467, 262, 966, 74, 0, 0
15:42:57, 1366.60, 30.29, 30.35, 29.000, 76, 79, 213, 596, 1245, 1356, 1252, 886, 2475, 160, 0, 0, 29, 23, 57, 196, 562, 587, 431, 240, 880, 68, 0, 0
15:42:57, 1374.00, 30.28, 30.41, 28.984, 69, 69, 184, 519, 1125, 1228, 1124, 793, 2161, 140, 0, 0, 27, 21, 52, 178, 523, 547, 399, 220, 809, 62, 0, 0
15:42:58, 1382.80, 30.27, 30.39, 28.992, 63, 62, 162, 465, 1058, 1165, 1061, 751, 2017, 130, 0, 0, 25, 19, 48, 165, 486, 510, 370, 203, 754, 58, 0, 0
15:42:59, 1391.60, 30.27, 30.39, 28.992, 57, 56, 147, 428, 974, 1067, 963, 666, 1831, 119, 0, 0, 23, 17, 42, 149, 447, 469, 339, 184, 690, 53, 0, 0
15:42:59, 1394.30, 30.26, 30.37, 28.984, 54, 52, 135, 396, 911, 999, 897, 618, 1675, 109, 0, 0, 22, 16, 40, 141, 434, 456, 328, 178, 670, 52, 0, 0
15:43:00, 1403.80, 30.25, 30.39, 28.992, 52, 50, 129, 382, 888, 978, 878, 603, 1674, 108, 0, 0, 20, 15, 37, 132, 401, 423, 303, 163, 617, 48, 0, 0
15:43:01, 1410.20, 30.24, 30.43, 28.992, 45, 42, 108, 324, 770, 847, 748, 504, 1396, 91, 0, 0, 18, 14, 33, 119, 374, 395, 282, 151, 570, 44, 0, 0
15:43:01, 1415.60, 30.24, 30.41, 28.977, 45, 42, 107, 322, 769, 847, 750, 506, 1387, 90, 0, 0, 18, 13, 32, 115, 358, 378, 268, 143, 547, 42, 0, 0
15:43:02, 1427.60, 30.23, 30.39, 28.984, 40, 37, 94, 289, 693, 763, 670, 448, 1237, 81, 0, 0, 16, 12, 28, 101, 320, 339, 239, 126, 484, 37, 0, 0
15:43:03, 1435.80, 30.22, 30.43, 28.984, 35, 31, 78, 244, 598, 661, 572, 375, 1052, 69, 0, 0, 14, 10, 25, 90, 292, 310, 217, 113, 440, 34, 0, 0
15:43:03, 1441.90, 30.21, 30.39, 28.977, 32, 29, 72, 225, 576, 636, 550, 360, 1020, 67, 0, 0, 14, 10, 23, 85, 278, 296, 206, 108, 422, 33, 0, 0
15:43:04, 1449.30, 30.21, 30.37, 28.977, 30, 26, 64, 205, 521, 577, 496, 320, 920, 60, 0, 0, 12, 9, 21, 76, 256, 273, 189, 98, 383, 29, 0, 0
15:43:05, 1452.90, 30.20, 30.37, 28.977, 27, 24, 59, 189, 498, 551, 473, 304, 894, 59, 0, 0, 12, 8, 19, 72, 246, 262, 181, 93, 366, 28, 0, 0
15:43:05, 1450.50, 30.20, 30.43, 28.977, 27, 24, 58, 186, 502, 555, 475, 305, 893, 59, 0, 0, 12, 9, 20, 74, 251, 268, 185, 95, 376, 29, 0, 0
15:43:06, 1457.40, 30.19, 30.41, 28.977, 28, 25, 60, 193, 512, 565, 487, 312, 912, 60, 0, 0, 12, 8, 19, 71, 239, 256, 176, 91, 364, 28, 0, 0
15:43:07, 1467.00, 30.18, 30.39, 28.977, 26, 23, 54, 177, 458, 508, 431, 274, 781, 51, 0, 0, 10, 7, 17, 64, 217, 232, 159, 81, 323, 25, 0, 0
15:43:07, 1472.10, 30.17, 30.41, 28.977, 23, 20, 48, 156, 415, 460, 388, 243, 692, 45, 0, 0, 10, 7, 16, 59, 206, 220, 150, 77, 304, 23, 0, 0
15:43:08, 1478.00, 30.17, 30.45, 28.977, 23, 20, 47, 154, 417, 463, 392, 245, 701, 46, 0, 0, 9, 7, 15, 57, 198, 212, 144, 73, 296, 23, 0, 0
15:43:09, 1489.70, 30.16, 30.41, 28.977, 20, 18, 42, 139, 368, 408, 341, 210, 616, 41, 0, 0, 8, 6, 13, 50, 176, 189, 128, 64, 259, 20, 0, 0
15:43:09, 1494.40, 30.16, 30.43, 28.977, 18, 16, 36, 123, 340, 378, 314, 192, 562, 37, 0, 0, 8, 5, 12, 46, 167, 180, 121, 60, 245, 19, 0, 0
15:43:10, 1502.60, 30.15, 30.43, 28.977, 17, 15, 34, 114, 320, 356, 294, 179, 556, 37, 0, 0, 7, 5, 11, 43, 154, 166, 111, 55, 228, 17, 0, 0
15:43:11, 1509.00, 30.15, 30.43, 28.977, 16, 14, 31, 105, 300, 334, 276, 166, 507, 34, 0, 0, 7, 4, 10, 39, 145, 156, 104, 52, 213, 16, 0, 0
15:43:11, 1514.20, 30.14, 30.41, 28.977, 15, 13, 28, 97, 277, 308, 252, 150, 466, 31, 0, 0, 6, 4, 9, 36, 136, 147, 98, 48, 199, 15, 0, 0
15:43:12, 1516.60, 30.13, 30.41, 28.977, 14, 12, 27, 93, 270, 302, 246, 146, 452, 30, 0, 0, 6, 4, 9, 35, 133, 144, 95, 47, 195, 15, 0, 0
15:43:13, 1522.50, 30.13, 30.41, 28.977, 14, 12, 26, 90, 261, 292, 237, 140, 434, 29, 0, 0, 6, 4, 9, 33, 126, 136, 90, 44, 183, 14, 0, 0
15:43:13, 1529.60, 30.12, 30.39, 28.977, 12, 11, 23, 82, 238, 266, 215, 126, 406, 27, 0, 0, 5, 3, 8, 30, 115, 125, 82, 40, 167, 12, 0, 0
15:43:14, 1529.90, 30.12, 30.35, 28.977, 12, 10, 22, 76, 230, 257, 207, 122, 386, 26, 0, 0, 5, 3, 7, 30, 115, 125, 82, 40, 167, 12, 0, 0
15:43:15, 1534.40, 30.12, 30.39, 28.977, 11, 10, 21, 75, 225, 252, 203, 118, 382, 25, 0, 0, 5, 3, 7, 29, 110, 120, 78, 38, 161, 12, 0, 0
15:43:15, 1542.60, 30.11, 30.43, 28.977, 11, 9, 20, 70, 212, 237, 190, 110, 359, 24, 0, 0, 4, 3, 7, 26, 102, 111, 72, 35, 149, 11, 0, 0
15:43:16, 1547.20, 30.11, 30.45, 28.977, 10, 8, 17, 62, 189, 212, 168, 97, 312, 21, 0, 0, 4, 3, 6, 24, 96, 105, 68, 32, 139, 10, 0, 0
15:43:17, 1551.90, 30.10, 30.41, 28.977, 9, 8, 17, 60, 185, 208, 164, 94, 311, 21, 0, 0, 4, 3, 6, 23, 92, 101, 65, 31, 135, 10, 0, 0
15:43:17, 1559.30, 30.10, 30.45, 28.977, 9, 8, 16, 56, 174, 196, 155, 88, 296, 20, 0, 0, 4, 2, 5, 21, 86, 93, 60, 28, 124, 9, 0, 0
15:43:18, 1562.40, 30.09, 30.41, 28.977, 8, 7, 14, 51, 161, 181, 142, 80, 270, 18, 0, 0, 3, 2, 5, 20, 82, 90, 57, 27, 119, 9, 0, 0
15:43:19, 1565.40, 30.09, 30.41, 28.977, 8, 7, 14, 50, 159, 179, 140, 79, 274, 18, 0, 0, 3, 2, 5, 19, 79, 86, 55, 26, 114, 8, 0, 0
15:43:19, 1567.80, 30.08, 30.43, 28.977, 8, 7, 13, 48, 156, 176, 137, 77, 264, 18, 0, 0, 3, 2, 5, 19, 78, 86, 54, 26, 114, 8, 0, 0
15:43:20, 1576.20, 30.08, 30.41, 28.977, 7, 6, 13, 47, 149, 168, 131, 73, 255, 17, 0, 0, 3, 2, 4, 18, 72, 79, 50, 23, 104, 7, 0, 0
15:43:21, 1583.40, 30.08, 30.41, 28.977, 7, 6, 11, 41, 134, 152, 117, 65, 226, 15, 0, 0, 2, 1, 4, 16, 67, 73, 46, 21, 96, 7, 0, 0
15:43:21, 1586.70, 30.07, 30.41, 28.984, 6, 5, 10, 38, 127, 143, 110, 60, 210, 14, 0, 0, 2, 1, 4, 15, 65, 71, 45, 21, 93, 7, 0, 0
15:43:22, 1597.80, 30.07, 30.43, 28.984, 6, 5, 10, 37, 121, 137, 106, 58, 210, 14, 0, 0, 2, 1, 3, 14, 59, 64, 40, 18, 84, 6, 0, 0
15:43:23, 1607.20, 30.06, 30.43, 28.969, 5, 4, 8, 31, 104, 118, 89, 48, 171, 12, 0, 0, 2, 1, 3, 12, 53, 58, 36, 16, 75, 5, 0, 0
15:43:23, 1612.80, 30.06, 30.45, 28.984, 5, 4, 7, 29, 99, 113, 85, 45, 164, 11, 0, 0, 2, 1, 3, 11, 51, 56, 34, 16, 73, 5, 0, 0
15:43:24, 1625.80, 30.05, 30.45, 28.984, 4, 4, 7, 26, 90, 103, 77, 40, 150, 10, 0, 0, 1, 1, 2, 10, 45, 49, 30, 14, 63, 4, 0, 0
15:43:25, 1630.20, 30.05, 30.37, 28.984, 4, 3, 6, 23, 81, 93, 68, 36, 130, 9, 0, 0, 1, 1, 2, 9, 42, 47, 29, 13, 60, 4, 0, 0
15:43:25, 1634.70, 30.04, 30.41, 28.984, 4, 3, 6, 22, 79, 90, 66, 35, 128, 9, 0, 0, 1, 1, 2, 9, 40, 45, 27, 12, 58, 4, 0, 0
15:43:26, 1641.90, 30.04, 30.45, 28.984, 3, 3, 5, 21, 75, 86, 63, 33, 124, 9, 0, 0, 1, 1, 2, 8, 37, 42, 25, 11, 53, 4, 0, 0
15:43:27, 1648.00, 30.03, 30.45, 28.984, 3, 3, 5, 19, 70, 80, 58, 30, 114, 8, 0, 0, 1, 0, 2, 7, 35, 39, 23, 10, 49, 3, 0, 0
15:43:27, 1652.60, 30.02, 30.45, 28.984, 3, 3, 4, 18, 67, 77, 55, 28, 109, 8, 0, 0, 1, 0, 1, 7, 34, 38, 23, 10, 48, 3, 0, 0
15:43:28, 1664.50, 30.02, 30.37, 28.984, 3, 3, 4, 17, 61, 70, 50, 25, 101, 7, 0, 0, 1, 0, 1, 6, 30, 33, 20, 9, 43, 3, 0, 0
15:43:29, 1669.20, 30.02, 30.39, 28.984, 2, 2, 3, 15, 56, 64, 45, 23, 89, 6, 0, 0, 1, 0, 1, 6, 29, 32, 19, 8, 41, 2, 0, 0
15:43:29, 1681.50, 30.01, 30.41, 28.984, 2, 2, 3, 14, 52, 60, 42, 21, 87, 6, 0, 0, 0, 0, 1, 5, 26, 29, 18, 8, 37, 2, 0, 0
15:43:30, 1688.80, 30.01, 30.43, 28.984, 2, 2, 3, 11, 44, 51, 36, 17, 71, 5, 0, 0, 0, 0, 1, 5, 23, 26, 16, 7, 32, 2, 0, 0
15:43:31, 1690.20, 30.00, 30.39, 28.977, 2, 2, 2, 11, 44, 50, 35, 17, 70, 5, 0, 0, 0, 0, 1, 4, 23, 26, 15, 7, 32, 2, 0, 0
15:43:31, 1694.80, 30.00, 30.39, 28.984, 2, 2, 2, 11, 43, 49, 34, 17, 68, 5, 0, 0, 0, 0, 1, 4, 21, 24, 14, 6, 30, 2, 0, 0
15:43:32, 1701.80, 29.99, 30.43, 28.984, 2, 2, 2, 10, 39, 45, 31, 15, 64, 5, 0, 0, 0, 0, 1, 4, 19, 22, 13, 6, 27, 1, 0, 0
15:43:33, 1712.50, 29.99, 30.41, 28.977, 1, 2, 2, 9, 35, 40, 27, 13, 58, 4, 0, 0, 0, 0, 0, 3, 17, 19, 12, 5, 25, 1, 0, 0
15:43:33, 1722.70, 29.98, 30.43, 28.977, 1, 1, 1, 7, 29, 34, 23, 11, 48, 4, 0, 0, 0, 0, 0, 3, 15, 17, 10, 4, 21, 1, 0, 0
15:43:34, 1727.70, 29.98, 30.43, 28.977, 1, 1, 1, 6, 26, 31, 21, 10, 43, 3, 0, 0, 0, 0, 0, 2, 14, 16, 9, 4, 20, 1, 0, 0
15:43:35, 1734.80, 29.97, 30.41, 28.977, 1, 1, 1, 6, 25, 29, 19, 9, 40, 3, 0, 0, 0, 0, 0, 2, 13, 15, 9, 4, 19, 1, 0, 0
15:43:35, 1742.60, 29.97, 30.39, 28.984, 1, 1, 1, 5, 22, 26, 17, 8, 35, 3, 0, 0, 0, 0, 0, 2, 11, 13, 8, 3, 17, 1, 0, 0
15:43:36, 1749.40, 29.97, 30.43, 28.984, 1, 1, 1, 4, 20, 24, 15, 7, 32, 2, 0, 0, 0, 0, 0, 2, 10, 12, 7, 3, 16, 0, 0, 0
15:43:36, 1755.70, 29.96, 30.41, 28.977, 1, 1, 1, 4, 18, 21, 14, 6, 28, 2, 0, 0, 0, 0, 0, 2, 9, 11, 6, 3, 14, 0, 0, 0
15:43:37, 1759.80, 29.96, 30.41, 28.977, 0, 1, 0, 3, 17, 20, 13, 6, 27, 2, 0, 0, 0, 0, 0, 1, 9, 10, 6, 3, 13, 0, 0, 0
15:43:38, 1762.70, 29.96, 30.41, 28.977, 0, 1, 0, 3, 16, 19, 12, 6, 26, 2, 0, 0, 0, 0, 0, 1, 9, 10, 6, 2, 13, 0, 0, 0
15:43:38, 1768.70, 29.95, 30.45, 28.977, 0, 1, 0, 3, 15, 18, 12, 5, 27, 2, 0, 0, 0, 0, 0, 1, 8, 9, 5, 2, 12, 0, 0, 0
15:43:39, 1770.60, 29.95, 30.43, 28.977, 0, 1, 0, 3, 15, 18, 11, 5, 24, 2, 0, 0, 0, 0, 0, 1, 8, 9, 5, 2, 12, 0, 0, 0
15:43:40, 1775.20, 29.94, 30.41, 28.977, 0, 1, 0, 3, 15, 17, 11, 5, 24, 2, 0, 0, 0, 0, 0, 1, 7, 9, 5, 2, 11, 0, 0, 0
15:43:40, 1781.50, 29.94, 30.45, 28.969, 0, 1, 0, 3, 13, 16, 10, 4, 22, 2, 0, 0, 0, 0, 0, 1, 7, 8, 5, 2, 10, 0, 0, 0
15:43:41, 1786.00, 29.94, 30.39, 28.977, 0, 1, 0, 2, 12, 15, 9, 4, 20, 2, 0, 0, 0, 0, 0, 1, 6, 7, 4, 2, 9, 0, 0, 0
15:43:42, 1790.10, 29.94, 30.39, 28.977, 0, 1, 0, 2, 12, 14, 9, 4, 19, 2, 0, 0, 0, 0, 0, 1, 6, 7, 4, 1, 9, 0, 0, 0
15:43:42, 1795.70, 29.93, 30.43, 28.969, 0, 1, 0, 2, 11, 14, 8, 4, 19, 2, 0, 0, 0, 0, 0, 1, 5, 6, 4, 1, 8, 0, 0, 0
15:43:43, 1802.80, 29.93, 30.43, 28.977, 0, 1, 0, 2, 11, 13, 8, 3, 18, 1, 0, 0, 0, 0, 0, 1, 5, 6, 3, 1, 7, 0, 0, 0
15:43:44, 1808.00, 29.93, 30.43, 28.977, 0, 1, 0, 2, 9, 12, 7, 3, 15, 1, 0, 0, 0, 0, 0, 1, 4, 5, 3, 1, 7, 0, 0, 0
15:43:44, 1814.40, 29.92, 30.39, 28.977, 0, 1, 0, 1, 9, 11, 6, 3, 14, 1, 0, 0, 0, 0, 0, 1, 4, 5, 3, 1, 6, 0, 0, 0
15:43:45, 1821.90, 29.92, 30.41, 28.984, 0, 0, 0, 1, 8, 10, 6, 2, 13, 1, 0, 0, 0, 0, 0, 0, 4, 4, 2, 1, 6, 0, 0, 0
15:43:46, 1827.70, 29.91, 30.45, 28.984, 0, 0, 0, 1, 7, 9, 5, 2, 12, 1, 0, 0, 0, 0, 0, 0, 3, 4, 2, 1, 5, 0, 0, 0
15:43:46, 1832.70, 29.91, 30.45, 28.969, 0, 0, 0, 1, 7, 9, 5, 2, 11, 1, 0, 0, 0, 0, 0, 0, 3, 4, 2, 1, 5, 0, 0, 0
15:43:47, 1839.30, 29.91, 30.41, 28.969, 0, 0, 0, 1, 7, 8, 5, 2, 11, 1, 0, 0, 0, 0, 0, 0, 3, 3, 2, 1, 4, 0, 0, 0
15:43:48, 1849.00, 29.90, 30.45, 28.984, 0, 0, 0, 1, 6, 7, 4, 1, 9, 1, 0, 0, 0, 0, 0, 0, 2, 3, 1, 0, 4, 0, 0, 0
15:43:48, 1857.00, 29.90, 30.43, 28.977, 0, 0, 0, 1, 5, 6, 3, 1, 7, 1, 0, 0, 0, 0, 0, 0, 2, 2, 1, 0, 3, 0, 0, 0
15:43:49, 1865.70, 29.90, 30.39, 28.977, 0, 0, 0, 0, 4, 5, 3, 1, 6, 1, 0, 0, 0, 0, 0, 0, 1, 2, 1, 0, 3, 0, 0, 0
15:43:50, 1880.00, 29.90, 30.37, 28.977, 0, 0, 0, 0, 3, 5, 2, 1, 5, 1, 0, 0, 0, 0, 0, 0, 1, 1, 1, 0, 2, 0, 0, 0
15:43:50, 1888.90, 29.89, 30.43, 28.977, 0, 0, 0, 0, 2, 3, 1, 0, 4, 1, 0, 0, 0, 0, 0, 0, 1, 1, 1, 0, 2, 0, 0, 0
15:43:51, 1893.30, 29.89, 30.37, 28.977, 0, 0, 0, 0, 2, 3, 1, 0, 3, 1, 0, 0, 0, 0, 0, 0, 1, 1, 0, 0, 1, 0, 0, 0
15:43:52, 1899.00, 29.88, 30.37, 28.977, 0, 0, 0, 0, 2, 3, 1, 0, 3, 1, 0, 0, 0, 0, 0, 0, 0, 1, 0, 0, 1, 0, 0, 0
15:43:52, 1903.80, 29.88, 30.43, 28.977, 0, 0, 0, 0, 2, 3, 1, 0, 3, 1, 0, 0, 0, 0, 0, 0, 0, 1, 0, 0, 1, 0, 0, 0
15:43:53, 1906.50, 29.88, 30.37, 28.977, 0, 0, 0, 0, 2, 3, 1, 0, 2, 0, 0, 0, 0, 0, 0, 0, 0, 0, 0, 0, 1, 0, 0, 0
15:43:54, 1912.90, 29.87, 30.41, 28.977, 0, 0, 0, 0, 2, 2, 1, 0, 2, 0, 0, 0, 0, 0, 0, 0, 0, 0, 0, 0, 1, 0, 0, 0
15:43:54, 1917.80, 29.87, 30.45, 28.977, 0, 0, 0, 0, 1, 2, 1, 0, 2, 0, 0, 0, 0, 0, 0, 0, 0, 0, 0, 0, 1, 0, 0, 0
15:43:55, 1921.80, 29.87, 30.43, 28.977, 0, 0, 0, 0, 1, 2, 1, 0, 2, 0, 0, 0, 0, 0, 0, 0, 0, 0, 0, 0, 1, 0, 0, 0
15:43:56, 1930.20, 29.87, 30.45, 28.977, 0, 0, 0, 0, 1, 2, 0, 0, 2, 0, 0, 0, 0, 0, 0, 0, 0, 0, 0, 0, 1, 0, 0, 0
15:43:56, 1935.70, 29.87, 30.41, 28.977, 0, 0, 0, 0, 1, 2, 0, 0, 1, 0, 0, 0, 0, 0, 0, 0, 0, 0, 0, 0, 0, 0, 0, 0
15:43:57, 1943.80, 29.86, 30.45, 28.977, 0, 0, 0, 0, 1, 2, 0, 0, 1, 0, 0, 0, 0, 0, 0, 0, 0, 0, 0, 0, 0, 0, 0, 0
15:43:58, 1948.50, 29.86, 30.45, 28.977, 0, 0, 0, 0, 1, 1, 0, 0, 1, 0, 0, 0, 0, 0, 0, 0, 0, 0, 0, 0, 0, 0, 0, 0
15:43:58, 1955.80, 29.86, 30.43, 28.977, 0, 0, 0, 0, 1, 1, 0, 0, 1, 0, 0, 0, 0, 0, 0, 0, 0, 0, 0, 0, 0, 0, 0, 0
15:43:59, 1961.40, 29.85, 30.43, 28.977, 0, 0, 0, 0, 0, 1, 0, 0, 1, 0, 0, 0, 0, 0, 0, 0, 0, 0, 0, 0, 0, 0, 0, 0
15:44:00, 1966.20, 29.85, 30.43, 28.977, 0, 0, 0, 0, 0, 1, 0, 0, 1, 0, 0, 0, 0, 0, 0, 0, 0, 0, 0, 0, 0, 0, 0, 0
15:44:00, 1971.50, 29.85, 30.45, 28.977, 0, 0, 0, 0, 0, 1, 0, 0, 0, 0, 0, 0, 0, 0, 0, 0, 0, 0, 0, 0, 0, 0, 0, 0
15:44:01, 1973.10, 29.85, 30.43, 28.977, 0, 0, 0, 0, 0, 1, 0, 0, 0, 0, 0, 0, 0, 0, 0, 0, 0, 0, 0, 0, 0, 0, 0, 0
15:44:02, 1974.70, 29.84, 30.43, 28.977, 0, 0, 0, 0, 0, 1, 0, 0, 0, 0, 0, 0, 0, 0, 0, 0, 0, 0, 0, 0, 0, 0, 0, 0
15:44:02, 1976.30, 29.84, 30.41, 28.977, 0, 0, 0, 0, 0, 1, 0, 0, 0, 0, 0, 0, 0, 0, 0, 0, 0, 0, 0, 0, 0, 0, 0, 0
15:44:03, 1978.80, 29.84, 30.43, 28.977, 0, 0, 0, 0, 0, 1, 0, 0, 0, 0, 0, 0, 0, 0, 0, 0, 0, 0, 0, 0, 0, 0, 0, 0
15:44:04, 1980.50, 29.84, 30.43, 28.977, 0, 0, 0, 0, 0, 1, 0, 0, 0, 0, 0, 0, 0, 0, 0, 0, 0, 0, 0, 0, 0, 0, 0, 0
15:44:04, 1986.90, 29.84, 30.45, 28.984, 0, 0, 0, 0, 0, 1, 0, 0, 0, 0, 0, 0, 0, 0, 0, 0, 0, 0, 0, 0, 0, 0, 0, 0
15:44:05, 1989.60, 29.84, 30.41, 28.984, 0, 0, 0, 0, 0, 1, 0, 0, 0, 0, 0, 0, 0, 0, 0, 0, 0, 0, 0, 0, 0, 0, 0, 0
15:44:06, 1990.60, 29.84, 30.43, 28.969, 0, 0, 0, 0, 0, 1, 0, 0, 0, 0, 0, 0, 0, 0, 0, 0, 0, 0, 0, 0, 0, 0, 0, 0
15:44:06, 1993.60, 29.84, 30.41, 28.977, 0, 0, 0, 0, 0, 1, 0, 0, 0, 0, 0, 0, 0, 0, 0, 0, 0, 0, 0, 0, 0, 0, 0, 0
15:44:07, 1996.00, 29.83, 30.45, 28.977, 0, 0, 0, 0, 0, 1, 0, 0, 0, 0, 0, 0, 0, 0, 0, 0, 0, 0, 0, 0, 0, 0, 0, 0
15:44:08, 1998.70, 29.83, 30.39, 28.977, 0, 0, 0, 0, 0, 1, 0, 0, 0, 0, 0, 0, 0, 0, 0, 0, 0, 0, 0, 0, 0, 0, 0, 0
15:44:08, 2001.00, 29.83, 30.43, 28.977, 0, 0, 0, 0, 0, 1, 0, 0, 0, 0, 0, 0, 0, 0, 0, 0, 0, 0, 0, 0, 0, 0, 0, 0
15:44:09, 2007.30, 29.82, 30.41, 28.977, 0, 0, 0, 0, 0, 1, 0, 0, 0, 0, 0, 0, 0, 0, 0, 0, 0, 0, 0, 0, 0, 0, 0, 0
15:44:10, 2010.40, 29.82, 30.45, 28.977, 0, 0, 0, 0, 0, 1, 0, 0, 0, 0, 0, 0, 0, 0, 0, 0, 0, 0, 0, 0, 0, 0, 0, 0
15:44:10, 2009.10, 29.82, 30.43, 28.977, 0, 0, 0, 0, 0, 1, 0, 0, 0, 0, 0, 0, 0, 0, 0, 0, 0, 0, 0, 0, 0, 0, 0, 0
15:44:11, 2010.70, 29.82, 30.45, 28.977, 0, 0, 0, 0, 0, 1, 0, 0, 0, 0, 0, 0, 0, 0, 0, 0, 0, 0, 0, 0, 0, 0, 0, 0
15:44:12, 2020.80, 29.82, 30.43, 28.977, 0, 0, 0, 0, 0, 1, 0, 0, 0, 0, 0, 0, 0, 0, 0, 0, 0, 0, 0, 0, 0, 0, 0, 0
15:44:12, 2026.90, 29.81, 30.41, 28.977, 0, 0, 0, 0, 0, 1, 0, 0, 0, 0, 0, 0, 0, 0, 0, 0, 0, 0, 0, 0, 0, 0, 0, 0
15:44:13, 2034.80, 29.81, 30.41, 28.977, 0, 0, 0, 0, 0, 1, 0, 0, 0, 0, 0, 0, 0, 0, 0, 0, 0, 0, 0, 0, 0, 0, 0, 0
15:44:14, 2043.10, 29.80, 30.45, 28.977, 0, 0, 0, 0, 0, 1, 0, 0, 0, 0, 0, 0, 0, 0, 0, 0, 0, 0, 0, 0, 0, 0, 0, 0
15:44:14, 2048.80, 29.80, 30.43, 28.977, 0, 0, 0, 0, 0, 1, 0, 0, 0, 0, 0, 0, 0, 0, 0, 0, 0, 0, 0, 0, 0, 0, 0, 0
15:44:15, 2052.60, 29.79, 30.43, 28.977, 0, 0, 0, 0, 0, 0, 0, 0, 0, 0, 0, 0, 0, 0, 0, 0, 0, 0, 0, 0, 0, 0, 0, 0
15:44:16, 2054.80, 29.79, 30.45, 28.977, 0, 0, 0, 0, 0, 0, 0, 0, 0, 0, 0, 0, 0, 0, 0, 0, 0, 0, 0, 0, 0, 0, 0, 0
15:44:16, 2061.10, 29.79, 30.43, 28.984, 0, 0, 0, 0, 0, 0, 0, 0, 0, 0, 0, 0, 0, 0, 0, 0, 0, 0, 0, 0, 0, 0, 0, 0
15:44:17, 2063.60, 29.78, 30.45, 28.984, 0, 0, 0, 0, 0, 0, 0, 0, 0, 0, 0, 0, 0, 0, 0, 0, 0, 0, 0, 0, 0, 0, 0, 0
15:44:18, 2069.40, 29.78, 30.41, 28.977, 0, 0, 0, 0, 0, 0, 0, 0, 0, 0, 0, 0, 0, 0, 0, 0, 0, 0, 0, 0, 0, 0, 0, 0
15:44:18, 2066.50, 29.78, 30.45, 28.984, 0, 0, 0, 0, 0, 0, 0, 0, 0, 0, 0, 0, 0, 0, 0, 0, 0, 0, 0, 0, 0, 0, 0, 0
15:44:19, 2071.60, 29.78, 30.43, 28.984, 0, 0, 0, 0, 0, 0, 0, 0, 0, 0, 0, 0, 0, 0, 0, 0, 0, 0, 0, 0, 0, 0, 0, 0
15:44:20, 2070.40, 29.78, 30.43, 28.977, 0, 0, 0, 0, 0, 0, 0, 0, 0, 0, 0, 0, 0, 0, 0, 0, 0, 0, 0, 0, 0, 0, 0, 0
15:44:20, 2070.30, 29.78, 30.45, 28.977, 0, 0, 0, 0, 0, 0, 0, 0, 0, 0, 0, 0, 0, 0, 0, 0, 0, 0, 0, 0, 0, 0, 0, 0
15:44:21, 2067.30, 29.78, 30.45, 28.977, 0, 0, 0, 0, 0, 0, 0, 0, 0, 0, 0, 0, 0, 0, 0, 0, 0, 0, 0, 0, 0, 0, 0, 0
15:44:22, 2068.00, 29.78, 30.41, 28.969, 0, 0, 0, 0, 0, 0, 0, 0, 0, 0, 0, 0, 0, 0, 0, 0, 0, 0, 0, 0, 0, 0, 0, 0
15:44:22, 2071.40, 29.78, 30.45, 28.977, 0, 0, 0, 0, 0, 0, 0, 0, 0, 0, 0, 0, 0, 0, 0, 0, 0, 0, 0, 0, 0, 0, 0, 0
15:44:23, 2069.30, 29.78, 30.45, 28.977, 0, 0, 0, 0, 0, 0, 0, 0, 0, 0, 0, 0, 0, 0, 0, 0, 0, 0, 0, 0, 0, 0, 0, 0
15:44:24, 2066.80, 29.77, 30.45, 28.977, 0, 0, 0, 0, 0, 0, 0, 0, 0, 0, 0, 0, 0, 0, 0, 0, 0, 0, 0, 0, 0, 0, 0, 0
15:44:24, 2068.20, 29.77, 30.43, 28.977, 0, 0, 0, 0, 0, 0, 0, 0, 0, 0, 0, 0, 0, 0, 0, 0, 0, 0, 0, 0, 0, 0, 0, 0
15:44:25, 2067.20, 29.77, 30.41, 28.977, 0, 0, 0, 0, 0, 0, 0, 0, 0, 0, 0, 0, 0, 0, 0, 0, 0, 0, 0, 0, 0, 0, 0, 0
15:44:26, 2064.90, 29.77, 30.45, 28.977, 0, 0, 0, 0, 0, 0, 0, 0, 0, 0, 0, 0, 0, 0, 0, 0, 0, 0, 0, 0, 0, 0, 0, 0
15:44:26, 2062.40, 29.77, 30.45, 28.984, 0, 0, 0, 0, 0, 0, 0, 0, 0, 0, 0, 0, 0, 0, 0, 0, 0, 0, 0, 0, 0, 0, 0, 0
15:44:27, 2057.20, 29.77, 30.43, 28.984, 0, 0, 0, 0, 0, 0, 0, 0, 0, 0, 0, 0, 0, 0, 0, 0, 0, 0, 0, 0, 0, 0, 0, 0
15:44:28, 2051.00, 29.77, 30.43, 28.969, 0, 0, 0, 0, 0, 0, 0, 0, 0, 0, 0, 0, 0, 0, 0, 0, 0, 0, 0, 0, 0, 0, 0, 0
15:44:28, 2055.50, 29.77, 30.45, 28.977, 0, 0, 0, 0, 0, 0, 0, 0, 0, 0, 0, 0, 0, 0, 0, 0, 0, 0, 0, 0, 0, 0, 0, 0
15:44:29, 2050.90, 29.77, 30.45, 28.977, 0, 0, 0, 0, 0, 0, 0, 0, 0, 0, 0, 0, 0, 0, 0, 0, 0, 0, 0, 0, 0, 0, 0, 0
15:44:30, 2048.10, 29.77, 30.45, 28.977, 0, 0, 0, 0, 0, 0, 0, 0, 0, 0, 0, 0, 0, 0, 0, 0, 0, 0, 0, 0, 0, 0, 0, 0
15:44:30, 2041.80, 29.77, 30.43, 28.977, 0, 0, 0, 0, 0, 0, 0, 0, 0, 0, 0, 0, 0, 0, 0, 0, 0, 0, 0, 0, 0, 0, 0, 0
15:44:31, 2047.20, 29.76, 30.45, 28.977, 0, 0, 0, 0, 0, 0, 0, 0, 0, 0, 0, 0, 0, 0, 0, 0, 0, 0, 0, 0, 0, 0, 0, 0
15:44:32, 2044.00, 29.76, 30.41, 28.969, 0, 0, 0, 0, 0, 0, 0, 0, 0, 0, 0, 0, 0, 0, 0, 0, 0, 0, 0, 0, 0, 0, 0, 0
15:44:32, 2044.80, 29.76, 30.41, 28.969, 0, 0, 0, 0, 0, 0, 0, 0, 0, 0, 0, 0, 0, 0, 0, 0, 0, 0, 0, 0, 0, 0, 0, 0
15:44:33, 2039.50, 29.76, 30.45, 28.977, 0, 0, 0, 0, 0, 0, 0, 0, 0, 0, 0, 0, 0, 0, 0, 0, 0, 0, 0, 0, 0, 0, 0, 0
15:44:34, 2036.60, 29.75, 30.48, 28.977, 0, 0, 0, 0, 0, 0, 0, 0, 0, 0, 0, 0, 0, 0, 0, 0, 0, 0, 0, 0, 0, 0, 0, 0
15:44:34, 2029.00, 29.75, 30.41, 28.977, 0, 0, 0, 0, 0, 0, 0, 0, 0, 0, 0, 0, 0, 0, 0, 0, 0, 0, 0, 0, 0, 0, 0, 0
15:44:35, 2022.70, 29.75, 30.45, 28.977, 0, 0, 0, 0, 0, 0, 0, 0, 0, 0, 0, 0, 0, 0, 0, 0, 0, 0, 0, 0, 1, 0, 0, 0
15:44:36, 2019.80, 29.75, 30.45, 28.977, 0, 0, 0, 0, 0, 1, 0, 0, 0, 0, 0, 0, 0, 0, 0, 0, 0, 0, 0, 0, 0, 0, 0, 0
15:44:36, 2017.10, 29.74, 30.46, 28.977, 0, 0, 0, 0, 0, 1, 0, 0, 0, 0, 0, 0, 0, 0, 0, 0, 0, 0, 0, 0, 0, 0, 0, 0
15:44:37, 2003.80, 29.73, 30.45, 28.977, 0, 0, 0, 0, 0, 0, 0, 0, 0, 0, 0, 0, 0, 0, 0, 0, 0, 0, 0, 0, 0, 0, 0, 0
15:44:38, 1993.90, 29.73, 30.43, 28.977, 0, 0, 0, 0, 0, 0, 0, 0, 0, 0, 0, 0, 0, 0, 0, 0, 0, 0, 0, 0, 1, 0, 0, 0
15:44:38, 1987.60, 29.73, 30.45, 28.977, 0, 0, 0, 0, 0, 1, 0, 0, 0, 0, 0, 0, 0, 0, 0, 0, 0, 0, 0, 0, 0, 0, 0, 0
15:44:39, 1986.50, 29.72, 30.45, 28.977, 0, 0, 0, 0, 0, 0, 0, 0, 0, 0, 0, 0, 0, 0, 0, 0, 0, 0, 0, 0, 0, 0, 0, 0
15:44:40, 1975.50, 29.72, 30.43, 28.977, 0, 0, 0, 0, 0, 1, 0, 0, 0, 0, 0, 0, 0, 0, 0, 0, 0, 1, 0, 0, 1, 0, 0, 0
15:44:40, 1969.60, 29.72, 30.46, 28.977, 0, 0, 0, 0, 0, 1, 0, 0, 0, 0, 0, 0, 0, 0, 0, 0, 0, 0, 0, 0, 1, 0, 0, 0
15:44:41, 1961.50, 29.72, 30.46, 28.977, 0, 0, 0, 0, 0, 1, 0, 0, 1, 0, 0, 0, 0, 0, 0, 0, 0, 0, 0, 0, 1, 0, 0, 0
15:44:42, 1955.10, 29.72, 30.39, 28.977, 0, 0, 0, 0, 0, 1, 0, 0, 0, 0, 0, 0, 0, 0, 0, 0, 0, 0, 0, 0, 1, 0, 0, 0
15:44:42, 1950.10, 29.72, 30.43, 28.977, 0, 0, 0, 0, 0, 1, 0, 0, 0, 0, 0, 0, 0, 0, 0, 0, 0, 1, 0, 0, 1, 0, 0, 0
15:44:43, 1943.00, 29.72, 30.43, 28.977, 0, 0, 0, 0, 1, 1, 0, 0, 1, 0, 0, 0, 0, 0, 0, 0, 0, 0, 0, 0, 0, 0, 0, 0
15:44:44, 1938.10, 29.71, 30.46, 28.984, 0, 0, 0, 0, 0, 1, 0, 0, 0, 0, 0, 0, 0, 0, 0, 0, 0, 0, 0, 0, 0, 0, 0, 0
15:44:44, 1934.10, 29.71, 30.45, 28.984, 0, 0, 0, 0, 1, 1, 0, 0, 0, 0, 0, 0, 0, 0, 0, 0, 0, 0, 0, 0, 0, 0, 0, 0
15:44:45, 1933.10, 29.71, 30.43, 28.977, 0, 0, 0, 0, 1, 2, 0, 0, 1, 0, 0, 0, 0, 0, 0, 0, 0, 0, 0, 0, 0, 0, 0, 0
15:44:46, 1930.40, 29.71, 30.43, 28.977, 0, 0, 0, 0, 1, 2, 0, 0, 1, 0, 0, 0, 0, 0, 0, 0, 0, 0, 0, 0, 0, 0, 0, 0
15:44:46, 1928.80, 29.71, 30.45, 28.977, 0, 0, 0, 0, 1, 2, 0, 0, 1, 0, 0, 0, 0, 0, 0, 0, 0, 0, 0, 0, 0, 0, 0, 0
15:44:47, 1917.80, 29.71, 30.45, 28.977, 0, 0, 0, 0, 1, 2, 0, 0, 1, 0, 0, 0, 0, 0, 0, 0, 0, 0, 0, 0, 1, 0, 0, 0
15:44:48, 1919.60, 29.71, 30.45, 28.984, 0, 0, 0, 0, 1, 2, 1, 0, 2, 0, 0, 0, 0, 0, 0, 0, 0, 0, 0, 0, 1, 0, 0, 0
15:44:48, 1916.00, 29.71, 30.45, 28.984, 0, 0, 0, 0, 1, 2, 1, 0, 1, 0, 0, 0, 0, 0, 0, 0, 0, 1, 0, 0, 1, 0, 0, 0
15:44:49, 1910.60, 29.71, 30.43, 28.977, 0, 0, 0, 0, 1, 2, 1, 0, 2, 0, 0, 0, 0, 0, 0, 0, 0, 0, 0, 0, 1, 0, 0, 0
15:44:50, 1902.50, 29.71, 30.43, 28.977, 0, 0, 0, 0, 1, 2, 1, 0, 2, 0, 0, 0, 0, 0, 0, 0, 1, 1, 1, 0, 2, 0, 0, 0
15:44:50, 1903.90, 29.70, 30.46, 28.977, 0, 0, 0, 0, 2, 3, 1, 0, 3, 1, 0, 0, 0, 0, 0, 0, 1, 1, 1, 0, 2, 0, 0, 0
15:44:51, 1900.50, 29.70, 30.45, 28.977, 0, 0, 0, 0, 2, 3, 1, 0, 2, 0, 0, 0, 0, 0, 0, 0, 1, 1, 1, 0, 2, 0, 0, 0
15:44:52, 1893.70, 29.70, 30.43, 28.977, 0, 0, 0, 0, 2, 3, 1, 0, 2, 0, 0, 0, 0, 0, 0, 0, 1, 1, 1, 0, 2, 0, 0, 0
15:44:52, 1888.30, 29.70, 30.43, 28.977, 0, 0, 0, 0, 2, 3, 1, 0, 3, 1, 0, 0, 0, 0, 0, 0, 1, 1, 1, 0, 2, 0, 0, 0
15:44:53, 1885.00, 29.70, 30.45, 28.984, 0, 0, 0, 0, 2, 3, 1, 0, 3, 1, 0, 0, 0, 0, 0, 0, 1, 2, 1, 0, 2, 0, 0, 0
15:44:54, 1878.30, 29.70, 30.43, 28.977, 0, 0, 0, 0, 2, 3, 1, 0, 3, 1, 0, 0, 0, 0, 0, 0, 1, 2, 1, 0, 3, 0, 0, 0
15:44:54, 1875.90, 29.71, 30.45, 28.977, 0, 0, 0, 0, 3, 4, 2, 1, 4, 1, 0, 0, 0, 0, 0, 0, 1, 2, 1, 0, 3, 0, 0, 0
15:44:55, 1865.00, 29.71, 30.43, 28.977, 0, 0, 0, 0, 3, 4, 2, 1, 4, 1, 0, 0, 0, 0, 0, 0, 2, 2, 1, 0, 3, 0, 0, 0
15:44:56, 1861.40, 29.71, 30.45, 28.977, 0, 0, 0, 0, 4, 5, 2, 1, 5, 1, 0, 0, 0, 0, 0, 0, 2, 2, 1, 0, 3, 0, 0, 0
15:44:56, 1856.70, 29.70, 30.46, 28.977, 0, 0, 0, 0, 4, 5, 3, 1, 5, 1, 0, 0, 0, 0, 0, 0, 2, 3, 1, 1, 3, 0, 0, 0
15:44:57, 1849.40, 29.70, 30.46, 28.977, 0, 0, 0, 0, 4, 6, 3, 1, 6, 1, 0, 0, 0, 0, 0, 0, 2, 3, 2, 1, 4, 0, 0, 0
15:44:58, 1847.10, 29.70, 30.46, 28.984, 0, 0, 0, 1, 5, 6, 3, 1, 7, 1, 0, 0, 0, 0, 0, 0, 2, 3, 2, 1, 4, 0, 0, 0
15:44:58, 1841.20, 29.70, 30.46, 28.984, 0, 0, 0, 1, 5, 6, 3, 1, 7, 1, 0, 0, 0, 0, 0, 0, 3, 3, 2, 1, 4, 0, 0, 0
15:44:59, 1834.00, 29.70, 30.45, 28.977, 0, 0, 0, 1, 5, 7, 4, 1, 8, 1, 0, 0, 0, 0, 0, 0, 3, 4, 2, 1, 5, 0, 0, 0
15:45:00, 1824.70, 29.70, 30.48, 28.977, 0, 0, 0, 1, 5, 7, 4, 2, 8, 1, 0, 0, 0, 0, 0, 0, 3, 4, 3, 1, 5, 0, 0, 0
15:45:00, 1818.80, 29.70, 30.45, 28.977, 0, 0, 0, 1, 6, 8, 4, 2, 9, 1, 0, 0, 0, 0, 0, 0, 4, 5, 3, 1, 6, 0, 0, 0
15:45:01, 1812.80, 29.70, 30.46, 28.977, 0, 0, 0, 1, 7, 8, 5, 2, 9, 1, 0, 0, 0, 0, 0, 1, 4, 5, 3, 1, 6, 0, 0, 0
15:45:02, 1805.90, 29.70, 30.45, 28.984, 0, 0, 0, 1, 7, 9, 5, 2, 10, 1, 0, 0, 0, 0, 0, 1, 5, 6, 3, 1, 7, 0, 0, 0
15:45:02, 1805.40, 29.70, 30.50, 28.984, 0, 0, 0, 1, 8, 10, 6, 2, 12, 1, 0, 0, 0, 0, 0, 1, 5, 6, 3, 1, 7, 0, 0, 0
15:45:03, 1798.90, 29.70, 30.43, 28.977, 0, 0, 0, 1, 8, 10, 6, 2, 12, 1, 0, 0, 0, 0, 0, 1, 5, 6, 4, 1, 7, 0, 0, 0
15:45:04, 1789.80, 29.70, 30.43, 28.984, 0, 1, 0, 1, 9, 11, 6, 3, 12, 1, 0, 0, 0, 0, 0, 1, 6, 7, 4, 2, 8, 0, 0, 0
15:45:04, 1789.40, 29.70, 30.46, 28.984, 0, 1, 0, 2, 11, 13, 8, 3, 15, 1, 0, 0, 0, 0, 0, 1, 6, 7, 4, 1, 8, 0, 0, 0
15:45:05, 1782.90, 29.70, 30.45, 28.977, 0, 1, 0, 2, 10, 12, 7, 3, 14, 1, 0, 0, 0, 0, 0, 1, 6, 8, 4, 2, 9, 0, 0, 0
15:45:06, 1779.10, 29.70, 30.43, 28.977, 0, 1, 0, 2, 10, 12, 7, 3, 15, 1, 0, 0, 0, 0, 0, 1, 7, 8, 5, 2, 10, 0, 0, 0
15:45:06, 1778.70, 29.70, 30.45, 28.977, 0, 1, 0, 3, 13, 16, 10, 4, 21, 2, 0, 0, 0, 0, 0, 1, 7, 8, 4, 2, 10, 0, 0, 0
15:45:07, 1769.10, 29.70, 30.43, 28.977, 0, 1, 0, 2, 11, 14, 8, 4, 16, 1, 0, 0, 0, 0, 0, 1, 8, 9, 6, 2, 11, 0, 0, 0
15:45:08, 1769.60, 29.70, 30.45, 28.977, 0, 1, 0, 2, 13, 15, 9, 4, 18, 2, 0, 0, 0, 0, 0, 1, 8, 9, 5, 2, 11, 0, 0, 0
15:45:08, 1765.00, 29.70, 30.46, 28.977, 0, 1, 0, 3, 13, 16, 10, 4, 20, 2, 0, 0, 0, 0, 0, 1, 8, 9, 5, 2, 11, 0, 0, 0
15:45:09, 1754.20, 29.70, 30.45, 28.977, 0, 1, 0, 2, 13, 16, 10, 4, 18, 2, 0, 0, 0, 0, 0, 1, 9, 11, 6, 3, 13, 0, 0, 0
15:45:10, 1754.90, 29.69, 30.48, 28.977, 0, 1, 0, 3, 15, 18, 11, 5, 22, 2, 0, 0, 0, 0, 0, 2, 9, 11, 6, 2, 13, 0, 0, 0
15:45:10, 1754.10, 29.69, 30.45, 28.977, 0, 1, 0, 3, 16, 20, 13, 6, 26, 2, 0, 0, 0, 0, 0, 1, 9, 11, 6, 2, 13, 0, 0, 0
15:45:11, 1743.90, 29.69, 30.46, 28.969, 0, 1, 0, 3, 16, 19, 12, 6, 23, 2, 0, 0, 0, 0, 0, 2, 10, 12, 7, 3, 15, 0, 0, 0
15:45:12, 1741.20, 29.69, 30.45, 28.977, 1, 1, 1, 4, 18, 21, 13, 6, 26, 2, 0, 0, 0, 0, 0, 2, 11, 13, 7, 3, 15, 0, 0, 0
15:45:12, 1737.30, 29.69, 30.45, 28.977, 1, 1, 1, 4, 19, 22, 15, 7, 28, 2, 0, 0, 0, 0, 0, 2, 11, 13, 8, 3, 16, 0, 0, 0
15:45:13, 1728.60, 29.69, 30.45, 28.977, 1, 1, 1, 4, 19, 23, 15, 7, 27, 2, 0, 0, 0, 0, 0, 2, 13, 15, 9, 4, 18, 1, 0, 0
15:45:14, 1728.20, 29.69, 30.46, 28.977, 1, 1, 1, 5, 22, 26, 18, 8, 35, 3, 0, 0, 0, 0, 0, 2, 13, 15, 9, 4, 19, 1, 0, 0
15:45:14, 1725.00, 29.69, 30.50, 28.977, 1, 1, 1, 5, 23, 27, 18, 8, 36, 3, 0, 0, 0, 0, 0, 2, 13, 15, 9, 4, 19, 1, 0, 0
15:45:15, 1715.50, 29.69, 30.46, 28.969, 1, 1, 1, 5, 21, 25, 16, 8, 32, 2, 0, 0, 0, 0, 0, 3, 15, 18, 10, 4, 21, 1, 0, 0
15:45:16, 1708.80, 29.69, 30.45, 28.969, 1, 1, 1, 5, 24, 28, 19, 9, 34, 3, 0, 0, 0, 0, 0, 3, 16, 19, 11, 5, 23, 1, 0, 0
15:45:16, 1693.40, 29.69, 30.45, 28.977, 1, 1, 1, 6, 25, 30, 20, 10, 37, 3, 0, 0, 0, 0, 1, 4, 21, 24, 14, 6, 28, 1, 0, 0
15:45:17, 1685.40, 29.69, 30.48, 28.977, 1, 1, 1, 6, 29, 34, 23, 11, 42, 3, 0, 0, 0, 0, 1, 4, 22, 25, 15, 6, 30, 2, 0, 0
15:45:18, 1681.20, 29.69, 30.45, 28.977, 1, 1, 2, 8, 34, 40, 27, 14, 50, 4, 0, 0, 0, 0, 1, 4, 23, 26, 16, 7, 31, 2, 0, 0
15:45:18, 1676.80, 29.68, 30.45, 28.977, 2, 2, 2, 9, 38, 44, 31, 15, 60, 4, 0, 0, 0, 0, 1, 5, 25, 28, 17, 7, 34, 2, 0, 0
15:45:19, 1676.00, 29.68, 30.45, 28.977, 1, 2, 2, 9, 37, 43, 30, 15, 58, 4, 0, 0, 0, 0, 1, 5, 24, 28, 17, 7, 34, 2, 0, 0
15:45:20, 1674.00, 29.68, 30.46, 28.977, 2, 2, 2, 10, 41, 47, 33, 16, 61, 4, 0, 0, 0, 0, 1, 5, 25, 29, 18, 8, 34, 2, 0, 0
15:45:20, 1671.10, 29.68, 30.45, 28.984, 2, 2, 2, 10, 42, 49, 35, 17, 63, 5, 0, 0, 0, 0, 1, 5, 26, 30, 18, 8, 36, 2, 0, 0
15:45:21, 1669.30, 29.67, 30.48, 28.977, 2, 2, 2, 11, 42, 49, 34, 17, 60, 4, 0, 0, 1, 0, 1, 6, 28, 31, 19, 8, 38, 2, 0, 0
15:45:22, 1670.10, 29.68, 30.48, 28.977, 2, 2, 3, 11, 45, 53, 37, 18, 84, 6, 0, 0, 0, 0, 1, 5, 27, 30, 19, 8, 37, 2, 0, 0
15:45:22, 1667.20, 29.67, 30.46, 28.977, 2, 2, 2, 10, 40, 47, 32, 16, 60, 4, 0, 0, 1, 0, 1, 6, 29, 33, 20, 9, 39, 2, 0, 0
15:45:23, 1668.10, 29.67, 30.48, 28.984, 2, 2, 2, 10, 43, 50, 35, 18, 64, 5, 0, 0, 1, 0, 1, 5, 27, 31, 19, 8, 38, 2, 0, 0
15:45:24, 1663.60, 29.67, 30.45, 28.984, 2, 2, 3, 11, 45, 52, 37, 18, 67, 5, 0, 0, 1, 0, 1, 6, 30, 33, 21, 9, 39, 2, 0, 0
15:45:24, 1657.40, 29.67, 30.45, 28.969, 2, 2, 3, 11, 44, 52, 36, 18, 63, 5, 0, 0, 1, 0, 1, 6, 32, 36, 22, 10, 42, 3, 0, 0
15:45:25, 1654.40, 29.67, 30.46, 28.977, 2, 2, 3, 12, 49, 57, 40, 20, 72, 5, 0, 0, 1, 0, 1, 6, 31, 35, 22, 10, 44, 3, 0, 0
15:45:26, 1652.00, 29.68, 30.43, 28.977, 2, 2, 3, 12, 47, 55, 38, 19, 71, 5, 0, 0, 1, 0, 1, 7, 32, 37, 23, 10, 46, 3, 0, 0
15:45:26, 1649.50, 29.67, 30.43, 28.977, 2, 2, 3, 14, 54, 62, 44, 23, 81, 6, 0, 0, 1, 0, 2, 7, 34, 38, 24, 11, 46, 3, 0, 0
15:45:27, 1645.40, 29.68, 30.46, 28.977, 2, 2, 3, 14, 53, 61, 43, 22, 76, 5, 0, 0, 1, 0, 2, 8, 40, 45, 28, 12, 51, 3, 0, 0
15:45:28, 1645.10, 29.67, 30.46, 28.977, 2, 2, 3, 14, 56, 65, 46, 24, 83, 6, 0, 0, 1, 0, 2, 7, 37, 41, 26, 11, 49, 3, 0, 0
15:45:28, 1644.00, 29.67, 30.46, 28.977, 2, 2, 3, 12, 49, 57, 40, 20, 72, 5, 0, 0, 1, 0, 2, 8, 36, 40, 25, 11, 50, 3, 0, 0
15:45:29, 1644.20, 29.67, 30.45, 28.977, 3, 2, 4, 15, 61, 70, 50, 26, 94, 7, 0, 0, 1, 0, 2, 7, 35, 39, 24, 11, 49, 3, 0, 0
15:45:30, 1640.70, 29.67, 30.45, 28.977, 3, 3, 4, 18, 64, 74, 53, 27, 104, 7, 0, 0, 1, 0, 2, 8, 37, 41, 26, 11, 53, 3, 0, 0
15:45:30, 1636.60, 29.67, 30.45, 28.977, 3, 3, 4, 16, 61, 70, 51, 26, 97, 7, 0, 0, 1, 1, 2, 8, 39, 44, 28, 12, 55, 4, 0, 0
15:45:31, 1632.90, 29.67, 30.48, 28.977, 3, 2, 4, 15, 61, 70, 50, 26, 91, 6, 0, 0, 1, 1, 2, 9, 40, 45, 28, 12, 55, 4, 0, 0
15:45:32, 1630.30, 29.67, 30.48, 28.977, 3, 3, 4, 16, 63, 73, 52, 27, 92, 6, 0, 0, 1, 1, 2, 9, 42, 46, 29, 13, 58, 4, 0, 0
15:45:32, 1629.80, 29.67, 30.45, 28.969, 3, 3, 5, 20, 75, 86, 63, 33, 118, 8, 0, 0, 1, 1, 2, 9, 42, 47, 29, 13, 59, 4, 0, 0
15:45:33, 1627.40, 29.67, 30.48, 28.977, 3, 3, 5, 19, 70, 81, 59, 31, 109, 8, 0, 0, 1, 1, 2, 9, 42, 48, 30, 14, 60, 4, 0, 0
15:45:34, 1624.30, 29.67, 30.48, 28.977, 3, 3, 5, 19, 71, 81, 59, 31, 107, 7, 0, 0, 1, 1, 2, 9, 45, 50, 31, 14, 61, 4, 0, 0
15:45:34, 1622.30, 29.67, 30.48, 28.977, 3, 3, 5, 20, 74, 85, 62, 33, 110, 8, 0, 0, 1, 1, 2, 10, 45, 50, 32, 14, 62, 4, 0, 0
15:45:35, 1619.50, 29.67, 30.48, 28.977, 3, 3, 5, 21, 76, 87, 64, 34, 111, 8, 0, 0, 2, 1, 2, 10, 46, 52, 32, 15, 63, 4, 0, 0
15:45:36, 1617.20, 29.67, 30.46, 28.977, 4, 4, 6, 24, 84, 96, 71, 38, 133, 9, 0, 0, 1, 1, 2, 10, 48, 54, 34, 15, 64, 4, 0, 0
15:45:36, 1615.90, 29.67, 30.45, 28.977, 4, 3, 6, 23, 84, 96, 71, 38, 128, 9, 0, 0, 2, 1, 2, 10, 47, 52, 33, 15, 65, 4, 0, 0
15:45:37, 1608.00, 29.67, 30.45, 28.984, 4, 3, 6, 22, 75, 87, 63, 34, 108, 8, 0, 0, 2, 1, 3, 12, 52, 58, 37, 17, 72, 5, 0, 0
15:45:38, 1600.60, 29.67, 30.46, 28.984, 4, 4, 6, 24, 85, 98, 72, 39, 130, 9, 0, 0, 2, 1, 3, 13, 56, 62, 40, 18, 78, 5, 0, 0
15:45:38, 1598.70, 29.67, 30.46, 28.977, 4, 4, 7, 26, 97, 111, 83, 45, 154, 11, 0, 0, 2, 1, 3, 13, 56, 63, 40, 18, 81, 6, 0, 0
15:45:39, 1591.80, 29.67, 30.46, 28.984, 5, 4, 8, 30, 94, 108, 81, 44, 157, 11, 0, 0, 2, 2, 3, 14, 63, 70, 45, 21, 92, 7, 0, 0
15:45:40, 1587.80, 29.67, 30.43, 28.984, 5, 4, 8, 30, 105, 120, 91, 50, 177, 12, 0, 0, 2, 1, 4, 14, 66, 73, 47, 22, 95, 7, 0, 0
15:45:40, 1588.70, 29.67, 30.45, 28.984, 5, 4, 8, 30, 109, 125, 95, 52, 179, 12, 0, 0, 2, 1, 3, 14, 62, 68, 44, 20, 89, 6, 0, 0
15:45:41, 1586.50, 29.67, 30.45, 28.977, 5, 5, 9, 33, 110, 126, 96, 53, 178, 12, 0, 0, 2, 1, 4, 14, 63, 70, 45, 21, 89, 6, 0, 0
15:45:42, 1583.90, 29.67, 30.46, 28.977, 5, 4, 8, 31, 106, 121, 92, 51, 163, 11, 0, 0, 2, 1, 3, 15, 64, 71, 46, 21, 89, 6, 0, 0
15:45:42, 1581.80, 29.67, 30.45, 28.977, 5, 4, 8, 30, 107, 122, 93, 51, 157, 11, 0, 0, 2, 1, 4, 15, 65, 72, 46, 22, 92, 7, 0, 0
15:45:43, 1581.00, 29.67, 30.45, 28.977, 5, 5, 9, 33, 113, 128, 98, 54, 168, 11, 0, 0, 3, 1, 4, 16, 66, 73, 47, 22, 93, 7, 0, 0
15:45:44, 1577.00, 29.67, 30.43, 28.977, 6, 5, 9, 35, 112, 127, 97, 54, 163, 11, 0, 0, 3, 2, 4, 16, 70, 77, 50, 23, 95, 7, 0, 0
15:45:44, 1573.60, 29.67, 30.45, 28.977, 6, 5, 9, 35, 117, 133, 102, 57, 177, 12, 0, 0, 3, 2, 4, 17, 70, 78, 50, 23, 99, 7, 0, 0
15:45:45, 1568.00, 29.66, 30.45, 28.977, 6, 5, 10, 38, 125, 142, 109, 61, 197, 13, 0, 0, 3, 2, 4, 17, 75, 82, 53, 25, 107, 8, 0, 0
15:45:46, 1561.60, 29.67, 30.48, 28.977, 7, 6, 11, 41, 138, 157, 122, 69, 239, 16, 0, 0, 3, 2, 5, 19, 80, 88, 57, 27, 118, 8, 0, 0
15:45:46, 1554.60, 29.66, 30.50, 28.969, 7, 6, 12, 43, 139, 158, 123, 70, 247, 17, 0, 0, 3, 2, 5, 20, 84, 92, 60, 29, 123, 9, 0, 0
15:45:47, 1544.60, 29.66, 30.43, 28.977, 6, 5, 10, 38, 134, 153, 118, 67, 231, 16, 0, 0, 4, 3, 6, 23, 96, 105, 69, 33, 139, 10, 0, 0
15:45:48, 1544.20, 29.67, 30.46, 28.977, 8, 7, 13, 48, 167, 190, 150, 87, 286, 19, 0, 0, 4, 3, 6, 23, 93, 102, 67, 32, 136, 10, 0, 0
15:45:48, 1546.20, 29.66, 30.45, 28.977, 9, 8, 16, 59, 184, 208, 166, 96, 322, 22, 0, 0, 4, 2, 6, 23, 91, 100, 65, 31, 133, 10, 0, 0
15:45:49, 1546.90, 29.66, 30.48, 28.977, 9, 8, 16, 58, 181, 204, 164, 94, 318, 21, 0, 0, 4, 2, 5, 22, 90, 98, 65, 31, 130, 10, 0, 0
15:45:50, 1548.00, 29.66, 30.46, 28.977, 8, 7, 14, 49, 158, 179, 140, 81, 255, 17, 0, 0, 4, 2, 6, 23, 90, 98, 64, 31, 129, 9, 0, 0
15:45:50, 1552.20, 29.66, 30.45, 28.977, 9, 8, 16, 57, 176, 198, 159, 91, 307, 21, 0, 0, 3, 2, 5, 21, 86, 94, 62, 29, 127, 9, 0, 0
15:45:51, 1554.30, 29.66, 30.45, 28.984, 8, 7, 15, 53, 165, 187, 149, 85, 284, 19, 0, 0, 3, 2, 5, 20, 83, 91, 59, 28, 120, 9, 0, 0
15:45:52, 1549.70, 29.66, 30.48, 28.984, 7, 6, 12, 43, 139, 159, 123, 71, 223, 15, 0, 0, 4, 2, 5, 22, 87, 96, 63, 30, 124, 9, 0, 0
15:45:52, 1541.30, 29.66, 30.48, 28.969, 8, 7, 13, 47, 147, 167, 130, 75, 231, 16, 0, 0, 4, 3, 6, 24, 97, 106, 70, 34, 138, 10, 0, 0
15:45:53, 1536.50, 29.66, 30.50, 28.984, 8, 7, 15, 52, 164, 186, 146, 85, 254, 17, 0, 0, 4, 3, 6, 25, 100, 109, 72, 35, 141, 10, 0, 0
15:45:54, 1532.50, 29.66, 30.45, 28.984, 9, 8, 16, 58, 179, 202, 161, 95, 279, 19, 0, 0, 4, 3, 7, 26, 103, 113, 75, 36, 146, 11, 0, 0
15:45:54, 1522.50, 29.66, 30.48, 28.977, 9, 8, 17, 59, 182, 206, 164, 97, 280, 19, 0, 0, 5, 3, 7, 29, 113, 123, 83, 40, 160, 12, 0, 0
15:45:55, 1515.80, 29.66, 30.46, 28.977, 11, 9, 19, 67, 208, 235, 189, 113, 326, 22, 0, 0, 5, 4, 8, 31, 120, 131, 88, 43, 170, 13, 0, 0
15:45:56, 1508.10, 29.66, 30.46, 28.977, 11, 10, 21, 71, 220, 248, 201, 121, 349, 23, 0, 0, 6, 4, 9, 33, 131, 142, 96, 47, 187, 14, 0, 0
15:45:56, 1501.90, 29.66, 30.46, 28.969, 12, 11, 23, 79, 243, 274, 223, 136, 398, 27, 0, 0, 6, 4, 10, 37, 140, 152, 103, 51, 204, 15, 0, 0
15:45:57, 1497.90, 29.66, 30.46, 28.984, 14, 13, 28, 96, 275, 309, 256, 156, 471, 31, 0, 0, 6, 4, 10, 38, 145, 158, 107, 54, 215, 16, 0, 0
15:45:58, 1486.30, 29.66, 30.52, 28.984, 14, 12, 27, 91, 256, 288, 235, 144, 432, 29, 0, 0, 7, 5, 12, 44, 167, 181, 124, 63, 247, 19, 0, 0
15:45:58, 1479.50, 29.66, 30.46, 28.977, 15, 13, 29, 98, 282, 316, 259, 161, 467, 31, 0, 0, 8, 6, 13, 48, 174, 188, 129, 66, 254, 19, 0, 0
15:45:59, 1475.00, 29.66, 30.46, 28.977, 18, 15, 34, 114, 320, 359, 299, 189, 521, 35, 0, 0, 8, 6, 13, 50, 181, 195, 135, 69, 266, 20, 0, 0
15:46:00, 1464.40, 29.66, 30.46, 28.977, 18, 15, 34, 113, 305, 343, 283, 179, 492, 33, 0, 0, 9, 7, 15, 57, 203, 219, 153, 78, 299, 23, 0, 0
15:46:00, 1458.50, 29.65, 30.48, 28.977, 19, 17, 39, 128, 377, 421, 356, 227, 624, 41, 0, 0, 10, 7, 16, 58, 211, 227, 158, 81, 310, 24, 0, 0
15:46:01, 1450.10, 29.66, 30.46, 28.977, 20, 17, 40, 128, 376, 422, 355, 228, 630, 42, 0, 0, 11, 8, 18, 67, 234, 251, 177, 92, 346, 27, 0, 0
15:46:02, 1442.10, 29.66, 30.48, 28.977, 23, 20, 47, 148, 379, 425, 355, 230, 630, 42, 0, 0, 12, 9, 21, 75, 256, 274, 194, 102, 379, 29, 0, 0
15:46:02, 1435.80, 29.65, 30.46, 28.969, 25, 21, 52, 162, 432, 483, 409, 269, 708, 47, 0, 0, 13, 9, 22, 79, 264, 282, 200, 105, 393, 30, 0, 0
15:46:03, 1424.20, 29.66, 30.46, 28.969, 26, 22, 55, 170, 454, 508, 429, 284, 748, 50, 0, 0, 15, 11, 25, 90, 302, 323, 231, 122, 452, 35, 0, 0
15:46:04, 1420.70, 29.66, 30.46, 28.977, 31, 27, 67, 206, 566, 632, 551, 370, 987, 65, 0, 0, 15, 11, 26, 94, 308, 328, 235, 125, 470, 36, 0, 0
15:46:04, 1411.90, 29.65, 30.46, 28.977, 33, 30, 75, 231, 561, 627, 546, 365, 1018, 67, 0, 0, 16, 12, 29, 102, 341, 364, 262, 141, 525, 41, 0, 0
15:46:05, 1398.20, 29.65, 30.45, 28.977, 31, 28, 69, 210, 528, 595, 511, 344, 946, 63, 0, 0, 19, 15, 35, 123, 395, 419, 305, 165, 597, 47, 0, 0
15:46:06, 1389.70, 29.65, 30.45, 28.969, 38, 34, 87, 257, 597, 668, 574, 394, 984, 65, 0, 0, 21, 16, 39, 134, 415, 439, 320, 174, 619, 48, 0, 0
15:46:06, 1387.30, 29.65, 30.46, 28.977, 48, 44, 115, 333, 907, 1003, 918, 638, 1571, 102, 0, 0, 20, 15, 38, 132, 408, 431, 313, 171, 624, 48, 0, 0
15:46:07, 1379.40, 29.65, 30.48, 28.977, 37, 32, 83, 244, 657, 736, 637, 443, 1110, 74, 0, 0, 22, 17, 41, 143, 452, 477, 350, 192, 684, 53, 0, 0
15:46:08, 1372.10, 29.65, 30.48, 28.969, 40, 36, 92, 266, 707, 794, 688, 489, 1150, 76, 0, 0, 24, 19, 46, 159, 486, 511, 375, 206, 719, 56, 0, 0
15:46:08, 1363.40, 29.65, 30.46, 28.969, 50, 46, 121, 340, 769, 852, 747, 536, 1182, 78, 0, 0, 27, 21, 52, 175, 527, 553, 409, 226, 778, 61, 0, 0
15:46:09, 1358.60, 29.65, 30.48, 28.969, 59, 55, 144, 397, 973, 1084, 977, 720, 1537, 100, 0, 0, 27, 21, 53, 179, 533, 559, 413, 230, 806, 63, 0, 0
15:46:10, 1353.60, 29.65, 30.43, 28.977, 61, 57, 152, 422, 996, 1117, 1009, 737, 1778, 115, 0, 0, 28, 22, 56, 187, 552, 579, 429, 240, 866, 67, 0, 0
15:46:10, 1349.60, 29.65, 30.48, 28.977, 66, 65, 172, 476, 1017, 1136, 1051, 752, 2060, 135, 0, 0, 30, 23, 60, 199, 570, 598, 444, 250, 910, 70, 0, 0
15:46:11, 1344.10, 29.65, 30.48, 28.977, 69, 70, 184, 512, 929, 1041, 954, 671, 1917, 127, 0, 0, 32, 25, 65, 217, 613, 642, 480, 271, 980, 76, 0, 0
15:46:12, 1332.80, 29.65, 30.50, 28.977, 61, 59, 156, 428, 817, 923, 824, 584, 1566, 104, 0, 0, 34, 27, 71, 232, 659, 689, 517, 293, 1034, 81, 0, 0
15:46:12, 1314.20, 29.65, 30.48, 28.984, 54, 51, 136, 368, 872, 987, 874, 642, 1580, 106, 0, 0, 41, 33, 86, 278, 784, 816, 618, 356, 1228, 96, 0, 0
15:46:13, 1308.30, 29.66, 30.48, 28.984, 68, 66, 177, 465, 1244, 1408, 1279, 983, 2182, 142, 0, 0, 40, 32, 86, 277, 782, 812, 615, 356, 1206, 94, 0, 0
15:46:14, 1302.80, 29.66, 30.48, 29.000, 81, 78, 212, 541, 1197, 1361, 1230, 949, 2118, 139, 0, 0, 44, 36, 97, 309, 856, 887, 678, 393, 1331, 105, 0, 0
15:46:14, 1300.60, 29.66, 30.46, 29.031, 98, 99, 268, 679, 1338, 1511, 1383, 1072, 2388, 155, 0, 0, 44, 36, 96, 306, 826, 855, 651, 378, 1288, 101, 0, 0
15:46:15, 1294.90, 29.66, 30.45, 29.031, 101, 99, 267, 668, 1344, 1529, 1390, 1100, 2334, 152, 0, 0, 44, 36, 97, 308, 866, 896, 684, 397, 1338, 105, 0, 0
15:46:16, 1289.10, 29.66, 30.46, 29.055, 89, 89, 242, 603, 1307, 1474, 1338, 1048, 2264, 148, 0, 0, 47, 39, 105, 330, 908, 939, 720, 420, 1391, 109, 0, 0
15:46:16, 1283.30, 29.66, 30.45, 29.070, 117, 118, 320, 778, 1503, 1696, 1556, 1246, 2561, 167, 0, 0, 47, 39, 106, 332, 924, 955, 732, 429, 1443, 113, 0, 0
15:46:17, 1279.80, 29.66, 30.46, 29.070, 86, 90, 240, 600, 1394, 1598, 1503, 1156, 2831, 184, 0, 0, 48, 40, 110, 342, 908, 938, 720, 427, 1457, 113, 0, 0
15:46:18, 1272.20, 29.67, 30.48, 29.078, 100, 107, 286, 705, 1332, 1502, 1405, 1082, 2674, 177, 0, 0, 53, 45, 121, 372, 1007, 1041, 804, 478, 1624, 127, 0, 0
15:46:18, 1267.70, 29.67, 30.45, 29.102, 122, 127, 339, 816, 1616, 1848, 1716, 1392, 2979, 192, 0, 0, 52, 44, 121, 372, 989, 1020, 789, 471, 1560, 122, 0, 0
15:46:19, 1259.80, 29.67, 30.43, 29.102, 108, 113, 302, 718, 1427, 1625, 1491, 1202, 2607, 172, 0, 0, 55, 47, 128, 389, 1030, 1060, 821, 492, 1624, 127, 0, 0
15:46:20, 1253.30, 29.67, 30.48, 29.102, 105, 112, 298, 705, 1413, 1608, 1489, 1196, 2691, 179, 0, 0, 59, 52, 142, 426, 1063, 1093, 851, 516, 1695, 132, 0, 0
15:46:20, 1246.40, 29.68, 30.45, 29.117, 134, 141, 374, 862, 1435, 1647, 1517, 1234, 2698, 181, 0, 0, 63, 55, 152, 452, 1131, 1162, 910, 555, 1805, 141, 0, 0
15:46:21, 1237.60, 29.68, 30.43, 29.117, 162, 178, 471, 1070, 1701, 1956, 1824, 1511, 3244, 211, 0, 0, 69, 62, 171, 502, 1253, 1288, 1021, 631, 2049, 161, 0, 0
15:46:22, 1230.20, 29.68, 30.52, 29.117, 145, 164, 426, 965, 1720, 1986, 1889, 1552, 3527, 233, 0, 0, 71, 65, 181, 522, 1256, 1287, 1024, 640, 2055, 160, 0, 0
15:46:22, 1227.60, 29.69, 30.46, 29.125, 202, 237, 616, 1354, 2442, 2775, 2728, 2334, 4839, 303, 0, 0, 68, 62, 173, 499, 1220, 1251, 994, 624, 2020, 156, 0, 0
15:46:23, 1225.00, 29.69, 30.46, 29.125, 176, 202, 523, 1145, 2089, 2419, 2286, 1965, 4033, 262, 0, 0, 72, 66, 183, 526, 1252, 1282, 1020, 640, 2059, 160, 0, 0
15:46:24, 1220.60, 29.69, 30.50, 29.125, 182, 212, 550, 1201, 1777, 2032, 1925, 1620, 3474, 229, 0, 0, 77, 71, 199, 564, 1321, 1352, 1083, 685, 2166, 169, 0, 0
15:46:24, 1213.90, 29.69, 30.48, 29.133, 179, 196, 507, 1082, 1994, 2320, 2173, 1906, 3670, 241, 0, 0, 79, 74, 206, 580, 1423, 1455, 1174, 745, 2319, 182, 0, 0
15:46:25, 1208.10, 29.69, 30.45, 29.133, 178, 203, 525, 1102, 1917, 2219, 2069, 1812, 3538, 233, 0, 0, 82, 78, 219, 609, 1419, 1448, 1172, 751, 2334, 182, 0, 0
15:46:26, 1207.60, 29.70, 30.45, 29.125, 248, 292, 744, 1528, 3075, 3588, 3467, 3216, 5500, 346, 0, 0, 78, 74, 209, 580, 1338, 1366, 1099, 708, 2261, 174, 0, 0
15:46:26, 1198.00, 29.70, 30.48, 29.133, 279, 379, 957, 1993, 2539, 2952, 2904, 2518, 5263, 336, 0, 0, 95, 92, 260, 707, 1705, 1745, 1440, 941, 2935, 230, 0, 0
15:46:27, 1198.10, 29.70, 30.48, 29.133, 195, 259, 629, 1361, 2477, 2783, 2935, 2400, 6378, 407, 0, 0, 88, 88, 247, 667, 1472, 1502, 1227, 805, 2579, 197, 0, 0
15:46:28, 1196.10, 29.70, 30.46, 29.133, 406, 646, 1596, 3169, 4767, 5140, 5510, 5044, 11198, 698, 0, 0, 87, 86, 242, 657, 1579, 1612, 1322, 865, 2738, 212, 0, 0
15:46:28, 1193.10, 29.71, 30.48, 29.141, 324, 455, 1109, 2272, 3377, 3883, 3979, 3581, 7397, 451, 0, 0, 92, 91, 257, 692, 1605, 1637, 1346, 883, 2710, 211, 0, 0
15:46:29, 1185.90, 29.71, 30.46, 29.141, 295, 354, 882, 1773, 2776, 3278, 3140, 2890, 5276, 335, 0, 0, 99, 99, 280, 746, 1754, 1787, 1486, 984, 2951, 232, 0, 0
15:46:30, 1180.50, 29.71, 30.45, 29.133, 344, 418, 1034, 2021, 3519, 4095, 4005, 3825, 6379, 396, 0, 0, 98, 100, 281, 741, 1701, 1730, 1435, 955, 2908, 227, 0, 0
15:46:30, 1177.80, 29.71, 30.48, 29.133, 354, 453, 1099, 2170, 5188, 5516, 5949, 5634, 9868, 588, 0, 0, 93, 95, 269, 709, 1648, 1675, 1386, 926, 2827, 218, 0, 0
15:46:31, 1168.00, 29.71, 30.48, 29.133, 207, 263, 626, 1261, 2498, 2985, 2959, 2624, 5612, 367, 0, 0, 115, 122, 343, 878, 1925, 1956, 1646, 1118, 3447, 267, 0, 0
15:46:32, 1162.00, 29.72, 30.46, 29.133, 268, 354, 811, 1638, 2841, 3591, 3586, 3151, 6979, 450, 0, 0, 122, 132, 370, 930, 1988, 2016, 1706, 1170, 3559, 276, 0, 0
15:46:32, 1160.30, 29.72, 30.46, 29.141, 456, 634, 1461, 2810, 5963, 6577, 7107, 7099, 12428, 713, 0, 0, 112, 122, 341, 862, 1847, 1871, 1575, 1085, 3281, 251, 0, 0
15:46:33, 1148.90, 29.72, 30.45, 29.141, 410, 529, 1207, 2359, 2742, 3323, 3291, 2976, 6221, 403, 0, 0, 140, 156, 434, 1071, 2396, 2430, 2093, 1457, 4376, 343, 0, 0
15:46:34, 1140.20, 29.72, 30.45, 29.133, 299, 415, 919, 1755, 2629, 3184, 3163, 2870, 6202, 410, 0, 0, 151, 175, 483, 1160, 2359, 2383, 2063, 1461, 4320, 335, 0, 0
15:46:34, 1133.50, 29.72, 30.48, 29.156, 536, 733, 1601, 2984, 3934, 4915, 4910, 4611, 9180, 566, 0, 0, 147, 173, 477, 1133, 2327, 2346, 2032, 1446, 4311, 332, 0, 0
15:46:35, 1125.80, 29.72, 30.45, 29.156, 775, 1148, 2424, 4424, 7447, 8201, 9056, 9222, 18031, 1027, 0, 0, 148, 176, 483, 1140, 2532, 2551, 2231, 1604, 4737, 364, 0, 0
15:46:36, 1114.40, 29.73, 30.48, 29.164, 283, 428, 883, 1607, 2718, 3251, 3472, 3044, 7757, 544, 0, 0, 194, 248, 661, 1487, 2855, 2871, 2554, 1885, 5568, 425, 0, 0
15:46:36, 1107.60, 29.73, 30.45, 29.187, 512, 805, 1517, 3001, 3268, 3893, 4598, 3698, 11721, 807, 0, 0, 207, 271, 716, 1581, 2915, 2930, 2622, 1963, 5877, 440, 0, 0
15:46:37, 1102.90, 29.73, 30.48, 29.187, 1201, 2333, 4254, 7389, 6799, 7400, 9128, 8048, 24634, 1600, 0, 0, 195, 258, 678, 1483, 2778, 2787, 2482, 1852, 5517, 412, 0, 0
15:46:38, 1090.50, 29.73, 30.48, 29.219, 296, 506, 948, 1645, 2102, 2301, 2704, 2282, 7386, 568, 0, 0, 256, 355, 911, 1936, 3489, 3496, 3198, 2453, 7034, 527, 0, 0
15:46:38, 1078.30, 29.74, 30.48, 29.258, 490, 834, 1460, 2561, 3403, 3649, 4883, 3727, 14836, 1151, 0, 0, 275, 397, 990, 2038, 3826, 3836, 3552, 2812, 8196, 602, 0, 0
15:46:39, 1069.90, 29.74, 30.52, 29.258, 575, 1067, 1728, 3099, 4749, 4880, 8065, 5043, 28750, 2236, 0, 0, 284, 415, 1014, 2053, 3525, 3524, 3243, 2554, 7555, 560, 0, 0
15:46:40, 1059.80, 29.75, 30.50, 29.297, 2016, 3781, 5684, 10229, 4362, 5526, 6627, 5330, 18372, 1417, 0, 0, 349, 515, 1242, 2461, 4445, 4441, 4147, 3309, 9382, 732, 0, 0
15:46:40, 1048.70, 29.75, 30.48, 29.398, 589, 903, 1427, 2233, 3004, 3782, 4255, 3818, 11814, 1306, 0, 0, 367, 563, 1311, 2524, 4243, 4219, 3969, 3236, 9253, 701, 0, 0
15:46:41, 1047.00, 29.76, 30.50, 29.398, 1232, 2665, 3481, 8076, 9277, 7161, 13724, 8632, 36000, 9749, 1, 1, 323, 494, 1149, 2209, 3510, 3488, 3261, 2655, 7986, 598, 0, 0
15:46:42, 1036.20, 29.77, 30.50, 29.508, 2301, 5388, 8580, 11063, 9327, 4900, 11865, 7276, 36000, 17659, 1, 1, 379, 589, 1315, 2463, 4146, 4136, 3885, 3257, 9963, 738, 0, 0
15:46:42, 1024.60, 29.78, 30.50, 29.633, 10265, 16600, 21460, 25683, 25487, 25321, 32382, 28859, 36000, 29477, 1, 1, 385, 602, 1305, 2379, 3974, 3962, 3711, 3152, 9818, 773, 0, 0
15:46:43, 1014.70, 29.79, 30.50, 29.633, 8793, 28173, 16142, 29721, 36000, 36000, 36000, 36000, 36000, 36000, 1, 1, 417, 653, 1385, 2454, 3934, 3886, 3622, 3097, 9330, 805, 0, 0
15:46:44, 1017.90, 29.80, 30.50, 29.695, 12286, 19828, 36000, 32132, 34777, 36000, 36000, 36000, 31454, 10072, 1, 1, 375, 580, 1281, 2376, 4029, 3981, 3724, 3065, 7433, 594, 0, 0
15:46:44, 1016.60, 29.81, 30.46, 29.742, 7813, 8638, 13694, 17194, 12037, 21922, 24748, 21511, 36000, 11793, 1, 1, 427, 682, 1450, 2583, 4088, 4029, 3829, 3251, 9407, 773, 0, 0
15:46:45, 1014.40, 29.83, 30.50, 29.742, 4155, 12192, 15539, 19519, 20239, 8466, 29952, 15825, 36000, 36000, 1, 1, 519, 838, 1721, 3003, 4821, 4766, 4580, 3933, 11807, 961, 0, 0
15:46:46, 1016.60, 29.85, 30.48, 29.773, 4954, 12649, 16755, 19523, 27745, 32856, 35968, 36000, 36000, 36000, 1, 1, 467, 751, 1578, 2793, 4418, 4363, 4192, 3530, 10814, 873, 0, 0
15:46:46, 1014.20, 29.86, 30.50, 29.781, 9889, 23087, 19656, 32073, 36000, 34189, 36000, 35902, 36000, 36000, 1, 1, 10148, 13020, 21593, 22727, 36000, 36000, 36000, 36000, 36000, 27727, 1, 1
15:46:47, 1013.90, 29.87, 30.54, 29.781, 7699, 4768, 9167, 9777, 11560, 12011, 11008, 14589, 36000, 36000, 1, 1, 23447, 34651, 36000, 36000, 36000, 36000, 36000, 36000, 36000, 36000, 1, 1
