Secchi Depth (cm) = 9999
Forel Ule Scale = 99
pH Colour Scale = 99
SensingSecchi S/N = A017
Latitude (degs N) = 34.24407
Longitude (degs E) = -77.97044
Date = 2026-07-02
Time (UTC), Pressure (mbar) MS5803, Temp (deg C) MS5803, Temp (deg C) 10KTHERM, Temp (deg C) TMP117, ED 415nm, ED 445nm, ED 480nm, ED 515nm, ED 555nm, ED 590nm, ED 630nm, ED 680nm, ED Clear, ED NIR, ED D-SAT, ED A-SAT, EU 415nm, EU 445nm, EU 480nm, EU 515nm, EU 555nm, EU 590nm, EU 630nm, EU 680nm, EU Clear, EU NIR, EU D-SAT, EU A-SAT
17:46:25, 1011.70, 30.29, 32.72, 30.586, 3884, 4196, 6679, 6679, 7590, 8686, 8101, 10323, 36000, 25664, 1, 1, 8009, 10216, 12683, 14888, 17573, 24589, 35993, 36000, 36000, 36000, 1, 1
17:46:25, 1011.60, 30.30, 32.72, 30.602, 2288, 3016, 4499, 4534, 3619, 3530, 3888, 4156, 23255, 7757, 0, 0, 5350, 6678, 7762, 9144, 10295, 13908, 19699, 28045, 36000, 36000, 1, 1
17:46:26, 1011.60, 30.31, 32.72, 30.602, 1118, 1679, 2184, 2494, 2365, 2343, 2633, 2612, 10815, 2428, 0, 0, 5808, 7598, 10540, 12437, 13949, 17079, 20156, 27009, 36000, 36000, 1, 1
17:46:27, 1011.50, 30.31, 32.70, 30.609, 917, 1403, 1818, 2017, 2143, 2077, 2322, 2252, 9607, 2016, 0, 0, 7945, 11749, 16531, 20123, 20175, 23130, 27811, 31816, 36000, 36000, 1, 1
17:46:27, 1011.50, 30.31, 32.74, 30.562, 5631, 8648, 13613, 12706, 20984, 20910, 22955, 24192, 18911, 11311, 0, 0, 17307, 28265, 33944, 35230, 7009, 7438, 8641, 8942, 19802, 6534, 0, 1
17:46:28, 1017.80, 30.31, 32.76, 30.562, 9322, 16777, 19857, 27123, 34203, 33909, 34599, 34499, 34642, 22948, 0, 1, 458, 624, 1293, 2385, 3920, 4513, 5311, 5112, 10565, 1075, 0, 0
17:46:29, 1024.90, 30.32, 32.72, 30.672, 5027, 6065, 7680, 9269, 14892, 16263, 17138, 22276, 11647, 2507, 0, 0, 426, 557, 1189, 2275, 3913, 4555, 5373, 5141, 9604, 911, 0, 0
17:46:29, 1026.30, 30.33, 32.72, 30.781, 6802, 9675, 14740, 20792, 30998, 32645, 33353, 32886, 36000, 15290, 1, 1, 355, 465, 990, 1909, 3407, 3976, 4716, 4494, 8345, 794, 0, 0
17:46:30, 1034.40, 30.34, 32.70, 30.781, 16339, 19306, 28448, 34411, 30502, 33916, 35775, 35532, 36000, 26467, 1, 1, 363, 512, 1058, 1941, 3509, 4046, 4766, 4662, 9915, 910, 0, 0
17:46:31, 1021.10, 30.37, 32.72, 30.867, 5996, 10069, 20017, 22667, 30396, 32681, 34105, 33866, 36000, 15022, 1, 1, 322, 432, 914, 1729, 3044, 3505, 4161, 3980, 8199, 810, 0, 0
17:46:31, 1019.90, 30.38, 32.74, 30.867, 16054, 20150, 27328, 34845, 35390, 36000, 36000, 35882, 36000, 35958, 1, 1, 387, 544, 1115, 2021, 3485, 3979, 4716, 4541, 9578, 979, 0, 0
17:46:32, 1019.70, 30.41, 32.72, 30.930, 11894, 13157, 17234, 22380, 27852, 34299, 35172, 32241, 36000, 27309, 1, 1, 402, 562, 1156, 2097, 3545, 4058, 4805, 4636, 9905, 1002, 0, 0
17:46:33, 1023.20, 30.43, 32.70, 30.961, 16109, 16020, 21194, 27313, 28988, 32523, 32540, 30732, 36000, 26055, 1, 1, 424, 593, 1222, 2209, 3847, 4393, 5181, 5044, 11454, 1141, 0, 0
17:46:33, 1022.40, 30.45, 32.70, 30.961, 5174, 10098, 11823, 17537, 28456, 30335, 32462, 31502, 36000, 30749, 1, 1, 425, 596, 1225, 2212, 3664, 4197, 4959, 4800, 10596, 1054, 0, 0
17:46:34, 1022.30, 30.46, 32.72, 30.984, 9063, 12460, 18237, 27185, 31614, 34293, 34448, 33660, 36000, 28463, 1, 1, 403, 552, 1151, 2128, 3732, 4277, 5065, 4891, 10321, 1031, 0, 0
17:46:35, 1022.50, 30.48, 32.72, 31.000, 9438, 14974, 23438, 29858, 28883, 35506, 35761, 34591, 36000, 28785, 1, 1, 403, 562, 1159, 2104, 3634, 4162, 4918, 4760, 10439, 1055, 0, 0
17:46:35, 1025.50, 30.50, 32.68, 31.000, 7757, 15110, 19886, 26950, 21974, 23137, 29127, 27333, 36000, 28984, 1, 1, 443, 638, 1299, 2309, 3605, 4128, 4870, 4745, 10612, 1031, 0, 0
17:46:36, 1023.50, 30.51, 32.72, 31.000, 8816, 15369, 23809, 32920, 27581, 31897, 33373, 32077, 36000, 25793, 1, 1, 359, 497, 1030, 1886, 3338, 3833, 4539, 4384, 9576, 950, 0, 0
17:46:37, 1024.50, 30.53, 32.72, 31.016, 8669, 14231, 19877, 28124, 30215, 34815, 36000, 35905, 36000, 33454, 1, 1, 396, 550, 1136, 2062, 3485, 4008, 4729, 4585, 10162, 996, 0, 0
17:46:37, 1024.50, 30.54, 32.68, 31.016, 7669, 13107, 20361, 29461, 22626, 28928, 32348, 30101, 36000, 22645, 1, 1, 408, 565, 1170, 2124, 3547, 4091, 4795, 4675, 10583, 1039, 0, 0
17:46:38, 1027.90, 30.55, 32.68, 31.023, 5652, 10407, 15589, 18587, 27154, 29018, 27804, 34067, 36000, 26083, 1, 1, 369, 499, 1052, 1952, 3333, 3869, 4526, 4422, 10247, 971, 0, 0
17:46:39, 1026.40, 30.56, 32.70, 31.023, 6984, 13414, 19311, 22927, 26641, 27977, 28159, 32467, 36000, 25954, 1, 1, 382, 524, 1091, 1993, 3484, 4027, 4716, 4609, 10593, 1019, 0, 0
17:46:39, 1026.20, 30.57, 32.70, 31.023, 5893, 10756, 14472, 23388, 23529, 24160, 26525, 29180, 36000, 19269, 1, 1, 369, 510, 1065, 1948, 3270, 3763, 4421, 4296, 9881, 956, 0, 0
17:46:40, 1024.80, 30.58, 32.68, 31.023, 9516, 15695, 22201, 32020, 29331, 32842, 34766, 34199, 36000, 23009, 1, 1, 344, 469, 983, 1809, 3208, 3696, 4350, 4209, 9444, 926, 0, 0
17:46:41, 1028.60, 30.59, 32.68, 31.031, 9373, 15362, 20717, 26657, 28861, 31785, 33303, 33307, 36000, 24538, 1, 1, 387, 534, 1114, 2038, 3451, 3990, 4672, 4562, 10535, 992, 0, 0
17:46:41, 1028.40, 30.60, 32.70, 31.031, 6508, 11256, 17863, 28561, 26049, 30058, 32544, 31508, 36000, 20022, 1, 1, 368, 489, 1040, 1961, 3398, 3948, 4640, 4497, 9779, 922, 0, 0
17:46:42, 1027.50, 30.61, 32.66, 31.016, 10128, 13680, 19770, 30952, 27901, 33175, 34009, 33050, 36000, 21624, 1, 1, 376, 517, 1080, 1983, 3650, 4182, 4917, 4794, 11056, 1053, 0, 0
17:46:43, 1026.80, 30.61, 32.70, 31.008, 6364, 10347, 15806, 22642, 22923, 24930, 27779, 29647, 36000, 13101, 1, 1, 359, 475, 1013, 1936, 3446, 3987, 4721, 4530, 9089, 872, 0, 0
17:46:43, 1026.90, 30.62, 32.70, 31.008, 22359, 21314, 28329, 34322, 20897, 22747, 23684, 23199, 35750, 10273, 0, 1, 372, 493, 1047, 1997, 3621, 4190, 4961, 4758, 9435, 907, 0, 0
17:46:44, 1026.60, 30.63, 32.66, 30.984, 5134, 11493, 13969, 26147, 31009, 33664, 35189, 34970, 36000, 28829, 1, 1, 338, 451, 955, 1823, 3225, 3767, 4461, 4247, 7869, 745, 0, 0
17:46:45, 1026.40, 30.63, 32.66, 30.984, 10143, 13771, 20066, 25785, 29549, 33874, 34877, 33202, 36000, 24251, 1, 1, 315, 426, 896, 1698, 2985, 3492, 4117, 3927, 7079, 655, 0, 0
17:46:45, 1027.30, 30.64, 32.64, 30.984, 11259, 14278, 20021, 26567, 26783, 31346, 32514, 32854, 36000, 19153, 1, 1, 328, 452, 945, 1776, 3314, 3832, 4526, 4350, 8486, 795, 0, 0
17:46:46, 1026.70, 30.65, 32.66, 30.977, 8028, 12560, 20237, 29430, 34212, 35666, 35982, 35913, 36000, 27089, 1, 1, 330, 437, 932, 1789, 3265, 3784, 4492, 4285, 8417, 806, 0, 0
17:46:47, 1026.00, 30.66, 32.68, 30.977, 12306, 17502, 25216, 32986, 29888, 32149, 33699, 33698, 36000, 23898, 1, 1, 390, 528, 1108, 2057, 3649, 4216, 4952, 4786, 10523, 1008, 0, 0
17:46:47, 1025.10, 30.66, 32.68, 30.977, 7379, 13396, 19562, 25993, 22921, 26236, 28221, 27659, 36000, 14688, 1, 1, 387, 521, 1104, 2065, 3655, 4220, 4958, 4783, 9891, 950, 0, 0
17:46:48, 1025.60, 30.67, 32.62, 30.961, 10117, 16319, 27417, 25893, 26929, 27711, 32293, 34263, 36000, 21653, 1, 1, 404, 547, 1150, 2141, 3812, 4386, 5157, 4992, 11057, 1061, 0, 0
17:46:49, 1029.60, 30.67, 32.68, 30.961, 6340, 13758, 17424, 21484, 24559, 29572, 29884, 34845, 36000, 32094, 1, 1, 345, 482, 1009, 1854, 3289, 3803, 4489, 4316, 9311, 885, 0, 0
17:46:49, 1029.60, 30.68, 32.64, 30.961, 6139, 14409, 23494, 23158, 25187, 25152, 27064, 30785, 36000, 17708, 1, 1, 372, 490, 1049, 2012, 3619, 4207, 4960, 4746, 9648, 911, 0, 0
17:46:50, 1029.00, 30.69, 32.66, 30.945, 10221, 21337, 27496, 29394, 31465, 31869, 33583, 35563, 36000, 21653, 1, 1, 361, 472, 1014, 1951, 3582, 4167, 4918, 4689, 9305, 882, 0, 0
17:46:51, 1026.00, 30.69, 32.66, 30.945, 6002, 10453, 16649, 20394, 23429, 25192, 27100, 27319, 33376, 7398, 0, 1, 341, 450, 960, 1845, 3374, 3917, 4621, 4414, 8703, 837, 0, 0
17:46:51, 1023.90, 30.70, 32.64, 30.945, 8720, 15536, 25135, 24352, 28486, 25392, 28441, 33254, 36000, 22260, 1, 1, 383, 527, 1104, 2053, 3349, 3886, 4576, 4375, 8555, 826, 0, 0
17:46:52, 1019.70, 30.70, 32.64, 30.922, 13932, 17716, 25505, 32547, 22599, 24181, 26861, 28754, 36000, 17899, 1, 1, 386, 535, 1111, 2056, 3433, 3956, 4666, 4465, 8758, 870, 0, 0
17:46:52, 1020.30, 30.71, 32.66, 30.922, 19430, 18074, 26047, 35367, 34527, 36000, 35973, 35776, 36000, 35994, 1, 1, 407, 574, 1178, 2142, 3601, 4122, 4866, 4667, 9631, 970, 0, 0
17:46:53, 1024.20, 30.71, 32.62, 30.922, 11121, 17657, 20119, 24147, 22512, 26281, 26554, 25407, 36000, 20286, 1, 1, 350, 479, 1002, 1875, 3196, 3695, 4380, 4163, 8158, 790, 0, 0
17:46:54, 1026.20, 30.71, 32.64, 30.914, 7079, 11619, 17716, 27328, 23171, 29021, 31805, 29627, 36000, 20783, 1, 1, 390, 547, 1138, 2082, 3630, 4159, 4898, 4746, 10458, 1021, 0, 0
17:46:54, 1026.30, 30.72, 32.66, 30.922, 5231, 9822, 13797, 25087, 31275, 34152, 35415, 34837, 36000, 30400, 1, 1, 385, 523, 1105, 2065, 3584, 4145, 4891, 4685, 9631, 916, 0, 0
17:46:55, 1023.80, 30.72, 32.66, 30.922, 11588, 17897, 33459, 30541, 23709, 24629, 29091, 33684, 36000, 18456, 1, 1, 412, 564, 1179, 2178, 3862, 4434, 5212, 5036, 10774, 1063, 0, 0
17:46:56, 1026.50, 30.73, 32.66, 30.922, 10313, 15727, 23564, 31868, 28379, 33822, 33887, 31777, 36000, 22409, 1, 1, 362, 482, 1027, 1963, 3543, 4104, 4858, 4633, 8701, 823, 0, 0
17:46:56, 1030.90, 30.73, 32.64, 30.930, 9354, 13346, 20580, 30743, 29611, 30228, 34917, 34834, 36000, 26825, 1, 1, 344, 478, 1000, 1861, 3053, 3548, 4187, 4011, 7906, 713, 0, 0
17:46:57, 1037.60, 30.74, 32.64, 30.930, 3899, 5632, 9134, 14303, 22192, 30552, 32456, 30579, 36000, 11654, 1, 1, 233, 293, 633, 1272, 2539, 2997, 3548, 3350, 6244, 542, 0, 0
17:46:58, 1047.90, 30.74, 32.66, 30.922, 3157, 6120, 10059, 15950, 20822, 27143, 30592, 29522, 36000, 7140, 1, 1, 226, 263, 580, 1230, 2487, 2992, 3570, 3335, 5542, 483, 0, 0
17:46:58, 1058.50, 30.74, 32.66, 30.930, 2664, 4429, 7948, 12837, 13486, 15691, 18329, 22465, 27180, 2601, 0, 0, 226, 249, 550, 1199, 2397, 2927, 3486, 3267, 5948, 521, 0, 0
17:46:59, 1063.70, 30.75, 32.60, 30.930, 1728, 3030, 6353, 8765, 11055, 13804, 15729, 23165, 17591, 1488, 0, 0, 221, 234, 517, 1158, 2316, 2855, 3409, 3168, 5566, 486, 0, 0
17:47:00, 1069.10, 30.75, 32.64, 30.945, 1395, 2663, 5287, 8269, 11603, 13310, 16104, 18633, 35360, 2901, 0, 1, 190, 196, 429, 977, 2051, 2556, 3049, 2844, 5165, 448, 0, 0
17:47:00, 1074.00, 30.76, 32.64, 30.945, 1495, 2298, 4702, 8191, 11555, 13743, 17010, 19395, 33284, 2727, 0, 1, 179, 183, 400, 915, 1945, 2434, 2905, 2717, 4987, 432, 0, 0
17:47:01, 1079.90, 30.76, 32.68, 30.945, 1273, 2102, 4238, 7751, 11843, 14160, 18218, 18964, 25032, 2042, 0, 0, 161, 158, 338, 798, 1762, 2235, 2672, 2477, 4518, 390, 0, 0
17:47:02, 1080.90, 30.77, 32.62, 30.945, 948, 1451, 2941, 5404, 6993, 8110, 10074, 12877, 12183, 950, 0, 0, 175, 167, 355, 850, 1935, 2464, 2966, 2717, 4623, 401, 0, 0
17:47:02, 1087.80, 30.77, 32.62, 30.953, 618, 895, 1864, 3427, 6521, 7673, 9627, 11007, 14898, 1093, 0, 0, 148, 140, 294, 711, 1638, 2101, 2519, 2333, 4231, 364, 0, 0
17:47:03, 1096.60, 30.77, 32.66, 30.953, 611, 920, 1913, 3726, 6163, 7228, 8969, 10804, 22828, 1765, 0, 0, 140, 131, 274, 663, 1440, 1869, 2247, 2076, 3831, 327, 0, 0
17:47:04, 1099.00, 30.78, 32.62, 30.953, 500, 674, 1435, 2863, 4828, 5769, 7439, 8574, 10360, 743, 0, 0, 129, 115, 232, 580, 1432, 1884, 2283, 2074, 3715, 321, 0, 0
17:47:04, 1100.80, 30.78, 32.60, 30.937, 482, 597, 1254, 2502, 4270, 5230, 6425, 7648, 9250, 667, 0, 0, 124, 110, 220, 553, 1323, 1745, 2113, 1916, 3352, 289, 0, 0
17:47:05, 1102.20, 30.78, 32.64, 30.937, 448, 559, 1179, 2360, 3835, 4635, 5788, 6589, 7410, 541, 0, 0, 121, 107, 209, 531, 1351, 1787, 2171, 1958, 3145, 271, 0, 0
17:47:06, 1112.10, 30.79, 32.62, 30.937, 369, 452, 952, 1925, 4512, 5584, 7129, 8069, 9848, 703, 0, 0, 103, 90, 175, 445, 1161, 1549, 1876, 1718, 3210, 271, 0, 0
17:47:06, 1118.20, 30.79, 32.64, 30.937, 382, 497, 1080, 2260, 4197, 5329, 6750, 7425, 12145, 859, 0, 0, 89, 76, 143, 370, 971, 1318, 1604, 1442, 2447, 210, 0, 0
17:47:07, 1121.60, 30.79, 32.62, 30.930, 331, 390, 847, 1850, 3689, 4661, 6146, 6574, 9164, 647, 0, 0, 81, 69, 127, 330, 907, 1240, 1513, 1354, 2343, 201, 0, 0
17:47:08, 1124.30, 30.79, 32.60, 30.891, 334, 388, 822, 1808, 3558, 4461, 5987, 6459, 8744, 610, 0, 0, 79, 67, 122, 317, 861, 1181, 1441, 1292, 2236, 192, 0, 0
17:47:08, 1126.80, 30.80, 32.64, 30.891, 315, 360, 770, 1734, 3279, 4155, 5433, 5927, 7836, 550, 0, 0, 81, 68, 124, 324, 878, 1206, 1474, 1317, 2179, 188, 0, 0
17:47:09, 1135.80, 30.80, 32.62, 30.875, 247, 269, 559, 1279, 2524, 3285, 4109, 4564, 9874, 727, 0, 0, 70, 59, 106, 275, 732, 1020, 1250, 1116, 1936, 165, 0, 0
17:47:10, 1140.20, 30.80, 32.60, 30.867, 225, 239, 489, 1138, 2449, 3174, 4224, 4536, 6162, 431, 0, 0, 60, 50, 86, 225, 668, 939, 1157, 1023, 1724, 148, 0, 0
17:47:10, 1140.10, 30.80, 32.64, 30.867, 187, 177, 351, 815, 1831, 2412, 3034, 3355, 4216, 301, 0, 0, 67, 55, 94, 247, 728, 1022, 1263, 1113, 1813, 157, 0, 0
17:47:11, 1142.50, 30.80, 32.60, 30.836, 195, 196, 389, 904, 2058, 2678, 3434, 3759, 4576, 324, 0, 0, 63, 52, 88, 231, 667, 939, 1158, 1023, 1667, 143, 0, 0
17:47:12, 1146.20, 30.80, 32.58, 30.805, 208, 224, 457, 1064, 2346, 3052, 3950, 4312, 6482, 450, 0, 0, 59, 49, 83, 217, 636, 897, 1105, 982, 1672, 143, 0, 0
17:47:12, 1151.30, 30.80, 32.64, 30.805, 211, 223, 447, 1083, 2329, 3074, 4016, 4381, 8374, 599, 0, 0, 54, 45, 75, 198, 579, 823, 1016, 901, 1573, 134, 0, 0
17:47:13, 1150.40, 30.80, 32.62, 30.781, 179, 190, 381, 908, 1925, 2537, 3373, 3589, 4949, 345, 0, 0, 56, 46, 76, 198, 660, 939, 1173, 1026, 1587, 138, 0, 0
17:47:14, 1149.40, 30.80, 32.62, 30.766, 138, 121, 235, 557, 1186, 1599, 1992, 2109, 2647, 193, 0, 0, 62, 51, 85, 222, 653, 928, 1156, 1011, 1595, 138, 0, 0
17:47:14, 1148.70, 30.80, 32.62, 30.766, 137, 124, 241, 566, 1375, 1816, 2303, 2484, 2997, 215, 0, 0, 60, 49, 82, 216, 645, 917, 1140, 999, 1569, 136, 0, 0
17:47:15, 1155.10, 30.80, 32.60, 30.758, 155, 148, 287, 678, 1685, 2214, 2870, 3088, 3836, 270, 0, 0, 52, 42, 70, 184, 578, 826, 1017, 904, 1578, 136, 0, 0
17:47:16, 1157.10, 30.80, 32.60, 30.758, 164, 163, 329, 797, 1964, 2678, 3492, 3643, 6404, 454, 0, 0, 48, 39, 64, 167, 513, 738, 914, 803, 1356, 116, 0, 0
17:47:16, 1160.40, 30.80, 32.64, 30.758, 168, 167, 320, 791, 1886, 2527, 3381, 3546, 5290, 369, 0, 0, 45, 36, 60, 155, 483, 698, 864, 760, 1311, 112, 0, 0
17:47:17, 1159.50, 30.80, 32.64, 30.750, 165, 163, 310, 780, 1745, 2340, 3098, 3222, 4585, 320, 0, 0, 45, 36, 59, 154, 496, 717, 891, 779, 1276, 110, 0, 0
17:47:18, 1161.50, 30.80, 32.60, 30.734, 133, 126, 236, 572, 1250, 1671, 2162, 2292, 2760, 197, 0, 0, 51, 41, 67, 175, 539, 779, 972, 845, 1283, 111, 0, 0
17:47:18, 1167.50, 30.80, 32.62, 30.734, 133, 135, 255, 625, 1525, 2021, 2697, 2914, 4529, 317, 0, 0, 40, 33, 52, 137, 430, 628, 779, 683, 1170, 100, 0, 0
17:47:19, 1172.40, 30.80, 32.60, 30.680, 131, 130, 245, 604, 1462, 1972, 2640, 2783, 4027, 281, 0, 0, 37, 30, 48, 125, 402, 590, 732, 642, 1116, 95, 0, 0
17:47:20, 1171.70, 30.80, 32.66, 30.656, 130, 125, 236, 602, 1439, 1985, 2620, 2722, 3994, 282, 0, 0, 36, 29, 45, 117, 397, 585, 728, 633, 1055, 91, 0, 0
17:47:20, 1168.60, 30.79, 32.62, 30.656, 85, 72, 127, 318, 756, 1060, 1332, 1373, 1817, 134, 0, 0, 48, 38, 61, 157, 503, 735, 924, 798, 1227, 107, 0, 0
17:47:21, 1168.50, 30.79, 32.62, 30.625, 88, 75, 135, 332, 844, 1156, 1463, 1525, 1875, 137, 0, 0, 48, 39, 62, 160, 492, 718, 901, 778, 1168, 101, 0, 0
17:47:22, 1172.20, 30.79, 32.60, 30.617, 113, 107, 195, 486, 1329, 1813, 2397, 2463, 3416, 238, 0, 0, 36, 29, 46, 119, 394, 581, 722, 628, 1045, 90, 0, 0
17:47:22, 1175.50, 30.79, 32.58, 30.617, 130, 124, 226, 591, 1397, 1925, 2518, 2684, 4370, 312, 0, 0, 38, 30, 48, 124, 393, 580, 720, 631, 1086, 93, 0, 0
17:47:23, 1177.70, 30.78, 32.62, 30.586, 125, 119, 215, 556, 1321, 1809, 2404, 2481, 3580, 250, 0, 0, 34, 27, 42, 109, 360, 533, 664, 575, 966, 83, 0, 0
17:47:24, 1174.10, 30.78, 32.58, 30.547, 107, 100, 178, 446, 928, 1287, 1646, 1747, 2244, 161, 0, 0, 42, 34, 53, 136, 470, 692, 874, 751, 1148, 100, 0, 0
17:47:24, 1171.90, 30.78, 32.62, 30.547, 79, 69, 121, 298, 764, 1051, 1344, 1384, 1667, 122, 0, 0, 46, 37, 58, 149, 492, 720, 908, 783, 1130, 98, 0, 0
17:47:25, 1178.20, 30.78, 32.58, 30.508, 82, 72, 128, 315, 898, 1227, 1604, 1653, 2002, 144, 0, 0, 36, 29, 45, 115, 356, 528, 658, 571, 957, 82, 0, 0
17:47:26, 1179.20, 30.78, 32.60, 30.445, 122, 118, 217, 546, 1384, 1910, 2513, 2658, 3996, 284, 0, 0, 32, 26, 41, 105, 347, 516, 641, 556, 947, 81, 0, 0
17:47:26, 1180.30, 30.77, 32.60, 30.445, 117, 111, 204, 521, 1257, 1749, 2316, 2385, 3539, 250, 0, 0, 31, 25, 38, 99, 336, 500, 623, 538, 893, 77, 0, 0
17:47:27, 1178.00, 30.77, 32.58, 30.344, 94, 84, 147, 364, 813, 1133, 1454, 1523, 1915, 138, 0, 0, 39, 31, 48, 122, 431, 637, 805, 689, 1012, 88, 0, 0
17:47:28, 1174.80, 30.76, 32.62, 30.266, 72, 64, 110, 273, 720, 986, 1289, 1315, 1566, 114, 0, 0, 43, 34, 53, 137, 455, 668, 842, 723, 1026, 88, 0, 0
17:47:28, 1175.70, 30.76, 32.62, 30.266, 76, 67, 118, 293, 793, 1087, 1420, 1448, 1758, 127, 0, 0, 40, 32, 49, 127, 403, 594, 744, 640, 981, 85, 0, 0
17:47:29, 1180.30, 30.75, 32.60, 30.219, 115, 108, 195, 512, 1312, 1810, 2380, 2516, 4226, 303, 0, 0, 33, 27, 42, 107, 357, 530, 657, 573, 999, 86, 0, 0
17:47:30, 1180.60, 30.74, 32.62, 30.156, 118, 114, 208, 524, 1258, 1745, 2312, 2396, 3486, 247, 0, 0, 31, 25, 38, 99, 338, 503, 626, 539, 902, 77, 0, 0
17:47:30, 1181.50, 30.74, 32.60, 30.156, 92, 83, 146, 364, 889, 1233, 1597, 1694, 2122, 152, 0, 0, 33, 27, 41, 105, 378, 561, 705, 601, 905, 78, 0, 0
17:47:31, 1179.00, 30.73, 32.60, 30.109, 67, 60, 102, 254, 673, 925, 1207, 1223, 1462, 106, 0, 0, 41, 32, 50, 128, 442, 651, 821, 704, 980, 84, 0, 0
17:47:32, 1182.50, 30.72, 32.62, 30.094, 65, 58, 99, 249, 669, 921, 1205, 1211, 1456, 106, 0, 0, 36, 29, 44, 113, 341, 508, 634, 542, 842, 73, 0, 0
17:47:32, 1187.90, 30.71, 32.62, 30.094, 96, 88, 153, 394, 988, 1373, 1819, 1882, 2667, 188, 0, 0, 28, 23, 35, 89, 301, 451, 559, 480, 819, 70, 0, 0
17:47:33, 1188.20, 30.70, 32.60, 30.070, 96, 91, 163, 417, 1022, 1436, 1890, 1971, 3149, 225, 0, 0, 28, 22, 34, 87, 293, 441, 547, 471, 793, 68, 0, 0
17:47:34, 1188.70, 30.70, 32.60, 30.070, 87, 81, 140, 353, 891, 1237, 1650, 1711, 2268, 160, 0, 0, 28, 22, 33, 85, 312, 468, 585, 498, 764, 66, 0, 0
17:47:34, 1183.20, 30.69, 32.62, 30.070, 66, 59, 99, 247, 642, 888, 1162, 1182, 1391, 101, 0, 0, 37, 30, 46, 117, 415, 614, 775, 660, 921, 80, 0, 0
17:47:35, 1182.90, 30.68, 32.60, 30.055, 58, 51, 86, 217, 569, 788, 1026, 1021, 1237, 91, 0, 0, 40, 32, 49, 125, 413, 611, 772, 656, 936, 81, 0, 0
17:47:36, 1194.50, 30.68, 32.60, 30.062, 76, 67, 115, 285, 945, 1314, 1751, 1793, 2563, 180, 0, 0, 26, 20, 31, 80, 307, 462, 571, 491, 896, 77, 0, 0
17:47:36, 1194.70, 30.67, 32.62, 30.062, 95, 91, 158, 405, 1073, 1505, 1988, 2097, 2937, 208, 0, 0, 24, 20, 29, 75, 265, 401, 497, 421, 712, 61, 0, 0
17:47:37, 1195.60, 30.67, 32.60, 30.039, 79, 72, 122, 313, 773, 1085, 1426, 1475, 1992, 141, 0, 0, 26, 21, 31, 80, 299, 451, 565, 476, 760, 66, 0, 0
17:47:38, 1193.80, 30.66, 32.62, 30.016, 54, 44, 73, 184, 473, 677, 859, 867, 1071, 79, 0, 0, 34, 27, 40, 102, 360, 538, 680, 570, 831, 72, 0, 0
17:47:38, 1201.50, 30.66, 32.58, 30.016, 52, 44, 73, 182, 550, 776, 1005, 1015, 1268, 92, 0, 0, 25, 20, 30, 75, 254, 386, 481, 404, 643, 55, 0, 0
17:47:39, 1208.50, 30.65, 32.60, 30.008, 69, 62, 102, 259, 723, 1021, 1359, 1401, 1928, 136, 0, 0, 20, 16, 24, 61, 217, 332, 412, 348, 591, 50, 0, 0
17:47:40, 1204.60, 30.64, 32.60, 29.977, 69, 63, 107, 282, 766, 1094, 1445, 1421, 2229, 156, 0, 0, 20, 16, 24, 60, 239, 364, 455, 381, 600, 52, 0, 0
17:47:40, 1203.70, 30.64, 32.58, 29.977, 45, 39, 64, 158, 419, 595, 773, 768, 914, 67, 0, 0, 31, 24, 36, 91, 321, 484, 612, 510, 714, 62, 0, 0
17:47:41, 1209.80, 30.63, 32.60, 29.945, 45, 39, 63, 159, 486, 690, 906, 904, 1109, 80, 0, 0, 23, 18, 27, 67, 239, 365, 457, 380, 587, 51, 0, 0
17:47:42, 1212.20, 30.63, 32.64, 29.945, 60, 54, 87, 222, 697, 997, 1329, 1335, 1954, 138, 0, 0, 18, 14, 21, 53, 200, 307, 382, 320, 547, 47, 0, 0
17:47:42, 1214.20, 30.62, 32.60, 29.922, 63, 57, 93, 236, 679, 961, 1289, 1313, 1853, 131, 0, 0, 18, 14, 21, 53, 199, 306, 381, 319, 521, 45, 0, 0
17:47:43, 1216.30, 30.62, 32.58, 29.891, 53, 47, 76, 192, 495, 706, 931, 933, 1139, 82, 0, 0, 21, 16, 24, 60, 214, 330, 414, 344, 516, 45, 0, 0
17:47:44, 1219.10, 30.61, 32.66, 29.891, 42, 37, 59, 147, 420, 604, 798, 791, 955, 69, 0, 0, 20, 16, 23, 56, 206, 318, 400, 332, 500, 43, 0, 0
17:47:44, 1222.30, 30.60, 32.58, 29.883, 48, 43, 67, 170, 522, 750, 1011, 1016, 1349, 96, 0, 0, 16, 13, 19, 46, 184, 286, 359, 297, 465, 40, 0, 0
17:47:45, 1219.90, 30.61, 32.62, 29.867, 42, 36, 56, 141, 415, 606, 783, 797, 1036, 75, 0, 0, 19, 15, 21, 53, 207, 321, 405, 335, 528, 46, 0, 0
17:47:46, 1224.30, 30.60, 32.62, 29.867, 41, 35, 53, 133, 461, 671, 884, 893, 1163, 84, 0, 0, 16, 12, 18, 44, 165, 257, 321, 267, 439, 38, 0, 0
17:47:46, 1228.20, 30.60, 32.64, 29.867, 47, 41, 63, 160, 485, 702, 926, 945, 1272, 91, 0, 0, 15, 12, 17, 41, 157, 246, 307, 255, 421, 36, 0, 0
17:47:47, 1230.70, 30.59, 32.60, 29.867, 49, 45, 69, 184, 525, 758, 1024, 1035, 1511, 107, 0, 0, 14, 11, 16, 40, 156, 245, 307, 254, 405, 35, 0, 0
17:47:48, 1232.70, 30.59, 32.60, 29.867, 41, 37, 56, 143, 415, 606, 799, 801, 1018, 73, 0, 0, 14, 11, 16, 40, 158, 248, 312, 257, 396, 34, 0, 0
17:47:48, 1235.70, 30.58, 32.62, 29.852, 35, 31, 47, 118, 353, 517, 687, 675, 833, 60, 0, 0, 15, 12, 17, 42, 160, 252, 317, 260, 384, 33, 0, 0
17:47:49, 1240.00, 30.58, 32.60, 29.828, 36, 33, 49, 125, 390, 570, 769, 758, 997, 71, 0, 0, 12, 10, 14, 33, 129, 205, 257, 211, 347, 29, 0, 0
17:47:50, 1241.20, 30.57, 32.60, 29.828, 41, 37, 56, 145, 446, 657, 887, 884, 1315, 94, 0, 0, 11, 9, 13, 31, 125, 199, 248, 205, 356, 30, 0, 0
17:47:50, 1243.20, 30.57, 32.60, 29.812, 35, 30, 45, 114, 352, 526, 694, 693, 1035, 75, 0, 0, 12, 9, 13, 32, 131, 209, 263, 215, 357, 31, 0, 0
17:47:51, 1246.80, 30.56, 32.62, 29.805, 28, 23, 34, 85, 272, 412, 534, 530, 702, 52, 0, 0, 13, 10, 14, 34, 134, 213, 270, 219, 338, 29, 0, 0
17:47:52, 1252.00, 30.55, 32.60, 29.805, 29, 25, 36, 90, 296, 442, 591, 580, 737, 53, 0, 0, 11, 8, 12, 28, 114, 182, 229, 186, 288, 24, 0, 0
17:47:52, 1256.50, 30.55, 32.60, 29.797, 31, 28, 41, 104, 336, 501, 679, 673, 979, 70, 0, 0, 9, 7, 10, 24, 98, 159, 199, 162, 268, 22, 0, 0
17:47:53, 1257.50, 30.54, 32.62, 29.797, 31, 28, 39, 99, 328, 491, 667, 662, 955, 68, 0, 0, 9, 7, 10, 22, 95, 154, 193, 158, 266, 22, 0, 0
17:47:54, 1259.20, 30.54, 32.58, 29.797, 28, 25, 35, 88, 283, 428, 567, 562, 797, 58, 0, 0, 9, 7, 10, 24, 97, 158, 199, 161, 264, 22, 0, 0
17:47:54, 1264.00, 30.54, 32.64, 29.797, 28, 25, 35, 87, 279, 422, 565, 559, 750, 54, 0, 0, 8, 7, 9, 22, 91, 148, 186, 150, 241, 20, 0, 0
17:47:55, 1268.80, 30.53, 32.58, 29.797, 26, 24, 33, 84, 268, 406, 548, 536, 738, 53, 0, 0, 8, 6, 8, 20, 83, 136, 171, 139, 224, 19, 0, 0
17:47:56, 1271.20, 30.53, 32.60, 29.797, 25, 22, 31, 77, 244, 372, 501, 488, 651, 47, 0, 0, 7, 6, 8, 19, 81, 133, 168, 135, 216, 18, 0, 0
17:47:56, 1274.30, 30.52, 32.64, 29.797, 22, 19, 26, 64, 215, 330, 440, 428, 554, 40, 0, 0, 7, 6, 8, 18, 79, 130, 164, 132, 205, 17, 0, 0
17:47:57, 1279.70, 30.51, 32.58, 29.805, 22, 20, 28, 69, 242, 368, 501, 491, 740, 53, 0, 0, 6, 5, 7, 16, 69, 114, 143, 115, 193, 16, 0, 0
17:47:58, 1283.00, 30.51, 32.62, 29.805, 22, 20, 27, 67, 233, 357, 488, 473, 707, 51, 0, 0, 6, 4, 6, 15, 65, 108, 136, 109, 183, 15, 0, 0
17:47:58, 1286.70, 30.50, 32.60, 29.797, 20, 18, 25, 62, 220, 339, 461, 444, 663, 48, 0, 0, 5, 4, 6, 14, 61, 102, 129, 103, 176, 14, 0, 0
17:47:59, 1289.10, 30.50, 32.58, 29.797, 20, 18, 24, 61, 207, 321, 436, 419, 604, 44, 0, 0, 5, 4, 6, 13, 59, 100, 126, 101, 165, 14, 0, 0
17:48:00, 1291.60, 30.50, 32.60, 29.797, 19, 17, 23, 56, 193, 300, 404, 390, 544, 39, 0, 0, 5, 4, 6, 13, 60, 100, 127, 101, 158, 13, 0, 0
17:48:00, 1296.00, 30.50, 32.58, 29.797, 17, 16, 21, 51, 184, 288, 389, 375, 544, 39, 0, 0, 5, 3, 5, 11, 54, 90, 114, 90, 145, 12, 0, 0
17:48:01, 1298.80, 30.49, 32.58, 29.805, 16, 14, 18, 44, 161, 254, 343, 327, 442, 32, 0, 0, 4, 3, 5, 11, 51, 87, 110, 87, 140, 12, 0, 0
17:48:02, 1301.90, 30.49, 32.60, 29.805, 16, 14, 19, 45, 170, 267, 364, 348, 523, 38, 0, 0, 4, 3, 4, 10, 47, 79, 100, 79, 133, 11, 0, 0
17:48:02, 1307.10, 30.48, 32.58, 29.797, 14, 13, 17, 39, 149, 237, 320, 306, 423, 31, 0, 0, 4, 3, 4, 9, 44, 75, 95, 75, 126, 10, 0, 0
17:48:03, 1308.00, 30.48, 32.58, 29.805, 14, 13, 17, 41, 149, 238, 324, 309, 455, 33, 0, 0, 4, 3, 4, 9, 44, 75, 96, 75, 120, 10, 0, 0
17:48:04, 1310.50, 30.48, 32.60, 29.805, 13, 12, 15, 35, 133, 213, 287, 274, 371, 27, 0, 0, 4, 3, 4, 9, 42, 72, 92, 72, 116, 9, 0, 0
17:48:04, 1314.30, 30.48, 32.60, 29.805, 13, 12, 15, 36, 137, 220, 299, 284, 406, 30, 0, 0, 3, 2, 4, 8, 39, 68, 86, 68, 111, 9, 0, 0
17:48:05, 1317.20, 30.48, 32.60, 29.805, 13, 12, 15, 35, 134, 215, 294, 279, 430, 31, 0, 0, 3, 2, 4, 8, 37, 64, 82, 64, 106, 9, 0, 0
17:48:06, 1320.10, 30.47, 32.56, 29.805, 12, 11, 14, 33, 127, 205, 280, 265, 395, 29, 0, 0, 3, 2, 3, 7, 35, 61, 78, 61, 104, 8, 0, 0
17:48:06, 1320.60, 30.47, 32.60, 29.805, 12, 11, 14, 32, 120, 195, 266, 251, 371, 27, 0, 0, 3, 2, 3, 7, 36, 62, 79, 62, 102, 8, 0, 0
17:48:07, 1323.30, 30.47, 32.58, 29.805, 11, 10, 13, 30, 118, 191, 263, 247, 377, 28, 0, 0, 3, 2, 3, 7, 33, 58, 74, 57, 96, 8, 0, 0
17:48:08, 1320.50, 30.47, 32.60, 29.805, 10, 9, 11, 24, 100, 164, 221, 208, 272, 20, 0, 0, 3, 2, 3, 7, 36, 62, 80, 62, 99, 8, 0, 0
17:48:08, 1313.50, 30.46, 32.60, 29.805, 10, 9, 11, 26, 101, 165, 222, 208, 266, 20, 0, 0, 3, 3, 4, 8, 41, 71, 91, 71, 109, 9, 0, 0
17:48:09, 1306.60, 30.47, 32.58, 29.805, 11, 10, 12, 28, 112, 181, 245, 230, 298, 22, 0, 0, 4, 3, 4, 9, 46, 79, 101, 79, 120, 10, 0, 0
17:48:10, 1299.40, 30.46, 32.58, 29.805, 11, 10, 12, 29, 111, 179, 238, 227, 296, 22, 0, 0, 4, 3, 5, 11, 51, 88, 113, 89, 141, 12, 0, 0
17:48:10, 1296.90, 30.46, 32.58, 29.805, 13, 11, 14, 33, 127, 204, 271, 261, 365, 27, 0, 0, 5, 3, 5, 11, 51, 88, 112, 89, 145, 12, 0, 0
17:48:11, 1297.00, 30.46, 32.56, 29.805, 16, 14, 18, 45, 170, 270, 365, 345, 514, 37, 0, 0, 4, 3, 5, 10, 49, 83, 106, 84, 141, 12, 0, 0
17:48:12, 1292.50, 30.46, 32.60, 29.805, 16, 14, 18, 45, 163, 259, 354, 339, 496, 36, 0, 0, 4, 3, 5, 11, 55, 94, 120, 95, 152, 13, 0, 0
17:48:12, 1282.20, 30.46, 32.56, 29.805, 12, 11, 14, 32, 121, 194, 257, 244, 313, 23, 0, 0, 6, 5, 7, 15, 72, 121, 156, 124, 183, 15, 0, 0
17:48:13, 1276.70, 30.46, 32.60, 29.805, 14, 12, 16, 38, 137, 217, 291, 276, 334, 25, 0, 0, 7, 5, 8, 17, 74, 123, 157, 126, 185, 15, 0, 0
17:48:14, 1275.20, 30.45, 32.58, 29.805, 16, 14, 18, 43, 161, 253, 337, 328, 421, 31, 0, 0, 7, 5, 7, 16, 70, 118, 150, 121, 194, 16, 0, 0
17:48:14, 1269.20, 30.45, 32.60, 29.805, 18, 16, 21, 50, 175, 274, 364, 356, 500, 37, 0, 0, 7, 5, 8, 17, 81, 135, 173, 139, 222, 19, 0, 0
17:48:15, 1263.50, 30.45, 32.56, 29.805, 17, 15, 20, 47, 168, 263, 345, 337, 455, 34, 0, 0, 8, 6, 9, 21, 91, 151, 193, 156, 245, 21, 0, 0
17:48:16, 1262.00, 30.45, 32.60, 29.812, 20, 18, 24, 58, 217, 335, 449, 441, 594, 43, 0, 0, 8, 6, 9, 20, 87, 144, 184, 149, 232, 20, 0, 0
17:48:16, 1261.00, 30.45, 32.56, 29.812, 22, 19, 27, 64, 236, 361, 484, 479, 644, 47, 0, 0, 7, 6, 8, 19, 81, 133, 169, 137, 225, 19, 0, 0
17:48:17, 1254.60, 30.45, 32.58, 29.812, 22, 19, 27, 65, 214, 331, 436, 428, 605, 45, 0, 0, 9, 7, 10, 23, 100, 164, 209, 170, 284, 24, 0, 0
17:48:18, 1250.00, 30.45, 32.58, 29.820, 22, 19, 26, 64, 212, 327, 426, 421, 569, 42, 0, 0, 10, 8, 11, 26, 111, 181, 232, 189, 293, 25, 0, 0
17:48:18, 1248.70, 30.45, 32.58, 29.828, 22, 19, 26, 63, 216, 331, 434, 429, 545, 40, 0, 0, 11, 9, 12, 28, 110, 178, 227, 185, 290, 25, 0, 0
17:48:19, 1249.50, 30.45, 32.60, 29.828, 24, 20, 28, 69, 239, 366, 481, 480, 636, 47, 0, 0, 10, 8, 11, 25, 102, 167, 212, 173, 284, 24, 0, 0
17:48:20, 1246.80, 30.44, 32.58, 29.828, 25, 21, 29, 72, 242, 372, 489, 487, 680, 50, 0, 0, 10, 8, 11, 26, 110, 178, 227, 186, 299, 26, 0, 0
17:48:20, 1241.80, 30.45, 32.58, 29.836, 27, 23, 33, 80, 257, 392, 519, 519, 698, 51, 0, 0, 11, 9, 12, 28, 120, 194, 247, 203, 327, 28, 0, 0
17:48:21, 1240.30, 30.44, 32.60, 29.836, 27, 23, 32, 79, 263, 399, 523, 524, 730, 54, 0, 0, 12, 9, 13, 30, 118, 191, 242, 200, 327, 28, 0, 0
17:48:21, 1239.10, 30.44, 32.60, 29.836, 33, 29, 41, 103, 338, 507, 680, 689, 973, 70, 0, 0, 11, 8, 12, 28, 114, 184, 233, 192, 318, 27, 0, 0
17:48:22, 1234.50, 30.44, 32.56, 29.844, 33, 29, 42, 103, 319, 479, 633, 640, 850, 62, 0, 0, 12, 9, 13, 31, 127, 204, 259, 214, 338, 29, 0, 0
17:48:23, 1227.50, 30.44, 32.60, 29.844, 32, 27, 40, 98, 301, 452, 592, 597, 791, 58, 0, 0, 14, 11, 16, 38, 156, 249, 316, 262, 419, 36, 0, 0
17:48:23, 1226.90, 30.45, 32.60, 29.836, 32, 27, 39, 98, 298, 449, 582, 587, 799, 59, 0, 0, 15, 11, 16, 39, 149, 237, 301, 250, 398, 34, 0, 0
17:48:24, 1226.90, 30.44, 32.60, 29.844, 38, 33, 49, 122, 375, 555, 734, 751, 992, 72, 0, 0, 13, 10, 15, 36, 136, 217, 273, 227, 370, 32, 0, 0
17:48:25, 1220.60, 30.44, 32.60, 29.844, 42, 37, 56, 141, 374, 558, 734, 750, 1025, 75, 0, 0, 15, 12, 17, 41, 165, 261, 331, 276, 440, 38, 0, 0
17:48:25, 1218.10, 30.44, 32.58, 29.852, 31, 26, 37, 93, 285, 428, 552, 555, 728, 54, 0, 0, 18, 14, 21, 50, 195, 307, 393, 326, 484, 42, 0, 0
17:48:26, 1216.00, 30.44, 32.55, 29.852, 31, 25, 39, 92, 279, 416, 538, 541, 676, 50, 0, 0, 20, 16, 23, 55, 204, 320, 409, 340, 516, 45, 0, 0
17:48:27, 1218.30, 30.44, 32.58, 29.852, 33, 28, 41, 103, 318, 475, 614, 620, 879, 65, 0, 0, 18, 14, 21, 50, 179, 282, 358, 299, 489, 43, 0, 0
17:48:27, 1215.90, 30.44, 32.62, 29.859, 42, 36, 54, 135, 363, 539, 701, 718, 975, 71, 0, 0, 17, 14, 19, 47, 184, 289, 368, 306, 484, 42, 0, 0
17:48:28, 1209.20, 30.44, 32.56, 29.867, 32, 27, 40, 99, 289, 430, 553, 555, 717, 53, 0, 0, 22, 17, 25, 61, 231, 360, 461, 383, 564, 49, 0, 0
17:48:29, 1208.50, 30.44, 32.60, 29.867, 34, 29, 44, 108, 344, 505, 652, 664, 822, 61, 0, 0, 21, 16, 23, 58, 220, 342, 435, 364, 543, 47, 0, 0
17:48:29, 1208.80, 30.44, 32.58, 29.867, 44, 37, 58, 143, 471, 687, 908, 935, 1249, 90, 0, 0, 17, 14, 20, 48, 189, 295, 372, 313, 513, 44, 0, 0
17:48:30, 1202.60, 30.44, 32.60, 29.898, 42, 35, 54, 136, 414, 611, 793, 815, 1157, 85, 0, 0, 21, 17, 25, 61, 244, 378, 482, 405, 640, 56, 0, 0
17:48:31, 1198.80, 30.44, 32.56, 29.898, 38, 31, 49, 120, 352, 515, 664, 675, 833, 62, 0, 0, 26, 21, 30, 75, 268, 412, 527, 443, 630, 55, 0, 0
17:48:31, 1198.20, 30.44, 32.60, 29.922, 42, 35, 55, 136, 414, 600, 778, 798, 994, 73, 0, 0, 24, 19, 28, 69, 248, 381, 485, 411, 636, 55, 0, 0
17:48:32, 1196.00, 30.44, 32.60, 30.016, 57, 49, 78, 197, 523, 762, 1000, 1036, 1478, 108, 0, 0, 23, 19, 27, 68, 248, 383, 485, 414, 703, 61, 0, 0
17:48:33, 1190.30, 30.45, 32.60, 30.016, 52, 44, 69, 176, 438, 641, 820, 839, 1211, 90, 0, 0, 28, 23, 33, 82, 289, 444, 564, 482, 774, 68, 0, 0
17:48:33, 1190.20, 30.45, 32.58, 30.086, 51, 43, 69, 171, 448, 651, 832, 857, 1103, 82, 0, 0, 29, 23, 34, 84, 275, 420, 533, 455, 689, 60, 0, 0
17:48:34, 1192.10, 30.46, 32.55, 30.172, 61, 54, 88, 219, 599, 853, 1125, 1167, 1478, 107, 0, 0, 23, 18, 27, 67, 234, 359, 453, 387, 620, 53, 0, 0
17:48:35, 1186.90, 30.47, 32.58, 30.172, 60, 51, 82, 204, 526, 764, 982, 1025, 1345, 99, 0, 0, 26, 21, 31, 78, 275, 420, 532, 457, 728, 64, 0, 0
17:48:35, 1182.80, 30.48, 32.58, 30.234, 55, 46, 75, 186, 512, 737, 944, 981, 1270, 94, 0, 0, 31, 25, 37, 93, 321, 487, 621, 534, 804, 70, 0, 0
17:48:36, 1183.20, 30.48, 32.58, 30.297, 60, 51, 84, 207, 592, 841, 1082, 1134, 1437, 105, 0, 0, 29, 24, 35, 88, 287, 437, 553, 478, 768, 67, 0, 0
17:48:37, 1181.40, 30.49, 32.56, 30.297, 89, 82, 137, 357, 972, 1378, 1846, 1903, 2819, 199, 0, 0, 25, 20, 30, 76, 286, 434, 548, 476, 803, 70, 0, 0
17:48:37, 1175.30, 30.50, 32.62, 30.359, 64, 54, 88, 225, 604, 871, 1108, 1150, 1650, 122, 0, 0, 36, 29, 44, 111, 376, 566, 722, 627, 997, 88, 0, 0
17:48:38, 1171.80, 30.51, 32.60, 30.398, 68, 57, 97, 239, 634, 895, 1138, 1195, 1524, 112, 0, 0, 40, 32, 49, 123, 417, 623, 797, 693, 1035, 91, 0, 0
17:48:39, 1172.00, 30.51, 32.56, 30.398, 83, 71, 122, 300, 814, 1143, 1490, 1585, 2052, 148, 0, 0, 38, 30, 46, 116, 414, 620, 789, 688, 1080, 95, 0, 0
17:48:39, 1169.30, 30.52, 32.56, 30.422, 95, 87, 149, 377, 948, 1323, 1750, 1843, 2478, 177, 0, 0, 37, 30, 45, 115, 427, 639, 815, 712, 1127, 99, 0, 0
17:48:40, 1160.00, 30.53, 32.60, 30.445, 82, 69, 119, 294, 727, 1026, 1290, 1367, 1808, 134, 0, 0, 48, 39, 60, 154, 509, 751, 958, 842, 1286, 113, 0, 0
17:48:41, 1158.90, 30.54, 32.56, 30.445, 86, 74, 131, 318, 842, 1159, 1469, 1561, 1973, 145, 0, 0, 48, 39, 61, 156, 496, 729, 926, 815, 1232, 107, 0, 0
17:48:41, 1161.20, 30.55, 32.58, 30.492, 123, 117, 211, 522, 1374, 1894, 2513, 2607, 3716, 261, 0, 0, 37, 30, 47, 121, 397, 587, 737, 652, 1084, 94, 0, 0
17:48:42, 1149.50, 30.55, 32.55, 30.617, 91, 77, 137, 341, 844, 1182, 1482, 1554, 2111, 156, 0, 0, 57, 46, 73, 189, 617, 896, 1139, 1006, 1556, 137, 0, 0
17:48:43, 1145.90, 30.57, 32.56, 30.617, 96, 83, 154, 370, 936, 1253, 1595, 1676, 2039, 151, 0, 0, 64, 52, 85, 218, 678, 976, 1242, 1102, 1575, 137, 0, 0
17:48:43, 1146.60, 30.57, 32.58, 30.672, 120, 111, 209, 497, 1247, 1660, 2168, 2294, 2810, 202, 0, 0, 54, 44, 71, 182, 572, 828, 1046, 929, 1477, 129, 0, 0
17:48:44, 1142.50, 30.59, 32.56, 30.750, 132, 116, 216, 518, 1213, 1663, 2070, 2267, 3120, 227, 0, 0, 61, 50, 82, 212, 650, 935, 1182, 1053, 1680, 147, 0, 0
17:48:45, 1140.30, 30.60, 32.58, 30.750, 139, 123, 237, 551, 1232, 1643, 2044, 2219, 2802, 205, 0, 0, 65, 53, 88, 228, 644, 923, 1162, 1038, 1638, 143, 0, 0
17:48:45, 1140.30, 30.61, 32.58, 30.805, 183, 183, 352, 832, 1918, 2531, 3361, 3668, 4821, 341, 0, 0, 57, 47, 77, 200, 605, 869, 1087, 974, 1638, 142, 0, 0
17:48:46, 1140.30, 30.61, 32.56, 30.883, 186, 190, 366, 865, 1968, 2592, 3434, 3729, 5125, 362, 0, 0, 56, 46, 76, 198, 605, 868, 1086, 975, 1593, 138, 0, 0
17:48:47, 1131.10, 30.63, 32.56, 30.883, 150, 147, 285, 669, 1422, 1852, 2405, 2534, 3017, 220, 0, 0, 75, 62, 103, 268, 814, 1151, 1445, 1294, 1888, 164, 0, 0
17:48:47, 1126.90, 30.64, 32.56, 30.906, 134, 134, 261, 614, 1335, 1699, 2261, 2266, 2829, 208, 0, 0, 89, 74, 126, 326, 920, 1291, 1619, 1454, 2102, 183, 0, 0
17:48:48, 1128.10, 30.65, 32.60, 30.945, 164, 154, 310, 692, 1566, 2034, 2522, 2780, 3381, 250, 0, 0, 84, 70, 120, 311, 825, 1164, 1456, 1310, 2128, 185, 0, 0
17:48:49, 1125.50, 30.66, 32.58, 30.945, 237, 252, 504, 1160, 2362, 3047, 4010, 4410, 5921, 420, 0, 0, 73, 61, 104, 271, 835, 1177, 1471, 1322, 2166, 189, 0, 0
17:48:49, 1118.80, 30.67, 32.55, 30.969, 196, 184, 375, 826, 1693, 2174, 2691, 2968, 3615, 267, 0, 0, 98, 82, 143, 370, 1101, 1526, 1916, 1725, 2525, 220, 0, 0
17:48:50, 1118.10, 30.68, 32.58, 30.984, 158, 152, 313, 690, 1471, 1864, 2320, 2466, 3059, 230, 0, 0, 101, 84, 148, 382, 1001, 1394, 1741, 1569, 2451, 214, 0, 0
17:48:51, 1121.40, 30.69, 32.56, 30.984, 202, 179, 368, 819, 2158, 2839, 3525, 3968, 5665, 409, 0, 0, 82, 69, 121, 312, 862, 1208, 1500, 1359, 2343, 203, 0, 0
17:48:51, 1118.40, 30.70, 32.55, 30.977, 242, 232, 469, 1036, 1810, 2386, 2874, 3223, 4235, 314, 0, 0, 98, 82, 144, 370, 1065, 1482, 1855, 1671, 2593, 227, 0, 0
17:48:52, 1114.30, 30.71, 32.55, 30.977, 177, 166, 345, 752, 1536, 1955, 2407, 2589, 3267, 247, 0, 0, 108, 91, 161, 415, 1182, 1630, 2041, 1839, 2735, 239, 0, 0
17:48:53, 1115.70, 30.71, 32.60, 30.984, 199, 184, 386, 828, 1998, 2564, 3155, 3518, 4386, 324, 0, 0, 95, 80, 141, 364, 1011, 1404, 1746, 1583, 2635, 230, 0, 0
17:48:53, 1117.00, 30.72, 32.56, 30.984, 252, 246, 500, 1115, 3008, 3831, 4952, 5526, 8328, 593, 0, 0, 83, 70, 124, 321, 896, 1247, 1544, 1401, 2360, 205, 0, 0
17:48:54, 1113.20, 30.73, 32.55, 30.984, 210, 195, 408, 900, 1638, 2127, 2567, 2769, 3672, 277, 0, 0, 111, 93, 167, 428, 1196, 1649, 2060, 1865, 2863, 250, 0, 0
17:48:55, 1111.00, 30.74, 32.58, 30.969, 193, 177, 371, 796, 1566, 1998, 2436, 2641, 3299, 252, 0, 0, 119, 101, 183, 468, 1236, 1695, 2115, 1913, 2902, 253, 0, 0
17:48:55, 1111.60, 30.74, 32.60, 30.961, 204, 188, 399, 846, 1853, 2401, 2847, 3191, 4225, 320, 0, 0, 109, 92, 167, 429, 1159, 1598, 1985, 1804, 3047, 268, 0, 0
17:48:56, 1113.00, 30.75, 32.56, 30.961, 282, 283, 578, 1264, 2433, 3179, 3947, 4420, 6668, 484, 0, 0, 106, 90, 163, 416, 1107, 1528, 1898, 1732, 3003, 263, 0, 0
17:48:57, 1108.80, 30.75, 32.56, 30.953, 270, 256, 533, 1148, 2020, 2657, 3155, 3514, 4962, 371, 0, 0, 112, 96, 175, 446, 1181, 1621, 2018, 1837, 2988, 262, 0, 0
17:48:57, 1102.70, 30.76, 32.56, 30.953, 250, 243, 522, 1073, 2030, 2529, 3078, 3405, 4170, 317, 0, 0, 130, 111, 204, 521, 1442, 1954, 2436, 2222, 3322, 290, 0, 0
17:48:58, 1099.40, 30.77, 32.58, 30.953, 181, 182, 391, 820, 1651, 2036, 2488, 2665, 3399, 265, 0, 0, 158, 137, 261, 657, 1662, 2222, 2761, 2519, 3801, 332, 0, 0
17:48:59, 1100.50, 30.77, 32.58, 30.945, 300, 299, 648, 1287, 2532, 3150, 3784, 4313, 5332, 404, 0, 0, 131, 114, 214, 544, 1327, 1794, 2218, 2028, 3326, 291, 0, 0
17:48:59, 1096.80, 30.78, 32.55, 30.945, 409, 480, 996, 2051, 3281, 4086, 5027, 5825, 7310, 540, 0, 0, 125, 109, 206, 522, 1423, 1914, 2364, 2168, 3674, 323, 0, 0
17:49:00, 1090.80, 30.78, 32.60, 30.945, 276, 268, 576, 1168, 2093, 2684, 3085, 3444, 4893, 392, 0, 0, 156, 139, 271, 675, 1665, 2208, 2720, 2497, 4090, 360, 0, 0
17:49:01, 1088.40, 30.79, 32.58, 30.930, 326, 326, 719, 1348, 2561, 3108, 3670, 4131, 5154, 411, 0, 0, 153, 136, 266, 664, 1605, 2127, 2612, 2400, 3776, 329, 0, 0
17:49:01, 1077.10, 30.79, 32.56, 30.930, 399, 435, 949, 1749, 3364, 4039, 4803, 5557, 6524, 518, 0, 0, 171, 156, 313, 770, 2044, 2652, 3239, 2991, 4943, 436, 0, 0
17:49:02, 1070.10, 30.80, 32.55, 30.930, 373, 390, 848, 1520, 2616, 3222, 3599, 4116, 5648, 498, 0, 0, 212, 200, 416, 994, 2262, 2896, 3523, 3264, 5274, 464, 0, 0
17:49:03, 1066.90, 30.80, 32.58, 30.922, 504, 626, 1338, 2226, 4239, 4717, 5872, 6472, 7862, 653, 0, 0, 202, 194, 406, 964, 2121, 2706, 3267, 3038, 5010, 439, 0, 0
17:49:03, 1062.30, 30.81, 32.56, 30.914, 1061, 1763, 3383, 6224, 7657, 8773, 10924, 13105, 13497, 1143, 0, 0, 221, 219, 465, 1081, 2499, 3148, 3796, 3548, 6185, 549, 0, 0
17:49:04, 1054.90, 30.81, 32.56, 30.914, 522, 595, 1271, 2031, 2773, 3207, 3660, 4100, 5711, 541, 0, 0, 304, 309, 664, 1510, 3571, 4405, 5332, 4988, 7653, 675, 0, 0
17:49:05, 1054.90, 30.81, 32.58, 30.906, 236, 326, 678, 1155, 1923, 2120, 2609, 2666, 3997, 357, 0, 0, 363, 384, 829, 1840, 3637, 4467, 5396, 5070, 7617, 667, 0, 0
17:49:05, 1055.30, 30.82, 32.60, 30.898, 412, 520, 1087, 1727, 2793, 3264, 3652, 4201, 5882, 641, 0, 0, 305, 316, 680, 1528, 3029, 3762, 4540, 4262, 7251, 651, 0, 0
17:49:06, 1048.60, 30.82, 32.56, 30.898, 592, 661, 1352, 2117, 2869, 3485, 3738, 4306, 6779, 710, 0, 0, 332, 354, 767, 1687, 3553, 4348, 5234, 4938, 8323, 758, 0, 0
17:49:07, 1046.40, 30.83, 32.56, 30.898, 414, 568, 1146, 1752, 2354, 2569, 3046, 3246, 5081, 503, 0, 0, 398, 445, 963, 2059, 4058, 4909, 5900, 5609, 8571, 758, 0, 0
17:49:07, 1044.80, 30.83, 32.60, 30.906, 439, 683, 1309, 2017, 3519, 3610, 4625, 4722, 6574, 680, 0, 0, 329, 362, 782, 1694, 3315, 4050, 4867, 4605, 7458, 666, 0, 0
17:49:08, 1037.30, 30.83, 32.58, 30.906, 1009, 1098, 2220, 2919, 3670, 4333, 4496, 5387, 8196, 1018, 0, 0, 387, 446, 966, 2014, 4082, 4894, 5871, 5632, 9878, 924, 0, 0
17:49:09, 1033.20, 30.84, 32.55, 30.945, 517, 701, 1284, 1833, 2295, 2643, 2866, 3200, 5756, 766, 0, 0, 457, 561, 1203, 2392, 3986, 4750, 5688, 5475, 9832, 933, 0, 0
17:49:09, 1034.20, 30.85, 32.56, 31.039, 1738, 1842, 3344, 4376, 3926, 5209, 4751, 6059, 8742, 1398, 0, 0, 385, 467, 1003, 2021, 3225, 3878, 4636, 4439, 7890, 735, 0, 0
17:49:10, 1025.40, 30.87, 32.58, 31.039, 3862, 7147, 12588, 14248, 21557, 24601, 28832, 26740, 36000, 12009, 1, 1, 368, 485, 1017, 1920, 3256, 3849, 4559, 4435, 8558, 844, 0, 0
17:49:11, 1026.50, 30.87, 32.58, 31.133, 987, 1170, 1951, 2441, 4250, 6265, 4806, 6554, 8327, 1764, 0, 0, 380, 481, 1019, 1983, 3314, 3946, 4698, 4526, 7582, 705, 0, 0
17:49:11, 1027.20, 30.88, 32.56, 31.187, 654, 1137, 1643, 2140, 1875, 1893, 2142, 2138, 4948, 537, 0, 0, 215, 256, 544, 1118, 2211, 2658, 3174, 2997, 4969, 431, 0, 0
17:49:12, 1024.70, 30.90, 32.58, 31.187, 797, 1397, 2043, 2523, 24082, 25708, 28058, 29254, 36000, 19708, 1, 1, 361, 478, 990, 1847, 3648, 4254, 5014, 4951, 10954, 1111, 0, 0
17:49:13, 1023.20, 30.91, 32.56, 31.211, 5466, 12563, 12975, 14698, 27356, 22023, 29593, 36000, 36000, 33005, 1, 1, 471, 641, 1313, 2403, 4261, 4965, 5836, 5756, 13187, 1297, 0, 0
17:49:13, 1022.50, 30.92, 32.58, 31.234, 6725, 13239, 17314, 23488, 23791, 26890, 31222, 30571, 36000, 23541, 1, 1, 426, 574, 1186, 2191, 3818, 4443, 5231, 5157, 11537, 1157, 0, 0
17:49:14, 1020.70, 30.92, 32.60, 31.234, 11239, 19353, 30664, 29498, 36000, 36000, 36000, 36000, 36000, 35243, 1, 1, 369, 494, 1019, 1906, 3415, 3970, 4735, 4603, 9436, 967, 0, 0
17:49:15, 1014.60, 30.93, 32.56, 31.242, 15458, 22330, 33872, 35489, 36000, 36000, 36000, 36000, 36000, 36000, 1, 1, 796, 1132, 1941, 3016, 8922, 9264, 10891, 10819, 26450, 5452, 0, 0
17:49:15, 1014.60, 30.93, 32.56, 31.219, 11504, 16663, 20069, 23961, 26107, 23659, 29909, 29850, 25095, 12657, 0, 0, 29020, 36000, 36000, 36000, 36000, 36000, 36000, 36000, 36000, 36000, 1, 1
17:49:16, 1014.70, 30.94, 32.56, 31.219, 2322, 5171, 5603, 5974, 2289, 2576, 3215, 3948, 11723, 3391, 0, 0, 24847, 35950, 36000, 36000, 36000, 36000, 36000, 36000, 36000, 36000, 1, 1
17:49:17, 1014.70, 30.94, 32.55, 31.055, 10174, 22406, 24360, 30154, 36000, 36000, 36000, 36000, 36000, 36000, 1, 1, 30586, 36000, 36000, 36000, 36000, 36000, 36000, 36000, 36000, 36000, 1, 1
17:49:17, 1014.40, 30.93, 32.60, 30.766, 9129, 18721, 25289, 23073, 36000, 32053, 36000, 36000, 36000, 31794, 1, 1, 36000, 36000, 36000, 36000, 36000, 36000, 36000, 36000, 36000, 36000, 1, 1
17:49:18, 1014.60, 30.93, 32.60, 30.766, 11535, 21473, 33165, 32727, 36000, 36000, 36000, 36000, 36000, 36000, 1, 1, 36000, 36000, 36000, 36000, 36000, 36000, 36000, 36000, 36000, 36000, 1, 1
