Secchi Depth (cm) = 0101
Forel Ule Scale = 20
pH Colour Scale = 99
SensingSecchi S/N = A016
Latitude (degs N) = 34.30259
Longitude (degs E) = -78.01397
Date = 2026-06-03
Time (UTC), Pressure (mbar) MS5803, Temp (deg C) MS5803, Temp (deg C) 10KTHERM, Temp (deg C) TMP117, ED 415nm, ED 445nm, ED 480nm, ED 515nm, ED 555nm, ED 590nm, ED 630nm, ED 680nm, ED Clear, ED NIR, ED D-SAT, ED A-SAT, EU 415nm, EU 445nm, EU 480nm, EU 515nm, EU 555nm, EU 590nm, EU 630nm, EU 680nm, EU Clear, EU NIR, EU D-SAT, EU A-SAT
18:18:00, 1016.90, 25.45, 26.82, 27.367, 1353, 1898, 2607, 2853, 3188, 3248, 3613, 3997, 20946, 9773, 0, 0, 6828, 10243, 13074, 16440, 18767, 24284, 33247, 36000, 36000, 36000, 1, 1
18:18:00, 1017.40, 25.48, 26.78, 27.367, 1372, 1918, 2647, 2884, 3409, 3468, 3825, 4264, 23638, 11476, 0, 0, 5282, 7900, 10181, 13056, 13460, 15468, 18811, 24640, 36000, 35750, 1, 1
18:18:01, 1017.40, 25.47, 26.82, 27.398, 1013, 1503, 1998, 2243, 2646, 2724, 3060, 3239, 12942, 5516, 0, 0, 3813, 5667, 8236, 9016, 11424, 11776, 13942, 16028, 36000, 28939, 1, 1
18:18:02, 1017.20, 25.48, 26.80, 27.437, 7784, 13246, 17078, 22290, 22745, 23957, 28695, 28275, 36000, 36000, 1, 1, 1743, 2907, 4024, 4908, 9264, 10259, 11787, 13440, 31339, 20199, 0, 0
18:18:02, 1018.30, 25.50, 26.82, 27.437, 7225, 13886, 17537, 24334, 20900, 21997, 27004, 25173, 36000, 36000, 1, 1, 1050, 1971, 2567, 3396, 2427, 2820, 3533, 3951, 8259, 944, 0, 0
18:18:03, 1028.80, 25.59, 26.83, 27.352, 18041, 19943, 33013, 34684, 34260, 36000, 33533, 36000, 36000, 36000, 1, 1, 252, 373, 710, 1186, 1767, 2064, 2602, 2887, 5961, 641, 0, 0
18:18:04, 1036.90, 25.70, 26.82, 26.578, 4375, 8253, 13380, 17264, 30951, 31854, 33432, 34273, 36000, 23634, 1, 1, 185, 241, 471, 887, 1378, 1698, 2195, 2489, 4110, 400, 0, 0
18:18:04, 1029.30, 25.79, 26.80, 26.578, 11126, 15354, 22844, 26532, 25178, 25640, 27707, 28447, 36000, 20643, 1, 1, 198, 277, 528, 949, 1568, 1896, 2422, 2715, 4720, 477, 0, 0
18:18:05, 1036.80, 25.85, 26.80, 26.312, 7182, 15020, 18921, 20694, 7433, 13168, 14719, 14639, 28553, 3849, 0, 0, 180, 232, 454, 853, 1500, 1861, 2400, 2720, 4559, 451, 0, 0
18:18:06, 1027.30, 25.90, 26.80, 26.187, 6236, 9264, 16247, 20851, 27381, 31388, 33367, 33849, 36000, 19248, 1, 1, 224, 316, 604, 1068, 1920, 2299, 2910, 3269, 6585, 707, 0, 0
18:18:06, 1034.50, 25.94, 26.82, 26.187, 10210, 13180, 20415, 24795, 30275, 30532, 31543, 31738, 34874, 27945, 0, 1, 192, 257, 498, 925, 1586, 1962, 2509, 2863, 4979, 506, 0, 0
18:18:07, 1029.10, 25.97, 26.80, 26.141, 13667, 22339, 30395, 33452, 23887, 24096, 27218, 28243, 36000, 18458, 1, 1, 240, 340, 649, 1138, 1967, 2355, 2984, 3380, 7096, 758, 0, 0
18:18:08, 1034.50, 25.99, 26.78, 26.133, 3921, 6527, 10372, 12933, 16571, 17216, 18828, 19229, 25483, 8745, 0, 0, 210, 279, 543, 1004, 1695, 2090, 2670, 3043, 5438, 560, 0, 0
18:18:08, 1031.00, 26.01, 26.78, 26.133, 3192, 5413, 8603, 11411, 27031, 29364, 32792, 33627, 36000, 15868, 1, 1, 230, 315, 608, 1100, 1900, 2297, 2927, 3327, 6709, 703, 0, 0
18:18:09, 1029.10, 26.02, 26.78, 26.117, 12272, 19879, 26964, 33243, 36000, 36000, 36000, 36000, 36000, 35371, 1, 1, 250, 357, 674, 1182, 1885, 2262, 2873, 3255, 6421, 701, 0, 0
18:18:10, 1031.60, 26.04, 26.78, 26.117, 1806, 2798, 4532, 5290, 13366, 15326, 17376, 20590, 14732, 2570, 0, 0, 219, 293, 569, 1043, 2028, 2446, 3115, 3531, 7305, 762, 0, 0
18:18:10, 1026.30, 26.05, 26.78, 26.117, 11833, 17876, 25573, 27630, 33344, 33981, 35419, 36000, 36000, 33089, 1, 1, 272, 396, 746, 1291, 2142, 2545, 3216, 3627, 7394, 812, 0, 0
18:18:11, 1034.50, 26.06, 26.78, 26.109, 8283, 14984, 18484, 21325, 27109, 28591, 29191, 33211, 17910, 4317, 0, 1, 212, 281, 547, 1014, 1690, 2090, 2671, 3049, 5253, 538, 0, 0
18:18:12, 1027.80, 26.07, 26.78, 26.117, 10544, 15284, 19107, 23075, 31654, 32305, 33715, 33756, 36000, 26505, 1, 1, 236, 328, 623, 1120, 1966, 2361, 3009, 3390, 6809, 738, 0, 0
18:18:12, 1031.40, 26.08, 26.73, 26.117, 13349, 16962, 28013, 29567, 23627, 25380, 28451, 29776, 31051, 11541, 0, 0, 203, 280, 541, 981, 1577, 1930, 2447, 2789, 4878, 507, 0, 0
18:18:13, 1031.40, 26.09, 26.76, 26.102, 5608, 9572, 14799, 20205, 10656, 10876, 13790, 13863, 28319, 6675, 0, 0, 207, 285, 550, 987, 1623, 1975, 2525, 2859, 5467, 569, 0, 0
18:18:14, 1031.30, 26.10, 26.73, 26.109, 2648, 5226, 7187, 10590, 16226, 16299, 20717, 21010, 30263, 10798, 0, 0, 189, 261, 500, 905, 1502, 1840, 2344, 2663, 4705, 496, 0, 0
18:18:14, 1033.50, 26.10, 26.74, 26.109, 1600, 3075, 4408, 5847, 14533, 14258, 17508, 20282, 20189, 3274, 0, 0, 181, 240, 466, 872, 1521, 1881, 2410, 2734, 4675, 479, 0, 0
18:18:15, 1033.40, 26.11, 26.76, 26.117, 8342, 13057, 21705, 26804, 20242, 19815, 26392, 25269, 36000, 13449, 1, 1, 188, 258, 499, 909, 1564, 1921, 2453, 2774, 4643, 470, 0, 0
18:18:16, 1029.90, 26.12, 26.73, 26.125, 5668, 10834, 16882, 22825, 29756, 32279, 33194, 33441, 36000, 25519, 1, 1, 208, 291, 556, 996, 1706, 2065, 2642, 2968, 5356, 568, 0, 0
18:18:16, 1033.10, 26.12, 26.74, 26.125, 5204, 10752, 16946, 19123, 26013, 23140, 27573, 32246, 35868, 12785, 0, 1, 189, 254, 497, 911, 1554, 1906, 2447, 2761, 4804, 488, 0, 0
18:18:17, 1029.10, 26.13, 26.74, 26.117, 6312, 9950, 15602, 20271, 22993, 23151, 25817, 26954, 36000, 18040, 1, 1, 201, 282, 540, 968, 1659, 2011, 2562, 2887, 5331, 556, 0, 0
18:18:18, 1031.00, 26.14, 26.73, 26.117, 7917, 11426, 17671, 19761, 14569, 15742, 18241, 19320, 27605, 8752, 0, 0, 195, 268, 514, 939, 1577, 1939, 2474, 2813, 4763, 494, 0, 0
18:18:18, 1031.20, 26.15, 26.73, 26.117, 4904, 10940, 15791, 20109, 15445, 18974, 23451, 24644, 30227, 5496, 0, 0, 193, 264, 508, 926, 1636, 1988, 2533, 2869, 5449, 564, 0, 0
18:18:19, 1031.40, 26.15, 26.73, 26.125, 12617, 18405, 28927, 34223, 19435, 22580, 25727, 26265, 35681, 14496, 0, 1, 198, 275, 527, 956, 1582, 1946, 2477, 2814, 4782, 492, 0, 0
18:18:20, 1031.20, 26.16, 26.74, 26.125, 2726, 5077, 8082, 11037, 13656, 15000, 17602, 17856, 30925, 8670, 0, 0, 197, 273, 525, 942, 1562, 1903, 2432, 2745, 5049, 520, 0, 0
18:18:20, 1031.20, 26.16, 26.73, 26.125, 12635, 20088, 26966, 29576, 29327, 30997, 31967, 32574, 36000, 26164, 1, 1, 202, 282, 538, 964, 1582, 1929, 2460, 2781, 4925, 513, 0, 0
18:18:21, 1031.80, 26.17, 26.71, 26.109, 8822, 17307, 20778, 26374, 32739, 33465, 35459, 35949, 35951, 11270, 0, 1, 188, 258, 496, 905, 1585, 1933, 2466, 2788, 5049, 522, 0, 0
18:18:22, 1030.30, 26.18, 26.73, 26.117, 5693, 8136, 15042, 18156, 16290, 18741, 20512, 21210, 35238, 12848, 0, 1, 205, 284, 543, 984, 1652, 2015, 2569, 2910, 5112, 533, 0, 0
18:18:22, 1031.10, 26.18, 26.71, 26.117, 11307, 20995, 29286, 34113, 29071, 30389, 32196, 32176, 33667, 14797, 0, 1, 192, 265, 508, 920, 1562, 1902, 2428, 2740, 5001, 521, 0, 0
18:18:23, 1031.30, 26.19, 26.71, 26.102, 5448, 11511, 17040, 22549, 13539, 14293, 18038, 18353, 34432, 7207, 0, 1, 201, 280, 535, 966, 1599, 1947, 2484, 2812, 5194, 542, 0, 0
18:18:24, 1031.90, 26.20, 26.71, 26.109, 7636, 13261, 18340, 22055, 27426, 29821, 31352, 32069, 33026, 8805, 0, 1, 184, 249, 481, 883, 1508, 1851, 2365, 2687, 4781, 498, 0, 0
18:18:24, 1028.80, 26.20, 26.73, 26.109, 6665, 9680, 20003, 21700, 25782, 28922, 31643, 30826, 35146, 23702, 0, 1, 210, 296, 565, 1002, 1674, 2025, 2572, 2907, 5500, 582, 0, 0
18:18:25, 1030.60, 26.21, 26.73, 26.109, 9269, 17876, 22209, 29896, 24728, 25504, 29329, 28896, 33473, 15292, 0, 1, 195, 268, 514, 938, 1627, 1986, 2532, 2866, 5148, 535, 0, 0
18:18:26, 1030.40, 26.21, 26.74, 26.109, 2084, 3825, 6118, 8554, 11731, 11825, 14944, 15811, 21898, 4129, 0, 0, 196, 266, 512, 941, 1676, 2047, 2614, 2956, 5314, 551, 0, 0
18:18:26, 1030.00, 26.21, 26.73, 26.109, 9800, 15411, 24322, 30489, 33947, 34483, 35776, 35592, 36000, 29899, 1, 1, 209, 297, 564, 1009, 1640, 1994, 2533, 2863, 5106, 533, 0, 0
18:18:27, 1032.30, 26.22, 26.71, 26.117, 3781, 7138, 11081, 14741, 21524, 19137, 25405, 31724, 28903, 4136, 0, 0, 196, 264, 513, 943, 1609, 1973, 2514, 2849, 4856, 494, 0, 0
18:18:28, 1028.60, 26.22, 26.73, 26.117, 8135, 11702, 18198, 21210, 31085, 32572, 34772, 35397, 36000, 30224, 1, 1, 219, 314, 595, 1047, 1757, 2115, 2680, 3014, 5697, 595, 0, 0
18:18:28, 1030.80, 26.23, 26.73, 26.109, 4565, 9349, 13741, 19337, 35293, 35800, 36000, 36000, 36000, 16112, 1, 1, 188, 258, 497, 908, 1510, 1852, 2353, 2659, 4441, 454, 0, 0
18:18:29, 1029.20, 26.24, 26.71, 26.125, 9046, 14968, 23238, 29460, 23635, 22947, 27634, 29104, 36000, 17070, 1, 1, 199, 279, 533, 944, 1567, 1902, 2422, 2728, 5083, 523, 0, 0
18:18:30, 1028.20, 26.24, 26.71, 26.125, 10632, 17096, 25214, 29079, 24266, 26605, 29166, 29492, 35982, 22222, 0, 1, 222, 319, 606, 1046, 1738, 2083, 2638, 2956, 5882, 623, 0, 0
18:18:30, 1030.30, 26.25, 26.73, 26.125, 5659, 10960, 16223, 21903, 10202, 12129, 11651, 16944, 12772, 2389, 0, 0, 197, 265, 516, 952, 1636, 2000, 2544, 2881, 5096, 526, 0, 0
18:18:31, 1023.20, 26.26, 26.76, 26.141, 13269, 20032, 26945, 34881, 12198, 15784, 17595, 18800, 32166, 15245, 0, 1, 242, 353, 664, 1132, 1935, 2302, 2899, 3249, 6494, 704, 0, 0
18:18:32, 1027.80, 26.26, 26.71, 26.141, 5336, 8109, 11808, 13845, 10521, 11008, 13383, 14830, 25207, 5091, 0, 0, 201, 281, 537, 967, 1629, 1984, 2511, 2845, 5173, 535, 0, 0
18:18:32, 1024.40, 26.26, 26.73, 26.141, 7885, 13066, 20033, 23468, 24663, 24191, 28662, 29024, 35905, 22518, 0, 1, 248, 358, 679, 1159, 1936, 2307, 2921, 3273, 6719, 724, 0, 0
18:18:33, 1025.80, 26.27, 26.71, 26.148, 8171, 12176, 18062, 23118, 36000, 36000, 36000, 36000, 36000, 36000, 1, 1, 228, 333, 627, 1092, 1740, 2097, 2644, 2985, 5461, 591, 0, 0
18:18:34, 1029.50, 26.27, 26.73, 26.148, 9381, 16955, 19415, 22706, 15994, 17570, 20392, 23159, 21335, 4527, 0, 0, 214, 294, 568, 1031, 1736, 2122, 2691, 3046, 5134, 528, 0, 0
18:18:34, 1025.30, 26.27, 26.69, 26.141, 6264, 9583, 20209, 22431, 21906, 25443, 27881, 27645, 36000, 16543, 1, 1, 216, 310, 589, 1033, 1784, 2132, 2699, 3023, 5890, 634, 0, 0
18:18:35, 1027.10, 26.28, 26.73, 26.148, 12494, 16564, 23973, 29640, 35848, 35956, 36000, 36000, 36000, 34678, 1, 1, 209, 297, 564, 1000, 1605, 1951, 2472, 2789, 4831, 507, 0, 0
18:18:36, 1026.50, 26.28, 26.71, 26.148, 7017, 13945, 19386, 22808, 26777, 27750, 30338, 31151, 35908, 18291, 0, 1, 209, 298, 566, 991, 1710, 2048, 2593, 2906, 5841, 622, 0, 0
18:18:36, 1026.90, 26.28, 26.71, 26.141, 12192, 16682, 25409, 28973, 28504, 36000, 36000, 36000, 36000, 36000, 1, 1, 228, 328, 621, 1082, 1769, 2129, 2704, 3036, 5780, 610, 0, 0
18:18:37, 1025.80, 26.29, 26.71, 26.148, 5563, 10010, 13841, 19265, 20932, 21216, 24917, 25247, 27273, 6324, 0, 0, 222, 314, 600, 1074, 1878, 2253, 2852, 3211, 6185, 660, 0, 0
18:18:38, 1024.90, 26.29, 26.71, 26.148, 14051, 16820, 34902, 35984, 26595, 27708, 28659, 28182, 33281, 27077, 0, 1, 249, 364, 685, 1185, 1927, 2314, 2918, 3296, 6216, 668, 0, 0
18:18:38, 1023.80, 26.29, 26.71, 26.141, 1132, 1887, 2681, 3087, 3249, 3328, 3767, 4062, 12332, 2616, 0, 0, 269, 396, 745, 1261, 1977, 2353, 2967, 3333, 6763, 743, 0, 0
18:18:39, 1025.80, 26.29, 26.73, 26.133, 9206, 14753, 21659, 25233, 21301, 22136, 26064, 26124, 35277, 15533, 0, 1, 236, 330, 634, 1144, 2031, 2447, 3102, 3498, 6560, 696, 0, 0
18:18:40, 1021.90, 26.30, 26.71, 26.133, 1347, 2114, 2884, 3368, 22160, 24673, 25138, 24701, 34584, 26624, 0, 1, 271, 402, 745, 1263, 2021, 2402, 3037, 3414, 6770, 765, 0, 0
18:18:40, 1028.90, 26.30, 26.73, 26.133, 12322, 18612, 23927, 25362, 30910, 32260, 33964, 34075, 36000, 26302, 1, 1, 214, 299, 573, 1029, 1702, 2071, 2631, 2986, 5457, 580, 0, 0
18:18:41, 1026.30, 26.30, 26.73, 26.133, 1703, 2602, 4336, 5418, 3640, 3859, 4287, 4725, 15047, 3098, 0, 0, 254, 368, 697, 1203, 1988, 2376, 3005, 3380, 6938, 758, 0, 0
18:18:42, 1031.70, 26.30, 26.73, 26.133, 1292, 2182, 3171, 3696, 5412, 5160, 6960, 7469, 13924, 2904, 0, 0, 199, 272, 523, 957, 1631, 2012, 2564, 2914, 4746, 481, 0, 0
18:18:42, 1035.90, 26.30, 26.73, 26.125, 2841, 4119, 6435, 8501, 14024, 16080, 19910, 21122, 31767, 4986, 0, 0, 205, 272, 530, 980, 1695, 2076, 2673, 3014, 5763, 578, 0, 0
18:18:43, 1037.20, 26.31, 26.71, 26.133, 2401, 3864, 6548, 8264, 14440, 15047, 18997, 20103, 32680, 8337, 0, 1, 181, 240, 468, 864, 1455, 1807, 2322, 2635, 4569, 447, 0, 0
18:18:44, 1044.60, 26.31, 26.73, 26.133, 4159, 3737, 7914, 11276, 27534, 26361, 30767, 34053, 34280, 4699, 0, 1, 152, 188, 368, 710, 1223, 1549, 2014, 2301, 3596, 349, 0, 0
18:18:44, 1047.90, 26.31, 26.73, 26.133, 5244, 8157, 15805, 22125, 22215, 26342, 31271, 33155, 36000, 10207, 1, 1, 133, 158, 308, 609, 1182, 1515, 1985, 2275, 3572, 341, 0, 0
18:18:45, 1048.10, 26.32, 26.73, 26.133, 4507, 7909, 15267, 20065, 22428, 26421, 30220, 30262, 36000, 11138, 1, 1, 145, 178, 343, 674, 1252, 1595, 2088, 2389, 3847, 375, 0, 0
18:18:46, 1060.30, 26.32, 26.69, 26.133, 1048, 1013, 2003, 3115, 4294, 6296, 5915, 8218, 9926, 1261, 0, 0, 137, 152, 291, 602, 1160, 1513, 2017, 2322, 3779, 353, 0, 0
18:18:46, 1054.80, 26.32, 26.73, 26.133, 1509, 2558, 4949, 8187, 9753, 11272, 14515, 15666, 24886, 2554, 0, 0, 148, 170, 327, 664, 1331, 1700, 2252, 2576, 4488, 425, 0, 0
18:18:47, 1061.60, 26.33, 26.67, 26.141, 1669, 3055, 5775, 9138, 7580, 8456, 10264, 13046, 15662, 1582, 0, 0, 121, 132, 250, 522, 1020, 1345, 1799, 2090, 3259, 309, 0, 0
18:18:48, 1063.10, 26.33, 26.71, 26.141, 1538, 2541, 5049, 8280, 12025, 14630, 19158, 20616, 35993, 3718, 0, 1, 126, 139, 261, 542, 1150, 1497, 2003, 2317, 4076, 383, 0, 0
18:18:48, 1065.80, 26.33, 26.69, 26.141, 2851, 4119, 8861, 14999, 14861, 17341, 24087, 26253, 31291, 3209, 0, 0, 120, 128, 237, 503, 981, 1309, 1762, 2053, 3092, 293, 0, 0
18:18:49, 1072.50, 26.33, 26.71, 26.141, 784, 1141, 2168, 3760, 7627, 9100, 12083, 14282, 16340, 1506, 0, 0, 111, 116, 211, 452, 934, 1256, 1713, 1997, 3111, 292, 0, 0
18:18:50, 1074.90, 26.33, 26.73, 26.133, 1426, 2289, 4402, 8266, 9137, 11207, 14744, 16020, 24143, 2206, 0, 0, 105, 109, 194, 421, 902, 1222, 1669, 1953, 2977, 277, 0, 0
18:18:50, 1078.70, 26.33, 26.69, 26.125, 1124, 1730, 3124, 5707, 7128, 7730, 10582, 14270, 15188, 1209, 0, 0, 90, 91, 159, 349, 797, 1093, 1509, 1765, 2636, 243, 0, 0
18:18:51, 1079.30, 26.34, 26.71, 26.125, 1397, 2233, 4241, 8289, 10507, 12621, 18365, 20892, 19984, 1754, 0, 0, 99, 101, 178, 387, 866, 1179, 1623, 1896, 3031, 282, 0, 0
18:18:52, 1079.80, 26.34, 26.73, 26.117, 1127, 1651, 3364, 6253, 9528, 11618, 16483, 18721, 22975, 2000, 0, 0, 91, 92, 161, 353, 778, 1059, 1460, 1715, 2780, 257, 0, 0
18:18:52, 1084.30, 26.34, 26.67, 26.109, 1152, 1691, 3415, 6420, 7821, 9976, 13509, 15364, 16696, 1459, 0, 0, 82, 81, 138, 305, 684, 953, 1322, 1565, 2302, 215, 0, 0
18:18:53, 1091.30, 26.34, 26.71, 26.109, 628, 720, 1346, 2525, 4268, 5233, 7033, 8916, 8107, 702, 0, 0, 78, 75, 124, 276, 650, 913, 1287, 1522, 2265, 208, 0, 0
18:18:54, 1095.90, 26.34, 26.69, 26.117, 771, 1045, 2082, 4223, 6988, 8990, 12687, 14581, 14240, 1160, 0, 0, 76, 74, 120, 268, 600, 852, 1205, 1431, 2007, 183, 0, 0
18:18:54, 1103.90, 26.34, 26.71, 26.117, 648, 757, 1262, 2549, 7304, 8900, 12958, 18323, 20163, 1533, 0, 0, 63, 60, 93, 208, 516, 749, 1078, 1286, 1812, 164, 0, 0
18:18:55, 1107.80, 26.34, 26.71, 26.117, 807, 991, 1905, 3993, 5839, 7456, 10981, 12830, 17158, 1329, 0, 0, 59, 56, 87, 194, 466, 678, 979, 1172, 1651, 150, 0, 0
18:18:56, 1112.20, 26.34, 26.73, 26.125, 503, 594, 1131, 2343, 4843, 6215, 8679, 11579, 15274, 1199, 0, 0, 58, 54, 82, 182, 437, 647, 946, 1143, 1533, 140, 0, 0
18:18:56, 1116.50, 26.34, 26.73, 26.125, 395, 461, 874, 1881, 4311, 5662, 8052, 9697, 11618, 913, 0, 0, 53, 49, 72, 161, 416, 620, 911, 1103, 1531, 140, 0, 0
18:18:57, 1122.10, 26.34, 26.71, 26.125, 476, 541, 984, 2162, 3930, 5213, 7610, 9728, 10690, 828, 0, 0, 49, 45, 65, 144, 371, 560, 832, 1012, 1361, 124, 0, 0
18:18:58, 1127.10, 26.34, 26.73, 26.125, 426, 476, 847, 1902, 4114, 5696, 8484, 10861, 10290, 795, 0, 0, 46, 42, 59, 130, 344, 524, 788, 964, 1285, 117, 0, 0
18:18:58, 1129.80, 26.35, 26.73, 26.117, 339, 373, 651, 1469, 3185, 4433, 6579, 8272, 8358, 643, 0, 0, 44, 40, 55, 121, 334, 511, 773, 948, 1270, 116, 0, 0
18:18:59, 1132.10, 26.35, 26.73, 26.117, 296, 318, 561, 1278, 2657, 3708, 5447, 6724, 7290, 571, 0, 0, 41, 38, 52, 112, 305, 472, 716, 881, 1145, 105, 0, 0
18:19:00, 1135.70, 26.35, 26.73, 26.117, 323, 344, 584, 1328, 3540, 4916, 7464, 8931, 9293, 738, 0, 0, 41, 37, 51, 110, 292, 453, 692, 852, 1129, 103, 0, 0
18:19:00, 1138.50, 26.35, 26.73, 26.125, 300, 321, 534, 1206, 2851, 4042, 6080, 7547, 7728, 602, 0, 0, 40, 37, 49, 105, 285, 446, 686, 848, 1106, 101, 0, 0
18:19:01, 1139.70, 26.35, 26.73, 26.125, 313, 330, 547, 1238, 2890, 4175, 6346, 7759, 7666, 597, 0, 0, 38, 35, 46, 98, 278, 436, 670, 829, 1084, 99, 0, 0
18:19:02, 1141.60, 26.35, 26.71, 26.094, 355, 374, 622, 1432, 3136, 4463, 6884, 8455, 9755, 747, 0, 0, 37, 34, 45, 96, 266, 418, 646, 800, 1036, 95, 0, 0
18:19:02, 1149.40, 26.35, 26.71, 26.094, 337, 369, 565, 1266, 2072, 2893, 4351, 5785, 5926, 454, 0, 0, 33, 30, 39, 83, 228, 364, 568, 707, 891, 82, 0, 0
18:19:03, 1154.00, 26.35, 26.69, 26.094, 352, 372, 561, 1300, 2387, 3480, 5552, 6843, 7092, 552, 0, 0, 31, 28, 36, 74, 215, 346, 545, 681, 878, 80, 0, 0
18:19:04, 1160.60, 26.35, 26.73, 26.086, 200, 200, 293, 659, 1544, 2283, 3489, 4589, 4621, 361, 0, 0, 27, 25, 31, 62, 188, 307, 491, 618, 779, 71, 0, 0
18:19:04, 1161.70, 26.35, 26.73, 26.102, 219, 226, 332, 758, 1653, 2465, 3842, 4850, 5141, 396, 0, 0, 27, 24, 30, 61, 185, 302, 483, 608, 772, 70, 0, 0
18:19:05, 1164.30, 26.35, 26.73, 26.102, 186, 190, 270, 605, 1229, 1834, 2783, 3722, 3718, 293, 0, 0, 25, 23, 28, 56, 174, 288, 464, 586, 730, 67, 0, 0
18:19:06, 1165.20, 26.36, 26.71, 26.102, 187, 190, 274, 618, 1406, 2125, 3324, 4328, 4215, 330, 0, 0, 25, 22, 27, 55, 171, 281, 453, 572, 719, 65, 0, 0
18:19:06, 1164.60, 26.35, 26.73, 26.102, 194, 195, 293, 680, 1631, 2445, 3837, 4832, 5593, 435, 0, 0, 26, 23, 29, 58, 173, 287, 462, 584, 732, 67, 0, 0
18:19:07, 1170.30, 26.35, 26.69, 26.102, 169, 169, 236, 530, 1360, 2063, 3293, 4482, 3530, 279, 0, 0, 23, 21, 26, 51, 153, 255, 415, 527, 647, 59, 0, 0
18:19:08, 1169.70, 26.35, 26.71, 26.102, 154, 155, 222, 502, 1294, 1969, 3099, 3997, 4109, 320, 0, 0, 24, 21, 26, 51, 166, 276, 449, 570, 723, 66, 0, 0
18:19:08, 1171.80, 26.36, 26.67, 26.102, 154, 152, 220, 503, 1272, 1935, 3048, 3903, 4225, 330, 0, 0, 23, 20, 25, 49, 150, 251, 409, 522, 629, 57, 0, 0
18:19:09, 1175.60, 26.36, 26.69, 26.102, 152, 151, 214, 476, 1200, 1849, 2941, 3789, 3830, 300, 0, 0, 21, 19, 23, 45, 139, 234, 384, 490, 601, 55, 0, 0
18:19:10, 1179.20, 26.35, 26.73, 26.102, 158, 157, 219, 495, 1289, 1992, 3276, 4161, 4736, 368, 0, 0, 21, 19, 23, 44, 134, 226, 374, 480, 575, 53, 0, 0
18:19:10, 1182.70, 26.36, 26.73, 26.102, 121, 119, 162, 357, 1026, 1603, 2588, 3300, 3450, 270, 0, 0, 19, 17, 20, 39, 125, 213, 355, 456, 562, 51, 0, 0
18:19:11, 1181.00, 26.36, 26.71, 26.102, 138, 137, 187, 416, 1085, 1702, 2788, 3585, 3736, 293, 0, 0, 20, 18, 21, 40, 129, 219, 365, 469, 575, 52, 0, 0
18:19:12, 1184.70, 26.36, 26.67, 26.094, 124, 123, 168, 374, 970, 1521, 2434, 3236, 2967, 234, 0, 0, 19, 17, 20, 38, 120, 206, 343, 443, 525, 48, 0, 0
18:19:12, 1188.20, 26.36, 26.71, 26.102, 113, 111, 151, 335, 828, 1302, 2078, 2715, 2773, 220, 0, 0, 17, 15, 18, 34, 109, 189, 318, 412, 492, 45, 0, 0
18:19:13, 1194.50, 26.36, 26.73, 26.102, 112, 109, 142, 304, 813, 1298, 2117, 2796, 2641, 209, 0, 0, 16, 14, 16, 31, 99, 171, 291, 378, 452, 41, 0, 0
18:19:14, 1195.00, 26.36, 26.73, 26.094, 97, 95, 125, 270, 766, 1228, 2031, 2657, 2609, 207, 0, 0, 16, 14, 16, 31, 102, 178, 302, 393, 484, 44, 0, 0
18:19:14, 1200.50, 26.36, 26.73, 26.094, 91, 87, 113, 238, 652, 1055, 1733, 2322, 2025, 162, 0, 0, 14, 13, 14, 26, 87, 153, 264, 345, 404, 37, 0, 0
18:19:15, 1201.80, 26.36, 26.71, 26.094, 86, 84, 108, 226, 642, 1044, 1731, 2289, 2215, 176, 0, 0, 14, 12, 14, 25, 86, 152, 262, 343, 410, 37, 0, 0
18:19:16, 1204.20, 26.36, 26.74, 26.094, 90, 88, 113, 237, 611, 998, 1656, 2212, 2178, 173, 0, 0, 13, 12, 13, 24, 81, 143, 249, 327, 379, 35, 0, 0
18:19:16, 1207.40, 26.36, 26.69, 26.094, 83, 81, 102, 209, 557, 916, 1522, 2062, 1923, 153, 0, 0, 13, 11, 13, 22, 77, 138, 239, 315, 366, 33, 0, 0
18:19:17, 1209.30, 26.36, 26.69, 26.102, 82, 80, 101, 209, 590, 978, 1659, 2250, 2215, 174, 0, 0, 12, 11, 12, 22, 74, 132, 232, 306, 355, 32, 0, 0
18:19:18, 1216.10, 26.37, 26.71, 26.102, 71, 69, 86, 175, 474, 783, 1306, 1792, 1837, 147, 0, 0, 11, 10, 11, 19, 64, 116, 207, 276, 312, 29, 0, 0
18:19:18, 1220.20, 26.36, 26.73, 26.102, 60, 58, 71, 141, 420, 709, 1208, 1641, 1668, 133, 0, 0, 10, 9, 10, 17, 60, 110, 197, 263, 307, 28, 0, 0
18:19:19, 1221.80, 26.36, 26.69, 26.102, 66, 64, 79, 157, 468, 795, 1383, 1854, 1955, 154, 0, 0, 10, 9, 10, 17, 57, 104, 187, 250, 281, 25, 0, 0
18:19:20, 1225.50, 26.36, 26.69, 26.094, 55, 53, 64, 124, 378, 646, 1107, 1521, 1463, 117, 0, 0, 9, 8, 9, 15, 53, 98, 177, 238, 271, 24, 0, 0
18:19:20, 1227.40, 26.36, 26.71, 26.094, 57, 56, 66, 127, 368, 630, 1082, 1499, 1485, 119, 0, 0, 9, 8, 9, 15, 50, 93, 169, 228, 257, 23, 0, 0
18:19:21, 1227.60, 26.36, 26.69, 26.062, 54, 52, 62, 119, 365, 629, 1099, 1498, 1477, 118, 0, 0, 9, 8, 9, 14, 51, 94, 171, 231, 266, 24, 0, 0
18:19:22, 1228.00, 26.36, 26.69, 26.055, 56, 54, 65, 127, 384, 658, 1141, 1552, 1645, 131, 0, 0, 9, 8, 9, 15, 51, 93, 170, 229, 260, 24, 0, 0
18:19:22, 1232.70, 26.36, 26.66, 26.055, 48, 46, 55, 103, 311, 536, 927, 1291, 1189, 95, 0, 0, 8, 7, 8, 13, 46, 86, 158, 215, 243, 22, 0, 0
18:19:23, 1235.70, 26.36, 26.73, 26.055, 47, 45, 54, 100, 305, 530, 933, 1307, 1203, 97, 0, 0, 8, 7, 7, 12, 44, 82, 152, 206, 233, 21, 0, 0
18:19:24, 1239.00, 26.35, 26.73, 26.062, 46, 44, 52, 99, 297, 517, 917, 1280, 1211, 97, 0, 0, 7, 6, 7, 11, 40, 75, 141, 192, 211, 19, 0, 0
18:19:24, 1241.70, 26.35, 26.71, 26.062, 42, 40, 47, 86, 269, 473, 849, 1194, 1126, 90, 0, 0, 7, 6, 6, 11, 38, 73, 136, 186, 206, 19, 0, 0
18:19:25, 1243.20, 26.35, 26.73, 26.031, 40, 39, 45, 82, 273, 483, 871, 1220, 1155, 92, 0, 0, 7, 6, 6, 10, 37, 70, 132, 181, 200, 18, 0, 0
18:19:26, 1243.30, 26.35, 26.73, 26.031, 38, 37, 43, 79, 248, 441, 790, 1104, 1073, 86, 0, 0, 7, 6, 6, 10, 37, 70, 132, 181, 201, 18, 0, 0
18:19:26, 1244.00, 26.35, 26.69, 26.031, 40, 39, 46, 82, 251, 444, 792, 1107, 1095, 88, 0, 0, 7, 6, 6, 10, 36, 68, 129, 177, 197, 18, 0, 0
18:19:27, 1244.00, 26.35, 26.69, 26.023, 38, 37, 44, 79, 250, 445, 801, 1121, 1105, 89, 0, 0, 7, 6, 6, 10, 37, 70, 132, 182, 203, 18, 0, 0
18:19:28, 1245.80, 26.35, 26.73, 26.023, 39, 38, 44, 79, 252, 446, 796, 1112, 1106, 89, 0, 0, 7, 6, 6, 10, 35, 67, 127, 174, 192, 17, 0, 0
18:19:28, 1248.30, 26.35, 26.71, 26.023, 37, 36, 42, 75, 229, 408, 738, 1045, 966, 78, 0, 0, 6, 5, 6, 9, 33, 63, 121, 167, 184, 17, 0, 0
18:19:29, 1249.60, 26.35, 26.74, 26.016, 36, 35, 41, 73, 235, 422, 773, 1084, 1027, 83, 0, 0, 6, 5, 6, 9, 32, 62, 118, 162, 178, 16, 0, 0
18:19:30, 1252.80, 26.35, 26.73, 26.008, 32, 30, 35, 62, 202, 361, 652, 932, 852, 69, 0, 0, 6, 5, 5, 8, 30, 59, 113, 157, 172, 15, 0, 0
18:19:30, 1251.90, 26.35, 26.71, 26.008, 32, 31, 36, 62, 198, 359, 656, 924, 896, 72, 0, 0, 6, 5, 5, 8, 32, 61, 117, 161, 180, 16, 0, 0
18:19:31, 1254.30, 26.35, 26.71, 26.008, 32, 31, 36, 63, 192, 345, 625, 899, 859, 69, 0, 0, 6, 5, 5, 8, 29, 56, 109, 151, 165, 15, 0, 0
18:19:32, 1255.60, 26.35, 26.71, 26.008, 31, 30, 34, 60, 191, 346, 635, 905, 871, 71, 0, 0, 5, 5, 5, 8, 28, 55, 107, 149, 162, 14, 0, 0
18:19:32, 1256.40, 26.35, 26.67, 26.008, 30, 29, 34, 58, 186, 337, 619, 877, 840, 68, 0, 0, 5, 5, 5, 7, 28, 54, 104, 145, 159, 14, 0, 0
18:19:33, 1261.80, 26.35, 26.73, 25.992, 29, 27, 31, 53, 171, 311, 570, 825, 772, 63, 0, 0, 5, 4, 4, 7, 25, 48, 95, 133, 141, 12, 0, 0
18:19:34, 1264.30, 26.35, 26.73, 26.000, 26, 26, 29, 49, 163, 301, 561, 794, 783, 63, 0, 0, 5, 4, 4, 6, 24, 46, 91, 128, 138, 12, 0, 0
18:19:34, 1263.60, 26.35, 26.73, 26.000, 26, 26, 29, 49, 163, 301, 563, 799, 804, 65, 0, 0, 5, 4, 4, 6, 24, 47, 93, 131, 143, 13, 0, 0
18:19:35, 1264.60, 26.35, 26.69, 25.992, 26, 25, 29, 47, 152, 279, 517, 745, 710, 58, 0, 0, 4, 4, 4, 6, 23, 46, 90, 127, 137, 12, 0, 0
18:19:36, 1263.90, 26.35, 26.71, 26.000, 27, 26, 30, 49, 160, 296, 550, 782, 787, 64, 0, 0, 5, 4, 4, 6, 24, 47, 92, 130, 140, 12, 0, 0
18:19:36, 1268.60, 26.35, 26.73, 26.000, 26, 25, 29, 48, 149, 274, 509, 737, 707, 58, 0, 0, 4, 4, 4, 6, 21, 42, 84, 118, 124, 11, 0, 0
18:19:37, 1273.80, 26.35, 26.69, 25.992, 21, 21, 24, 38, 127, 237, 446, 643, 617, 50, 0, 0, 4, 3, 3, 5, 19, 39, 78, 111, 118, 10, 0, 0
18:19:38, 1277.20, 26.35, 26.69, 25.992, 21, 20, 23, 37, 120, 225, 426, 619, 599, 49, 0, 0, 4, 3, 3, 5, 18, 36, 73, 104, 110, 10, 0, 0
18:19:38, 1279.20, 26.35, 26.71, 25.992, 20, 19, 22, 35, 114, 215, 408, 592, 569, 46, 0, 0, 4, 3, 3, 5, 17, 34, 70, 100, 105, 9, 0, 0
18:19:39, 1281.40, 26.35, 26.71, 25.992, 19, 18, 20, 33, 105, 199, 377, 550, 530, 43, 0, 0, 3, 3, 3, 4, 16, 32, 66, 95, 99, 9, 0, 0
18:19:40, 1284.10, 26.35, 26.71, 25.992, 18, 18, 20, 31, 102, 194, 375, 551, 533, 44, 0, 0, 3, 3, 3, 4, 15, 31, 64, 92, 96, 8, 0, 0
18:19:40, 1288.30, 26.35, 26.73, 25.984, 17, 17, 19, 28, 96, 183, 352, 519, 479, 39, 0, 0, 3, 2, 2, 4, 14, 29, 60, 86, 90, 8, 0, 0
18:19:41, 1295.50, 26.34, 26.71, 25.984, 15, 14, 16, 24, 78, 150, 292, 438, 406, 33, 0, 0, 3, 2, 2, 3, 12, 25, 53, 78, 80, 7, 0, 0
18:19:42, 1297.30, 26.35, 26.67, 25.984, 14, 14, 16, 22, 76, 149, 294, 437, 410, 34, 0, 0, 2, 2, 2, 3, 12, 24, 52, 76, 79, 7, 0, 0
18:19:42, 1298.90, 26.34, 26.73, 25.984, 14, 13, 15, 22, 76, 147, 290, 432, 413, 34, 0, 0, 2, 2, 2, 3, 11, 24, 50, 73, 74, 6, 0, 0
18:19:43, 1302.30, 26.34, 26.73, 25.977, 12, 12, 13, 20, 66, 130, 257, 384, 359, 30, 0, 0, 2, 2, 2, 3, 11, 22, 47, 69, 71, 6, 0, 0
18:19:44, 1306.50, 26.34, 26.73, 25.977, 12, 12, 13, 19, 63, 124, 246, 370, 360, 30, 0, 0, 2, 2, 2, 2, 10, 20, 44, 65, 67, 6, 0, 0
18:19:44, 1311.70, 26.34, 26.71, 25.969, 11, 11, 12, 17, 58, 114, 231, 349, 324, 27, 0, 0, 2, 1, 1, 2, 9, 18, 40, 59, 60, 5, 0, 0
18:19:45, 1316.90, 26.34, 26.71, 25.977, 10, 10, 11, 15, 53, 106, 216, 324, 308, 26, 0, 0, 2, 1, 1, 2, 8, 16, 36, 54, 55, 4, 0, 0
18:19:46, 1322.80, 26.34, 26.69, 25.977, 9, 9, 10, 13, 45, 91, 188, 284, 268, 22, 0, 0, 2, 1, 1, 2, 7, 15, 33, 49, 50, 4, 0, 0
18:19:46, 1328.90, 26.34, 26.71, 25.969, 8, 8, 9, 13, 41, 84, 175, 267, 249, 21, 0, 0, 1, 1, 1, 1, 6, 13, 29, 44, 43, 3, 0, 0
18:19:47, 1336.30, 26.34, 26.73, 25.977, 7, 7, 8, 10, 35, 71, 150, 230, 213, 18, 0, 0, 1, 1, 1, 1, 5, 11, 27, 41, 41, 3, 0, 0
18:19:48, 1339.90, 26.34, 26.69, 25.977, 6, 6, 7, 10, 31, 65, 139, 214, 200, 17, 0, 0, 1, 1, 0, 1, 5, 11, 25, 38, 38, 3, 0, 0
18:19:48, 1343.80, 26.34, 26.73, 25.977, 6, 6, 7, 9, 29, 61, 130, 200, 188, 16, 0, 0, 1, 1, 0, 1, 4, 9, 22, 35, 33, 2, 0, 0
18:19:49, 1350.10, 26.34, 26.73, 25.977, 5, 5, 6, 8, 25, 53, 114, 176, 159, 13, 0, 0, 1, 1, 0, 1, 4, 8, 20, 32, 30, 2, 0, 0
18:19:50, 1354.80, 26.34, 26.69, 25.977, 5, 5, 6, 6, 23, 49, 109, 169, 156, 13, 0, 0, 1, 0, 0, 1, 4, 8, 19, 30, 29, 2, 0, 0
18:19:50, 1360.10, 26.34, 26.69, 25.961, 4, 4, 5, 6, 20, 43, 95, 149, 136, 11, 0, 0, 1, 0, 0, 1, 3, 7, 17, 27, 25, 2, 0, 0
18:19:51, 1364.90, 26.33, 26.71, 25.953, 4, 4, 5, 6, 19, 40, 89, 140, 127, 11, 0, 0, 1, 0, 0, 0, 3, 6, 16, 25, 23, 2, 0, 0
18:19:52, 1367.90, 26.33, 26.76, 25.953, 4, 3, 4, 5, 17, 36, 82, 129, 118, 10, 0, 0, 1, 0, 0, 0, 3, 6, 15, 24, 23, 2, 0, 0
18:19:52, 1369.60, 26.33, 26.73, 25.930, 3, 3, 4, 4, 16, 35, 79, 124, 112, 9, 0, 0, 0, 0, 0, 0, 3, 6, 14, 23, 22, 1, 0, 0
18:19:53, 1370.50, 26.33, 26.73, 25.937, 3, 3, 4, 5, 16, 35, 79, 125, 116, 10, 0, 0, 0, 0, 0, 0, 2, 6, 14, 22, 22, 1, 0, 0
18:19:54, 1375.30, 26.33, 26.71, 25.937, 3, 3, 4, 4, 15, 32, 72, 115, 99, 8, 0, 0, 0, 0, 0, 0, 2, 5, 13, 21, 19, 1, 0, 0
18:19:54, 1377.40, 26.32, 26.73, 25.914, 3, 3, 4, 3, 13, 29, 67, 106, 92, 8, 0, 0, 0, 0, 0, 0, 2, 5, 13, 21, 20, 1, 0, 0
18:19:55, 1382.20, 26.32, 26.71, 25.914, 3, 3, 4, 4, 12, 27, 63, 101, 88, 7, 0, 0, 0, 0, 0, 0, 2, 4, 11, 18, 17, 1, 0, 0
18:19:56, 1384.90, 26.32, 26.71, 25.914, 2, 2, 3, 3, 11, 25, 59, 95, 83, 7, 0, 0, 0, 0, 0, 0, 2, 4, 11, 19, 18, 1, 0, 0
18:19:56, 1386.10, 26.32, 26.71, 25.906, 2, 2, 3, 3, 11, 25, 60, 96, 86, 7, 0, 0, 0, 0, 0, 0, 2, 4, 10, 17, 16, 1, 0, 0
18:19:57, 1386.50, 26.32, 26.71, 25.914, 2, 2, 3, 4, 11, 24, 58, 93, 85, 7, 0, 0, 0, 0, 0, 0, 2, 4, 10, 17, 16, 1, 0, 0
18:19:58, 1388.00, 26.32, 26.73, 25.914, 2, 2, 3, 3, 11, 24, 58, 93, 83, 7, 0, 0, 0, 0, 0, 0, 2, 4, 10, 17, 16, 1, 0, 0
18:19:58, 1392.40, 26.32, 26.73, 25.914, 2, 2, 3, 3, 10, 21, 50, 81, 69, 6, 0, 0, 0, 0, 0, 0, 1, 3, 9, 16, 15, 1, 0, 0
18:19:59, 1393.10, 26.32, 26.71, 25.914, 2, 2, 3, 3, 9, 21, 51, 82, 73, 6, 0, 0, 0, 0, 0, 0, 1, 4, 10, 16, 15, 1, 0, 0
18:20:00, 1393.90, 26.32, 26.73, 25.914, 2, 2, 3, 3, 9, 21, 50, 81, 72, 6, 0, 0, 0, 0, 0, 0, 1, 3, 9, 15, 14, 1, 0, 0
18:20:00, 1395.10, 26.32, 26.71, 25.914, 2, 2, 3, 3, 9, 21, 50, 82, 72, 6, 0, 0, 0, 0, 0, 0, 1, 3, 9, 15, 14, 1, 0, 0
18:20:01, 1396.60, 26.32, 26.71, 25.914, 2, 2, 3, 3, 9, 20, 48, 79, 68, 6, 0, 0, 0, 0, 0, 0, 1, 3, 9, 15, 14, 1, 0, 0
18:20:02, 1395.90, 26.32, 26.71, 25.914, 2, 2, 3, 3, 9, 20, 48, 79, 71, 6, 0, 0, 0, 0, 0, 0, 1, 3, 9, 15, 14, 1, 0, 0
18:20:02, 1397.60, 26.32, 26.73, 25.906, 2, 2, 3, 2, 9, 20, 49, 79, 70, 6, 0, 0, 0, 0, 0, 0, 1, 3, 9, 14, 13, 1, 0, 0
18:20:03, 1399.70, 26.32, 26.73, 25.906, 2, 2, 2, 2, 8, 19, 46, 75, 65, 6, 0, 0, 0, 0, 0, 0, 1, 3, 8, 14, 13, 1, 0, 0
18:20:04, 1400.40, 26.32, 26.71, 25.906, 2, 2, 2, 2, 8, 19, 45, 74, 66, 6, 0, 0, 0, 0, 0, 0, 1, 3, 8, 14, 13, 1, 0, 0
18:20:04, 1401.70, 26.32, 26.73, 25.906, 2, 2, 2, 3, 8, 18, 44, 71, 62, 5, 0, 0, 0, 0, 0, 0, 1, 3, 8, 14, 13, 1, 0, 0
18:20:05, 1405.00, 26.32, 26.71, 25.906, 2, 2, 2, 3, 8, 17, 42, 68, 59, 5, 0, 0, 0, 0, 0, 0, 1, 3, 8, 13, 12, 0, 0, 0
18:20:06, 1405.50, 26.32, 26.71, 25.898, 1, 1, 2, 3, 7, 17, 41, 67, 60, 5, 0, 0, 0, 0, 0, 0, 1, 3, 8, 13, 12, 0, 0, 0
18:20:06, 1408.50, 26.32, 26.67, 25.891, 1, 2, 2, 3, 7, 16, 41, 67, 59, 5, 0, 0, 0, 0, 0, 0, 1, 2, 7, 12, 11, 0, 0, 0
18:20:07, 1410.00, 26.31, 26.74, 25.891, 1, 1, 2, 1, 6, 15, 37, 60, 53, 5, 0, 0, 0, 0, 0, 0, 1, 2, 7, 12, 11, 0, 0, 0
18:20:08, 1409.30, 26.31, 26.74, 25.883, 1, 1, 2, 3, 7, 15, 38, 62, 58, 5, 0, 0, 0, 0, 0, 0, 1, 2, 7, 12, 11, 0, 0, 0
18:20:08, 1410.30, 26.31, 26.71, 25.883, 1, 1, 2, 2, 7, 15, 38, 62, 54, 5, 0, 0, 0, 0, 0, 0, 1, 2, 7, 12, 11, 0, 0, 0
18:20:09, 1409.40, 26.31, 26.71, 25.883, 1, 1, 2, 2, 7, 15, 38, 63, 56, 5, 0, 0, 0, 0, 0, 0, 1, 2, 7, 12, 11, 0, 0, 0
18:20:10, 1409.00, 26.31, 26.73, 25.875, 1, 1, 2, 2, 7, 15, 38, 63, 55, 5, 0, 0, 0, 0, 0, 0, 1, 2, 7, 12, 11, 0, 0, 0
18:20:10, 1409.20, 26.31, 26.69, 25.883, 1, 1, 2, 3, 7, 15, 38, 63, 55, 5, 0, 0, 0, 0, 0, 0, 1, 2, 7, 12, 11, 0, 0, 0
18:20:11, 1408.10, 26.31, 26.71, 25.883, 1, 1, 2, 2, 7, 16, 39, 64, 56, 5, 0, 0, 0, 0, 0, 0, 1, 3, 7, 12, 11, 0, 0, 0
18:20:12, 1407.60, 26.31, 26.71, 25.875, 1, 1, 2, 2, 7, 16, 39, 64, 58, 5, 0, 0, 0, 0, 0, 0, 1, 2, 7, 12, 12, 0, 0, 0
18:20:12, 1408.70, 26.31, 26.71, 25.875, 1, 1, 2, 2, 7, 15, 38, 62, 53, 5, 0, 0, 0, 0, 0, 0, 1, 2, 7, 12, 11, 0, 0, 0
18:20:13, 1409.10, 26.31, 26.73, 25.875, 1, 1, 2, 3, 7, 15, 38, 62, 54, 5, 0, 0, 0, 0, 0, 0, 1, 2, 7, 12, 11, 0, 0, 0
18:20:14, 1410.90, 26.31, 26.73, 25.875, 1, 1, 2, 3, 7, 15, 38, 61, 54, 5, 0, 0, 0, 0, 0, 0, 1, 2, 7, 12, 10, 0, 0, 0
18:20:14, 1413.80, 26.31, 26.74, 25.883, 1, 1, 2, 2, 6, 14, 35, 57, 49, 4, 0, 0, 0, 0, 0, 0, 1, 2, 6, 11, 10, 0, 0, 0
18:20:15, 1415.10, 26.31, 26.74, 25.883, 1, 1, 2, 2, 6, 14, 35, 57, 51, 4, 0, 0, 0, 0, 0, 0, 1, 2, 6, 11, 10, 0, 0, 0
18:20:16, 1414.20, 26.31, 26.71, 25.867, 1, 1, 2, 2, 6, 14, 35, 58, 51, 4, 0, 0, 0, 0, 0, 0, 1, 2, 7, 11, 11, 0, 0, 0
18:20:16, 1416.70, 26.31, 26.73, 25.883, 1, 1, 2, 1, 6, 14, 34, 57, 49, 4, 0, 0, 0, 0, 0, 0, 1, 2, 6, 10, 9, 0, 0, 0
18:20:17, 1419.50, 26.31, 26.73, 25.883, 1, 1, 2, 2, 5, 13, 32, 53, 46, 4, 0, 0, 0, 0, 0, 0, 1, 2, 6, 10, 9, 0, 0, 0
18:20:18, 1421.60, 26.31, 26.71, 25.875, 1, 1, 2, 2, 5, 12, 31, 52, 47, 4, 0, 0, 0, 0, 0, 0, 1, 2, 6, 10, 9, 0, 0, 0
18:20:18, 1425.00, 26.31, 26.73, 25.875, 1, 1, 2, 1, 5, 12, 30, 49, 43, 4, 0, 0, 0, 0, 0, 0, 1, 1, 5, 9, 8, 0, 0, 0
18:20:19, 1427.50, 26.31, 26.73, 25.875, 1, 1, 2, 1, 4, 10, 27, 45, 39, 3, 0, 0, 0, 0, 0, 0, 1, 1, 5, 8, 8, 0, 0, 0
18:20:20, 1429.20, 26.31, 26.73, 25.867, 1, 1, 1, 1, 4, 10, 25, 42, 36, 3, 0, 0, 0, 0, 0, 0, 0, 1, 4, 8, 7, 0, 0, 0
18:20:20, 1429.00, 26.31, 26.73, 25.875, 1, 1, 1, 1, 4, 9, 24, 39, 35, 3, 0, 0, 0, 0, 0, 0, 1, 1, 4, 8, 7, 0, 0, 0
18:20:21, 1428.00, 26.31, 26.73, 25.875, 1, 1, 1, 1, 4, 9, 25, 42, 37, 3, 0, 0, 0, 0, 0, 0, 1, 1, 5, 8, 8, 0, 0, 0
18:20:22, 1428.20, 26.31, 26.71, 25.867, 1, 1, 1, 1, 4, 9, 25, 41, 36, 3, 0, 0, 0, 0, 0, 0, 1, 1, 4, 8, 7, 0, 0, 0
18:20:22, 1428.00, 26.31, 26.71, 25.875, 1, 1, 2, 2, 4, 10, 26, 43, 38, 3, 0, 0, 0, 0, 0, 0, 1, 1, 5, 8, 8, 0, 0, 0
18:20:23, 1428.30, 26.31, 26.73, 25.875, 1, 1, 2, 2, 4, 10, 26, 44, 39, 3, 0, 0, 0, 0, 0, 0, 1, 1, 5, 9, 8, 0, 0, 0
18:20:24, 1428.50, 26.31, 26.73, 25.867, 1, 1, 2, 2, 4, 10, 27, 44, 39, 3, 0, 0, 0, 0, 0, 0, 1, 1, 5, 9, 8, 0, 0, 0
18:20:24, 1426.20, 26.31, 26.69, 25.867, 1, 1, 2, 1, 4, 10, 27, 44, 39, 3, 0, 0, 0, 0, 0, 0, 1, 2, 5, 9, 9, 0, 0, 0
18:20:25, 1422.80, 26.31, 26.74, 25.867, 1, 1, 2, 2, 5, 11, 29, 47, 42, 4, 0, 0, 0, 0, 0, 0, 1, 2, 6, 10, 9, 0, 0, 0
18:20:26, 1419.70, 26.32, 26.69, 25.867, 1, 1, 2, 1, 5, 12, 31, 51, 45, 4, 0, 0, 0, 0, 0, 0, 1, 2, 6, 10, 10, 0, 0, 0
18:20:26, 1415.80, 26.32, 26.71, 25.875, 1, 1, 2, 1, 5, 13, 33, 55, 50, 4, 0, 0, 0, 0, 0, 0, 1, 2, 6, 11, 10, 0, 0, 0
18:20:27, 1413.20, 26.32, 26.73, 25.875, 1, 1, 2, 2, 6, 13, 34, 56, 51, 4, 0, 0, 0, 0, 0, 0, 1, 2, 7, 11, 11, 0, 0, 0
18:20:28, 1410.90, 26.32, 26.71, 25.867, 1, 1, 2, 1, 6, 13, 34, 54, 46, 4, 0, 0, 0, 0, 0, 0, 1, 2, 6, 11, 10, 0, 0, 0
18:20:28, 1409.00, 26.32, 26.73, 25.867, 1, 1, 2, 2, 5, 13, 32, 52, 45, 4, 0, 0, 0, 0, 0, 0, 1, 2, 6, 11, 10, 0, 0, 0
18:20:29, 1407.00, 26.32, 26.71, 25.875, 1, 1, 2, 2, 6, 13, 32, 52, 49, 4, 0, 0, 0, 0, 0, 0, 1, 2, 6, 11, 10, 0, 0, 0
18:20:30, 1402.20, 26.32, 26.74, 25.859, 1, 1, 2, 1, 6, 14, 34, 55, 55, 5, 0, 0, 0, 0, 0, 0, 1, 2, 7, 12, 12, 1, 0, 0
18:20:30, 1398.10, 26.32, 26.71, 25.859, 1, 1, 2, 2, 7, 16, 39, 64, 61, 5, 0, 0, 0, 0, 0, 0, 1, 3, 8, 14, 13, 1, 0, 0
18:20:31, 1395.80, 26.32, 26.73, 25.867, 2, 2, 2, 2, 8, 18, 44, 71, 67, 6, 0, 0, 0, 0, 0, 0, 1, 3, 9, 15, 14, 1, 0, 0
18:20:32, 1394.50, 26.32, 26.73, 25.875, 2, 2, 3, 3, 9, 19, 46, 75, 67, 6, 0, 0, 0, 0, 0, 0, 1, 3, 9, 14, 14, 1, 0, 0
18:20:32, 1392.00, 26.32, 26.74, 25.875, 2, 2, 2, 3, 8, 18, 44, 71, 65, 6, 0, 0, 0, 0, 0, 0, 1, 3, 8, 13, 12, 0, 0, 0
18:20:33, 1391.30, 26.33, 26.69, 25.875, 1, 1, 2, 2, 7, 16, 37, 61, 54, 5, 0, 0, 0, 0, 0, 0, 1, 2, 6, 11, 10, 0, 0, 0
18:20:34, 1388.40, 26.33, 26.76, 25.875, 1, 1, 2, 1, 6, 14, 33, 53, 49, 4, 0, 0, 0, 0, 0, 0, 1, 2, 6, 10, 10, 0, 0, 0
18:20:34, 1385.10, 26.33, 26.74, 25.875, 1, 1, 2, 2, 6, 13, 31, 51, 45, 4, 0, 0, 0, 0, 0, 0, 1, 2, 6, 10, 10, 0, 0, 0
18:20:35, 1380.60, 26.33, 26.73, 25.875, 1, 1, 2, 1, 7, 16, 37, 58, 55, 5, 0, 0, 0, 0, 0, 0, 1, 3, 8, 13, 13, 1, 0, 0
18:20:36, 1376.80, 26.33, 26.78, 25.875, 2, 2, 3, 3, 9, 21, 48, 77, 72, 6, 0, 0, 0, 0, 0, 0, 2, 4, 10, 17, 16, 1, 0, 0
18:20:37, 1373.70, 26.33, 26.74, 25.875, 2, 2, 3, 4, 12, 26, 60, 96, 83, 7, 0, 0, 0, 0, 0, 0, 2, 5, 13, 21, 20, 1, 0, 0
18:20:37, 1371.30, 26.33, 26.73, 25.875, 3, 3, 4, 3, 14, 30, 69, 109, 100, 8, 0, 0, 0, 0, 0, 0, 2, 5, 14, 22, 22, 1, 0, 0
18:20:38, 1369.30, 26.33, 26.73, 25.883, 3, 3, 4, 5, 14, 31, 72, 114, 108, 9, 0, 0, 0, 0, 0, 0, 3, 6, 15, 24, 23, 2, 0, 0
18:20:39, 1367.40, 26.33, 26.73, 25.883, 3, 3, 4, 5, 15, 33, 76, 120, 113, 10, 0, 0, 0, 0, 0, 0, 3, 6, 16, 25, 25, 2, 0, 0
18:20:39, 1365.90, 26.33, 26.71, 25.883, 3, 3, 4, 4, 17, 36, 83, 131, 122, 10, 0, 0, 1, 0, 0, 0, 3, 6, 16, 25, 25, 2, 0, 0
18:20:40, 1364.50, 26.34, 26.74, 25.891, 4, 4, 4, 5, 17, 37, 84, 133, 121, 10, 0, 0, 1, 0, 0, 0, 3, 6, 16, 26, 25, 2, 0, 0
18:20:41, 1361.60, 26.34, 26.73, 25.891, 4, 4, 5, 5, 19, 40, 90, 142, 135, 11, 0, 0, 1, 0, 0, 1, 3, 7, 17, 27, 27, 2, 0, 0
18:20:41, 1362.00, 26.34, 26.74, 25.891, 4, 4, 5, 5, 18, 39, 88, 139, 118, 10, 0, 0, 1, 0, 0, 0, 3, 7, 17, 27, 26, 2, 0, 0
18:20:42, 1357.80, 26.34, 26.76, 25.898, 4, 4, 5, 6, 20, 42, 94, 148, 141, 12, 0, 0, 1, 0, 0, 1, 4, 8, 19, 30, 30, 2, 0, 0
18:20:43, 1356.60, 26.34, 26.74, 25.898, 4, 4, 5, 6, 20, 43, 97, 153, 144, 12, 0, 0, 1, 0, 0, 1, 3, 7, 18, 29, 28, 2, 0, 0
18:20:43, 1352.40, 26.34, 26.74, 25.891, 4, 4, 5, 7, 22, 47, 104, 164, 163, 14, 0, 0, 1, 0, 0, 1, 4, 8, 21, 32, 32, 2, 0, 0
18:20:44, 1352.20, 26.35, 26.74, 25.898, 5, 5, 6, 7, 23, 49, 107, 168, 172, 15, 0, 0, 1, 0, 0, 1, 4, 8, 20, 31, 30, 2, 0, 0
18:20:45, 1350.30, 26.35, 26.73, 25.898, 5, 5, 6, 6, 23, 49, 109, 170, 173, 15, 0, 0, 1, 1, 0, 1, 4, 9, 22, 34, 34, 2, 0, 0
18:20:45, 1351.40, 26.35, 26.73, 25.906, 5, 5, 6, 7, 24, 50, 111, 172, 150, 13, 0, 0, 1, 0, 0, 1, 4, 8, 20, 32, 31, 2, 0, 0
18:20:46, 1349.10, 26.35, 26.73, 25.914, 5, 5, 5, 7, 22, 47, 104, 163, 152, 13, 0, 0, 1, 0, 0, 1, 4, 9, 22, 34, 33, 3, 0, 0
18:20:47, 1346.70, 26.35, 26.74, 25.914, 5, 5, 6, 7, 24, 51, 112, 173, 164, 14, 0, 0, 1, 1, 0, 1, 4, 9, 22, 34, 34, 3, 0, 0
18:20:47, 1349.40, 26.35, 26.73, 25.906, 5, 5, 6, 7, 22, 46, 101, 157, 140, 12, 0, 0, 1, 0, 0, 1, 3, 7, 18, 28, 26, 2, 0, 0
18:20:48, 1349.30, 26.36, 26.73, 25.914, 4, 4, 5, 5, 20, 41, 91, 141, 135, 11, 0, 0, 1, 0, 0, 1, 3, 7, 18, 27, 28, 2, 0, 0
18:20:49, 1346.30, 26.36, 26.71, 25.914, 4, 4, 5, 5, 19, 41, 89, 137, 132, 11, 0, 0, 1, 0, 0, 0, 3, 7, 16, 24, 24, 2, 0, 0
18:20:49, 1345.90, 26.36, 26.73, 25.914, 3, 3, 4, 5, 17, 37, 80, 124, 116, 10, 0, 0, 0, 0, 0, 0, 3, 6, 14, 22, 22, 1, 0, 0
18:20:50, 1342.80, 26.36, 26.73, 25.922, 3, 3, 4, 5, 17, 35, 77, 118, 112, 9, 0, 0, 0, 0, 0, 0, 3, 6, 15, 23, 23, 2, 0, 0
18:20:51, 1343.30, 26.36, 26.71, 25.922, 3, 3, 4, 5, 18, 37, 81, 123, 118, 10, 0, 0, 0, 0, 0, 0, 3, 6, 14, 22, 22, 2, 0, 0
18:20:51, 1339.80, 26.37, 26.71, 25.922, 3, 3, 4, 6, 17, 36, 79, 123, 134, 12, 0, 0, 1, 0, 0, 1, 3, 7, 18, 27, 28, 2, 0, 0
18:20:52, 1335.00, 26.37, 26.74, 25.930, 4, 4, 5, 5, 20, 43, 92, 142, 153, 13, 0, 0, 1, 0, 0, 1, 4, 8, 19, 29, 29, 2, 0, 0
18:20:53, 1335.00, 26.37, 26.73, 25.930, 4, 4, 5, 7, 21, 43, 91, 139, 135, 11, 0, 0, 1, 0, 0, 1, 3, 7, 17, 25, 25, 2, 0, 0
18:20:53, 1330.30, 26.37, 26.69, 25.930, 4, 4, 5, 6, 21, 44, 93, 144, 145, 12, 0, 0, 1, 1, 0, 1, 4, 9, 20, 31, 32, 2, 0, 0
18:20:54, 1327.10, 26.37, 26.73, 25.930, 5, 5, 6, 7, 25, 52, 110, 168, 175, 15, 0, 0, 1, 1, 0, 1, 5, 10, 23, 35, 36, 3, 0, 0
18:20:55, 1325.00, 26.38, 26.73, 25.930, 6, 6, 7, 9, 30, 62, 130, 198, 197, 17, 0, 0, 1, 1, 1, 1, 5, 11, 25, 38, 39, 3, 0, 0
18:20:55, 1318.00, 26.38, 26.73, 25.922, 6, 6, 7, 9, 32, 65, 135, 206, 219, 18, 0, 0, 1, 1, 1, 1, 6, 12, 28, 42, 43, 3, 0, 0
18:20:56, 1314.70, 26.38, 26.73, 25.930, 7, 6, 8, 10, 34, 69, 144, 217, 201, 17, 0, 0, 1, 1, 1, 1, 6, 13, 29, 43, 45, 4, 0, 0
18:20:57, 1310.40, 26.38, 26.73, 25.930, 7, 6, 8, 10, 36, 71, 146, 220, 212, 18, 0, 0, 1, 1, 1, 1, 6, 13, 28, 43, 45, 4, 0, 0
18:20:57, 1307.60, 26.38, 26.74, 25.922, 7, 7, 8, 10, 38, 76, 154, 230, 230, 19, 0, 0, 1, 1, 1, 1, 7, 14, 30, 45, 47, 4, 0, 0
18:20:58, 1305.30, 26.38, 26.73, 25.937, 8, 8, 9, 12, 45, 90, 182, 273, 280, 23, 0, 0, 2, 1, 1, 2, 8, 17, 37, 55, 58, 5, 0, 0
18:20:59, 1303.30, 26.38, 26.74, 25.937, 10, 10, 11, 17, 57, 113, 226, 340, 317, 26, 0, 0, 2, 2, 1, 2, 10, 21, 45, 66, 69, 6, 0, 0
18:20:59, 1301.50, 26.38, 26.76, 25.937, 11, 11, 13, 18, 62, 122, 245, 369, 321, 27, 0, 0, 2, 2, 2, 3, 11, 22, 48, 71, 74, 6, 0, 0
18:21:00, 1299.40, 26.39, 26.73, 25.937, 12, 12, 14, 20, 65, 129, 257, 385, 389, 32, 0, 0, 2, 2, 2, 3, 11, 22, 48, 70, 73, 6, 0, 0
18:21:01, 1295.20, 26.39, 26.73, 25.945, 13, 13, 14, 20, 69, 135, 272, 411, 455, 38, 0, 0, 3, 2, 2, 3, 12, 26, 55, 81, 87, 7, 0, 0
18:21:01, 1290.80, 26.39, 26.74, 25.953, 14, 13, 15, 22, 79, 154, 304, 451, 445, 37, 0, 0, 3, 2, 2, 3, 14, 29, 61, 88, 95, 8, 0, 0
18:21:02, 1287.80, 26.40, 26.73, 25.953, 16, 15, 17, 25, 88, 169, 331, 489, 457, 38, 0, 0, 3, 2, 2, 4, 14, 29, 61, 89, 93, 8, 0, 0
18:21:03, 1284.80, 26.40, 26.74, 25.969, 17, 17, 19, 28, 95, 184, 363, 534, 515, 42, 0, 0, 3, 3, 2, 4, 15, 31, 65, 95, 101, 9, 0, 0
18:21:03, 1281.70, 26.40, 26.71, 25.977, 18, 18, 20, 30, 107, 206, 404, 592, 619, 51, 0, 0, 4, 3, 3, 5, 17, 34, 70, 101, 109, 10, 0, 0
18:21:04, 1279.90, 26.41, 26.74, 25.977, 19, 18, 21, 31, 108, 207, 400, 589, 621, 51, 0, 0, 4, 3, 3, 5, 17, 34, 70, 102, 107, 9, 0, 0
18:21:05, 1273.50, 26.41, 26.73, 25.984, 19, 19, 21, 32, 112, 213, 409, 599, 620, 51, 0, 0, 4, 4, 4, 6, 21, 41, 83, 120, 130, 12, 0, 0
18:21:05, 1269.80, 26.41, 26.73, 25.984, 23, 23, 26, 41, 138, 261, 500, 726, 757, 62, 0, 0, 4, 4, 4, 6, 23, 45, 90, 128, 142, 13, 0, 0
18:21:06, 1267.60, 26.42, 26.74, 25.984, 23, 23, 26, 41, 140, 263, 497, 714, 765, 63, 0, 0, 5, 4, 4, 6, 23, 45, 91, 130, 142, 12, 0, 0
18:21:07, 1265.50, 26.42, 26.71, 25.992, 26, 25, 29, 47, 149, 278, 529, 766, 730, 60, 0, 0, 5, 4, 4, 6, 24, 47, 95, 135, 145, 13, 0, 0
18:21:07, 1263.50, 26.42, 26.71, 25.992, 26, 25, 29, 48, 158, 293, 550, 796, 768, 63, 0, 0, 5, 4, 5, 7, 25, 49, 98, 138, 149, 13, 0, 0
18:21:08, 1260.00, 26.42, 26.74, 25.992, 26, 26, 29, 48, 156, 290, 545, 784, 829, 68, 0, 0, 5, 5, 5, 7, 27, 53, 105, 148, 164, 15, 0, 0
18:21:09, 1256.40, 26.42, 26.74, 25.977, 30, 29, 33, 55, 186, 343, 640, 910, 987, 80, 0, 0, 6, 5, 5, 7, 28, 55, 108, 153, 168, 15, 0, 0
18:21:09, 1255.80, 26.42, 26.76, 25.984, 31, 30, 35, 59, 192, 351, 650, 923, 959, 78, 0, 0, 6, 5, 5, 8, 28, 55, 108, 153, 163, 15, 0, 0
18:21:10, 1249.90, 26.42, 26.71, 25.984, 31, 30, 35, 58, 191, 352, 654, 946, 961, 79, 0, 0, 7, 6, 6, 10, 35, 68, 132, 185, 209, 19, 0, 0
18:21:11, 1248.60, 26.43, 26.76, 25.984, 35, 34, 40, 69, 223, 402, 732, 1032, 1039, 84, 0, 0, 7, 6, 6, 9, 35, 68, 131, 183, 206, 18, 0, 0
18:21:11, 1246.60, 26.43, 26.74, 25.992, 37, 36, 41, 71, 223, 404, 743, 1047, 1113, 90, 0, 0, 7, 6, 6, 10, 36, 69, 134, 187, 211, 19, 0, 0
18:21:12, 1245.10, 26.43, 26.74, 25.992, 40, 39, 45, 80, 244, 438, 799, 1119, 1115, 90, 0, 0, 7, 6, 6, 10, 36, 69, 132, 185, 203, 18, 0, 0
18:21:13, 1246.20, 26.43, 26.73, 25.984, 35, 33, 39, 67, 210, 378, 688, 987, 839, 68, 0, 0, 6, 6, 6, 9, 36, 69, 134, 187, 207, 19, 0, 0
18:21:13, 1240.20, 26.43, 26.76, 25.992, 38, 37, 43, 76, 240, 433, 789, 1112, 1136, 92, 0, 0, 8, 7, 7, 11, 42, 79, 151, 210, 238, 22, 0, 0
18:21:14, 1239.80, 26.43, 26.74, 25.992, 43, 42, 49, 87, 272, 485, 881, 1233, 1180, 95, 0, 0, 8, 7, 7, 11, 41, 79, 150, 209, 234, 21, 0, 0
18:21:15, 1237.40, 26.42, 26.73, 25.977, 43, 42, 49, 87, 276, 494, 894, 1245, 1261, 102, 0, 0, 8, 7, 7, 11, 43, 82, 156, 216, 246, 22, 0, 0
18:21:15, 1235.40, 26.42, 26.74, 25.961, 44, 42, 49, 89, 287, 508, 912, 1270, 1290, 105, 0, 0, 8, 7, 7, 12, 44, 84, 160, 221, 249, 23, 0, 0
18:21:16, 1231.90, 26.42, 26.74, 25.961, 46, 45, 52, 95, 313, 552, 987, 1370, 1464, 118, 0, 0, 9, 8, 8, 13, 47, 88, 166, 230, 261, 24, 0, 0
18:21:17, 1228.80, 26.42, 26.73, 25.945, 49, 48, 56, 104, 319, 561, 995, 1384, 1600, 131, 0, 0, 10, 9, 10, 15, 51, 96, 179, 247, 287, 26, 0, 0
18:21:17, 1227.00, 26.42, 26.73, 25.937, 51, 50, 59, 109, 302, 528, 935, 1303, 1441, 117, 0, 0, 9, 8, 8, 14, 45, 84, 155, 213, 244, 22, 0, 0
18:21:18, 1227.40, 26.42, 26.69, 25.937, 43, 43, 51, 95, 301, 527, 937, 1296, 1224, 99, 0, 0, 8, 7, 8, 12, 44, 82, 153, 210, 244, 22, 0, 0
18:21:19, 1225.30, 26.42, 26.74, 25.937, 44, 43, 51, 96, 315, 551, 977, 1342, 1402, 113, 0, 0, 9, 8, 9, 14, 56, 103, 191, 261, 313, 28, 0, 0
18:21:19, 1223.00, 26.42, 26.74, 25.945, 53, 51, 61, 116, 362, 627, 1095, 1516, 1477, 120, 0, 0, 11, 10, 11, 18, 63, 118, 216, 295, 351, 32, 0, 0
18:21:20, 1222.60, 26.42, 26.74, 25.945, 55, 54, 64, 121, 346, 597, 1036, 1450, 1223, 99, 0, 0, 10, 9, 9, 15, 55, 103, 190, 260, 298, 27, 0, 0
18:21:21, 1220.00, 26.42, 26.74, 25.945, 62, 60, 72, 135, 430, 745, 1315, 1805, 1913, 154, 0, 0, 11, 10, 11, 18, 64, 119, 217, 295, 350, 32, 0, 0
18:21:21, 1218.00, 26.42, 26.74, 25.945, 59, 57, 69, 135, 412, 709, 1239, 1683, 1848, 148, 0, 0, 11, 10, 11, 18, 63, 115, 210, 286, 337, 31, 0, 0
18:21:22, 1218.00, 26.42, 26.73, 25.945, 56, 54, 66, 127, 361, 617, 1063, 1474, 1270, 103, 0, 0, 10, 9, 9, 16, 54, 98, 179, 243, 283, 26, 0, 0
18:21:23, 1215.60, 26.42, 26.74, 25.937, 44, 43, 52, 99, 293, 504, 867, 1228, 1243, 101, 0, 0, 11, 9, 10, 18, 56, 102, 184, 249, 302, 27, 0, 0
18:21:23, 1214.70, 26.43, 26.73, 25.945, 47, 46, 57, 111, 333, 567, 982, 1341, 1244, 101, 0, 0, 9, 8, 9, 15, 59, 107, 193, 261, 321, 29, 0, 0
18:21:24, 1215.00, 26.43, 26.74, 25.945, 55, 53, 65, 128, 381, 648, 1121, 1523, 1600, 129, 0, 0, 9, 8, 9, 15, 55, 101, 184, 251, 286, 26, 0, 0
18:21:25, 1211.90, 26.43, 26.74, 25.945, 61, 59, 71, 137, 414, 705, 1212, 1680, 1923, 157, 0, 0, 12, 11, 12, 20, 67, 122, 220, 298, 346, 32, 0, 0
18:21:25, 1212.60, 26.43, 26.74, 25.953, 67, 65, 80, 156, 448, 762, 1308, 1784, 1713, 139, 0, 0, 11, 10, 11, 18, 62, 115, 208, 282, 314, 29, 0, 0
18:21:26, 1209.30, 26.43, 26.73, 25.953, 64, 62, 77, 150, 438, 741, 1281, 1746, 1642, 133, 0, 0, 12, 10, 12, 20, 76, 137, 246, 332, 397, 36, 0, 0
18:21:27, 1201.90, 26.43, 26.76, 25.953, 80, 78, 98, 196, 598, 1003, 1734, 2324, 2570, 203, 0, 0, 15, 14, 15, 26, 93, 166, 293, 392, 483, 44, 0, 0
18:21:27, 1200.40, 26.44, 26.76, 25.969, 88, 86, 109, 222, 659, 1098, 1882, 2507, 2522, 203, 0, 0, 14, 13, 15, 25, 87, 155, 274, 367, 433, 40, 0, 0
18:21:28, 1201.50, 26.44, 26.73, 25.969, 83, 81, 102, 209, 577, 952, 1603, 2187, 1891, 153, 0, 0, 14, 12, 14, 24, 83, 148, 263, 352, 412, 38, 0, 0
18:21:29, 1199.90, 26.44, 26.80, 25.969, 87, 85, 107, 218, 600, 997, 1686, 2272, 2221, 180, 0, 0, 15, 14, 15, 26, 91, 162, 286, 383, 461, 42, 0, 0
18:21:29, 1197.60, 26.44, 26.76, 25.977, 96, 94, 118, 239, 686, 1132, 1913, 2564, 2592, 208, 0, 0, 15, 14, 15, 27, 92, 163, 287, 382, 450, 41, 0, 0
18:21:30, 1197.10, 26.44, 26.74, 25.977, 93, 91, 116, 240, 707, 1163, 1955, 2580, 2869, 227, 0, 0, 16, 14, 16, 28, 90, 160, 282, 377, 439, 40, 0, 0
18:21:31, 1193.00, 26.45, 26.78, 25.977, 101, 99, 126, 260, 741, 1215, 2051, 2751, 3122, 249, 0, 0, 18, 16, 18, 32, 103, 181, 313, 414, 509, 47, 0, 0
18:21:31, 1189.50, 26.45, 26.74, 25.984, 103, 100, 132, 279, 820, 1333, 2229, 2923, 3497, 273, 0, 0, 19, 17, 19, 35, 113, 198, 343, 453, 563, 51, 0, 0
18:21:32, 1188.50, 26.45, 26.74, 25.984, 110, 107, 141, 297, 862, 1389, 2302, 3018, 3348, 267, 0, 0, 18, 16, 19, 34, 106, 185, 318, 420, 498, 46, 0, 0
18:21:33, 1190.60, 26.45, 26.73, 25.984, 102, 101, 131, 277, 786, 1267, 2113, 2819, 2652, 212, 0, 0, 17, 15, 17, 31, 102, 179, 311, 412, 492, 45, 0, 0
18:21:33, 1188.20, 26.45, 26.73, 25.984, 107, 104, 137, 289, 839, 1355, 2254, 2964, 3660, 290, 0, 0, 20, 18, 21, 38, 117, 203, 349, 459, 570, 52, 0, 0
18:21:34, 1189.70, 26.45, 26.78, 25.992, 103, 102, 129, 270, 765, 1233, 2038, 2732, 2491, 201, 0, 0, 18, 16, 18, 33, 112, 196, 338, 446, 548, 50, 0, 0
18:21:35, 1191.20, 26.46, 26.78, 26.000, 113, 110, 144, 306, 764, 1233, 2047, 2733, 2688, 215, 0, 0, 17, 15, 17, 30, 101, 177, 306, 405, 482, 44, 0, 0
18:21:35, 1195.40, 26.46, 26.74, 26.000, 98, 96, 122, 254, 600, 976, 1595, 2219, 1977, 159, 0, 0, 15, 14, 15, 27, 92, 163, 285, 379, 440, 40, 0, 0
18:21:36, 1196.60, 26.46, 26.74, 26.000, 96, 94, 121, 254, 695, 1129, 1913, 2551, 2594, 207, 0, 0, 15, 14, 15, 28, 93, 164, 287, 382, 457, 42, 0, 0
18:21:37, 1198.20, 26.46, 26.73, 26.000, 100, 99, 126, 263, 696, 1139, 1926, 2562, 2562, 205, 0, 0, 15, 13, 15, 26, 85, 151, 265, 353, 415, 38, 0, 0
18:21:37, 1199.00, 26.46, 26.76, 26.000, 92, 90, 115, 239, 658, 1081, 1831, 2456, 2410, 192, 0, 0, 14, 12, 14, 25, 84, 150, 264, 352, 412, 38, 0, 0
18:21:38, 1194.70, 26.46, 26.73, 26.000, 93, 91, 117, 244, 729, 1198, 2011, 2657, 2756, 217, 0, 0, 16, 15, 16, 30, 97, 172, 300, 398, 475, 43, 0, 0
18:21:39, 1189.50, 26.46, 26.78, 25.992, 101, 98, 128, 269, 794, 1290, 2154, 2837, 2973, 237, 0, 0, 18, 16, 19, 34, 108, 189, 326, 432, 519, 47, 0, 0
18:21:39, 1184.10, 26.46, 26.74, 25.992, 108, 107, 140, 298, 835, 1346, 2216, 2910, 3186, 252, 0, 0, 21, 19, 22, 40, 132, 229, 388, 510, 648, 59, 0, 0
18:21:40, 1179.10, 26.46, 26.78, 25.992, 127, 125, 169, 366, 927, 1470, 2389, 3128, 3122, 250, 0, 0, 21, 19, 22, 41, 138, 236, 399, 522, 661, 60, 0, 0
18:21:41, 1176.70, 26.46, 26.76, 25.992, 157, 155, 214, 467, 1169, 1851, 3025, 3908, 4058, 322, 0, 0, 21, 19, 22, 41, 133, 227, 382, 498, 619, 57, 0, 0
18:21:41, 1176.00, 26.46, 26.74, 25.992, 140, 137, 189, 413, 1141, 1807, 2952, 3868, 3841, 307, 0, 0, 21, 19, 22, 42, 137, 234, 394, 515, 629, 58, 0, 0
18:21:42, 1173.90, 26.46, 26.74, 25.992, 152, 148, 208, 454, 1164, 1835, 2984, 3824, 3872, 315, 0, 0, 22, 19, 23, 44, 138, 234, 393, 512, 627, 58, 0, 0
18:21:43, 1171.20, 26.47, 26.73, 26.000, 160, 156, 218, 474, 1247, 1964, 3172, 4099, 4398, 347, 0, 0, 23, 21, 25, 48, 145, 245, 409, 533, 653, 60, 0, 0
18:21:43, 1168.50, 26.47, 26.80, 26.000, 159, 156, 222, 492, 1301, 2007, 3212, 4098, 4794, 373, 0, 0, 24, 22, 26, 51, 154, 259, 430, 558, 683, 63, 0, 0
18:21:44, 1164.00, 26.47, 26.76, 26.008, 174, 171, 245, 545, 1464, 2250, 3627, 4618, 6098, 462, 0, 0, 27, 24, 29, 57, 171, 285, 469, 605, 765, 70, 0, 0
18:21:45, 1160.60, 26.48, 26.74, 26.016, 198, 195, 292, 656, 1622, 2486, 3925, 4927, 5874, 459, 0, 0, 27, 24, 29, 58, 179, 297, 484, 623, 777, 71, 0, 0
18:21:45, 1158.70, 26.48, 26.78, 26.016, 211, 208, 312, 703, 1721, 2626, 4117, 5197, 6043, 472, 0, 0, 29, 26, 33, 65, 188, 311, 506, 650, 805, 74, 0, 0
18:21:46, 1156.60, 26.48, 26.76, 26.008, 175, 177, 256, 572, 1602, 2440, 3848, 4915, 4720, 381, 0, 0, 31, 28, 35, 70, 218, 358, 580, 742, 968, 89, 0, 0
18:21:47, 1151.50, 26.48, 26.74, 26.023, 236, 234, 354, 796, 1844, 2766, 4325, 5453, 5987, 473, 0, 0, 34, 30, 38, 77, 223, 362, 583, 743, 969, 89, 0, 0
18:21:48, 1147.10, 26.48, 26.78, 26.023, 275, 277, 430, 970, 2144, 3190, 4946, 6178, 7580, 588, 0, 0, 36, 32, 41, 84, 239, 386, 615, 781, 1018, 94, 0, 0
18:21:48, 1145.50, 26.48, 26.76, 26.008, 244, 253, 383, 863, 1881, 2785, 4310, 5559, 4997, 397, 0, 0, 32, 29, 37, 76, 238, 383, 609, 773, 1016, 93, 0, 0
18:21:49, 1140.70, 26.48, 26.78, 26.008, 306, 315, 511, 1156, 2739, 3975, 6125, 7529, 10681, 797, 0, 0, 39, 36, 47, 97, 281, 448, 703, 887, 1188, 109, 0, 0
18:21:50, 1143.60, 26.48, 26.80, 26.008, 261, 271, 434, 981, 1676, 2448, 3693, 4965, 3801, 310, 0, 0, 34, 31, 40, 82, 252, 403, 638, 808, 1058, 97, 0, 0
18:21:50, 1137.50, 26.49, 26.74, 26.023, 273, 279, 453, 1021, 2531, 3664, 5550, 6870, 7685, 616, 0, 0, 44, 40, 53, 111, 313, 491, 765, 962, 1334, 122, 0, 0
18:21:51, 1134.30, 26.49, 26.76, 26.023, 372, 382, 637, 1419, 2816, 4084, 6161, 7588, 10234, 795, 0, 0, 47, 43, 57, 122, 305, 478, 743, 932, 1284, 118, 0, 0
18:21:52, 1126.50, 26.49, 26.74, 26.023, 318, 344, 566, 1265, 3340, 4815, 7354, 8904, 11195, 861, 0, 0, 51, 46, 63, 135, 384, 593, 903, 1128, 1608, 147, 0, 0
18:21:52, 1118.80, 26.49, 26.74, 26.023, 429, 463, 835, 1854, 3757, 5317, 7796, 9448, 11606, 929, 0, 0, 55, 51, 71, 154, 436, 661, 999, 1237, 1800, 165, 0, 0
18:21:53, 1110.50, 26.49, 26.73, 26.023, 480, 516, 956, 2068, 4332, 6054, 8824, 10550, 12047, 993, 0, 0, 62, 58, 85, 184, 499, 741, 1102, 1352, 1999, 183, 0, 0
18:21:54, 1107.60, 26.50, 26.80, 26.023, 673, 759, 1430, 3065, 4897, 6694, 9839, 11838, 11837, 1019, 0, 0, 65, 61, 91, 198, 469, 700, 1040, 1281, 1774, 165, 0, 0
18:21:54, 1107.20, 26.50, 26.78, 26.016, 523, 601, 1152, 2446, 5346, 7446, 10751, 12992, 13857, 1188, 0, 0, 62, 58, 87, 189, 469, 695, 1028, 1264, 1811, 168, 0, 0
18:21:55, 1109.70, 26.50, 26.76, 26.031, 424, 490, 895, 1911, 3757, 5011, 7187, 9008, 7935, 659, 0, 0, 58, 54, 79, 173, 438, 657, 977, 1205, 1650, 153, 0, 0
18:21:56, 1109.10, 26.50, 26.73, 26.031, 516, 583, 1082, 2333, 4057, 5474, 7884, 9419, 10846, 896, 0, 0, 59, 55, 81, 177, 455, 678, 1008, 1241, 1733, 161, 0, 0
18:21:56, 1109.40, 26.50, 26.78, 26.031, 465, 548, 1022, 2171, 3791, 5032, 7217, 8783, 8174, 672, 0, 0, 56, 53, 77, 168, 434, 650, 964, 1185, 1616, 150, 0, 0
18:21:57, 1109.30, 26.51, 26.80, 26.039, 489, 560, 1034, 2260, 4408, 5976, 8691, 10505, 10736, 861, 0, 0, 55, 51, 75, 163, 416, 625, 929, 1140, 1523, 141, 0, 0
18:21:58, 1098.10, 26.52, 26.78, 26.039, 489, 574, 1107, 2326, 4650, 6174, 8717, 10303, 11829, 974, 0, 0, 69, 65, 100, 221, 561, 816, 1185, 1437, 2054, 189, 0, 0
18:21:58, 1094.40, 26.53, 26.78, 26.086, 632, 788, 1526, 3160, 5343, 6972, 9804, 11669, 12364, 1015, 0, 0, 75, 72, 114, 250, 599, 862, 1244, 1501, 2177, 201, 0, 0
18:21:59, 1096.70, 26.53, 26.76, 26.117, 620, 804, 1558, 3181, 5925, 7654, 10939, 13660, 11660, 960, 0, 0, 68, 65, 102, 225, 531, 770, 1113, 1350, 1834, 170, 0, 0
18:22:00, 1102.40, 26.54, 26.78, 26.117, 634, 780, 1257, 2492, 4202, 5300, 7662, 10135, 8514, 704, 0, 0, 60, 57, 86, 188, 468, 691, 1014, 1240, 1722, 159, 0, 0
18:22:00, 1099.40, 26.54, 26.74, 26.133, 563, 654, 1266, 2531, 5015, 6685, 9586, 11481, 15958, 1299, 0, 0, 75, 71, 113, 247, 519, 756, 1099, 1336, 1939, 179, 0, 0
18:22:01, 1100.10, 26.54, 26.74, 26.125, 674, 790, 1521, 3023, 5785, 7708, 11738, 14140, 19262, 1647, 0, 0, 70, 67, 104, 228, 472, 695, 1015, 1237, 1715, 159, 0, 0
18:22:02, 1100.00, 26.55, 26.78, 26.125, 370, 440, 835, 1722, 3505, 4747, 6586, 7956, 9377, 798, 0, 0, 64, 61, 93, 205, 480, 705, 1029, 1254, 1781, 164, 0, 0
18:22:02, 1103.00, 26.55, 26.78, 26.117, 356, 434, 847, 1723, 2866, 3717, 5057, 6223, 6465, 558, 0, 0, 54, 51, 76, 168, 396, 590, 866, 1058, 1391, 128, 0, 0
18:22:03, 1103.10, 26.54, 26.80, 26.094, 268, 305, 574, 1194, 2522, 3332, 4628, 5663, 6288, 532, 0, 0, 56, 53, 79, 173, 425, 631, 927, 1130, 1601, 147, 0, 0
18:22:04, 1101.40, 26.54, 26.76, 26.094, 267, 315, 603, 1250, 2369, 3082, 4203, 5182, 5942, 501, 0, 0, 56, 53, 79, 174, 423, 628, 920, 1124, 1510, 138, 0, 0
18:22:04, 1101.30, 26.54, 26.73, 26.078, 251, 293, 567, 1163, 2393, 3094, 4247, 5203, 6149, 505, 0, 0, 52, 49, 73, 160, 396, 591, 870, 1063, 1376, 126, 0, 0
18:22:05, 1097.10, 26.55, 26.76, 26.078, 311, 367, 725, 1488, 2931, 3713, 5138, 6021, 9016, 712, 0, 0, 62, 59, 93, 204, 455, 663, 960, 1163, 1640, 150, 0, 0
18:22:06, 1089.50, 26.55, 26.76, 26.078, 352, 422, 833, 1690, 3759, 4857, 6740, 7792, 11454, 914, 0, 0, 73, 70, 113, 246, 573, 824, 1180, 1421, 2059, 189, 0, 0
18:22:06, 1077.80, 26.55, 26.76, 26.078, 488, 616, 1252, 2452, 4840, 6287, 8558, 9865, 15730, 1298, 0, 0, 87, 86, 144, 312, 722, 1014, 1420, 1693, 2502, 231, 0, 0
18:22:07, 1065.70, 26.55, 26.76, 26.078, 693, 1033, 2089, 3689, 7081, 8210, 11779, 12762, 17921, 1824, 0, 0, 112, 118, 213, 450, 940, 1272, 1740, 2052, 3205, 299, 0, 0
18:22:08, 1059.80, 26.55, 26.74, 26.078, 601, 922, 1873, 3187, 5013, 5829, 7603, 8715, 16339, 1600, 0, 0, 134, 145, 267, 554, 1164, 1536, 2085, 2441, 4189, 398, 0, 0
18:22:08, 1049.80, 26.55, 26.78, 26.070, 1161, 1952, 3870, 5890, 10841, 13186, 16856, 19052, 31181, 3643, 0, 0, 160, 185, 349, 700, 1440, 1858, 2488, 2889, 4842, 472, 0, 0
18:22:09, 1044.40, 26.55, 26.78, 26.070, 2968, 5322, 9850, 14877, 22277, 25857, 31152, 31774, 30402, 5259, 0, 0, 184, 218, 413, 816, 1551, 1984, 2633, 3050, 5099, 508, 0, 0
18:22:10, 1035.30, 26.56, 26.74, 26.102, 1664, 3073, 5424, 7625, 9635, 10875, 13779, 14871, 18911, 3281, 0, 0, 224, 286, 549, 1036, 1878, 2338, 3047, 3499, 6284, 644, 0, 0
18:22:10, 1031.70, 26.57, 26.78, 26.117, 1721, 3005, 4838, 6237, 21402, 29834, 34272, 33682, 36000, 19590, 1, 1, 195, 256, 489, 902, 1521, 1898, 2460, 2826, 4982, 504, 0, 0
18:22:11, 1025.60, 26.57, 26.78, 26.117, 3068, 5421, 8810, 11249, 17496, 17408, 25668, 25433, 35313, 10544, 0, 1, 217, 295, 561, 1017, 1845, 2237, 2873, 3269, 6303, 682, 0, 0
18:22:12, 1022.50, 26.58, 26.78, 26.141, 12476, 22043, 30956, 35566, 36000, 36000, 36000, 36000, 36000, 24218, 1, 1, 278, 402, 746, 1299, 2215, 2675, 3401, 3874, 6952, 768, 0, 0
18:22:12, 1015.20, 26.58, 26.76, 26.172, 7317, 13487, 17959, 22542, 24740, 25151, 28040, 28630, 29231, 10806, 0, 0, 296, 428, 799, 1388, 2259, 2706, 3417, 3878, 7099, 835, 0, 0
18:22:13, 1016.80, 26.59, 26.76, 26.172, 9739, 20504, 33117, 36000, 35993, 34053, 36000, 36000, 36000, 17267, 1, 1, 1842, 2919, 4044, 5319, 6789, 8865, 9208, 11983, 22968, 8824, 0, 0
18:22:14, 1016.80, 26.58, 26.78, 26.164, 1444, 2254, 3070, 3483, 3995, 4194, 4736, 5919, 11689, 4908, 0, 0, 1930, 3004, 4487, 5399, 5912, 6424, 7595, 8475, 27002, 10310, 0, 0
