Secchi Depth (cm) = 0137
Forel Ule Scale = 15
pH Colour Scale = 99
SensingSecchi S/N = A016
Latitude (degs N) = 34.35518
Longitude (degs E) = -78.17804
Date = 2026-06-03
Time (UTC), Pressure (mbar) MS5803, Temp (deg C) MS5803, Temp (deg C) 10KTHERM, Temp (deg C) TMP117, ED 415nm, ED 445nm, ED 480nm, ED 515nm, ED 555nm, ED 590nm, ED 630nm, ED 680nm, ED Clear, ED NIR, ED D-SAT, ED A-SAT, EU 415nm, EU 445nm, EU 480nm, EU 515nm, EU 555nm, EU 590nm, EU 630nm, EU 680nm, EU Clear, EU NIR, EU D-SAT, EU A-SAT
17:14:49, 1017.50, 26.61, 27.50, 26.906, 2036, 2926, 4449, 4644, 6349, 4504, 7889, 6236, 36000, 36000, 1, 1, 4877, 6612, 9283, 10999, 12685, 18199, 30408, 36000, 36000, 36000, 1, 1
17:14:49, 1018.70, 26.63, 27.50, 26.930, 4923, 6045, 10645, 8849, 8125, 7207, 7627, 9260, 36000, 36000, 1, 1, 3941, 5950, 8338, 9779, 5977, 6485, 8859, 10539, 25196, 14816, 0, 0
17:14:50, 1017.30, 26.64, 27.53, 26.937, 1624, 1702, 2511, 2554, 18191, 20103, 18917, 22424, 35999, 32927, 0, 1, 2830, 4063, 5947, 7080, 14894, 15199, 18657, 22550, 36000, 35900, 1, 1
17:14:51, 1017.30, 26.65, 27.50, 26.937, 13099, 21602, 30796, 34273, 33560, 33716, 33843, 33970, 34678, 33925, 0, 1, 1617, 2418, 3608, 4265, 12042, 12702, 15516, 18348, 36000, 33780, 1, 1
17:14:51, 1020.70, 26.69, 27.53, 26.906, 12866, 21828, 30478, 33667, 36000, 36000, 36000, 36000, 36000, 36000, 1, 1, 232, 376, 725, 1214, 1647, 1803, 2091, 2215, 4605, 503, 0, 0
17:14:52, 1024.90, 26.72, 27.51, 26.984, 11702, 20218, 27750, 32207, 16346, 19092, 16945, 23606, 18059, 5588, 0, 0, 185, 296, 573, 991, 1612, 1788, 2087, 2234, 4343, 413, 0, 0
17:14:53, 1024.80, 26.76, 27.53, 26.984, 7307, 11335, 16427, 18063, 3279, 3396, 3731, 4096, 16002, 4104, 0, 0, 205, 332, 648, 1094, 1620, 1780, 2094, 2224, 4741, 455, 0, 0
17:14:53, 1027.20, 26.80, 27.46, 27.070, 13760, 17143, 25806, 26493, 33940, 34733, 34979, 34882, 36000, 34195, 1, 1, 181, 284, 557, 958, 1497, 1653, 1949, 2065, 4685, 450, 0, 0
17:14:54, 1027.80, 26.83, 27.53, 27.109, 960, 1630, 2216, 2556, 2834, 2895, 3233, 3588, 12827, 2319, 0, 0, 177, 277, 546, 932, 1439, 1594, 1873, 1984, 4487, 426, 0, 0
17:14:55, 1029.20, 26.87, 27.46, 27.109, 911, 1537, 2142, 2480, 5196, 5417, 5905, 5958, 13351, 3154, 0, 0, 174, 271, 539, 950, 1569, 1739, 2042, 2169, 4683, 449, 0, 0
17:14:55, 1029.40, 26.90, 27.50, 27.117, 5150, 9753, 14925, 18809, 22282, 24744, 27766, 27999, 34745, 12223, 0, 1, 197, 312, 618, 1081, 1725, 1921, 2242, 2397, 5177, 499, 0, 0
17:14:56, 1030.40, 26.92, 27.51, 27.141, 16816, 19498, 24646, 28606, 34770, 34788, 35751, 36000, 36000, 34401, 1, 1, 200, 317, 629, 1097, 1698, 1894, 2212, 2362, 4961, 482, 0, 0
17:14:57, 1031.70, 26.94, 27.50, 27.141, 21172, 26421, 30806, 32806, 14063, 14796, 16690, 16671, 31709, 9179, 0, 1, 199, 313, 627, 1095, 1752, 1947, 2280, 2424, 5515, 525, 0, 0
17:14:57, 1032.90, 26.96, 27.50, 27.148, 9326, 15729, 22424, 25755, 28087, 29436, 30464, 30955, 34046, 12697, 0, 1, 177, 275, 555, 982, 1579, 1758, 2064, 2191, 4941, 470, 0, 0
17:14:58, 1034.20, 26.97, 27.50, 27.156, 5205, 9212, 14289, 16318, 20374, 19250, 26918, 25983, 35959, 10406, 0, 1, 170, 264, 532, 946, 1528, 1705, 2002, 2126, 4788, 454, 0, 0
17:14:59, 1034.00, 26.99, 27.50, 27.156, 6478, 12210, 17701, 21297, 25864, 26099, 32143, 31759, 36000, 14903, 1, 1, 176, 271, 549, 978, 1567, 1755, 2058, 2189, 4828, 456, 0, 0
17:14:59, 1034.00, 27.00, 27.48, 27.148, 7053, 13083, 20347, 27239, 29981, 31067, 32967, 33696, 36000, 27318, 1, 1, 182, 281, 567, 1011, 1614, 1807, 2118, 2257, 4972, 467, 0, 0
17:15:00, 1033.40, 27.02, 27.51, 27.164, 9567, 18446, 26920, 32400, 32471, 33851, 35574, 35342, 36000, 24253, 1, 1, 186, 288, 580, 1031, 1644, 1838, 2154, 2297, 4995, 472, 0, 0
17:15:01, 1031.10, 27.03, 27.50, 27.164, 3393, 6393, 10574, 13899, 19468, 21054, 23947, 24430, 32524, 9225, 0, 1, 193, 301, 606, 1064, 1760, 1953, 2295, 2440, 5458, 517, 0, 0
17:15:01, 1031.40, 27.03, 27.48, 27.156, 3280, 4957, 8582, 10612, 30350, 31388, 33326, 33735, 36000, 22258, 1, 1, 187, 293, 585, 1028, 1614, 1800, 2113, 2252, 4706, 451, 0, 0
17:15:02, 1030.70, 27.04, 27.50, 27.164, 4906, 8285, 10185, 12558, 6820, 6579, 9232, 9138, 21795, 3864, 0, 0, 174, 269, 540, 954, 1526, 1697, 1989, 2129, 4503, 427, 0, 0
17:15:03, 1029.70, 27.04, 27.48, 27.164, 7466, 13073, 22763, 21900, 19260, 23897, 26613, 27396, 36000, 18306, 1, 1, 166, 256, 512, 903, 1449, 1617, 1886, 2027, 4127, 389, 0, 0
17:15:03, 1029.60, 27.05, 27.46, 27.148, 3141, 5446, 8430, 10693, 22905, 23771, 26192, 26261, 33438, 19026, 0, 1, 188, 293, 585, 1023, 1659, 1838, 2165, 2302, 4844, 464, 0, 0
17:15:04, 1030.20, 27.05, 27.53, 27.156, 1114, 2024, 2906, 3588, 12541, 13227, 14664, 15387, 21437, 6445, 0, 0, 188, 295, 588, 1024, 1642, 1816, 2132, 2272, 4870, 463, 0, 0
17:15:05, 1027.30, 27.06, 27.48, 27.156, 5178, 7949, 12674, 13729, 20667, 21695, 24014, 24335, 31228, 16438, 0, 0, 198, 311, 610, 1042, 1731, 1931, 2259, 2433, 5389, 638, 0, 0
17:15:05, 1027.70, 27.06, 27.46, 27.148, 11805, 15297, 22289, 24522, 29462, 32350, 34369, 33834, 35877, 27589, 0, 1, 185, 295, 578, 988, 1532, 1692, 1986, 2114, 4469, 433, 0, 0
17:15:06, 1027.30, 27.07, 27.46, 27.148, 10948, 17713, 23337, 25503, 20830, 23058, 26504, 27505, 35973, 18545, 0, 1, 193, 308, 604, 1020, 1621, 1785, 2093, 2227, 4916, 471, 0, 0
17:15:07, 1027.50, 27.07, 27.48, 27.148, 11037, 16857, 30984, 32080, 18910, 20300, 22014, 21488, 30279, 18167, 0, 0, 195, 310, 610, 1043, 1616, 1786, 2093, 2233, 4693, 452, 0, 0
17:15:07, 1026.10, 27.08, 27.44, 27.102, 2897, 4398, 7812, 8388, 3396, 3549, 3900, 4237, 13532, 2395, 0, 0, 212, 337, 655, 1106, 1741, 1926, 2256, 2419, 5398, 596, 0, 0
17:15:08, 1026.00, 27.08, 27.46, 27.102, 13012, 16949, 29252, 33063, 35267, 36000, 36000, 36000, 36000, 35785, 1, 1, 196, 314, 613, 1031, 1610, 1771, 2078, 2209, 4845, 477, 0, 0
17:15:09, 1025.20, 27.08, 27.50, 27.109, 11743, 18834, 27470, 31336, 33878, 34923, 36000, 36000, 36000, 30355, 1, 1, 207, 330, 636, 1072, 1656, 1822, 2140, 2274, 5015, 525, 0, 0
17:15:09, 1024.80, 27.09, 27.44, 27.109, 1222, 1923, 2537, 2898, 2974, 3043, 3415, 3650, 13938, 3247, 0, 0, 219, 355, 683, 1136, 1657, 1818, 2129, 2264, 4884, 486, 0, 0
17:15:10, 1026.40, 27.10, 27.46, 27.109, 2699, 4040, 4894, 6655, 5038, 6366, 7099, 6702, 26920, 5970, 0, 0, 196, 311, 612, 1039, 1605, 1767, 2075, 2206, 4746, 453, 0, 0
17:15:11, 1024.70, 27.10, 27.44, 27.117, 1331, 2082, 2927, 3428, 10934, 14210, 15529, 16346, 33119, 13962, 0, 1, 211, 340, 657, 1113, 1749, 1924, 2257, 2402, 5306, 541, 0, 0
17:15:11, 1025.80, 27.11, 27.48, 27.133, 5156, 7524, 11653, 15457, 9761, 13161, 13725, 14205, 32095, 12502, 0, 0, 201, 322, 628, 1073, 1641, 1808, 2122, 2256, 4825, 465, 0, 0
17:15:12, 1025.10, 27.11, 27.46, 27.133, 1110, 1826, 2470, 2859, 2975, 3007, 3405, 3608, 14190, 2876, 0, 0, 202, 324, 629, 1064, 1654, 1815, 2127, 2261, 5066, 499, 0, 0
17:15:13, 1025.50, 27.11, 27.42, 27.133, 1162, 1860, 2511, 2868, 2831, 2892, 3267, 3397, 12362, 2425, 0, 0, 197, 317, 614, 1038, 1620, 1777, 2081, 2212, 4994, 494, 0, 0
17:15:13, 1025.50, 27.12, 27.44, 27.133, 1117, 1797, 2447, 2765, 2896, 2993, 3314, 3515, 11758, 2179, 0, 0, 195, 312, 609, 1032, 1638, 1796, 2108, 2238, 5059, 498, 0, 0
17:15:14, 1026.30, 27.12, 27.44, 27.133, 1144, 1863, 2484, 2856, 3006, 3122, 3305, 3592, 12275, 2436, 0, 0, 199, 317, 621, 1061, 1649, 1817, 2132, 2268, 4819, 464, 0, 0
17:15:15, 1028.40, 27.13, 27.46, 27.133, 3482, 5256, 8702, 10384, 25243, 26868, 29367, 29171, 35762, 21717, 0, 1, 191, 299, 594, 1035, 1627, 1800, 2120, 2251, 4696, 449, 0, 0
17:15:15, 1028.20, 27.13, 27.48, 27.133, 5707, 9352, 13358, 17120, 20278, 23647, 25239, 25330, 35378, 19613, 0, 1, 204, 323, 638, 1099, 1709, 1883, 2218, 2353, 5162, 493, 0, 0
17:15:16, 1028.00, 27.14, 27.46, 27.133, 8759, 15094, 23095, 24599, 30038, 31764, 33455, 33923, 36000, 25207, 1, 1, 193, 304, 604, 1043, 1623, 1792, 2111, 2238, 4799, 465, 0, 0
17:15:17, 1028.00, 27.14, 27.48, 27.125, 8213, 11919, 15612, 18730, 21003, 20889, 24936, 24212, 29935, 14985, 0, 0, 188, 297, 587, 1011, 1610, 1773, 2089, 2213, 4883, 473, 0, 0
17:15:17, 1028.40, 27.15, 27.46, 27.133, 1450, 2372, 3462, 4307, 18721, 17908, 24110, 26235, 31561, 10969, 0, 0, 182, 289, 570, 982, 1562, 1723, 2027, 2150, 4672, 454, 0, 0
17:15:18, 1027.30, 27.15, 27.42, 27.133, 1699, 3203, 4238, 5313, 4063, 4091, 4897, 5005, 13931, 2319, 0, 0, 192, 305, 601, 1034, 1664, 1833, 2156, 2285, 5135, 495, 0, 0
17:15:19, 1025.80, 27.15, 27.44, 27.117, 13504, 16846, 32571, 35125, 35469, 36000, 36000, 36000, 36000, 35932, 1, 1, 218, 350, 678, 1148, 1731, 1904, 2239, 2375, 5169, 517, 0, 0
17:15:19, 1029.90, 27.15, 27.46, 27.117, 4298, 8648, 10971, 16950, 3060, 3117, 3480, 3735, 11390, 1920, 0, 0, 180, 279, 559, 976, 1525, 1694, 1991, 2119, 4341, 407, 0, 0
17:15:20, 1027.20, 27.16, 27.44, 27.117, 4228, 8312, 10839, 12967, 16826, 18594, 21438, 20976, 32028, 14208, 0, 0, 194, 307, 607, 1053, 1706, 1879, 2210, 2347, 5150, 492, 0, 0
17:15:21, 1026.80, 27.16, 27.44, 27.109, 7672, 11644, 17818, 22263, 3157, 3274, 3834, 3862, 12660, 2554, 0, 0, 204, 325, 635, 1080, 1635, 1800, 2108, 2242, 4751, 459, 0, 0
17:15:21, 1029.90, 27.16, 27.46, 27.102, 8720, 15904, 19828, 24395, 19211, 19781, 20855, 21759, 25198, 14930, 0, 0, 172, 268, 533, 924, 1487, 1644, 1931, 2049, 4323, 414, 0, 0
17:15:22, 1026.20, 27.17, 27.44, 27.102, 20162, 24959, 29925, 30415, 18790, 21123, 22177, 22356, 31324, 18622, 0, 0, 196, 309, 609, 1031, 1655, 1818, 2136, 2261, 4903, 484, 0, 0
17:15:23, 1025.70, 27.17, 27.42, 27.086, 15267, 18452, 35617, 35978, 35897, 36000, 36000, 36000, 36000, 36000, 1, 1, 196, 315, 613, 1024, 1565, 1739, 1999, 2150, 4450, 441, 0, 0
17:15:23, 1027.70, 27.18, 27.50, 27.086, 5832, 9789, 15155, 22737, 30519, 32526, 34141, 34349, 36000, 23944, 1, 1, 182, 288, 566, 963, 1482, 1642, 1913, 2031, 4183, 410, 0, 0
17:15:24, 1026.50, 27.18, 27.44, 27.086, 15509, 17963, 21463, 22391, 22984, 23471, 27138, 27556, 36000, 17847, 1, 1, 187, 298, 583, 989, 1575, 1752, 2034, 2168, 4349, 425, 0, 0
17:15:25, 1027.90, 27.18, 27.44, 27.078, 6562, 9911, 15051, 16282, 34326, 34595, 35488, 36000, 36000, 32524, 1, 1, 192, 310, 603, 1031, 1591, 1780, 2060, 2200, 4235, 419, 0, 0
17:15:25, 1030.90, 27.18, 27.46, 27.086, 6701, 9849, 14378, 15366, 29572, 30514, 31908, 32828, 36000, 25108, 1, 1, 175, 278, 549, 950, 1475, 1659, 1929, 2051, 3902, 376, 0, 0
17:15:26, 1027.80, 27.19, 27.46, 27.086, 11321, 17213, 22432, 28728, 30677, 34256, 34599, 35082, 36000, 28326, 1, 1, 181, 291, 569, 981, 1583, 1763, 2063, 2177, 4314, 418, 0, 0
17:15:27, 1026.20, 27.19, 27.42, 27.086, 4552, 9785, 12240, 15920, 33499, 33900, 35855, 36000, 36000, 34666, 1, 1, 203, 331, 642, 1086, 1676, 1852, 2174, 2283, 4631, 460, 0, 0
17:15:27, 1028.70, 27.19, 27.41, 27.086, 16220, 25115, 31616, 35999, 27276, 31871, 34605, 35742, 36000, 28479, 1, 1, 186, 298, 587, 1008, 1603, 1792, 2105, 2202, 4347, 420, 0, 0
17:15:28, 1029.60, 27.19, 27.42, 27.086, 9036, 15692, 19786, 24946, 32674, 33380, 35627, 33882, 36000, 29076, 1, 1, 155, 242, 482, 838, 1370, 1550, 1821, 1905, 3617, 343, 0, 0
17:15:29, 1026.70, 27.20, 27.44, 27.086, 7117, 13672, 25820, 24066, 34207, 34061, 35606, 35423, 36000, 32559, 1, 1, 157, 253, 483, 833, 1328, 1488, 1800, 1885, 3688, 381, 0, 0
17:15:29, 1022.10, 27.20, 27.46, 27.086, 11261, 19271, 29185, 33959, 36000, 36000, 36000, 36000, 36000, 36000, 1, 1, 190, 309, 585, 953, 1504, 1652, 1949, 2039, 4472, 464, 0, 0
17:15:30, 1028.40, 27.20, 27.48, 27.086, 12157, 19486, 24294, 26546, 29852, 32363, 33617, 32961, 36000, 34448, 1, 1, 230, 373, 726, 1199, 1874, 2088, 2439, 2565, 5703, 551, 0, 0
17:15:31, 1028.00, 27.20, 27.48, 27.070, 12625, 19333, 28511, 31382, 33832, 32043, 35593, 36000, 36000, 25497, 1, 1, 222, 352, 702, 1208, 1922, 2142, 2508, 2651, 5788, 554, 0, 0
17:15:31, 1026.90, 27.21, 27.42, 27.070, 10263, 18390, 30517, 33606, 36000, 36000, 36000, 36000, 36000, 36000, 1, 1, 243, 387, 764, 1273, 1977, 2184, 2555, 2693, 6378, 615, 0, 0
17:15:32, 1026.90, 27.21, 27.44, 27.070, 9338, 18151, 27748, 30844, 35335, 35292, 36000, 36000, 36000, 35696, 1, 1, 230, 367, 721, 1193, 1795, 1991, 2330, 2443, 5949, 573, 0, 0
17:15:33, 1030.30, 27.21, 27.44, 27.047, 9083, 20775, 23671, 33478, 32884, 31684, 35928, 34982, 36000, 30099, 1, 1, 193, 302, 597, 981, 1451, 1628, 1903, 1987, 4793, 453, 0, 0
17:15:33, 1029.40, 27.22, 27.46, 27.039, 10831, 13790, 17938, 21402, 21484, 21091, 30931, 29102, 36000, 16139, 1, 1, 163, 249, 503, 868, 1436, 1619, 1894, 1985, 4416, 411, 0, 0
17:15:34, 1028.00, 27.22, 27.44, 27.039, 9629, 20310, 24150, 28420, 34741, 35771, 36000, 36000, 36000, 35871, 1, 1, 228, 365, 718, 1201, 1900, 2121, 2479, 2608, 5792, 558, 0, 0
17:15:35, 1031.50, 27.22, 27.44, 27.031, 8876, 17547, 30185, 31367, 36000, 36000, 36000, 36000, 36000, 32124, 1, 1, 213, 340, 673, 1159, 1804, 2024, 2364, 2493, 5477, 518, 0, 0
17:15:35, 1035.30, 27.22, 27.44, 27.031, 7425, 11245, 19511, 25665, 26622, 27643, 31713, 32603, 36000, 21004, 1, 1, 170, 262, 532, 935, 1486, 1686, 1974, 2085, 4312, 396, 0, 0
17:15:36, 1030.00, 27.22, 27.46, 27.031, 10573, 18568, 26876, 29246, 34007, 34137, 35502, 35621, 36000, 25141, 1, 1, 164, 248, 502, 877, 1462, 1663, 1933, 2041, 4218, 400, 0, 0
17:15:37, 1025.40, 27.22, 27.42, 27.031, 9257, 17378, 28087, 28241, 35880, 35620, 36000, 36000, 36000, 35913, 1, 1, 221, 350, 683, 1123, 1785, 1995, 2311, 2430, 5393, 530, 0, 0
17:15:37, 1030.30, 27.22, 27.42, 27.031, 8616, 12069, 18510, 21216, 28734, 28378, 31203, 30692, 36000, 25582, 1, 1, 215, 342, 674, 1133, 1723, 1929, 2249, 2363, 5160, 488, 0, 0
17:15:38, 1026.20, 27.23, 27.46, 27.031, 10796, 16267, 21804, 26187, 27440, 27447, 33376, 29971, 36000, 18207, 1, 1, 214, 342, 677, 1154, 1838, 2049, 2392, 2517, 5494, 531, 0, 0
17:15:39, 1022.40, 27.23, 27.44, 27.031, 14080, 21529, 26183, 35934, 36000, 36000, 36000, 36000, 36000, 36000, 1, 1, 259, 423, 812, 1330, 2015, 2229, 2593, 2731, 6252, 633, 0, 0
17:15:39, 1023.40, 27.23, 27.42, 27.031, 16260, 23444, 28676, 36000, 36000, 36000, 36000, 36000, 36000, 36000, 1, 1, 261, 426, 816, 1340, 2002, 2214, 2568, 2703, 6343, 643, 0, 0
17:15:40, 1027.60, 27.23, 27.42, 27.023, 13381, 19158, 25310, 30262, 27277, 27890, 29911, 29886, 35928, 29926, 0, 1, 234, 373, 732, 1194, 1782, 1988, 2316, 2441, 5418, 536, 0, 0
17:15:41, 1028.50, 27.23, 27.44, 26.977, 15163, 25929, 34217, 35548, 34796, 33784, 36000, 35908, 36000, 32621, 1, 1, 211, 335, 664, 1108, 1715, 1920, 2235, 2360, 5015, 500, 0, 0
17:15:41, 1026.90, 27.23, 27.46, 26.977, 9155, 16365, 20773, 24970, 31759, 33032, 35602, 34524, 36000, 25320, 1, 1, 218, 346, 686, 1152, 1815, 2027, 2359, 2486, 5265, 514, 0, 0
17:15:42, 1027.90, 27.23, 27.44, 26.891, 11683, 19661, 26895, 31120, 36000, 36000, 36000, 36000, 36000, 36000, 1, 1, 237, 383, 750, 1259, 1975, 2195, 2556, 2679, 6019, 588, 0, 0
17:15:43, 1029.20, 27.23, 27.44, 26.867, 15948, 20453, 25463, 29396, 29235, 31880, 35638, 35470, 36000, 23427, 1, 1, 219, 350, 695, 1196, 1898, 2121, 2481, 2610, 5631, 539, 0, 0
17:15:43, 1026.40, 27.22, 27.50, 26.867, 11919, 18507, 25350, 30381, 30966, 36000, 36000, 36000, 36000, 31247, 1, 1, 231, 372, 732, 1255, 1970, 2189, 2564, 2700, 5833, 568, 0, 0
17:15:44, 1027.70, 27.22, 27.44, 26.875, 13436, 20104, 25288, 35312, 36000, 36000, 36000, 36000, 36000, 36000, 1, 1, 251, 404, 793, 1331, 2014, 2230, 2616, 2745, 6237, 603, 0, 0
17:15:45, 1027.50, 27.22, 27.46, 26.906, 7764, 12831, 20178, 30929, 32444, 35932, 36000, 36000, 36000, 31800, 1, 1, 233, 374, 738, 1260, 1978, 2196, 2574, 2711, 6044, 584, 0, 0
17:15:45, 1026.70, 27.22, 27.46, 26.906, 12670, 19357, 24252, 33078, 36000, 36000, 36000, 36000, 36000, 33929, 1, 1, 248, 400, 784, 1316, 2048, 2265, 2654, 2788, 6392, 622, 0, 0
17:15:46, 1027.90, 27.22, 27.48, 26.922, 12738, 21997, 31383, 33884, 36000, 36000, 36000, 36000, 36000, 34322, 1, 1, 245, 393, 775, 1302, 2041, 2260, 2650, 2785, 6359, 614, 0, 0
17:15:47, 1027.90, 27.22, 27.42, 26.937, 14212, 21322, 25365, 32457, 36000, 36000, 36000, 36000, 36000, 35698, 1, 1, 243, 388, 767, 1305, 2053, 2279, 2672, 2814, 6260, 606, 0, 0
17:15:47, 1028.00, 27.23, 27.42, 26.937, 12899, 19972, 22149, 30457, 33137, 35058, 35999, 36000, 36000, 32678, 1, 1, 244, 390, 770, 1316, 2053, 2282, 2675, 2821, 6197, 602, 0, 0
17:15:48, 1028.40, 27.23, 27.44, 26.922, 10632, 18249, 22784, 27586, 35243, 36000, 36000, 36000, 36000, 33511, 1, 1, 236, 377, 746, 1278, 1974, 2197, 2573, 2713, 5989, 579, 0, 0
17:15:49, 1032.40, 27.23, 27.44, 26.906, 8153, 12992, 20028, 32667, 32788, 32894, 36000, 35840, 36000, 28727, 1, 1, 216, 342, 683, 1171, 1772, 1989, 2331, 2456, 5258, 496, 0, 0
17:15:49, 1035.60, 27.23, 27.50, 26.906, 8808, 15809, 21998, 28452, 32041, 33952, 35498, 34751, 36000, 20062, 1, 1, 187, 287, 586, 1043, 1668, 1887, 2222, 2344, 4643, 431, 0, 0
17:15:50, 1036.80, 27.23, 27.44, 26.891, 5970, 9312, 16515, 20231, 33022, 34238, 35902, 35915, 36000, 20968, 1, 1, 195, 299, 612, 1100, 1758, 1989, 2343, 2468, 5000, 464, 0, 0
17:15:51, 1039.90, 27.23, 27.44, 26.883, 4201, 7003, 11683, 14388, 26675, 27337, 30778, 31063, 36000, 13377, 1, 1, 187, 282, 581, 1058, 1708, 1938, 2287, 2410, 4917, 450, 0, 0
17:15:51, 1046.00, 27.23, 27.44, 26.883, 3446, 6624, 10324, 13598, 28516, 28961, 29631, 30118, 35511, 20341, 0, 1, 173, 252, 529, 980, 1571, 1802, 2139, 2258, 4474, 400, 0, 0
17:15:52, 1047.30, 27.23, 27.44, 26.883, 4866, 8249, 15598, 19323, 22419, 25608, 30736, 30333, 35996, 8493, 0, 1, 161, 229, 483, 912, 1544, 1774, 2108, 2229, 4418, 395, 0, 0
17:15:53, 1050.70, 27.23, 27.46, 26.914, 5548, 9079, 17273, 23595, 22453, 25626, 28676, 29207, 36000, 10173, 1, 1, 155, 219, 464, 880, 1476, 1704, 2028, 2146, 4264, 375, 0, 0
17:15:53, 1055.90, 27.23, 27.48, 26.914, 3175, 5598, 9757, 15882, 25049, 27564, 31107, 31563, 36000, 10603, 1, 1, 140, 189, 406, 794, 1378, 1609, 1921, 2037, 3955, 345, 0, 0
17:15:54, 1060.20, 27.23, 27.46, 26.953, 4063, 6520, 12351, 16537, 25772, 29904, 32006, 32495, 36000, 8830, 1, 1, 134, 176, 378, 754, 1324, 1551, 1855, 1968, 3837, 331, 0, 0
17:15:55, 1063.90, 27.24, 27.44, 26.984, 1839, 3160, 6472, 9538, 28384, 30822, 34404, 34134, 34981, 6975, 0, 1, 125, 158, 339, 696, 1247, 1472, 1770, 1877, 3469, 302, 0, 0
17:15:55, 1071.90, 27.24, 27.44, 26.984, 1923, 3325, 6331, 10424, 18670, 22693, 27017, 27400, 36000, 5315, 1, 1, 111, 136, 293, 612, 1122, 1336, 1616, 1710, 3159, 269, 0, 0
17:15:56, 1076.20, 27.24, 27.44, 26.891, 1403, 2227, 4672, 7424, 12612, 16205, 20938, 21905, 26189, 2544, 0, 0, 100, 114, 242, 531, 1041, 1259, 1528, 1623, 2773, 241, 0, 0
17:15:57, 1076.90, 27.23, 27.44, 26.727, 1519, 2538, 5165, 9098, 22049, 22230, 30205, 32965, 12077, 1388, 0, 1, 105, 120, 254, 555, 1060, 1281, 1555, 1652, 2877, 249, 0, 0
17:15:57, 1082.00, 27.22, 27.44, 26.727, 2884, 4269, 9211, 14279, 16158, 18264, 24661, 24366, 31352, 3522, 0, 0, 101, 116, 248, 542, 1035, 1249, 1520, 1609, 2983, 251, 0, 0
17:15:58, 1089.10, 27.21, 27.46, 26.641, 1433, 2305, 4894, 8332, 20868, 27568, 31910, 32717, 36000, 5650, 1, 1, 87, 94, 195, 444, 905, 1118, 1370, 1464, 2448, 214, 0, 0
17:15:59, 1087.00, 27.20, 27.42, 26.594, 638, 1012, 2189, 4127, 5668, 6503, 8223, 9238, 9456, 751, 0, 0, 90, 96, 198, 454, 952, 1175, 1435, 1531, 2505, 219, 0, 0
17:15:59, 1088.80, 27.19, 27.42, 26.594, 1258, 1813, 4144, 8108, 12337, 16219, 21497, 21010, 19387, 2241, 0, 0, 89, 97, 202, 459, 913, 1123, 1376, 1465, 2540, 218, 0, 0
17:16:00, 1095.20, 27.18, 27.44, 26.570, 1920, 2536, 5163, 9325, 13893, 16700, 22094, 24508, 32601, 3587, 0, 1, 84, 88, 183, 419, 842, 1048, 1292, 1378, 2338, 202, 0, 0
17:16:01, 1092.40, 27.18, 27.46, 26.562, 1075, 1560, 3424, 6876, 12261, 13773, 18810, 19585, 11722, 1093, 0, 0, 84, 87, 177, 413, 884, 1101, 1352, 1442, 2366, 207, 0, 0
17:16:01, 1090.80, 27.17, 27.44, 26.562, 1138, 1632, 3563, 6979, 11218, 14303, 18396, 19369, 13213, 1303, 0, 0, 86, 92, 189, 435, 895, 1106, 1359, 1447, 2494, 216, 0, 0
17:16:02, 1093.60, 27.17, 27.42, 26.547, 1173, 1749, 3866, 7498, 11175, 13890, 18122, 19582, 30036, 2484, 0, 0, 84, 89, 184, 423, 863, 1066, 1312, 1399, 2441, 208, 0, 0
17:16:03, 1095.80, 27.17, 27.44, 26.539, 1004, 1366, 3049, 5588, 8664, 11300, 14363, 15730, 18336, 1569, 0, 0, 80, 83, 170, 396, 824, 1026, 1262, 1349, 2255, 195, 0, 0
17:16:03, 1097.30, 27.16, 27.44, 26.539, 770, 1157, 2499, 4799, 11087, 14319, 19525, 20705, 13120, 1071, 0, 0, 79, 82, 166, 388, 814, 1015, 1251, 1333, 2243, 194, 0, 0
17:16:04, 1103.00, 27.16, 27.46, 26.586, 1524, 2098, 4182, 8242, 12415, 16442, 21031, 24240, 33186, 2894, 0, 1, 76, 79, 161, 376, 767, 961, 1188, 1267, 2200, 187, 0, 0
17:16:05, 1104.80, 27.15, 27.44, 26.586, 635, 922, 1956, 3895, 7653, 9731, 13130, 13277, 11544, 1009, 0, 0, 71, 72, 142, 339, 734, 929, 1150, 1230, 2018, 175, 0, 0
17:16:05, 1104.90, 27.15, 27.44, 26.578, 678, 968, 2062, 4217, 11556, 15646, 23023, 23189, 13345, 1495, 0, 0, 71, 71, 140, 336, 740, 934, 1161, 1240, 2065, 179, 0, 0
17:16:06, 1108.50, 27.15, 27.42, 26.531, 916, 1196, 2644, 5165, 13126, 15885, 20648, 27529, 11562, 1077, 0, 0, 71, 71, 141, 337, 718, 907, 1127, 1204, 2076, 176, 0, 0
17:16:07, 1115.90, 27.15, 27.46, 26.531, 1149, 1504, 3317, 6437, 8629, 11391, 15372, 16442, 24348, 1886, 0, 0, 62, 61, 118, 287, 618, 792, 991, 1062, 1762, 150, 0, 0
17:16:07, 1118.80, 27.15, 27.44, 26.516, 755, 982, 2003, 4384, 4829, 5857, 7711, 8650, 7588, 589, 0, 0, 58, 56, 105, 257, 580, 749, 940, 1009, 1608, 139, 0, 0
17:16:08, 1122.20, 27.14, 27.42, 26.570, 468, 612, 1343, 2947, 5931, 7153, 9853, 10506, 12619, 940, 0, 0, 54, 52, 97, 240, 550, 712, 896, 964, 1563, 134, 0, 0
17:16:09, 1126.80, 27.15, 27.44, 26.570, 572, 708, 1555, 3417, 6215, 7841, 10767, 11299, 12471, 1023, 0, 0, 51, 48, 90, 221, 508, 663, 836, 901, 1458, 124, 0, 0
17:16:09, 1131.40, 27.15, 27.48, 26.609, 525, 648, 1398, 3150, 7550, 9308, 14641, 15759, 18570, 1373, 0, 0, 48, 45, 81, 203, 479, 630, 798, 863, 1391, 119, 0, 0
17:16:10, 1135.30, 27.15, 27.44, 26.578, 459, 560, 1204, 2701, 7831, 9373, 14663, 15405, 20028, 1518, 0, 0, 46, 43, 77, 194, 467, 617, 784, 850, 1375, 118, 0, 0
17:16:11, 1141.50, 27.15, 27.44, 26.578, 513, 622, 1261, 2959, 5284, 6597, 9662, 10477, 12682, 964, 0, 0, 43, 40, 70, 177, 433, 577, 736, 797, 1273, 109, 0, 0
17:16:11, 1146.90, 27.14, 27.44, 26.570, 497, 584, 1170, 2773, 4586, 5849, 8436, 9510, 11579, 817, 0, 0, 41, 37, 63, 161, 400, 539, 691, 749, 1183, 102, 0, 0
17:16:12, 1151.80, 27.14, 27.44, 26.539, 466, 520, 1055, 2470, 4063, 5177, 7408, 8151, 10329, 744, 0, 0, 38, 35, 58, 148, 372, 503, 648, 702, 1100, 95, 0, 0
17:16:13, 1154.50, 27.14, 27.44, 26.539, 361, 405, 806, 1945, 4568, 6197, 9144, 10477, 11324, 780, 0, 0, 36, 33, 54, 138, 357, 487, 627, 680, 1053, 91, 0, 0
17:16:13, 1159.80, 27.13, 27.48, 26.516, 381, 432, 834, 2050, 3680, 4888, 6936, 7745, 8773, 647, 0, 0, 34, 31, 51, 130, 333, 455, 589, 638, 992, 85, 0, 0
17:16:14, 1165.50, 27.13, 27.42, 26.508, 316, 356, 673, 1691, 4243, 5527, 8474, 9356, 8978, 671, 0, 0, 32, 28, 46, 116, 308, 423, 551, 597, 919, 79, 0, 0
17:16:15, 1174.20, 27.13, 27.42, 26.508, 321, 355, 648, 1638, 3126, 4162, 6086, 6762, 7158, 531, 0, 0, 29, 26, 40, 102, 274, 381, 500, 545, 824, 71, 0, 0
17:16:15, 1177.60, 27.12, 27.44, 26.500, 241, 257, 462, 1181, 2672, 3678, 5264, 6002, 5493, 410, 0, 0, 27, 24, 36, 91, 257, 360, 474, 517, 770, 67, 0, 0
17:16:16, 1179.80, 27.12, 27.44, 26.477, 251, 274, 480, 1235, 2783, 3765, 5616, 6315, 5835, 441, 0, 0, 26, 23, 35, 89, 251, 353, 465, 507, 758, 66, 0, 0
17:16:17, 1181.20, 27.12, 27.44, 26.477, 232, 251, 437, 1114, 2391, 3266, 4751, 5426, 4868, 367, 0, 0, 25, 22, 34, 87, 245, 346, 456, 496, 745, 65, 0, 0
17:16:17, 1184.90, 27.12, 27.42, 26.469, 243, 246, 449, 1131, 2388, 3335, 4720, 5292, 5853, 437, 0, 0, 25, 22, 33, 84, 238, 335, 443, 483, 737, 63, 0, 0
17:16:18, 1186.40, 27.12, 27.44, 26.461, 246, 258, 439, 1104, 2348, 3236, 4900, 5704, 4503, 344, 0, 0, 24, 21, 31, 80, 230, 325, 431, 469, 703, 61, 0, 0
17:16:19, 1192.70, 27.11, 27.44, 26.461, 230, 227, 401, 1004, 2218, 3133, 4501, 5044, 5429, 414, 0, 0, 23, 20, 29, 74, 213, 304, 404, 441, 657, 57, 0, 0
17:16:20, 1194.90, 27.11, 27.44, 26.453, 200, 201, 338, 870, 1978, 2766, 4108, 4717, 4284, 327, 0, 0, 21, 19, 27, 68, 203, 292, 390, 426, 625, 54, 0, 0
17:16:20, 1196.60, 27.10, 27.46, 26.500, 199, 207, 341, 882, 1917, 2677, 3895, 4463, 4140, 312, 0, 0, 21, 19, 27, 69, 203, 292, 389, 426, 634, 55, 0, 0
17:16:21, 1197.20, 27.10, 27.44, 26.500, 188, 191, 323, 832, 2187, 3150, 4678, 5371, 4710, 351, 0, 0, 21, 18, 26, 67, 200, 287, 383, 419, 624, 54, 0, 0
17:16:22, 1197.90, 27.10, 27.42, 26.445, 216, 219, 362, 925, 1879, 2632, 3890, 4374, 4511, 337, 0, 0, 21, 18, 26, 66, 198, 284, 380, 416, 613, 53, 0, 0
17:16:22, 1198.50, 27.10, 27.44, 26.445, 174, 177, 297, 768, 2084, 2902, 4522, 5128, 4745, 357, 0, 0, 21, 18, 26, 66, 197, 284, 379, 416, 614, 53, 0, 0
17:16:23, 1201.10, 27.10, 27.48, 26.445, 180, 180, 304, 782, 1883, 2703, 3913, 4437, 4624, 357, 0, 0, 20, 18, 25, 64, 192, 277, 370, 405, 602, 52, 0, 0
17:16:24, 1205.70, 27.09, 27.41, 26.461, 177, 174, 293, 748, 1827, 2629, 3852, 4336, 4536, 346, 0, 0, 20, 17, 24, 60, 181, 262, 352, 385, 572, 50, 0, 0
17:16:24, 1213.00, 27.09, 27.46, 26.453, 177, 170, 284, 715, 1611, 2327, 3397, 3819, 4378, 327, 0, 0, 17, 15, 21, 52, 160, 235, 317, 348, 503, 44, 0, 0
17:16:25, 1217.20, 27.09, 27.44, 26.453, 142, 142, 225, 577, 1469, 2102, 3143, 3628, 3347, 253, 0, 0, 17, 14, 20, 49, 152, 224, 303, 333, 482, 42, 0, 0
17:16:26, 1221.20, 27.09, 27.48, 26.437, 138, 134, 211, 539, 1369, 1973, 2986, 3404, 3364, 255, 0, 0, 15, 13, 18, 44, 141, 209, 284, 313, 445, 39, 0, 0
17:16:26, 1225.20, 27.08, 27.46, 26.437, 134, 134, 203, 512, 1335, 1933, 2897, 3314, 3366, 253, 0, 0, 15, 13, 18, 44, 138, 205, 279, 308, 453, 39, 0, 0
17:16:27, 1231.00, 27.08, 27.46, 26.437, 128, 128, 192, 491, 1262, 1834, 2850, 3237, 3411, 259, 0, 0, 14, 12, 16, 39, 125, 188, 258, 285, 413, 36, 0, 0
17:16:28, 1235.30, 27.08, 27.44, 26.477, 120, 118, 175, 442, 1358, 1984, 3380, 3883, 3977, 295, 0, 0, 13, 11, 15, 36, 117, 176, 242, 268, 386, 33, 0, 0
17:16:28, 1237.60, 27.08, 27.44, 26.508, 102, 99, 147, 370, 1151, 1727, 2721, 3241, 3461, 249, 0, 0, 12, 11, 14, 34, 112, 170, 235, 260, 372, 32, 0, 0
17:16:29, 1240.50, 27.08, 27.44, 26.508, 100, 97, 143, 360, 1166, 1717, 2762, 3130, 3287, 254, 0, 0, 12, 10, 13, 33, 108, 164, 226, 251, 358, 31, 0, 0
17:16:30, 1242.10, 27.08, 27.44, 26.508, 102, 100, 143, 355, 938, 1396, 2123, 2471, 2529, 191, 0, 0, 12, 10, 13, 31, 105, 160, 222, 246, 348, 30, 0, 0
17:16:30, 1246.30, 27.08, 27.39, 26.508, 98, 96, 138, 348, 1060, 1654, 2526, 2960, 3235, 245, 0, 0, 11, 10, 12, 30, 100, 153, 213, 236, 338, 29, 0, 0
17:16:31, 1247.30, 27.08, 27.44, 26.516, 91, 89, 127, 318, 822, 1230, 1845, 2169, 2191, 166, 0, 0, 11, 9, 12, 29, 98, 150, 209, 232, 328, 28, 0, 0
17:16:32, 1250.40, 27.08, 27.44, 26.516, 95, 93, 131, 329, 890, 1328, 2067, 2393, 2371, 180, 0, 0, 11, 9, 12, 28, 95, 146, 204, 227, 321, 28, 0, 0
17:16:32, 1256.20, 27.09, 27.44, 26.516, 89, 84, 122, 297, 818, 1246, 1879, 2163, 2524, 189, 0, 0, 10, 9, 11, 25, 86, 134, 187, 208, 290, 25, 0, 0
17:16:33, 1259.80, 27.08, 27.46, 26.500, 79, 78, 107, 263, 768, 1167, 1805, 2091, 2103, 161, 0, 0, 9, 8, 10, 24, 82, 128, 180, 201, 281, 24, 0, 0
17:16:34, 1262.60, 27.08, 27.44, 26.492, 77, 76, 104, 254, 704, 1074, 1656, 1939, 1924, 148, 0, 0, 9, 8, 10, 22, 79, 123, 174, 194, 273, 23, 0, 0
17:16:34, 1264.80, 27.08, 27.44, 26.492, 70, 68, 93, 227, 691, 1055, 1651, 1917, 1996, 152, 0, 0, 9, 7, 9, 22, 77, 120, 170, 189, 264, 23, 0, 0
17:16:35, 1269.60, 27.08, 27.44, 26.500, 79, 76, 104, 251, 705, 1084, 1691, 1940, 2254, 171, 0, 0, 8, 7, 9, 21, 73, 114, 161, 181, 253, 22, 0, 0
17:16:36, 1275.70, 27.08, 27.46, 26.492, 74, 72, 95, 228, 638, 980, 1539, 1776, 1944, 149, 0, 0, 8, 7, 8, 19, 67, 106, 151, 170, 237, 20, 0, 0
17:16:36, 1281.40, 27.08, 27.44, 26.492, 58, 56, 75, 178, 585, 917, 1496, 1771, 1850, 139, 0, 0, 7, 6, 7, 17, 61, 98, 140, 158, 218, 19, 0, 0
17:16:37, 1285.90, 27.08, 27.46, 26.430, 57, 55, 72, 171, 520, 815, 1296, 1523, 1579, 121, 0, 0, 7, 6, 7, 16, 58, 92, 133, 150, 205, 18, 0, 0
17:16:38, 1289.90, 27.07, 27.46, 26.398, 52, 50, 66, 156, 468, 738, 1154, 1355, 1427, 109, 0, 0, 6, 5, 6, 15, 55, 88, 127, 143, 196, 17, 0, 0
17:16:38, 1296.80, 27.07, 27.44, 26.398, 53, 51, 66, 153, 438, 692, 1091, 1282, 1383, 106, 0, 0, 6, 5, 6, 13, 50, 81, 118, 133, 180, 15, 0, 0
17:16:39, 1308.10, 27.06, 27.44, 26.367, 45, 44, 56, 127, 377, 603, 961, 1129, 1177, 91, 0, 0, 5, 4, 5, 11, 42, 69, 102, 116, 154, 13, 0, 0
17:16:40, 1311.80, 27.06, 27.44, 26.367, 37, 35, 44, 99, 315, 512, 810, 985, 1030, 79, 0, 0, 5, 4, 5, 10, 39, 65, 97, 110, 145, 12, 0, 0
17:16:40, 1313.10, 27.06, 27.42, 26.367, 37, 36, 44, 98, 305, 494, 781, 968, 975, 75, 0, 0, 5, 4, 4, 10, 39, 64, 96, 109, 145, 12, 0, 0
17:16:41, 1314.40, 27.05, 27.44, 26.359, 37, 35, 44, 97, 316, 513, 821, 986, 1068, 82, 0, 0, 5, 4, 4, 10, 38, 63, 95, 108, 144, 12, 0, 0
17:16:42, 1316.90, 27.05, 27.44, 26.359, 36, 34, 43, 94, 311, 505, 810, 955, 1069, 82, 0, 0, 5, 4, 4, 9, 37, 62, 93, 106, 141, 12, 0, 0
17:16:42, 1322.40, 27.05, 27.44, 26.359, 35, 33, 41, 90, 300, 492, 796, 936, 1031, 80, 0, 0, 4, 4, 4, 9, 34, 58, 87, 100, 132, 11, 0, 0
17:16:43, 1325.40, 27.04, 27.44, 26.352, 31, 30, 37, 81, 274, 451, 731, 870, 865, 67, 0, 0, 4, 3, 4, 8, 33, 56, 84, 97, 127, 11, 0, 0
17:16:44, 1328.20, 27.04, 27.42, 26.359, 30, 28, 35, 76, 249, 412, 663, 800, 766, 59, 0, 0, 4, 3, 4, 8, 32, 54, 82, 95, 123, 10, 0, 0
17:16:44, 1330.10, 27.04, 27.46, 26.359, 28, 27, 33, 71, 234, 389, 623, 750, 722, 56, 0, 0, 4, 3, 3, 7, 31, 52, 80, 93, 120, 10, 0, 0
17:16:45, 1332.50, 27.04, 27.44, 26.359, 29, 27, 34, 72, 236, 392, 628, 751, 773, 60, 0, 0, 4, 3, 4, 7, 30, 52, 79, 92, 119, 10, 0, 0
17:16:46, 1336.60, 27.03, 27.44, 26.359, 28, 26, 32, 69, 224, 374, 600, 718, 736, 57, 0, 0, 4, 3, 3, 7, 29, 49, 76, 89, 114, 9, 0, 0
17:16:46, 1341.80, 27.03, 27.46, 26.359, 25, 24, 30, 63, 209, 350, 568, 680, 694, 54, 0, 0, 3, 3, 3, 6, 27, 47, 73, 86, 109, 9, 0, 0
17:16:47, 1346.10, 27.03, 27.44, 26.359, 24, 23, 28, 57, 187, 316, 514, 621, 628, 49, 0, 0, 3, 3, 3, 6, 25, 44, 69, 82, 102, 8, 0, 0
17:16:48, 1345.10, 27.03, 27.46, 26.367, 22, 21, 26, 52, 183, 311, 505, 622, 611, 47, 0, 0, 3, 3, 3, 6, 26, 45, 70, 83, 104, 9, 0, 0
17:16:48, 1344.70, 27.03, 27.42, 26.367, 23, 22, 27, 55, 197, 330, 541, 653, 729, 56, 0, 0, 3, 3, 3, 6, 26, 45, 72, 85, 106, 9, 0, 0
17:16:49, 1344.10, 27.03, 27.44, 26.359, 22, 21, 26, 52, 191, 322, 519, 638, 679, 52, 0, 0, 3, 3, 3, 6, 27, 46, 74, 87, 109, 9, 0, 0
17:16:50, 1343.50, 27.03, 27.48, 26.375, 23, 22, 27, 56, 194, 325, 524, 645, 700, 54, 0, 0, 4, 3, 3, 6, 27, 47, 75, 89, 111, 9, 0, 0
17:16:50, 1343.00, 27.02, 27.41, 26.375, 24, 23, 28, 59, 200, 336, 544, 661, 687, 53, 0, 0, 4, 3, 3, 6, 27, 48, 77, 91, 114, 9, 0, 0
17:16:51, 1342.50, 27.03, 27.44, 26.367, 24, 23, 28, 58, 205, 345, 565, 682, 657, 51, 0, 0, 4, 3, 3, 7, 28, 49, 78, 93, 116, 10, 0, 0
17:16:52, 1342.10, 27.03, 27.42, 26.344, 24, 23, 28, 60, 202, 339, 544, 648, 663, 52, 0, 0, 4, 3, 3, 7, 28, 49, 79, 95, 118, 10, 0, 0
17:16:52, 1341.80, 27.02, 27.46, 26.344, 25, 23, 29, 59, 208, 352, 565, 676, 673, 53, 0, 0, 4, 3, 3, 7, 29, 51, 81, 98, 122, 10, 0, 0
17:16:53, 1338.30, 27.02, 27.46, 26.336, 25, 24, 29, 60, 212, 359, 580, 695, 646, 51, 0, 0, 4, 3, 3, 7, 30, 52, 83, 99, 123, 10, 0, 0
17:16:54, 1331.70, 27.02, 27.44, 26.328, 27, 26, 31, 65, 221, 372, 589, 719, 609, 48, 0, 0, 4, 3, 4, 8, 33, 56, 89, 105, 132, 11, 0, 0
17:16:54, 1330.40, 27.02, 27.44, 26.328, 29, 28, 35, 72, 248, 413, 655, 781, 779, 61, 0, 0, 4, 4, 4, 8, 33, 58, 91, 108, 136, 11, 0, 0
17:16:55, 1327.60, 27.02, 27.44, 26.320, 29, 28, 34, 72, 245, 408, 644, 780, 681, 54, 0, 0, 4, 4, 4, 8, 34, 59, 92, 109, 137, 12, 0, 0
17:16:56, 1325.70, 27.01, 27.44, 26.320, 30, 28, 35, 75, 262, 434, 688, 816, 782, 62, 0, 0, 4, 4, 4, 9, 35, 59, 93, 110, 139, 12, 0, 0
17:16:56, 1323.60, 27.01, 27.44, 26.305, 29, 29, 35, 76, 253, 415, 668, 802, 703, 55, 0, 0, 4, 3, 4, 8, 33, 56, 88, 103, 130, 11, 0, 0
17:16:57, 1320.60, 27.01, 27.42, 26.297, 29, 28, 35, 76, 247, 402, 637, 752, 761, 59, 0, 0, 4, 3, 4, 8, 33, 55, 85, 100, 127, 11, 0, 0
17:16:58, 1318.30, 27.01, 27.46, 26.297, 29, 28, 35, 79, 253, 410, 652, 766, 839, 65, 0, 0, 4, 3, 4, 8, 33, 56, 85, 100, 129, 11, 0, 0
17:16:58, 1318.10, 27.00, 27.44, 26.297, 31, 29, 37, 82, 270, 436, 703, 816, 919, 70, 0, 0, 4, 3, 4, 8, 32, 54, 83, 97, 125, 10, 0, 0
17:16:59, 1314.40, 27.00, 27.44, 26.297, 27, 27, 33, 74, 237, 383, 606, 735, 798, 62, 0, 0, 4, 3, 3, 7, 30, 50, 76, 88, 114, 9, 0, 0
17:17:00, 1310.50, 27.00, 27.44, 26.297, 25, 24, 30, 67, 220, 357, 560, 690, 690, 52, 0, 0, 3, 3, 3, 7, 29, 48, 72, 84, 108, 9, 0, 0
17:17:00, 1309.60, 27.00, 27.44, 26.297, 25, 24, 31, 69, 233, 377, 594, 705, 675, 52, 0, 0, 4, 3, 3, 7, 30, 50, 75, 87, 113, 9, 0, 0
17:17:01, 1307.70, 27.00, 27.44, 26.289, 28, 28, 35, 79, 245, 394, 617, 735, 676, 52, 0, 0, 4, 3, 3, 8, 32, 53, 80, 92, 118, 10, 0, 0
17:17:02, 1302.80, 27.00, 27.46, 26.289, 28, 27, 35, 78, 241, 387, 600, 721, 648, 50, 0, 0, 4, 3, 4, 8, 32, 53, 79, 91, 116, 10, 0, 0
17:17:02, 1299.20, 27.00, 27.46, 26.320, 27, 26, 33, 75, 239, 380, 583, 690, 642, 50, 0, 0, 4, 3, 3, 8, 31, 50, 74, 85, 111, 9, 0, 0
17:17:03, 1297.10, 27.00, 27.50, 26.344, 26, 26, 33, 75, 239, 385, 602, 705, 611, 49, 0, 0, 3, 3, 3, 7, 27, 44, 65, 74, 98, 8, 0, 0
17:17:04, 1293.50, 27.00, 27.44, 26.344, 22, 21, 27, 64, 191, 305, 459, 552, 469, 37, 0, 0, 3, 2, 2, 6, 23, 37, 54, 61, 81, 7, 0, 0
17:17:04, 1289.70, 27.00, 27.44, 26.359, 19, 18, 24, 56, 162, 255, 386, 454, 388, 30, 0, 0, 2, 1, 2, 5, 18, 29, 42, 47, 64, 5, 0, 0
17:17:05, 1289.80, 27.00, 27.46, 26.367, 14, 14, 19, 45, 136, 214, 323, 370, 364, 29, 0, 0, 2, 1, 1, 4, 17, 27, 38, 42, 59, 5, 0, 0
17:17:06, 1286.50, 27.01, 27.44, 26.367, 16, 15, 21, 50, 160, 247, 375, 443, 405, 31, 0, 0, 2, 2, 2, 6, 24, 38, 54, 61, 84, 7, 0, 0
17:17:06, 1281.50, 27.01, 27.44, 26.375, 26, 25, 33, 78, 259, 405, 617, 729, 682, 52, 0, 0, 4, 3, 4, 9, 37, 59, 85, 96, 131, 11, 0, 0
17:17:07, 1276.70, 27.01, 27.42, 26.398, 42, 41, 54, 129, 403, 625, 965, 1140, 1211, 91, 0, 0, 6, 5, 6, 13, 51, 81, 116, 130, 178, 15, 0, 0
17:17:08, 1271.10, 27.02, 27.46, 26.398, 52, 51, 68, 162, 528, 817, 1259, 1520, 1570, 119, 0, 0, 7, 6, 7, 17, 63, 99, 142, 160, 219, 19, 0, 0
17:17:08, 1266.70, 27.02, 27.44, 26.422, 62, 60, 81, 195, 599, 933, 1430, 1742, 1714, 127, 0, 0, 8, 7, 8, 19, 70, 111, 157, 177, 240, 21, 0, 0
17:17:09, 1264.90, 27.02, 27.44, 26.453, 69, 67, 92, 224, 621, 946, 1430, 1669, 1629, 124, 0, 0, 8, 7, 9, 21, 74, 115, 164, 184, 251, 22, 0, 0
17:17:10, 1262.70, 27.02, 27.46, 26.453, 70, 68, 93, 227, 669, 1017, 1563, 1822, 1733, 132, 0, 0, 9, 7, 9, 21, 76, 118, 168, 188, 257, 22, 0, 0
17:17:10, 1259.20, 27.03, 27.46, 26.453, 71, 68, 93, 228, 645, 978, 1460, 1736, 1534, 117, 0, 0, 9, 8, 10, 23, 81, 125, 177, 198, 272, 24, 0, 0
17:17:11, 1257.20, 27.03, 27.46, 26.469, 80, 76, 107, 264, 713, 1083, 1638, 1935, 1680, 130, 0, 0, 9, 8, 10, 23, 83, 129, 181, 202, 275, 24, 0, 0
17:17:12, 1252.10, 27.03, 27.48, 26.469, 86, 85, 117, 285, 801, 1225, 1864, 2225, 1618, 128, 0, 0, 10, 9, 11, 25, 89, 138, 193, 214, 295, 26, 0, 0
17:17:12, 1249.40, 27.03, 27.48, 26.469, 89, 86, 122, 295, 852, 1306, 1931, 2313, 1872, 148, 0, 0, 10, 9, 11, 27, 94, 144, 201, 223, 314, 27, 0, 0
17:17:13, 1247.60, 27.04, 27.46, 26.492, 94, 92, 130, 317, 889, 1355, 2052, 2399, 1780, 142, 0, 0, 11, 9, 12, 28, 95, 146, 203, 226, 314, 27, 0, 0
17:17:14, 1244.00, 27.04, 27.44, 26.492, 96, 95, 134, 329, 827, 1235, 1825, 2175, 1716, 133, 0, 0, 11, 9, 12, 29, 99, 150, 209, 232, 319, 28, 0, 0
17:17:14, 1239.90, 27.05, 27.48, 26.500, 100, 98, 139, 346, 876, 1305, 1930, 2265, 1975, 150, 0, 0, 11, 10, 13, 31, 104, 158, 218, 242, 337, 29, 0, 0
17:17:15, 1235.00, 27.05, 27.44, 26.508, 103, 101, 147, 370, 1017, 1525, 2286, 2717, 2524, 187, 0, 0, 12, 10, 14, 34, 113, 170, 233, 258, 367, 32, 0, 0
17:17:16, 1232.10, 27.05, 27.44, 26.508, 121, 120, 178, 445, 1144, 1660, 2454, 2874, 3278, 244, 0, 0, 13, 11, 15, 36, 119, 177, 242, 268, 387, 33, 0, 0
17:17:16, 1228.30, 27.05, 27.44, 26.500, 119, 118, 178, 448, 1207, 1751, 2617, 3105, 3526, 268, 0, 0, 13, 12, 15, 38, 126, 187, 255, 281, 406, 35, 0, 0
17:17:17, 1223.40, 27.06, 27.46, 26.531, 122, 123, 182, 449, 1207, 1735, 2501, 3067, 3499, 261, 0, 0, 15, 12, 17, 42, 136, 202, 273, 301, 435, 38, 0, 0
17:17:18, 1220.50, 27.06, 27.44, 26.531, 141, 142, 215, 541, 1202, 1727, 2495, 2982, 3027, 223, 0, 0, 15, 13, 18, 44, 141, 208, 281, 309, 444, 39, 0, 0
17:17:18, 1216.80, 27.06, 27.44, 26.539, 139, 137, 213, 540, 1419, 2114, 3161, 3749, 3359, 243, 0, 0, 15, 13, 18, 46, 146, 214, 289, 317, 454, 40, 0, 0
17:17:19, 1212.10, 27.07, 27.46, 26.547, 137, 136, 215, 552, 1423, 2070, 3024, 3483, 3041, 227, 0, 0, 16, 14, 20, 50, 156, 228, 306, 335, 485, 42, 0, 0
17:17:20, 1208.10, 27.07, 27.46, 26.547, 143, 143, 234, 605, 1559, 2209, 3233, 3687, 3252, 248, 0, 0, 17, 15, 21, 53, 164, 238, 319, 348, 503, 44, 0, 0
17:17:20, 1203.80, 27.07, 27.44, 26.539, 161, 162, 265, 680, 1717, 2444, 3602, 4138, 3626, 284, 0, 0, 18, 16, 23, 58, 176, 255, 339, 370, 536, 47, 0, 0
17:17:21, 1200.70, 27.07, 27.46, 26.547, 217, 223, 356, 919, 1876, 2679, 3843, 4427, 3763, 298, 0, 0, 20, 17, 25, 62, 187, 268, 356, 389, 571, 50, 0, 0
17:17:22, 1197.00, 27.08, 27.48, 26.547, 192, 188, 308, 764, 1996, 2879, 4117, 4827, 3522, 280, 0, 0, 20, 18, 26, 66, 196, 280, 371, 404, 593, 52, 0, 0
17:17:22, 1194.30, 27.08, 27.44, 26.539, 182, 186, 314, 800, 1998, 2773, 4064, 4592, 3850, 303, 0, 0, 21, 18, 26, 67, 201, 286, 378, 412, 598, 52, 0, 0
17:17:23, 1189.80, 27.08, 27.46, 26.547, 173, 176, 299, 765, 1844, 2567, 3601, 4156, 3711, 276, 0, 0, 22, 19, 28, 71, 210, 298, 393, 427, 629, 55, 0, 0
17:17:24, 1184.40, 27.09, 27.44, 26.547, 183, 187, 325, 825, 2416, 3485, 5107, 5930, 4926, 356, 0, 0, 23, 20, 30, 78, 227, 320, 419, 456, 677, 59, 0, 0
17:17:24, 1177.70, 27.09, 27.44, 26.547, 265, 276, 485, 1196, 2432, 3362, 4715, 5506, 5472, 389, 0, 0, 25, 22, 34, 87, 248, 345, 450, 489, 731, 63, 0, 0
17:17:25, 1175.40, 27.09, 27.44, 26.547, 232, 245, 458, 1158, 2782, 3739, 5398, 6060, 6779, 494, 0, 0, 26, 23, 36, 93, 257, 357, 464, 504, 767, 66, 0, 0
17:17:26, 1170.40, 27.09, 27.42, 26.555, 279, 298, 551, 1376, 2906, 3977, 5558, 6621, 6608, 466, 0, 0, 27, 24, 38, 98, 275, 380, 493, 534, 812, 70, 0, 0
17:17:26, 1166.60, 27.09, 27.46, 26.547, 266, 286, 545, 1351, 2919, 3909, 5459, 6286, 6745, 481, 0, 0, 29, 26, 41, 106, 288, 394, 510, 552, 843, 73, 0, 0
17:17:27, 1161.10, 27.10, 27.48, 26.547, 267, 290, 559, 1382, 3229, 4420, 6311, 7219, 6429, 462, 0, 0, 30, 27, 44, 114, 306, 417, 538, 580, 885, 77, 0, 0
17:17:28, 1156.10, 27.10, 27.41, 26.539, 308, 347, 681, 1710, 3474, 4478, 6152, 7038, 6216, 463, 0, 0, 33, 29, 49, 125, 328, 445, 571, 615, 939, 81, 0, 0
17:17:28, 1150.60, 27.10, 27.44, 26.539, 401, 456, 904, 2148, 3182, 4098, 5742, 6600, 5728, 436, 0, 0, 34, 31, 52, 134, 353, 475, 607, 653, 1001, 87, 0, 0
17:17:29, 1146.30, 27.10, 27.50, 26.539, 422, 467, 914, 2188, 5537, 7555, 11490, 12353, 8041, 734, 0, 0, 37, 34, 58, 148, 377, 504, 643, 690, 1078, 93, 0, 0
17:17:30, 1142.80, 27.10, 27.42, 26.539, 409, 453, 978, 2333, 4787, 6442, 8856, 9563, 8555, 719, 0, 0, 39, 36, 63, 161, 401, 534, 678, 728, 1142, 99, 0, 0
17:17:30, 1138.60, 27.10, 27.44, 26.523, 610, 659, 1446, 3347, 4864, 6540, 8998, 9472, 8496, 720, 0, 0, 41, 38, 67, 171, 423, 560, 709, 759, 1193, 103, 0, 0
17:17:31, 1136.20, 27.10, 27.48, 26.523, 486, 560, 1211, 2795, 6921, 9666, 13824, 13922, 11094, 1115, 0, 0, 43, 40, 72, 181, 441, 582, 735, 787, 1257, 108, 0, 0
17:17:32, 1128.90, 27.10, 27.44, 26.516, 503, 633, 1294, 2962, 5579, 6768, 9282, 9845, 7005, 572, 0, 0, 46, 44, 80, 200, 479, 625, 785, 838, 1330, 115, 0, 0
17:17:32, 1126.10, 27.10, 27.48, 26.500, 498, 624, 1329, 2934, 6035, 7489, 10864, 11832, 10972, 883, 0, 0, 48, 46, 85, 214, 500, 649, 813, 868, 1391, 120, 0, 0
17:17:33, 1122.00, 27.10, 27.44, 26.500, 464, 612, 1336, 3006, 17183, 22363, 26271, 27702, 20062, 1623, 0, 0, 51, 49, 93, 231, 537, 689, 860, 920, 1485, 128, 0, 0
17:17:34, 1116.90, 27.10, 27.48, 26.484, 522, 691, 1527, 3331, 5771, 7241, 9612, 10354, 10890, 801, 0, 0, 55, 53, 101, 249, 569, 727, 904, 966, 1561, 134, 0, 0
17:17:34, 1111.80, 27.10, 27.44, 26.477, 565, 775, 1682, 3714, 8329, 10122, 13769, 15110, 12770, 956, 0, 0, 59, 59, 114, 278, 612, 775, 959, 1023, 1680, 144, 0, 0
17:17:35, 1105.50, 27.10, 27.46, 26.477, 696, 987, 2116, 4647, 7491, 9593, 12379, 13457, 11813, 891, 0, 0, 64, 64, 128, 307, 669, 840, 1034, 1103, 1826, 157, 0, 0
17:17:36, 1100.40, 27.10, 27.46, 26.453, 1011, 1592, 3276, 7153, 8356, 9959, 13575, 14410, 15431, 1241, 0, 0, 67, 68, 138, 329, 714, 890, 1093, 1164, 1927, 166, 0, 0
17:17:36, 1091.50, 27.10, 27.48, 26.461, 807, 1249, 2747, 5584, 16845, 22181, 28382, 29731, 20841, 1692, 0, 0, 77, 81, 168, 390, 803, 985, 1201, 1273, 2151, 184, 0, 0
17:17:37, 1085.20, 27.10, 27.42, 26.461, 779, 1340, 2840, 5401, 7197, 8187, 10377, 11190, 12724, 995, 0, 0, 83, 90, 190, 432, 887, 1080, 1312, 1391, 2373, 204, 0, 0
17:17:38, 1076.50, 27.10, 27.44, 26.461, 1283, 2297, 4883, 8735, 7981, 8839, 11159, 11912, 13361, 1079, 0, 0, 92, 103, 222, 489, 979, 1179, 1421, 1507, 2614, 225, 0, 0
17:17:38, 1071.80, 27.10, 27.46, 26.469, 959, 1818, 3695, 6330, 13630, 14603, 19511, 20461, 21376, 1840, 0, 0, 99, 116, 251, 539, 1032, 1227, 1475, 1558, 2745, 234, 0, 0
17:17:39, 1066.90, 27.10, 27.44, 26.469, 2334, 4777, 9253, 17277, 21153, 23488, 30782, 31437, 33682, 3614, 0, 1, 105, 127, 275, 579, 1089, 1282, 1539, 1621, 2929, 251, 0, 0
17:17:40, 1059.60, 27.10, 27.48, 26.477, 2309, 4553, 8054, 14022, 17404, 19890, 27193, 27298, 30580, 3181, 0, 0, 113, 142, 307, 635, 1169, 1367, 1631, 1721, 3099, 266, 0, 0
17:17:40, 1053.30, 27.10, 27.46, 26.508, 1033, 2011, 3735, 5603, 10093, 10682, 14104, 14340, 26150, 2460, 0, 0, 127, 169, 363, 723, 1304, 1505, 1791, 1885, 3491, 304, 0, 0
17:17:41, 1046.70, 27.11, 27.50, 26.508, 1161, 2333, 4035, 5935, 9474, 10027, 12577, 13078, 23910, 2619, 0, 0, 145, 203, 431, 826, 1419, 1621, 1915, 2015, 3833, 338, 0, 0
17:17:42, 1041.50, 27.11, 27.46, 26.516, 1410, 2934, 4913, 7147, 8722, 9319, 11973, 12577, 20281, 2322, 0, 0, 156, 223, 471, 885, 1504, 1707, 2011, 2118, 4037, 359, 0, 0
17:17:42, 1036.40, 27.11, 27.48, 26.531, 3867, 8909, 13555, 21370, 16915, 15403, 21492, 21021, 28806, 4579, 0, 0, 166, 244, 509, 939, 1572, 1773, 2083, 2190, 4208, 381, 0, 0
17:17:43, 1032.50, 27.11, 27.48, 26.531, 7861, 16112, 21157, 29680, 33573, 32181, 36000, 36000, 36000, 21976, 1, 1, 185, 285, 580, 1033, 1675, 1874, 2190, 2301, 4512, 419, 0, 0
17:17:44, 1028.50, 27.11, 27.48, 26.539, 4098, 7035, 9367, 11980, 27349, 27066, 29881, 30155, 34133, 12547, 0, 1, 191, 295, 600, 1066, 1754, 1958, 2287, 2403, 4716, 443, 0, 0
17:17:44, 1026.60, 27.12, 27.46, 26.547, 9875, 20409, 25618, 36000, 35910, 36000, 36000, 36000, 36000, 35864, 1, 1, 215, 345, 682, 1174, 1838, 2041, 2380, 2492, 5066, 489, 0, 0
17:17:45, 1023.90, 27.12, 27.44, 26.547, 9351, 22330, 28487, 35978, 36000, 36000, 36000, 36000, 36000, 20535, 1, 1, 220, 354, 696, 1194, 1844, 2040, 2377, 2489, 5071, 496, 0, 0
17:17:46, 1024.10, 27.12, 27.48, 26.531, 13223, 28513, 30918, 36000, 36000, 36000, 36000, 36000, 36000, 36000, 1, 1, 213, 342, 672, 1142, 1743, 1931, 2245, 2350, 4754, 455, 0, 0
17:17:46, 1026.90, 27.12, 27.44, 26.531, 12105, 19229, 31770, 36000, 36000, 35989, 36000, 36000, 36000, 35922, 1, 1, 202, 323, 637, 1092, 1719, 1908, 2224, 2323, 4717, 449, 0, 0
17:17:47, 1027.20, 27.13, 27.46, 26.531, 10776, 17081, 26695, 33232, 25033, 25504, 27950, 27712, 33843, 21674, 0, 1, 202, 321, 639, 1102, 1728, 1918, 2236, 2340, 4764, 455, 0, 0
17:17:48, 1029.40, 27.13, 27.44, 26.523, 8976, 14394, 23850, 28808, 29606, 28546, 33151, 35608, 22352, 6478, 0, 1, 206, 325, 653, 1147, 1785, 1990, 2322, 2438, 4844, 459, 0, 0
17:17:48, 1018.10, 27.12, 27.46, 26.539, 13228, 23924, 28043, 35100, 36000, 36000, 36000, 36000, 35326, 35559, 1, 1, 1411, 2247, 3338, 4240, 6828, 7408, 8293, 9546, 28282, 10752, 0, 0
17:17:49, 1018.40, 27.06, 27.46, 26.539, 12135, 24731, 27001, 34171, 36000, 36000, 36000, 36000, 33592, 33704, 1, 1, 13717, 23981, 32554, 35784, 36000, 36000, 36000, 36000, 36000, 36000, 1, 1
