Secchi Depth (cm) = 0153
Forel Ule Scale = 15
pH Colour Scale = 99
SensingSecchi S/N = A016
Latitude (degs N) = 34.39670
Longitude (degs E) = -78.26598
Date = 2026-05-27
Time (UTC), Pressure (mbar) MS5803, Temp (deg C) MS5803, Temp (deg C) 10KTHERM, Temp (deg C) TMP117, ED 415nm, ED 445nm, ED 480nm, ED 515nm, ED 555nm, ED 590nm, ED 630nm, ED 680nm, ED Clear, ED NIR, ED D-SAT, ED A-SAT, EU 415nm, EU 445nm, EU 480nm, EU 515nm, EU 555nm, EU 590nm, EU 630nm, EU 680nm, EU Clear, EU NIR, EU D-SAT, EU A-SAT
15:46:01, 1013.40, 31.26, 29.53, 32.680, 1323, 1944, 2948, 3408, 4799, 3612, 6119, 5147, 36000, 29195, 1, 1, 7216, 11525, 14676, 18473, 21126, 24815, 34121, 36000, 36000, 36000, 1, 1
15:46:01, 1013.40, 31.27, 29.53, 32.680, 1358, 2002, 3052, 3527, 4912, 3674, 6277, 5243, 36000, 30153, 1, 1, 7319, 11656, 14880, 18687, 21507, 25349, 34705, 36000, 36000, 36000, 1, 1
15:46:02, 1013.20, 31.28, 29.53, 32.688, 1582, 2436, 3675, 4352, 6637, 4772, 9315, 6836, 36000, 36000, 1, 1, 7015, 11147, 14344, 17873, 21370, 25079, 34079, 36000, 36000, 36000, 1, 1
15:46:03, 1013.40, 31.29, 29.53, 32.688, 1217, 1845, 2712, 3251, 4388, 3444, 6022, 4870, 36000, 26453, 1, 1, 7618, 12271, 15558, 19616, 22052, 25981, 35228, 36000, 36000, 36000, 1, 1
15:46:03, 1013.60, 31.27, 29.51, 32.688, 2042, 3146, 4991, 5786, 11856, 8064, 16763, 12027, 36000, 36000, 1, 1, 5902, 8954, 11915, 14467, 18137, 20752, 27743, 35104, 36000, 36000, 1, 1
15:46:04, 1013.40, 31.30, 29.53, 32.680, 11709, 19975, 27901, 36000, 36000, 36000, 36000, 36000, 36000, 36000, 1, 1, 5614, 8391, 11472, 13974, 17590, 19872, 25995, 32733, 36000, 36000, 1, 1
15:46:05, 1012.90, 31.32, 29.54, 32.688, 3492, 5272, 8710, 9420, 7775, 5382, 10863, 7747, 36000, 36000, 1, 1, 8861, 14570, 18783, 23135, 34260, 35994, 36000, 36000, 36000, 36000, 1, 1
15:46:05, 1013.30, 31.35, 29.53, 32.688, 1114, 1691, 2447, 3021, 5116, 3955, 7471, 5532, 36000, 29949, 1, 1, 8648, 13501, 18563, 21702, 11891, 13137, 16873, 20227, 36000, 31698, 1, 1
15:46:06, 1012.90, 31.35, 29.51, 32.680, 1643, 2874, 3825, 5623, 3761, 3308, 5423, 4584, 32703, 19095, 0, 1, 6218, 9851, 12981, 16548, 13569, 16370, 21932, 28261, 36000, 35860, 1, 1
15:46:07, 1013.20, 31.36, 29.56, 32.672, 676, 1057, 1413, 1801, 2116, 2081, 2779, 2828, 9046, 5953, 0, 0, 7463, 11296, 15388, 18216, 16438, 19405, 24886, 30870, 36000, 36000, 1, 1
15:46:07, 1012.70, 31.33, 29.56, 32.672, 583, 851, 1108, 1405, 1834, 1804, 2374, 2241, 15408, 7980, 0, 0, 4796, 7101, 9111, 11175, 12310, 14574, 18996, 23791, 36000, 36000, 1, 1
15:46:08, 1013.00, 31.36, 29.60, 32.602, 439, 627, 884, 1065, 1562, 1376, 2030, 1859, 6710, 5356, 0, 0, 5577, 8311, 10606, 12862, 14309, 16533, 21169, 26340, 36000, 36000, 1, 1
15:46:09, 1013.00, 31.29, 29.62, 32.570, 532, 717, 1021, 1199, 1550, 1358, 1984, 1740, 13496, 8692, 0, 0, 5905, 9152, 12093, 15195, 19397, 22433, 28819, 35210, 36000, 36000, 1, 1
15:46:09, 1012.90, 31.31, 29.65, 32.570, 751, 955, 1439, 1558, 2567, 2361, 3194, 3178, 13447, 9124, 0, 0, 6810, 10521, 13768, 17118, 19225, 22359, 27466, 34443, 36000, 36000, 1, 1
15:46:10, 1013.10, 31.33, 29.65, 32.563, 943, 1357, 1943, 2303, 2727, 2390, 3614, 3224, 18278, 10968, 0, 0, 7857, 12010, 16222, 19563, 23770, 27179, 33573, 36000, 36000, 36000, 1, 1
15:46:11, 1012.80, 31.31, 29.69, 32.547, 1116, 1665, 2316, 2827, 3195, 2833, 4165, 3815, 28211, 16021, 0, 0, 8877, 14465, 18828, 23558, 26858, 30717, 36000, 36000, 36000, 36000, 1, 1
15:46:11, 1013.70, 31.33, 29.73, 32.547, 654, 921, 1282, 1543, 2474, 2267, 3260, 2969, 22986, 12549, 0, 0, 9839, 16106, 20971, 26366, 27212, 30341, 36000, 36000, 36000, 36000, 1, 1
15:46:12, 1013.20, 31.28, 29.71, 32.531, 1002, 1540, 2085, 2638, 3987, 3441, 5503, 4629, 36000, 21179, 1, 1, 10936, 17773, 23490, 29034, 34963, 36000, 36000, 36000, 36000, 36000, 1, 1
15:46:13, 1012.80, 31.36, 29.73, 32.531, 895, 1326, 1720, 2161, 2579, 2441, 3354, 3024, 21877, 10190, 0, 0, 10333, 16989, 21809, 28026, 30820, 35912, 36000, 36000, 36000, 36000, 1, 1
15:46:13, 1013.50, 31.38, 29.75, 32.531, 1024, 1523, 1996, 2380, 2779, 2550, 3433, 3162, 21930, 10418, 0, 0, 6739, 10521, 13481, 17126, 23788, 27524, 35917, 36000, 36000, 36000, 1, 1
15:46:14, 1012.90, 31.43, 29.73, 32.539, 613, 884, 1167, 1381, 1769, 1654, 2089, 2120, 16099, 9029, 0, 0, 4907, 7317, 9783, 11796, 13019, 14852, 18871, 24376, 36000, 36000, 1, 1
15:46:15, 1013.60, 31.41, 29.76, 32.539, 325, 412, 543, 646, 664, 681, 732, 752, 6333, 4705, 0, 0, 9747, 14001, 18678, 22362, 35566, 36000, 36000, 36000, 36000, 36000, 1, 1
15:46:15, 1012.60, 31.48, 29.82, 32.563, 125, 158, 237, 316, 705, 743, 823, 958, 2276, 756, 0, 0, 20690, 22014, 23744, 24567, 8078, 8976, 9813, 11596, 23506, 12054, 0, 0
15:46:16, 1013.00, 31.49, 29.75, 32.602, 4714, 7695, 9432, 14836, 31206, 32842, 33025, 35147, 27657, 21865, 0, 1, 2198, 3027, 4864, 5682, 3507, 3870, 4104, 4456, 10606, 3205, 0, 0
15:46:17, 1017.20, 31.44, 29.76, 32.602, 6008, 10081, 14173, 16459, 25407, 27006, 27615, 27623, 32748, 28304, 0, 1, 407, 647, 1287, 2192, 3680, 3935, 4253, 4101, 11013, 1044, 0, 0
15:46:17, 1020.40, 31.35, 29.76, 30.961, 14953, 22267, 30127, 33583, 33260, 34011, 34905, 34633, 36000, 35316, 1, 1, 442, 706, 1378, 2318, 3645, 3940, 4246, 4065, 10836, 1001, 0, 0
15:46:18, 1020.60, 31.29, 29.76, 28.711, 4489, 7011, 10433, 11743, 35473, 35488, 35949, 35931, 36000, 34351, 1, 1, 377, 597, 1178, 2056, 3262, 3549, 3800, 3647, 9202, 854, 0, 0
15:46:19, 1019.90, 31.23, 29.73, 28.711, 13358, 17745, 32885, 33735, 35571, 35855, 36000, 36000, 36000, 36000, 1, 1, 355, 567, 1109, 1940, 3055, 3349, 3576, 3422, 8064, 751, 0, 0
15:46:19, 1020.40, 31.16, 29.75, 27.812, 7728, 16061, 17849, 26118, 29733, 29428, 32422, 32082, 34224, 28898, 0, 1, 299, 469, 932, 1656, 2768, 3066, 3253, 3078, 6488, 571, 0, 0
15:46:20, 1020.00, 31.10, 29.73, 27.437, 8225, 13320, 20729, 23760, 24394, 25073, 26753, 29169, 36000, 24365, 1, 1, 270, 412, 831, 1481, 2520, 2777, 2957, 2776, 5644, 481, 0, 0
15:46:21, 1020.40, 31.04, 29.73, 27.437, 12277, 16030, 25682, 26214, 28132, 29049, 29076, 32757, 36000, 33671, 1, 1, 285, 441, 879, 1527, 2600, 2849, 3030, 2878, 6030, 529, 0, 0
15:46:21, 1021.30, 30.98, 29.71, 27.281, 8392, 11828, 15492, 19450, 22083, 28264, 26830, 31313, 36000, 26804, 1, 1, 307, 481, 952, 1633, 2714, 2946, 3145, 3002, 6763, 607, 0, 0
15:46:22, 1020.70, 30.92, 29.71, 27.219, 10942, 18726, 22193, 29033, 34472, 33922, 35968, 35778, 36000, 33438, 1, 1, 337, 535, 1062, 1815, 3039, 3265, 3514, 3356, 8058, 721, 0, 0
15:46:23, 1020.70, 30.87, 29.67, 27.219, 16373, 29381, 33132, 35808, 34084, 34014, 35340, 35070, 36000, 33313, 1, 1, 377, 601, 1197, 2034, 3365, 3609, 3897, 3713, 9241, 817, 0, 0
15:46:23, 1023.70, 30.82, 29.71, 27.187, 12494, 19643, 30813, 33995, 30738, 34236, 32966, 33750, 36000, 33211, 1, 1, 379, 600, 1212, 2073, 3349, 3595, 3897, 3693, 9422, 816, 0, 0
15:46:24, 1023.60, 30.78, 29.71, 27.164, 7105, 11419, 20767, 22016, 34044, 34776, 35388, 36000, 36000, 33159, 1, 1, 373, 585, 1189, 2061, 3350, 3604, 3903, 3696, 9525, 821, 0, 0
15:46:25, 1021.30, 30.75, 29.65, 27.164, 11266, 17451, 21336, 28008, 25689, 27092, 35867, 35150, 36000, 31673, 1, 1, 398, 632, 1264, 2146, 3480, 3727, 4032, 3836, 10111, 893, 0, 0
15:46:25, 1022.30, 30.71, 29.65, 27.141, 8958, 25297, 26341, 36000, 34148, 32782, 35764, 35133, 36000, 34856, 1, 1, 392, 626, 1249, 2111, 3389, 3630, 3922, 3732, 9817, 864, 0, 0
15:46:26, 1019.20, 30.69, 29.69, 27.148, 12503, 16337, 32039, 28322, 26492, 28379, 29118, 30451, 36000, 28592, 1, 1, 383, 612, 1220, 2069, 3424, 3664, 3958, 3766, 9724, 865, 0, 0
15:46:27, 1019.50, 30.67, 29.67, 27.148, 13360, 15851, 29702, 32283, 35995, 35883, 36000, 36000, 36000, 36000, 1, 1, 410, 658, 1303, 2184, 3578, 3821, 4125, 3934, 10275, 919, 0, 0
15:46:27, 1023.80, 30.65, 29.65, 27.141, 9117, 14961, 20414, 25442, 26991, 29585, 29179, 29928, 36000, 30546, 1, 1, 393, 626, 1254, 2120, 3462, 3711, 3997, 3818, 9901, 861, 0, 0
15:46:28, 1020.30, 30.63, 29.67, 27.148, 8611, 15474, 20473, 28072, 26546, 26190, 29454, 29108, 36000, 24183, 1, 1, 366, 583, 1171, 1996, 3338, 3567, 3853, 3661, 9374, 825, 0, 0
15:46:29, 1017.60, 30.62, 29.65, 27.148, 13607, 23108, 32585, 35741, 33751, 35959, 35184, 36000, 36000, 36000, 1, 1, 420, 677, 1332, 2188, 3523, 3747, 4045, 3863, 10068, 924, 0, 0
15:46:29, 1025.10, 30.59, 29.65, 27.141, 8098, 15768, 20221, 27017, 23186, 24764, 26137, 27080, 36000, 31606, 1, 1, 411, 665, 1309, 2178, 3434, 3679, 3963, 3794, 9763, 853, 0, 0
15:46:30, 1024.20, 30.58, 29.65, 27.141, 7474, 10861, 16803, 19194, 31578, 31902, 34651, 35185, 36000, 28081, 1, 1, 344, 543, 1103, 1898, 3188, 3419, 3688, 3502, 8839, 760, 0, 0
15:46:31, 1019.70, 30.56, 29.64, 27.141, 9853, 17547, 23254, 30008, 35911, 36000, 36000, 36000, 36000, 36000, 1, 1, 389, 622, 1241, 2095, 3439, 3672, 3964, 3773, 9657, 855, 0, 0
15:46:31, 1022.50, 30.53, 29.64, 27.133, 12606, 19892, 30188, 33211, 27519, 33953, 30993, 36000, 36000, 36000, 1, 1, 414, 667, 1321, 2215, 3539, 3786, 4079, 3898, 10125, 889, 0, 0
15:46:32, 1024.40, 30.51, 29.65, 27.141, 8723, 16209, 20780, 29041, 24338, 28327, 27812, 29748, 36000, 27628, 1, 1, 364, 574, 1165, 1996, 3262, 3502, 3778, 3587, 9126, 786, 0, 0
15:46:33, 1021.30, 30.50, 29.58, 27.141, 12147, 16941, 26834, 29244, 34158, 34973, 36000, 36000, 36000, 34927, 1, 1, 367, 584, 1173, 2000, 3300, 3528, 3811, 3618, 9306, 817, 0, 0
15:46:33, 1022.20, 30.48, 29.60, 27.133, 11187, 17674, 25115, 35140, 35645, 36000, 36000, 36000, 36000, 36000, 1, 1, 391, 627, 1252, 2098, 3390, 3622, 3907, 3725, 9708, 853, 0, 0
15:46:34, 1023.50, 30.46, 29.64, 27.133, 7459, 17310, 18576, 28287, 28696, 31830, 30299, 33805, 36000, 32658, 1, 1, 364, 580, 1169, 1995, 3256, 3485, 3761, 3573, 9085, 786, 0, 0
15:46:35, 1022.30, 30.45, 29.62, 27.141, 5935, 14981, 14535, 31200, 35165, 36000, 36000, 36000, 36000, 36000, 1, 1, 369, 587, 1185, 2023, 3339, 3575, 3861, 3665, 9318, 806, 0, 0
15:46:35, 1021.50, 30.44, 29.62, 27.148, 8598, 18705, 19792, 35337, 35029, 36000, 36000, 36000, 36000, 36000, 1, 1, 385, 617, 1236, 2100, 3421, 3658, 3949, 3754, 9674, 842, 0, 0
15:46:36, 1023.00, 30.42, 29.62, 27.148, 6949, 15217, 17769, 28739, 34841, 36000, 36000, 36000, 36000, 36000, 1, 1, 378, 603, 1210, 2054, 3325, 3555, 3837, 3648, 9399, 815, 0, 0
15:46:37, 1025.00, 30.41, 29.64, 27.156, 6006, 12263, 20842, 24737, 33882, 36000, 36000, 36000, 36000, 36000, 1, 1, 354, 561, 1140, 1963, 3236, 3469, 3746, 3554, 9033, 769, 0, 0
15:46:37, 1023.00, 30.39, 29.64, 27.172, 9391, 13227, 30215, 28351, 36000, 36000, 36000, 36000, 36000, 36000, 1, 1, 360, 573, 1157, 1985, 3291, 3520, 3804, 3612, 9248, 796, 0, 0
15:46:38, 1022.80, 30.37, 29.64, 27.172, 8992, 16600, 20532, 33354, 35976, 36000, 36000, 36000, 36000, 36000, 1, 1, 377, 601, 1210, 2055, 3388, 3622, 3913, 3720, 9605, 827, 0, 0
15:46:39, 1023.10, 30.36, 29.62, 27.180, 6486, 20452, 20107, 35567, 33006, 36000, 36000, 36000, 36000, 36000, 1, 1, 375, 597, 1205, 2053, 3393, 3631, 3922, 3733, 9634, 829, 0, 0
15:46:39, 1022.20, 30.34, 29.60, 27.187, 7604, 17667, 20270, 33355, 35991, 36000, 36000, 36000, 36000, 36000, 1, 1, 377, 602, 1213, 2070, 3403, 3641, 3936, 3743, 9617, 828, 0, 0
15:46:40, 1021.80, 30.33, 29.64, 27.187, 11212, 14728, 33754, 30553, 33081, 36000, 36000, 36000, 36000, 36000, 1, 1, 391, 627, 1254, 2119, 3432, 3666, 3961, 3778, 9810, 853, 0, 0
15:46:41, 1023.20, 30.32, 29.58, 27.203, 7954, 18835, 21902, 33482, 30619, 34552, 36000, 36000, 36000, 35966, 1, 1, 387, 620, 1243, 2101, 3401, 3637, 3931, 3749, 9735, 838, 0, 0
15:46:41, 1021.90, 30.31, 29.60, 27.203, 10338, 15765, 26853, 29084, 35567, 35982, 36000, 36000, 36000, 35912, 1, 1, 379, 604, 1218, 2065, 3396, 3630, 3927, 3739, 9641, 834, 0, 0
15:46:42, 1021.90, 30.29, 29.62, 27.203, 12407, 14406, 30215, 30046, 36000, 36000, 36000, 36000, 36000, 36000, 1, 1, 388, 621, 1244, 2103, 3463, 3698, 4001, 3814, 9829, 853, 0, 0
15:46:43, 1022.60, 30.28, 29.60, 27.219, 9556, 16884, 22193, 35748, 32872, 35883, 34025, 36000, 36000, 36000, 1, 1, 386, 618, 1239, 2092, 3376, 3605, 3900, 3715, 9554, 826, 0, 0
15:46:43, 1023.50, 30.26, 29.62, 27.234, 6971, 17426, 17708, 34935, 33881, 36000, 36000, 36000, 36000, 36000, 1, 1, 372, 593, 1197, 2030, 3320, 3553, 3843, 3659, 9319, 801, 0, 0
15:46:44, 1022.70, 30.25, 29.62, 27.234, 7413, 19921, 18194, 35626, 35548, 36000, 36000, 36000, 36000, 36000, 1, 1, 367, 584, 1179, 2013, 3317, 3551, 3843, 3654, 9269, 800, 0, 0
15:46:45, 1022.60, 30.23, 29.60, 27.219, 10277, 17389, 23009, 36000, 35601, 36000, 36000, 36000, 36000, 36000, 1, 1, 382, 612, 1229, 2076, 3397, 3633, 3931, 3751, 9612, 831, 0, 0
15:46:45, 1025.10, 30.22, 29.64, 27.234, 8104, 19988, 19418, 36000, 27379, 35811, 36000, 36000, 36000, 36000, 1, 1, 376, 599, 1209, 2059, 3394, 3640, 3935, 3756, 9634, 822, 0, 0
15:46:46, 1025.10, 30.20, 29.62, 27.234, 8158, 14452, 23556, 30674, 35260, 36000, 36000, 36000, 36000, 36000, 1, 1, 364, 575, 1169, 2012, 3327, 3571, 3863, 3676, 9375, 797, 0, 0
15:46:47, 1023.40, 30.19, 29.62, 27.234, 9263, 14359, 27471, 30108, 34544, 36000, 36000, 36000, 36000, 36000, 1, 1, 370, 588, 1188, 2035, 3370, 3609, 3906, 3717, 9528, 815, 0, 0
15:46:47, 1021.40, 30.18, 29.62, 27.242, 9372, 16012, 24709, 32655, 36000, 36000, 36000, 36000, 36000, 36000, 1, 1, 383, 611, 1227, 2077, 3412, 3647, 3944, 3760, 9697, 843, 0, 0
15:46:48, 1021.00, 30.16, 29.56, 27.242, 10451, 16741, 27034, 33380, 36000, 36000, 36000, 36000, 36000, 36000, 1, 1, 388, 623, 1244, 2097, 3437, 3669, 3968, 3787, 9812, 858, 0, 0
15:46:49, 1021.40, 30.15, 29.58, 27.234, 10420, 15939, 29645, 32161, 33215, 36000, 36000, 36000, 36000, 36000, 1, 1, 390, 628, 1251, 2100, 3396, 3623, 3916, 3736, 9656, 842, 0, 0
15:46:49, 1020.80, 30.14, 29.60, 27.242, 10650, 17249, 25589, 32134, 35521, 36000, 36000, 36000, 36000, 36000, 1, 1, 383, 614, 1227, 2068, 3379, 3607, 3899, 3715, 9591, 839, 0, 0
15:46:50, 1020.10, 30.13, 29.62, 27.242, 11069, 16899, 25746, 34189, 36000, 36000, 36000, 36000, 36000, 36000, 1, 1, 391, 628, 1252, 2100, 3432, 3663, 3954, 3776, 9757, 859, 0, 0
15:46:51, 1020.20, 30.11, 29.62, 27.234, 14255, 15354, 31760, 32280, 36000, 36000, 36000, 36000, 36000, 36000, 1, 1, 402, 646, 1283, 2147, 3500, 3735, 4030, 3855, 10021, 883, 0, 0
15:46:51, 1018.90, 30.10, 29.62, 27.242, 11177, 17963, 25009, 34792, 31603, 36000, 36000, 36000, 36000, 36000, 1, 1, 411, 666, 1311, 2176, 3442, 3664, 3963, 3774, 9831, 876, 0, 0
15:46:52, 1020.30, 30.09, 29.62, 27.242, 7074, 21137, 20072, 30969, 20186, 20913, 23191, 27379, 36000, 27306, 1, 1, 392, 629, 1254, 2107, 3359, 3585, 3876, 3685, 9470, 830, 0, 0
15:46:53, 1020.60, 30.08, 29.60, 27.234, 8598, 18787, 22898, 32247, 34618, 36000, 36000, 36000, 36000, 36000, 1, 1, 392, 629, 1252, 2103, 3411, 3639, 3933, 3751, 9770, 857, 0, 0
15:46:53, 1021.00, 30.07, 29.65, 27.234, 9190, 18648, 24414, 35100, 36000, 36000, 36000, 36000, 36000, 36000, 1, 1, 382, 612, 1223, 2062, 3371, 3595, 3885, 3706, 9660, 845, 0, 0
15:46:54, 1021.60, 30.05, 29.62, 27.234, 8708, 19712, 23764, 33006, 35795, 36000, 36000, 36000, 36000, 36000, 1, 1, 378, 607, 1209, 2034, 3330, 3553, 3839, 3663, 9533, 835, 0, 0
15:46:55, 1022.00, 30.04, 29.60, 27.219, 7818, 21099, 22672, 34040, 34716, 36000, 36000, 36000, 36000, 36000, 1, 1, 374, 598, 1199, 2030, 3351, 3580, 3869, 3687, 9508, 827, 0, 0
15:46:55, 1021.20, 30.02, 29.65, 27.219, 9227, 18763, 25129, 35562, 35997, 36000, 36000, 36000, 36000, 36000, 1, 1, 386, 616, 1233, 2089, 3433, 3672, 3969, 3781, 9797, 852, 0, 0
15:46:56, 1020.70, 30.01, 29.62, 27.219, 8569, 18428, 23013, 35241, 29310, 35967, 36000, 36000, 36000, 36000, 1, 1, 398, 639, 1275, 2146, 3433, 3664, 3964, 3780, 9816, 857, 0, 0
15:46:57, 1020.10, 29.99, 29.60, 27.227, 10780, 17110, 30798, 34769, 34571, 36000, 36000, 36000, 36000, 36000, 1, 1, 395, 637, 1263, 2111, 3357, 3576, 3868, 3687, 9629, 847, 0, 0
15:46:57, 1021.50, 29.98, 29.62, 27.227, 6704, 21215, 19334, 32442, 35606, 35348, 36000, 36000, 36000, 36000, 1, 1, 384, 614, 1227, 2061, 3334, 3560, 3850, 3671, 9490, 826, 0, 0
15:46:58, 1021.30, 29.97, 29.64, 27.227, 10739, 16060, 31468, 32490, 35103, 35556, 35527, 35546, 36000, 35692, 1, 1, 379, 608, 1213, 2044, 3333, 3556, 3846, 3667, 9440, 825, 0, 0
15:46:59, 1024.20, 29.96, 29.62, 27.227, 7322, 19476, 21273, 33601, 30750, 34958, 36000, 36000, 36000, 36000, 1, 1, 378, 607, 1216, 2053, 3295, 3528, 3811, 3638, 9303, 800, 0, 0
15:46:59, 1023.30, 29.95, 29.62, 27.227, 9217, 14181, 28985, 30119, 32317, 36000, 36000, 36000, 36000, 36000, 1, 1, 363, 577, 1164, 1986, 3275, 3508, 3794, 3613, 9150, 788, 0, 0
15:47:00, 1022.00, 29.93, 29.58, 27.227, 11469, 15912, 30389, 34264, 36000, 36000, 36000, 36000, 36000, 36000, 1, 1, 373, 593, 1192, 2033, 3358, 3596, 3887, 3707, 9413, 817, 0, 0
15:47:01, 1023.30, 29.92, 29.60, 27.234, 9272, 17351, 22901, 36000, 34926, 36000, 36000, 36000, 36000, 36000, 1, 1, 384, 612, 1227, 2076, 3358, 3594, 3887, 3714, 9490, 822, 0, 0
15:47:01, 1024.10, 29.91, 29.64, 27.234, 7155, 21581, 19369, 36000, 29935, 35682, 35932, 36000, 36000, 36000, 1, 1, 364, 579, 1167, 1992, 3261, 3494, 3783, 3605, 9171, 788, 0, 0
15:47:02, 1021.20, 29.90, 29.65, 27.219, 9475, 16354, 24074, 35643, 36000, 36000, 36000, 36000, 36000, 36000, 1, 1, 365, 582, 1169, 1986, 3265, 3490, 3777, 3601, 9145, 798, 0, 0
15:47:03, 1019.60, 29.89, 29.60, 27.211, 12379, 15351, 29491, 34867, 36000, 36000, 36000, 36000, 36000, 36000, 1, 1, 384, 618, 1225, 2046, 3343, 3563, 3856, 3684, 9447, 838, 0, 0
15:47:03, 1021.10, 29.89, 29.62, 27.211, 6778, 19702, 17862, 35155, 35660, 35967, 36000, 35935, 36000, 36000, 1, 1, 377, 607, 1207, 2021, 3212, 3431, 3716, 3540, 8978, 786, 0, 0
15:47:04, 1020.20, 29.88, 29.62, 27.203, 8833, 20399, 20156, 35907, 32274, 36000, 36000, 36000, 36000, 36000, 1, 1, 384, 618, 1223, 2038, 3196, 3404, 3688, 3514, 9057, 805, 0, 0
15:47:05, 1023.90, 29.87, 29.62, 27.227, 7310, 20511, 19669, 35607, 26287, 25943, 24732, 36000, 36000, 36000, 1, 1, 358, 575, 1145, 1922, 2983, 3198, 3460, 3293, 8267, 714, 0, 0
15:47:05, 1022.30, 29.86, 29.65, 27.227, 9742, 14199, 28581, 29744, 29038, 35750, 36000, 36000, 36000, 36000, 1, 1, 340, 544, 1087, 1846, 3043, 3257, 3526, 3355, 8428, 739, 0, 0
15:47:06, 1026.70, 29.85, 29.64, 27.219, 7183, 17935, 23704, 30390, 21300, 20599, 24681, 36000, 36000, 36000, 1, 1, 349, 556, 1119, 1901, 2993, 3214, 3479, 3303, 8362, 710, 0, 0
15:47:07, 1025.70, 29.84, 29.64, 27.211, 9536, 14606, 26975, 26395, 24816, 29114, 35383, 36000, 36000, 30278, 1, 1, 331, 524, 1063, 1826, 3000, 3220, 3486, 3307, 8386, 715, 0, 0
15:47:07, 1024.30, 29.82, 29.64, 27.211, 8870, 17587, 25813, 34026, 25697, 30123, 36000, 36000, 36000, 34162, 1, 1, 338, 538, 1085, 1848, 3038, 3251, 3518, 3346, 8608, 739, 0, 0
15:47:08, 1025.10, 29.81, 29.64, 27.195, 6514, 17937, 19208, 29298, 29902, 32741, 36000, 36000, 36000, 36000, 1, 1, 340, 543, 1088, 1839, 3004, 3211, 3468, 3309, 8623, 746, 0, 0
15:47:09, 1026.10, 29.80, 29.64, 27.203, 5597, 16859, 17184, 29496, 32881, 34784, 35884, 36000, 36000, 34259, 1, 1, 311, 492, 997, 1707, 2834, 3034, 3279, 3110, 8055, 689, 0, 0
15:47:09, 1025.50, 29.79, 29.60, 27.203, 6352, 20769, 18977, 31129, 34788, 35852, 36000, 36000, 36000, 35376, 1, 1, 309, 489, 990, 1697, 2822, 3020, 3265, 3096, 7950, 681, 0, 0
15:47:10, 1025.30, 29.78, 29.64, 27.203, 9821, 15157, 32468, 29366, 34766, 34817, 35999, 36000, 36000, 34818, 1, 1, 317, 503, 1014, 1732, 2886, 3089, 3336, 3168, 8154, 700, 0, 0
15:47:11, 1027.90, 29.77, 29.67, 27.211, 6265, 13587, 20807, 22882, 28164, 29909, 35019, 36000, 36000, 35639, 1, 1, 320, 504, 1026, 1768, 2892, 3106, 3358, 3182, 8125, 685, 0, 0
15:47:11, 1026.20, 29.76, 29.65, 27.211, 6885, 16329, 20568, 29576, 31118, 35805, 36000, 36000, 36000, 34019, 1, 1, 323, 510, 1039, 1793, 2978, 3196, 3454, 3276, 8394, 713, 0, 0
15:47:12, 1025.60, 29.76, 29.62, 27.203, 7435, 17192, 21604, 30313, 34291, 36000, 36000, 36000, 36000, 36000, 1, 1, 337, 536, 1082, 1845, 2997, 3209, 3467, 3298, 8555, 735, 0, 0
15:47:13, 1026.50, 29.75, 29.62, 27.211, 5851, 19161, 17369, 28770, 36000, 36000, 36000, 36000, 36000, 35918, 1, 1, 327, 519, 1048, 1788, 2914, 3124, 3374, 3206, 8298, 709, 0, 0
15:47:13, 1027.60, 29.74, 29.67, 27.211, 6350, 20248, 20151, 33143, 34752, 35756, 36000, 36000, 36000, 32698, 1, 1, 311, 492, 998, 1712, 2814, 3019, 3260, 3094, 7944, 676, 0, 0
15:47:14, 1028.90, 29.74, 29.65, 27.203, 6047, 18557, 18799, 28780, 31584, 31606, 35648, 36000, 36000, 30312, 1, 1, 316, 499, 1015, 1741, 2908, 3123, 3373, 3209, 8189, 692, 0, 0
15:47:15, 1035.90, 29.73, 29.64, 27.203, 5365, 10845, 21026, 22947, 30151, 32317, 34495, 36000, 36000, 30200, 1, 1, 301, 465, 967, 1706, 2819, 3054, 3299, 3128, 7854, 645, 0, 0
15:47:15, 1045.20, 29.72, 29.65, 27.203, 4967, 12180, 16802, 25148, 29342, 31700, 35585, 36000, 36000, 17628, 1, 1, 255, 376, 808, 1491, 2559, 2802, 3027, 2853, 7084, 570, 0, 0
15:47:16, 1049.40, 29.71, 29.64, 27.187, 4371, 7033, 14668, 19024, 31277, 33708, 35878, 35976, 36000, 12185, 1, 1, 223, 314, 689, 1317, 2339, 2581, 2786, 2611, 6511, 522, 0, 0
15:47:17, 1051.80, 29.70, 29.64, 27.187, 4747, 6826, 15427, 20492, 26892, 32672, 35985, 35899, 36000, 11315, 1, 1, 210, 295, 646, 1233, 2226, 2461, 2651, 2500, 6308, 509, 0, 0
15:47:17, 1060.20, 29.68, 29.64, 27.148, 2598, 6761, 10584, 16207, 21611, 22581, 32025, 34809, 36000, 9927, 1, 1, 188, 255, 565, 1111, 2015, 2246, 2425, 2261, 5564, 440, 0, 0
15:47:18, 1068.90, 29.67, 29.64, 27.133, 2684, 5159, 9285, 16729, 19823, 21248, 32269, 29623, 36000, 7456, 1, 1, 174, 224, 505, 1029, 1902, 2144, 2316, 2150, 5138, 405, 0, 0
15:47:19, 1072.00, 29.66, 29.65, 27.133, 2720, 4237, 9546, 14261, 17554, 22307, 25692, 25362, 36000, 5565, 1, 1, 166, 207, 469, 981, 1948, 2205, 2387, 2216, 5273, 415, 0, 0
15:47:19, 1077.50, 29.64, 29.67, 27.117, 1704, 3914, 7086, 11920, 18536, 18090, 27599, 30182, 36000, 6326, 1, 1, 166, 204, 462, 974, 1899, 2163, 2341, 2182, 5190, 412, 0, 0
15:47:20, 1084.70, 29.63, 29.64, 27.109, 1553, 3212, 6066, 10487, 15775, 15387, 20347, 23213, 36000, 4677, 1, 1, 146, 172, 390, 845, 1661, 1908, 2067, 1910, 4476, 354, 0, 0
15:47:21, 1088.60, 29.61, 29.62, 27.109, 1423, 2599, 5524, 9405, 13983, 15655, 21828, 22127, 36000, 4302, 1, 1, 131, 150, 340, 754, 1547, 1784, 1931, 1779, 4078, 321, 0, 0
15:47:21, 1093.90, 29.60, 29.64, 27.070, 1081, 2098, 3949, 8516, 13646, 15823, 22225, 23179, 36000, 4504, 1, 1, 121, 136, 308, 693, 1435, 1665, 1802, 1653, 3687, 288, 0, 0
15:47:22, 1098.50, 29.59, 29.65, 27.047, 1202, 2459, 4555, 9298, 11766, 14036, 17169, 20519, 36000, 3887, 1, 1, 119, 132, 297, 677, 1430, 1666, 1804, 1655, 3644, 283, 0, 0
15:47:23, 1104.60, 29.58, 29.64, 27.047, 913, 1620, 3273, 6368, 10637, 12914, 16111, 19020, 36000, 3454, 1, 1, 111, 119, 265, 620, 1360, 1595, 1731, 1583, 3436, 268, 0, 0
15:47:23, 1110.40, 29.56, 29.67, 27.008, 914, 1716, 3313, 6849, 10027, 12066, 15200, 18331, 36000, 3289, 1, 1, 110, 115, 257, 606, 1315, 1551, 1683, 1540, 3363, 263, 0, 0
15:47:24, 1115.90, 29.54, 29.67, 26.992, 827, 1432, 2918, 6258, 9147, 10958, 13867, 14601, 36000, 2774, 1, 1, 101, 103, 228, 546, 1213, 1441, 1563, 1425, 3115, 245, 0, 0
15:47:25, 1121.60, 29.53, 29.69, 26.992, 733, 1145, 2462, 5364, 8462, 9784, 13687, 13442, 34048, 2393, 0, 1, 93, 93, 203, 495, 1121, 1340, 1454, 1323, 2881, 228, 0, 0
15:47:25, 1126.00, 29.51, 29.65, 26.977, 723, 1142, 2392, 5535, 8698, 10205, 14637, 14330, 35076, 2485, 0, 1, 86, 85, 182, 450, 1043, 1253, 1358, 1228, 2653, 211, 0, 0
15:47:26, 1131.10, 29.51, 29.67, 26.969, 618, 966, 1959, 4705, 6386, 7520, 9667, 10565, 27182, 2044, 0, 0, 81, 79, 167, 420, 984, 1190, 1290, 1164, 2498, 198, 0, 0
15:47:27, 1134.10, 29.50, 29.62, 26.969, 537, 790, 1693, 3950, 6921, 8204, 10662, 10702, 28500, 1936, 0, 0, 77, 74, 156, 395, 945, 1146, 1242, 1118, 2377, 188, 0, 0
15:47:27, 1138.30, 29.49, 29.65, 26.953, 512, 761, 1619, 3842, 6119, 7530, 9474, 10096, 26449, 1851, 0, 0, 74, 70, 146, 374, 902, 1098, 1191, 1071, 2272, 180, 0, 0
15:47:28, 1141.40, 29.48, 29.62, 26.961, 482, 716, 1495, 3620, 5770, 7109, 8930, 9475, 24896, 1740, 0, 0, 70, 66, 136, 350, 860, 1051, 1139, 1020, 2143, 171, 0, 0
15:47:29, 1145.30, 29.47, 29.69, 26.961, 416, 586, 1255, 2988, 5105, 6255, 7755, 8256, 21687, 1544, 0, 0, 66, 62, 126, 327, 812, 997, 1081, 966, 2020, 161, 0, 0
15:47:29, 1150.00, 29.46, 29.64, 26.953, 400, 554, 1177, 2831, 5343, 6718, 8363, 9165, 23494, 1627, 0, 0, 63, 58, 117, 305, 773, 954, 1034, 922, 1915, 153, 0, 0
15:47:30, 1154.60, 29.45, 29.64, 26.961, 357, 483, 1025, 2480, 4362, 5400, 6605, 7191, 18565, 1330, 0, 0, 59, 54, 108, 285, 728, 903, 978, 871, 1802, 144, 0, 0
15:47:31, 1158.20, 29.44, 29.67, 26.961, 351, 474, 995, 2443, 4855, 6119, 7763, 8368, 21052, 1433, 0, 0, 57, 51, 101, 269, 701, 873, 947, 842, 1740, 139, 0, 0
15:47:31, 1161.10, 29.43, 29.64, 26.945, 315, 402, 881, 2102, 3722, 4649, 5673, 6072, 15751, 1142, 0, 0, 55, 50, 97, 258, 674, 843, 914, 812, 1675, 135, 0, 0
15:47:32, 1164.20, 29.42, 29.65, 26.945, 303, 386, 824, 2049, 4057, 5116, 6585, 6919, 17431, 1254, 0, 0, 53, 47, 91, 244, 651, 816, 886, 785, 1619, 130, 0, 0
15:47:33, 1167.80, 29.42, 29.65, 26.945, 326, 440, 868, 2302, 3433, 4362, 5403, 5851, 14837, 1068, 0, 0, 51, 45, 86, 231, 618, 778, 843, 745, 1531, 123, 0, 0
15:47:33, 1170.40, 29.41, 29.64, 26.937, 250, 309, 659, 1630, 3109, 3923, 4800, 5066, 12848, 919, 0, 0, 48, 42, 80, 216, 588, 743, 806, 709, 1441, 116, 0, 0
15:47:34, 1171.90, 29.40, 29.64, 26.945, 248, 310, 657, 1616, 3259, 4194, 5150, 5810, 13804, 973, 0, 0, 47, 41, 77, 209, 573, 725, 786, 691, 1398, 112, 0, 0
15:47:35, 1175.90, 29.39, 29.67, 26.945, 230, 286, 581, 1441, 2697, 3470, 4207, 5013, 11842, 881, 0, 0, 45, 39, 73, 199, 548, 696, 754, 661, 1332, 107, 0, 0
15:47:35, 1182.00, 29.39, 29.69, 26.937, 205, 253, 512, 1288, 2411, 3113, 3787, 4275, 10158, 758, 0, 0, 43, 37, 68, 186, 517, 663, 718, 628, 1260, 102, 0, 0
15:47:36, 1184.30, 29.38, 29.64, 26.945, 211, 243, 523, 1292, 2456, 3178, 3795, 4109, 9857, 720, 0, 0, 41, 36, 65, 178, 507, 650, 705, 617, 1240, 100, 0, 0
15:47:37, 1185.60, 29.37, 29.64, 26.945, 201, 232, 491, 1224, 2373, 3052, 3717, 4027, 9797, 714, 0, 0, 40, 35, 63, 173, 498, 640, 694, 607, 1225, 99, 0, 0
15:47:37, 1186.70, 29.37, 29.67, 26.930, 178, 209, 427, 1097, 2248, 2912, 3530, 3817, 9468, 693, 0, 0, 40, 34, 61, 169, 490, 631, 683, 596, 1199, 97, 0, 0
15:47:38, 1186.60, 29.36, 29.65, 26.930, 160, 182, 384, 970, 1877, 2406, 2821, 3070, 7561, 577, 0, 0, 39, 33, 59, 165, 478, 616, 665, 578, 1147, 93, 0, 0
15:47:39, 1187.40, 29.35, 29.65, 26.937, 130, 141, 302, 746, 1566, 1983, 2302, 2457, 6154, 487, 0, 0, 36, 31, 56, 155, 457, 590, 635, 549, 1071, 87, 0, 0
15:47:39, 1188.70, 29.35, 29.65, 26.930, 115, 127, 273, 688, 1318, 1662, 1916, 2020, 5084, 411, 0, 0, 35, 30, 54, 150, 437, 566, 607, 524, 1019, 83, 0, 0
15:47:40, 1189.50, 29.34, 29.69, 26.930, 100, 111, 241, 604, 1187, 1489, 1730, 1806, 4331, 348, 0, 0, 34, 29, 51, 141, 418, 542, 580, 498, 956, 78, 0, 0
15:47:41, 1189.10, 29.34, 29.67, 26.945, 91, 101, 219, 546, 1105, 1380, 1607, 1663, 3821, 303, 0, 0, 33, 28, 49, 137, 409, 531, 567, 485, 924, 75, 0, 0
15:47:41, 1190.50, 29.33, 29.65, 26.937, 84, 93, 202, 502, 1019, 1262, 1486, 1520, 3595, 295, 0, 0, 32, 28, 48, 134, 402, 523, 558, 478, 916, 75, 0, 0
15:47:42, 1190.00, 29.33, 29.69, 26.937, 82, 91, 195, 486, 1014, 1263, 1478, 1527, 3612, 296, 0, 0, 33, 28, 49, 136, 413, 536, 573, 491, 932, 76, 0, 0
15:47:43, 1189.10, 29.33, 29.67, 26.930, 88, 98, 212, 527, 1068, 1332, 1552, 1609, 3739, 301, 0, 0, 33, 29, 50, 140, 415, 537, 574, 492, 949, 77, 0, 0
15:47:43, 1188.30, 29.33, 29.69, 26.937, 84, 93, 201, 499, 1019, 1269, 1476, 1535, 3660, 298, 0, 0, 33, 28, 49, 137, 408, 528, 563, 482, 935, 76, 0, 0
15:47:44, 1184.30, 29.32, 29.65, 26.937, 83, 92, 201, 496, 1030, 1280, 1484, 1540, 3625, 288, 0, 0, 33, 28, 50, 139, 415, 536, 570, 487, 945, 77, 0, 0
15:47:45, 1179.60, 29.32, 29.65, 26.953, 88, 98, 216, 531, 1083, 1342, 1552, 1609, 3886, 309, 0, 0, 34, 29, 53, 147, 438, 562, 598, 512, 1000, 81, 0, 0
15:47:45, 1177.10, 29.31, 29.67, 26.961, 97, 109, 242, 589, 1154, 1431, 1638, 1729, 4517, 370, 0, 0, 37, 32, 58, 160, 468, 598, 638, 548, 1099, 89, 0, 0
15:47:46, 1174.70, 29.30, 29.67, 26.961, 110, 123, 274, 665, 1317, 1640, 1868, 2005, 5395, 438, 0, 0, 39, 34, 62, 170, 492, 626, 669, 578, 1178, 96, 0, 0
15:47:47, 1171.80, 29.30, 29.65, 26.961, 131, 148, 335, 808, 1573, 1946, 2236, 2380, 6407, 502, 0, 0, 42, 36, 67, 185, 522, 662, 709, 616, 1281, 104, 0, 0
15:47:47, 1168.70, 29.30, 29.67, 26.969, 151, 172, 394, 944, 1862, 2298, 2673, 2804, 7472, 568, 0, 0, 43, 38, 70, 193, 541, 682, 731, 637, 1329, 108, 0, 0
15:47:48, 1165.70, 29.29, 29.69, 26.969, 166, 192, 446, 1048, 1962, 2425, 2802, 2988, 7945, 607, 0, 0, 45, 40, 75, 205, 563, 707, 758, 662, 1382, 112, 0, 0
15:47:49, 1165.20, 29.28, 29.71, 26.961, 168, 198, 456, 1078, 2014, 2501, 2890, 3079, 7940, 607, 0, 0, 45, 39, 75, 205, 556, 698, 747, 651, 1339, 108, 0, 0
15:47:49, 1166.90, 29.28, 29.69, 26.961, 155, 185, 412, 983, 1871, 2341, 2672, 2891, 7526, 594, 0, 0, 43, 38, 72, 196, 539, 679, 726, 631, 1268, 102, 0, 0
15:47:50, 1168.90, 29.27, 29.69, 26.961, 145, 173, 386, 923, 1753, 2201, 2509, 2723, 6907, 542, 0, 0, 42, 37, 70, 192, 528, 668, 714, 620, 1229, 99, 0, 0
15:47:51, 1169.20, 29.27, 29.65, 26.953, 133, 159, 355, 842, 1613, 2003, 2297, 2489, 6010, 467, 0, 0, 41, 36, 67, 185, 514, 652, 696, 601, 1168, 94, 0, 0
15:47:51, 1169.60, 29.26, 29.67, 26.953, 117, 140, 313, 740, 1404, 1725, 1999, 2123, 5068, 402, 0, 0, 40, 35, 65, 178, 496, 631, 671, 579, 1115, 90, 0, 0
15:47:52, 1170.40, 29.26, 29.65, 26.953, 105, 125, 281, 666, 1253, 1528, 1786, 1862, 4407, 354, 0, 0, 38, 33, 62, 171, 478, 609, 647, 557, 1078, 87, 0, 0
15:47:52, 1170.60, 29.25, 29.69, 26.945, 96, 114, 255, 606, 1162, 1420, 1662, 1722, 3964, 317, 0, 0, 38, 33, 61, 167, 473, 604, 643, 552, 1066, 86, 0, 0
15:47:53, 1169.50, 29.24, 29.69, 26.945, 93, 111, 247, 587, 1143, 1392, 1631, 1688, 3928, 317, 0, 0, 39, 34, 62, 170, 485, 618, 658, 567, 1087, 88, 0, 0
15:47:54, 1168.00, 29.24, 29.71, 26.945, 101, 120, 270, 638, 1241, 1506, 1759, 1823, 4262, 342, 0, 0, 39, 35, 64, 176, 498, 634, 675, 581, 1124, 91, 0, 0
15:47:54, 1168.70, 29.24, 29.71, 26.937, 100, 120, 270, 635, 1206, 1456, 1705, 1769, 4373, 361, 0, 0, 40, 35, 65, 178, 503, 640, 684, 591, 1157, 94, 0, 0
15:47:55, 1167.80, 29.23, 29.71, 26.937, 100, 118, 267, 627, 1216, 1480, 1709, 1800, 4538, 370, 0, 0, 41, 36, 66, 181, 510, 650, 695, 602, 1187, 96, 0, 0
15:47:56, 1168.40, 29.23, 29.67, 26.937, 102, 119, 270, 634, 1213, 1477, 1692, 1788, 4714, 388, 0, 0, 41, 36, 66, 180, 507, 645, 691, 600, 1207, 98, 0, 0
15:47:56, 1167.90, 29.22, 29.71, 26.930, 103, 118, 270, 636, 1198, 1463, 1663, 1760, 4675, 383, 0, 0, 41, 36, 66, 181, 511, 650, 697, 606, 1225, 100, 0, 0
15:47:57, 1166.70, 29.22, 29.69, 26.937, 101, 116, 265, 623, 1176, 1434, 1629, 1729, 4636, 380, 0, 0, 41, 36, 67, 182, 510, 649, 696, 605, 1225, 100, 0, 0
15:47:58, 1166.60, 29.21, 29.67, 26.937, 98, 114, 259, 605, 1139, 1383, 1571, 1662, 4499, 373, 0, 0, 41, 36, 66, 182, 510, 648, 694, 604, 1227, 100, 0, 0
15:47:58, 1167.80, 29.20, 29.67, 26.922, 96, 110, 251, 585, 1119, 1360, 1549, 1637, 4409, 366, 0, 0, 41, 36, 66, 180, 504, 641, 687, 596, 1207, 98, 0, 0
15:47:59, 1169.80, 29.19, 29.71, 26.922, 95, 108, 247, 579, 1102, 1340, 1526, 1610, 4306, 357, 0, 0, 40, 35, 63, 173, 489, 624, 668, 579, 1171, 95, 0, 0
15:48:00, 1168.40, 29.18, 29.67, 26.914, 92, 105, 237, 562, 1053, 1285, 1458, 1546, 4167, 346, 0, 0, 40, 34, 63, 173, 491, 626, 671, 581, 1168, 95, 0, 0
15:48:00, 1160.70, 29.18, 29.71, 26.922, 93, 107, 245, 572, 1125, 1370, 1557, 1643, 4210, 335, 0, 0, 41, 36, 67, 183, 520, 657, 702, 607, 1202, 98, 0, 0
15:48:01, 1158.60, 29.17, 29.67, 26.922, 95, 113, 260, 594, 1101, 1318, 1512, 1585, 4211, 350, 0, 0, 42, 37, 69, 188, 525, 663, 706, 610, 1206, 98, 0, 0
15:48:02, 1154.10, 29.17, 29.69, 26.922, 105, 127, 295, 674, 1264, 1520, 1737, 1823, 4634, 367, 0, 0, 44, 39, 74, 201, 555, 697, 743, 643, 1276, 103, 0, 0
15:48:02, 1148.60, 29.16, 29.67, 26.930, 119, 148, 345, 779, 1457, 1755, 1992, 2108, 5475, 429, 0, 0, 48, 43, 83, 222, 610, 759, 813, 709, 1432, 116, 0, 0
15:48:03, 1142.30, 29.16, 29.71, 26.930, 148, 188, 441, 978, 1827, 2195, 2495, 2659, 7105, 549, 0, 0, 55, 50, 98, 261, 696, 858, 921, 813, 1692, 137, 0, 0
15:48:04, 1139.10, 29.15, 29.71, 26.937, 171, 220, 510, 1104, 1980, 2369, 2670, 2905, 8283, 655, 0, 0, 59, 54, 108, 283, 734, 903, 972, 861, 1822, 148, 0, 0
15:48:04, 1135.70, 29.15, 29.71, 26.930, 187, 246, 581, 1243, 2129, 2539, 2876, 3095, 8696, 669, 0, 0, 60, 55, 112, 292, 735, 902, 968, 857, 1822, 148, 0, 0
15:48:05, 1133.10, 29.14, 29.67, 26.930, 170, 227, 532, 1124, 1874, 2225, 2502, 2715, 7550, 596, 0, 0, 57, 53, 108, 281, 713, 874, 934, 822, 1679, 135, 0, 0
15:48:06, 1128.90, 29.14, 29.69, 26.922, 157, 217, 506, 1059, 1798, 2115, 2399, 2563, 6819, 538, 0, 0, 56, 53, 107, 278, 713, 872, 928, 814, 1598, 128, 0, 0
15:48:06, 1122.80, 29.13, 29.71, 26.937, 161, 232, 540, 1104, 1894, 2206, 2527, 2683, 6702, 515, 0, 0, 59, 56, 115, 298, 764, 931, 991, 872, 1677, 135, 0, 0
15:48:07, 1119.60, 29.13, 29.67, 26.937, 187, 280, 648, 1292, 2066, 2400, 2725, 2960, 7834, 620, 0, 0, 66, 63, 132, 336, 831, 1005, 1076, 955, 1902, 152, 0, 0
15:48:08, 1114.90, 29.12, 29.71, 26.953, 208, 311, 710, 1417, 2585, 3039, 3435, 3696, 10042, 766, 0, 0, 72, 70, 148, 372, 907, 1090, 1172, 1047, 2141, 172, 0, 0
15:48:09, 1110.90, 29.12, 29.71, 26.961, 252, 384, 878, 1719, 2757, 3228, 3624, 3986, 11474, 895, 0, 0, 78, 77, 165, 410, 970, 1161, 1253, 1127, 2383, 192, 0, 0
15:48:09, 1105.40, 29.12, 29.71, 26.961, 254, 394, 901, 1722, 2668, 3095, 3474, 3804, 11151, 866, 0, 0, 81, 81, 175, 428, 983, 1171, 1261, 1135, 2421, 195, 0, 0
15:48:10, 1102.90, 29.12, 29.69, 26.945, 224, 355, 790, 1479, 2181, 2500, 2787, 3086, 9269, 758, 0, 0, 77, 77, 167, 407, 936, 1114, 1194, 1069, 2264, 182, 0, 0
15:48:11, 1097.30, 29.12, 29.69, 26.953, 210, 340, 752, 1388, 2154, 2464, 2758, 3016, 8700, 693, 0, 0, 78, 79, 170, 413, 963, 1141, 1220, 1088, 2239, 179, 0, 0
15:48:11, 1093.90, 29.12, 29.71, 26.953, 232, 389, 849, 1523, 2409, 2742, 3055, 3356, 9900, 800, 0, 0, 84, 87, 190, 454, 1047, 1230, 1320, 1186, 2512, 200, 0, 0
15:48:12, 1090.00, 29.11, 29.71, 26.953, 298, 509, 1110, 1981, 3200, 3622, 4117, 4439, 13181, 1017, 0, 0, 93, 99, 218, 512, 1160, 1356, 1459, 1322, 2861, 227, 0, 0
15:48:13, 1084.40, 29.11, 29.75, 26.969, 344, 595, 1271, 2217, 3503, 3978, 4440, 4892, 15261, 1219, 0, 0, 101, 110, 243, 562, 1228, 1428, 1538, 1393, 3016, 241, 0, 0
15:48:13, 1077.50, 29.10, 29.71, 26.969, 316, 563, 1178, 1984, 2651, 2982, 3305, 3681, 11679, 981, 0, 0, 95, 105, 231, 532, 1129, 1307, 1398, 1257, 2701, 215, 0, 0
15:48:14, 1073.50, 29.10, 29.73, 26.977, 285, 517, 1043, 1689, 2216, 2455, 2698, 3050, 10247, 952, 0, 0, 94, 105, 230, 523, 1135, 1310, 1399, 1257, 2708, 218, 0, 0
15:48:15, 1068.80, 29.10, 29.71, 26.992, 333, 609, 1207, 1920, 2988, 3309, 3704, 4075, 13332, 1150, 0, 0, 107, 123, 271, 603, 1321, 1510, 1625, 1482, 3345, 270, 0, 0
15:48:15, 1063.50, 29.09, 29.71, 26.992, 1448, 2476, 4782, 8902, 17658, 19804, 29472, 25605, 36000, 5736, 1, 1, 140, 174, 387, 814, 1640, 1858, 2008, 1864, 4531, 368, 0, 0
15:48:16, 1061.70, 29.09, 29.71, 26.992, 3166, 5617, 10775, 16627, 19351, 22115, 28060, 30303, 36000, 7501, 1, 1, 160, 204, 455, 926, 1776, 2000, 2168, 2022, 5094, 414, 0, 0
15:48:17, 1061.60, 29.08, 29.73, 26.992, 2982, 4943, 10280, 15518, 22995, 24170, 32174, 34294, 36000, 8197, 1, 1, 153, 197, 436, 886, 1659, 1868, 2023, 1885, 4605, 374, 0, 0
15:48:17, 1057.60, 29.08, 29.69, 26.992, 3300, 4986, 10518, 15777, 19831, 27353, 33455, 27614, 36000, 7638, 1, 1, 130, 165, 362, 751, 1457, 1640, 1768, 1621, 3615, 289, 0, 0
15:48:18, 1053.10, 29.08, 29.73, 26.992, 2974, 4379, 10271, 14183, 12780, 14834, 16749, 18790, 36000, 4580, 1, 1, 125, 160, 351, 720, 1428, 1608, 1718, 1576, 3286, 259, 0, 0
15:48:19, 1048.90, 29.08, 29.75, 27.008, 3171, 4849, 12189, 13309, 23655, 29402, 33989, 35637, 36000, 8734, 1, 1, 136, 179, 388, 784, 1575, 1759, 1889, 1740, 3664, 292, 0, 0
15:48:19, 1047.00, 29.07, 29.71, 27.008, 3070, 7669, 9812, 20611, 22043, 26505, 29686, 33913, 36000, 12006, 1, 1, 164, 225, 490, 954, 1777, 1976, 2135, 1982, 4407, 358, 0, 0
15:48:20, 1036.00, 29.07, 29.75, 27.031, 5246, 10587, 16429, 26916, 29832, 31126, 34902, 33947, 36000, 16436, 1, 1, 196, 285, 600, 1126, 2102, 2300, 2496, 2343, 5605, 472, 0, 0
15:48:21, 1026.50, 29.07, 29.73, 27.055, 8446, 14592, 25244, 36000, 36000, 36000, 36000, 36000, 36000, 19684, 1, 1, 270, 418, 853, 1510, 2692, 2909, 3164, 3013, 7844, 688, 0, 0
15:48:21, 1029.10, 29.06, 29.80, 27.055, 11719, 18828, 26814, 33119, 32534, 35073, 35999, 36000, 36000, 29373, 1, 1, 345, 538, 1090, 1885, 3150, 3411, 3712, 3563, 9561, 847, 0, 0
15:48:22, 1027.40, 29.06, 29.71, 27.070, 9751, 17115, 28161, 34910, 35179, 35987, 36000, 36000, 36000, 20380, 1, 1, 316, 489, 998, 1766, 2995, 3242, 3540, 3368, 8900, 777, 0, 0
15:48:23, 1023.90, 29.06, 29.76, 27.062, 9244, 15104, 22369, 34448, 35462, 35239, 35068, 36000, 36000, 31426, 1, 1, 308, 482, 974, 1683, 2771, 2987, 3256, 3109, 8129, 721, 0, 0
15:48:23, 1022.50, 29.06, 29.71, 27.062, 13848, 16219, 27634, 33117, 34857, 36000, 36000, 36000, 36000, 36000, 1, 1, 307, 487, 958, 1593, 2595, 2773, 3017, 2882, 7397, 669, 0, 0
15:48:24, 1021.40, 29.06, 29.71, 27.070, 12543, 15338, 34466, 30051, 35787, 35980, 36000, 36000, 36000, 35620, 1, 1, 297, 471, 928, 1559, 2620, 2818, 3049, 2910, 6883, 617, 0, 0
15:48:25, 1018.80, 29.05, 29.75, 27.094, 11046, 21892, 26421, 33735, 36000, 36000, 36000, 36000, 36000, 35851, 1, 1, 316, 503, 989, 1675, 2787, 3011, 3249, 3112, 7171, 648, 0, 0
15:48:25, 1018.50, 29.05, 29.73, 27.094, 12547, 23495, 27409, 36000, 36000, 36000, 36000, 36000, 36000, 36000, 1, 1, 328, 523, 1023, 1706, 2746, 2969, 3202, 3065, 6993, 643, 0, 0
15:48:26, 1019.50, 29.05, 29.73, 27.125, 11160, 21807, 30360, 35811, 34604, 36000, 31949, 36000, 36000, 36000, 1, 1, 321, 515, 1007, 1652, 2624, 2837, 3060, 2928, 6727, 610, 0, 0
15:48:27, 1012.70, 29.04, 29.73, 27.172, 11902, 23420, 32824, 33410, 36000, 36000, 36000, 36000, 36000, 36000, 1, 1, 1153, 1841, 2785, 3655, 5287, 5779, 6159, 6675, 21980, 6996, 0, 0
15:48:27, 1012.70, 29.02, 29.78, 27.172, 14871, 21543, 30340, 35952, 30133, 33368, 33979, 35987, 36000, 36000, 1, 1, 2563, 3799, 5873, 7299, 12086, 14866, 14110, 15230, 36000, 21916, 1, 1
15:48:28, 1012.90, 29.03, 29.73, 27.109, 8154, 14761, 18938, 24600, 21202, 26432, 26210, 27667, 35557, 30164, 0, 1, 2542, 4512, 6462, 7124, 11815, 15137, 14413, 15722, 36000, 23663, 1, 1
15:48:29, 1012.40, 29.01, 29.73, 26.898, 8661, 15073, 19827, 25734, 15936, 17504, 16707, 19689, 29212, 25589, 0, 0, 10525, 18614, 24388, 30220, 13636, 15622, 17429, 19844, 34665, 24531, 0, 1
15:48:29, 1012.80, 28.98, 29.75, 26.898, 12183, 21257, 32858, 35098, 28134, 28443, 36000, 36000, 36000, 14972, 1, 1, 19062, 30283, 36000, 36000, 36000, 36000, 36000, 36000, 36000, 36000, 1, 1
15:48:30, 1013.30, 28.99, 29.78, 26.820, 13806, 21008, 34079, 32714, 36000, 36000, 35717, 36000, 36000, 34951, 1, 1, 27704, 36000, 36000, 36000, 36000, 36000, 36000, 36000, 36000, 36000, 1, 1
15:48:31, 1011.80, 28.95, 29.78, 26.805, 8348, 19556, 26256, 31501, 36000, 33438, 36000, 36000, 36000, 36000, 1, 1, 20779, 30848, 36000, 36000, 36000, 36000, 36000, 36000, 36000, 36000, 1, 1
15:48:31, 1012.90, 28.97, 29.76, 26.805, 535, 886, 1252, 1493, 331, 315, 403, 430, 3252, 3173, 0, 0, 36000, 36000, 36000, 36000, 36000, 36000, 36000, 36000, 36000, 36000, 1, 1
