Secchi Depth (cm) = 0020
Forel Ule Scale = 21
pH Colour Scale = 99
SensingSecchi S/N = A016
Latitude (degs N) = 34.31506
Longitude (degs E) = -77.95396
Date = 2026-05-27
Time (UTC), Pressure (mbar) MS5803, Temp (deg C) MS5803, Temp (deg C) 10KTHERM, Temp (deg C) TMP117, ED 415nm, ED 445nm, ED 480nm, ED 515nm, ED 555nm, ED 590nm, ED 630nm, ED 680nm, ED Clear, ED NIR, ED D-SAT, ED A-SAT, EU 415nm, EU 445nm, EU 480nm, EU 515nm, EU 555nm, EU 590nm, EU 630nm, EU 680nm, EU Clear, EU NIR, EU D-SAT, EU A-SAT
18:09:19, 1012.20, 30.52, 30.61, 29.516, 9489, 18255, 24825, 27094, 36000, 36000, 36000, 36000, 36000, 36000, 1, 1, 15535, 25038, 34592, 36000, 36000, 36000, 36000, 36000, 36000, 36000, 1, 1
18:09:19, 1010.10, 30.51, 30.56, 29.516, 12750, 22706, 30097, 36000, 36000, 36000, 36000, 36000, 36000, 36000, 1, 1, 13717, 21583, 29836, 36000, 36000, 36000, 36000, 36000, 36000, 36000, 1, 1
18:09:20, 1009.80, 30.54, 30.59, 29.539, 12579, 20342, 29617, 32089, 36000, 36000, 36000, 36000, 36000, 36000, 1, 1, 14875, 25966, 34622, 36000, 36000, 36000, 36000, 36000, 36000, 36000, 1, 1
18:09:21, 1010.60, 30.53, 30.59, 29.570, 6333, 11621, 14971, 19103, 16122, 16356, 17209, 17565, 24059, 10516, 0, 0, 17511, 28955, 36000, 36000, 36000, 36000, 36000, 36000, 36000, 36000, 1, 1
18:09:21, 1011.50, 30.56, 30.61, 29.570, 13433, 25625, 33761, 36000, 36000, 36000, 36000, 36000, 36000, 36000, 1, 1, 8595, 15210, 19965, 26587, 28891, 31495, 36000, 36000, 36000, 35454, 1, 1
18:09:22, 1009.70, 30.57, 30.56, 29.570, 12765, 20575, 28848, 34914, 35433, 36000, 36000, 36000, 36000, 36000, 1, 1, 11505, 17218, 25718, 30050, 36000, 36000, 36000, 36000, 36000, 36000, 1, 1
18:09:23, 1010.70, 30.58, 30.59, 29.602, 11160, 20705, 27891, 34747, 31969, 32037, 32817, 32947, 33956, 17776, 0, 1, 10133, 16313, 23045, 28502, 32369, 35790, 36000, 36000, 36000, 36000, 1, 1
18:09:23, 1010.80, 30.58, 30.63, 29.602, 14265, 25339, 35990, 36000, 36000, 36000, 36000, 36000, 36000, 36000, 1, 1, 9248, 15642, 20818, 27236, 35356, 36000, 36000, 36000, 36000, 36000, 1, 1
18:09:24, 1011.20, 30.58, 30.61, 29.594, 13030, 20097, 30578, 36000, 36000, 36000, 36000, 36000, 36000, 36000, 1, 1, 9362, 15705, 21712, 27570, 31510, 34537, 36000, 36000, 36000, 36000, 1, 1
18:09:25, 1011.20, 30.59, 30.59, 29.602, 12819, 23334, 30347, 36000, 36000, 36000, 36000, 36000, 36000, 36000, 1, 1, 9324, 15533, 21426, 27849, 34989, 36000, 36000, 36000, 36000, 36000, 1, 1
18:09:25, 1010.80, 30.59, 30.58, 29.602, 12613, 20381, 30872, 36000, 36000, 36000, 36000, 36000, 36000, 36000, 1, 1, 9588, 17250, 21999, 30191, 29611, 34761, 36000, 36000, 36000, 29601, 1, 1
18:09:26, 1011.40, 30.59, 30.63, 29.586, 13163, 25231, 32991, 36000, 36000, 36000, 36000, 36000, 36000, 36000, 1, 1, 6799, 11515, 16096, 19703, 29574, 31427, 35943, 36000, 36000, 36000, 1, 1
18:09:27, 1010.60, 30.56, 30.61, 29.609, 7801, 14012, 19049, 23973, 36000, 36000, 36000, 36000, 36000, 22841, 1, 1, 14646, 22773, 32804, 36000, 36000, 36000, 36000, 36000, 36000, 36000, 1, 1
18:09:27, 1010.30, 30.59, 30.59, 29.609, 10798, 19060, 28152, 31672, 36000, 36000, 36000, 36000, 36000, 36000, 1, 1, 8506, 13008, 18466, 23736, 27966, 31157, 36000, 36000, 36000, 36000, 1, 1
18:09:28, 1011.20, 30.60, 30.63, 29.617, 13335, 20620, 32769, 35983, 36000, 36000, 36000, 36000, 36000, 36000, 1, 1, 8072, 14713, 18276, 25988, 29418, 33342, 36000, 36000, 36000, 29704, 1, 1
18:09:29, 1011.10, 30.60, 30.65, 29.633, 14032, 21083, 32568, 33231, 36000, 36000, 36000, 36000, 36000, 22359, 1, 1, 7875, 15148, 18534, 25591, 23111, 23396, 29680, 35740, 36000, 36000, 1, 1
18:09:29, 1010.60, 30.58, 30.63, 29.633, 10369, 19062, 25255, 32991, 36000, 36000, 36000, 36000, 36000, 25120, 1, 1, 12745, 20160, 29306, 35017, 36000, 36000, 36000, 36000, 36000, 36000, 1, 1
18:09:30, 1010.40, 30.57, 30.63, 29.633, 11095, 20268, 27853, 34659, 36000, 36000, 36000, 36000, 36000, 36000, 1, 1, 9934, 16064, 22684, 28926, 34501, 36000, 36000, 36000, 36000, 36000, 1, 1
18:09:31, 1010.40, 30.58, 30.63, 29.664, 11474, 20853, 28072, 35023, 36000, 36000, 36000, 36000, 36000, 36000, 1, 1, 10114, 16368, 23063, 28617, 35999, 36000, 36000, 36000, 36000, 36000, 1, 1
18:09:31, 1011.20, 30.60, 30.65, 29.664, 10229, 19088, 26534, 32230, 36000, 36000, 36000, 36000, 36000, 19654, 1, 1, 11275, 19058, 26556, 33375, 35720, 35949, 36000, 36000, 36000, 36000, 1, 1
18:09:32, 1011.50, 30.62, 30.61, 29.680, 11547, 19660, 27447, 32692, 36000, 36000, 36000, 36000, 36000, 23157, 1, 1, 8153, 13086, 18907, 22429, 23004, 24793, 30785, 35060, 36000, 29405, 1, 1
18:09:33, 1010.50, 30.63, 30.61, 29.656, 13680, 25886, 35027, 36000, 36000, 36000, 36000, 36000, 36000, 36000, 1, 1, 6395, 10886, 13875, 18801, 25374, 29779, 35169, 36000, 36000, 26661, 1, 1
18:09:33, 1010.10, 30.61, 30.65, 29.656, 11992, 21302, 28052, 36000, 36000, 36000, 36000, 36000, 36000, 36000, 1, 1, 9733, 14165, 20984, 24038, 35065, 36000, 36000, 36000, 36000, 36000, 1, 1
18:09:34, 1009.70, 30.60, 30.59, 29.641, 11317, 20364, 28882, 32430, 36000, 36000, 36000, 36000, 36000, 36000, 1, 1, 12470, 19032, 28331, 32594, 36000, 36000, 36000, 36000, 36000, 36000, 1, 1
18:09:35, 1009.60, 30.60, 30.67, 29.641, 11507, 21166, 30181, 36000, 4604, 4955, 6194, 7407, 13089, 6594, 1, 1, 7484, 11405, 17184, 19399, 36000, 36000, 36000, 36000, 36000, 36000, 1, 1
18:09:35, 1012.30, 30.66, 30.69, 29.656, 8957, 15120, 18773, 24723, 33898, 34586, 36000, 36000, 35266, 15220, 1, 1, 3497, 4810, 7205, 8519, 8990, 10059, 12230, 13939, 35919, 14031, 0, 1
18:09:36, 1011.00, 30.68, 30.67, 29.641, 9539, 17619, 22948, 29106, 36000, 36000, 36000, 36000, 36000, 35980, 1, 1, 1936, 2746, 4086, 4836, 6063, 7170, 8200, 10833, 22492, 7125, 0, 0
18:09:37, 1010.80, 30.65, 30.65, 29.641, 11516, 20943, 29452, 33141, 35767, 35520, 36000, 36000, 36000, 36000, 1, 1, 1314, 2017, 2934, 3592, 6903, 7835, 9497, 11419, 33827, 10405, 0, 1
18:09:37, 1012.10, 30.67, 30.65, 29.641, 9263, 17538, 24085, 26894, 35978, 35980, 36000, 36000, 36000, 36000, 1, 1, 653, 866, 1327, 1956, 2631, 3293, 4727, 6090, 13388, 2827, 0, 0
18:09:38, 1015.50, 30.62, 30.65, 28.414, 12466, 20052, 26720, 29913, 32911, 36000, 36000, 36000, 36000, 36000, 1, 1, 410, 519, 828, 1333, 2047, 2667, 3891, 5139, 10655, 1924, 0, 0
18:09:39, 1018.80, 30.59, 30.63, 28.414, 9551, 13725, 19284, 22375, 28189, 32891, 35090, 35307, 36000, 36000, 1, 1, 363, 450, 706, 1151, 1697, 2271, 3402, 4573, 8915, 1570, 0, 0
18:09:39, 1018.70, 30.55, 30.69, 27.594, 2247, 2773, 5767, 4990, 3769, 3753, 4662, 5155, 24618, 10204, 0, 0, 536, 684, 1081, 1744, 2511, 3279, 4746, 6291, 13436, 2540, 0, 0
18:09:40, 1020.50, 30.51, 30.63, 27.297, 2141, 2325, 3970, 3999, 4888, 5467, 5571, 6853, 36000, 24756, 1, 1, 518, 633, 990, 1604, 2629, 3480, 5044, 6758, 13969, 2674, 0, 0
18:09:41, 1021.20, 30.47, 30.65, 27.297, 2795, 2079, 3456, 5402, 7084, 16209, 15515, 14077, 36000, 10098, 1, 1, 385, 449, 696, 1161, 2127, 2861, 4186, 5593, 10289, 1720, 0, 0
18:09:41, 1019.20, 30.42, 30.63, 27.187, 2225, 5182, 5457, 12327, 15611, 11586, 22684, 12928, 20110, 5455, 0, 0, 378, 454, 709, 1184, 1894, 2592, 3816, 5130, 8523, 1394, 0, 0
18:09:42, 1022.70, 30.36, 30.67, 27.242, 1045, 1626, 2600, 3437, 5384, 5153, 7341, 7744, 11245, 2844, 0, 0, 292, 326, 479, 827, 1514, 2148, 3276, 4505, 6674, 1011, 0, 0
18:09:43, 1022.60, 30.30, 30.67, 27.242, 670, 1105, 1773, 2426, 5353, 5662, 7548, 8306, 10013, 2051, 0, 0, 253, 276, 400, 693, 1346, 1899, 2918, 3995, 5831, 864, 0, 0
18:09:43, 1025.60, 30.24, 30.65, 27.273, 2285, 1814, 3479, 4655, 4566, 7668, 6912, 8460, 15033, 3443, 0, 0, 250, 275, 407, 700, 1269, 1788, 2769, 3788, 5850, 889, 0, 0
18:09:44, 1023.20, 30.19, 30.63, 27.250, 3017, 3259, 4904, 9478, 6792, 11820, 12959, 13624, 31728, 6121, 0, 0, 244, 269, 401, 695, 1328, 1844, 2802, 3759, 5899, 886, 0, 0
18:09:45, 1017.50, 30.16, 30.63, 27.250, 2083, 2131, 3485, 5128, 6126, 11447, 8572, 10991, 17593, 4672, 0, 0, 283, 324, 507, 872, 1664, 2271, 3371, 4446, 6773, 1001, 0, 0
18:09:45, 1019.60, 30.13, 30.65, 27.328, 2284, 2183, 4029, 4175, 4090, 4796, 4675, 6070, 10149, 2681, 0, 0, 327, 368, 569, 991, 1811, 2512, 3742, 4970, 7149, 991, 0, 0
18:09:46, 1016.80, 30.10, 30.63, 27.336, 1137, 1354, 2475, 2678, 4868, 5236, 5795, 7255, 10778, 2784, 0, 0, 310, 350, 544, 942, 1757, 2407, 3569, 4695, 7125, 1017, 0, 0
18:09:47, 1019.70, 30.07, 30.63, 27.336, 4164, 2796, 4641, 8842, 6687, 14864, 16312, 16422, 28283, 5399, 0, 0, 280, 321, 508, 875, 1664, 2248, 3320, 4358, 7251, 1101, 0, 0
18:09:47, 1024.20, 30.05, 30.65, 27.367, 5709, 8790, 11006, 16694, 23578, 25006, 29283, 32970, 34845, 7821, 0, 1, 233, 271, 425, 742, 1310, 1779, 2640, 3447, 6019, 906, 0, 0
18:09:48, 1021.70, 30.03, 30.63, 27.328, 3229, 5965, 8281, 11450, 9330, 13044, 10775, 16882, 15108, 3250, 0, 0, 227, 249, 376, 663, 1319, 1847, 2778, 3703, 5368, 749, 0, 0
18:09:49, 1018.50, 30.01, 30.63, 27.328, 3178, 2364, 5233, 4887, 7376, 8764, 7093, 10672, 12243, 3042, 0, 0, 262, 294, 453, 795, 1529, 2122, 3147, 4178, 6179, 892, 0, 0
18:09:49, 1018.10, 30.00, 30.63, 27.312, 1714, 2251, 4028, 4197, 8348, 5068, 10507, 7874, 11633, 3299, 0, 0, 302, 353, 543, 929, 1662, 2296, 3401, 4526, 6920, 1066, 0, 0
18:09:50, 1020.10, 29.98, 30.63, 27.312, 1412, 2204, 3575, 4201, 6930, 5440, 9261, 7875, 14183, 4076, 0, 0, 279, 316, 484, 838, 1446, 2021, 3027, 4064, 6172, 942, 0, 0
18:09:51, 1014.60, 29.96, 30.63, 27.312, 1582, 1725, 3436, 3254, 3525, 4004, 4478, 5257, 8198, 1934, 0, 0, 283, 325, 491, 831, 1464, 1997, 2979, 4017, 6281, 1054, 0, 0
18:09:51, 1019.20, 29.94, 30.63, 27.234, 3688, 2431, 5500, 4972, 3989, 6069, 4921, 6464, 12004, 3610, 0, 0, 223, 250, 371, 627, 1037, 1437, 2189, 2989, 4684, 756, 0, 0
18:09:52, 1019.10, 29.92, 30.65, 27.094, 935, 1139, 1828, 2391, 2373, 2861, 3068, 3714, 7156, 1873, 0, 0, 149, 167, 250, 425, 692, 950, 1434, 1947, 2990, 484, 0, 0
18:09:53, 1023.20, 29.90, 30.63, 27.094, 822, 1094, 1807, 2094, 2314, 2500, 2833, 3303, 6349, 1364, 0, 0, 107, 119, 175, 300, 534, 752, 1150, 1579, 2282, 342, 0, 0
18:09:53, 1026.00, 29.87, 30.63, 27.023, 475, 793, 1276, 1706, 2321, 2505, 3059, 3500, 6619, 1251, 0, 0, 88, 96, 142, 250, 447, 632, 960, 1300, 1938, 274, 0, 0
18:09:54, 1022.10, 29.84, 30.63, 27.039, 459, 634, 1094, 1444, 2015, 2401, 2538, 3124, 5342, 1026, 0, 0, 83, 91, 140, 248, 484, 663, 983, 1286, 1952, 271, 0, 0
18:09:55, 1024.00, 29.81, 30.61, 27.039, 1113, 1371, 2283, 3278, 3900, 5188, 5964, 6355, 14991, 2656, 0, 0, 80, 92, 149, 261, 451, 609, 892, 1158, 1976, 286, 0, 0
18:09:55, 1027.40, 29.79, 30.69, 27.133, 1032, 1976, 2937, 3837, 4323, 4501, 5572, 6865, 15091, 2594, 0, 0, 69, 77, 120, 214, 383, 530, 793, 1043, 1683, 234, 0, 0
18:09:56, 1029.40, 29.77, 30.63, 27.133, 785, 1399, 2332, 3229, 4470, 4938, 6367, 6867, 10300, 1962, 0, 0, 63, 69, 107, 192, 359, 501, 750, 980, 1588, 216, 0, 0
18:09:57, 1031.80, 29.76, 30.65, 27.148, 599, 994, 1649, 2366, 1980, 2175, 2714, 3111, 5238, 899, 0, 0, 61, 64, 96, 176, 359, 514, 779, 1029, 1392, 173, 0, 0
18:09:57, 1029.80, 29.74, 30.63, 27.187, 278, 414, 766, 1073, 1918, 1959, 2696, 2918, 4242, 694, 0, 0, 69, 74, 111, 201, 442, 627, 935, 1239, 1772, 238, 0, 0
18:09:58, 1028.40, 29.72, 30.61, 27.187, 313, 502, 877, 1214, 1593, 1708, 2195, 2407, 4618, 797, 0, 0, 81, 87, 130, 233, 463, 660, 996, 1327, 1771, 230, 0, 0
18:09:59, 1029.40, 29.70, 30.61, 27.180, 280, 386, 697, 964, 1529, 1872, 2016, 2484, 4151, 730, 0, 0, 70, 74, 112, 199, 380, 537, 818, 1090, 1558, 208, 0, 0
18:09:59, 1028.20, 29.69, 30.63, 27.156, 399, 463, 815, 1223, 1445, 1761, 2050, 2351, 4940, 921, 0, 0, 70, 75, 113, 201, 399, 561, 859, 1146, 1794, 250, 0, 0
18:10:00, 1027.00, 29.67, 30.61, 27.156, 496, 741, 1213, 1807, 2172, 2638, 3166, 3580, 8761, 1587, 0, 0, 77, 85, 130, 227, 429, 593, 900, 1201, 1932, 288, 0, 0
18:10:01, 1030.10, 29.66, 30.61, 27.125, 326, 448, 765, 1110, 1375, 1632, 1925, 2234, 4392, 798, 0, 0, 67, 71, 104, 184, 349, 501, 781, 1053, 1478, 197, 0, 0
18:10:01, 1029.10, 29.65, 30.63, 27.102, 585, 775, 1389, 1876, 2498, 2840, 3219, 4230, 5580, 1022, 0, 0, 72, 76, 110, 196, 392, 565, 871, 1183, 1714, 239, 0, 0
18:10:02, 1026.90, 29.64, 30.61, 27.102, 468, 580, 1063, 1391, 1882, 2231, 2465, 3031, 4893, 863, 0, 0, 80, 86, 126, 221, 438, 622, 951, 1285, 1828, 250, 0, 0
18:10:03, 1031.80, 29.63, 30.59, 27.078, 914, 1548, 2363, 3626, 5782, 6509, 8658, 9426, 10195, 1850, 0, 0, 75, 81, 126, 229, 454, 636, 946, 1225, 2076, 276, 0, 0
18:10:03, 1024.60, 29.61, 30.61, 27.156, 744, 874, 1581, 2297, 1129, 1374, 1618, 1903, 3333, 588, 0, 0, 100, 108, 171, 307, 547, 754, 1120, 1441, 2084, 267, 0, 0
18:10:04, 1027.00, 29.60, 30.61, 27.156, 400, 600, 995, 1354, 1793, 2071, 2356, 2734, 5448, 1071, 0, 0, 94, 103, 164, 295, 489, 681, 1014, 1319, 1975, 260, 0, 0
18:10:05, 1029.90, 29.58, 30.63, 27.234, 789, 1402, 2259, 3451, 3871, 4274, 5583, 6179, 7717, 1388, 0, 0, 66, 71, 106, 191, 369, 530, 814, 1090, 1625, 217, 0, 0
18:10:05, 1025.50, 29.58, 30.61, 27.242, 197, 287, 518, 764, 1491, 1715, 2044, 2414, 4074, 694, 0, 0, 90, 97, 146, 262, 530, 745, 1120, 1482, 2118, 282, 0, 0
18:10:06, 1023.60, 29.57, 30.61, 27.242, 404, 605, 1036, 1353, 1800, 1946, 2306, 2615, 4790, 847, 0, 0, 100, 111, 173, 306, 582, 809, 1207, 1581, 2227, 289, 0, 0
18:10:07, 1029.20, 29.56, 30.65, 27.227, 499, 659, 1147, 1534, 2083, 2564, 2737, 3329, 6007, 1117, 0, 0, 79, 84, 129, 234, 448, 634, 961, 1265, 1792, 231, 0, 0
18:10:07, 1028.60, 29.54, 30.61, 27.227, 508, 542, 1029, 1435, 1306, 1668, 1845, 2272, 3899, 686, 0, 0, 67, 70, 104, 189, 366, 524, 804, 1066, 1484, 193, 0, 0
18:10:08, 1027.70, 29.54, 30.61, 27.227, 465, 568, 1014, 1366, 1797, 2202, 2380, 2934, 5113, 1004, 0, 0, 67, 71, 107, 190, 346, 491, 752, 1008, 1504, 209, 0, 0
18:10:09, 1032.30, 29.53, 30.59, 27.195, 541, 904, 1401, 2081, 2117, 2397, 3024, 3637, 4499, 837, 0, 0, 52, 55, 78, 139, 260, 379, 595, 816, 1188, 163, 0, 0
18:10:09, 1030.80, 29.53, 30.58, 27.164, 193, 257, 467, 680, 943, 1112, 1383, 1643, 2560, 412, 0, 0, 55, 57, 80, 143, 294, 429, 674, 923, 1274, 171, 0, 0
18:10:10, 1024.70, 29.52, 30.59, 27.164, 365, 457, 839, 1118, 1753, 2056, 2208, 2816, 4344, 781, 0, 0, 70, 77, 117, 205, 393, 547, 825, 1101, 1590, 222, 0, 0
18:10:11, 1030.30, 29.51, 30.63, 27.125, 584, 835, 1382, 1816, 2842, 3169, 4094, 4741, 6118, 1156, 0, 0, 56, 60, 88, 157, 295, 423, 654, 885, 1363, 191, 0, 0
18:10:11, 1024.70, 29.51, 30.61, 27.102, 318, 375, 701, 952, 847, 999, 1207, 1433, 2368, 417, 0, 0, 71, 76, 114, 201, 379, 531, 807, 1078, 1547, 217, 0, 0
18:10:12, 1022.70, 29.50, 30.61, 27.102, 395, 549, 936, 1252, 1605, 1813, 2114, 2455, 4721, 939, 0, 0, 83, 92, 140, 245, 444, 613, 918, 1218, 1777, 254, 0, 0
18:10:13, 1030.20, 29.48, 30.61, 27.086, 464, 586, 1009, 1304, 1770, 2239, 2287, 2913, 4991, 995, 0, 0, 58, 61, 90, 158, 282, 407, 634, 867, 1262, 177, 0, 0
18:10:13, 1025.80, 29.47, 30.61, 27.070, 375, 557, 944, 1344, 1411, 1662, 1937, 2423, 3871, 702, 0, 0, 62, 66, 94, 166, 340, 485, 749, 1018, 1418, 196, 0, 0
18:10:14, 1018.60, 29.46, 30.61, 27.070, 649, 1009, 1619, 2035, 2918, 3008, 3632, 4146, 7325, 1646, 0, 0, 87, 101, 156, 267, 496, 672, 987, 1308, 2067, 321, 0, 0
18:10:15, 1024.80, 29.45, 30.65, 27.055, 784, 1245, 1892, 2313, 3682, 4113, 4863, 5865, 8303, 1844, 0, 0, 73, 81, 123, 214, 375, 523, 792, 1062, 1706, 251, 0, 0
18:10:15, 1024.00, 29.44, 30.61, 27.070, 453, 588, 1056, 1379, 1417, 1596, 1903, 2175, 4252, 808, 0, 0, 75, 82, 124, 218, 390, 543, 822, 1097, 1653, 235, 0, 0
18:10:16, 1020.70, 29.43, 30.59, 27.070, 850, 1026, 1769, 2304, 2451, 3269, 3221, 3994, 7344, 1522, 0, 0, 85, 96, 150, 259, 452, 615, 913, 1209, 1930, 291, 0, 0
18:10:17, 1025.50, 29.42, 30.59, 27.078, 987, 1123, 1846, 2453, 2194, 2957, 2888, 3383, 6704, 1452, 0, 0, 75, 82, 126, 220, 389, 541, 818, 1092, 1695, 246, 0, 0
18:10:17, 1024.40, 29.41, 30.63, 27.078, 668, 1149, 1871, 2612, 2889, 3143, 3824, 4754, 7367, 1431, 0, 0, 63, 69, 104, 185, 369, 513, 777, 1037, 1553, 219, 0, 0
18:10:18, 1021.00, 29.41, 30.58, 27.078, 642, 938, 1530, 1898, 2780, 2953, 3438, 3886, 7661, 1680, 0, 0, 84, 95, 148, 258, 502, 687, 1011, 1334, 2099, 309, 0, 0
18:10:19, 1022.60, 29.40, 30.61, 27.102, 1100, 1963, 2883, 3765, 4265, 4844, 5719, 7132, 8323, 1773, 0, 0, 86, 98, 151, 262, 470, 650, 966, 1286, 2076, 308, 0, 0
18:10:19, 1024.20, 29.39, 30.61, 27.102, 839, 1495, 2427, 3221, 5111, 5126, 7170, 8035, 9247, 2000, 0, 0, 79, 88, 136, 239, 427, 593, 885, 1178, 1911, 282, 0, 0
18:10:20, 1021.20, 29.38, 30.59, 27.102, 742, 1112, 1849, 2268, 3083, 3326, 4013, 4774, 6148, 1260, 0, 0, 82, 93, 141, 246, 467, 646, 964, 1288, 1989, 296, 0, 0
18:10:21, 1027.30, 29.37, 30.59, 27.102, 1274, 2424, 3422, 5030, 6627, 7421, 9402, 9987, 23955, 4193, 0, 0, 79, 90, 138, 239, 388, 542, 822, 1107, 1863, 282, 0, 0
18:10:21, 1023.40, 29.35, 30.59, 27.102, 820, 835, 1582, 2115, 1890, 2871, 2579, 3340, 5365, 1095, 0, 0, 74, 81, 120, 210, 404, 566, 863, 1169, 1753, 255, 0, 0
18:10:22, 1024.80, 29.35, 30.63, 27.078, 669, 843, 1398, 1866, 2730, 3285, 3399, 4384, 6881, 1437, 0, 0, 81, 89, 134, 236, 435, 609, 917, 1233, 1895, 275, 0, 0
18:10:23, 1022.10, 29.34, 30.58, 27.086, 606, 837, 1428, 1830, 2109, 2390, 2673, 3311, 5428, 1091, 0, 0, 81, 89, 135, 237, 476, 667, 999, 1342, 1971, 279, 0, 0
18:10:23, 1023.90, 29.33, 30.58, 27.086, 1213, 2088, 3123, 4179, 5088, 6165, 6685, 9000, 8234, 1852, 0, 0, 93, 105, 161, 282, 487, 679, 1017, 1355, 2153, 314, 0, 0
18:10:24, 1021.10, 29.32, 30.61, 27.078, 481, 785, 1259, 1672, 2433, 2646, 3076, 3632, 5774, 1178, 0, 0, 99, 111, 172, 301, 566, 779, 1152, 1520, 2295, 328, 0, 0
18:10:25, 1029.10, 29.32, 30.58, 27.102, 1543, 2650, 4390, 5863, 10665, 11495, 15042, 15654, 34189, 6649, 0, 1, 81, 91, 140, 249, 427, 602, 910, 1212, 1917, 271, 0, 0
18:10:25, 1033.50, 29.31, 30.59, 27.102, 779, 893, 1651, 2247, 2170, 2819, 2986, 3840, 5758, 1016, 0, 0, 67, 70, 101, 182, 367, 533, 831, 1130, 1607, 213, 0, 0
18:10:26, 1035.10, 29.30, 30.61, 27.102, 697, 911, 1578, 2391, 3270, 4044, 4822, 6218, 6285, 971, 0, 0, 65, 67, 92, 163, 362, 537, 855, 1186, 1618, 217, 0, 0
18:10:27, 1040.80, 29.29, 30.59, 27.086, 481, 498, 976, 1296, 2697, 3142, 3662, 4772, 5385, 887, 0, 0, 77, 79, 108, 191, 386, 578, 925, 1296, 1948, 272, 0, 0
18:10:27, 1044.00, 29.28, 30.58, 27.086, 717, 1123, 2056, 3184, 5041, 6301, 8409, 9544, 19183, 2457, 0, 0, 59, 60, 77, 132, 333, 522, 871, 1258, 1566, 198, 0, 0
18:10:28, 1041.10, 29.26, 30.61, 27.047, 333, 317, 587, 905, 1528, 2075, 2391, 3132, 4428, 734, 0, 0, 89, 91, 121, 209, 419, 634, 1036, 1473, 2062, 283, 0, 0
18:10:29, 1052.70, 29.26, 30.59, 27.031, 722, 1055, 1966, 3266, 3816, 4894, 6357, 8378, 11763, 1516, 0, 0, 57, 57, 73, 127, 214, 342, 586, 858, 1125, 140, 0, 0
18:10:29, 1056.80, 29.25, 30.59, 27.031, 219, 189, 343, 545, 937, 1270, 1595, 2137, 2548, 355, 0, 0, 51, 51, 62, 105, 222, 361, 626, 924, 1115, 135, 0, 0
18:10:30, 1061.20, 29.24, 30.59, 27.039, 342, 420, 702, 1311, 1891, 2482, 3578, 4778, 5193, 615, 0, 0, 43, 42, 50, 83, 195, 321, 567, 839, 1034, 124, 0, 0
18:10:31, 1067.40, 29.23, 30.61, 27.062, 248, 221, 378, 648, 1444, 2107, 2597, 3754, 3570, 441, 0, 0, 38, 37, 43, 71, 161, 268, 482, 721, 951, 116, 0, 0
18:10:31, 1071.40, 29.22, 30.58, 27.062, 296, 340, 553, 1061, 2038, 2909, 4365, 5488, 9058, 936, 0, 0, 32, 31, 35, 55, 148, 255, 478, 736, 843, 98, 0, 0
18:10:32, 1065.10, 29.22, 30.58, 27.062, 164, 144, 214, 391, 840, 1288, 1772, 2466, 2944, 365, 0, 0, 52, 51, 58, 92, 232, 391, 717, 1091, 1281, 152, 0, 0
18:10:33, 1068.40, 29.21, 30.61, 27.070, 321, 279, 450, 746, 1741, 2427, 3420, 4869, 4225, 514, 0, 0, 52, 52, 59, 93, 217, 367, 669, 1021, 1326, 162, 0, 0
18:10:33, 1069.80, 29.21, 30.63, 27.070, 411, 481, 781, 1469, 2475, 3466, 5233, 6685, 11982, 1288, 0, 0, 41, 41, 46, 72, 165, 286, 539, 840, 1032, 122, 0, 0
18:10:34, 1062.90, 29.20, 30.59, 27.062, 179, 163, 235, 439, 717, 1092, 1575, 2125, 3050, 399, 0, 0, 72, 71, 83, 134, 338, 550, 985, 1474, 1937, 243, 0, 0
18:10:35, 1066.30, 29.20, 30.56, 27.062, 345, 314, 484, 953, 2223, 3222, 4455, 6114, 7750, 935, 0, 0, 57, 57, 66, 106, 246, 410, 735, 1108, 1459, 179, 0, 0
18:10:35, 1067.00, 29.20, 30.59, 27.062, 374, 440, 709, 1323, 2256, 3169, 4789, 6026, 9133, 984, 0, 0, 32, 31, 36, 56, 151, 256, 475, 728, 819, 95, 0, 0
18:10:36, 1063.00, 29.20, 30.58, 27.078, 105, 94, 146, 266, 544, 804, 1086, 1476, 1784, 226, 0, 0, 38, 38, 45, 75, 165, 270, 475, 700, 835, 98, 0, 0
18:10:36, 1069.60, 29.19, 30.59, 27.078, 180, 180, 298, 515, 1070, 1473, 2109, 2865, 2368, 278, 0, 0, 27, 27, 31, 52, 118, 196, 348, 515, 714, 85, 0, 0
18:10:37, 1070.00, 29.18, 30.56, 27.102, 168, 191, 315, 609, 1038, 1448, 2161, 2734, 3321, 354, 0, 0, 16, 16, 18, 29, 71, 121, 222, 334, 391, 44, 0, 0
18:10:38, 1066.80, 29.18, 30.59, 27.094, 50, 45, 69, 128, 318, 477, 662, 886, 1152, 138, 0, 0, 17, 16, 19, 31, 70, 117, 214, 321, 397, 46, 0, 0
18:10:38, 1070.60, 29.18, 30.59, 27.094, 104, 119, 191, 358, 777, 1063, 1575, 1985, 2424, 271, 0, 0, 15, 15, 17, 28, 65, 109, 196, 293, 403, 48, 0, 0
18:10:39, 1069.30, 29.18, 30.56, 27.062, 90, 103, 164, 314, 472, 667, 997, 1323, 1549, 168, 0, 0, 11, 11, 12, 19, 51, 87, 163, 251, 289, 33, 0, 0
18:10:40, 1061.70, 29.18, 30.61, 27.047, 53, 48, 75, 136, 279, 409, 563, 768, 895, 109, 0, 0, 17, 16, 19, 31, 76, 126, 226, 339, 402, 48, 0, 0
18:10:40, 1065.10, 29.17, 30.59, 27.047, 97, 99, 164, 286, 590, 798, 1150, 1516, 1619, 195, 0, 0, 16, 15, 18, 29, 66, 111, 201, 305, 408, 50, 0, 0
18:10:41, 1062.10, 29.17, 30.58, 27.031, 94, 111, 181, 338, 475, 652, 952, 1266, 1345, 159, 0, 0, 15, 14, 16, 26, 65, 109, 200, 307, 349, 41, 0, 0
18:10:42, 1054.30, 29.16, 30.59, 27.016, 78, 75, 124, 216, 363, 514, 694, 936, 1136, 145, 0, 0, 20, 20, 24, 39, 93, 150, 265, 397, 490, 61, 0, 0
18:10:42, 1057.40, 29.16, 30.63, 27.016, 144, 175, 291, 512, 1060, 1374, 1958, 2406, 3068, 390, 0, 0, 22, 22, 27, 47, 107, 169, 290, 425, 633, 84, 0, 0
18:10:43, 1054.30, 29.15, 30.58, 27.000, 135, 167, 289, 526, 674, 892, 1268, 1673, 2352, 293, 0, 0, 19, 19, 22, 36, 97, 155, 275, 411, 518, 65, 0, 0
18:10:44, 1054.40, 29.14, 30.59, 26.992, 78, 84, 138, 255, 515, 713, 950, 1179, 2049, 302, 0, 0, 23, 22, 28, 47, 93, 148, 258, 385, 513, 66, 0, 0
18:10:44, 1056.80, 29.13, 30.61, 26.992, 144, 180, 308, 558, 958, 1280, 1850, 2311, 3644, 447, 0, 0, 19, 19, 22, 37, 75, 121, 215, 324, 434, 54, 0, 0
18:10:45, 1050.90, 29.13, 30.58, 26.984, 74, 73, 123, 219, 484, 673, 864, 1138, 1490, 200, 0, 0, 22, 22, 27, 45, 104, 165, 286, 422, 539, 68, 0, 0
18:10:46, 1052.90, 29.12, 30.58, 27.000, 172, 196, 338, 570, 960, 1234, 1679, 2189, 2372, 316, 0, 0, 22, 21, 26, 44, 97, 154, 266, 393, 541, 70, 0, 0
18:10:46, 1050.20, 29.11, 30.58, 27.000, 177, 235, 416, 729, 1185, 1540, 2149, 2645, 4765, 599, 0, 0, 19, 19, 22, 38, 97, 156, 272, 404, 495, 62, 0, 0
18:10:47, 1048.00, 29.11, 30.61, 26.992, 163, 179, 311, 520, 1038, 1342, 1727, 2282, 2907, 417, 0, 0, 25, 25, 31, 54, 114, 177, 300, 439, 608, 81, 0, 0
18:10:48, 1053.20, 29.10, 30.59, 26.992, 218, 299, 539, 923, 1241, 1578, 2190, 2754, 4583, 625, 0, 0, 23, 23, 29, 49, 83, 133, 232, 346, 478, 61, 0, 0
18:10:48, 1048.30, 29.10, 30.59, 26.992, 100, 99, 168, 299, 626, 860, 1095, 1469, 1972, 271, 0, 0, 22, 22, 27, 46, 113, 178, 304, 446, 571, 72, 0, 0
18:10:49, 1050.20, 29.09, 30.59, 26.992, 182, 229, 393, 660, 1225, 1509, 2074, 2560, 3513, 507, 0, 0, 28, 28, 36, 62, 151, 230, 383, 552, 869, 121, 0, 0
18:10:50, 1056.20, 29.09, 30.58, 26.992, 157, 202, 341, 591, 1226, 1557, 2156, 2704, 5286, 752, 0, 0, 22, 22, 27, 45, 87, 142, 252, 379, 498, 62, 0, 0
18:10:50, 1048.30, 29.08, 30.58, 26.992, 112, 129, 220, 373, 712, 890, 1257, 1596, 1739, 234, 0, 0, 28, 28, 34, 57, 139, 221, 374, 549, 705, 90, 0, 0
18:10:51, 1044.60, 29.08, 30.59, 26.984, 195, 243, 435, 686, 1294, 1532, 2071, 2557, 2935, 444, 0, 0, 36, 36, 47, 81, 167, 258, 427, 613, 870, 116, 0, 0
18:10:52, 1052.80, 29.07, 30.61, 26.992, 302, 436, 798, 1367, 1929, 2432, 3317, 3893, 7339, 937, 0, 0, 28, 28, 35, 61, 118, 186, 319, 465, 657, 83, 0, 0
18:10:52, 1047.70, 29.06, 30.63, 26.992, 161, 168, 291, 515, 720, 996, 1282, 1670, 2514, 343, 0, 0, 30, 29, 37, 63, 151, 234, 397, 575, 779, 100, 0, 0
18:10:53, 1049.00, 29.06, 30.59, 26.984, 233, 260, 472, 760, 1218, 1566, 1950, 2594, 2989, 437, 0, 0, 35, 35, 44, 77, 162, 252, 422, 608, 859, 113, 0, 0
18:10:54, 1052.40, 29.06, 30.61, 26.984, 270, 363, 677, 1171, 2071, 2639, 3685, 4347, 8234, 1008, 0, 0, 27, 27, 33, 58, 130, 206, 355, 519, 685, 85, 0, 0
18:10:54, 1044.80, 29.05, 30.63, 26.984, 279, 279, 497, 888, 1427, 2012, 2470, 3134, 4731, 643, 0, 0, 44, 44, 59, 103, 242, 366, 601, 847, 1215, 159, 0, 0
18:10:55, 1048.70, 29.05, 30.59, 27.016, 504, 706, 1194, 2000, 3550, 3927, 5411, 6818, 9213, 1168, 0, 0, 45, 45, 59, 103, 220, 339, 565, 803, 1140, 147, 0, 0
18:10:56, 1047.60, 29.05, 30.59, 27.023, 462, 648, 1161, 2084, 2507, 3034, 4261, 5452, 6424, 811, 0, 0, 41, 41, 52, 90, 212, 332, 560, 805, 1052, 133, 0, 0
18:10:56, 1044.30, 29.05, 30.59, 27.023, 499, 473, 904, 1314, 3038, 3788, 4889, 6432, 6130, 872, 0, 0, 58, 59, 77, 134, 300, 463, 769, 1096, 1492, 194, 0, 0
18:10:57, 1049.00, 29.05, 30.61, 27.023, 559, 827, 1385, 2407, 4424, 5692, 7436, 9522, 9315, 1326, 0, 0, 65, 66, 85, 148, 320, 495, 828, 1186, 1749, 226, 0, 0
18:10:58, 1048.60, 29.05, 30.59, 27.023, 472, 563, 1003, 1583, 2637, 2981, 4327, 5270, 4732, 713, 0, 0, 66, 67, 86, 148, 308, 481, 809, 1175, 1518, 194, 0, 0
18:10:58, 1046.70, 29.04, 30.61, 27.031, 675, 894, 1655, 2908, 2946, 3770, 5238, 6500, 8511, 1090, 0, 0, 56, 56, 69, 117, 297, 465, 789, 1152, 1470, 184, 0, 0
18:10:59, 1044.10, 29.04, 30.56, 27.031, 581, 698, 1237, 1862, 3100, 3677, 4745, 6217, 6151, 931, 0, 0, 74, 76, 100, 174, 365, 557, 919, 1319, 1824, 238, 0, 0
18:11:00, 1047.40, 29.04, 30.58, 27.031, 578, 811, 1512, 2561, 3858, 4925, 6490, 8112, 11502, 1462, 0, 0, 68, 68, 85, 147, 324, 510, 861, 1254, 1610, 201, 0, 0
18:11:00, 1035.90, 29.03, 30.59, 27.031, 460, 522, 999, 1410, 3226, 3479, 5032, 5890, 5325, 875, 0, 0, 103, 107, 145, 254, 572, 851, 1357, 1906, 2678, 370, 0, 0
18:11:01, 1040.70, 29.03, 30.61, 27.055, 980, 1455, 2427, 3739, 6114, 8203, 9454, 13356, 9199, 1562, 0, 0, 89, 92, 122, 211, 425, 641, 1050, 1500, 2333, 328, 0, 0
18:11:02, 1036.00, 29.02, 30.58, 27.055, 652, 980, 1755, 2954, 2559, 3121, 3916, 5086, 5813, 897, 0, 0, 90, 92, 121, 209, 476, 716, 1166, 1656, 2162, 287, 0, 0
18:11:02, 1036.60, 29.02, 30.59, 27.023, 1140, 834, 1805, 2137, 3319, 4726, 4646, 6570, 7700, 1359, 0, 0, 101, 105, 143, 251, 487, 725, 1164, 1631, 2380, 329, 0, 0
18:11:03, 1041.60, 29.02, 30.63, 27.016, 929, 1540, 2272, 4073, 6528, 7981, 10090, 12671, 10161, 1615, 0, 0, 83, 86, 117, 207, 426, 634, 1012, 1401, 2218, 301, 0, 0
18:11:04, 1038.10, 29.01, 30.59, 27.016, 691, 1043, 1798, 2947, 2565, 3614, 4064, 5431, 7699, 1225, 0, 0, 85, 87, 118, 209, 441, 660, 1064, 1481, 2066, 274, 0, 0
18:11:04, 1036.90, 29.00, 30.58, 27.023, 561, 559, 1024, 1631, 2821, 4125, 4126, 5716, 7298, 1215, 0, 0, 89, 91, 125, 222, 454, 676, 1080, 1503, 2128, 289, 0, 0
18:11:05, 1038.30, 29.00, 30.63, 27.039, 833, 1401, 2386, 3927, 6467, 7852, 10774, 11759, 12674, 1990, 0, 0, 83, 86, 116, 205, 432, 656, 1061, 1492, 2062, 273, 0, 0
18:11:06, 1029.20, 29.00, 30.59, 27.039, 771, 890, 1603, 2255, 3735, 4559, 4755, 7066, 6786, 1197, 0, 0, 109, 114, 161, 285, 608, 885, 1382, 1903, 2731, 384, 0, 0
18:11:06, 1033.70, 28.99, 30.59, 27.031, 1031, 1836, 2812, 4185, 6024, 6827, 9090, 9968, 15042, 2631, 0, 0, 137, 147, 212, 374, 762, 1101, 1716, 2341, 3874, 563, 0, 0
18:11:07, 1031.10, 28.99, 30.58, 27.039, 711, 954, 1669, 2420, 3382, 4017, 4271, 5832, 6560, 1178, 0, 0, 141, 147, 205, 362, 751, 1107, 1749, 2415, 3344, 460, 0, 0
18:11:08, 1036.50, 28.99, 30.58, 27.039, 1016, 1296, 2382, 3055, 6648, 7776, 10551, 12321, 12184, 2164, 0, 0, 142, 151, 213, 378, 781, 1138, 1788, 2437, 4058, 577, 0, 0
18:11:08, 1038.20, 28.98, 30.63, 27.055, 2366, 3967, 7404, 11911, 8520, 10048, 14475, 16718, 13542, 2153, 0, 0, 127, 130, 175, 310, 676, 1024, 1656, 2305, 3031, 387, 0, 0
18:11:09, 1035.50, 28.98, 30.61, 27.078, 545, 589, 1094, 1622, 2930, 3607, 4205, 5479, 6751, 1153, 0, 0, 135, 138, 188, 333, 727, 1092, 1744, 2413, 3277, 426, 0, 0
18:11:10, 1037.70, 28.98, 30.59, 27.078, 1955, 3186, 5546, 9336, 9440, 11617, 14542, 18395, 16428, 2554, 0, 0, 130, 134, 183, 324, 659, 994, 1598, 2219, 3105, 406, 0, 0
18:11:10, 1036.20, 28.98, 30.59, 27.086, 898, 1058, 1904, 2694, 4633, 5477, 6968, 9146, 9210, 1526, 0, 0, 136, 140, 190, 336, 718, 1081, 1734, 2417, 3337, 441, 0, 0
18:11:11, 1034.70, 28.98, 30.59, 27.102, 1007, 1401, 2349, 3531, 4978, 5940, 7185, 9405, 10040, 1728, 0, 0, 150, 156, 213, 376, 780, 1166, 1859, 2593, 3683, 499, 0, 0
18:11:12, 1033.90, 28.97, 30.59, 27.102, 1047, 1763, 2705, 4495, 5357, 6645, 7938, 10336, 11307, 1991, 0, 0, 164, 172, 241, 427, 870, 1284, 2028, 2796, 4228, 584, 0, 0
18:11:12, 1036.80, 28.98, 30.59, 27.102, 1018, 1627, 2764, 4212, 6348, 7472, 9854, 11441, 14197, 2446, 0, 0, 152, 159, 221, 395, 808, 1199, 1901, 2608, 3951, 529, 0, 0
18:11:13, 1032.80, 28.98, 30.58, 27.141, 1559, 2284, 3780, 6079, 4593, 5783, 6498, 9062, 9639, 1649, 0, 0, 165, 171, 239, 425, 905, 1334, 2100, 2872, 3989, 529, 0, 0
18:11:14, 1034.60, 28.98, 30.58, 27.141, 2742, 4905, 6984, 10758, 16371, 17928, 25918, 28433, 22379, 3645, 0, 0, 169, 176, 247, 444, 897, 1333, 2095, 2866, 3970, 517, 0, 0
18:11:14, 1028.10, 28.98, 30.61, 27.156, 2065, 1282, 3174, 3207, 6281, 7848, 6678, 11231, 10503, 2012, 0, 0, 199, 209, 301, 537, 1127, 1632, 2525, 3428, 4993, 693, 0, 0
18:11:15, 1026.10, 28.99, 30.61, 27.156, 1524, 2395, 3797, 5355, 4464, 5021, 5918, 7337, 10050, 1964, 0, 0, 224, 241, 350, 615, 1219, 1754, 2708, 3696, 5275, 749, 0, 0
18:11:16, 1025.20, 28.98, 30.58, 27.156, 1365, 2290, 3975, 5450, 5880, 6636, 8473, 9845, 15754, 3004, 0, 0, 227, 242, 349, 616, 1283, 1849, 2854, 3893, 5357, 731, 0, 0
18:11:16, 1017.10, 28.99, 30.61, 27.141, 6744, 8412, 13354, 16530, 13137, 14285, 9915, 18516, 15294, 4302, 0, 0, 294, 331, 506, 880, 1608, 2226, 3322, 4454, 6881, 1047, 0, 0
18:11:17, 1015.20, 28.98, 30.63, 27.117, 6599, 4156, 9656, 10050, 9398, 22890, 13244, 20347, 23511, 7139, 0, 0, 310, 363, 567, 969, 1738, 2352, 3459, 4595, 7555, 1209, 0, 0
18:11:18, 1019.50, 28.98, 30.59, 27.117, 6075, 13770, 17690, 22167, 24236, 26012, 29387, 30088, 35953, 16672, 0, 1, 259, 294, 444, 774, 1575, 2173, 3262, 4377, 6955, 1075, 0, 0
18:11:18, 1017.90, 28.98, 30.61, 27.117, 5038, 4009, 8699, 9837, 16712, 22764, 14403, 24956, 20010, 5702, 0, 0, 305, 345, 527, 906, 1673, 2319, 3480, 4698, 7050, 1074, 0, 0
18:11:19, 1022.10, 28.98, 30.58, 27.117, 5198, 8265, 11326, 15353, 7870, 8891, 10631, 12850, 17180, 4035, 0, 0, 260, 290, 425, 736, 1316, 1875, 2889, 3982, 5948, 908, 0, 0
18:11:20, 1022.20, 28.98, 30.61, 27.117, 2815, 2764, 5838, 5370, 20067, 14710, 23607, 23472, 15089, 4867, 0, 0, 274, 302, 436, 751, 1403, 1999, 3078, 4250, 6483, 1027, 0, 0
18:11:20, 1022.40, 28.98, 30.61, 27.070, 5822, 8068, 12119, 14914, 19722, 24012, 27148, 33794, 17207, 4285, 0, 1, 250, 273, 390, 674, 1294, 1855, 2872, 3984, 5903, 908, 0, 0
18:11:21, 1019.70, 28.97, 30.59, 27.070, 6604, 9331, 13004, 16370, 18525, 20566, 15182, 25731, 17794, 4875, 0, 0, 269, 297, 432, 739, 1387, 1949, 2989, 4120, 6479, 1066, 0, 0
18:11:22, 1020.00, 28.97, 30.61, 27.055, 4008, 4993, 8254, 10026, 12685, 18963, 14520, 25757, 20878, 5184, 0, 0, 279, 312, 463, 795, 1468, 2043, 3106, 4231, 6637, 1056, 0, 0
18:11:22, 1022.10, 28.97, 30.63, 27.070, 5106, 11153, 13018, 17796, 17171, 15063, 21289, 25898, 20924, 4947, 0, 0, 267, 295, 438, 758, 1402, 1976, 3017, 4121, 6124, 918, 0, 0
18:11:23, 1022.00, 28.97, 30.63, 27.070, 2842, 4143, 6707, 8100, 16292, 21067, 22548, 29190, 16087, 3899, 0, 0, 242, 267, 393, 686, 1384, 1958, 2984, 4057, 6174, 923, 0, 0
18:11:24, 1011.40, 28.96, 30.58, 27.078, 3748, 5490, 8209, 9858, 22251, 30290, 29862, 35353, 17560, 5283, 0, 1, 347, 413, 640, 1085, 1956, 2643, 3871, 5133, 8591, 1427, 0, 0
18:11:24, 1010.90, 28.96, 30.65, 27.109, 11456, 19391, 24344, 26798, 34907, 36000, 35877, 36000, 27228, 10780, 1, 1, 1066, 1706, 2363, 3148, 4551, 5108, 6505, 7790, 19674, 5790, 0, 0
18:11:25, 1011.40, 28.95, 30.61, 27.109, 15391, 21142, 33986, 36000, 36000, 36000, 36000, 36000, 36000, 26896, 1, 1, 744, 1106, 1579, 2167, 3197, 3694, 4936, 6055, 12249, 2857, 0, 0
18:11:26, 1010.90, 28.95, 30.63, 27.125, 2386, 3800, 5160, 6187, 6722, 6906, 8525, 9289, 19274, 7062, 0, 0, 1304, 2065, 2805, 3743, 4979, 5649, 7195, 8770, 16689, 3876, 0, 0
18:11:26, 1011.10, 28.95, 30.63, 27.094, 2535, 4014, 5527, 6575, 7637, 7991, 9763, 10457, 23445, 8739, 0, 0, 3707, 7823, 8461, 13451, 8626, 10929, 12066, 16365, 23316, 7256, 0, 0
18:11:27, 1011.00, 28.95, 30.59, 27.094, 12616, 22058, 30093, 33848, 21477, 22660, 26557, 25568, 29594, 11757, 0, 1, 4098, 6359, 9575, 11565, 9034, 10667, 12981, 15505, 35573, 14699, 0, 1
18:11:28, 1009.90, 28.93, 30.63, 27.000, 9689, 20360, 24842, 32414, 36000, 36000, 36000, 36000, 35083, 20007, 1, 1, 11199, 19101, 26845, 32986, 36000, 36000, 36000, 36000, 36000, 36000, 1, 1
