Secchi Depth (cm) = 0038
Forel Ule Scale = 20
pH Colour Scale = 99
SensingSecchi S/N = A016
Latitude (degs N) = 34.25957
Longitude (degs E) = -77.98692
Date = 2026-05-27
Time (UTC), Pressure (mbar) MS5803, Temp (deg C) MS5803, Temp (deg C) 10KTHERM, Temp (deg C) TMP117, ED 415nm, ED 445nm, ED 480nm, ED 515nm, ED 555nm, ED 590nm, ED 630nm, ED 680nm, ED Clear, ED NIR, ED D-SAT, ED A-SAT, EU 415nm, EU 445nm, EU 480nm, EU 515nm, EU 555nm, EU 590nm, EU 630nm, EU 680nm, EU Clear, EU NIR, EU D-SAT, EU A-SAT
17:28:00, 1012.10, 28.17, 29.43, 28.891, 973, 1442, 1985, 2257, 2611, 2632, 3041, 3340, 16974, 6951, 0, 0, 7690, 11471, 15662, 18130, 20887, 22107, 26476, 30599, 36000, 36000, 1, 1
17:28:00, 1012.40, 28.17, 29.47, 28.906, 955, 1418, 1949, 2219, 2572, 2595, 2996, 3294, 16709, 6815, 0, 0, 7601, 11334, 15475, 17903, 20621, 21815, 26086, 30134, 36000, 36000, 1, 1
17:28:01, 1012.00, 28.18, 29.45, 28.930, 977, 1448, 1993, 2265, 2711, 2730, 3151, 3457, 17655, 7269, 0, 0, 6175, 9332, 12648, 14878, 13224, 15395, 20895, 25817, 36000, 32766, 1, 1
17:28:02, 1012.00, 28.17, 29.51, 28.930, 2462, 3934, 5361, 6459, 7262, 7649, 9562, 10269, 34374, 14312, 0, 1, 1214, 1953, 2464, 2896, 4397, 4769, 7616, 10477, 28397, 14747, 0, 0
17:28:02, 1011.30, 28.21, 29.49, 28.906, 2027, 3150, 4431, 5211, 4712, 5095, 6107, 7068, 17255, 6562, 0, 0, 2438, 3880, 5318, 6610, 7923, 8519, 9819, 11626, 34673, 14901, 0, 1
17:28:03, 1012.00, 28.19, 29.45, 28.852, 2545, 3951, 5474, 6558, 7918, 8168, 9947, 11120, 23530, 9025, 0, 0, 3024, 4493, 6647, 7688, 9795, 10491, 12489, 13872, 36000, 17780, 1, 1
17:28:04, 1011.00, 28.21, 29.49, 28.852, 4141, 7187, 9646, 12207, 15444, 16268, 19780, 21122, 32228, 13705, 0, 0, 1825, 2826, 4086, 4944, 6041, 6211, 7622, 8329, 29506, 9400, 0, 0
17:28:04, 1015.40, 28.21, 29.49, 28.781, 5451, 8804, 12908, 14359, 16428, 17200, 21946, 22146, 36000, 32239, 1, 1, 776, 1148, 1731, 2141, 1467, 1776, 2377, 2823, 5145, 673, 0, 0
17:28:05, 1020.00, 28.20, 29.49, 27.898, 4725, 8066, 11665, 13108, 19023, 18838, 21875, 25514, 35885, 24396, 0, 1, 216, 295, 520, 882, 1554, 1914, 2583, 3091, 5819, 756, 0, 0
17:28:06, 1024.50, 28.21, 29.49, 27.898, 3243, 5520, 8342, 10663, 13814, 14779, 19433, 20947, 32884, 7899, 0, 1, 210, 271, 482, 843, 1535, 1924, 2623, 3174, 6035, 763, 0, 0
17:28:06, 1023.80, 28.23, 29.51, 27.328, 3563, 5808, 8916, 11229, 15059, 15866, 19209, 23089, 36000, 11063, 1, 1, 233, 305, 547, 943, 1691, 2091, 2833, 3398, 6828, 875, 0, 0
17:28:07, 1022.10, 28.24, 29.51, 27.328, 2624, 4325, 7031, 8333, 11799, 11773, 14734, 16734, 36000, 13708, 1, 1, 232, 311, 557, 947, 1562, 1917, 2586, 3088, 6346, 814, 0, 0
17:28:08, 1018.90, 28.26, 29.51, 27.086, 3223, 5392, 8476, 10931, 13272, 14006, 17329, 19482, 36000, 12035, 1, 1, 189, 256, 459, 780, 1316, 1607, 2159, 2569, 5272, 677, 0, 0
17:28:08, 1016.80, 28.28, 29.49, 26.969, 3673, 5790, 9438, 11139, 13042, 13537, 16542, 16938, 36000, 19148, 1, 1, 184, 258, 457, 756, 1258, 1515, 2016, 2385, 5000, 660, 0, 0
17:28:09, 1019.60, 28.29, 29.49, 26.969, 3561, 5415, 7720, 9479, 9721, 10972, 13338, 14160, 35489, 14303, 0, 1, 163, 226, 401, 671, 1035, 1264, 1698, 2024, 4063, 524, 0, 0
17:28:10, 1023.20, 28.31, 29.49, 26.937, 1698, 2856, 4344, 5568, 5906, 6401, 7939, 8967, 19822, 4615, 0, 0, 124, 159, 284, 502, 869, 1092, 1492, 1803, 3218, 395, 0, 0
17:28:10, 1022.60, 28.32, 29.49, 26.930, 1459, 2467, 3788, 4910, 6146, 6731, 8346, 9334, 17075, 4022, 0, 0, 136, 176, 314, 551, 955, 1191, 1623, 1955, 3605, 452, 0, 0
17:28:11, 1019.50, 28.33, 29.51, 26.930, 1887, 3275, 4889, 6460, 7148, 7675, 9674, 10502, 17730, 4283, 0, 0, 142, 187, 333, 580, 997, 1238, 1680, 2015, 3572, 448, 0, 0
17:28:12, 1020.20, 28.35, 29.51, 26.914, 2054, 3444, 5032, 6366, 7724, 8414, 10075, 11467, 22053, 5642, 0, 0, 142, 189, 336, 580, 953, 1179, 1600, 1913, 3413, 430, 0, 0
17:28:12, 1020.10, 28.36, 29.49, 26.906, 1717, 2860, 4344, 5534, 6992, 7580, 8922, 10384, 22586, 5380, 0, 0, 124, 163, 292, 508, 849, 1049, 1424, 1698, 2963, 367, 0, 0
17:28:13, 1021.90, 28.37, 29.47, 26.906, 1701, 3016, 4367, 5221, 6989, 7228, 8573, 10540, 25327, 6860, 0, 0, 116, 156, 279, 479, 797, 983, 1336, 1590, 2832, 351, 0, 0
17:28:14, 1017.70, 28.38, 29.51, 26.906, 1474, 2551, 3915, 4789, 5928, 5946, 7113, 8727, 19991, 4724, 0, 0, 125, 166, 296, 513, 918, 1131, 1530, 1827, 3200, 400, 0, 0
17:28:14, 1020.70, 28.39, 29.51, 26.906, 2343, 3922, 5612, 7044, 7271, 7942, 9511, 10624, 22242, 6559, 0, 0, 149, 203, 360, 613, 1001, 1233, 1666, 1993, 3725, 476, 0, 0
17:28:15, 1022.20, 28.39, 29.51, 26.906, 1542, 2613, 4009, 5229, 5820, 6418, 7921, 8917, 15916, 3586, 0, 0, 132, 169, 301, 533, 942, 1180, 1613, 1946, 3395, 417, 0, 0
17:28:16, 1016.00, 28.40, 29.49, 26.906, 1606, 2743, 4014, 5159, 6069, 6694, 7988, 9264, 16137, 4482, 0, 0, 163, 223, 395, 667, 1105, 1351, 1808, 2155, 4014, 521, 0, 0
17:28:16, 1018.90, 28.41, 29.47, 26.906, 2477, 3992, 5620, 6849, 7317, 7833, 9458, 10418, 21536, 6369, 0, 0, 147, 199, 354, 603, 958, 1178, 1588, 1897, 3504, 445, 0, 0
17:28:17, 1019.30, 28.41, 29.45, 26.906, 1743, 2920, 4295, 5441, 6436, 6989, 8542, 9503, 18665, 4785, 0, 0, 130, 173, 310, 536, 897, 1111, 1504, 1801, 3090, 380, 0, 0
17:28:18, 1019.00, 28.41, 29.49, 26.898, 1726, 2865, 4262, 5388, 6271, 6747, 8329, 9323, 19022, 4736, 0, 0, 132, 173, 309, 539, 929, 1152, 1563, 1873, 3185, 393, 0, 0
17:28:18, 1018.10, 28.42, 29.47, 26.914, 1790, 2985, 4294, 5453, 5272, 5580, 6906, 7663, 18183, 5031, 0, 0, 144, 195, 346, 591, 977, 1203, 1626, 1942, 3425, 434, 0, 0
17:28:19, 1020.10, 28.42, 29.53, 26.914, 1816, 2968, 4278, 5367, 6516, 6995, 8569, 9392, 22346, 5802, 0, 0, 137, 183, 325, 560, 908, 1122, 1523, 1820, 3255, 412, 0, 0
17:28:20, 1019.40, 28.42, 29.51, 26.914, 1557, 2603, 3844, 4952, 6134, 6524, 8040, 8919, 20501, 5010, 0, 0, 127, 168, 300, 519, 880, 1085, 1474, 1760, 3075, 386, 0, 0
17:28:20, 1019.60, 28.43, 29.47, 26.898, 1599, 2665, 3897, 5019, 6320, 6729, 8293, 9132, 22379, 5605, 0, 0, 128, 170, 304, 526, 898, 1109, 1505, 1798, 3134, 392, 0, 0
17:28:21, 1020.50, 28.43, 29.43, 26.898, 1726, 2850, 4151, 5291, 6268, 6720, 8196, 9089, 21777, 5557, 0, 0, 129, 171, 305, 528, 882, 1091, 1482, 1773, 3124, 391, 0, 0
17:28:22, 1022.20, 28.44, 29.47, 26.883, 1662, 2696, 4048, 5168, 6311, 6899, 8402, 9359, 23218, 5222, 0, 0, 124, 161, 287, 503, 865, 1081, 1479, 1779, 3101, 382, 0, 0
17:28:22, 1019.10, 28.44, 29.47, 26.883, 1522, 2559, 3828, 4978, 5952, 6467, 7881, 8769, 17665, 4218, 0, 0, 138, 182, 324, 560, 968, 1196, 1619, 1938, 3452, 435, 0, 0
17:28:23, 1021.40, 28.44, 29.49, 26.883, 1998, 3246, 4757, 5855, 6693, 7212, 8644, 9717, 24292, 6214, 0, 0, 137, 183, 325, 559, 905, 1122, 1526, 1830, 3336, 419, 0, 0
17:28:24, 1021.90, 28.44, 29.49, 26.883, 1460, 2445, 3695, 4790, 5737, 6223, 7671, 8505, 18804, 4194, 0, 0, 120, 157, 279, 491, 827, 1032, 1411, 1695, 2932, 357, 0, 0
17:28:24, 1021.10, 28.45, 29.49, 26.891, 1389, 2302, 3474, 4487, 5712, 6131, 7551, 8353, 19603, 4473, 0, 0, 119, 155, 278, 486, 832, 1031, 1404, 1678, 2902, 351, 0, 0
17:28:25, 1020.90, 28.45, 29.47, 26.891, 1570, 2579, 3857, 4956, 5804, 6280, 7654, 8446, 20437, 4871, 0, 0, 117, 155, 279, 485, 819, 1010, 1369, 1628, 2859, 347, 0, 0
17:28:26, 1021.50, 28.45, 29.47, 26.891, 1627, 2656, 3975, 5137, 5991, 6562, 7921, 8758, 22366, 5125, 0, 0, 115, 152, 273, 477, 817, 1014, 1379, 1643, 2835, 340, 0, 0
17:28:26, 1022.00, 28.45, 29.45, 26.891, 1582, 2591, 3905, 5040, 6087, 6689, 8066, 8971, 22139, 5004, 0, 0, 117, 155, 278, 487, 822, 1021, 1387, 1653, 2880, 346, 0, 0
17:28:27, 1022.60, 28.45, 29.47, 26.891, 1542, 2504, 3820, 4903, 5864, 6415, 7812, 8676, 21111, 4668, 0, 0, 114, 149, 268, 473, 811, 1010, 1373, 1640, 2865, 343, 0, 0
17:28:28, 1021.90, 28.45, 29.51, 26.891, 1517, 2520, 3826, 4943, 5600, 6091, 7478, 8321, 18272, 4093, 0, 0, 119, 155, 279, 491, 846, 1050, 1425, 1700, 3009, 362, 0, 0
17:28:28, 1019.70, 28.46, 29.47, 26.898, 1660, 2699, 4082, 5142, 6040, 6549, 7987, 8833, 20621, 4793, 0, 0, 124, 165, 297, 517, 876, 1081, 1462, 1739, 3036, 366, 0, 0
17:28:29, 1021.10, 28.46, 29.45, 26.898, 1767, 2851, 4201, 5232, 6365, 6890, 8311, 9206, 21774, 5392, 0, 0, 123, 165, 296, 513, 855, 1052, 1422, 1688, 3089, 380, 0, 0
17:28:30, 1022.60, 28.46, 29.49, 26.898, 1503, 2461, 3713, 4747, 5747, 6300, 7580, 8449, 21084, 4666, 0, 0, 118, 155, 278, 486, 823, 1020, 1387, 1656, 2967, 362, 0, 0
17:28:30, 1025.80, 28.46, 29.49, 26.898, 1524, 2521, 3856, 5016, 5693, 6207, 7622, 8453, 21840, 4488, 0, 0, 111, 143, 256, 452, 767, 962, 1321, 1588, 2788, 340, 0, 0
17:28:31, 1026.20, 28.46, 29.49, 26.898, 1112, 1867, 2947, 3980, 4785, 5312, 6563, 7330, 16473, 3182, 0, 0, 108, 133, 237, 426, 761, 967, 1342, 1628, 2711, 326, 0, 0
17:28:32, 1025.40, 28.46, 29.49, 26.883, 1120, 1887, 2953, 3934, 5077, 5571, 6900, 7750, 16523, 3275, 0, 0, 114, 143, 254, 455, 799, 1009, 1393, 1687, 2865, 349, 0, 0
17:28:32, 1025.50, 28.46, 29.47, 26.883, 1234, 2071, 3247, 4287, 5399, 5929, 7318, 8255, 19007, 3763, 0, 0, 115, 144, 256, 457, 797, 1009, 1396, 1694, 2909, 356, 0, 0
17:28:33, 1025.50, 28.46, 29.47, 26.883, 1135, 1912, 2995, 3980, 5296, 5830, 7190, 8083, 17571, 3467, 0, 0, 111, 139, 246, 439, 756, 954, 1317, 1595, 2752, 337, 0, 0
17:28:34, 1025.20, 28.46, 29.49, 26.859, 1176, 1976, 3101, 4144, 5192, 5755, 7049, 7927, 19186, 3794, 0, 0, 105, 132, 236, 420, 732, 920, 1271, 1533, 2625, 317, 0, 0
17:28:34, 1020.90, 28.46, 29.49, 26.859, 1224, 2075, 3213, 4290, 5010, 5450, 6706, 7523, 17626, 3681, 0, 0, 114, 148, 264, 464, 811, 1007, 1375, 1645, 2813, 343, 0, 0
17:28:35, 1020.70, 28.46, 29.43, 26.859, 1742, 2833, 4167, 5308, 6433, 7036, 8443, 9276, 24058, 5703, 0, 0, 121, 162, 289, 498, 835, 1029, 1397, 1665, 3002, 376, 0, 0
17:28:36, 1020.80, 28.46, 29.51, 26.867, 1591, 2586, 3856, 4924, 5964, 6516, 7781, 8682, 21785, 5078, 0, 0, 127, 168, 298, 517, 873, 1081, 1471, 1762, 3174, 398, 0, 0
17:28:36, 1021.80, 28.46, 29.45, 26.867, 1625, 2652, 3957, 4991, 6277, 6793, 8236, 9197, 22307, 5197, 0, 0, 132, 174, 310, 536, 906, 1123, 1528, 1836, 3364, 426, 0, 0
17:28:37, 1022.60, 28.46, 29.43, 26.875, 1536, 2568, 3898, 4958, 6086, 6548, 8096, 9021, 22178, 4928, 0, 0, 129, 167, 297, 519, 900, 1126, 1541, 1861, 3315, 415, 0, 0
17:28:38, 1021.60, 28.46, 29.47, 26.859, 1492, 2499, 3789, 4841, 5965, 6409, 7918, 8785, 20877, 4729, 0, 0, 139, 181, 322, 560, 968, 1205, 1640, 1976, 3552, 452, 0, 0
17:28:38, 1021.80, 28.46, 29.43, 26.859, 1539, 2567, 3840, 4875, 6305, 6711, 8337, 9181, 22580, 5252, 0, 0, 134, 176, 314, 544, 907, 1126, 1531, 1840, 3407, 432, 0, 0
17:28:39, 1020.70, 28.46, 29.47, 26.844, 1563, 2597, 3927, 4969, 6173, 6638, 8135, 9060, 22538, 5057, 0, 0, 123, 161, 288, 501, 845, 1048, 1423, 1703, 3045, 379, 0, 0
17:28:40, 1019.70, 28.46, 29.47, 26.852, 1534, 2516, 3746, 4702, 6077, 6581, 7918, 8789, 21177, 5060, 0, 0, 115, 154, 276, 475, 788, 968, 1307, 1553, 2821, 357, 0, 0
17:28:40, 1021.30, 28.46, 29.47, 26.852, 1529, 2528, 3685, 4682, 5685, 6180, 7428, 8224, 22709, 5329, 0, 0, 110, 147, 264, 454, 756, 928, 1256, 1489, 2708, 342, 0, 0
17:28:41, 1021.00, 28.46, 29.43, 26.852, 1556, 2529, 3762, 4840, 5739, 6290, 7556, 8382, 21226, 4940, 0, 0, 117, 155, 278, 482, 833, 1030, 1399, 1667, 2964, 366, 0, 0
17:28:42, 1023.50, 28.46, 29.45, 26.867, 1617, 2636, 3974, 5024, 5802, 6257, 7597, 8546, 19840, 4543, 0, 0, 129, 168, 300, 524, 901, 1122, 1529, 1836, 3333, 410, 0, 0
17:28:42, 1021.80, 28.46, 29.45, 26.867, 1351, 2269, 3490, 4489, 5370, 5806, 7170, 8009, 16854, 3656, 0, 0, 143, 186, 333, 580, 1010, 1256, 1704, 2044, 3688, 457, 0, 0
17:28:43, 1021.90, 28.45, 29.47, 26.867, 1477, 2467, 3672, 4671, 5545, 5911, 7315, 8087, 19161, 4492, 0, 0, 155, 206, 368, 631, 1025, 1268, 1716, 2055, 3775, 471, 0, 0
17:28:44, 1024.30, 28.45, 29.49, 26.883, 1496, 2519, 3829, 4893, 6168, 6625, 8187, 9156, 24385, 5311, 0, 0, 123, 160, 286, 501, 840, 1044, 1422, 1707, 3217, 394, 0, 0
17:28:44, 1023.00, 28.45, 29.51, 26.883, 1291, 2202, 3392, 4447, 5667, 6215, 7593, 8627, 20537, 4183, 0, 0, 107, 137, 245, 436, 756, 947, 1296, 1558, 2693, 323, 0, 0
17:28:45, 1022.40, 28.44, 29.45, 26.875, 1376, 2252, 3433, 4437, 5305, 5818, 6933, 7849, 19013, 4129, 0, 0, 110, 144, 259, 453, 781, 969, 1320, 1573, 2774, 339, 0, 0
17:28:46, 1022.60, 28.43, 29.49, 26.883, 1497, 2468, 3700, 4805, 6031, 6599, 7982, 8883, 22022, 4780, 0, 0, 114, 150, 269, 470, 805, 999, 1363, 1628, 2846, 348, 0, 0
17:28:46, 1022.40, 28.42, 29.49, 26.883, 1483, 2433, 3719, 4825, 5491, 6026, 7311, 8205, 18161, 3892, 0, 0, 120, 155, 277, 488, 844, 1050, 1434, 1717, 2989, 363, 0, 0
17:28:47, 1023.10, 28.42, 29.51, 26.875, 1435, 2344, 3568, 4542, 5419, 5894, 7154, 8116, 18157, 3954, 0, 0, 120, 153, 274, 484, 834, 1044, 1432, 1722, 2983, 361, 0, 0
17:28:48, 1022.30, 28.41, 29.49, 26.875, 1255, 2081, 3182, 4079, 5489, 5973, 7323, 8184, 17870, 3797, 0, 0, 123, 159, 285, 501, 872, 1087, 1484, 1782, 3182, 391, 0, 0
17:28:48, 1021.60, 28.40, 29.49, 26.875, 1488, 2457, 3743, 4769, 5780, 6296, 7623, 8509, 18664, 4200, 0, 0, 124, 163, 291, 508, 855, 1061, 1443, 1728, 3125, 386, 0, 0
17:28:49, 1022.90, 28.40, 29.47, 26.867, 1570, 2593, 3883, 4947, 5761, 6299, 7496, 8544, 21739, 4727, 0, 0, 114, 149, 267, 468, 799, 994, 1355, 1624, 2935, 362, 0, 0
17:28:50, 1022.10, 28.39, 29.45, 26.875, 1440, 2355, 3591, 4619, 5592, 6155, 7323, 8318, 20003, 4301, 0, 0, 114, 149, 267, 467, 816, 1014, 1380, 1651, 2947, 365, 0, 0
17:28:50, 1022.60, 28.39, 29.49, 26.875, 1523, 2512, 3776, 4825, 5807, 6321, 7647, 8661, 20874, 4496, 0, 0, 117, 152, 272, 477, 817, 1018, 1393, 1670, 2933, 359, 0, 0
17:28:51, 1023.10, 28.38, 29.47, 26.867, 1390, 2331, 3525, 4562, 5629, 6119, 7485, 8441, 20316, 4325, 0, 0, 119, 152, 272, 480, 833, 1044, 1433, 1726, 2957, 357, 0, 0
17:28:52, 1024.20, 28.38, 29.51, 26.859, 1359, 2266, 3465, 4474, 5424, 5869, 7173, 8173, 19360, 4155, 0, 0, 122, 156, 278, 491, 842, 1058, 1452, 1752, 3080, 375, 0, 0
17:28:52, 1024.10, 28.38, 29.47, 26.859, 1272, 2183, 3346, 4393, 5333, 5804, 7133, 8141, 19929, 4146, 0, 0, 121, 153, 273, 485, 844, 1063, 1462, 1768, 3055, 372, 0, 0
17:28:53, 1024.70, 28.37, 29.47, 26.859, 1303, 2227, 3412, 4447, 5511, 5989, 7343, 8406, 20674, 4385, 0, 0, 118, 150, 267, 472, 805, 1013, 1394, 1685, 2987, 365, 0, 0
17:28:54, 1023.90, 28.37, 29.47, 26.859, 1252, 2138, 3303, 4356, 5379, 5886, 7160, 8223, 19600, 3967, 0, 0, 113, 143, 255, 453, 795, 1001, 1379, 1668, 2852, 344, 0, 0
17:28:54, 1026.60, 28.36, 29.47, 26.859, 1343, 2282, 3478, 4542, 5758, 6333, 7667, 8837, 22059, 4635, 0, 0, 113, 144, 257, 454, 764, 964, 1333, 1613, 2789, 337, 0, 0
17:28:55, 1029.80, 28.36, 29.51, 26.852, 1050, 1766, 2819, 3829, 4740, 5254, 6503, 7476, 17467, 3222, 0, 0, 97, 118, 209, 380, 668, 858, 1202, 1467, 2419, 284, 0, 0
17:28:56, 1031.70, 28.36, 29.45, 26.852, 864, 1429, 2333, 3249, 4259, 4800, 5965, 6817, 14847, 2602, 0, 0, 96, 115, 203, 372, 669, 860, 1208, 1477, 2471, 291, 0, 0
17:28:56, 1035.50, 28.35, 29.49, 26.852, 768, 1276, 2118, 3016, 3888, 4399, 5516, 6406, 13349, 2236, 0, 0, 87, 101, 176, 327, 600, 784, 1115, 1374, 2259, 262, 0, 0
17:28:57, 1041.40, 28.35, 29.49, 26.844, 599, 984, 1683, 2520, 3113, 3595, 4577, 5395, 10777, 1646, 0, 0, 73, 80, 135, 258, 490, 661, 965, 1211, 1820, 203, 0, 0
17:28:58, 1047.20, 28.34, 29.45, 26.844, 416, 641, 1136, 1792, 2369, 2808, 3642, 4335, 8290, 1174, 0, 0, 60, 63, 104, 202, 397, 549, 818, 1041, 1511, 165, 0, 0
17:28:58, 1051.50, 28.34, 29.51, 26.836, 308, 446, 802, 1319, 1951, 2352, 3095, 3716, 6832, 907, 0, 0, 52, 54, 87, 171, 344, 479, 722, 922, 1361, 147, 0, 0
17:28:59, 1057.70, 28.33, 29.51, 26.820, 259, 365, 658, 1121, 1689, 2064, 2787, 3382, 5972, 741, 0, 0, 44, 44, 68, 134, 279, 398, 613, 795, 1119, 118, 0, 0
17:29:00, 1062.80, 28.32, 29.51, 26.820, 195, 256, 459, 821, 1253, 1579, 2167, 2664, 4519, 530, 0, 0, 36, 36, 53, 105, 230, 335, 526, 690, 940, 98, 0, 0
17:29:00, 1064.50, 28.32, 29.47, 26.812, 161, 204, 363, 665, 1051, 1348, 1863, 2320, 3624, 403, 0, 0, 33, 32, 46, 92, 209, 308, 489, 646, 854, 88, 0, 0
17:29:01, 1068.20, 28.32, 29.47, 26.812, 157, 198, 349, 646, 1081, 1388, 1941, 2435, 4116, 459, 0, 0, 31, 30, 43, 84, 191, 285, 455, 604, 806, 83, 0, 0
17:29:02, 1072.00, 28.31, 29.51, 26.812, 137, 167, 292, 544, 930, 1211, 1702, 2163, 3295, 354, 0, 0, 28, 27, 38, 75, 173, 261, 422, 565, 751, 77, 0, 0
17:29:02, 1072.10, 28.31, 29.49, 26.812, 115, 136, 235, 442, 787, 1035, 1473, 1881, 2575, 268, 0, 0, 28, 27, 37, 72, 176, 268, 435, 586, 756, 77, 0, 0
17:29:03, 1073.80, 28.30, 29.49, 26.812, 130, 155, 270, 508, 900, 1185, 1675, 2160, 3573, 391, 0, 0, 27, 26, 36, 71, 165, 252, 410, 553, 726, 74, 0, 0
17:29:04, 1073.10, 28.30, 29.49, 26.812, 117, 137, 236, 449, 817, 1077, 1538, 1970, 2847, 297, 0, 0, 27, 26, 35, 69, 166, 253, 413, 557, 717, 73, 0, 0
17:29:04, 1077.10, 28.30, 29.51, 26.797, 124, 147, 253, 483, 862, 1141, 1626, 2096, 3556, 388, 0, 0, 26, 25, 35, 68, 157, 238, 389, 524, 710, 72, 0, 0
17:29:05, 1076.00, 28.30, 29.47, 26.805, 100, 113, 192, 371, 629, 849, 1218, 1577, 2107, 212, 0, 0, 24, 23, 31, 60, 149, 230, 382, 520, 634, 64, 0, 0
17:29:06, 1076.40, 28.30, 29.47, 26.805, 102, 117, 199, 386, 726, 971, 1397, 1789, 2721, 280, 0, 0, 25, 23, 31, 61, 150, 229, 379, 513, 662, 67, 0, 0
17:29:06, 1077.70, 28.30, 29.51, 26.789, 108, 126, 215, 416, 739, 987, 1427, 1831, 2859, 297, 0, 0, 24, 22, 30, 59, 143, 220, 365, 496, 628, 63, 0, 0
17:29:07, 1077.80, 28.30, 29.51, 26.797, 97, 111, 187, 363, 663, 894, 1288, 1662, 2385, 241, 0, 0, 23, 22, 29, 56, 138, 214, 355, 485, 610, 61, 0, 0
17:29:08, 1076.40, 28.29, 29.47, 26.797, 100, 114, 192, 372, 683, 920, 1328, 1720, 2483, 252, 0, 0, 23, 22, 30, 57, 145, 224, 372, 507, 631, 64, 0, 0
17:29:08, 1074.50, 28.29, 29.53, 26.789, 107, 124, 212, 403, 750, 996, 1428, 1842, 2567, 266, 0, 0, 27, 26, 35, 69, 170, 261, 426, 577, 747, 76, 0, 0
17:29:09, 1075.40, 28.29, 29.49, 26.789, 122, 145, 248, 472, 853, 1132, 1614, 2095, 3416, 373, 0, 0, 28, 27, 37, 72, 171, 261, 426, 576, 791, 81, 0, 0
17:29:10, 1073.80, 28.28, 29.47, 26.789, 114, 135, 229, 436, 779, 1027, 1480, 1895, 2689, 283, 0, 0, 30, 28, 39, 75, 182, 279, 455, 616, 791, 81, 0, 0
17:29:10, 1072.30, 28.28, 29.47, 26.781, 119, 141, 241, 457, 815, 1078, 1543, 1987, 2907, 306, 0, 0, 28, 27, 36, 71, 174, 265, 435, 588, 740, 75, 0, 0
17:29:11, 1071.40, 28.28, 29.45, 26.781, 123, 144, 249, 472, 851, 1119, 1576, 2015, 2945, 311, 0, 0, 29, 28, 39, 76, 182, 276, 448, 602, 768, 78, 0, 0
17:29:12, 1070.70, 28.28, 29.49, 26.781, 126, 149, 257, 489, 859, 1130, 1601, 2037, 3086, 328, 0, 0, 29, 27, 38, 74, 178, 269, 437, 586, 766, 78, 0, 0
17:29:12, 1069.60, 28.28, 29.45, 26.773, 129, 155, 268, 511, 900, 1177, 1669, 2109, 3373, 366, 0, 0, 29, 28, 40, 78, 186, 280, 452, 605, 788, 80, 0, 0
17:29:13, 1068.40, 28.27, 29.43, 26.773, 137, 166, 289, 545, 955, 1242, 1749, 2210, 3417, 369, 0, 0, 30, 29, 41, 80, 190, 286, 459, 613, 802, 82, 0, 0
17:29:14, 1068.50, 28.27, 29.53, 26.773, 146, 179, 313, 585, 1031, 1337, 1878, 2379, 3665, 396, 0, 0, 31, 30, 43, 84, 199, 297, 476, 634, 850, 88, 0, 0
17:29:14, 1068.30, 28.27, 29.45, 26.766, 150, 184, 323, 598, 1022, 1320, 1854, 2351, 3404, 367, 0, 0, 33, 32, 45, 88, 210, 315, 503, 672, 888, 92, 0, 0
17:29:15, 1067.70, 28.27, 29.51, 26.766, 156, 192, 338, 625, 1104, 1427, 1997, 2540, 4080, 456, 0, 0, 34, 33, 47, 93, 219, 327, 521, 694, 941, 97, 0, 0
17:29:16, 1067.90, 28.26, 29.47, 26.773, 167, 208, 369, 676, 1165, 1500, 2088, 2654, 4303, 487, 0, 0, 36, 35, 50, 98, 222, 330, 526, 700, 962, 100, 0, 0
17:29:16, 1067.60, 28.26, 29.47, 26.766, 157, 194, 341, 630, 1079, 1398, 1957, 2488, 3903, 428, 0, 0, 33, 32, 45, 89, 209, 313, 501, 667, 894, 92, 0, 0
17:29:17, 1064.20, 28.26, 29.49, 26.766, 159, 197, 348, 639, 1092, 1399, 1937, 2443, 3388, 367, 0, 0, 37, 36, 52, 102, 236, 348, 551, 729, 962, 100, 0, 0
17:29:18, 1064.20, 28.26, 29.45, 26.766, 181, 228, 407, 742, 1229, 1570, 2165, 2723, 4235, 468, 0, 0, 37, 36, 52, 103, 236, 348, 550, 726, 970, 100, 0, 0
17:29:18, 1065.40, 28.26, 29.45, 26.766, 178, 227, 404, 740, 1256, 1603, 2224, 2791, 4528, 504, 0, 0, 36, 35, 51, 102, 232, 342, 542, 715, 958, 99, 0, 0
17:29:19, 1065.60, 28.26, 29.49, 26.766, 175, 223, 395, 727, 1222, 1563, 2173, 2725, 4388, 485, 0, 0, 35, 34, 50, 98, 225, 332, 527, 695, 929, 95, 0, 0
17:29:20, 1064.80, 28.26, 29.45, 26.758, 169, 212, 376, 698, 1180, 1518, 2117, 2661, 4196, 458, 0, 0, 35, 34, 50, 98, 232, 343, 544, 719, 941, 97, 0, 0
17:29:20, 1063.50, 28.26, 29.53, 26.773, 182, 230, 409, 744, 1289, 1642, 2258, 2837, 4191, 459, 0, 0, 38, 38, 56, 110, 252, 369, 578, 757, 1024, 105, 0, 0
17:29:21, 1065.20, 28.25, 29.47, 26.773, 197, 252, 449, 816, 1369, 1744, 2410, 3035, 4804, 537, 0, 0, 38, 38, 55, 110, 249, 366, 575, 754, 1039, 107, 0, 0
17:29:22, 1065.60, 28.25, 29.47, 26.773, 186, 235, 417, 768, 1222, 1566, 2176, 2751, 4069, 444, 0, 0, 39, 38, 54, 108, 258, 383, 604, 796, 1024, 105, 0, 0
17:29:22, 1062.20, 28.25, 29.49, 26.805, 181, 229, 408, 739, 1276, 1622, 2239, 2810, 4042, 446, 0, 0, 41, 40, 58, 116, 272, 399, 626, 820, 1085, 111, 0, 0
17:29:23, 1049.70, 28.25, 29.47, 26.805, 203, 259, 466, 827, 1412, 1753, 2374, 2949, 3971, 455, 0, 0, 56, 56, 88, 174, 413, 583, 876, 1119, 1535, 162, 0, 0
17:29:24, 1047.10, 28.25, 29.47, 26.812, 362, 522, 934, 1511, 2300, 2749, 3573, 4343, 7051, 929, 0, 0, 67, 71, 116, 228, 466, 641, 946, 1192, 1781, 191, 0, 0
17:29:24, 1045.30, 28.25, 29.49, 26.828, 371, 548, 979, 1609, 2009, 2422, 3161, 3825, 6880, 950, 0, 0, 73, 77, 127, 249, 516, 705, 1044, 1315, 1911, 205, 0, 0
17:29:25, 1049.20, 28.25, 29.47, 26.828, 365, 542, 952, 1545, 2452, 2912, 3800, 4557, 8813, 1273, 0, 0, 70, 74, 123, 239, 486, 662, 972, 1222, 1929, 209, 0, 0
17:29:26, 1049.50, 28.25, 29.51, 26.828, 370, 551, 996, 1662, 1994, 2431, 3216, 3911, 6802, 865, 0, 0, 64, 66, 104, 204, 445, 626, 945, 1211, 1642, 174, 0, 0
17:29:26, 1047.00, 28.25, 29.47, 26.820, 294, 402, 728, 1183, 1969, 2362, 3054, 3738, 5075, 647, 0, 0, 75, 79, 127, 249, 506, 701, 1040, 1321, 1905, 206, 0, 0
17:29:27, 1048.60, 28.25, 29.51, 26.820, 410, 616, 1109, 1798, 2747, 3288, 4314, 5294, 9945, 1340, 0, 0, 69, 72, 117, 228, 466, 649, 969, 1233, 1827, 197, 0, 0
17:29:28, 1049.10, 28.25, 29.51, 26.820, 353, 510, 914, 1493, 2155, 2569, 3387, 4151, 5851, 747, 0, 0, 69, 72, 115, 226, 460, 642, 959, 1222, 1700, 181, 0, 0
17:29:28, 1050.00, 28.24, 29.51, 26.805, 380, 563, 1013, 1678, 2539, 3053, 4026, 4930, 9715, 1286, 0, 0, 62, 64, 104, 204, 420, 587, 880, 1122, 1653, 176, 0, 0
17:29:29, 1049.10, 28.25, 29.49, 26.805, 336, 489, 879, 1476, 2220, 2676, 3562, 4320, 8160, 1099, 0, 0, 65, 67, 108, 212, 458, 637, 955, 1217, 1744, 186, 0, 0
17:29:30, 1049.00, 28.24, 29.49, 26.781, 350, 510, 912, 1516, 2340, 2812, 3696, 4510, 8218, 1099, 0, 0, 64, 66, 107, 209, 435, 607, 912, 1166, 1673, 180, 0, 0
17:29:30, 1048.30, 28.24, 29.51, 26.773, 360, 517, 930, 1541, 2359, 2840, 3744, 4594, 7363, 934, 0, 0, 68, 70, 112, 220, 466, 651, 978, 1252, 1778, 191, 0, 0
17:29:31, 1048.60, 28.24, 29.51, 26.773, 392, 583, 1045, 1699, 2663, 3166, 4210, 5044, 8226, 1086, 0, 0, 75, 79, 128, 248, 516, 715, 1063, 1356, 2069, 227, 0, 0
17:29:32, 1049.90, 28.24, 29.51, 26.758, 428, 637, 1150, 1871, 2823, 3404, 4470, 5474, 10511, 1451, 0, 0, 74, 77, 124, 241, 496, 693, 1039, 1331, 2012, 219, 0, 0
17:29:32, 1048.60, 28.23, 29.47, 26.766, 385, 572, 1024, 1687, 2505, 2992, 3998, 4837, 7994, 1062, 0, 0, 75, 78, 126, 245, 502, 701, 1048, 1343, 1987, 215, 0, 0
17:29:33, 1048.50, 28.24, 29.51, 26.766, 407, 608, 1090, 1781, 2728, 3280, 4328, 5262, 9324, 1240, 0, 0, 72, 75, 120, 235, 482, 671, 1004, 1283, 1908, 207, 0, 0
17:29:34, 1049.60, 28.24, 29.49, 26.750, 398, 584, 1043, 1722, 2548, 3038, 4026, 4943, 7983, 1026, 0, 0, 69, 71, 114, 223, 461, 643, 966, 1235, 1775, 190, 0, 0
17:29:34, 1051.60, 28.24, 29.47, 26.750, 366, 531, 956, 1590, 2397, 2899, 3839, 4723, 8575, 1125, 0, 0, 63, 65, 104, 204, 424, 593, 895, 1146, 1681, 179, 0, 0
17:29:35, 1048.80, 28.24, 29.53, 26.766, 340, 487, 877, 1486, 2111, 2579, 3454, 4226, 7706, 1030, 0, 0, 67, 68, 109, 213, 469, 655, 988, 1263, 1793, 192, 0, 0
17:29:36, 1047.00, 28.24, 29.49, 26.766, 362, 524, 928, 1541, 2340, 2812, 3680, 4502, 7757, 1063, 0, 0, 70, 74, 119, 233, 475, 659, 983, 1251, 1801, 195, 0, 0
17:29:36, 1047.80, 28.23, 29.51, 26.766, 412, 610, 1094, 1787, 2556, 3064, 4009, 4940, 8526, 1112, 0, 0, 67, 70, 113, 221, 461, 642, 961, 1226, 1771, 191, 0, 0
17:29:37, 1045.20, 28.23, 29.53, 26.781, 422, 630, 1121, 1817, 2677, 3177, 4180, 5119, 7622, 1013, 0, 0, 78, 82, 135, 262, 540, 743, 1098, 1393, 2025, 221, 0, 0
17:29:38, 1047.60, 28.23, 29.49, 26.773, 496, 753, 1349, 2151, 3136, 3757, 4916, 5978, 12040, 1711, 0, 0, 74, 79, 129, 250, 500, 693, 1034, 1319, 1972, 214, 0, 0
17:29:38, 1045.00, 28.23, 29.51, 26.773, 407, 607, 1083, 1768, 2632, 3135, 4172, 5035, 8037, 1066, 0, 0, 77, 81, 130, 254, 544, 753, 1116, 1420, 2044, 222, 0, 0
17:29:39, 1039.00, 28.23, 29.51, 26.781, 481, 742, 1296, 2005, 3179, 3671, 4806, 5724, 8925, 1285, 0, 0, 92, 101, 172, 329, 638, 857, 1241, 1547, 2378, 261, 0, 0
17:29:40, 1038.20, 28.23, 29.51, 26.805, 648, 1057, 1838, 2810, 4034, 4667, 6076, 7270, 13692, 2046, 0, 0, 87, 96, 165, 315, 628, 842, 1220, 1520, 2280, 248, 0, 0
17:29:40, 1032.50, 28.23, 29.49, 26.805, 661, 1025, 1736, 2577, 3919, 4494, 5594, 6775, 11791, 1882, 0, 0, 103, 120, 210, 392, 749, 978, 1388, 1702, 2674, 302, 0, 0
17:29:41, 1030.50, 28.23, 29.51, 26.812, 916, 1517, 2526, 3593, 4648, 5231, 6499, 7818, 15683, 2728, 0, 0, 106, 125, 222, 410, 751, 971, 1370, 1672, 2664, 304, 0, 0
17:29:42, 1028.60, 28.23, 29.51, 26.820, 1020, 1702, 2768, 3881, 5073, 5628, 6957, 8339, 17207, 3060, 0, 0, 111, 134, 239, 437, 818, 1052, 1475, 1794, 2879, 331, 0, 0
17:29:42, 1024.20, 28.24, 29.49, 26.820, 1197, 2047, 3291, 4561, 6135, 6704, 8466, 9961, 19306, 3473, 0, 0, 133, 164, 291, 527, 996, 1269, 1756, 2132, 3564, 420, 0, 0
17:29:43, 1022.80, 28.24, 29.47, 26.812, 1943, 3346, 5070, 6665, 7451, 8137, 9973, 11494, 27268, 6314, 0, 0, 170, 222, 397, 690, 1177, 1477, 2016, 2432, 4362, 534, 0, 0
17:29:44, 1021.30, 28.24, 29.51, 26.812, 1976, 3364, 4998, 6547, 7558, 8321, 10255, 11761, 26920, 6348, 0, 0, 185, 244, 436, 753, 1258, 1570, 2136, 2571, 4678, 578, 0, 0
17:29:44, 1016.30, 28.24, 29.53, 26.812, 2410, 4087, 5928, 7642, 9420, 10207, 12462, 14129, 34182, 8984, 0, 1, 206, 285, 504, 844, 1372, 1678, 2248, 2682, 5058, 650, 0, 0
17:29:45, 1017.80, 28.24, 29.54, 26.828, 2461, 4129, 5747, 7191, 7942, 8496, 10267, 11797, 25832, 6768, 0, 0, 178, 241, 430, 733, 1195, 1475, 1992, 2385, 4340, 544, 0, 0
17:29:46, 1016.90, 28.23, 29.47, 26.844, 2348, 3854, 5455, 6821, 8668, 9078, 11109, 13076, 26125, 6595, 0, 0, 171, 232, 412, 703, 1192, 1464, 1973, 2352, 4193, 533, 0, 0
17:29:46, 1016.70, 28.23, 29.51, 26.844, 2887, 4858, 6895, 8536, 10244, 10720, 13051, 14967, 32806, 9347, 0, 1, 183, 251, 446, 754, 1256, 1537, 2068, 2459, 4402, 563, 0, 0
17:29:47, 1020.10, 28.23, 29.53, 26.852, 2857, 4824, 6869, 8502, 9012, 9556, 11800, 13345, 25385, 7049, 0, 0, 183, 247, 440, 751, 1297, 1598, 2158, 2577, 4824, 619, 0, 0
17:29:48, 1017.50, 28.23, 29.51, 26.844, 2569, 4405, 6466, 8490, 8006, 8440, 10637, 12038, 22400, 5121, 0, 0, 194, 258, 460, 793, 1360, 1690, 2293, 2751, 4831, 600, 0, 0
17:29:48, 1014.00, 28.23, 29.53, 26.844, 2693, 4423, 6211, 7646, 8912, 9431, 11468, 12951, 27893, 7738, 0, 0, 202, 273, 486, 827, 1405, 1731, 2335, 2792, 5067, 643, 0, 0
17:29:49, 1011.60, 28.23, 29.51, 26.836, 4066, 6895, 9457, 11731, 12567, 13606, 16614, 18310, 36000, 12983, 1, 1, 1055, 1701, 2398, 3078, 4771, 5432, 6282, 7482, 20195, 6088, 0, 0
17:29:50, 1011.20, 28.22, 29.49, 26.828, 4875, 7309, 10405, 11920, 11393, 12344, 14165, 16593, 36000, 17512, 1, 1, 2329, 3776, 5239, 6502, 12886, 12587, 15981, 18097, 36000, 20870, 1, 1
17:29:50, 1011.50, 28.22, 29.51, 26.828, 4142, 6433, 9416, 10901, 9672, 9936, 10781, 14376, 36000, 18716, 1, 1, 2314, 3831, 5197, 6730, 7498, 8102, 10042, 11120, 30782, 9692, 0, 0
17:29:51, 1011.70, 28.22, 29.51, 26.742, 4240, 7580, 10175, 12706, 15621, 15212, 20277, 22184, 36000, 35999, 1, 1, 2555, 3741, 5468, 6338, 8525, 9177, 10811, 12626, 36000, 13348, 1, 1
17:29:52, 1011.50, 28.20, 29.51, 26.586, 4921, 8659, 11797, 13728, 17371, 18190, 22572, 23994, 36000, 36000, 1, 1, 2248, 3419, 4877, 6006, 9204, 9797, 12201, 13408, 35909, 13432, 0, 1
