Secchi Depth (cm) = 0040
Forel Ule Scale = 21
pH Colour Scale = 99
SensingSecchi S/N = A016
Latitude (degs N) = 34.24336
Longitude (degs E) = -77.96911
Date = 2026-05-27
Time (UTC), Pressure (mbar) MS5803, Temp (deg C) MS5803, Temp (deg C) 10KTHERM, Temp (deg C) TMP117, ED 415nm, ED 445nm, ED 480nm, ED 515nm, ED 555nm, ED 590nm, ED 630nm, ED 680nm, ED Clear, ED NIR, ED D-SAT, ED A-SAT, EU 415nm, EU 445nm, EU 480nm, EU 515nm, EU 555nm, EU 590nm, EU 630nm, EU 680nm, EU Clear, EU NIR, EU D-SAT, EU A-SAT
17:50:30, 1010.70, 30.60, 30.46, 31.695, 2208, 3400, 4737, 5660, 6891, 6562, 8790, 8636, 36000, 24048, 1, 1, 9416, 14819, 19814, 25029, 27418, 31863, 36000, 36000, 36000, 36000, 1, 1
17:50:30, 1010.70, 30.65, 30.54, 31.695, 1064, 1600, 2232, 2686, 6620, 6557, 8999, 8511, 34511, 19184, 0, 1, 10667, 16990, 22968, 29553, 35673, 36000, 36000, 36000, 36000, 36000, 1, 1
17:50:31, 1010.30, 30.66, 30.48, 31.773, 9334, 15015, 19758, 24648, 35482, 35793, 36000, 36000, 36000, 36000, 1, 1, 10071, 16324, 22655, 28251, 24793, 26338, 32190, 34565, 36000, 36000, 1, 1
17:50:32, 1011.20, 30.69, 30.50, 31.773, 5450, 10103, 12323, 18045, 23376, 26192, 30497, 31582, 36000, 36000, 1, 1, 4723, 6840, 10221, 12673, 14360, 16018, 19431, 21463, 36000, 24253, 1, 1
17:50:32, 1010.50, 30.72, 30.54, 31.773, 13762, 21638, 31292, 36000, 36000, 36000, 36000, 36000, 36000, 36000, 1, 1, 2257, 3418, 5186, 6498, 11865, 12699, 16263, 17597, 36000, 21985, 1, 1
17:50:33, 1012.30, 30.73, 30.54, 31.719, 14740, 22615, 34754, 36000, 36000, 36000, 36000, 36000, 36000, 36000, 1, 1, 965, 1477, 2260, 3171, 4018, 4895, 6394, 7376, 14144, 1794, 0, 0
17:50:34, 1016.90, 30.58, 30.54, 29.961, 10196, 18351, 25540, 32366, 7373, 7902, 9336, 10380, 23700, 8731, 0, 0, 461, 625, 1129, 1959, 3246, 4043, 5376, 6238, 10876, 1305, 0, 0
17:50:34, 1021.10, 30.35, 30.46, 29.961, 9246, 16998, 21742, 24106, 22614, 20939, 24604, 28856, 35808, 17292, 0, 1, 431, 573, 1049, 1834, 3288, 4089, 5460, 6350, 11484, 1353, 0, 0
17:50:35, 1018.50, 30.27, 30.52, 28.289, 1598, 2625, 3659, 6161, 9677, 11126, 15540, 13354, 36000, 14026, 1, 1, 493, 672, 1226, 2091, 3810, 4658, 6174, 7157, 13846, 1693, 0, 0
17:50:36, 1020.70, 30.26, 30.48, 28.289, 2364, 4767, 5800, 10285, 14301, 15153, 23005, 18696, 36000, 26259, 1, 1, 535, 731, 1340, 2280, 4063, 4955, 6598, 7634, 14788, 1810, 0, 0
17:50:36, 1018.70, 30.27, 30.48, 27.672, 1933, 3562, 4296, 9195, 8347, 10309, 16011, 10827, 35956, 12511, 0, 1, 485, 656, 1202, 2060, 3553, 4376, 5813, 6748, 12456, 1501, 0, 0
17:50:37, 1018.60, 30.28, 30.46, 27.422, 6641, 7872, 9647, 15047, 12967, 19679, 21394, 22428, 35524, 9039, 0, 1, 475, 634, 1158, 2009, 3499, 4354, 5795, 6737, 11340, 1328, 0, 0
17:50:38, 1019.60, 30.28, 30.48, 27.422, 4509, 4832, 8319, 10440, 7911, 11357, 8986, 13192, 17994, 4266, 0, 0, 456, 593, 1087, 1927, 3381, 4284, 5713, 6663, 10408, 1145, 0, 0
17:50:38, 1018.10, 30.28, 30.50, 27.336, 3322, 4547, 7535, 8112, 11391, 11173, 15158, 17091, 17974, 4149, 0, 0, 493, 657, 1200, 2105, 3672, 4606, 6115, 7101, 12202, 1432, 0, 0
17:50:39, 1018.30, 30.26, 30.48, 27.305, 2742, 3981, 7564, 7181, 10542, 7362, 13690, 10733, 17555, 4312, 0, 0, 545, 734, 1336, 2324, 3785, 4768, 6332, 7373, 12352, 1427, 0, 0
17:50:40, 1015.80, 30.25, 30.50, 27.305, 3152, 4581, 7399, 8384, 9746, 10010, 12005, 14116, 19340, 4775, 0, 0, 493, 656, 1192, 2091, 3447, 4346, 5779, 6740, 11033, 1271, 0, 0
17:50:40, 1015.80, 30.23, 30.46, 27.305, 7226, 4790, 10249, 9735, 10572, 16653, 10806, 18048, 18956, 4740, 0, 0, 488, 655, 1192, 2062, 3501, 4344, 5770, 6697, 11445, 1361, 0, 0
17:50:41, 1015.70, 30.21, 30.45, 27.305, 4778, 3856, 5728, 9426, 8545, 17619, 16285, 16083, 32978, 8137, 0, 1, 504, 687, 1244, 2118, 3701, 4556, 6032, 6986, 12409, 1522, 0, 0
17:50:42, 1016.10, 30.19, 30.45, 27.305, 5066, 4045, 5982, 10155, 6694, 10866, 9230, 10463, 23147, 5708, 0, 0, 494, 666, 1212, 2078, 3421, 4265, 5674, 6589, 11056, 1299, 0, 0
17:50:42, 1015.70, 30.19, 30.45, 27.297, 4658, 5897, 9250, 10782, 16457, 18428, 13693, 24438, 20892, 5667, 0, 0, 482, 646, 1174, 2047, 3450, 4323, 5735, 6662, 10960, 1263, 0, 0
17:50:43, 1015.40, 30.18, 30.43, 27.305, 4376, 4593, 9597, 7650, 10735, 11014, 13029, 15625, 20971, 5863, 0, 0, 494, 666, 1208, 2106, 3621, 4542, 6009, 6989, 11717, 1358, 0, 0
17:50:44, 1015.90, 30.16, 30.48, 27.305, 7482, 7844, 14432, 12716, 6488, 6835, 8156, 9232, 19570, 5187, 0, 0, 498, 664, 1208, 2113, 3517, 4423, 5873, 6833, 11077, 1252, 0, 0
17:50:44, 1015.20, 30.14, 30.43, 27.297, 9501, 11053, 17285, 21130, 9398, 14887, 10938, 16601, 22681, 6060, 0, 0, 498, 668, 1212, 2100, 3553, 4422, 5865, 6818, 11571, 1371, 0, 0
17:50:45, 1014.90, 30.13, 30.45, 27.312, 4896, 3883, 6560, 9795, 8011, 15105, 13071, 14832, 25682, 6709, 0, 0, 487, 662, 1199, 2055, 3496, 4328, 5731, 6639, 11510, 1384, 0, 0
17:50:46, 1014.60, 30.12, 30.45, 27.312, 6240, 4897, 8964, 12969, 13899, 23078, 15812, 28842, 23087, 6160, 0, 0, 475, 642, 1166, 2015, 3441, 4280, 5668, 6572, 10990, 1289, 0, 0
17:50:46, 1015.50, 30.11, 30.48, 27.305, 12093, 15227, 19170, 21381, 22516, 18438, 27090, 30291, 26285, 7162, 0, 0, 465, 619, 1128, 1975, 3501, 4388, 5814, 6754, 10834, 1224, 0, 0
17:50:47, 1015.30, 30.11, 30.46, 27.312, 2313, 3625, 5285, 6351, 6402, 6725, 8061, 9016, 20570, 5994, 0, 0, 493, 663, 1207, 2107, 3607, 4518, 5973, 6927, 11303, 1287, 0, 0
17:50:48, 1016.10, 30.10, 30.45, 27.312, 1993, 3232, 4561, 5543, 6541, 6811, 8158, 9211, 19984, 5954, 0, 0, 493, 662, 1207, 2102, 3423, 4288, 5690, 6597, 10937, 1258, 0, 0
17:50:48, 1017.90, 30.08, 30.41, 27.312, 3778, 3411, 5960, 7088, 7339, 13207, 9353, 12075, 20269, 5263, 0, 0, 484, 644, 1175, 2049, 3502, 4374, 5816, 6754, 11338, 1310, 0, 0
17:50:49, 1018.60, 30.08, 30.45, 27.320, 2971, 2777, 4312, 6480, 6250, 10559, 8816, 10130, 21594, 5342, 0, 0, 480, 635, 1164, 2030, 3369, 4231, 5649, 6575, 10894, 1244, 0, 0
17:50:50, 1016.60, 30.07, 30.43, 27.320, 6207, 5040, 9766, 13307, 11756, 20827, 13824, 22729, 25021, 6346, 0, 0, 494, 654, 1190, 2081, 3588, 4506, 6003, 6996, 11619, 1342, 0, 0
17:50:50, 1016.30, 30.06, 30.45, 27.320, 7301, 11393, 15169, 17477, 17017, 17615, 14597, 24558, 23582, 5960, 0, 0, 516, 677, 1229, 2160, 3752, 4734, 6296, 7356, 11941, 1355, 0, 0
17:50:51, 1015.90, 30.05, 30.43, 27.344, 2020, 3272, 4746, 5763, 6622, 6887, 8349, 9342, 20843, 5438, 0, 0, 520, 684, 1236, 2175, 3861, 4872, 6473, 7566, 12389, 1425, 0, 0
17:50:52, 1014.80, 30.04, 30.43, 27.344, 1875, 2994, 4415, 5364, 7003, 7240, 8529, 9842, 20813, 5195, 0, 0, 477, 628, 1132, 1992, 3395, 4282, 5685, 6652, 10939, 1277, 0, 0
17:50:52, 1014.30, 30.03, 30.41, 27.359, 7017, 9496, 13642, 17389, 15736, 21187, 14072, 23266, 26836, 7452, 0, 0, 485, 653, 1175, 2030, 3319, 4150, 5485, 6397, 10829, 1310, 0, 0
17:50:53, 1011.60, 30.02, 30.43, 27.406, 7854, 11325, 15528, 19094, 12194, 21961, 17581, 24799, 31695, 8910, 0, 0, 504, 701, 1253, 2065, 3292, 4058, 5265, 6128, 10992, 1478, 0, 0
17:50:54, 1012.40, 30.02, 30.43, 27.406, 4769, 5482, 8851, 10187, 13244, 15160, 14562, 20537, 28917, 7575, 0, 0, 445, 613, 1100, 1868, 2924, 3624, 4764, 5510, 10114, 1252, 0, 0
17:50:54, 1016.60, 30.01, 30.45, 27.422, 7817, 12477, 17445, 20967, 30724, 31580, 35828, 35874, 36000, 35740, 1, 1, 398, 560, 995, 1663, 2731, 3327, 4347, 4993, 10333, 1325, 0, 0
17:50:55, 1015.50, 29.99, 30.43, 27.437, 6989, 11477, 15840, 18028, 15895, 16296, 19594, 20187, 36000, 21038, 1, 1, 404, 564, 1014, 1707, 3007, 3638, 4769, 5456, 11661, 1457, 0, 0
17:50:56, 1013.20, 29.96, 30.45, 27.437, 9155, 15153, 20033, 24286, 27842, 29257, 34188, 33438, 36000, 35181, 1, 1, 3202, 4879, 8182, 12138, 15021, 17540, 22741, 26552, 36000, 11866, 1, 1
17:50:56, 1014.40, 29.94, 30.46, 27.445, 9221, 17242, 22373, 30193, 32578, 35412, 35327, 35982, 36000, 36000, 1, 1, 1873, 2499, 4228, 7021, 19270, 22776, 29728, 34814, 36000, 15579, 1, 1
17:50:57, 1012.60, 29.91, 30.41, 27.445, 2929, 4393, 6834, 8449, 8470, 9240, 11206, 12726, 35547, 12453, 0, 1, 5334, 8350, 13320, 18390, 23988, 26924, 32838, 34426, 36000, 25054, 1, 1
17:50:58, 1012.00, 29.91, 30.45, 27.477, 2091, 3240, 5030, 6234, 5169, 5638, 6890, 7788, 25229, 6918, 0, 0, 1239, 1854, 3121, 4686, 7731, 9159, 11976, 14192, 31645, 5485, 0, 0
17:50:58, 1014.70, 29.89, 30.45, 27.484, 1742, 2574, 3916, 4769, 4739, 5089, 6140, 6875, 22610, 6289, 0, 0, 2532, 3954, 6369, 8933, 11879, 13278, 16703, 19397, 36000, 12435, 1, 1
17:50:59, 1018.50, 29.86, 30.46, 27.484, 2051, 3287, 4795, 5897, 6255, 6810, 7978, 8992, 27593, 8158, 0, 0, 1683, 2708, 4379, 6149, 4501, 5186, 6561, 7556, 18519, 3434, 0, 0
17:51:00, 1018.30, 29.81, 30.43, 27.484, 1610, 2522, 3663, 4734, 4486, 4836, 5735, 6551, 20132, 5667, 0, 0, 1278, 1965, 3182, 4584, 4215, 4887, 6214, 7122, 18058, 3428, 0, 0
17:51:00, 1022.30, 29.76, 30.46, 27.453, 1456, 2029, 3028, 3843, 4849, 5487, 6352, 7279, 23015, 6160, 0, 0, 574, 799, 1417, 2316, 4406, 5281, 6881, 7969, 17482, 2692, 0, 0
17:51:01, 1025.30, 29.70, 30.46, 27.453, 1239, 2046, 3111, 4069, 6730, 7240, 8799, 10442, 34276, 9748, 0, 1, 763, 1077, 1906, 3054, 4926, 5831, 7584, 8792, 20597, 3415, 0, 0
17:51:02, 1015.10, 29.65, 30.45, 27.414, 1325, 2201, 3421, 4461, 7683, 8147, 9867, 11160, 33499, 10523, 0, 1, 722, 1069, 1853, 2868, 4085, 4722, 6106, 6994, 16096, 2711, 0, 0
17:51:02, 1017.40, 29.61, 30.43, 27.406, 1823, 3064, 4414, 5494, 5139, 5545, 6795, 7723, 26668, 8412, 0, 0, 582, 839, 1427, 2228, 3225, 3849, 4962, 5722, 10696, 1501, 0, 0
17:51:03, 1018.40, 29.59, 30.45, 27.406, 907, 1526, 2343, 3093, 4752, 5193, 6291, 7334, 22246, 5299, 0, 0, 501, 720, 1303, 2088, 2600, 3100, 4047, 4669, 8832, 1102, 0, 0
17:51:04, 1021.00, 29.59, 30.43, 27.383, 1518, 2647, 4098, 5353, 6259, 6782, 8395, 9397, 26086, 5587, 0, 0, 315, 423, 771, 1306, 2757, 3307, 4286, 4991, 8941, 1103, 0, 0
17:51:04, 1020.50, 29.58, 30.41, 27.375, 1569, 2758, 4325, 6070, 5970, 6615, 7759, 9489, 32363, 8690, 0, 0, 233, 312, 572, 977, 1762, 2154, 2854, 3271, 5910, 692, 0, 0
17:51:05, 1020.50, 29.58, 30.45, 27.375, 1410, 2377, 3900, 5382, 7498, 8169, 10163, 11318, 33489, 7588, 0, 1, 254, 330, 605, 1045, 2090, 2536, 3336, 3848, 8282, 1162, 0, 0
17:51:06, 1016.50, 29.57, 30.43, 27.367, 2796, 4936, 7083, 9331, 10511, 11280, 13695, 16154, 36000, 16280, 1, 1, 518, 740, 1301, 2078, 3628, 4242, 5422, 6204, 15239, 2552, 0, 0
17:51:06, 1016.90, 29.57, 30.41, 27.352, 3732, 6624, 9213, 12167, 12246, 13158, 15119, 18221, 36000, 23009, 1, 1, 558, 812, 1426, 2260, 3750, 4400, 5653, 6458, 15138, 2428, 0, 0
17:51:07, 1017.00, 29.56, 30.43, 27.352, 3134, 5688, 7871, 10054, 16877, 18303, 22129, 23881, 36000, 25918, 1, 1, 768, 1135, 1965, 3015, 4023, 4725, 6073, 6897, 16153, 2607, 0, 0
17:51:08, 1024.70, 29.55, 30.41, 27.359, 3213, 6012, 8113, 10848, 17968, 16975, 19828, 24334, 35900, 18942, 0, 1, 628, 866, 1551, 2554, 4600, 5605, 7254, 8388, 17573, 2513, 0, 0
17:51:08, 1022.70, 29.54, 30.39, 27.367, 2813, 4787, 7439, 9884, 18205, 20949, 23682, 27071, 28579, 6154, 0, 0, 635, 859, 1551, 2609, 4062, 5023, 6582, 7606, 14783, 1979, 0, 0
17:51:09, 1019.10, 29.51, 30.43, 27.367, 3178, 5352, 8109, 10602, 7142, 7583, 9665, 10551, 26336, 6159, 0, 0, 851, 1195, 2138, 3517, 5216, 6352, 8224, 9520, 18388, 2488, 0, 0
17:51:10, 1019.20, 29.45, 30.43, 27.367, 5550, 10165, 14904, 17992, 12448, 13450, 16660, 18711, 34900, 9929, 0, 1, 837, 1206, 2119, 3444, 6194, 7337, 9428, 10815, 23288, 3621, 0, 0
17:51:10, 1016.40, 29.39, 30.43, 27.375, 4636, 8053, 12048, 14768, 24059, 25680, 29254, 30371, 35869, 19910, 0, 1, 770, 1094, 1916, 3112, 4316, 5202, 6724, 7716, 16369, 2444, 0, 0
17:51:11, 1016.60, 29.34, 30.41, 27.375, 8078, 12956, 19111, 22545, 27991, 29485, 32532, 32465, 36000, 32345, 1, 1, 1053, 1560, 2654, 4057, 5949, 7031, 8927, 10272, 24003, 4309, 0, 0
17:51:12, 1015.10, 29.31, 30.45, 27.352, 8776, 13785, 19793, 22096, 25006, 25813, 29037, 30563, 36000, 26567, 1, 1, 980, 1426, 2479, 3896, 7931, 9136, 11647, 13391, 32751, 6530, 0, 1
17:51:12, 1017.10, 29.31, 30.39, 27.359, 11099, 16561, 25655, 27004, 27688, 27636, 30370, 32118, 36000, 33135, 1, 1, 816, 1156, 2012, 3235, 5563, 6619, 8504, 9732, 23141, 4048, 0, 0
17:51:13, 1016.60, 29.29, 30.43, 27.359, 5616, 9943, 14898, 16965, 26977, 26584, 29173, 33038, 36000, 33508, 1, 1, 1114, 1672, 2830, 4259, 4979, 5862, 7477, 8570, 20234, 3502, 0, 0
17:51:14, 1014.90, 29.27, 30.43, 27.352, 5094, 9263, 11526, 15816, 17362, 19570, 20740, 25618, 36000, 30735, 1, 1, 526, 745, 1326, 2150, 3486, 4130, 5309, 6042, 13959, 2073, 0, 0
17:51:14, 1015.00, 29.27, 30.45, 27.328, 3771, 6330, 9110, 11541, 13749, 16113, 17236, 21443, 36000, 22240, 1, 1, 530, 766, 1360, 2191, 3459, 4048, 5272, 5933, 12859, 1859, 0, 0
17:51:15, 1015.40, 29.27, 30.43, 27.328, 3272, 5568, 8472, 10116, 9585, 10271, 12169, 14516, 36000, 14015, 1, 1, 671, 1000, 1726, 2720, 3163, 3737, 4865, 5524, 11098, 1673, 0, 0
17:51:16, 1023.50, 29.29, 30.41, 27.320, 2439, 4511, 6732, 8515, 10112, 10483, 12670, 15742, 34467, 7513, 0, 1, 273, 365, 672, 1165, 1759, 2154, 2878, 3281, 5592, 620, 0, 0
17:51:16, 1021.50, 29.30, 30.41, 27.320, 2048, 3396, 5482, 7173, 9969, 11027, 14226, 15336, 28816, 5410, 0, 0, 265, 345, 634, 1118, 2029, 2500, 3300, 3799, 5990, 701, 0, 0
17:51:17, 1021.80, 29.31, 30.43, 27.320, 2728, 4698, 7462, 9819, 12475, 13330, 16529, 17802, 36000, 15333, 1, 1, 282, 382, 695, 1197, 2018, 2456, 3258, 3729, 6192, 728, 0, 0
17:51:18, 1021.40, 29.32, 30.41, 27.320, 2831, 4993, 7980, 10818, 8344, 9008, 11071, 12780, 32782, 6900, 0, 1, 263, 353, 655, 1130, 1924, 2360, 3101, 3569, 6227, 717, 0, 0
17:51:18, 1020.50, 29.33, 30.45, 27.320, 2215, 4036, 6019, 8036, 8658, 9546, 11660, 12905, 34014, 8946, 0, 1, 209, 275, 509, 891, 1528, 1882, 2489, 2850, 4944, 552, 0, 0
17:51:19, 1024.10, 29.33, 30.45, 27.305, 942, 1575, 2435, 3344, 4070, 4512, 5522, 6452, 11395, 2196, 0, 0, 198, 252, 470, 844, 1438, 1797, 2395, 2759, 4746, 520, 0, 0
17:51:20, 1025.30, 29.33, 30.39, 27.305, 2389, 4159, 6624, 8728, 13221, 14844, 17411, 21122, 31199, 6497, 0, 0, 220, 279, 518, 937, 1651, 2070, 2799, 3217, 4994, 528, 0, 0
17:51:20, 1019.90, 29.33, 30.43, 27.305, 1481, 2582, 4107, 5669, 9335, 10523, 12703, 16026, 18117, 3124, 0, 0, 213, 275, 514, 915, 1687, 2089, 2788, 3190, 5592, 619, 0, 0
17:51:21, 1016.60, 29.32, 30.41, 27.297, 3393, 6425, 9281, 12506, 20860, 20177, 24843, 27836, 36000, 15303, 1, 1, 339, 472, 868, 1477, 2510, 3025, 3983, 4541, 9501, 1152, 0, 0
17:51:22, 1024.10, 29.32, 30.43, 27.289, 3697, 6929, 9562, 12013, 23020, 23578, 26650, 28414, 36000, 15316, 1, 1, 313, 413, 759, 1332, 2460, 3024, 4027, 4635, 9080, 1075, 0, 0
17:51:22, 1021.90, 29.32, 30.45, 27.289, 3364, 5796, 9509, 13240, 10401, 11710, 13930, 16660, 36000, 9893, 1, 1, 371, 494, 911, 1603, 2762, 3393, 4518, 5176, 10610, 1251, 0, 0
17:51:23, 1017.30, 29.32, 30.45, 27.297, 6291, 11393, 15732, 20263, 14816, 16198, 19003, 22424, 36000, 24387, 1, 1, 767, 1149, 1989, 3073, 3949, 4625, 5939, 6769, 16032, 2493, 0, 0
17:51:24, 1020.20, 29.31, 30.43, 27.289, 6174, 8941, 14587, 17154, 22780, 25495, 30800, 33005, 36000, 33993, 1, 1, 500, 715, 1282, 2086, 3395, 4055, 5258, 5997, 13738, 1871, 0, 0
17:51:24, 1024.80, 29.31, 30.41, 27.289, 4054, 7443, 10991, 15324, 22003, 23979, 29830, 31607, 36000, 17443, 1, 1, 324, 428, 786, 1388, 2280, 2835, 3784, 4378, 8735, 1015, 0, 0
17:51:25, 1024.60, 29.31, 30.41, 27.273, 2514, 4571, 7234, 9859, 12656, 13225, 16708, 19442, 36000, 8224, 1, 1, 291, 374, 688, 1234, 2124, 2652, 3556, 4126, 8189, 940, 0, 0
17:51:26, 1021.60, 29.31, 30.45, 27.266, 3360, 6653, 10690, 14731, 22099, 23524, 28468, 30408, 36000, 10586, 1, 1, 261, 336, 620, 1108, 1930, 2404, 3224, 3714, 7269, 823, 0, 0
17:51:26, 1020.40, 29.30, 30.45, 27.266, 2333, 4213, 6359, 8267, 8897, 9643, 11570, 13783, 30173, 6684, 0, 0, 283, 370, 683, 1212, 2159, 2675, 3573, 4102, 7878, 887, 0, 0
17:51:27, 1021.50, 29.30, 30.43, 27.250, 2110, 3519, 5336, 6717, 8214, 9011, 10780, 12314, 34575, 8269, 0, 1, 314, 410, 758, 1349, 2365, 2940, 3951, 4547, 8610, 965, 0, 0
17:51:28, 1023.60, 29.30, 30.37, 27.250, 2099, 3612, 5585, 7124, 9060, 9958, 12140, 13815, 36000, 8261, 1, 1, 289, 375, 692, 1238, 2004, 2510, 3384, 3907, 7245, 819, 0, 0
17:51:28, 1027.80, 29.30, 30.43, 27.250, 1931, 3319, 5266, 6799, 7558, 8173, 10126, 11502, 35716, 7958, 0, 1, 269, 345, 641, 1143, 2070, 2589, 3488, 4047, 7841, 882, 0, 0
17:51:29, 1027.70, 29.29, 30.43, 27.242, 3278, 5508, 8763, 13027, 23558, 24626, 31156, 30592, 36000, 13798, 1, 1, 261, 326, 603, 1101, 2072, 2611, 3526, 4116, 7455, 829, 0, 0
17:51:30, 1021.60, 29.29, 30.41, 27.250, 6151, 10373, 16041, 23158, 31573, 32673, 34889, 34746, 36000, 25266, 1, 1, 336, 444, 822, 1442, 2596, 3196, 4263, 4926, 9461, 1090, 0, 0
17:51:30, 1020.40, 29.29, 30.43, 27.250, 8146, 13205, 19713, 24331, 32727, 33448, 34947, 35003, 36000, 30334, 1, 1, 358, 480, 887, 1545, 2574, 3170, 4229, 4883, 9268, 1079, 0, 0
17:51:31, 1022.00, 29.28, 30.43, 27.250, 8808, 14978, 21147, 27313, 29529, 30819, 34415, 34662, 36000, 27216, 1, 1, 363, 491, 906, 1572, 2569, 3160, 4228, 4860, 9628, 1105, 0, 0
17:51:32, 1021.80, 29.28, 30.45, 27.250, 6946, 11053, 17525, 23131, 28526, 30257, 33333, 33827, 36000, 24380, 1, 1, 345, 463, 853, 1492, 2452, 3025, 4042, 4647, 9202, 1060, 0, 0
17:51:32, 1021.80, 29.27, 30.39, 27.250, 7887, 12657, 19257, 24562, 30852, 31993, 34452, 34907, 36000, 31125, 1, 1, 368, 499, 918, 1591, 2687, 3303, 4386, 5049, 10214, 1195, 0, 0
17:51:33, 1023.00, 29.27, 30.43, 27.250, 10344, 17060, 23896, 28037, 28121, 29680, 33366, 34169, 36000, 27067, 1, 1, 382, 514, 942, 1635, 2800, 3463, 4620, 5323, 10825, 1256, 0, 0
17:51:34, 1023.70, 29.27, 30.39, 27.250, 7458, 12135, 18754, 23253, 28441, 30952, 33440, 34890, 36000, 24160, 1, 1, 362, 476, 879, 1554, 2685, 3342, 4467, 5172, 10165, 1179, 0, 0
17:51:34, 1022.10, 29.27, 30.45, 27.250, 6437, 10702, 16642, 21327, 27509, 28787, 33075, 33666, 36000, 19870, 1, 1, 375, 499, 916, 1618, 2706, 3361, 4494, 5184, 10245, 1192, 0, 0
17:51:35, 1022.70, 29.27, 30.45, 27.250, 8127, 14004, 19493, 24381, 31153, 33233, 35726, 35903, 36000, 22286, 1, 1, 397, 530, 974, 1704, 2772, 3455, 4608, 5341, 10455, 1222, 0, 0
17:51:36, 1025.20, 29.28, 30.39, 27.250, 6289, 10638, 17069, 20874, 26126, 26898, 31778, 32811, 36000, 17793, 1, 1, 367, 477, 875, 1559, 2604, 3285, 4397, 5120, 9715, 1114, 0, 0
17:51:36, 1025.90, 29.28, 30.45, 27.250, 9965, 17582, 24365, 29228, 28321, 30583, 32033, 35021, 35895, 9215, 0, 1, 349, 448, 824, 1483, 2623, 3314, 4447, 5175, 9789, 1122, 0, 0
17:51:37, 1025.70, 29.28, 30.45, 27.242, 6689, 11310, 18040, 22432, 25638, 28624, 30561, 35275, 35005, 7206, 0, 1, 338, 430, 792, 1434, 2489, 3148, 4235, 4928, 9235, 1048, 0, 0
17:51:38, 1025.40, 29.28, 30.41, 27.250, 5539, 8948, 14811, 19414, 26488, 29485, 33820, 34450, 35250, 12170, 0, 1, 343, 440, 808, 1452, 2544, 3210, 4313, 5016, 9568, 1092, 0, 0
17:51:38, 1023.30, 29.28, 30.41, 27.250, 5804, 9276, 15861, 21117, 30587, 33452, 35573, 35804, 36000, 15780, 1, 1, 342, 440, 805, 1450, 2485, 3142, 4212, 4915, 9159, 1055, 0, 0
17:51:39, 1027.10, 29.28, 30.43, 27.242, 5003, 8313, 13454, 17741, 23215, 24818, 26673, 28370, 33150, 7897, 0, 1, 351, 449, 824, 1484, 2587, 3284, 4406, 5148, 9556, 1084, 0, 0
17:51:40, 1030.70, 29.28, 30.43, 27.242, 4815, 8998, 14215, 20510, 23290, 25972, 29865, 31525, 31556, 6636, 0, 0, 310, 388, 713, 1302, 2247, 2881, 3898, 4569, 8508, 955, 0, 0
17:51:40, 1035.50, 29.28, 30.45, 27.242, 3525, 6569, 10937, 16054, 23521, 26096, 31691, 32699, 31782, 5959, 0, 1, 256, 305, 557, 1045, 1889, 2459, 3371, 3969, 7284, 800, 0, 0
17:51:41, 1043.40, 29.27, 30.43, 27.242, 3985, 6525, 11601, 16845, 16439, 18849, 24896, 27783, 36000, 7489, 1, 1, 234, 265, 476, 914, 1545, 2070, 2897, 3443, 6072, 642, 0, 0
17:51:42, 1046.40, 29.27, 30.41, 27.242, 1978, 3204, 5822, 8977, 17957, 21524, 27085, 31286, 33925, 4940, 0, 1, 202, 223, 393, 768, 1442, 1950, 2747, 3281, 5691, 596, 0, 0
17:51:42, 1052.30, 29.26, 30.45, 27.242, 1968, 3073, 5785, 9237, 9725, 11563, 15227, 18198, 27776, 3598, 0, 0, 174, 185, 318, 632, 1237, 1703, 2438, 2931, 4987, 514, 0, 0
17:51:43, 1058.40, 29.25, 30.43, 27.250, 1242, 1883, 3554, 5830, 13483, 16354, 22487, 26049, 32212, 4116, 0, 0, 152, 157, 264, 530, 1045, 1467, 2129, 2579, 4344, 440, 0, 0
17:51:44, 1066.10, 29.25, 30.41, 27.250, 833, 1168, 2213, 3916, 9026, 11561, 16318, 19068, 24432, 2691, 0, 0, 114, 114, 180, 367, 773, 1122, 1669, 2048, 3256, 326, 0, 0
17:51:44, 1066.80, 29.25, 30.43, 27.250, 1132, 1539, 2813, 5150, 5991, 7547, 10547, 12638, 14725, 1549, 0, 0, 104, 103, 162, 330, 746, 1088, 1620, 1991, 3141, 314, 0, 0
17:51:45, 1069.80, 29.24, 30.41, 27.250, 731, 990, 1835, 3394, 5327, 6856, 9622, 11653, 13384, 1403, 0, 0, 98, 97, 149, 305, 706, 1038, 1554, 1916, 2994, 298, 0, 0
17:51:46, 1077.30, 29.24, 30.45, 27.250, 588, 746, 1383, 2570, 4740, 6166, 8780, 10608, 13630, 1371, 0, 0, 87, 84, 125, 254, 580, 873, 1333, 1662, 2505, 247, 0, 0
17:51:46, 1079.60, 29.24, 30.39, 27.250, 469, 580, 1049, 2029, 3743, 5027, 7186, 8980, 10095, 988, 0, 0, 77, 74, 107, 217, 514, 784, 1207, 1514, 2213, 217, 0, 0
17:51:47, 1082.50, 29.23, 30.43, 27.258, 498, 622, 1099, 2142, 3552, 4746, 6855, 8380, 10683, 1022, 0, 0, 74, 71, 102, 207, 483, 742, 1151, 1448, 2122, 208, 0, 0
17:51:48, 1082.40, 29.23, 30.45, 27.258, 354, 432, 757, 1489, 2966, 3990, 5759, 7421, 7523, 723, 0, 0, 70, 66, 93, 189, 474, 732, 1136, 1434, 2013, 198, 0, 0
17:51:48, 1081.20, 29.22, 30.43, 27.258, 383, 469, 815, 1608, 3098, 4151, 6022, 7697, 7748, 746, 0, 0, 73, 70, 99, 199, 503, 775, 1198, 1510, 2090, 205, 0, 0
17:51:49, 1079.20, 29.22, 30.37, 27.273, 414, 518, 886, 1729, 3156, 4184, 5967, 7557, 7658, 746, 0, 0, 81, 78, 112, 227, 545, 835, 1284, 1612, 2202, 217, 0, 0
17:51:50, 1080.30, 29.21, 30.39, 27.273, 400, 481, 858, 1680, 2928, 3867, 5497, 6919, 7866, 746, 0, 0, 75, 71, 101, 206, 497, 765, 1184, 1489, 1981, 193, 0, 0
17:51:50, 1080.60, 29.21, 30.41, 27.266, 483, 580, 960, 1871, 3346, 4453, 6592, 8449, 8756, 796, 0, 0, 73, 70, 99, 200, 487, 753, 1168, 1469, 1889, 183, 0, 0
17:51:51, 1079.40, 29.20, 30.45, 27.273, 410, 476, 802, 1549, 3181, 4222, 6150, 7895, 8854, 779, 0, 0, 70, 67, 95, 192, 471, 723, 1123, 1407, 1778, 171, 0, 0
17:51:52, 1078.40, 29.20, 30.43, 27.273, 455, 529, 889, 1708, 3621, 4817, 6892, 9190, 10242, 891, 0, 0, 75, 71, 102, 208, 512, 783, 1210, 1513, 1930, 185, 0, 0
17:51:52, 1077.70, 29.19, 30.43, 27.273, 525, 622, 1039, 1988, 3837, 5058, 7329, 9740, 9875, 883, 0, 0, 82, 79, 115, 233, 567, 865, 1331, 1662, 2184, 213, 0, 0
17:51:53, 1076.30, 29.18, 30.41, 27.273, 451, 505, 856, 1603, 3051, 3960, 5599, 7371, 7607, 725, 0, 0, 91, 87, 127, 259, 629, 954, 1461, 1825, 2430, 239, 0, 0
17:51:54, 1071.20, 29.18, 30.45, 27.273, 416, 484, 866, 1625, 2880, 3766, 5150, 6614, 6908, 676, 0, 0, 106, 103, 152, 310, 753, 1130, 1708, 2124, 2850, 281, 0, 0
17:51:54, 1066.90, 29.17, 30.41, 27.281, 443, 534, 979, 1784, 3023, 3845, 5145, 6455, 7381, 736, 0, 0, 120, 117, 179, 365, 852, 1260, 1884, 2332, 3054, 300, 0, 0
17:51:55, 1065.30, 29.16, 30.41, 27.273, 581, 648, 1184, 2114, 4096, 5348, 6914, 9143, 11033, 1114, 0, 0, 121, 120, 187, 382, 856, 1248, 1860, 2285, 3112, 305, 0, 0
17:51:56, 1066.30, 29.15, 30.45, 27.273, 721, 983, 1773, 3249, 9107, 11584, 15971, 22153, 33145, 3914, 0, 1, 120, 119, 187, 381, 864, 1257, 1879, 2306, 3219, 314, 0, 0
17:51:56, 1065.60, 29.15, 30.41, 27.266, 581, 780, 1396, 2530, 3960, 4992, 6681, 8678, 14023, 1423, 0, 0, 130, 129, 201, 409, 920, 1342, 2004, 2465, 3326, 327, 0, 0
17:51:57, 1061.40, 29.14, 30.43, 27.266, 657, 793, 1405, 2554, 3402, 4898, 5667, 7595, 9135, 962, 0, 0, 148, 147, 233, 473, 1048, 1517, 2239, 2743, 3617, 357, 0, 0
17:51:58, 1062.20, 29.14, 30.39, 27.266, 904, 1007, 1794, 3044, 4279, 5510, 6757, 9144, 10228, 1080, 0, 0, 145, 144, 228, 464, 1023, 1486, 2193, 2689, 3608, 355, 0, 0
17:51:58, 1062.90, 29.13, 30.41, 27.266, 750, 835, 1486, 2591, 4068, 5473, 6605, 9012, 9505, 1012, 0, 0, 140, 138, 217, 442, 991, 1442, 2140, 2624, 3488, 344, 0, 0
17:51:59, 1063.10, 29.13, 30.41, 27.281, 668, 769, 1371, 2455, 4191, 5591, 7158, 9225, 12974, 1313, 0, 0, 141, 140, 221, 450, 998, 1444, 2135, 2616, 3682, 365, 0, 0
17:52:00, 1064.80, 29.12, 30.43, 27.281, 795, 1116, 2075, 3751, 5582, 7024, 9336, 11780, 20192, 2105, 0, 0, 138, 137, 215, 437, 974, 1412, 2099, 2576, 3595, 356, 0, 0
17:52:00, 1066.10, 29.12, 30.37, 27.320, 643, 757, 1321, 2530, 4157, 5901, 7790, 9643, 15208, 1480, 0, 0, 136, 134, 208, 422, 948, 1387, 2070, 2550, 3442, 341, 0, 0
17:52:01, 1066.20, 29.11, 30.45, 27.305, 694, 747, 1340, 2412, 4054, 5413, 6832, 9348, 10367, 1056, 0, 0, 132, 130, 199, 406, 920, 1356, 2025, 2501, 3312, 326, 0, 0
17:52:02, 1066.40, 29.11, 30.43, 27.305, 840, 1015, 1665, 2970, 4795, 5983, 8289, 10592, 10562, 1084, 0, 0, 131, 129, 200, 408, 929, 1362, 2028, 2496, 3548, 353, 0, 0
17:52:02, 1066.30, 29.10, 30.46, 27.297, 677, 884, 1595, 2950, 5734, 7072, 10289, 12966, 12567, 1287, 0, 0, 133, 131, 202, 413, 924, 1356, 2019, 2490, 3502, 347, 0, 0
17:52:03, 1066.10, 29.10, 30.43, 27.297, 672, 778, 1382, 2482, 4574, 5987, 7716, 11033, 9920, 1050, 0, 0, 131, 129, 198, 404, 912, 1344, 2005, 2476, 3319, 328, 0, 0
17:52:04, 1066.10, 29.09, 30.41, 27.297, 637, 786, 1388, 2518, 4274, 5434, 7236, 9482, 13287, 1333, 0, 0, 128, 127, 196, 400, 906, 1326, 1976, 2430, 3350, 332, 0, 0
17:52:04, 1066.20, 29.09, 30.45, 27.320, 622, 836, 1496, 2746, 4800, 6056, 8261, 10457, 14900, 1492, 0, 0, 126, 124, 192, 391, 891, 1308, 1957, 2408, 3251, 321, 0, 0
17:52:05, 1066.50, 29.09, 30.43, 27.320, 732, 825, 1478, 2657, 3973, 5073, 6697, 8760, 10446, 1052, 0, 0, 130, 128, 196, 400, 918, 1351, 2020, 2489, 3372, 333, 0, 0
17:52:06, 1066.00, 29.09, 30.43, 27.312, 683, 805, 1417, 2519, 3849, 4908, 6356, 8349, 9435, 972, 0, 0, 138, 136, 208, 423, 963, 1423, 2122, 2623, 3567, 356, 0, 0
17:52:06, 1065.70, 29.08, 30.45, 27.320, 706, 886, 1581, 2928, 4467, 5652, 7904, 9810, 11016, 1141, 0, 0, 136, 134, 205, 417, 942, 1389, 2073, 2557, 3530, 352, 0, 0
17:52:07, 1065.20, 29.08, 30.43, 27.320, 708, 929, 1671, 3069, 5679, 6941, 9765, 12981, 15739, 1538, 0, 0, 133, 130, 199, 406, 932, 1368, 2048, 2520, 3417, 340, 0, 0
17:52:08, 1066.10, 29.08, 30.41, 27.352, 645, 811, 1406, 2614, 4371, 5585, 7542, 9871, 15519, 1567, 0, 0, 131, 129, 197, 400, 924, 1358, 2039, 2508, 3387, 335, 0, 0
17:52:08, 1065.60, 29.07, 30.43, 27.383, 642, 721, 1268, 2368, 4816, 6453, 8428, 11738, 12340, 1255, 0, 0, 137, 134, 205, 416, 956, 1410, 2110, 2600, 3497, 348, 0, 0
17:52:09, 1065.10, 29.07, 30.43, 27.383, 632, 804, 1347, 2450, 3485, 4426, 5874, 7425, 8931, 917, 0, 0, 147, 144, 219, 446, 1020, 1506, 2244, 2767, 3713, 371, 0, 0
17:52:10, 1065.30, 29.07, 30.41, 27.398, 537, 693, 1274, 2341, 4150, 5291, 7308, 8838, 10157, 1057, 0, 0, 143, 140, 214, 437, 1001, 1477, 2203, 2718, 3679, 369, 0, 0
17:52:10, 1065.30, 29.07, 30.43, 27.406, 615, 677, 1222, 2140, 3838, 5062, 6329, 8705, 8914, 936, 0, 0, 142, 140, 214, 436, 964, 1415, 2111, 2598, 3533, 353, 0, 0
17:52:11, 1067.20, 29.07, 30.41, 27.406, 657, 875, 1548, 2787, 4737, 5789, 7868, 10528, 16538, 1684, 0, 0, 125, 124, 192, 389, 848, 1243, 1859, 2285, 3139, 311, 0, 0
17:52:12, 1072.00, 29.07, 30.41, 27.414, 521, 674, 1219, 2248, 3920, 4966, 6779, 8565, 13098, 1303, 0, 0, 95, 93, 141, 287, 642, 953, 1434, 1766, 2483, 244, 0, 0
17:52:12, 1072.10, 29.06, 30.43, 27.406, 404, 502, 908, 1716, 2809, 3593, 4974, 6366, 7752, 749, 0, 0, 84, 81, 121, 247, 583, 875, 1321, 1633, 2154, 212, 0, 0
17:52:13, 1071.80, 29.07, 30.43, 27.406, 324, 386, 689, 1280, 2654, 3441, 4651, 5937, 6381, 633, 0, 0, 82, 80, 120, 245, 563, 841, 1265, 1561, 2143, 212, 0, 0
17:52:14, 1071.40, 29.06, 30.43, 27.391, 294, 350, 633, 1172, 2248, 2880, 3956, 4961, 5540, 550, 0, 0, 77, 74, 111, 228, 520, 776, 1168, 1442, 1947, 192, 0, 0
17:52:14, 1071.60, 29.06, 30.43, 27.367, 370, 456, 790, 1471, 2608, 3289, 4524, 5870, 7619, 721, 0, 0, 72, 70, 106, 216, 506, 751, 1133, 1394, 1894, 186, 0, 0
17:52:15, 1072.90, 29.05, 30.45, 27.367, 360, 461, 824, 1526, 2373, 2995, 4099, 5271, 8417, 824, 0, 0, 68, 66, 99, 202, 473, 702, 1063, 1309, 1748, 171, 0, 0
17:52:16, 1073.30, 29.05, 30.43, 27.352, 292, 356, 618, 1189, 2183, 2804, 3840, 5122, 7736, 740, 0, 0, 62, 60, 90, 183, 425, 638, 967, 1193, 1588, 156, 0, 0
17:52:16, 1071.80, 29.05, 30.45, 27.422, 290, 356, 626, 1197, 1923, 2499, 3438, 4475, 5749, 554, 0, 0, 59, 57, 83, 169, 409, 617, 937, 1162, 1486, 146, 0, 0
17:52:17, 1069.30, 29.05, 30.45, 27.422, 229, 265, 465, 865, 1617, 2103, 2889, 3637, 4568, 468, 0, 0, 61, 59, 87, 176, 417, 630, 954, 1184, 1619, 162, 0, 0
17:52:18, 1067.50, 29.05, 30.43, 27.445, 259, 312, 553, 1032, 1911, 2455, 3418, 4335, 5281, 551, 0, 0, 66, 64, 94, 190, 458, 690, 1047, 1302, 1754, 176, 0, 0
17:52:18, 1066.40, 29.05, 30.41, 27.477, 296, 355, 621, 1154, 1920, 2478, 3362, 4308, 5910, 614, 0, 0, 72, 70, 103, 207, 514, 772, 1177, 1464, 1942, 195, 0, 0
17:52:19, 1065.40, 29.05, 30.43, 27.477, 350, 416, 726, 1364, 2619, 3365, 4598, 5948, 9180, 949, 0, 0, 94, 92, 137, 274, 680, 1014, 1542, 1914, 2566, 257, 0, 0
17:52:20, 1061.60, 29.05, 30.43, 27.500, 635, 837, 1493, 2741, 4602, 5901, 8175, 10401, 16717, 1771, 0, 0, 117, 115, 171, 344, 893, 1320, 1997, 2477, 3272, 332, 0, 0
17:52:20, 1057.20, 29.05, 30.43, 27.508, 576, 639, 1129, 2017, 3535, 4895, 5950, 7922, 10058, 1129, 0, 0, 151, 150, 230, 462, 1032, 1505, 2237, 2759, 3728, 381, 0, 0
17:52:21, 1050.40, 29.05, 30.43, 27.508, 662, 732, 1328, 2275, 3038, 4059, 4801, 6380, 7694, 910, 0, 0, 167, 169, 266, 533, 1198, 1714, 2503, 3061, 4128, 425, 0, 0
17:52:22, 1047.50, 29.05, 30.45, 27.508, 942, 844, 1673, 2531, 3230, 4259, 4916, 6365, 8656, 1073, 0, 0, 180, 185, 300, 596, 1312, 1849, 2682, 3257, 4462, 463, 0, 0
17:52:22, 1047.50, 29.05, 30.43, 27.508, 818, 858, 1516, 2798, 3740, 5109, 6299, 7327, 14113, 1793, 0, 0, 185, 193, 321, 631, 1329, 1848, 2672, 3230, 4807, 509, 0, 0
17:52:23, 1046.90, 29.05, 30.45, 27.508, 760, 1022, 1679, 3302, 4263, 5496, 7570, 8092, 20287, 2786, 0, 0, 208, 219, 368, 719, 1473, 2033, 2932, 3539, 5295, 567, 0, 0
17:52:24, 1048.20, 29.05, 30.45, 27.500, 886, 1314, 2211, 3899, 4844, 6175, 8065, 9265, 19883, 2558, 0, 0, 192, 202, 338, 664, 1301, 1809, 2607, 3156, 4654, 491, 0, 0
17:52:24, 1048.50, 29.05, 30.45, 27.500, 1211, 1934, 3481, 5730, 7805, 9068, 11894, 15098, 26627, 3458, 0, 0, 174, 184, 306, 604, 1223, 1704, 2448, 2966, 4422, 465, 0, 0
17:52:25, 1049.50, 29.05, 30.45, 27.500, 1175, 1796, 3353, 5574, 7281, 8738, 11699, 14094, 25376, 3143, 0, 0, 157, 163, 268, 533, 1151, 1620, 2337, 2838, 4010, 416, 0, 0
17:52:25, 1049.00, 29.05, 30.45, 27.500, 802, 994, 1812, 2995, 4659, 6058, 6963, 9542, 10843, 1335, 0, 0, 162, 169, 278, 555, 1145, 1610, 2314, 2803, 3942, 407, 0, 0
17:52:26, 1047.30, 29.05, 30.45, 27.500, 1095, 1503, 2460, 4060, 4494, 5806, 6748, 9041, 10980, 1383, 0, 0, 159, 167, 278, 552, 1132, 1576, 2254, 2716, 3929, 409, 0, 0
17:52:27, 1045.20, 29.05, 30.43, 27.492, 1114, 1282, 2305, 3897, 4731, 6004, 7626, 9357, 15470, 1853, 0, 0, 162, 173, 294, 578, 1186, 1630, 2318, 2778, 4114, 433, 0, 0
17:52:27, 1045.70, 29.05, 30.46, 27.492, 973, 1554, 2773, 4175, 6320, 7594, 9841, 12395, 22830, 2803, 0, 0, 161, 172, 293, 575, 1146, 1579, 2247, 2696, 3993, 419, 0, 0
17:52:28, 1046.80, 29.05, 30.41, 27.492, 1033, 1578, 2720, 4471, 8583, 9675, 13137, 16992, 22096, 2691, 0, 0, 150, 159, 267, 529, 1072, 1493, 2130, 2568, 3796, 400, 0, 0
17:52:29, 1046.70, 29.05, 30.45, 27.500, 764, 1142, 1914, 3207, 4639, 5494, 7368, 8947, 10922, 1382, 0, 0, 146, 154, 255, 508, 1067, 1490, 2127, 2570, 3853, 406, 0, 0
17:52:29, 1046.70, 29.05, 30.43, 27.516, 685, 983, 1752, 2796, 4796, 5817, 7494, 9287, 10660, 1391, 0, 0, 163, 172, 286, 567, 1185, 1655, 2360, 2855, 4293, 457, 0, 0
17:52:30, 1049.40, 29.05, 30.45, 27.516, 898, 1299, 2200, 3581, 5709, 6774, 8722, 11293, 13618, 1717, 0, 0, 161, 169, 280, 555, 1114, 1555, 2236, 2708, 4104, 431, 0, 0
17:52:31, 1051.00, 29.04, 30.43, 27.500, 1335, 2020, 3546, 5743, 6545, 7670, 10184, 13085, 24108, 3141, 0, 0, 157, 164, 271, 537, 1132, 1591, 2307, 2800, 4036, 418, 0, 0
17:52:31, 1049.40, 29.04, 30.41, 27.492, 755, 1096, 1903, 3214, 4965, 6351, 8258, 10111, 19265, 2393, 0, 0, 171, 178, 294, 580, 1245, 1746, 2527, 3062, 4310, 447, 0, 0
17:52:32, 1046.30, 29.04, 30.43, 27.492, 1070, 1490, 2524, 4218, 5858, 7202, 9054, 11848, 14359, 1758, 0, 0, 187, 196, 325, 642, 1307, 1823, 2612, 3162, 4607, 485, 0, 0
17:52:33, 1044.50, 29.03, 30.45, 27.492, 1051, 1349, 2391, 3799, 7630, 9559, 11744, 15920, 15562, 2005, 0, 0, 180, 192, 323, 635, 1260, 1740, 2479, 2988, 4493, 478, 0, 0
17:52:33, 1042.30, 29.03, 30.45, 27.492, 1260, 1933, 3264, 5261, 6534, 8061, 10318, 13247, 22186, 2717, 0, 0, 180, 192, 325, 636, 1357, 1865, 2659, 3197, 4476, 471, 0, 0
17:52:34, 1041.90, 29.03, 30.43, 27.492, 913, 1287, 2125, 3799, 5390, 6636, 8667, 10323, 23318, 3266, 0, 0, 175, 191, 329, 638, 1266, 1723, 2438, 2921, 4400, 471, 0, 0
17:52:35, 1042.00, 29.03, 30.46, 27.477, 1007, 1425, 2409, 4032, 5492, 6796, 8627, 10414, 21691, 2781, 0, 0, 182, 198, 340, 660, 1340, 1829, 2591, 3111, 4553, 486, 0, 0
17:52:35, 1041.40, 29.03, 30.45, 27.484, 1262, 1971, 3167, 5072, 6823, 7766, 10048, 12762, 16642, 2187, 0, 0, 192, 209, 354, 691, 1415, 1943, 2749, 3312, 4932, 531, 0, 0
17:52:36, 1041.60, 29.03, 30.43, 27.484, 1084, 1667, 2708, 4132, 5635, 6765, 8492, 10750, 11447, 1614, 0, 0, 206, 224, 380, 739, 1400, 1919, 2717, 3282, 5121, 565, 0, 0
17:52:37, 1043.90, 29.03, 30.45, 27.484, 1194, 1836, 3127, 5032, 8293, 9628, 12567, 17004, 20454, 2492, 0, 0, 183, 197, 330, 641, 1268, 1752, 2508, 3043, 4364, 468, 0, 0
17:52:38, 1045.10, 29.03, 30.45, 27.516, 1171, 1400, 2444, 4222, 4885, 6960, 8576, 10371, 17331, 2124, 0, 0, 166, 177, 293, 571, 1155, 1605, 2310, 2808, 4000, 427, 0, 0
17:52:38, 1045.60, 29.03, 30.45, 27.516, 1013, 1589, 2836, 4406, 7961, 9284, 11785, 15441, 28262, 3993, 0, 0, 148, 160, 266, 517, 1031, 1428, 2049, 2489, 3846, 419, 0, 0
17:52:39, 1044.60, 29.03, 30.41, 27.516, 946, 1489, 2672, 4365, 7922, 9350, 12107, 15117, 28001, 3807, 0, 0, 157, 168, 279, 545, 1151, 1597, 2293, 2791, 4198, 454, 0, 0
17:52:40, 1041.80, 29.03, 30.46, 27.531, 1168, 1767, 2932, 4749, 6295, 7312, 9317, 12201, 12982, 1730, 0, 0, 205, 220, 366, 712, 1502, 2077, 2961, 3609, 5329, 582, 0, 0
17:52:40, 1041.50, 29.03, 30.37, 27.531, 944, 1462, 2384, 3842, 4955, 5830, 7314, 8975, 11662, 1630, 0, 0, 229, 247, 412, 799, 1598, 2209, 3148, 3842, 5803, 638, 0, 0
17:52:41, 1042.10, 29.03, 30.45, 27.531, 1226, 1622, 2801, 4242, 5470, 6691, 7630, 10319, 12027, 1636, 0, 0, 225, 240, 397, 772, 1558, 2162, 3099, 3794, 5405, 585, 0, 0
17:52:42, 1043.10, 29.03, 30.41, 27.539, 1248, 1355, 2446, 3959, 5812, 7659, 9259, 11532, 18524, 2404, 0, 0, 204, 219, 365, 708, 1410, 1944, 2798, 3410, 5095, 557, 0, 0
17:52:42, 1038.70, 29.03, 30.41, 27.539, 1106, 1485, 2425, 4235, 4628, 6315, 7956, 9135, 19147, 2430, 0, 0, 236, 254, 424, 815, 1689, 2305, 3297, 4011, 5922, 659, 0, 0
17:52:43, 1032.80, 29.03, 30.43, 27.539, 1367, 1730, 2966, 5038, 6353, 8327, 10659, 12340, 23948, 3159, 0, 0, 271, 303, 521, 985, 1987, 2666, 3755, 4540, 6789, 763, 0, 0
17:52:44, 1029.30, 29.02, 30.43, 27.555, 2028, 2082, 3609, 5993, 6891, 9355, 11123, 12801, 25082, 3821, 0, 0, 306, 361, 632, 1166, 2144, 2809, 3897, 4667, 7436, 871, 0, 0
17:52:44, 1027.70, 29.03, 30.48, 27.555, 1643, 2368, 3457, 6690, 6038, 9566, 11375, 10966, 28019, 4265, 0, 0, 306, 366, 646, 1176, 2079, 2710, 3748, 4477, 6948, 805, 0, 0
17:52:45, 1023.50, 29.03, 30.46, 27.547, 2269, 2702, 4050, 7035, 7486, 13372, 15379, 16954, 30626, 4620, 0, 0, 326, 405, 718, 1285, 2254, 2906, 3965, 4727, 7607, 916, 0, 0
17:52:46, 1017.30, 29.02, 30.43, 27.555, 3083, 5723, 8179, 10168, 9279, 11446, 12598, 15897, 26381, 4442, 0, 0, 386, 488, 864, 1525, 2773, 3527, 4748, 5649, 9023, 1109, 0, 0
17:52:46, 1015.80, 29.02, 30.45, 27.555, 5418, 9071, 11154, 15053, 24595, 21905, 31028, 33825, 36000, 23354, 1, 1, 378, 514, 903, 1530, 2621, 3283, 4401, 5196, 8368, 1052, 0, 0
17:52:47, 1013.70, 29.03, 30.45, 27.547, 3505, 5056, 5543, 11956, 17897, 18889, 26120, 23359, 36000, 23262, 1, 1, 358, 484, 853, 1437, 2343, 2948, 3946, 4666, 7448, 923, 0, 0
17:52:48, 1011.30, 29.03, 30.46, 27.547, 7698, 17273, 20950, 22279, 35852, 29158, 27765, 36000, 36000, 36000, 1, 1, 413, 574, 985, 1631, 3575, 4165, 5335, 6187, 13833, 3361, 0, 0
17:52:48, 1011.60, 29.03, 30.41, 27.555, 2939, 4541, 6455, 7498, 8259, 8994, 10564, 11463, 32208, 11062, 0, 0, 1780, 2746, 3953, 5063, 6411, 7433, 8616, 10631, 27064, 7663, 0, 0
17:52:49, 1011.40, 29.03, 30.45, 27.539, 2604, 4053, 5569, 6540, 12675, 12835, 19042, 18104, 27014, 9931, 0, 0, 2433, 3485, 5338, 6443, 9066, 10119, 12031, 14117, 34639, 9807, 0, 1
17:52:50, 1011.40, 29.04, 30.46, 27.539, 10516, 19890, 30818, 34965, 22284, 22253, 23941, 25118, 35486, 14989, 0, 1, 2167, 3596, 5158, 6658, 7837, 8180, 10728, 11747, 33933, 10495, 0, 1
17:52:50, 1011.50, 29.05, 30.48, 27.477, 3164, 4910, 6822, 7964, 30217, 30644, 31250, 31510, 36000, 32193, 1, 1, 2234, 3423, 5155, 6324, 16719, 18508, 21989, 24067, 36000, 27306, 1, 1
17:52:51, 1011.30, 29.06, 30.50, 27.398, 5254, 8367, 13626, 12590, 20030, 22142, 23014, 23770, 36000, 27136, 1, 1, 2718, 4437, 6120, 7766, 8513, 9434, 11612, 13475, 34983, 13681, 0, 1
17:52:52, 1011.20, 29.05, 30.46, 27.398, 12368, 17877, 28634, 32603, 30343, 31250, 32035, 31951, 36000, 33054, 1, 1, 3841, 6693, 9033, 11188, 12214, 13105, 16168, 18952, 36000, 20324, 1, 1
17:52:52, 1010.80, 29.05, 30.46, 27.445, 11621, 19002, 29216, 34863, 32532, 36000, 33617, 36000, 36000, 36000, 1, 1, 3903, 6529, 9057, 11653, 14171, 14518, 18587, 21066, 36000, 22024, 1, 1
17:52:53, 1011.00, 29.04, 30.46, 27.437, 8430, 17310, 24079, 25285, 35909, 36000, 35991, 36000, 36000, 36000, 1, 1, 5571, 8675, 12338, 15395, 20231, 21901, 26034, 30432, 36000, 35459, 1, 1
17:52:54, 1010.90, 29.05, 30.48, 27.437, 11898, 18611, 28825, 26436, 36000, 36000, 36000, 36000, 36000, 36000, 1, 1, 5321, 8448, 11801, 15497, 19611, 21836, 26713, 29563, 36000, 30344, 1, 1
17:52:54, 1010.80, 29.05, 30.45, 27.406, 11504, 22760, 29578, 35582, 36000, 36000, 36000, 36000, 36000, 36000, 1, 1, 9482, 15627, 21929, 26422, 36000, 35971, 36000, 36000, 36000, 36000, 1, 1
17:52:55, 1010.60, 29.06, 30.46, 27.367, 12345, 19123, 25799, 33895, 34417, 36000, 34790, 36000, 36000, 36000, 1, 1, 10467, 16462, 25691, 27650, 36000, 36000, 36000, 36000, 36000, 36000, 1, 1
