Secchi Depth (cm) = 0068
Forel Ule Scale = 21
pH Colour Scale = 99
SensingSecchi S/N = A016
Latitude (degs N) = 34.30126
Longitude (degs E) = -78.01270
Date = 2026-05-27
Time (UTC), Pressure (mbar) MS5803, Temp (deg C) MS5803, Temp (deg C) 10KTHERM, Temp (deg C) TMP117, ED 415nm, ED 445nm, ED 480nm, ED 515nm, ED 555nm, ED 590nm, ED 630nm, ED 680nm, ED Clear, ED NIR, ED D-SAT, ED A-SAT, EU 415nm, EU 445nm, EU 480nm, EU 515nm, EU 555nm, EU 590nm, EU 630nm, EU 680nm, EU Clear, EU NIR, EU D-SAT, EU A-SAT
17:12:55, 1010.90, 28.77, 30.10, 27.633, 1776, 2692, 3707, 4167, 4871, 4709, 5734, 5955, 30655, 12466, 0, 0, 15762, 28796, 35584, 36000, 36000, 36000, 36000, 36000, 36000, 36000, 1, 1
17:12:55, 1011.20, 28.73, 30.13, 27.680, 5885, 4828, 10590, 6897, 23779, 16563, 23887, 23903, 36000, 36000, 1, 1, 1759, 3228, 3711, 5362, 10407, 12784, 15226, 22370, 33171, 19898, 0, 1
17:12:56, 1011.50, 28.79, 30.06, 27.680, 14346, 30390, 36000, 36000, 36000, 36000, 36000, 36000, 36000, 36000, 1, 1, 4224, 8099, 10007, 12080, 22445, 21137, 28897, 35255, 36000, 35989, 1, 1
17:12:57, 1011.40, 28.81, 30.10, 27.664, 7782, 4954, 14825, 6338, 24797, 24022, 19461, 26874, 36000, 36000, 1, 1, 3308, 5861, 7182, 9383, 8992, 10088, 14533, 18137, 36000, 22309, 1, 1
17:12:57, 1011.30, 28.84, 30.10, 27.656, 13276, 24313, 29290, 36000, 7821, 10184, 14606, 9270, 29680, 13207, 1, 1, 2708, 4310, 5918, 7477, 10014, 10781, 13392, 14554, 34539, 10637, 0, 1
17:12:58, 1012.10, 28.82, 30.11, 27.656, 14366, 23379, 31389, 32339, 4552, 4658, 5468, 6080, 17343, 6704, 0, 0, 6093, 9208, 13842, 15734, 22235, 21202, 27488, 28442, 36000, 32635, 1, 1
17:12:59, 1014.90, 28.86, 30.10, 27.594, 3823, 8106, 9698, 10894, 25266, 24887, 26009, 26267, 31663, 26302, 0, 0, 1108, 1858, 2541, 3539, 3537, 4082, 5258, 6156, 14012, 2907, 0, 0
17:12:59, 1018.20, 28.78, 30.10, 27.359, 5495, 9605, 13295, 16416, 31304, 31938, 34197, 34747, 36000, 24865, 1, 1, 410, 579, 1042, 1748, 2544, 3118, 4193, 5030, 9244, 1156, 0, 0
17:13:00, 1020.00, 28.69, 30.11, 27.359, 11359, 18145, 23050, 27234, 28591, 32870, 34543, 35422, 23250, 7465, 0, 1, 372, 521, 940, 1603, 2483, 3040, 4078, 4888, 8975, 1098, 0, 0
17:13:01, 1022.20, 28.62, 30.08, 27.187, 15014, 21209, 23691, 25891, 11394, 14822, 15299, 19469, 17116, 4271, 0, 0, 332, 444, 812, 1420, 2409, 2986, 4019, 4839, 8689, 1037, 0, 0
17:13:01, 1016.00, 28.56, 30.08, 27.133, 5134, 10251, 11691, 17224, 19596, 28178, 29548, 34266, 18523, 4733, 0, 1, 376, 522, 945, 1608, 2728, 3324, 4421, 5295, 9974, 1255, 0, 0
17:13:02, 1020.50, 28.51, 30.08, 27.133, 6682, 10762, 14285, 16223, 26725, 29233, 30807, 33110, 36000, 15860, 1, 1, 430, 608, 1091, 1830, 2947, 3587, 4802, 5769, 11343, 1428, 0, 0
17:13:03, 1016.00, 28.48, 30.08, 27.109, 6877, 12189, 15638, 18558, 7431, 15526, 18328, 12089, 33496, 7138, 0, 1, 497, 718, 1271, 2085, 3042, 3657, 4864, 5774, 11982, 1538, 0, 0
17:13:03, 1014.60, 28.45, 30.08, 27.109, 9256, 15253, 26374, 28949, 20130, 25765, 34519, 35962, 36000, 36000, 1, 1, 543, 799, 1418, 2257, 3174, 3771, 4974, 5837, 12799, 1610, 0, 0
17:13:04, 1018.00, 28.43, 30.08, 27.109, 9657, 21413, 31051, 35214, 35406, 34448, 35773, 35928, 36000, 36000, 1, 1, 453, 656, 1184, 1922, 2894, 3442, 4564, 5371, 11677, 1422, 0, 0
17:13:05, 1018.50, 28.41, 30.08, 27.117, 8401, 15496, 19864, 32806, 35994, 35633, 36000, 36000, 36000, 36000, 1, 1, 416, 602, 1091, 1775, 2782, 3313, 4395, 5166, 11130, 1361, 0, 0
17:13:05, 1023.90, 28.40, 30.04, 27.117, 9744, 16530, 24941, 30857, 33485, 34252, 35998, 35963, 36000, 28738, 1, 1, 326, 446, 819, 1409, 2497, 3032, 4073, 4855, 9998, 1177, 0, 0
17:13:06, 1024.10, 28.39, 30.06, 27.117, 4775, 9863, 14066, 21455, 35064, 31689, 36000, 36000, 36000, 35640, 1, 1, 344, 469, 861, 1475, 2320, 2830, 3832, 4580, 9251, 1078, 0, 0
17:13:07, 1021.90, 28.38, 30.06, 27.109, 3822, 7792, 11726, 17468, 29236, 27839, 35614, 36000, 36000, 35635, 1, 1, 372, 512, 939, 1591, 2625, 3176, 4269, 5078, 10547, 1247, 0, 0
17:13:07, 1022.70, 28.37, 30.06, 27.109, 10298, 14053, 24383, 33388, 33865, 36000, 36000, 36000, 36000, 35249, 1, 1, 341, 471, 865, 1471, 2625, 3171, 4233, 5036, 10589, 1257, 0, 0
17:13:08, 1025.10, 28.37, 30.08, 27.094, 5482, 11535, 15387, 20539, 33594, 34184, 35788, 35983, 36000, 30618, 1, 1, 287, 386, 715, 1250, 2236, 2730, 3687, 4398, 8874, 1025, 0, 0
17:13:09, 1024.80, 28.37, 30.02, 27.109, 5156, 10627, 15677, 21847, 27150, 26595, 30134, 34006, 36000, 26854, 1, 1, 326, 446, 825, 1416, 2378, 2884, 3873, 4599, 9442, 1090, 0, 0
17:13:09, 1030.90, 28.36, 30.00, 27.109, 6016, 10852, 19113, 21342, 32946, 35327, 36000, 36000, 36000, 20754, 1, 1, 250, 324, 601, 1080, 1803, 2244, 3094, 3724, 6956, 766, 0, 0
17:13:10, 1028.70, 28.36, 30.00, 27.133, 5773, 10179, 17772, 21752, 25641, 26987, 30492, 33414, 36000, 20962, 1, 1, 291, 367, 684, 1222, 2310, 2862, 3894, 4689, 9208, 1021, 0, 0
17:13:11, 1025.70, 28.35, 29.99, 27.133, 4675, 11198, 16396, 22661, 28384, 26080, 36000, 36000, 36000, 30029, 1, 1, 347, 469, 866, 1482, 2476, 3013, 4064, 4850, 9904, 1157, 0, 0
17:13:11, 1029.30, 28.35, 30.00, 27.133, 8486, 14627, 23961, 29163, 23957, 25242, 30239, 32292, 36000, 17770, 1, 1, 272, 351, 646, 1154, 1978, 2464, 3391, 4098, 7939, 900, 0, 0
17:13:12, 1025.00, 28.35, 30.00, 27.117, 3325, 6710, 9669, 14492, 16386, 17154, 21613, 30591, 36000, 19700, 1, 1, 314, 412, 762, 1323, 2234, 2743, 3724, 4466, 9045, 1048, 0, 0
17:13:13, 1017.60, 28.34, 29.99, 27.117, 5356, 12323, 15589, 22364, 34172, 33857, 35900, 36000, 36000, 36000, 1, 1, 396, 564, 1024, 1700, 2794, 3330, 4435, 5232, 11140, 1370, 0, 0
17:13:13, 1018.40, 28.33, 30.00, 27.117, 6712, 19879, 24010, 28870, 33459, 33057, 35221, 36000, 36000, 36000, 1, 1, 439, 635, 1146, 1863, 2789, 3319, 4415, 5214, 11201, 1400, 0, 0
17:13:14, 1019.60, 28.33, 30.02, 27.109, 7883, 13752, 24105, 24074, 30650, 29877, 32750, 33629, 36000, 32948, 1, 1, 434, 619, 1120, 1833, 3040, 3635, 4806, 5692, 12407, 1545, 0, 0
17:13:15, 1017.00, 28.33, 30.00, 27.109, 8877, 13401, 24460, 24979, 27925, 30004, 33416, 35531, 36000, 31557, 1, 1, 404, 578, 1047, 1716, 2911, 3464, 4564, 5396, 11803, 1520, 0, 0
17:13:15, 1020.00, 28.32, 30.00, 27.109, 12142, 19240, 34697, 31716, 35467, 35822, 35690, 36000, 36000, 36000, 1, 1, 450, 645, 1166, 1899, 2846, 3400, 4530, 5361, 11480, 1441, 0, 0
17:13:16, 1021.30, 28.32, 30.00, 27.094, 7755, 12520, 18990, 20696, 19812, 20449, 26080, 29352, 36000, 26572, 1, 1, 398, 557, 1013, 1687, 2624, 3159, 4222, 5007, 10573, 1295, 0, 0
17:13:17, 1025.40, 28.31, 29.99, 27.094, 5498, 11384, 20052, 21512, 29824, 34493, 35852, 35969, 36000, 34891, 1, 1, 304, 408, 748, 1305, 2088, 2569, 3509, 4199, 8236, 951, 0, 0
17:13:17, 1023.50, 28.31, 30.00, 27.094, 6216, 11087, 19949, 23345, 30641, 32697, 35398, 35867, 36000, 32727, 1, 1, 344, 463, 857, 1470, 2510, 3055, 4114, 4903, 10062, 1185, 0, 0
17:13:18, 1026.10, 28.31, 29.97, 27.094, 6031, 14058, 18631, 29226, 35638, 34904, 36000, 36000, 36000, 35775, 1, 1, 306, 409, 751, 1312, 2095, 2581, 3530, 4233, 8275, 966, 0, 0
17:13:19, 1024.40, 28.30, 29.97, 27.094, 3793, 7378, 11080, 16841, 22575, 22741, 27567, 29760, 36000, 22175, 1, 1, 333, 442, 811, 1409, 2374, 2915, 3955, 4746, 9590, 1143, 0, 0
17:13:19, 1020.70, 28.29, 29.99, 27.094, 4948, 8567, 10768, 13453, 24575, 26419, 33634, 35912, 36000, 31410, 1, 1, 379, 523, 959, 1617, 2745, 3308, 4421, 5249, 10998, 1342, 0, 0
17:13:20, 1017.40, 28.29, 29.99, 27.078, 6504, 12058, 17158, 25255, 24137, 28543, 36000, 36000, 36000, 36000, 1, 1, 416, 594, 1079, 1776, 2965, 3528, 4659, 5486, 11830, 1470, 0, 0
17:13:21, 1016.00, 28.29, 29.97, 27.094, 8855, 22226, 27417, 35539, 36000, 35967, 36000, 36000, 36000, 36000, 1, 1, 431, 629, 1134, 1841, 2924, 3446, 4537, 5312, 11718, 1461, 0, 0
17:13:21, 1017.00, 28.29, 29.97, 27.094, 8332, 22774, 26424, 31359, 36000, 36000, 36000, 36000, 36000, 36000, 1, 1, 394, 576, 1040, 1691, 2759, 3250, 4284, 5018, 11034, 1362, 0, 0
17:13:22, 1016.30, 28.29, 29.93, 27.109, 7641, 14941, 23279, 27342, 34898, 35990, 36000, 36000, 36000, 36000, 1, 1, 372, 541, 984, 1614, 2596, 3082, 4063, 4761, 10332, 1273, 0, 0
17:13:23, 1017.80, 28.29, 29.95, 27.125, 12614, 18879, 26674, 28208, 36000, 36000, 36000, 36000, 36000, 36000, 1, 1, 370, 545, 982, 1603, 2470, 2937, 3878, 4548, 9832, 1198, 0, 0
17:13:23, 1022.60, 28.29, 29.99, 27.125, 7613, 12039, 17113, 23565, 27724, 28416, 33087, 33547, 36000, 26662, 1, 1, 314, 435, 804, 1374, 2331, 2815, 3775, 4470, 9173, 1068, 0, 0
17:13:24, 1021.10, 28.30, 29.99, 27.133, 7667, 15298, 25345, 29742, 35684, 32983, 36000, 36000, 36000, 36000, 1, 1, 368, 518, 952, 1589, 2639, 3163, 4213, 4975, 10466, 1229, 0, 0
17:13:25, 1025.60, 28.30, 29.91, 27.125, 8405, 13276, 22189, 29684, 23195, 22723, 28723, 27517, 36000, 18218, 1, 1, 303, 407, 754, 1310, 2227, 2717, 3686, 4401, 8820, 1009, 0, 0
17:13:25, 1021.80, 28.30, 29.95, 27.125, 5492, 13441, 19225, 24723, 23952, 22153, 27597, 28525, 36000, 26511, 1, 1, 363, 495, 915, 1553, 2540, 3074, 4133, 4908, 10170, 1189, 0, 0
17:13:26, 1018.80, 28.29, 29.99, 27.125, 5679, 11300, 18920, 20856, 35670, 33866, 35893, 35945, 36000, 36000, 1, 1, 384, 547, 991, 1629, 2628, 3143, 4188, 4948, 10602, 1313, 0, 0
17:13:27, 1020.00, 28.29, 29.99, 27.125, 9230, 14471, 24293, 26584, 34621, 35357, 36000, 36000, 36000, 35235, 1, 1, 348, 487, 882, 1487, 2635, 3171, 4232, 5027, 10647, 1335, 0, 0
17:13:27, 1017.30, 28.29, 29.93, 27.109, 8980, 17126, 24181, 25751, 32270, 35282, 36000, 36000, 36000, 36000, 1, 1, 435, 624, 1121, 1827, 2913, 3473, 4614, 5446, 11783, 1508, 0, 0
17:13:28, 1022.10, 28.28, 29.95, 27.102, 10028, 15264, 22061, 23575, 27919, 29457, 31604, 31476, 36000, 31691, 1, 1, 343, 477, 868, 1469, 2256, 2747, 3729, 4453, 8887, 1050, 0, 0
17:13:29, 1020.10, 28.27, 29.95, 27.102, 8548, 15927, 20777, 25726, 25842, 24052, 32597, 34922, 36000, 29066, 1, 1, 343, 473, 865, 1466, 2438, 2943, 3955, 4696, 9759, 1161, 0, 0
17:13:29, 1019.40, 28.27, 29.99, 27.094, 7393, 12906, 15426, 23700, 35911, 31994, 36000, 36000, 36000, 36000, 1, 1, 362, 517, 939, 1554, 2460, 2950, 3934, 4647, 9756, 1167, 0, 0
17:13:30, 1022.40, 28.27, 29.95, 27.094, 9826, 16214, 25778, 26646, 31549, 31879, 36000, 35977, 36000, 31139, 1, 1, 319, 442, 814, 1382, 2367, 2858, 3819, 4535, 9471, 1112, 0, 0
17:13:31, 1019.00, 28.28, 29.93, 27.094, 6889, 12707, 16779, 20993, 29580, 30866, 35699, 36000, 36000, 35395, 1, 1, 382, 544, 995, 1641, 2680, 3195, 4229, 4981, 10756, 1301, 0, 0
17:13:31, 1020.60, 28.27, 29.93, 27.109, 9262, 15663, 29810, 29037, 34259, 35489, 35407, 36000, 36000, 36000, 1, 1, 354, 506, 926, 1543, 2289, 2744, 3675, 4342, 9028, 1068, 0, 0
17:13:32, 1024.40, 28.27, 29.91, 27.109, 9777, 15300, 22935, 25003, 36000, 36000, 36000, 36000, 36000, 35945, 1, 1, 318, 431, 801, 1376, 2331, 2830, 3815, 4536, 9315, 1072, 0, 0
17:13:33, 1027.00, 28.27, 29.93, 27.109, 6543, 9244, 15443, 23030, 33395, 36000, 35987, 36000, 36000, 33621, 1, 1, 283, 376, 699, 1224, 2042, 2509, 3420, 4089, 8056, 902, 0, 0
17:13:33, 1028.30, 28.27, 29.97, 27.109, 5478, 9762, 17031, 19731, 27623, 31695, 33859, 33380, 36000, 25384, 1, 1, 285, 370, 693, 1223, 2017, 2495, 3426, 4104, 7981, 877, 0, 0
17:13:34, 1027.10, 28.27, 29.97, 27.109, 3215, 7267, 9871, 15148, 23307, 23736, 30440, 33996, 36000, 33373, 1, 1, 320, 427, 796, 1377, 2183, 2670, 3631, 4332, 8698, 977, 0, 0
17:13:35, 1027.00, 28.27, 29.93, 27.109, 4081, 10764, 14762, 19197, 21020, 21462, 26335, 27596, 36000, 20771, 1, 1, 288, 376, 704, 1235, 2191, 2690, 3654, 4362, 8805, 986, 0, 0
17:13:35, 1023.10, 28.27, 29.93, 27.102, 2635, 5509, 7992, 11052, 29919, 26179, 34851, 35180, 36000, 30426, 1, 1, 316, 427, 795, 1368, 2384, 2882, 3872, 4587, 9495, 1095, 0, 0
17:13:36, 1026.00, 28.26, 29.95, 27.094, 7463, 13733, 22922, 27096, 31453, 35958, 36000, 36000, 36000, 34986, 1, 1, 294, 400, 741, 1286, 2026, 2483, 3376, 4025, 7862, 894, 0, 0
17:13:37, 1028.10, 28.27, 29.93, 27.094, 11309, 18805, 26808, 30342, 28107, 26845, 33451, 34145, 36000, 24223, 1, 1, 295, 385, 720, 1267, 2194, 2689, 3651, 4357, 8770, 977, 0, 0
17:13:37, 1025.90, 28.27, 29.93, 27.094, 4978, 11566, 16621, 23565, 26154, 26575, 33458, 36000, 36000, 33353, 1, 1, 322, 432, 805, 1393, 2263, 2771, 3764, 4487, 8975, 998, 0, 0
17:13:38, 1027.90, 28.26, 29.95, 27.109, 5999, 8711, 15837, 20952, 20768, 22520, 25515, 27339, 36000, 19471, 1, 1, 310, 411, 768, 1341, 2176, 2668, 3628, 4325, 8671, 969, 0, 0
17:13:39, 1027.50, 28.26, 29.95, 27.109, 3376, 7961, 11086, 15002, 27879, 23477, 33805, 35381, 36000, 27576, 1, 1, 301, 396, 738, 1296, 2144, 2642, 3598, 4312, 8514, 949, 0, 0
17:13:39, 1027.20, 28.27, 29.93, 27.117, 5382, 9517, 16387, 19586, 18959, 19895, 24916, 26728, 36000, 17498, 1, 1, 299, 390, 726, 1278, 2278, 2798, 3800, 4543, 9161, 1036, 0, 0
17:13:40, 1027.80, 28.27, 29.93, 27.133, 6252, 10101, 18135, 20208, 33054, 34627, 35724, 36000, 36000, 32205, 1, 1, 303, 402, 748, 1301, 2193, 2692, 3659, 4372, 8782, 1002, 0, 0
17:13:41, 1029.70, 28.27, 29.93, 27.133, 4435, 7724, 13993, 16606, 26229, 30774, 33460, 35258, 36000, 23437, 1, 1, 280, 356, 659, 1177, 2056, 2561, 3522, 4249, 8268, 942, 0, 0
17:13:41, 1028.70, 28.27, 29.93, 27.133, 3559, 7223, 12795, 16964, 24912, 26792, 35899, 36000, 36000, 24088, 1, 1, 304, 392, 726, 1280, 2187, 2707, 3704, 4456, 8871, 1020, 0, 0
17:13:42, 1027.40, 28.27, 29.91, 27.141, 4022, 10452, 14398, 20215, 22556, 22320, 30894, 32407, 36000, 23684, 1, 1, 312, 408, 754, 1322, 2192, 2700, 3682, 4424, 8852, 1025, 0, 0
17:13:43, 1029.60, 28.27, 29.95, 27.141, 3803, 6962, 12248, 13927, 21053, 23273, 27662, 30944, 36000, 21330, 1, 1, 277, 354, 654, 1167, 1959, 2441, 3357, 4058, 7889, 897, 0, 0
17:13:43, 1028.30, 28.27, 29.89, 27.133, 3249, 6520, 9647, 14467, 21702, 21401, 27210, 29481, 36000, 21413, 1, 1, 292, 382, 704, 1231, 2086, 2577, 3512, 4229, 8505, 996, 0, 0
17:13:44, 1028.50, 28.27, 29.93, 27.141, 4334, 7195, 14367, 16510, 22597, 27020, 30551, 34286, 36000, 21825, 1, 1, 289, 374, 688, 1211, 2101, 2598, 3543, 4264, 8549, 1004, 0, 0
17:13:45, 1027.90, 28.27, 29.87, 27.141, 3993, 7577, 12369, 15443, 20552, 21525, 24970, 32596, 36000, 21011, 1, 1, 290, 379, 698, 1220, 1965, 2432, 3324, 4010, 7857, 920, 0, 0
17:13:45, 1027.90, 28.26, 29.95, 27.133, 4097, 7081, 11710, 14283, 18723, 22864, 27209, 32030, 36000, 17372, 1, 1, 261, 334, 612, 1090, 1959, 2430, 3327, 4011, 7870, 914, 0, 0
17:13:46, 1026.60, 28.26, 29.95, 27.141, 3725, 7374, 13896, 15970, 24616, 21764, 28863, 32278, 36000, 22759, 1, 1, 294, 389, 713, 1237, 2030, 2504, 3420, 4106, 8154, 950, 0, 0
17:13:47, 1029.40, 28.25, 29.91, 27.141, 4150, 6880, 10759, 16121, 27113, 30218, 35148, 35702, 36000, 21336, 1, 1, 258, 329, 606, 1077, 1858, 2312, 3178, 3833, 7498, 860, 0, 0
17:13:47, 1026.30, 28.25, 29.91, 27.125, 3342, 7380, 11559, 16210, 19799, 19356, 26618, 28536, 36000, 22328, 1, 1, 287, 381, 702, 1213, 1991, 2442, 3313, 3984, 7968, 937, 0, 0
17:13:48, 1028.20, 28.25, 29.91, 27.125, 3742, 8551, 13086, 17548, 26941, 23939, 31658, 32797, 36000, 24125, 1, 1, 263, 344, 633, 1109, 1792, 2222, 3043, 3674, 7150, 826, 0, 0
17:13:49, 1030.70, 28.25, 29.89, 27.125, 3500, 6799, 13853, 15311, 22572, 22131, 28759, 32482, 36000, 19470, 1, 1, 248, 317, 588, 1044, 1824, 2267, 3099, 3748, 7328, 828, 0, 0
17:13:49, 1031.30, 28.25, 29.91, 27.125, 3212, 6887, 11348, 15689, 20111, 18303, 25908, 28370, 36000, 17767, 1, 1, 236, 295, 543, 980, 1755, 2202, 3045, 3686, 7095, 787, 0, 0
17:13:50, 1031.10, 28.25, 29.91, 27.125, 2667, 5677, 8779, 13378, 19244, 19039, 26793, 31086, 36000, 20179, 1, 1, 253, 322, 593, 1057, 1831, 2286, 3153, 3817, 7395, 832, 0, 0
17:13:51, 1030.70, 28.24, 29.89, 27.125, 4344, 8013, 15853, 18829, 19825, 21001, 25108, 27425, 36000, 17151, 1, 1, 252, 312, 574, 1035, 1965, 2465, 3401, 4122, 7977, 897, 0, 0
17:13:51, 1027.50, 28.24, 29.93, 27.117, 2757, 5150, 7871, 12966, 19630, 18956, 28276, 32589, 36000, 22181, 1, 1, 307, 398, 734, 1282, 2218, 2738, 3730, 4492, 9005, 1049, 0, 0
17:13:52, 1031.10, 28.23, 29.91, 27.117, 3728, 7530, 10915, 17014, 21955, 21269, 27134, 29900, 36000, 20594, 1, 1, 239, 302, 553, 997, 1573, 1981, 2755, 3354, 6161, 694, 0, 0
17:13:53, 1029.50, 28.23, 29.91, 27.102, 2363, 3410, 5694, 7521, 8874, 12074, 9751, 16540, 36000, 20168, 1, 1, 259, 330, 609, 1078, 1892, 2354, 3218, 3893, 7678, 878, 0, 0
17:13:53, 1035.60, 28.23, 29.95, 27.102, 2670, 5086, 7083, 10721, 17409, 20035, 24292, 25639, 36000, 14434, 1, 1, 202, 249, 458, 835, 1314, 1671, 2344, 2860, 5110, 558, 0, 0
17:13:54, 1040.90, 28.24, 29.91, 27.102, 2146, 3414, 6153, 9829, 13843, 16956, 20589, 21521, 36000, 10057, 1, 1, 159, 186, 338, 634, 1112, 1435, 2032, 2504, 4507, 476, 0, 0
17:13:55, 1046.30, 28.24, 29.89, 27.102, 1058, 2127, 3363, 6368, 8578, 10155, 14082, 16642, 35914, 7145, 0, 1, 132, 149, 266, 509, 879, 1155, 1659, 2066, 3626, 378, 0, 0
17:13:55, 1052.40, 28.24, 29.91, 27.094, 928, 1398, 2663, 4414, 8029, 10246, 14118, 15029, 36000, 4574, 1, 1, 91, 98, 169, 333, 643, 865, 1271, 1604, 2628, 268, 0, 0
17:13:56, 1056.90, 28.24, 29.89, 27.094, 1104, 1519, 3060, 4992, 5519, 6704, 8719, 10424, 26395, 3059, 0, 0, 95, 98, 165, 327, 689, 947, 1416, 1815, 2955, 298, 0, 0
17:13:57, 1060.60, 28.24, 29.87, 27.086, 690, 987, 1932, 3239, 6299, 7526, 11397, 13650, 30947, 3724, 0, 0, 112, 115, 190, 376, 792, 1096, 1645, 2124, 3471, 351, 0, 0
17:13:57, 1066.20, 28.23, 29.91, 27.086, 787, 1086, 2053, 3828, 6738, 8495, 12508, 14098, 31001, 2987, 0, 0, 88, 88, 137, 277, 576, 825, 1282, 1683, 2489, 247, 0, 0
17:13:58, 1072.30, 28.23, 29.91, 27.086, 652, 813, 1512, 2930, 4924, 6397, 9386, 11413, 25251, 2622, 0, 0, 87, 85, 128, 256, 567, 824, 1297, 1724, 2592, 254, 0, 0
17:13:59, 1073.30, 28.23, 29.89, 27.070, 540, 708, 1207, 2427, 3859, 5038, 7141, 9376, 21335, 2421, 0, 0, 93, 90, 135, 270, 625, 910, 1430, 1907, 2893, 284, 0, 0
17:13:59, 1075.80, 28.23, 29.89, 27.078, 565, 704, 1247, 2419, 4675, 6286, 9048, 11219, 23807, 2393, 0, 0, 83, 80, 116, 231, 552, 815, 1304, 1749, 2565, 249, 0, 0
17:14:00, 1078.40, 28.23, 29.89, 27.078, 633, 789, 1346, 2685, 4844, 6546, 9663, 12047, 25008, 2465, 0, 0, 80, 77, 111, 221, 522, 776, 1248, 1681, 2421, 235, 0, 0
17:14:01, 1082.20, 28.22, 29.91, 27.070, 553, 667, 1171, 2316, 4573, 6152, 9539, 11471, 21993, 1962, 0, 0, 72, 68, 96, 190, 451, 682, 1114, 1518, 2139, 207, 0, 0
17:14:01, 1085.00, 28.22, 29.89, 27.078, 430, 486, 837, 1677, 3343, 4730, 7046, 8957, 17659, 1622, 0, 0, 66, 62, 85, 167, 422, 644, 1058, 1452, 2054, 200, 0, 0
17:14:02, 1083.50, 28.22, 29.91, 27.078, 379, 458, 723, 1427, 2829, 3769, 5796, 8127, 15493, 1713, 0, 0, 70, 66, 91, 180, 443, 670, 1094, 1496, 2156, 212, 0, 0
17:14:03, 1080.10, 28.22, 29.89, 27.078, 373, 423, 688, 1356, 2415, 3278, 4789, 6592, 12978, 1452, 0, 0, 73, 69, 96, 190, 471, 709, 1148, 1563, 2264, 223, 0, 0
17:14:03, 1078.30, 28.23, 29.89, 27.102, 480, 595, 933, 1830, 2817, 3757, 5429, 7438, 15770, 1827, 0, 0, 76, 73, 104, 205, 478, 714, 1149, 1555, 2271, 224, 0, 0
17:14:04, 1079.00, 28.22, 29.89, 27.102, 371, 440, 751, 1460, 3199, 4359, 6303, 8216, 17050, 1781, 0, 0, 66, 63, 89, 177, 399, 600, 971, 1318, 1864, 182, 0, 0
17:14:05, 1082.60, 28.23, 29.89, 27.109, 371, 433, 758, 1506, 2758, 3738, 5636, 7068, 12038, 1101, 0, 0, 52, 50, 68, 135, 330, 501, 823, 1128, 1568, 152, 0, 0
17:14:05, 1082.00, 28.23, 29.95, 27.117, 264, 302, 505, 1017, 1898, 2591, 3782, 5181, 11300, 1266, 0, 0, 63, 60, 83, 164, 393, 593, 965, 1318, 1913, 188, 0, 0
17:14:06, 1085.80, 28.23, 29.89, 27.117, 272, 317, 527, 1063, 1997, 2719, 3900, 5306, 11356, 1246, 0, 0, 58, 55, 76, 150, 330, 505, 837, 1153, 1587, 155, 0, 0
17:14:07, 1088.30, 28.23, 29.89, 27.125, 336, 376, 628, 1276, 2399, 3327, 5153, 6549, 11290, 1026, 0, 0, 53, 49, 65, 127, 343, 532, 889, 1237, 1706, 166, 0, 0
17:14:07, 1084.90, 28.23, 29.91, 27.125, 314, 333, 519, 1008, 2095, 2913, 4338, 6193, 12922, 1596, 0, 0, 73, 69, 93, 182, 453, 692, 1139, 1570, 2249, 222, 0, 0
17:14:08, 1084.90, 28.23, 29.89, 27.125, 373, 410, 649, 1277, 2688, 3593, 5452, 7481, 14182, 1580, 0, 0, 74, 70, 96, 187, 436, 667, 1097, 1510, 2116, 208, 0, 0
17:14:09, 1086.30, 28.23, 29.91, 27.125, 395, 446, 760, 1501, 3032, 4181, 6248, 8132, 14591, 1370, 0, 0, 66, 62, 83, 162, 411, 635, 1056, 1463, 2005, 195, 0, 0
17:14:09, 1084.50, 28.23, 29.91, 27.125, 410, 473, 771, 1536, 3035, 4166, 6466, 8696, 16620, 1676, 0, 0, 74, 70, 95, 186, 487, 743, 1222, 1683, 2379, 232, 0, 0
17:14:10, 1079.40, 28.23, 29.89, 27.133, 447, 510, 783, 1539, 2630, 3559, 5009, 7364, 18238, 2396, 0, 0, 97, 92, 129, 253, 598, 900, 1464, 2004, 2903, 286, 0, 0
17:14:11, 1081.80, 28.23, 29.89, 27.141, 438, 532, 868, 1773, 3409, 4622, 6872, 8906, 17782, 1809, 0, 0, 82, 78, 107, 210, 487, 742, 1228, 1691, 2374, 231, 0, 0
17:14:11, 1081.30, 28.23, 29.87, 27.141, 422, 501, 816, 1659, 2773, 3849, 5540, 7758, 16679, 1833, 0, 0, 85, 80, 111, 216, 535, 812, 1332, 1838, 2659, 261, 0, 0
17:14:12, 1079.20, 28.23, 29.87, 27.148, 367, 388, 646, 1217, 2567, 3509, 4860, 7081, 17168, 2286, 0, 0, 88, 84, 116, 228, 512, 775, 1264, 1733, 2487, 246, 0, 0
17:14:13, 1080.80, 28.23, 29.89, 27.156, 453, 523, 902, 1751, 3168, 4308, 6534, 8207, 14530, 1375, 0, 0, 69, 65, 89, 174, 458, 697, 1145, 1577, 2247, 222, 0, 0
17:14:13, 1077.90, 28.24, 29.89, 27.156, 354, 387, 621, 1190, 2210, 3013, 4342, 6104, 13111, 1640, 0, 0, 84, 80, 111, 218, 529, 797, 1293, 1772, 2591, 259, 0, 0
17:14:14, 1078.10, 28.23, 29.91, 27.164, 386, 400, 662, 1226, 2533, 3392, 5007, 6868, 14162, 1742, 0, 0, 79, 75, 104, 204, 484, 732, 1197, 1643, 2367, 236, 0, 0
17:14:15, 1078.90, 28.23, 29.91, 27.172, 434, 496, 770, 1484, 2725, 3682, 5441, 7449, 15333, 1764, 0, 0, 74, 70, 96, 187, 435, 666, 1101, 1525, 2120, 211, 0, 0
17:14:15, 1079.90, 28.23, 29.89, 27.172, 380, 428, 713, 1391, 2883, 4016, 6059, 8072, 15804, 1622, 0, 0, 75, 71, 96, 184, 457, 703, 1175, 1639, 2284, 226, 0, 0
17:14:16, 1083.10, 28.23, 29.86, 27.164, 384, 437, 718, 1393, 2849, 3975, 6033, 8055, 15946, 1638, 0, 0, 69, 66, 86, 164, 393, 615, 1045, 1477, 1984, 198, 0, 0
17:14:17, 1081.90, 28.24, 29.89, 27.180, 327, 365, 550, 1091, 2007, 2872, 4354, 6140, 11933, 1307, 0, 0, 71, 67, 86, 160, 428, 672, 1144, 1625, 2253, 229, 0, 0
17:14:17, 1081.30, 28.24, 29.89, 27.180, 342, 372, 562, 1076, 2224, 3108, 4736, 6673, 12533, 1465, 0, 0, 81, 77, 100, 188, 453, 707, 1197, 1696, 2353, 240, 0, 0
17:14:18, 1082.70, 28.23, 29.89, 27.180, 348, 389, 608, 1174, 2358, 3324, 5121, 7018, 11839, 1239, 0, 0, 71, 68, 86, 159, 396, 629, 1085, 1562, 2088, 212, 0, 0
17:14:19, 1082.20, 28.23, 29.91, 27.195, 328, 361, 548, 1065, 1968, 2815, 4374, 6047, 10908, 1170, 0, 0, 76, 72, 90, 165, 438, 696, 1210, 1753, 2387, 243, 0, 0
17:14:19, 1081.90, 28.24, 29.91, 27.195, 298, 325, 483, 917, 1849, 2642, 3976, 5754, 11892, 1439, 0, 0, 83, 79, 99, 180, 433, 689, 1204, 1752, 2365, 244, 0, 0
17:14:20, 1083.90, 28.24, 29.86, 27.211, 312, 342, 518, 1006, 2038, 2934, 4633, 6347, 10985, 1136, 0, 0, 68, 65, 79, 142, 347, 562, 1000, 1479, 1895, 195, 0, 0
17:14:21, 1082.10, 28.24, 29.89, 27.219, 265, 287, 422, 818, 1656, 2391, 3736, 5297, 9786, 1097, 0, 0, 76, 72, 88, 156, 421, 676, 1191, 1756, 2385, 251, 0, 0
17:14:21, 1082.30, 28.25, 29.86, 27.219, 300, 316, 477, 900, 1860, 2626, 3977, 5683, 10854, 1341, 0, 0, 82, 78, 97, 175, 405, 650, 1140, 1672, 2216, 231, 0, 0
17:14:22, 1084.70, 28.25, 29.87, 27.227, 296, 323, 478, 929, 1744, 2527, 4015, 5547, 8715, 898, 0, 0, 64, 61, 74, 129, 331, 540, 970, 1450, 1863, 194, 0, 0
17:14:23, 1082.10, 28.25, 29.89, 27.234, 265, 287, 412, 789, 1577, 2273, 3530, 5082, 9282, 1090, 0, 0, 79, 75, 92, 163, 420, 674, 1187, 1749, 2365, 249, 0, 0
17:14:23, 1083.00, 28.25, 29.87, 27.234, 300, 326, 479, 910, 1845, 2624, 4082, 5763, 10249, 1193, 0, 0, 76, 73, 89, 158, 361, 585, 1046, 1558, 2015, 212, 0, 0
17:14:24, 1084.70, 28.26, 29.87, 27.250, 269, 292, 425, 821, 1610, 2350, 3733, 5226, 8418, 887, 0, 0, 64, 61, 72, 125, 324, 532, 965, 1457, 1874, 197, 0, 0
17:14:25, 1082.40, 28.26, 29.89, 27.250, 255, 270, 385, 726, 1441, 2087, 3241, 4706, 8708, 1062, 0, 0, 77, 73, 89, 155, 386, 625, 1118, 1674, 2230, 237, 0, 0
17:14:25, 1083.00, 28.27, 29.89, 27.250, 272, 295, 427, 810, 1612, 2347, 3713, 5289, 8985, 1007, 0, 0, 69, 66, 78, 135, 321, 528, 961, 1457, 1856, 197, 0, 0
17:14:26, 1080.00, 28.27, 29.89, 27.258, 258, 279, 398, 749, 1478, 2134, 3351, 4851, 8823, 1074, 0, 0, 76, 73, 87, 152, 387, 630, 1129, 1697, 2252, 242, 0, 0
17:14:27, 1077.80, 28.27, 29.86, 27.250, 271, 295, 426, 803, 1618, 2337, 3680, 5232, 8962, 1034, 0, 0, 79, 75, 91, 157, 426, 690, 1234, 1849, 2499, 271, 0, 0
17:14:27, 1073.20, 28.26, 29.87, 27.250, 296, 320, 465, 869, 1855, 2632, 4054, 5797, 11000, 1394, 0, 0, 97, 93, 115, 203, 525, 832, 1451, 2139, 2972, 327, 0, 0
17:14:28, 1068.00, 28.26, 29.86, 27.250, 412, 459, 687, 1263, 2436, 3357, 5016, 7086, 14527, 1989, 0, 0, 116, 112, 143, 258, 594, 930, 1601, 2334, 3244, 357, 0, 0
17:14:29, 1060.70, 28.27, 29.84, 27.250, 474, 527, 813, 1490, 2613, 3573, 4987, 7077, 16044, 2536, 0, 0, 157, 153, 207, 384, 931, 1396, 2286, 3220, 4848, 554, 0, 0
17:14:29, 1057.10, 28.27, 29.87, 27.250, 695, 829, 1352, 2375, 4381, 5664, 7982, 10910, 25716, 4036, 0, 0, 169, 167, 234, 438, 927, 1382, 2254, 3154, 4642, 520, 0, 0
17:14:30, 1053.50, 28.27, 29.82, 27.266, 733, 942, 1531, 2802, 4651, 6048, 8547, 11534, 27795, 4273, 0, 0, 197, 197, 281, 527, 1249, 1819, 2897, 3999, 6303, 730, 0, 0
17:14:30, 1053.00, 28.28, 29.87, 27.266, 885, 1147, 1891, 3296, 5743, 7309, 10272, 13618, 33589, 5314, 0, 1, 193, 194, 277, 520, 1081, 1587, 2555, 3538, 5307, 605, 0, 0
17:14:31, 1052.30, 28.28, 29.87, 27.281, 868, 1156, 1911, 3399, 5609, 7128, 9847, 13428, 34857, 6039, 0, 1, 207, 210, 305, 571, 1185, 1720, 2739, 3772, 5848, 673, 0, 0
17:14:32, 1053.00, 28.29, 29.84, 27.289, 917, 1260, 2084, 3737, 5991, 7605, 10783, 14191, 34881, 5433, 0, 1, 193, 196, 284, 536, 1033, 1510, 2422, 3348, 4968, 562, 0, 0
17:14:32, 1054.30, 28.29, 29.87, 27.289, 921, 1201, 2071, 3697, 5528, 7209, 10368, 13069, 28560, 3735, 0, 0, 170, 171, 242, 454, 974, 1432, 2313, 3217, 4834, 548, 0, 0
17:14:33, 1053.90, 28.29, 29.86, 27.297, 779, 1040, 1739, 3102, 5335, 6842, 9843, 12828, 30603, 4551, 0, 0, 179, 180, 258, 485, 1002, 1464, 2346, 3249, 4919, 565, 0, 0
17:14:34, 1056.30, 28.29, 29.89, 27.312, 843, 1094, 1902, 3347, 5280, 6850, 9931, 12417, 26037, 3327, 0, 0, 147, 147, 203, 379, 818, 1223, 2007, 2827, 4091, 463, 0, 0
17:14:34, 1059.80, 28.30, 29.95, 27.312, 645, 803, 1348, 2454, 4484, 5956, 8878, 11327, 22099, 2733, 0, 0, 134, 132, 177, 327, 717, 1086, 1810, 2581, 3726, 424, 0, 0
17:14:35, 1060.50, 28.30, 29.86, 27.312, 638, 782, 1287, 2332, 3674, 4906, 7167, 9443, 19010, 2494, 0, 0, 128, 126, 167, 306, 676, 1031, 1731, 2484, 3586, 409, 0, 0
17:14:36, 1059.50, 28.30, 29.86, 27.320, 520, 627, 1001, 1833, 3401, 4591, 6795, 9079, 18835, 2512, 0, 0, 120, 118, 156, 287, 664, 1008, 1685, 2410, 3506, 401, 0, 0
17:14:36, 1058.70, 28.31, 29.87, 27.320, 578, 707, 1174, 2114, 3722, 4953, 7167, 9462, 20739, 2799, 0, 0, 124, 122, 166, 306, 678, 1018, 1687, 2393, 3500, 401, 0, 0
17:14:37, 1059.60, 28.31, 29.89, 27.328, 547, 681, 1144, 2075, 3508, 4694, 6792, 9018, 19280, 2541, 0, 0, 110, 108, 144, 266, 606, 915, 1528, 2180, 3130, 354, 0, 0
17:14:38, 1058.10, 28.31, 29.87, 27.336, 541, 682, 1124, 2066, 3336, 4470, 6226, 8383, 19493, 2740, 0, 0, 110, 109, 151, 281, 611, 907, 1491, 2099, 3022, 343, 0, 0
17:14:38, 1060.30, 28.31, 29.87, 27.336, 552, 707, 1195, 2191, 3499, 4644, 6659, 8788, 18471, 2319, 0, 0, 94, 93, 125, 233, 510, 771, 1287, 1831, 2501, 279, 0, 0
17:14:39, 1059.70, 28.31, 29.86, 27.305, 449, 560, 933, 1730, 3726, 5023, 7302, 9763, 21143, 2570, 0, 0, 99, 98, 133, 246, 585, 876, 1450, 2049, 2847, 319, 0, 0
17:14:40, 1059.70, 28.31, 29.91, 27.297, 637, 828, 1418, 2584, 5321, 7058, 10145, 13324, 29483, 3534, 0, 0, 111, 110, 151, 281, 602, 904, 1500, 2123, 2864, 318, 0, 0
17:14:40, 1058.10, 28.31, 29.87, 27.297, 565, 712, 1196, 2225, 4313, 5732, 8364, 10817, 23035, 2693, 0, 0, 102, 101, 138, 258, 614, 914, 1502, 2111, 2880, 321, 0, 0
17:14:41, 1055.60, 28.31, 29.86, 27.305, 736, 986, 1710, 3127, 4896, 6356, 9010, 11319, 25554, 3043, 0, 0, 113, 113, 158, 298, 652, 963, 1570, 2188, 2935, 325, 0, 0
17:14:42, 1047.90, 28.31, 29.87, 27.328, 849, 1146, 2028, 3657, 5856, 7418, 10547, 12864, 29465, 3516, 0, 0, 129, 132, 196, 370, 833, 1190, 1869, 2536, 3517, 393, 0, 0
17:14:42, 1044.00, 28.31, 29.84, 27.328, 1112, 1602, 2845, 4731, 5657, 7122, 9471, 11864, 28941, 4091, 0, 0, 137, 142, 215, 408, 872, 1234, 1919, 2580, 3567, 398, 0, 0
17:14:43, 1041.10, 28.31, 29.89, 27.320, 1289, 1931, 3408, 5577, 7505, 9580, 11652, 15370, 35532, 5772, 0, 1, 141, 151, 237, 446, 882, 1233, 1893, 2509, 3433, 381, 0, 0
17:14:44, 1037.30, 28.31, 29.89, 27.312, 681, 1059, 1837, 3006, 4530, 5465, 7116, 8808, 21358, 3452, 0, 0, 154, 166, 261, 491, 1041, 1442, 2186, 2862, 4151, 480, 0, 0
17:14:44, 1031.90, 28.31, 29.87, 27.312, 1363, 2306, 3859, 6203, 10052, 11581, 15761, 17955, 36000, 7798, 1, 1, 222, 252, 414, 764, 1427, 1926, 2837, 3659, 5530, 657, 0, 0
17:14:45, 1027.40, 28.30, 29.89, 27.305, 2258, 3764, 6589, 9474, 7543, 8742, 11048, 13027, 33827, 6470, 0, 1, 295, 349, 586, 1061, 2047, 2682, 3842, 4870, 8132, 1035, 0, 0
17:14:46, 1021.70, 28.30, 29.86, 27.312, 1122, 1905, 3073, 4174, 6163, 6947, 8662, 9821, 23726, 4248, 0, 0, 351, 416, 705, 1277, 2488, 3246, 4626, 5835, 9221, 1141, 0, 0
17:14:46, 1017.60, 28.30, 29.89, 27.312, 15172, 22939, 31803, 34188, 35152, 35592, 35907, 35986, 36000, 32648, 1, 1, 474, 610, 1052, 1834, 3179, 4044, 5647, 7063, 11171, 1456, 0, 0
17:14:47, 1020.60, 28.30, 29.89, 27.320, 10497, 19492, 25375, 29668, 19542, 20841, 23714, 26896, 36000, 21878, 1, 1, 530, 705, 1239, 2110, 3864, 4734, 6479, 7916, 16173, 2191, 0, 0
17:14:48, 1020.20, 28.30, 29.87, 27.320, 11510, 17885, 25625, 28887, 27009, 28524, 30645, 31719, 36000, 28456, 1, 1, 441, 578, 1017, 1759, 2878, 3575, 4966, 6144, 11626, 1523, 0, 0
17:14:48, 1021.10, 28.30, 29.84, 27.320, 1718, 2911, 4345, 5542, 7565, 8269, 10270, 11492, 35986, 8932, 0, 1, 321, 400, 696, 1231, 2049, 2609, 3694, 4636, 7720, 958, 0, 0
17:14:49, 1018.00, 28.31, 29.91, 27.320, 1411, 2415, 3714, 4888, 7663, 8335, 10412, 11740, 34809, 8376, 0, 1, 375, 490, 853, 1482, 2629, 3270, 4537, 5619, 10242, 1360, 0, 0
17:14:50, 1019.90, 28.31, 29.84, 27.320, 1509, 2371, 3713, 4529, 8999, 9981, 12497, 13719, 35999, 9929, 0, 1, 374, 474, 826, 1460, 2711, 3405, 4781, 5947, 10515, 1339, 0, 0
17:14:50, 1011.40, 28.31, 29.86, 27.320, 1733, 2912, 4346, 5500, 8379, 9053, 11011, 12314, 36000, 11184, 1, 1, 514, 721, 1252, 2049, 4341, 4990, 6662, 7814, 20545, 5211, 0, 0
17:14:51, 1011.30, 28.31, 29.89, 27.320, 12813, 24417, 35023, 35999, 36000, 36000, 36000, 36000, 36000, 36000, 1, 1, 1581, 2594, 3737, 4897, 8236, 8527, 11115, 12306, 33766, 13320, 0, 1
17:14:52, 1010.90, 28.30, 29.86, 27.320, 13470, 26442, 35168, 36000, 36000, 36000, 36000, 36000, 36000, 36000, 1, 1, 3728, 5328, 8310, 9382, 10920, 11847, 14889, 16411, 36000, 17071, 1, 1
17:14:52, 1010.50, 28.27, 29.89, 27.258, 16406, 26054, 35048, 35974, 36000, 36000, 36000, 36000, 36000, 35534, 1, 1, 6739, 11814, 16411, 20290, 18032, 19410, 25920, 29309, 36000, 24654, 1, 1
17:14:53, 1011.20, 28.29, 29.89, 27.109, 17163, 23948, 36000, 36000, 27421, 27857, 28754, 29063, 36000, 30074, 1, 1, 4586, 7262, 10016, 12879, 17481, 17293, 24024, 25498, 36000, 26530, 1, 1
