Secchi Depth (cm) = 0090
Forel Ule Scale = 99
pH Colour Scale = 99
SensingSecchi S/N = A017
Latitude (degs N) = 34.14000
Longitude (degs E) = -77.94564
Date = 2026-06-25
Time (UTC), Pressure (mbar) MS5803, Temp (deg C) MS5803, Temp (deg C) 10KTHERM, Temp (deg C) TMP117, ED 415nm, ED 445nm, ED 480nm, ED 515nm, ED 555nm, ED 590nm, ED 630nm, ED 680nm, ED Clear, ED NIR, ED D-SAT, ED A-SAT, EU 415nm, EU 445nm, EU 480nm, EU 515nm, EU 555nm, EU 590nm, EU 630nm, EU 680nm, EU Clear, EU NIR, EU D-SAT, EU A-SAT
17:49:48, 1010.80, 28.58, 30.76, 32.758, 8648, 14539, 19985, 22525, 29944, 27362, 30450, 36000, 36000, 36000, 1, 1, 36000, 36000, 36000, 36000, 36000, 36000, 36000, 36000, 36000, 36000, 1, 1
17:49:48, 1010.80, 28.59, 30.76, 32.758, 8688, 14808, 20033, 22961, 30059, 27573, 30950, 36000, 36000, 36000, 1, 1, 36000, 36000, 36000, 36000, 36000, 36000, 36000, 36000, 36000, 36000, 1, 1
17:49:49, 1010.50, 28.60, 30.76, 32.805, 8578, 14222, 19708, 22095, 29150, 27000, 29774, 36000, 36000, 36000, 1, 1, 36000, 36000, 36000, 36000, 36000, 36000, 36000, 36000, 36000, 36000, 1, 1
17:49:50, 1010.80, 28.61, 30.82, 32.844, 8622, 14485, 19893, 22433, 29950, 27389, 30528, 36000, 36000, 36000, 1, 1, 36000, 36000, 36000, 36000, 36000, 36000, 36000, 36000, 36000, 36000, 1, 1
17:49:50, 1010.70, 28.61, 30.80, 32.844, 8694, 14848, 20000, 23066, 30159, 27741, 31245, 36000, 36000, 36000, 1, 1, 36000, 36000, 36000, 36000, 36000, 36000, 36000, 36000, 36000, 36000, 1, 1
17:49:51, 1011.20, 28.62, 30.76, 32.883, 8628, 14433, 19842, 22445, 29627, 27157, 30127, 36000, 36000, 36000, 1, 1, 36000, 36000, 36000, 36000, 36000, 36000, 36000, 36000, 36000, 36000, 1, 1
17:49:52, 1010.80, 28.62, 30.82, 32.930, 8635, 14490, 19932, 22403, 29931, 27406, 30423, 36000, 36000, 36000, 1, 1, 36000, 36000, 36000, 36000, 36000, 36000, 36000, 36000, 36000, 36000, 1, 1
17:49:52, 1011.00, 28.62, 30.82, 32.930, 8707, 14801, 20000, 23052, 30111, 27740, 31342, 36000, 36000, 36000, 1, 1, 36000, 36000, 36000, 36000, 36000, 36000, 36000, 36000, 36000, 36000, 1, 1
17:49:53, 1010.90, 28.63, 30.80, 32.969, 8685, 14661, 20000, 22738, 30000, 27461, 30566, 36000, 36000, 36000, 1, 1, 33466, 36000, 36000, 36000, 36000, 36000, 36000, 36000, 36000, 36000, 1, 1
17:49:54, 1010.80, 28.62, 30.82, 32.969, 4016, 7012, 9357, 10378, 3759, 3775, 4527, 5072, 16819, 5949, 0, 0, 35849, 36000, 36000, 36000, 36000, 36000, 36000, 36000, 36000, 36000, 1, 1
17:49:54, 1010.80, 28.63, 30.84, 33.023, 6767, 10986, 15539, 17120, 22049, 22276, 29479, 32868, 36000, 36000, 1, 1, 10355, 13329, 15784, 18430, 21834, 32946, 36000, 36000, 36000, 36000, 1, 1
17:49:55, 1011.00, 28.64, 30.82, 33.078, 1817, 2873, 3911, 4368, 3515, 3499, 4068, 4174, 18225, 4970, 0, 0, 936, 1048, 1233, 1647, 5540, 7941, 12664, 16018, 32546, 22399, 0, 1
17:49:56, 1010.90, 28.65, 30.84, 33.078, 554, 900, 1206, 1419, 1412, 1429, 1720, 1718, 9348, 2718, 0, 0, 7095, 11133, 15261, 20167, 32767, 34824, 36000, 36000, 36000, 36000, 1, 1
17:49:56, 1018.50, 28.66, 30.82, 33.086, 619, 1025, 1346, 1611, 2725, 2841, 3265, 3421, 16106, 4592, 0, 0, 941, 1370, 2185, 3135, 4081, 4626, 5132, 4825, 8439, 737, 0, 0
17:49:57, 1023.20, 28.66, 30.87, 32.383, 7120, 11906, 17903, 21496, 33466, 32381, 34274, 34340, 36000, 34983, 1, 1, 255, 336, 713, 1368, 3008, 3459, 3818, 3580, 7132, 658, 0, 0
17:49:58, 1031.50, 28.67, 30.84, 32.383, 1548, 1573, 2608, 3464, 19284, 22983, 23518, 28346, 31695, 5978, 0, 0, 240, 302, 664, 1331, 2344, 2726, 2977, 2806, 5588, 496, 0, 0
17:49:58, 1033.50, 28.68, 30.84, 31.125, 6295, 11339, 18015, 22879, 29292, 29989, 33214, 33328, 35875, 11714, 0, 1, 206, 247, 549, 1136, 2103, 2471, 2700, 2503, 4461, 382, 0, 0
17:49:59, 1033.60, 28.69, 30.82, 30.461, 4599, 8183, 17300, 16116, 6595, 6817, 8143, 8936, 14955, 1495, 0, 0, 234, 291, 644, 1339, 2437, 2842, 3161, 2894, 5122, 441, 0, 0
17:50:00, 1031.50, 28.70, 30.82, 30.461, 1914, 3407, 5135, 7146, 17780, 21144, 23185, 25847, 17701, 2666, 0, 0, 247, 309, 681, 1397, 2574, 2969, 3313, 3051, 5626, 503, 0, 0
17:50:00, 1030.50, 28.72, 30.82, 30.070, 5120, 11689, 24690, 22391, 27058, 25470, 27953, 32281, 36000, 15017, 1, 1, 244, 314, 689, 1379, 2476, 2854, 3180, 2949, 5768, 519, 0, 0
17:50:01, 1029.00, 28.73, 30.82, 29.859, 5163, 10043, 11658, 18628, 28636, 29073, 31319, 31717, 31535, 6334, 0, 0, 232, 301, 652, 1301, 2708, 3083, 3449, 3230, 6746, 625, 0, 0
17:50:02, 1025.80, 28.74, 30.80, 29.859, 5460, 13543, 22622, 21059, 28939, 30642, 30898, 33181, 33747, 7556, 0, 1, 244, 313, 684, 1376, 2578, 2960, 3311, 3055, 5528, 501, 0, 0
17:50:02, 1035.50, 28.74, 30.80, 29.711, 10428, 12382, 16631, 22189, 29831, 34132, 34330, 33865, 36000, 18102, 1, 1, 232, 297, 649, 1310, 2474, 2871, 3207, 2956, 5540, 492, 0, 0
17:50:03, 1030.10, 28.75, 30.80, 29.625, 9957, 15340, 20556, 28107, 24135, 25758, 27257, 28607, 34968, 7084, 0, 1, 230, 283, 626, 1300, 2578, 2990, 3340, 3074, 5352, 466, 0, 0
17:50:04, 1029.60, 28.76, 30.76, 29.625, 5868, 9782, 14276, 20798, 19032, 20288, 22282, 26636, 33567, 8312, 0, 1, 254, 328, 715, 1431, 2564, 2955, 3302, 3063, 5738, 520, 0, 0
17:50:04, 1034.30, 28.77, 30.80, 29.555, 6818, 10271, 16282, 25294, 26422, 31878, 33343, 32296, 36000, 16733, 1, 1, 228, 294, 642, 1289, 2424, 2822, 3146, 2905, 5528, 494, 0, 0
17:50:05, 1030.70, 28.78, 30.76, 29.523, 4008, 7560, 11822, 17939, 16354, 18631, 19411, 20472, 28041, 3886, 0, 0, 234, 292, 644, 1326, 2573, 2985, 3332, 3083, 5586, 494, 0, 0
17:50:06, 1032.00, 28.79, 30.84, 29.523, 5018, 10583, 14409, 21557, 21305, 24691, 27102, 29665, 19814, 3278, 0, 0, 255, 320, 705, 1440, 2688, 3108, 3463, 3234, 6194, 558, 0, 0
17:50:06, 1032.00, 28.80, 30.78, 29.484, 5155, 11478, 22445, 20617, 14971, 16566, 18930, 19621, 33213, 4967, 0, 1, 223, 274, 605, 1262, 2382, 2785, 3097, 2839, 4873, 419, 0, 0
17:50:07, 1032.90, 28.81, 30.76, 29.469, 2057, 3723, 5893, 7788, 12242, 13765, 15567, 15459, 26124, 4256, 0, 0, 219, 272, 600, 1243, 2423, 2820, 3130, 2910, 5121, 437, 0, 0
17:50:08, 1034.10, 28.82, 30.72, 29.469, 1643, 3031, 4623, 6318, 14192, 13153, 18522, 21476, 18430, 2381, 0, 0, 201, 244, 538, 1132, 2300, 2689, 2980, 2747, 4765, 407, 0, 0
17:50:08, 1030.70, 28.82, 30.74, 29.461, 3091, 5067, 9337, 11642, 12124, 13301, 15039, 16033, 19628, 2454, 0, 0, 221, 268, 593, 1245, 2375, 2776, 3083, 2835, 4972, 433, 0, 0
17:50:09, 1031.30, 28.83, 30.74, 29.461, 5578, 8394, 14156, 18148, 25852, 26701, 29901, 32479, 35937, 11892, 0, 1, 247, 314, 687, 1395, 2494, 2897, 3223, 2987, 5437, 483, 0, 0
17:50:10, 1034.00, 28.84, 30.78, 29.461, 5005, 7265, 11571, 17379, 13355, 14699, 17058, 20071, 34537, 5844, 0, 1, 224, 275, 608, 1267, 2527, 2953, 3285, 3036, 5302, 457, 0, 0
17:50:10, 1031.30, 28.85, 30.76, 29.445, 3171, 7211, 10365, 14263, 16383, 16320, 23958, 24586, 22202, 2955, 0, 0, 224, 277, 609, 1262, 2505, 2916, 3245, 3000, 5258, 457, 0, 0
17:50:11, 1032.30, 28.85, 30.76, 29.445, 2064, 3488, 5644, 7430, 17065, 20078, 22365, 21314, 35520, 6120, 0, 1, 216, 263, 581, 1217, 2298, 2688, 2982, 2739, 4723, 405, 0, 0
17:50:12, 1034.20, 28.86, 30.72, 29.445, 3998, 5316, 8392, 12402, 11344, 12414, 14861, 17143, 29455, 4475, 0, 0, 216, 270, 591, 1224, 2460, 2869, 3189, 2946, 5362, 467, 0, 0
17:50:12, 1031.50, 28.87, 30.74, 29.437, 2202, 3764, 6073, 8514, 25031, 25628, 28676, 28624, 29483, 5724, 0, 0, 228, 281, 618, 1284, 2510, 2917, 3249, 2992, 5443, 485, 0, 0
17:50:13, 1033.30, 28.87, 30.76, 29.445, 9075, 10904, 16223, 23918, 30507, 32228, 32724, 32499, 36000, 14826, 1, 1, 226, 285, 624, 1279, 2433, 2817, 3143, 2903, 5574, 501, 0, 0
17:50:14, 1032.20, 28.88, 30.74, 29.445, 9065, 10915, 15230, 20939, 23786, 26450, 28296, 28077, 35618, 7472, 0, 1, 210, 258, 570, 1193, 2385, 2778, 3098, 2833, 5009, 439, 0, 0
17:50:14, 1034.70, 28.89, 30.78, 29.437, 4171, 6783, 10926, 15834, 12101, 13308, 15365, 16152, 32063, 4502, 0, 0, 216, 268, 590, 1219, 2404, 2791, 3106, 2868, 5546, 488, 0, 0
17:50:15, 1028.70, 28.89, 30.74, 29.430, 12642, 15899, 23295, 28483, 22219, 23322, 26141, 26260, 32279, 7117, 0, 0, 213, 265, 581, 1204, 2434, 2822, 3152, 2885, 5150, 459, 0, 0
17:50:15, 1033.30, 28.90, 30.78, 29.430, 6919, 10541, 14554, 22516, 24923, 25908, 28094, 30492, 35960, 9796, 0, 1, 246, 308, 679, 1395, 2500, 2903, 3240, 2979, 5480, 485, 0, 0
17:50:16, 1030.90, 28.91, 30.74, 29.422, 7197, 11484, 16261, 24817, 15042, 16286, 18264, 18747, 22031, 3018, 0, 0, 228, 283, 624, 1296, 2565, 2979, 3326, 3062, 5465, 479, 0, 0
17:50:17, 1033.80, 28.91, 30.72, 29.422, 13019, 16998, 21084, 30263, 27007, 29032, 29557, 28741, 34398, 12541, 0, 1, 233, 296, 646, 1318, 2434, 2816, 3132, 2903, 5591, 494, 0, 0
17:50:17, 1031.10, 28.92, 30.76, 29.422, 4523, 6005, 9431, 15639, 9773, 11081, 12246, 12274, 15664, 2018, 0, 0, 219, 265, 590, 1244, 2401, 2810, 3120, 2862, 4782, 402, 0, 0
17:50:18, 1035.20, 28.92, 30.72, 29.414, 4727, 9566, 14923, 18511, 11633, 12193, 15493, 15628, 27253, 3584, 0, 0, 216, 267, 587, 1225, 2527, 2939, 3269, 3021, 5519, 477, 0, 0
17:50:19, 1027.50, 28.93, 30.72, 29.414, 3721, 7573, 12755, 19482, 18702, 17572, 22176, 23949, 18793, 2331, 0, 0, 222, 273, 603, 1256, 2406, 2807, 3120, 2859, 4712, 393, 0, 0
17:50:19, 1034.70, 28.94, 30.76, 29.414, 5571, 11611, 17383, 21521, 20672, 21974, 29600, 27885, 34860, 6638, 0, 1, 226, 282, 621, 1287, 2478, 2887, 3205, 2951, 5313, 460, 0, 0
17:50:20, 1030.60, 28.94, 30.76, 29.422, 1653, 3019, 4980, 7062, 15146, 15565, 19490, 19965, 23205, 3225, 0, 0, 214, 261, 576, 1209, 2391, 2788, 3103, 2842, 4895, 426, 0, 0
17:50:21, 1033.70, 28.95, 30.72, 29.422, 3376, 5789, 8711, 12420, 23661, 25069, 27757, 29290, 34483, 11831, 0, 1, 235, 303, 658, 1325, 2461, 2843, 3167, 2934, 5794, 518, 0, 0
17:50:21, 1029.80, 28.95, 30.72, 29.422, 4125, 8004, 12865, 18303, 24743, 26563, 29087, 30093, 22010, 3096, 0, 0, 206, 251, 555, 1167, 2222, 2592, 2881, 2624, 4507, 396, 0, 0
17:50:22, 1033.40, 28.96, 30.76, 29.406, 9625, 15650, 21499, 27092, 19851, 21757, 24478, 24880, 32439, 6213, 0, 1, 228, 290, 632, 1287, 2396, 2781, 3087, 2854, 5331, 476, 0, 0
17:50:23, 1033.40, 28.96, 30.72, 29.414, 9842, 14303, 23746, 29062, 27767, 29522, 30940, 31809, 35620, 8786, 0, 1, 196, 235, 521, 1111, 2184, 2565, 2842, 2586, 4358, 374, 0, 0
17:50:23, 1030.70, 28.96, 30.72, 29.414, 3523, 7642, 12178, 19896, 17730, 19832, 22313, 22326, 22076, 4297, 0, 0, 210, 259, 568, 1185, 2295, 2681, 2975, 2719, 4598, 399, 0, 0
17:50:24, 1033.00, 28.97, 30.72, 29.406, 2253, 3620, 5976, 8363, 6341, 7211, 7646, 8072, 17929, 2135, 0, 0, 186, 222, 492, 1049, 2192, 2575, 2853, 2590, 4325, 366, 0, 0
17:50:25, 1029.10, 28.98, 30.72, 29.414, 2847, 5756, 9117, 12280, 19391, 19180, 26234, 26157, 29216, 3999, 0, 0, 221, 277, 607, 1253, 2427, 2812, 3136, 2875, 5153, 459, 0, 0
17:50:25, 1034.20, 28.98, 30.74, 29.414, 9303, 15849, 29244, 27651, 15971, 17969, 19402, 21291, 34978, 7846, 0, 1, 191, 238, 522, 1084, 2165, 2532, 2816, 2553, 4392, 374, 0, 0
17:50:26, 1028.40, 28.98, 30.72, 29.414, 5474, 10258, 15988, 22952, 16874, 17950, 22104, 22282, 27149, 3830, 0, 0, 212, 264, 581, 1201, 2414, 2785, 3110, 2858, 5231, 472, 0, 0
17:50:27, 1034.20, 28.99, 30.74, 29.414, 8565, 12372, 17467, 24525, 16983, 18239, 22093, 27185, 35853, 9398, 0, 1, 230, 300, 648, 1284, 2350, 2700, 3010, 2800, 5921, 530, 0, 0
17:50:27, 1030.70, 28.99, 30.74, 29.422, 9767, 13864, 22161, 28929, 35026, 35792, 35999, 36000, 36000, 10897, 1, 1, 199, 244, 539, 1121, 2190, 2541, 2830, 2592, 4849, 437, 0, 0
17:50:28, 1033.20, 29.00, 30.74, 29.414, 4884, 7579, 11844, 15985, 23044, 24181, 27311, 29596, 36000, 9744, 1, 1, 235, 302, 657, 1319, 2436, 2810, 3134, 2898, 5807, 529, 0, 0
17:50:29, 1031.50, 29.00, 30.72, 29.414, 6238, 9176, 14239, 22941, 32020, 33207, 33839, 33920, 35306, 6654, 0, 1, 208, 253, 563, 1180, 2330, 2709, 3017, 2757, 5096, 450, 0, 0
17:50:29, 1032.20, 29.01, 30.74, 29.414, 3072, 5664, 8644, 12813, 20471, 21292, 27499, 27267, 27053, 4394, 0, 0, 196, 247, 539, 1105, 2161, 2504, 2782, 2554, 4743, 422, 0, 0
17:50:30, 1033.10, 29.01, 30.74, 29.414, 1675, 2642, 4428, 6058, 6130, 6864, 7498, 7908, 15711, 1801, 0, 0, 187, 223, 499, 1065, 2132, 2495, 2772, 2512, 4265, 365, 0, 0
17:50:31, 1030.40, 29.02, 30.72, 29.414, 4779, 8868, 14863, 19255, 18075, 20318, 24746, 23839, 34183, 5398, 0, 1, 210, 265, 581, 1192, 2393, 2761, 3079, 2828, 5196, 467, 0, 0
17:50:31, 1033.20, 29.02, 30.76, 29.414, 13158, 16402, 24516, 33183, 25152, 30244, 31504, 31584, 36000, 13154, 1, 1, 201, 252, 555, 1131, 2262, 2620, 2916, 2676, 5015, 447, 0, 0
17:50:32, 1033.80, 29.02, 30.72, 29.414, 8576, 12725, 17784, 25336, 24963, 27779, 29344, 31747, 36000, 7681, 1, 1, 210, 263, 578, 1186, 2337, 2708, 3013, 2782, 5390, 480, 0, 0
17:50:33, 1035.10, 29.03, 30.71, 29.414, 7183, 12294, 18278, 27766, 28648, 33647, 34460, 33308, 36000, 12241, 1, 1, 189, 228, 505, 1069, 2220, 2598, 2892, 2617, 4394, 377, 0, 0
17:50:33, 1030.80, 29.03, 30.74, 29.414, 4396, 6759, 11309, 16895, 22072, 23261, 26493, 26366, 34971, 5498, 0, 1, 209, 254, 564, 1183, 2323, 2697, 3011, 2750, 5007, 450, 0, 0
17:50:34, 1022.80, 29.03, 30.76, 29.414, 4549, 8405, 13370, 18590, 19767, 20898, 23135, 24007, 28131, 5171, 0, 0, 242, 313, 682, 1355, 2611, 2982, 3326, 3093, 6052, 566, 0, 0
17:50:35, 1015.30, 29.04, 30.74, 29.414, 17439, 21656, 24583, 36000, 36000, 36000, 36000, 36000, 36000, 36000, 1, 1, 319, 436, 912, 1708, 3284, 3691, 4117, 3900, 8274, 812, 0, 0
17:50:35, 1014.30, 29.04, 30.76, 29.414, 17592, 22107, 30086, 35152, 35845, 36000, 36000, 36000, 36000, 36000, 1, 1, 1099, 1620, 2680, 4004, 4484, 4836, 5555, 5347, 15704, 3366, 0, 0
17:50:36, 1016.00, 29.04, 30.76, 29.414, 13453, 25111, 30678, 34817, 36000, 36000, 36000, 36000, 36000, 36000, 1, 1, 359, 501, 1024, 1849, 3512, 3967, 4361, 4239, 9955, 994, 0, 0
17:50:37, 1018.60, 29.05, 30.74, 29.414, 12132, 25705, 33836, 34644, 31212, 33893, 34816, 33362, 36000, 34571, 1, 1, 316, 430, 906, 1678, 3169, 3573, 3932, 3803, 8923, 872, 0, 0
17:50:37, 1028.80, 29.05, 30.76, 29.391, 14167, 20053, 36000, 34183, 28780, 30067, 33968, 36000, 36000, 29466, 1, 1, 345, 467, 988, 1856, 3631, 4131, 4554, 4387, 10598, 963, 0, 0
17:50:38, 1037.80, 29.06, 30.74, 29.398, 5051, 8753, 14050, 22617, 26892, 26458, 30501, 33490, 36000, 9989, 1, 1, 285, 359, 796, 1603, 2977, 3452, 3816, 3603, 8076, 722, 0, 0
17:50:39, 1045.10, 29.06, 30.78, 29.398, 4627, 10425, 20838, 20029, 23096, 25630, 29650, 32831, 36000, 9536, 1, 1, 248, 305, 677, 1378, 2588, 3005, 3340, 3132, 7149, 617, 0, 0
17:50:39, 1054.30, 29.06, 30.74, 29.406, 3632, 6751, 15037, 18064, 18560, 21168, 23741, 27994, 34922, 3690, 0, 1, 194, 215, 483, 1065, 2167, 2584, 2862, 2599, 5177, 450, 0, 0
17:50:40, 1060.50, 29.07, 30.78, 29.406, 2753, 4520, 8201, 13647, 16781, 19997, 22266, 22421, 35121, 3362, 0, 1, 185, 204, 458, 1020, 2093, 2502, 2775, 2527, 5311, 455, 0, 0
17:50:41, 1074.50, 29.07, 30.80, 29.406, 1548, 3163, 5891, 9440, 13859, 16853, 19692, 21041, 36000, 3414, 1, 1, 153, 154, 343, 809, 1761, 2170, 2402, 2127, 3986, 342, 0, 0
17:50:41, 1075.40, 29.07, 30.78, 29.398, 1083, 1833, 3979, 6832, 9231, 10514, 13034, 13684, 17657, 1320, 0, 0, 147, 143, 315, 762, 1778, 2196, 2432, 2152, 4041, 347, 0, 0
17:50:42, 1087.70, 29.08, 30.78, 29.406, 1065, 1752, 3708, 6433, 11490, 13226, 16308, 17577, 28439, 2187, 0, 0, 140, 138, 303, 724, 1574, 1959, 2161, 1919, 3805, 323, 0, 0
17:50:43, 1095.10, 29.08, 30.76, 29.406, 773, 1128, 2457, 4735, 7296, 8495, 10444, 11134, 13708, 960, 0, 0, 115, 104, 219, 558, 1348, 1716, 1891, 1643, 3128, 267, 0, 0
17:50:43, 1100.80, 29.08, 30.80, 29.398, 647, 879, 1855, 3417, 5032, 6074, 6711, 7922, 8740, 639, 0, 0, 119, 108, 229, 579, 1334, 1698, 1874, 1630, 3099, 265, 0, 0
17:50:44, 1108.20, 29.09, 30.74, 29.398, 802, 1051, 2353, 4971, 7329, 9020, 11193, 10892, 17151, 1206, 0, 0, 95, 83, 169, 440, 1133, 1471, 1622, 1386, 2659, 228, 0, 0
17:50:45, 1109.90, 29.09, 30.78, 29.398, 514, 689, 1550, 3195, 6366, 7578, 9969, 10106, 13248, 898, 0, 0, 95, 83, 168, 437, 1150, 1491, 1646, 1412, 2680, 230, 0, 0
17:50:45, 1115.80, 29.09, 30.76, 29.398, 586, 782, 1795, 3743, 6659, 8086, 9716, 10141, 16315, 1106, 0, 0, 91, 80, 163, 421, 1082, 1407, 1551, 1332, 2564, 219, 0, 0
17:50:46, 1129.00, 29.09, 30.76, 29.406, 574, 695, 1603, 3490, 6021, 7628, 9213, 9333, 16157, 1092, 0, 0, 77, 65, 127, 338, 888, 1180, 1301, 1096, 2099, 179, 0, 0
17:50:47, 1134.50, 29.10, 30.78, 29.406, 331, 381, 848, 1907, 3675, 4547, 5630, 5723, 7845, 529, 0, 0, 68, 56, 106, 286, 831, 1114, 1231, 1032, 1960, 168, 0, 0
17:50:47, 1141.90, 29.10, 30.78, 29.406, 334, 382, 844, 1932, 3904, 4865, 6058, 6077, 9442, 636, 0, 0, 62, 51, 95, 256, 740, 1002, 1108, 923, 1738, 148, 0, 0
17:50:48, 1143.60, 29.11, 30.76, 29.406, 263, 283, 611, 1440, 3371, 4238, 5208, 5287, 7642, 520, 0, 0, 59, 49, 88, 240, 720, 979, 1083, 901, 1702, 145, 0, 0
17:50:49, 1150.70, 29.11, 30.74, 29.406, 261, 281, 610, 1429, 3293, 4125, 5072, 5218, 7636, 519, 0, 0, 58, 48, 87, 236, 690, 939, 1036, 864, 1667, 142, 0, 0
17:50:49, 1158.50, 29.11, 30.74, 29.414, 229, 248, 543, 1298, 2602, 3317, 4019, 4034, 5838, 397, 0, 0, 50, 41, 71, 193, 597, 829, 918, 753, 1414, 121, 0, 0
17:50:50, 1163.00, 29.12, 30.78, 29.422, 222, 235, 499, 1227, 2628, 3379, 4209, 4165, 6141, 418, 0, 0, 47, 38, 66, 180, 558, 776, 857, 701, 1337, 114, 0, 0
17:50:51, 1169.90, 29.12, 30.74, 29.422, 210, 219, 465, 1139, 2405, 3127, 3825, 3814, 5746, 389, 0, 0, 43, 35, 59, 159, 509, 717, 794, 644, 1215, 104, 0, 0
17:50:51, 1172.10, 29.12, 30.78, 29.422, 177, 177, 360, 912, 2180, 2861, 3519, 3471, 5380, 366, 0, 0, 40, 32, 54, 146, 483, 683, 755, 611, 1151, 98, 0, 0
17:50:52, 1175.50, 29.13, 30.76, 29.430, 177, 177, 359, 908, 2183, 2854, 3464, 3432, 5256, 359, 0, 0, 41, 33, 55, 150, 478, 675, 746, 607, 1174, 100, 0, 0
17:50:53, 1184.50, 29.13, 30.74, 29.430, 154, 155, 315, 805, 1801, 2395, 2909, 2841, 4398, 300, 0, 0, 35, 28, 46, 123, 415, 595, 659, 529, 994, 85, 0, 0
17:50:53, 1191.40, 29.13, 30.76, 29.422, 141, 138, 270, 701, 1705, 2282, 2812, 2727, 4282, 293, 0, 0, 32, 26, 41, 111, 378, 546, 605, 484, 918, 79, 0, 0
17:50:54, 1197.80, 29.13, 30.74, 29.437, 122, 117, 225, 593, 1477, 2002, 2464, 2369, 3881, 266, 0, 0, 28, 22, 35, 93, 332, 486, 539, 427, 808, 69, 0, 0
17:50:55, 1197.10, 29.13, 30.74, 29.437, 108, 102, 190, 504, 1350, 1826, 2237, 2154, 3362, 230, 0, 0, 29, 23, 36, 97, 346, 505, 561, 447, 851, 73, 0, 0
17:50:55, 1199.90, 29.14, 30.76, 29.430, 114, 110, 210, 553, 1371, 1849, 2269, 2190, 3390, 232, 0, 0, 28, 22, 35, 93, 332, 486, 539, 427, 802, 69, 0, 0
17:50:56, 1209.90, 29.14, 30.72, 29.430, 106, 102, 190, 502, 1284, 1741, 2156, 2076, 3634, 251, 0, 0, 25, 20, 31, 82, 290, 430, 478, 377, 718, 61, 0, 0
17:50:57, 1215.80, 29.14, 30.74, 29.430, 83, 77, 137, 370, 990, 1366, 1656, 1571, 2539, 176, 0, 0, 22, 17, 26, 69, 262, 391, 436, 342, 643, 55, 0, 0
17:50:57, 1221.20, 29.15, 30.76, 29.430, 85, 78, 137, 368, 1008, 1406, 1723, 1633, 2639, 182, 0, 0, 21, 16, 25, 65, 244, 367, 409, 320, 610, 52, 0, 0
17:50:58, 1228.50, 29.15, 30.76, 29.430, 72, 67, 115, 311, 874, 1228, 1496, 1403, 2335, 163, 0, 0, 19, 15, 22, 57, 220, 334, 373, 292, 557, 48, 0, 0
17:50:59, 1230.80, 29.15, 30.76, 29.430, 65, 59, 99, 269, 762, 1077, 1313, 1224, 1959, 136, 0, 0, 18, 14, 21, 53, 211, 321, 359, 279, 525, 45, 0, 0
17:50:59, 1237.50, 29.15, 30.76, 29.422, 66, 60, 101, 273, 791, 1120, 1372, 1279, 2140, 149, 0, 0, 17, 13, 20, 51, 196, 300, 335, 261, 500, 43, 0, 0
17:51:00, 1246.00, 29.15, 30.74, 29.422, 54, 49, 79, 214, 637, 913, 1111, 1030, 1614, 113, 0, 0, 15, 12, 17, 43, 172, 267, 299, 231, 441, 38, 0, 0
17:51:01, 1252.70, 29.16, 30.74, 29.414, 47, 43, 67, 182, 549, 794, 970, 886, 1453, 102, 0, 0, 13, 10, 15, 37, 154, 240, 270, 208, 393, 33, 0, 0
17:51:01, 1257.10, 29.16, 30.74, 29.422, 44, 40, 62, 167, 520, 757, 927, 847, 1366, 96, 0, 0, 12, 10, 14, 35, 145, 227, 256, 197, 371, 32, 0, 0
17:51:02, 1260.40, 29.16, 30.78, 29.422, 40, 36, 55, 149, 477, 697, 854, 777, 1283, 90, 0, 0, 11, 9, 13, 32, 137, 215, 242, 186, 354, 30, 0, 0
17:51:03, 1264.30, 29.16, 30.76, 29.422, 39, 35, 53, 143, 461, 675, 825, 750, 1258, 89, 0, 0, 11, 9, 12, 30, 128, 202, 228, 175, 333, 28, 0, 0
17:51:03, 1269.90, 29.17, 30.76, 29.422, 35, 32, 48, 128, 416, 613, 751, 680, 1111, 78, 0, 0, 10, 8, 11, 27, 113, 181, 203, 155, 298, 25, 0, 0
17:51:04, 1276.70, 29.17, 30.74, 29.422, 29, 26, 39, 103, 335, 498, 609, 548, 895, 63, 0, 0, 8, 6, 9, 22, 95, 153, 173, 131, 248, 21, 0, 0
17:51:05, 1285.90, 29.17, 30.78, 29.422, 24, 22, 32, 85, 279, 418, 508, 453, 767, 55, 0, 0, 6, 5, 7, 17, 74, 121, 136, 103, 196, 16, 0, 0
17:51:05, 1289.50, 29.17, 30.76, 29.430, 19, 17, 24, 62, 215, 325, 396, 350, 575, 41, 0, 0, 5, 4, 6, 14, 63, 104, 117, 88, 165, 14, 0, 0
17:51:06, 1289.30, 29.18, 30.72, 29.430, 18, 16, 23, 59, 214, 323, 393, 347, 579, 41, 0, 0, 5, 4, 6, 14, 65, 106, 120, 90, 171, 14, 0, 0
17:51:07, 1297.10, 29.18, 30.76, 29.445, 18, 16, 23, 60, 212, 322, 394, 348, 615, 44, 0, 0, 5, 4, 5, 13, 58, 96, 109, 81, 156, 13, 0, 0
17:51:07, 1299.20, 29.18, 30.80, 29.453, 16, 14, 20, 50, 190, 292, 355, 312, 527, 38, 0, 0, 5, 3, 5, 12, 58, 97, 109, 82, 156, 13, 0, 0
17:51:08, 1303.90, 29.18, 30.74, 29.453, 17, 15, 20, 53, 195, 300, 367, 322, 557, 40, 0, 0, 5, 3, 5, 12, 56, 93, 106, 79, 150, 12, 0, 0
17:51:09, 1313.60, 29.18, 30.74, 29.445, 15, 14, 19, 47, 176, 273, 335, 293, 514, 37, 0, 0, 4, 3, 4, 10, 47, 78, 89, 66, 127, 10, 0, 0
17:51:09, 1315.50, 29.19, 30.80, 29.437, 12, 11, 14, 36, 140, 221, 271, 234, 397, 29, 0, 0, 3, 2, 4, 8, 44, 74, 84, 62, 118, 10, 0, 0
17:51:10, 1320.10, 29.19, 30.78, 29.437, 12, 11, 15, 36, 142, 224, 274, 239, 412, 30, 0, 0, 3, 2, 3, 8, 40, 68, 77, 57, 108, 9, 0, 0
17:51:11, 1319.40, 29.19, 30.76, 29.422, 12, 11, 14, 35, 139, 220, 269, 233, 394, 28, 0, 0, 3, 2, 4, 8, 41, 69, 79, 58, 111, 9, 0, 0
17:51:11, 1325.80, 29.19, 30.80, 29.414, 12, 11, 14, 34, 134, 212, 261, 226, 391, 28, 0, 0, 3, 2, 3, 7, 36, 62, 70, 52, 98, 8, 0, 0
17:51:12, 1329.50, 29.19, 30.78, 29.414, 10, 9, 12, 29, 117, 187, 229, 197, 330, 24, 0, 0, 2, 2, 3, 6, 33, 57, 65, 48, 90, 7, 0, 0
17:51:13, 1338.20, 29.19, 30.76, 29.398, 9, 9, 11, 26, 106, 170, 208, 179, 316, 23, 0, 0, 2, 1, 2, 6, 28, 49, 56, 41, 78, 6, 0, 0
17:51:13, 1346.20, 29.19, 30.76, 29.375, 8, 7, 9, 21, 88, 142, 174, 149, 258, 19, 0, 0, 2, 1, 2, 4, 24, 41, 47, 34, 65, 5, 0, 0
17:51:14, 1351.30, 29.20, 30.72, 29.375, 7, 6, 8, 18, 78, 128, 157, 133, 230, 17, 0, 0, 1, 1, 2, 4, 21, 37, 42, 30, 58, 4, 0, 0
17:51:15, 1354.00, 29.20, 30.80, 29.352, 6, 6, 7, 17, 78, 127, 155, 132, 233, 17, 0, 0, 1, 1, 2, 4, 21, 36, 41, 30, 57, 4, 0, 0
17:51:15, 1360.40, 29.20, 30.76, 29.312, 6, 6, 6, 15, 65, 108, 133, 112, 194, 14, 0, 0, 1, 0, 1, 3, 17, 31, 35, 25, 48, 3, 0, 0
17:51:16, 1362.80, 29.20, 30.74, 29.312, 5, 5, 6, 14, 62, 103, 126, 106, 182, 13, 0, 0, 1, 0, 1, 3, 16, 29, 33, 24, 46, 3, 0, 0
17:51:17, 1371.50, 29.20, 30.78, 29.273, 5, 5, 5, 13, 55, 92, 112, 94, 167, 12, 0, 0, 1, 0, 1, 2, 13, 24, 28, 20, 39, 3, 0, 0
17:51:17, 1380.50, 29.20, 30.78, 29.250, 4, 4, 4, 10, 45, 76, 93, 78, 136, 10, 0, 0, 0, 0, 1, 2, 11, 20, 23, 16, 32, 2, 0, 0
17:51:18, 1386.80, 29.20, 30.76, 29.250, 3, 3, 3, 8, 39, 66, 81, 67, 120, 9, 0, 0, 0, 0, 0, 1, 10, 18, 20, 14, 28, 2, 0, 0
17:51:19, 1391.70, 29.20, 30.78, 29.219, 3, 3, 3, 7, 36, 61, 75, 61, 112, 8, 0, 0, 0, 0, 0, 1, 9, 16, 19, 13, 26, 1, 0, 0
17:51:19, 1406.30, 29.19, 30.78, 29.195, 3, 3, 3, 6, 30, 52, 64, 52, 98, 7, 0, 0, 0, 0, 0, 1, 7, 13, 15, 10, 21, 1, 0, 0
17:51:20, 1418.20, 29.19, 30.74, 29.195, 2, 2, 2, 5, 24, 42, 51, 42, 79, 6, 0, 0, 0, 0, 0, 1, 6, 11, 13, 9, 18, 1, 0, 0
17:51:21, 1424.90, 29.19, 30.76, 29.172, 2, 2, 2, 4, 20, 36, 43, 35, 67, 5, 0, 0, 0, 0, 0, 1, 5, 10, 11, 8, 16, 1, 0, 0
17:51:21, 1426.30, 29.19, 30.76, 29.164, 1, 2, 1, 4, 20, 35, 42, 34, 63, 5, 0, 0, 0, 0, 0, 1, 5, 9, 11, 8, 15, 1, 0, 0
17:51:22, 1431.60, 29.19, 30.78, 29.164, 1, 2, 1, 4, 20, 35, 44, 34, 65, 5, 0, 0, 0, 0, 0, 1, 5, 9, 11, 7, 15, 1, 0, 0
17:51:23, 1448.20, 29.18, 30.76, 29.141, 1, 2, 1, 3, 17, 30, 36, 29, 55, 4, 0, 0, 0, 0, 0, 0, 4, 7, 9, 6, 12, 0, 0, 0
17:51:23, 1455.70, 29.18, 30.76, 29.141, 1, 1, 1, 2, 14, 25, 31, 24, 45, 4, 0, 0, 0, 0, 0, 0, 3, 7, 8, 6, 11, 0, 0, 0
17:51:24, 1458.00, 29.18, 30.76, 29.141, 1, 1, 1, 2, 13, 24, 29, 23, 44, 4, 0, 0, 0, 0, 0, 0, 3, 7, 8, 5, 11, 0, 0, 0
17:51:25, 1457.90, 29.18, 30.80, 29.109, 1, 1, 1, 2, 14, 25, 31, 24, 45, 4, 0, 0, 0, 0, 0, 0, 3, 7, 8, 6, 12, 0, 0, 0
17:51:25, 1468.00, 29.18, 30.76, 29.102, 1, 1, 1, 2, 13, 24, 29, 23, 44, 4, 0, 0, 0, 0, 0, 0, 3, 6, 7, 5, 10, 0, 0, 0
17:51:26, 1482.30, 29.17, 30.80, 29.102, 1, 1, 1, 2, 11, 20, 24, 18, 35, 3, 0, 0, 0, 0, 0, 0, 2, 5, 6, 4, 8, 0, 0, 0
17:51:27, 1486.60, 29.17, 30.80, 29.078, 1, 1, 0, 1, 9, 17, 20, 15, 30, 2, 0, 0, 0, 0, 0, 0, 2, 4, 6, 4, 7, 0, 0, 0
17:51:27, 1485.90, 29.17, 30.76, 29.062, 1, 1, 0, 1, 9, 17, 20, 15, 30, 3, 0, 0, 0, 0, 0, 0, 2, 5, 6, 4, 8, 0, 0, 0
17:51:28, 1492.70, 29.17, 30.76, 29.062, 0, 1, 0, 1, 8, 16, 19, 15, 29, 2, 0, 0, 0, 0, 0, 0, 2, 4, 5, 3, 7, 0, 0, 0
17:51:29, 1505.90, 29.16, 30.74, 29.047, 0, 1, 0, 1, 7, 14, 16, 13, 24, 2, 0, 0, 0, 0, 0, 0, 1, 4, 4, 3, 6, 0, 0, 0
17:51:29, 1514.20, 29.16, 30.80, 29.039, 0, 1, 0, 1, 6, 12, 14, 11, 21, 2, 0, 0, 0, 0, 0, 0, 1, 3, 4, 3, 5, 0, 0, 0
17:51:30, 1516.10, 29.16, 30.76, 29.039, 0, 1, 0, 1, 6, 11, 13, 10, 19, 2, 0, 0, 0, 0, 0, 0, 1, 3, 4, 2, 5, 0, 0, 0
17:51:31, 1518.70, 29.16, 30.76, 29.023, 0, 1, 0, 1, 6, 11, 13, 10, 19, 2, 0, 0, 0, 0, 0, 0, 1, 3, 4, 2, 5, 0, 0, 0
17:51:31, 1528.60, 29.16, 30.76, 29.023, 0, 1, 0, 1, 5, 10, 12, 9, 17, 2, 0, 0, 0, 0, 0, 0, 1, 3, 3, 2, 4, 0, 0, 0
17:51:32, 1538.50, 29.15, 30.80, 29.023, 0, 1, 0, 0, 4, 9, 10, 7, 14, 1, 0, 0, 0, 0, 0, 0, 1, 2, 3, 2, 4, 0, 0, 0
17:51:33, 1544.00, 29.15, 30.78, 29.016, 0, 1, 0, 0, 4, 8, 9, 7, 13, 1, 0, 0, 0, 0, 0, 0, 1, 2, 3, 2, 4, 0, 0, 0
17:51:33, 1544.40, 29.15, 30.74, 29.016, 0, 1, 0, 0, 4, 8, 9, 6, 12, 1, 0, 0, 0, 0, 0, 0, 1, 2, 3, 2, 4, 0, 0, 0
17:51:34, 1543.20, 29.15, 30.76, 29.008, 0, 1, 0, 0, 4, 8, 9, 6, 12, 1, 0, 0, 0, 0, 0, 0, 1, 2, 3, 2, 4, 0, 0, 0
17:51:34, 1554.20, 29.15, 30.76, 29.000, 0, 1, 0, 0, 4, 8, 8, 6, 12, 1, 0, 0, 0, 0, 0, 0, 0, 2, 2, 2, 3, 0, 0, 0
17:51:35, 1565.10, 29.15, 30.76, 29.000, 0, 0, 0, 0, 3, 6, 6, 4, 8, 1, 0, 0, 0, 0, 0, 0, 0, 1, 2, 1, 3, 0, 0, 0
17:51:36, 1563.50, 29.14, 30.74, 28.992, 0, 0, 0, 0, 3, 6, 6, 5, 9, 1, 0, 0, 0, 0, 0, 0, 0, 1, 2, 1, 3, 0, 0, 0
17:51:36, 1571.20, 29.14, 30.78, 28.969, 0, 0, 0, 0, 2, 5, 6, 4, 8, 1, 0, 0, 0, 0, 0, 0, 0, 1, 2, 1, 3, 0, 0, 0
17:51:37, 1578.90, 29.14, 30.82, 28.969, 0, 0, 0, 0, 2, 5, 5, 4, 7, 1, 0, 0, 0, 0, 0, 0, 0, 1, 2, 1, 2, 0, 0, 0
17:51:38, 1591.00, 29.14, 30.82, 28.961, 0, 0, 0, 0, 2, 4, 4, 3, 6, 1, 0, 0, 0, 0, 0, 0, 0, 1, 1, 1, 2, 0, 0, 0
17:51:38, 1590.70, 29.14, 30.76, 28.953, 0, 0, 0, 0, 1, 4, 4, 3, 5, 1, 0, 0, 0, 0, 0, 0, 0, 1, 1, 1, 2, 0, 0, 0
17:51:39, 1600.20, 29.13, 30.76, 28.953, 0, 0, 0, 0, 1, 3, 3, 2, 5, 1, 0, 0, 0, 0, 0, 0, 0, 1, 1, 1, 2, 0, 0, 0
17:51:40, 1617.10, 29.13, 30.78, 28.945, 0, 0, 0, 0, 1, 3, 2, 2, 3, 1, 0, 0, 0, 0, 0, 0, 0, 0, 1, 0, 1, 0, 0, 0
17:51:40, 1615.20, 29.13, 30.78, 28.937, 0, 0, 0, 0, 1, 2, 2, 1, 3, 1, 0, 0, 0, 0, 0, 0, 0, 0, 1, 0, 1, 0, 0, 0
17:51:41, 1621.60, 29.13, 30.74, 28.937, 0, 0, 0, 0, 1, 2, 2, 1, 3, 1, 0, 0, 0, 0, 0, 0, 0, 0, 1, 0, 1, 0, 0, 0
17:51:42, 1629.20, 29.12, 30.76, 28.937, 0, 0, 0, 0, 1, 2, 2, 1, 2, 0, 0, 0, 0, 0, 0, 0, 0, 0, 0, 0, 1, 0, 0, 0
17:51:42, 1638.90, 29.12, 30.78, 28.937, 0, 0, 0, 0, 0, 2, 1, 1, 2, 0, 0, 0, 0, 0, 0, 0, 0, 0, 0, 0, 0, 0, 0, 0
17:51:43, 1646.00, 29.12, 30.82, 28.937, 0, 0, 0, 0, 0, 1, 1, 1, 2, 0, 0, 0, 0, 0, 0, 0, 0, 0, 0, 0, 0, 0, 0, 0
17:51:44, 1647.40, 29.12, 30.80, 28.922, 0, 0, 0, 0, 0, 1, 1, 1, 1, 0, 0, 0, 0, 0, 0, 0, 0, 0, 0, 0, 0, 0, 0, 0
17:51:44, 1655.10, 29.12, 30.74, 28.930, 0, 0, 0, 0, 0, 1, 1, 0, 1, 0, 0, 0, 0, 0, 0, 0, 0, 0, 0, 0, 0, 0, 0, 0
17:51:45, 1666.00, 29.12, 30.80, 28.930, 0, 0, 0, 0, 0, 1, 0, 0, 1, 0, 0, 0, 0, 0, 0, 0, 0, 0, 0, 0, 0, 0, 0, 0
17:51:46, 1672.40, 29.11, 30.82, 28.922, 0, 0, 0, 0, 0, 1, 0, 0, 1, 0, 0, 0, 0, 0, 0, 0, 0, 0, 0, 0, 0, 0, 0, 0
17:51:46, 1684.00, 29.11, 30.76, 28.914, 0, 0, 0, 0, 0, 1, 0, 0, 0, 0, 0, 0, 0, 0, 0, 0, 0, 0, 0, 0, 0, 0, 0, 0
17:51:47, 1697.90, 29.11, 30.76, 28.914, 0, 0, 0, 0, 0, 1, 0, 0, 0, 0, 0, 0, 0, 0, 0, 0, 0, 0, 0, 0, 0, 0, 0, 0
17:51:48, 1703.90, 29.11, 30.80, 28.906, 0, 0, 0, 0, 0, 1, 0, 0, 0, 0, 0, 0, 0, 0, 0, 0, 0, 0, 0, 0, 0, 0, 0, 0
17:51:48, 1706.00, 29.10, 30.76, 28.898, 0, 0, 0, 0, 0, 1, 0, 0, 0, 0, 0, 0, 0, 0, 0, 0, 0, 0, 0, 0, 0, 0, 0, 0
17:51:49, 1717.30, 29.10, 30.80, 28.898, 0, 0, 0, 0, 0, 0, 0, 0, 0, 0, 0, 0, 0, 0, 0, 0, 0, 0, 0, 0, 0, 0, 0, 0
17:51:50, 1729.40, 29.10, 30.78, 28.883, 0, 0, 0, 0, 0, 0, 0, 0, 0, 0, 0, 0, 0, 0, 0, 0, 0, 0, 0, 0, 0, 0, 0, 0
17:51:50, 1730.00, 29.10, 30.82, 28.875, 0, 0, 0, 0, 0, 0, 0, 0, 0, 0, 0, 0, 0, 0, 0, 0, 0, 0, 0, 0, 0, 0, 0, 0
17:51:51, 1735.90, 29.09, 30.78, 28.875, 0, 0, 0, 0, 0, 0, 0, 0, 0, 0, 0, 0, 0, 0, 0, 0, 0, 0, 0, 0, 0, 0, 0, 0
17:51:52, 1744.30, 29.09, 30.78, 28.852, 0, 0, 0, 0, 0, 0, 0, 0, 0, 0, 0, 0, 0, 0, 0, 0, 0, 0, 0, 0, 0, 0, 0, 0
17:51:52, 1752.70, 29.09, 30.80, 28.852, 0, 0, 0, 0, 0, 0, 0, 0, 0, 0, 0, 0, 0, 0, 0, 0, 0, 0, 0, 0, 0, 0, 0, 0
17:51:53, 1758.80, 29.09, 30.76, 28.852, 0, 0, 0, 0, 0, 0, 0, 0, 0, 0, 0, 0, 0, 0, 0, 0, 0, 0, 0, 0, 0, 0, 0, 0
17:51:54, 1756.70, 29.09, 30.76, 28.836, 0, 0, 0, 0, 0, 0, 0, 0, 0, 0, 0, 0, 0, 0, 0, 0, 0, 0, 0, 0, 0, 0, 0, 0
17:51:54, 1763.80, 29.09, 30.80, 28.828, 0, 0, 0, 0, 0, 0, 0, 0, 0, 0, 0, 0, 0, 0, 0, 0, 0, 0, 0, 0, 0, 0, 0, 0
17:51:55, 1776.20, 29.08, 30.80, 28.828, 0, 0, 0, 0, 0, 0, 0, 0, 0, 0, 0, 0, 0, 0, 0, 0, 0, 0, 0, 0, 0, 0, 0, 0
17:51:56, 1779.20, 29.08, 30.78, 28.812, 0, 0, 0, 0, 0, 0, 0, 0, 0, 0, 0, 0, 0, 0, 0, 0, 0, 0, 0, 0, 0, 0, 0, 0
17:51:56, 1781.20, 29.08, 30.76, 28.797, 0, 0, 0, 0, 0, 0, 0, 0, 0, 0, 0, 0, 0, 0, 0, 0, 0, 0, 0, 0, 0, 0, 0, 0
17:51:57, 1791.50, 29.07, 30.78, 28.797, 0, 0, 0, 0, 0, 0, 0, 0, 0, 0, 0, 0, 0, 0, 0, 0, 0, 0, 0, 0, 0, 0, 0, 0
17:51:58, 1801.80, 29.07, 30.76, 28.797, 0, 0, 0, 0, 0, 0, 0, 0, 0, 0, 0, 0, 0, 0, 0, 0, 0, 0, 0, 0, 0, 0, 0, 0
17:51:58, 1809.10, 29.07, 30.78, 28.797, 0, 0, 0, 0, 0, 0, 0, 0, 0, 0, 0, 0, 0, 0, 0, 0, 0, 0, 0, 0, 0, 0, 0, 0
17:51:59, 1806.10, 29.07, 30.78, 28.797, 0, 0, 0, 0, 0, 0, 0, 0, 0, 0, 0, 0, 0, 0, 0, 0, 0, 0, 0, 0, 0, 0, 0, 0
17:52:00, 1812.90, 29.06, 30.74, 28.781, 0, 0, 0, 0, 0, 0, 0, 0, 0, 0, 0, 0, 0, 0, 0, 0, 0, 0, 0, 0, 0, 0, 0, 0
17:52:00, 1815.10, 29.06, 30.78, 28.781, 0, 0, 0, 0, 0, 0, 0, 0, 0, 0, 0, 0, 0, 0, 0, 0, 0, 0, 0, 0, 0, 0, 0, 0
17:52:01, 1812.00, 29.06, 30.80, 28.781, 0, 0, 0, 0, 0, 0, 0, 0, 0, 0, 0, 0, 0, 0, 0, 0, 0, 0, 0, 0, 0, 0, 0, 0
17:52:02, 1828.10, 29.06, 30.78, 28.773, 0, 0, 0, 0, 0, 0, 0, 0, 0, 0, 0, 0, 0, 0, 0, 0, 0, 0, 0, 0, 0, 0, 0, 0
17:52:02, 1832.30, 29.06, 30.80, 28.773, 0, 0, 0, 0, 0, 0, 0, 0, 0, 0, 0, 0, 0, 0, 0, 0, 0, 0, 0, 0, 0, 0, 0, 0
17:52:03, 1839.10, 29.05, 30.78, 28.773, 0, 0, 0, 0, 0, 0, 0, 0, 0, 0, 0, 0, 0, 0, 0, 0, 0, 0, 0, 0, 0, 0, 0, 0
17:52:04, 1846.30, 29.05, 30.76, 28.773, 0, 0, 0, 0, 0, 0, 0, 0, 0, 0, 0, 0, 0, 0, 0, 0, 0, 0, 0, 0, 0, 0, 0, 0
17:52:04, 1846.40, 29.05, 30.78, 28.773, 0, 0, 0, 0, 0, 0, 0, 0, 0, 0, 0, 0, 0, 0, 0, 0, 0, 0, 0, 0, 0, 0, 0, 0
17:52:05, 1846.60, 29.05, 30.80, 28.766, 0, 0, 0, 0, 0, 0, 0, 0, 0, 0, 0, 0, 0, 0, 0, 0, 0, 0, 0, 0, 0, 0, 0, 0
17:52:06, 1846.10, 29.04, 30.80, 28.766, 0, 0, 0, 0, 0, 0, 0, 0, 0, 0, 0, 0, 0, 0, 0, 0, 0, 0, 0, 0, 0, 0, 0, 0
17:52:06, 1847.40, 29.04, 30.76, 28.766, 0, 0, 0, 0, 0, 0, 0, 0, 0, 0, 0, 0, 0, 0, 0, 0, 0, 0, 0, 0, 0, 0, 0, 0
17:52:07, 1847.80, 29.04, 30.80, 28.758, 0, 0, 0, 0, 0, 0, 0, 0, 0, 0, 0, 0, 0, 0, 0, 0, 0, 0, 0, 0, 0, 0, 0, 0
17:52:08, 1847.90, 29.04, 30.80, 28.750, 0, 0, 0, 0, 0, 0, 0, 0, 0, 0, 0, 0, 0, 0, 0, 0, 0, 0, 0, 0, 0, 0, 0, 0
17:52:08, 1845.60, 29.04, 30.78, 28.750, 0, 0, 0, 0, 0, 0, 0, 0, 0, 0, 0, 0, 0, 0, 0, 0, 0, 0, 0, 0, 0, 0, 0, 0
17:52:09, 1847.00, 29.04, 30.82, 28.734, 0, 0, 0, 0, 0, 0, 0, 0, 0, 0, 0, 0, 0, 0, 0, 0, 0, 0, 0, 0, 0, 0, 0, 0
17:52:10, 1847.40, 29.04, 30.78, 28.727, 0, 0, 0, 0, 0, 0, 0, 0, 0, 0, 0, 0, 0, 0, 0, 0, 0, 0, 0, 0, 0, 0, 0, 0
17:52:10, 1848.30, 29.04, 30.82, 28.727, 0, 0, 0, 0, 0, 0, 0, 0, 0, 0, 0, 0, 0, 0, 0, 0, 0, 0, 0, 0, 0, 0, 0, 0
17:52:11, 1846.10, 29.04, 30.76, 28.703, 0, 0, 0, 0, 0, 0, 0, 0, 0, 0, 0, 0, 0, 0, 0, 0, 0, 0, 0, 0, 0, 0, 0, 0
17:52:12, 1845.90, 29.04, 30.78, 28.703, 0, 0, 0, 0, 0, 0, 0, 0, 0, 0, 0, 0, 0, 0, 0, 0, 0, 0, 0, 0, 0, 0, 0, 0
17:52:12, 1847.70, 29.04, 30.78, 28.703, 0, 0, 0, 0, 0, 0, 0, 0, 0, 0, 0, 0, 0, 0, 0, 0, 0, 0, 0, 0, 0, 0, 0, 0
17:52:13, 1848.30, 29.04, 30.80, 28.672, 0, 0, 0, 0, 0, 0, 0, 0, 0, 0, 0, 0, 0, 0, 0, 0, 0, 0, 0, 0, 0, 0, 0, 0
17:52:14, 1849.60, 29.04, 30.80, 28.703, 0, 0, 0, 0, 0, 0, 0, 0, 0, 0, 0, 0, 0, 0, 0, 0, 0, 0, 0, 0, 0, 0, 0, 0
17:52:14, 1849.60, 29.04, 30.78, 28.703, 0, 0, 0, 0, 0, 0, 0, 0, 0, 0, 0, 0, 0, 0, 0, 0, 0, 0, 0, 0, 0, 0, 0, 0
17:52:15, 1848.70, 29.04, 30.76, 28.711, 0, 0, 0, 0, 0, 0, 0, 0, 0, 0, 0, 0, 0, 0, 0, 0, 0, 0, 0, 0, 0, 0, 0, 0
17:52:16, 1850.20, 29.03, 30.82, 28.734, 0, 0, 0, 0, 0, 0, 0, 0, 0, 0, 0, 0, 0, 0, 0, 0, 0, 0, 0, 0, 0, 0, 0, 0
17:52:16, 1851.50, 29.03, 30.80, 28.734, 0, 0, 0, 0, 0, 0, 0, 0, 0, 0, 0, 0, 0, 0, 0, 0, 0, 0, 0, 0, 0, 0, 0, 0
17:52:17, 1852.80, 29.03, 30.82, 28.742, 0, 0, 0, 0, 0, 0, 0, 0, 0, 0, 0, 0, 0, 0, 0, 0, 0, 0, 0, 0, 0, 0, 0, 0
17:52:18, 1851.30, 29.03, 30.78, 28.758, 0, 0, 0, 0, 0, 0, 0, 0, 0, 0, 0, 0, 0, 0, 0, 0, 0, 0, 0, 0, 0, 0, 0, 0
17:52:18, 1850.30, 29.03, 30.74, 28.758, 0, 0, 0, 0, 0, 0, 0, 0, 0, 0, 0, 0, 0, 0, 0, 0, 0, 0, 0, 0, 0, 0, 0, 0
17:52:19, 1852.70, 29.03, 30.80, 28.758, 0, 0, 0, 0, 0, 0, 0, 0, 0, 0, 0, 0, 0, 0, 0, 0, 0, 0, 0, 0, 0, 0, 0, 0
17:52:20, 1852.50, 29.03, 30.80, 28.766, 0, 0, 0, 0, 0, 0, 0, 0, 0, 0, 0, 0, 0, 0, 0, 0, 0, 0, 0, 0, 0, 0, 0, 0
17:52:20, 1852.30, 29.03, 30.82, 28.766, 0, 0, 0, 0, 0, 0, 0, 0, 0, 0, 0, 0, 0, 0, 0, 0, 0, 0, 0, 0, 0, 0, 0, 0
17:52:21, 1851.00, 29.03, 30.76, 28.766, 0, 0, 0, 0, 0, 0, 0, 0, 0, 0, 0, 0, 0, 0, 0, 0, 0, 0, 0, 0, 0, 0, 0, 0
17:52:22, 1849.90, 29.03, 30.84, 28.773, 0, 0, 0, 0, 0, 0, 0, 0, 0, 0, 0, 0, 0, 0, 0, 0, 0, 0, 0, 0, 0, 0, 0, 0
17:52:22, 1850.20, 29.02, 30.78, 28.773, 0, 0, 0, 0, 0, 0, 0, 0, 0, 0, 0, 0, 0, 0, 0, 0, 0, 0, 0, 0, 0, 0, 0, 0
17:52:23, 1852.00, 29.02, 30.82, 28.766, 0, 0, 0, 0, 0, 0, 0, 0, 0, 0, 0, 0, 0, 0, 0, 0, 0, 0, 0, 0, 0, 0, 0, 0
17:52:24, 1851.40, 29.02, 30.82, 28.750, 0, 0, 0, 0, 0, 0, 0, 0, 0, 0, 0, 0, 0, 0, 0, 0, 0, 0, 0, 0, 0, 0, 0, 0
17:52:24, 1848.50, 29.02, 30.82, 28.750, 0, 0, 0, 0, 0, 0, 0, 0, 0, 0, 0, 0, 0, 0, 0, 0, 0, 0, 0, 0, 0, 0, 0, 0
17:52:25, 1850.00, 29.02, 30.80, 28.727, 0, 0, 0, 0, 0, 0, 0, 0, 0, 0, 0, 0, 0, 0, 0, 0, 0, 0, 0, 0, 0, 0, 0, 0
17:52:26, 1851.40, 29.02, 30.82, 28.687, 0, 0, 0, 0, 0, 0, 0, 0, 0, 0, 0, 0, 0, 0, 0, 0, 0, 0, 0, 0, 0, 0, 0, 0
17:52:26, 1850.60, 29.02, 30.78, 28.687, 0, 0, 0, 0, 0, 0, 0, 0, 0, 0, 0, 0, 0, 0, 0, 0, 0, 0, 0, 0, 0, 0, 0, 0
17:52:27, 1849.30, 29.01, 30.80, 28.648, 0, 0, 0, 0, 0, 0, 0, 0, 0, 0, 0, 0, 0, 0, 0, 0, 0, 0, 0, 0, 0, 0, 0, 0
17:52:28, 1848.10, 29.01, 30.80, 28.656, 0, 0, 0, 0, 0, 0, 0, 0, 0, 0, 0, 0, 0, 0, 0, 0, 0, 0, 0, 0, 0, 0, 0, 0
17:52:28, 1853.70, 29.02, 30.80, 28.656, 0, 0, 0, 0, 0, 0, 0, 0, 0, 0, 0, 0, 0, 0, 0, 0, 0, 0, 0, 0, 0, 0, 0, 0
17:52:29, 1854.10, 29.01, 30.82, 28.687, 0, 0, 0, 0, 0, 0, 0, 0, 0, 0, 0, 0, 0, 0, 0, 0, 0, 0, 0, 0, 0, 0, 0, 0
17:52:30, 1852.10, 29.01, 30.78, 28.719, 0, 0, 0, 0, 0, 0, 0, 0, 0, 0, 0, 0, 0, 0, 0, 0, 0, 0, 0, 0, 0, 0, 0, 0
17:52:30, 1851.00, 29.01, 30.80, 28.719, 0, 0, 0, 0, 0, 0, 0, 0, 0, 0, 0, 0, 0, 0, 0, 0, 0, 0, 0, 0, 0, 0, 0, 0
17:52:31, 1854.30, 29.01, 30.82, 28.742, 0, 0, 0, 0, 0, 0, 0, 0, 0, 0, 0, 0, 0, 0, 0, 0, 0, 0, 0, 0, 0, 0, 0, 0
17:52:32, 1853.50, 29.01, 30.78, 28.750, 0, 0, 0, 0, 0, 0, 0, 0, 0, 0, 0, 0, 0, 0, 0, 0, 0, 0, 0, 0, 0, 0, 0, 0
17:52:32, 1853.40, 29.00, 30.78, 28.750, 0, 0, 0, 0, 0, 0, 0, 0, 0, 0, 0, 0, 0, 0, 0, 0, 0, 0, 0, 0, 0, 0, 0, 0
17:52:33, 1848.90, 29.00, 30.80, 28.758, 0, 0, 0, 0, 0, 0, 0, 0, 0, 0, 0, 0, 0, 0, 0, 0, 0, 0, 0, 0, 0, 0, 0, 0
17:52:34, 1852.50, 29.01, 30.82, 28.719, 0, 0, 0, 0, 0, 0, 0, 0, 0, 0, 0, 0, 0, 0, 0, 0, 0, 0, 0, 0, 0, 0, 0, 0
17:52:34, 1854.10, 29.01, 30.76, 28.719, 0, 0, 0, 0, 0, 0, 0, 0, 0, 0, 0, 0, 0, 0, 0, 0, 0, 0, 0, 0, 0, 0, 0, 0
17:52:35, 1855.70, 29.00, 30.76, 28.719, 0, 0, 0, 0, 0, 0, 0, 0, 0, 0, 0, 0, 0, 0, 0, 0, 0, 0, 0, 0, 0, 0, 0, 0
17:52:36, 1851.70, 29.00, 30.80, 28.719, 0, 0, 0, 0, 0, 0, 0, 0, 0, 0, 0, 0, 0, 0, 0, 0, 0, 0, 0, 0, 0, 0, 0, 0
17:52:36, 1854.20, 29.00, 30.80, 28.734, 0, 0, 0, 0, 0, 0, 0, 0, 0, 0, 0, 0, 0, 0, 0, 0, 0, 0, 0, 0, 0, 0, 0, 0
17:52:37, 1853.10, 29.00, 30.82, 28.742, 0, 0, 0, 0, 0, 0, 0, 0, 0, 0, 0, 0, 0, 0, 0, 0, 0, 0, 0, 0, 0, 0, 0, 0
17:52:38, 1852.40, 29.00, 30.82, 28.742, 0, 0, 0, 0, 0, 0, 0, 0, 0, 0, 0, 0, 0, 0, 0, 0, 0, 0, 0, 0, 0, 0, 0, 0
17:52:38, 1850.70, 29.00, 30.80, 28.750, 0, 0, 0, 0, 0, 0, 0, 0, 0, 0, 0, 0, 0, 0, 0, 0, 0, 0, 0, 0, 0, 0, 0, 0
17:52:39, 1849.40, 29.00, 30.76, 28.758, 0, 0, 0, 0, 0, 0, 0, 0, 0, 0, 0, 0, 0, 0, 0, 0, 0, 0, 0, 0, 0, 0, 0, 0
17:52:40, 1848.60, 29.00, 30.80, 28.758, 0, 0, 0, 0, 0, 0, 0, 0, 0, 0, 0, 0, 0, 0, 0, 0, 0, 0, 0, 0, 0, 0, 0, 0
17:52:40, 1853.60, 29.00, 30.78, 28.734, 0, 0, 0, 0, 0, 0, 0, 0, 0, 0, 0, 0, 0, 0, 0, 0, 0, 0, 0, 0, 0, 0, 0, 0
17:52:41, 1854.00, 29.00, 30.82, 28.719, 0, 0, 0, 0, 0, 0, 0, 0, 0, 0, 0, 0, 0, 0, 0, 0, 0, 0, 0, 0, 0, 0, 0, 0
17:52:42, 1853.20, 29.00, 30.80, 28.719, 0, 0, 0, 0, 0, 0, 0, 0, 0, 0, 0, 0, 0, 0, 0, 0, 0, 0, 0, 0, 0, 0, 0, 0
17:52:42, 1850.00, 29.00, 30.80, 28.719, 0, 0, 0, 0, 0, 0, 0, 0, 0, 0, 0, 0, 0, 0, 0, 0, 0, 0, 0, 0, 0, 0, 0, 0
17:52:43, 1851.80, 28.99, 30.82, 28.719, 0, 0, 0, 0, 0, 0, 0, 0, 0, 0, 0, 0, 0, 0, 0, 0, 0, 0, 0, 0, 0, 0, 0, 0
17:52:44, 1850.70, 28.99, 30.78, 28.719, 0, 0, 0, 0, 0, 0, 0, 0, 0, 0, 0, 0, 0, 0, 0, 0, 0, 0, 0, 0, 0, 0, 0, 0
17:52:44, 1849.00, 28.99, 30.80, 28.734, 0, 0, 0, 0, 0, 0, 0, 0, 0, 0, 0, 0, 0, 0, 0, 0, 0, 0, 0, 0, 0, 0, 0, 0
17:52:45, 1846.00, 28.99, 30.80, 28.750, 0, 0, 0, 0, 0, 0, 0, 0, 0, 0, 0, 0, 0, 0, 0, 0, 0, 0, 0, 0, 0, 0, 0, 0
17:52:46, 1844.80, 28.99, 30.78, 28.750, 0, 0, 0, 0, 0, 0, 0, 0, 0, 0, 0, 0, 0, 0, 0, 0, 0, 0, 0, 0, 0, 0, 0, 0
17:52:46, 1845.80, 28.99, 30.82, 28.734, 0, 0, 0, 0, 0, 0, 0, 0, 0, 0, 0, 0, 0, 0, 0, 0, 0, 0, 0, 0, 0, 0, 0, 0
17:52:47, 1849.00, 28.99, 30.80, 28.727, 0, 0, 0, 0, 0, 0, 0, 0, 0, 0, 0, 0, 0, 0, 0, 0, 0, 0, 0, 0, 0, 0, 0, 0
17:52:48, 1848.50, 28.99, 30.78, 28.727, 0, 0, 0, 0, 0, 0, 0, 0, 0, 0, 0, 0, 0, 0, 0, 0, 0, 0, 0, 0, 0, 0, 0, 0
17:52:48, 1846.90, 28.99, 30.82, 28.734, 0, 0, 0, 0, 0, 0, 0, 0, 0, 0, 0, 0, 0, 0, 0, 0, 0, 0, 0, 0, 0, 0, 0, 0
17:52:49, 1845.50, 28.99, 30.80, 28.758, 0, 0, 0, 0, 0, 0, 0, 0, 0, 0, 0, 0, 0, 0, 0, 0, 0, 0, 0, 0, 0, 0, 0, 0
17:52:50, 1845.80, 28.99, 30.78, 28.758, 0, 0, 0, 0, 0, 0, 0, 0, 0, 0, 0, 0, 0, 0, 0, 0, 0, 0, 0, 0, 0, 0, 0, 0
17:52:50, 1845.10, 28.99, 30.82, 28.750, 0, 0, 0, 0, 0, 0, 0, 0, 0, 0, 0, 0, 0, 0, 0, 0, 0, 0, 0, 0, 0, 0, 0, 0
17:52:51, 1844.70, 28.99, 30.82, 28.758, 0, 0, 0, 0, 0, 0, 0, 0, 0, 0, 0, 0, 0, 0, 0, 0, 0, 0, 0, 0, 0, 0, 0, 0
17:52:52, 1849.70, 28.99, 30.82, 28.758, 0, 0, 0, 0, 0, 0, 0, 0, 0, 0, 0, 0, 0, 0, 0, 0, 0, 0, 0, 0, 0, 0, 0, 0
17:52:52, 1851.20, 28.99, 30.82, 28.719, 0, 0, 0, 0, 0, 0, 0, 0, 0, 0, 0, 0, 0, 0, 0, 0, 0, 0, 0, 0, 0, 0, 0, 0
17:52:53, 1847.90, 28.99, 30.80, 28.734, 0, 0, 0, 0, 0, 0, 0, 0, 0, 0, 0, 0, 0, 0, 0, 0, 0, 0, 0, 0, 0, 0, 0, 0
17:52:54, 1845.60, 28.99, 30.76, 28.734, 0, 0, 0, 0, 0, 0, 0, 0, 0, 0, 0, 0, 0, 0, 0, 0, 0, 0, 0, 0, 0, 0, 0, 0
17:52:54, 1849.40, 28.99, 30.82, 28.742, 0, 0, 0, 0, 0, 0, 0, 0, 0, 0, 0, 0, 0, 0, 0, 0, 0, 0, 0, 0, 0, 0, 0, 0
17:52:55, 1848.60, 28.99, 30.78, 28.711, 0, 0, 0, 0, 0, 0, 0, 0, 0, 0, 0, 0, 0, 0, 0, 0, 0, 0, 0, 0, 0, 0, 0, 0
17:52:56, 1851.30, 28.99, 30.80, 28.711, 0, 0, 0, 0, 0, 0, 0, 0, 0, 0, 0, 0, 0, 0, 0, 0, 0, 0, 0, 0, 0, 0, 0, 0
17:52:56, 1851.30, 28.99, 30.82, 28.719, 0, 0, 0, 0, 0, 0, 0, 0, 0, 0, 0, 0, 0, 0, 0, 0, 0, 0, 0, 0, 0, 0, 0, 0
17:52:57, 1845.50, 28.99, 30.78, 28.734, 0, 0, 0, 0, 0, 0, 0, 0, 0, 0, 0, 0, 0, 0, 0, 0, 0, 0, 0, 0, 0, 0, 0, 0
17:52:58, 1846.40, 28.99, 30.78, 28.734, 0, 0, 0, 0, 0, 0, 0, 0, 0, 0, 0, 0, 0, 0, 0, 0, 0, 0, 0, 0, 0, 0, 0, 0
17:52:58, 1845.70, 28.99, 30.78, 28.734, 0, 0, 0, 0, 0, 0, 0, 0, 0, 0, 0, 0, 0, 0, 0, 0, 0, 0, 0, 0, 0, 0, 0, 0
17:52:59, 1848.80, 28.99, 30.80, 28.742, 0, 0, 0, 0, 0, 0, 0, 0, 0, 0, 0, 0, 0, 0, 0, 0, 0, 0, 0, 0, 0, 0, 0, 0
17:53:00, 1848.50, 28.99, 30.78, 28.742, 0, 0, 0, 0, 0, 0, 0, 0, 0, 0, 0, 0, 0, 0, 0, 0, 0, 0, 0, 0, 0, 0, 0, 0
17:53:00, 1846.40, 28.99, 30.82, 28.750, 0, 0, 0, 0, 0, 0, 0, 0, 0, 0, 0, 0, 0, 0, 0, 0, 0, 0, 0, 0, 0, 0, 0, 0
17:53:01, 1842.20, 28.99, 30.82, 28.758, 0, 0, 0, 0, 0, 0, 0, 0, 0, 0, 0, 0, 0, 0, 0, 0, 0, 0, 0, 0, 0, 0, 0, 0
17:53:02, 1845.10, 28.99, 30.76, 28.758, 0, 0, 0, 0, 0, 0, 0, 0, 0, 0, 0, 0, 0, 0, 0, 0, 0, 0, 0, 0, 0, 0, 0, 0
17:53:02, 1848.40, 28.99, 30.82, 28.750, 0, 0, 0, 0, 0, 0, 0, 0, 0, 0, 0, 0, 0, 0, 0, 0, 0, 0, 0, 0, 0, 0, 0, 0
17:53:03, 1849.60, 28.99, 30.80, 28.758, 0, 0, 0, 0, 0, 0, 0, 0, 0, 0, 0, 0, 0, 0, 0, 0, 0, 0, 0, 0, 0, 0, 0, 0
17:53:04, 1850.40, 28.99, 30.78, 28.758, 0, 0, 0, 0, 0, 0, 0, 0, 0, 0, 0, 0, 0, 0, 0, 0, 0, 0, 0, 0, 0, 0, 0, 0
17:53:04, 1848.30, 28.99, 30.82, 28.758, 0, 0, 0, 0, 0, 0, 0, 0, 0, 0, 0, 0, 0, 0, 0, 0, 0, 0, 0, 0, 0, 0, 0, 0
17:53:05, 1850.40, 28.99, 30.82, 28.766, 0, 0, 0, 0, 0, 0, 0, 0, 0, 0, 0, 0, 0, 0, 0, 0, 0, 0, 0, 0, 0, 0, 0, 0
17:53:06, 1846.50, 28.99, 30.82, 28.766, 0, 0, 0, 0, 0, 0, 0, 0, 0, 0, 0, 0, 0, 0, 0, 0, 0, 0, 0, 0, 0, 0, 0, 0
17:53:06, 1842.40, 28.99, 30.80, 28.766, 0, 0, 0, 0, 0, 0, 0, 0, 0, 0, 0, 0, 0, 0, 0, 0, 0, 0, 0, 0, 0, 0, 0, 0
17:53:07, 1843.90, 28.99, 30.78, 28.750, 0, 0, 0, 0, 0, 0, 0, 0, 0, 0, 0, 0, 0, 0, 0, 0, 0, 0, 0, 0, 0, 0, 0, 0
17:53:08, 1842.80, 28.99, 30.82, 28.750, 0, 0, 0, 0, 0, 0, 0, 0, 0, 0, 0, 0, 0, 0, 0, 0, 0, 0, 0, 0, 0, 0, 0, 0
17:53:08, 1845.80, 28.99, 30.82, 28.734, 0, 0, 0, 0, 0, 0, 0, 0, 0, 0, 0, 0, 0, 0, 0, 0, 0, 0, 0, 0, 0, 0, 0, 0
17:53:09, 1845.70, 28.99, 30.80, 28.750, 0, 0, 0, 0, 0, 0, 0, 0, 0, 0, 0, 0, 0, 0, 0, 0, 0, 0, 0, 0, 0, 0, 0, 0
17:53:10, 1842.50, 28.99, 30.78, 28.750, 0, 0, 0, 0, 0, 0, 0, 0, 0, 0, 0, 0, 0, 0, 0, 0, 0, 0, 0, 0, 0, 0, 0, 0
17:53:10, 1841.40, 28.99, 30.82, 28.750, 0, 0, 0, 0, 0, 0, 0, 0, 0, 0, 0, 0, 0, 0, 0, 0, 0, 0, 0, 0, 0, 0, 0, 0
17:53:11, 1840.60, 28.99, 30.78, 28.758, 0, 0, 0, 0, 0, 0, 0, 0, 0, 0, 0, 0, 0, 0, 0, 0, 0, 0, 0, 0, 0, 0, 0, 0
17:53:12, 1840.30, 28.99, 30.80, 28.758, 0, 0, 0, 0, 0, 0, 0, 0, 0, 0, 0, 0, 0, 0, 0, 0, 0, 0, 0, 0, 0, 0, 0, 0
17:53:12, 1836.40, 28.99, 30.80, 28.734, 0, 0, 0, 0, 0, 0, 0, 0, 0, 0, 0, 0, 0, 0, 0, 0, 0, 0, 0, 0, 0, 0, 0, 0
17:53:13, 1839.20, 28.99, 30.80, 28.734, 0, 0, 0, 0, 0, 0, 0, 0, 0, 0, 0, 0, 0, 0, 0, 0, 0, 0, 0, 0, 0, 0, 0, 0
17:53:14, 1838.30, 28.99, 30.82, 28.734, 0, 0, 0, 0, 0, 0, 0, 0, 0, 0, 0, 0, 0, 0, 0, 0, 0, 0, 0, 0, 0, 0, 0, 0
17:53:14, 1841.60, 28.99, 30.82, 28.734, 0, 0, 0, 0, 0, 0, 0, 0, 0, 0, 0, 0, 0, 0, 0, 0, 0, 0, 0, 0, 0, 0, 0, 0
17:53:15, 1839.80, 28.99, 30.80, 28.750, 0, 0, 0, 0, 0, 0, 0, 0, 0, 0, 0, 0, 0, 0, 0, 0, 0, 0, 0, 0, 0, 0, 0, 0
17:53:16, 1838.50, 28.99, 30.78, 28.750, 0, 0, 0, 0, 0, 0, 0, 0, 0, 0, 0, 0, 0, 0, 0, 0, 0, 0, 0, 0, 0, 0, 0, 0
17:53:16, 1834.90, 28.99, 30.80, 28.750, 0, 0, 0, 0, 0, 0, 0, 0, 0, 0, 0, 0, 0, 0, 0, 0, 0, 0, 0, 0, 0, 0, 0, 0
17:53:17, 1833.90, 28.99, 30.78, 28.750, 0, 0, 0, 0, 0, 0, 0, 0, 0, 0, 0, 0, 0, 0, 0, 0, 0, 0, 0, 0, 0, 0, 0, 0
17:53:18, 1833.40, 28.99, 30.82, 28.758, 0, 0, 0, 0, 0, 0, 0, 0, 0, 0, 0, 0, 0, 0, 0, 0, 0, 0, 0, 0, 0, 0, 0, 0
17:53:18, 1831.60, 28.99, 30.78, 28.727, 0, 0, 0, 0, 0, 0, 0, 0, 0, 0, 0, 0, 0, 0, 0, 0, 0, 0, 0, 0, 0, 0, 0, 0
17:53:19, 1834.00, 28.99, 30.82, 28.727, 0, 0, 0, 0, 0, 0, 0, 0, 0, 0, 0, 0, 0, 0, 0, 0, 0, 0, 0, 0, 0, 0, 0, 0
17:53:20, 1832.40, 28.99, 30.80, 28.742, 0, 0, 0, 0, 0, 0, 0, 0, 0, 0, 0, 0, 0, 0, 0, 0, 0, 0, 0, 0, 0, 0, 0, 0
17:53:20, 1835.70, 28.99, 30.80, 28.727, 0, 0, 0, 0, 0, 0, 0, 0, 0, 0, 0, 0, 0, 0, 0, 0, 0, 0, 0, 0, 0, 0, 0, 0
17:53:21, 1833.70, 28.99, 30.80, 28.727, 0, 0, 0, 0, 0, 0, 0, 0, 0, 0, 0, 0, 0, 0, 0, 0, 0, 0, 0, 0, 0, 0, 0, 0
17:53:22, 1829.10, 28.99, 30.80, 28.750, 0, 0, 0, 0, 0, 0, 0, 0, 0, 0, 0, 0, 0, 0, 0, 0, 0, 0, 0, 0, 0, 0, 0, 0
17:53:22, 1831.10, 28.99, 30.82, 28.758, 0, 0, 0, 0, 0, 0, 0, 0, 0, 0, 0, 0, 0, 0, 0, 0, 0, 0, 0, 0, 0, 0, 0, 0
17:53:23, 1829.10, 28.99, 30.80, 28.758, 0, 0, 0, 0, 0, 0, 0, 0, 0, 0, 0, 0, 0, 0, 0, 0, 0, 0, 0, 0, 0, 0, 0, 0
17:53:24, 1830.80, 28.99, 30.82, 28.727, 0, 0, 0, 0, 0, 0, 0, 0, 0, 0, 0, 0, 0, 0, 0, 0, 0, 0, 0, 0, 0, 0, 0, 0
17:53:24, 1827.20, 28.99, 30.84, 28.711, 0, 0, 0, 0, 0, 0, 0, 0, 0, 0, 0, 0, 0, 0, 0, 0, 0, 0, 0, 0, 0, 0, 0, 0
17:53:25, 1831.90, 28.99, 30.82, 28.711, 0, 0, 0, 0, 0, 0, 0, 0, 0, 0, 0, 0, 0, 0, 0, 0, 0, 0, 0, 0, 0, 0, 0, 0
17:53:26, 1832.70, 28.99, 30.78, 28.727, 0, 0, 0, 0, 0, 0, 0, 0, 0, 0, 0, 0, 0, 0, 0, 0, 0, 0, 0, 0, 0, 0, 0, 0
17:53:26, 1830.70, 28.99, 30.82, 28.758, 0, 0, 0, 0, 0, 0, 0, 0, 0, 0, 0, 0, 0, 0, 0, 0, 0, 0, 0, 0, 0, 0, 0, 0
17:53:27, 1825.10, 28.99, 30.80, 28.758, 0, 0, 0, 0, 0, 0, 0, 0, 0, 0, 0, 0, 0, 0, 0, 0, 0, 0, 0, 0, 0, 0, 0, 0
17:53:28, 1826.30, 28.99, 30.80, 28.766, 0, 0, 0, 0, 0, 0, 0, 0, 0, 0, 0, 0, 0, 0, 0, 0, 0, 0, 0, 0, 0, 0, 0, 0
17:53:28, 1826.00, 28.99, 30.80, 28.758, 0, 0, 0, 0, 0, 0, 0, 0, 0, 0, 0, 0, 0, 0, 0, 0, 0, 0, 0, 0, 0, 0, 0, 0
17:53:29, 1822.60, 28.99, 30.80, 28.758, 0, 0, 0, 0, 0, 0, 0, 0, 0, 0, 0, 0, 0, 0, 0, 0, 0, 0, 0, 0, 0, 0, 0, 0
17:53:30, 1821.20, 28.99, 30.80, 28.742, 0, 0, 0, 0, 0, 0, 0, 0, 0, 0, 0, 0, 0, 0, 0, 0, 0, 0, 0, 0, 0, 0, 0, 0
17:53:30, 1820.30, 28.99, 30.78, 28.742, 0, 0, 0, 0, 0, 0, 0, 0, 0, 0, 0, 0, 0, 0, 0, 0, 0, 0, 0, 0, 0, 0, 0, 0
17:53:31, 1818.30, 28.99, 30.80, 28.742, 0, 0, 0, 0, 0, 0, 0, 0, 0, 0, 0, 0, 0, 0, 0, 0, 0, 0, 0, 0, 0, 0, 0, 0
17:53:32, 1817.00, 28.99, 30.78, 28.750, 0, 0, 0, 0, 0, 0, 0, 0, 0, 0, 0, 0, 0, 0, 0, 0, 0, 0, 0, 0, 0, 0, 0, 0
17:53:32, 1810.20, 28.99, 30.82, 28.781, 0, 0, 0, 0, 0, 0, 0, 0, 0, 0, 0, 0, 0, 0, 0, 0, 0, 0, 0, 0, 0, 0, 0, 0
17:53:33, 1808.70, 28.99, 30.80, 28.781, 0, 0, 0, 0, 0, 0, 0, 0, 0, 0, 0, 0, 0, 0, 0, 0, 0, 0, 0, 0, 0, 0, 0, 0
17:53:33, 1806.20, 28.99, 30.80, 28.789, 0, 0, 0, 0, 0, 0, 0, 0, 0, 0, 0, 0, 0, 0, 0, 0, 0, 0, 0, 0, 0, 0, 0, 0
17:53:34, 1807.00, 28.99, 30.84, 28.773, 0, 0, 0, 0, 0, 0, 0, 0, 0, 0, 0, 0, 0, 0, 0, 0, 0, 0, 0, 0, 0, 0, 0, 0
17:53:35, 1804.10, 28.99, 30.84, 28.773, 0, 0, 0, 0, 0, 0, 0, 0, 0, 0, 0, 0, 0, 0, 0, 0, 0, 0, 0, 0, 0, 0, 0, 0
17:53:35, 1798.10, 28.99, 30.80, 28.789, 0, 0, 0, 0, 0, 0, 0, 0, 0, 0, 0, 0, 0, 0, 0, 0, 0, 0, 0, 0, 0, 0, 0, 0
17:53:36, 1791.40, 28.99, 30.82, 28.828, 0, 0, 0, 0, 0, 0, 0, 0, 0, 0, 0, 0, 0, 0, 0, 0, 0, 0, 0, 0, 0, 0, 0, 0
17:53:37, 1770.00, 28.99, 30.76, 28.828, 0, 0, 0, 0, 0, 0, 0, 0, 0, 0, 0, 0, 0, 0, 0, 0, 0, 0, 0, 0, 0, 0, 0, 0
17:53:37, 1763.90, 28.99, 30.78, 28.820, 0, 0, 0, 0, 0, 0, 0, 0, 0, 0, 0, 0, 0, 0, 0, 0, 0, 0, 0, 0, 0, 0, 0, 0
17:53:38, 1763.50, 28.99, 30.78, 28.844, 0, 0, 0, 0, 0, 0, 0, 0, 0, 0, 0, 0, 0, 0, 0, 0, 0, 0, 0, 0, 0, 0, 0, 0
17:53:39, 1754.30, 28.99, 30.82, 28.844, 0, 0, 0, 0, 0, 0, 0, 0, 0, 0, 0, 0, 0, 0, 0, 0, 0, 0, 0, 0, 0, 0, 0, 0
17:53:39, 1742.70, 29.00, 30.82, 28.844, 0, 0, 0, 0, 0, 0, 0, 0, 0, 0, 0, 0, 0, 0, 0, 0, 0, 0, 0, 0, 0, 0, 0, 0
17:53:40, 1742.90, 29.00, 30.82, 28.859, 0, 0, 0, 0, 0, 0, 0, 0, 0, 0, 0, 0, 0, 0, 0, 0, 0, 0, 0, 0, 0, 0, 0, 0
17:53:41, 1741.50, 29.00, 30.82, 28.859, 0, 0, 0, 0, 0, 0, 0, 0, 0, 0, 0, 0, 0, 0, 0, 0, 0, 0, 0, 0, 0, 0, 0, 0
17:53:41, 1729.70, 29.00, 30.78, 28.828, 0, 0, 0, 0, 0, 0, 0, 0, 0, 0, 0, 0, 0, 0, 0, 0, 0, 0, 0, 0, 0, 0, 0, 0
17:53:42, 1728.80, 29.01, 30.80, 28.844, 0, 0, 0, 0, 0, 0, 0, 0, 0, 0, 0, 0, 0, 0, 0, 0, 0, 0, 0, 0, 0, 0, 0, 0
17:53:43, 1725.30, 29.01, 30.76, 28.844, 0, 0, 0, 0, 0, 0, 0, 0, 0, 0, 0, 0, 0, 0, 0, 0, 0, 0, 0, 0, 0, 0, 0, 0
17:53:43, 1717.50, 29.01, 30.78, 28.844, 0, 0, 0, 0, 0, 0, 0, 0, 0, 0, 0, 0, 0, 0, 0, 0, 0, 0, 0, 0, 0, 0, 0, 0
17:53:44, 1708.30, 29.02, 30.80, 28.859, 0, 0, 0, 0, 0, 0, 0, 0, 0, 0, 0, 0, 0, 0, 0, 0, 0, 0, 0, 0, 0, 0, 0, 0
17:53:45, 1707.60, 29.02, 30.82, 28.859, 0, 0, 0, 0, 0, 0, 0, 0, 0, 0, 0, 0, 0, 0, 0, 0, 0, 0, 0, 0, 0, 0, 0, 0
17:53:45, 1704.50, 29.02, 30.85, 28.867, 0, 0, 0, 0, 0, 0, 0, 0, 0, 0, 0, 0, 0, 0, 0, 0, 0, 0, 0, 0, 0, 0, 0, 0
17:53:46, 1701.10, 29.02, 30.82, 28.891, 0, 0, 0, 0, 0, 0, 0, 0, 0, 0, 0, 0, 0, 0, 0, 0, 0, 0, 0, 0, 0, 0, 0, 0
17:53:47, 1699.10, 29.02, 30.80, 28.891, 0, 0, 0, 0, 0, 0, 0, 0, 0, 0, 0, 0, 0, 0, 0, 0, 0, 0, 0, 0, 0, 0, 0, 0
17:53:47, 1696.00, 29.03, 30.76, 28.859, 0, 0, 0, 0, 0, 0, 0, 0, 0, 0, 0, 0, 0, 0, 0, 0, 0, 0, 0, 0, 0, 0, 0, 0
17:53:48, 1690.00, 29.03, 30.82, 28.867, 0, 0, 0, 0, 0, 0, 0, 0, 0, 0, 0, 0, 0, 0, 0, 0, 0, 0, 0, 0, 0, 0, 0, 0
17:53:49, 1688.50, 29.03, 30.80, 28.867, 0, 0, 0, 0, 0, 0, 0, 0, 0, 0, 0, 0, 0, 0, 0, 0, 0, 0, 0, 0, 0, 0, 0, 0
17:53:49, 1687.90, 29.03, 30.82, 28.883, 0, 0, 0, 0, 0, 1, 0, 0, 0, 0, 0, 0, 0, 0, 0, 0, 0, 0, 0, 0, 0, 0, 0, 0
17:53:50, 1686.90, 29.04, 30.78, 28.898, 0, 0, 0, 0, 0, 1, 0, 0, 0, 0, 0, 0, 0, 0, 0, 0, 0, 0, 0, 0, 0, 0, 0, 0
17:53:51, 1683.70, 29.04, 30.78, 28.898, 0, 0, 0, 0, 0, 1, 0, 0, 0, 0, 0, 0, 0, 0, 0, 0, 0, 0, 0, 0, 0, 0, 0, 0
17:53:51, 1672.00, 29.04, 30.78, 28.906, 0, 0, 0, 0, 0, 1, 0, 0, 0, 0, 0, 0, 0, 0, 0, 0, 0, 0, 0, 0, 0, 0, 0, 0
17:53:52, 1665.30, 29.04, 30.80, 28.922, 0, 0, 0, 0, 0, 1, 0, 0, 0, 0, 0, 0, 0, 0, 0, 0, 0, 0, 0, 0, 0, 0, 0, 0
17:53:53, 1660.00, 29.04, 30.78, 28.922, 0, 0, 0, 0, 0, 1, 0, 0, 0, 0, 0, 0, 0, 0, 0, 0, 0, 0, 0, 0, 0, 0, 0, 0
17:53:53, 1656.70, 29.05, 30.80, 28.922, 0, 0, 0, 0, 0, 1, 1, 0, 0, 0, 0, 0, 0, 0, 0, 0, 0, 0, 0, 0, 0, 0, 0, 0
17:53:54, 1646.70, 29.05, 30.82, 28.937, 0, 0, 0, 0, 0, 1, 0, 0, 0, 0, 0, 0, 0, 0, 0, 0, 0, 0, 0, 0, 0, 0, 0, 0
17:53:55, 1638.10, 29.05, 30.82, 28.937, 0, 0, 0, 0, 0, 1, 0, 0, 0, 0, 0, 0, 0, 0, 0, 0, 0, 0, 0, 0, 0, 0, 0, 0
17:53:55, 1640.10, 29.05, 30.84, 28.937, 0, 0, 0, 0, 0, 1, 1, 0, 1, 0, 0, 0, 0, 0, 0, 0, 0, 0, 0, 0, 0, 0, 0, 0
17:53:56, 1629.50, 29.06, 30.84, 28.945, 0, 0, 0, 0, 0, 1, 0, 0, 0, 0, 0, 0, 0, 0, 0, 0, 0, 0, 0, 0, 0, 0, 0, 0
17:53:57, 1622.20, 29.06, 30.82, 28.945, 0, 0, 0, 0, 0, 1, 1, 0, 1, 0, 0, 0, 0, 0, 0, 0, 0, 0, 0, 0, 0, 0, 0, 0
17:53:57, 1622.30, 29.06, 30.80, 28.945, 0, 0, 0, 0, 0, 1, 1, 0, 1, 0, 0, 0, 0, 0, 0, 0, 0, 0, 0, 0, 0, 0, 0, 0
17:53:58, 1614.80, 29.06, 30.80, 28.945, 0, 0, 0, 0, 0, 1, 1, 0, 1, 0, 0, 0, 0, 0, 0, 0, 0, 0, 0, 0, 0, 0, 0, 0
17:53:59, 1602.90, 29.07, 30.80, 28.961, 0, 0, 0, 0, 0, 1, 1, 0, 1, 0, 0, 0, 0, 0, 0, 0, 0, 0, 0, 0, 0, 0, 0, 0
17:53:59, 1600.00, 29.07, 30.80, 28.953, 0, 0, 0, 0, 0, 1, 1, 1, 1, 0, 0, 0, 0, 0, 0, 0, 0, 0, 0, 0, 0, 0, 0, 0
17:54:00, 1598.20, 29.07, 30.78, 28.953, 0, 0, 0, 0, 0, 1, 1, 1, 1, 0, 0, 0, 0, 0, 0, 0, 0, 0, 0, 0, 0, 0, 0, 0
17:54:01, 1591.50, 29.07, 30.82, 28.961, 0, 0, 0, 0, 0, 1, 1, 1, 1, 0, 0, 0, 0, 0, 0, 0, 0, 0, 0, 0, 1, 0, 0, 0
17:54:01, 1587.70, 29.07, 30.80, 28.969, 0, 0, 0, 0, 0, 2, 1, 1, 2, 0, 0, 0, 0, 0, 0, 0, 0, 0, 0, 0, 0, 0, 0, 0
17:54:02, 1586.00, 29.08, 30.82, 28.969, 0, 0, 0, 0, 0, 2, 1, 1, 2, 1, 0, 0, 0, 0, 0, 0, 0, 0, 0, 0, 0, 0, 0, 0
17:54:03, 1576.80, 29.08, 30.78, 28.969, 0, 0, 0, 0, 1, 2, 1, 1, 2, 0, 0, 0, 0, 0, 0, 0, 0, 0, 0, 0, 1, 0, 0, 0
17:54:03, 1571.60, 29.08, 30.80, 28.977, 0, 0, 0, 0, 1, 2, 2, 1, 2, 1, 0, 0, 0, 0, 0, 0, 0, 0, 0, 0, 1, 0, 0, 0
17:54:04, 1568.10, 29.09, 30.80, 28.977, 0, 0, 0, 0, 1, 2, 2, 1, 3, 1, 0, 0, 0, 0, 0, 0, 0, 0, 1, 0, 1, 0, 0, 0
17:54:05, 1557.70, 29.09, 30.82, 28.984, 0, 0, 0, 0, 1, 2, 2, 2, 3, 1, 0, 0, 0, 0, 0, 0, 0, 0, 1, 0, 1, 0, 0, 0
17:54:05, 1554.80, 29.09, 30.78, 28.992, 0, 0, 0, 0, 1, 3, 3, 2, 4, 1, 0, 0, 0, 0, 0, 0, 0, 0, 1, 1, 1, 0, 0, 0
17:54:06, 1553.70, 29.09, 30.76, 28.992, 0, 0, 0, 0, 1, 3, 3, 2, 4, 1, 0, 0, 0, 0, 0, 0, 0, 0, 1, 0, 1, 0, 0, 0
17:54:07, 1544.10, 29.09, 30.80, 28.984, 0, 0, 0, 0, 1, 3, 3, 2, 3, 1, 0, 0, 0, 0, 0, 0, 0, 0, 1, 1, 1, 0, 0, 0
17:54:07, 1544.80, 29.10, 30.80, 29.000, 0, 0, 0, 0, 1, 3, 3, 2, 4, 1, 0, 0, 0, 0, 0, 0, 0, 0, 1, 1, 1, 0, 0, 0
17:54:08, 1545.90, 29.10, 30.80, 29.000, 0, 0, 0, 0, 1, 3, 3, 2, 5, 1, 0, 0, 0, 0, 0, 0, 0, 0, 1, 1, 1, 0, 0, 0
17:54:09, 1542.00, 29.10, 30.82, 29.000, 0, 0, 0, 0, 1, 3, 3, 2, 4, 1, 0, 0, 0, 0, 0, 0, 0, 0, 1, 1, 1, 0, 0, 0
17:54:09, 1534.20, 29.10, 30.80, 29.008, 0, 0, 0, 0, 1, 3, 3, 2, 4, 1, 0, 0, 0, 0, 0, 0, 0, 0, 1, 1, 2, 0, 0, 0
17:54:10, 1531.10, 29.10, 30.80, 29.008, 0, 0, 0, 0, 1, 3, 3, 2, 5, 1, 0, 0, 0, 0, 0, 0, 0, 1, 1, 1, 2, 0, 0, 0
17:54:11, 1528.40, 29.11, 30.82, 29.008, 0, 0, 0, 0, 1, 3, 3, 2, 5, 1, 0, 0, 0, 0, 0, 0, 0, 0, 1, 1, 1, 0, 0, 0
17:54:11, 1522.80, 29.11, 30.82, 29.016, 0, 0, 0, 0, 1, 3, 3, 2, 5, 1, 0, 0, 0, 0, 0, 0, 0, 1, 1, 1, 2, 0, 0, 0
17:54:12, 1524.80, 29.11, 30.78, 29.016, 0, 0, 0, 0, 1, 4, 4, 3, 5, 1, 0, 0, 0, 0, 0, 0, 0, 1, 1, 1, 2, 0, 0, 0
17:54:13, 1519.40, 29.12, 30.78, 29.016, 0, 0, 0, 0, 1, 4, 3, 3, 5, 1, 0, 0, 0, 0, 0, 0, 0, 1, 1, 1, 2, 0, 0, 0
17:54:13, 1512.20, 29.11, 30.80, 29.023, 0, 0, 1, 0, 2, 4, 4, 3, 6, 1, 0, 0, 0, 0, 0, 0, 0, 1, 1, 1, 2, 0, 0, 0
17:54:14, 1514.10, 29.12, 30.78, 29.023, 0, 0, 0, 0, 2, 4, 5, 3, 7, 1, 0, 0, 0, 0, 0, 0, 0, 1, 1, 1, 2, 0, 0, 0
17:54:15, 1514.40, 29.12, 30.76, 29.023, 0, 0, 0, 0, 2, 4, 4, 3, 6, 1, 0, 0, 0, 0, 0, 0, 0, 1, 1, 1, 2, 0, 0, 0
17:54:15, 1509.70, 29.12, 30.80, 29.031, 0, 0, 0, 0, 2, 4, 4, 3, 6, 1, 0, 0, 0, 0, 0, 0, 0, 1, 2, 1, 2, 0, 0, 0
17:54:16, 1506.60, 29.12, 30.80, 29.031, 0, 0, 0, 0, 2, 5, 5, 4, 7, 1, 0, 0, 0, 0, 0, 0, 0, 1, 2, 1, 2, 0, 0, 0
17:54:17, 1508.20, 29.12, 30.78, 29.031, 0, 0, 0, 0, 2, 5, 5, 4, 8, 1, 0, 0, 0, 0, 0, 0, 0, 1, 2, 1, 2, 0, 0, 0
17:54:17, 1505.40, 29.13, 30.80, 29.031, 0, 0, 0, 0, 2, 5, 5, 4, 7, 1, 0, 0, 0, 0, 0, 0, 0, 1, 2, 1, 2, 0, 0, 0
17:54:18, 1498.90, 29.13, 30.82, 29.031, 0, 0, 0, 0, 2, 5, 6, 4, 8, 1, 0, 0, 0, 0, 0, 0, 0, 1, 2, 1, 3, 0, 0, 0
17:54:19, 1498.30, 29.13, 30.78, 29.039, 0, 0, 0, 0, 3, 5, 6, 4, 8, 1, 0, 0, 0, 0, 0, 0, 0, 1, 2, 1, 3, 0, 0, 0
17:54:19, 1497.80, 29.13, 30.80, 29.031, 0, 0, 1, 0, 2, 5, 6, 4, 8, 1, 0, 0, 0, 0, 0, 0, 0, 1, 2, 1, 3, 0, 0, 0
17:54:20, 1493.80, 29.13, 30.76, 29.031, 0, 0, 0, 0, 2, 5, 6, 4, 8, 1, 0, 0, 0, 0, 0, 0, 0, 1, 2, 1, 3, 0, 0, 0
17:54:21, 1491.80, 29.13, 30.84, 29.031, 0, 0, 0, 0, 3, 6, 6, 5, 9, 1, 0, 0, 0, 0, 0, 0, 0, 2, 2, 2, 3, 0, 0, 0
17:54:21, 1494.30, 29.14, 30.82, 29.047, 0, 0, 0, 0, 3, 6, 7, 5, 11, 1, 0, 0, 0, 0, 0, 0, 0, 2, 2, 2, 3, 0, 0, 0
17:54:22, 1490.30, 29.14, 30.82, 29.047, 0, 0, 0, 0, 3, 7, 7, 6, 10, 1, 0, 0, 0, 0, 0, 0, 1, 2, 3, 2, 3, 0, 0, 0
17:54:23, 1486.40, 29.14, 30.80, 29.055, 0, 1, 0, 0, 4, 8, 9, 7, 13, 1, 0, 0, 0, 0, 0, 0, 1, 2, 3, 2, 4, 0, 0, 0
17:54:23, 1487.30, 29.14, 30.82, 29.078, 0, 1, 0, 0, 4, 8, 9, 7, 14, 1, 0, 0, 0, 0, 0, 0, 1, 2, 3, 2, 4, 0, 0, 0
17:54:24, 1486.50, 29.15, 30.80, 29.078, 0, 1, 0, 0, 4, 8, 9, 7, 13, 1, 0, 0, 0, 0, 0, 0, 1, 2, 3, 2, 4, 0, 0, 0
17:54:25, 1480.90, 29.15, 30.76, 29.070, 0, 1, 0, 0, 4, 8, 10, 7, 12, 1, 0, 0, 0, 0, 0, 0, 1, 3, 3, 2, 4, 0, 0, 0
17:54:25, 1483.60, 29.15, 30.80, 29.078, 0, 1, 0, 0, 5, 9, 11, 8, 16, 1, 0, 0, 0, 0, 0, 0, 1, 3, 4, 2, 5, 0, 0, 0
17:54:26, 1478.90, 29.15, 30.82, 29.078, 0, 1, 0, 0, 5, 10, 11, 8, 15, 1, 0, 0, 0, 0, 0, 0, 1, 3, 4, 3, 5, 0, 0, 0
17:54:27, 1474.10, 29.15, 30.74, 29.078, 0, 1, 0, 1, 6, 11, 13, 10, 18, 2, 0, 0, 0, 0, 0, 0, 1, 4, 5, 3, 6, 0, 0, 0
17:54:27, 1476.50, 29.16, 30.80, 29.094, 0, 1, 0, 1, 6, 12, 15, 11, 21, 2, 0, 0, 0, 0, 0, 0, 2, 4, 5, 4, 7, 0, 0, 0
17:54:28, 1480.50, 29.16, 30.74, 29.094, 0, 1, 0, 1, 6, 12, 14, 11, 21, 2, 0, 0, 0, 0, 0, 0, 1, 4, 5, 3, 7, 0, 0, 0
17:54:29, 1473.70, 29.16, 30.85, 29.086, 0, 1, 0, 1, 6, 12, 15, 11, 18, 2, 0, 0, 0, 0, 0, 0, 2, 4, 6, 4, 7, 0, 0, 0
17:54:29, 1475.90, 29.16, 30.80, 29.102, 0, 1, 0, 1, 7, 13, 16, 12, 23, 2, 0, 0, 0, 0, 0, 0, 2, 4, 6, 4, 8, 0, 0, 0
17:54:30, 1477.70, 29.16, 30.80, 29.102, 0, 1, 0, 1, 7, 13, 16, 12, 23, 2, 0, 0, 0, 0, 0, 0, 2, 4, 6, 4, 8, 0, 0, 0
17:54:31, 1470.50, 29.17, 30.78, 29.094, 0, 1, 0, 1, 7, 14, 16, 13, 22, 2, 0, 0, 0, 0, 0, 0, 2, 5, 7, 5, 9, 0, 0, 0
17:54:31, 1471.40, 29.17, 30.80, 29.094, 0, 1, 0, 1, 8, 16, 19, 15, 25, 2, 0, 0, 0, 0, 0, 0, 2, 5, 7, 5, 10, 0, 0, 0
17:54:32, 1470.20, 29.17, 30.78, 29.094, 0, 1, 0, 1, 8, 15, 18, 14, 25, 2, 0, 0, 0, 0, 0, 0, 2, 6, 7, 5, 10, 0, 0, 0
17:54:33, 1465.10, 29.17, 30.80, 29.102, 0, 1, 0, 1, 8, 15, 18, 14, 24, 2, 0, 0, 0, 0, 0, 0, 3, 6, 8, 6, 10, 0, 0, 0
17:54:33, 1465.70, 29.17, 30.84, 29.086, 1, 1, 0, 1, 9, 17, 21, 16, 28, 2, 0, 0, 0, 0, 0, 0, 3, 6, 8, 6, 11, 0, 0, 0
17:54:34, 1462.20, 29.17, 30.78, 29.086, 1, 1, 0, 1, 9, 17, 20, 16, 28, 2, 0, 0, 0, 0, 0, 0, 3, 6, 8, 6, 11, 0, 0, 0
17:54:35, 1458.50, 29.17, 30.76, 29.086, 1, 1, 0, 1, 9, 18, 22, 17, 29, 2, 0, 0, 0, 0, 0, 0, 3, 7, 9, 6, 11, 0, 0, 0
17:54:35, 1461.90, 29.18, 30.80, 29.094, 1, 1, 0, 1, 9, 18, 22, 17, 31, 3, 0, 0, 0, 0, 0, 0, 3, 7, 9, 6, 12, 0, 0, 0
17:54:36, 1457.50, 29.18, 30.78, 29.094, 1, 1, 0, 1, 9, 17, 20, 16, 28, 2, 0, 0, 0, 0, 0, 0, 3, 7, 9, 7, 12, 0, 0, 0
17:54:37, 1452.10, 29.18, 30.78, 29.094, 1, 1, 0, 1, 10, 19, 23, 18, 30, 3, 0, 0, 0, 0, 0, 0, 3, 8, 10, 7, 13, 0, 0, 0
17:54:37, 1452.60, 29.18, 30.76, 29.102, 1, 1, 1, 2, 11, 21, 25, 20, 37, 3, 0, 0, 0, 0, 0, 0, 4, 8, 10, 7, 14, 0, 0, 0
17:54:38, 1453.70, 29.18, 30.84, 29.102, 1, 1, 1, 2, 11, 21, 25, 20, 37, 3, 0, 0, 0, 0, 0, 0, 4, 8, 10, 8, 14, 0, 0, 0
17:54:39, 1451.70, 29.18, 30.80, 29.102, 1, 1, 1, 2, 12, 22, 27, 21, 36, 3, 0, 0, 0, 0, 0, 0, 4, 8, 11, 8, 14, 0, 0, 0
17:54:39, 1452.30, 29.19, 30.80, 29.102, 1, 1, 1, 2, 12, 23, 28, 22, 37, 3, 0, 0, 0, 0, 0, 1, 4, 8, 11, 8, 14, 0, 0, 0
17:54:40, 1453.00, 29.19, 30.80, 29.102, 1, 1, 1, 2, 12, 23, 29, 23, 41, 3, 0, 0, 0, 0, 0, 0, 4, 9, 11, 9, 15, 0, 0, 0
17:54:41, 1449.40, 29.19, 30.80, 29.109, 1, 1, 1, 2, 13, 24, 30, 24, 39, 3, 0, 0, 0, 0, 0, 1, 5, 10, 13, 10, 17, 1, 0, 0
17:54:41, 1445.80, 29.19, 30.84, 29.109, 1, 1, 1, 2, 14, 26, 32, 26, 44, 4, 0, 0, 0, 0, 0, 1, 5, 10, 14, 10, 18, 1, 0, 0
17:54:42, 1448.20, 29.19, 30.78, 29.109, 1, 1, 1, 2, 15, 28, 34, 27, 50, 4, 0, 0, 0, 0, 0, 1, 5, 10, 14, 11, 18, 1, 0, 0
17:54:43, 1442.70, 29.19, 30.78, 29.109, 1, 1, 1, 2, 13, 25, 31, 25, 39, 3, 0, 0, 0, 0, 0, 1, 5, 11, 15, 12, 18, 1, 0, 0
17:54:43, 1441.00, 29.20, 30.80, 29.109, 1, 1, 1, 2, 15, 28, 35, 28, 44, 4, 0, 0, 0, 0, 0, 1, 6, 12, 16, 12, 20, 1, 0, 0
17:54:44, 1440.80, 29.20, 30.80, 29.109, 1, 2, 1, 3, 17, 31, 39, 31, 55, 4, 0, 0, 0, 0, 0, 1, 6, 12, 15, 12, 19, 1, 0, 0
17:54:45, 1437.50, 29.20, 30.78, 29.109, 1, 2, 1, 3, 17, 31, 39, 31, 52, 4, 0, 0, 0, 0, 0, 1, 5, 11, 15, 12, 19, 1, 0, 0
17:54:45, 1434.50, 29.20, 30.84, 29.109, 1, 2, 1, 3, 17, 32, 39, 32, 51, 4, 0, 0, 0, 0, 0, 1, 7, 14, 19, 15, 25, 1, 0, 0
17:54:46, 1433.90, 29.20, 30.80, 29.109, 1, 2, 1, 3, 18, 34, 42, 34, 64, 5, 0, 0, 0, 0, 0, 1, 6, 13, 18, 15, 23, 1, 0, 0
17:54:47, 1429.90, 29.20, 30.82, 29.102, 1, 2, 1, 3, 17, 31, 39, 31, 50, 4, 0, 0, 0, 0, 0, 1, 7, 14, 19, 16, 24, 1, 0, 0
17:54:47, 1425.20, 29.20, 30.82, 29.102, 2, 2, 2, 3, 20, 37, 46, 37, 59, 5, 0, 0, 0, 0, 0, 1, 8, 16, 21, 17, 27, 2, 0, 0
17:54:48, 1423.40, 29.20, 30.80, 29.109, 2, 2, 2, 4, 24, 43, 53, 43, 79, 6, 0, 0, 0, 0, 0, 0, 5, 10, 14, 11, 13, 0, 0, 0
17:54:49, 1413.80, 29.21, 30.78, 29.109, 1, 2, 1, 3, 21, 38, 47, 38, 56, 4, 0, 0, 0, 0, 0, 1, 7, 14, 21, 17, 24, 1, 0, 0
17:54:49, 1411.00, 29.21, 30.82, 29.109, 2, 2, 2, 4, 22, 40, 49, 40, 58, 5, 0, 0, 0, 0, 1, 1, 11, 21, 28, 23, 39, 3, 0, 0
17:54:50, 1413.40, 29.21, 30.82, 29.102, 2, 3, 2, 5, 29, 52, 65, 53, 93, 7, 0, 0, 0, 0, 1, 2, 10, 19, 27, 22, 36, 2, 0, 0
17:54:51, 1408.50, 29.21, 30.76, 29.117, 2, 2, 2, 5, 28, 50, 63, 51, 78, 6, 0, 0, 1, 0, 1, 2, 10, 20, 28, 22, 34, 2, 0, 0
17:54:51, 1403.20, 29.21, 30.80, 29.117, 3, 3, 3, 6, 32, 56, 70, 57, 89, 7, 0, 0, 1, 0, 1, 2, 12, 24, 31, 26, 40, 3, 0, 0
17:54:52, 1405.30, 29.21, 30.78, 29.109, 3, 3, 3, 7, 36, 63, 78, 65, 113, 9, 0, 0, 1, 0, 1, 2, 11, 22, 29, 24, 40, 3, 0, 0
17:54:53, 1403.30, 29.22, 30.82, 29.117, 3, 3, 3, 6, 32, 56, 69, 57, 91, 7, 0, 0, 1, 0, 1, 2, 14, 27, 35, 29, 45, 3, 0, 0
17:54:53, 1407.20, 29.22, 30.82, 29.117, 3, 3, 3, 7, 35, 62, 77, 63, 110, 8, 0, 0, 1, 1, 1, 2, 13, 26, 34, 28, 44, 3, 0, 0
17:54:54, 1400.10, 29.22, 30.82, 29.117, 3, 3, 3, 6, 34, 59, 74, 60, 106, 8, 0, 0, 1, 1, 1, 2, 14, 27, 35, 28, 45, 3, 0, 0
17:54:55, 1396.40, 29.22, 30.82, 29.125, 3, 3, 4, 8, 40, 69, 86, 70, 125, 9, 0, 0, 1, 1, 1, 3, 15, 29, 38, 31, 51, 4, 0, 0
17:54:55, 1392.00, 29.22, 30.80, 29.125, 4, 4, 4, 8, 40, 70, 87, 71, 119, 9, 0, 0, 1, 1, 1, 3, 17, 32, 42, 34, 54, 4, 0, 0
17:54:56, 1385.40, 29.22, 30.80, 29.117, 4, 4, 4, 9, 45, 78, 98, 80, 134, 10, 0, 0, 1, 1, 2, 3, 19, 35, 45, 36, 59, 5, 0, 0
17:54:57, 1379.40, 29.22, 30.76, 29.141, 4, 4, 5, 10, 52, 89, 111, 92, 155, 12, 0, 0, 2, 1, 2, 4, 20, 38, 48, 38, 63, 5, 0, 0
17:54:57, 1378.40, 29.23, 30.80, 29.141, 5, 5, 5, 12, 57, 97, 120, 100, 165, 12, 0, 0, 1, 1, 2, 4, 21, 38, 49, 39, 61, 5, 0, 0
17:54:58, 1377.70, 29.23, 30.80, 29.156, 5, 5, 5, 11, 55, 94, 117, 98, 151, 11, 0, 0, 1, 1, 2, 4, 21, 39, 50, 39, 67, 5, 0, 0
17:54:59, 1368.70, 29.23, 30.78, 29.172, 5, 4, 5, 10, 52, 89, 109, 92, 138, 10, 0, 0, 2, 1, 2, 4, 25, 46, 58, 45, 73, 6, 0, 0
17:54:59, 1367.90, 29.23, 30.80, 29.172, 6, 6, 6, 14, 69, 117, 145, 121, 203, 15, 0, 0, 2, 1, 2, 4, 25, 46, 58, 45, 78, 6, 0, 0
17:55:00, 1368.50, 29.24, 30.78, 29.180, 6, 6, 7, 16, 72, 122, 150, 126, 228, 17, 0, 0, 2, 1, 2, 4, 25, 46, 58, 45, 77, 6, 0, 0
17:55:01, 1362.80, 29.24, 30.82, 29.211, 6, 6, 7, 15, 66, 112, 140, 117, 188, 14, 0, 0, 2, 1, 2, 5, 26, 48, 60, 47, 78, 6, 0, 0
17:55:01, 1357.20, 29.24, 30.78, 29.211, 7, 6, 7, 16, 75, 126, 157, 132, 205, 15, 0, 0, 2, 2, 3, 5, 30, 55, 68, 53, 89, 7, 0, 0
17:55:02, 1355.90, 29.24, 30.76, 29.227, 7, 7, 8, 18, 82, 138, 172, 145, 237, 18, 0, 0, 3, 2, 3, 6, 31, 57, 70, 55, 96, 8, 0, 0
17:55:03, 1352.80, 29.25, 30.80, 29.273, 7, 7, 8, 18, 74, 124, 155, 131, 205, 15, 0, 0, 3, 2, 3, 6, 33, 59, 73, 57, 93, 8, 0, 0
17:55:03, 1346.70, 29.25, 30.80, 29.273, 7, 7, 8, 17, 81, 135, 168, 143, 215, 16, 0, 0, 3, 2, 3, 7, 36, 65, 80, 62, 104, 8, 0, 0
17:55:04, 1344.20, 29.26, 30.80, 29.320, 8, 8, 9, 21, 98, 162, 201, 171, 270, 20, 0, 0, 3, 2, 4, 7, 38, 69, 84, 65, 110, 9, 0, 0
17:55:05, 1342.30, 29.26, 30.82, 29.352, 9, 9, 10, 24, 105, 173, 215, 183, 314, 23, 0, 0, 3, 3, 4, 8, 40, 72, 87, 68, 118, 10, 0, 0
17:55:05, 1341.10, 29.27, 30.80, 29.352, 9, 9, 11, 24, 105, 174, 216, 185, 312, 23, 0, 0, 3, 2, 4, 7, 39, 69, 85, 66, 111, 9, 0, 0
17:55:06, 1333.90, 29.27, 30.82, 29.367, 9, 8, 10, 23, 105, 171, 212, 182, 282, 21, 0, 0, 4, 3, 4, 8, 45, 80, 98, 75, 128, 10, 0, 0
17:55:07, 1329.80, 29.27, 30.78, 29.367, 11, 10, 13, 30, 131, 212, 263, 225, 360, 26, 0, 0, 5, 4, 5, 11, 54, 95, 115, 89, 155, 13, 0, 0
17:55:07, 1330.10, 29.28, 30.78, 29.367, 13, 12, 15, 35, 145, 234, 290, 249, 456, 34, 0, 0, 4, 3, 5, 10, 50, 89, 108, 83, 144, 12, 0, 0
17:55:08, 1321.60, 29.29, 30.78, 29.375, 12, 11, 14, 33, 146, 234, 289, 249, 391, 29, 0, 0, 5, 4, 6, 12, 63, 109, 131, 101, 171, 15, 0, 0
17:55:09, 1315.60, 29.29, 30.80, 29.383, 15, 14, 18, 44, 178, 283, 349, 299, 504, 37, 0, 0, 7, 5, 7, 16, 77, 131, 156, 121, 210, 18, 0, 0
17:55:09, 1316.80, 29.29, 30.80, 29.383, 17, 15, 20, 50, 200, 315, 388, 339, 575, 42, 0, 0, 6, 5, 7, 14, 67, 116, 139, 108, 192, 16, 0, 0
17:55:10, 1310.70, 29.30, 30.80, 29.383, 16, 14, 19, 45, 177, 281, 348, 301, 453, 33, 0, 0, 7, 5, 7, 15, 76, 130, 155, 120, 203, 17, 0, 0
17:55:11, 1303.30, 29.30, 30.80, 29.398, 18, 17, 22, 54, 216, 337, 415, 361, 573, 41, 0, 0, 8, 6, 9, 19, 94, 159, 187, 144, 249, 21, 0, 0
17:55:11, 1303.10, 29.30, 30.82, 29.398, 21, 19, 26, 66, 258, 399, 492, 431, 728, 53, 0, 0, 8, 6, 9, 19, 90, 153, 180, 139, 255, 22, 0, 0
17:55:12, 1301.30, 29.31, 30.76, 29.414, 21, 19, 26, 65, 244, 378, 468, 407, 642, 46, 0, 0, 8, 6, 9, 19, 93, 157, 185, 142, 248, 21, 0, 0
17:55:13, 1291.90, 29.31, 30.82, 29.422, 23, 21, 28, 71, 279, 428, 529, 461, 748, 54, 0, 0, 10, 8, 11, 25, 123, 203, 236, 182, 321, 28, 0, 0
17:55:13, 1290.20, 29.32, 30.82, 29.422, 27, 24, 34, 89, 340, 518, 634, 558, 954, 68, 0, 0, 11, 8, 12, 26, 121, 199, 231, 178, 316, 27, 0, 0
17:55:14, 1290.70, 29.32, 30.78, 29.430, 28, 25, 35, 90, 328, 498, 613, 540, 854, 61, 0, 0, 10, 8, 11, 25, 115, 191, 222, 171, 310, 26, 0, 0
17:55:15, 1292.40, 29.32, 30.78, 29.445, 29, 26, 37, 95, 339, 517, 635, 562, 942, 68, 0, 0, 10, 8, 11, 25, 114, 189, 219, 169, 308, 26, 0, 0
17:55:15, 1297.40, 29.32, 30.82, 29.445, 28, 25, 35, 90, 315, 483, 590, 521, 998, 73, 0, 0, 9, 7, 10, 23, 103, 173, 202, 156, 296, 25, 0, 0
17:55:16, 1300.00, 29.33, 30.82, 29.430, 25, 22, 31, 78, 289, 445, 550, 484, 818, 59, 0, 0, 9, 7, 9, 21, 96, 162, 190, 146, 267, 23, 0, 0
17:55:17, 1300.90, 29.33, 30.78, 29.437, 24, 22, 30, 75, 282, 433, 532, 468, 795, 57, 0, 0, 9, 7, 9, 20, 97, 162, 190, 147, 264, 22, 0, 0
17:55:17, 1303.50, 29.33, 30.80, 29.437, 23, 21, 29, 73, 272, 420, 514, 450, 859, 63, 0, 0, 8, 6, 9, 19, 89, 150, 177, 137, 255, 22, 0, 0
17:55:18, 1306.10, 29.34, 30.78, 29.430, 21, 19, 26, 65, 247, 383, 471, 413, 742, 54, 0, 0, 7, 6, 8, 17, 83, 141, 167, 129, 232, 20, 0, 0
17:55:19, 1307.80, 29.34, 30.82, 29.445, 20, 18, 24, 61, 230, 357, 438, 381, 728, 53, 0, 0, 7, 5, 8, 17, 82, 139, 164, 127, 233, 20, 0, 0
17:55:19, 1309.40, 29.34, 30.80, 29.445, 19, 17, 23, 59, 232, 359, 440, 383, 781, 58, 0, 0, 7, 6, 8, 17, 79, 134, 159, 123, 231, 19, 0, 0
17:55:20, 1313.70, 29.35, 30.78, 29.445, 19, 17, 23, 57, 216, 336, 413, 357, 696, 51, 0, 0, 6, 5, 7, 15, 71, 121, 145, 112, 204, 17, 0, 0
17:55:21, 1315.10, 29.35, 30.80, 29.445, 18, 16, 21, 53, 208, 326, 401, 347, 677, 50, 0, 0, 6, 5, 7, 14, 70, 120, 143, 111, 203, 17, 0, 0
17:55:21, 1315.60, 29.35, 30.78, 29.445, 16, 15, 20, 50, 193, 301, 369, 317, 664, 50, 0, 0, 6, 5, 7, 14, 69, 118, 141, 109, 204, 17, 0, 0
17:55:22, 1318.50, 29.35, 30.80, 29.445, 16, 15, 19, 48, 188, 295, 363, 313, 540, 39, 0, 0, 6, 4, 6, 13, 63, 109, 130, 101, 183, 15, 0, 0
17:55:23, 1317.70, 29.35, 30.80, 29.445, 15, 13, 17, 42, 175, 276, 338, 293, 500, 37, 0, 0, 6, 4, 6, 13, 65, 112, 133, 103, 185, 16, 0, 0
17:55:23, 1310.80, 29.36, 30.80, 29.445, 16, 14, 19, 46, 183, 288, 354, 305, 484, 35, 0, 0, 6, 5, 7, 15, 77, 132, 155, 119, 211, 18, 0, 0
17:55:24, 1307.60, 29.36, 30.78, 29.445, 19, 17, 23, 58, 228, 355, 433, 377, 738, 54, 0, 0, 7, 6, 8, 17, 83, 141, 165, 126, 234, 20, 0, 0
17:55:25, 1306.50, 29.36, 30.80, 29.445, 20, 18, 25, 62, 241, 374, 456, 398, 783, 58, 0, 0, 8, 6, 8, 18, 87, 147, 172, 132, 246, 21, 0, 0
17:55:25, 1301.20, 29.36, 30.80, 29.453, 21, 19, 25, 65, 247, 378, 463, 401, 869, 65, 0, 0, 8, 6, 9, 20, 94, 159, 184, 141, 277, 23, 0, 0
17:55:26, 1296.20, 29.37, 30.78, 29.453, 21, 19, 26, 66, 253, 385, 474, 409, 863, 65, 0, 0, 9, 7, 10, 22, 102, 170, 196, 150, 293, 25, 0, 0
17:55:27, 1291.50, 29.37, 30.80, 29.453, 25, 22, 31, 79, 287, 438, 535, 472, 846, 62, 0, 0, 9, 7, 10, 23, 106, 176, 202, 153, 285, 24, 0, 0
17:55:27, 1289.10, 29.37, 30.80, 29.437, 27, 24, 33, 85, 317, 482, 592, 522, 826, 59, 0, 0, 9, 7, 10, 23, 112, 185, 211, 160, 294, 25, 0, 0
17:55:28, 1285.00, 29.37, 30.78, 29.422, 28, 25, 36, 92, 330, 501, 607, 538, 1076, 79, 0, 0, 10, 8, 11, 25, 118, 194, 221, 168, 319, 27, 0, 0
17:55:29, 1275.30, 29.37, 30.78, 29.422, 30, 27, 39, 101, 364, 548, 663, 591, 1253, 93, 0, 0, 11, 9, 12, 29, 134, 217, 246, 188, 376, 32, 0, 0
17:55:29, 1272.70, 29.38, 30.76, 29.422, 32, 29, 43, 114, 397, 585, 716, 631, 1375, 103, 0, 0, 11, 9, 12, 29, 126, 204, 230, 175, 340, 29, 0, 0
17:55:30, 1267.20, 29.38, 30.82, 29.406, 34, 31, 45, 121, 364, 539, 663, 585, 1220, 91, 0, 0, 12, 9, 13, 32, 134, 216, 244, 185, 368, 31, 0, 0
17:55:31, 1260.10, 29.38, 30.78, 29.406, 35, 30, 45, 116, 390, 576, 697, 630, 907, 65, 0, 0, 12, 9, 13, 31, 142, 225, 253, 191, 339, 29, 0, 0
17:55:31, 1257.60, 29.38, 30.76, 29.406, 38, 34, 52, 138, 472, 694, 848, 765, 1306, 93, 0, 0, 12, 9, 13, 32, 140, 222, 248, 189, 356, 30, 0, 0
17:55:32, 1254.70, 29.38, 30.78, 29.406, 40, 37, 56, 151, 489, 716, 868, 787, 1504, 108, 0, 0, 12, 9, 14, 33, 151, 238, 265, 202, 389, 33, 0, 0
17:55:33, 1250.70, 29.39, 30.82, 29.406, 40, 36, 56, 151, 496, 720, 863, 791, 1617, 118, 0, 0, 13, 10, 14, 35, 147, 229, 255, 195, 383, 32, 0, 0
17:55:33, 1247.20, 29.39, 30.82, 29.406, 40, 37, 57, 156, 470, 681, 824, 746, 1399, 100, 0, 0, 12, 9, 14, 34, 149, 231, 255, 195, 366, 31, 0, 0
17:55:34, 1240.00, 29.39, 30.78, 29.406, 37, 33, 52, 143, 436, 626, 742, 681, 1447, 106, 0, 0, 12, 9, 14, 36, 144, 221, 244, 187, 375, 32, 0, 0
17:55:35, 1238.10, 29.39, 30.80, 29.406, 34, 30, 50, 138, 410, 578, 690, 622, 1373, 101, 0, 0, 10, 8, 12, 31, 126, 193, 211, 161, 329, 28, 0, 0
17:55:35, 1234.90, 29.39, 30.78, 29.406, 31, 28, 46, 127, 383, 535, 645, 577, 1303, 96, 0, 0, 9, 7, 11, 29, 118, 180, 197, 150, 321, 27, 0, 0
17:55:36, 1226.80, 29.40, 30.80, 29.414, 26, 24, 39, 109, 325, 455, 540, 483, 951, 69, 0, 0, 9, 7, 11, 29, 115, 174, 189, 142, 288, 24, 0, 0
17:55:37, 1221.90, 29.40, 30.82, 29.414, 30, 26, 44, 119, 365, 507, 605, 547, 830, 59, 0, 0, 10, 8, 12, 32, 127, 189, 205, 155, 293, 25, 0, 0
17:55:37, 1222.00, 29.40, 30.80, 29.414, 34, 32, 55, 154, 435, 599, 710, 642, 1345, 97, 0, 0, 9, 7, 11, 31, 120, 177, 192, 145, 294, 24, 0, 0
17:55:38, 1214.40, 29.40, 30.74, 29.414, 32, 30, 52, 144, 407, 560, 655, 597, 1206, 86, 0, 0, 11, 8, 13, 36, 144, 211, 228, 174, 352, 29, 0, 0
17:55:39, 1207.00, 29.40, 30.76, 29.414, 36, 32, 59, 162, 447, 611, 709, 648, 1381, 100, 0, 0, 13, 10, 16, 43, 164, 239, 256, 197, 393, 33, 0, 0
17:55:39, 1207.10, 29.41, 30.80, 29.422, 37, 34, 63, 174, 484, 655, 767, 703, 1396, 99, 0, 0, 12, 9, 15, 40, 142, 205, 220, 168, 336, 28, 0, 0
17:55:40, 1208.70, 29.40, 30.80, 29.422, 39, 36, 67, 186, 480, 649, 766, 693, 1355, 96, 0, 0, 10, 8, 12, 34, 132, 192, 207, 157, 304, 25, 0, 0
17:55:41, 1203.70, 29.41, 30.78, 29.422, 32, 29, 52, 145, 407, 549, 656, 586, 945, 66, 0, 0, 11, 9, 14, 39, 146, 211, 226, 171, 316, 26, 0, 0
17:55:41, 1201.30, 29.41, 30.80, 29.422, 34, 32, 59, 161, 436, 581, 694, 623, 993, 70, 0, 0, 12, 9, 15, 41, 148, 213, 229, 174, 327, 27, 0, 0
17:55:42, 1203.20, 29.41, 30.76, 29.422, 39, 37, 68, 186, 483, 648, 762, 700, 1240, 88, 0, 0, 10, 8, 13, 36, 135, 195, 209, 158, 308, 26, 0, 0
17:55:43, 1204.50, 29.41, 30.82, 29.422, 37, 35, 64, 175, 462, 617, 734, 674, 1239, 87, 0, 0, 10, 7, 12, 34, 126, 182, 196, 148, 298, 25, 0, 0
17:55:43, 1198.90, 29.42, 30.76, 29.422, 31, 28, 52, 139, 378, 504, 596, 542, 807, 57, 0, 0, 11, 8, 14, 38, 140, 201, 217, 164, 309, 26, 0, 0
17:55:44, 1195.10, 29.42, 30.82, 29.430, 35, 33, 61, 165, 450, 598, 712, 646, 1034, 72, 0, 0, 12, 9, 15, 42, 155, 221, 238, 181, 338, 28, 0, 0
17:55:45, 1196.90, 29.42, 30.82, 29.430, 39, 37, 71, 194, 516, 684, 805, 743, 1410, 99, 0, 0, 11, 8, 14, 39, 141, 202, 217, 166, 349, 29, 0, 0
17:55:45, 1192.10, 29.42, 30.82, 29.414, 40, 38, 73, 198, 490, 649, 772, 704, 1157, 81, 0, 0, 11, 9, 15, 41, 153, 218, 234, 178, 336, 28, 0, 0
17:55:46, 1185.60, 29.42, 30.78, 29.430, 40, 39, 74, 201, 521, 682, 814, 742, 1219, 85, 0, 0, 13, 10, 17, 49, 172, 242, 259, 199, 375, 31, 0, 0
17:55:47, 1185.40, 29.42, 30.78, 29.430, 47, 45, 90, 241, 596, 780, 921, 850, 1544, 108, 0, 0, 13, 10, 18, 50, 169, 237, 254, 196, 393, 33, 0, 0
17:55:47, 1186.50, 29.42, 30.80, 29.422, 47, 46, 92, 248, 602, 791, 931, 858, 1849, 132, 0, 0, 12, 10, 17, 47, 176, 248, 265, 204, 384, 32, 0, 0
17:55:48, 1181.20, 29.42, 30.82, 29.437, 42, 41, 79, 214, 529, 691, 822, 748, 1212, 85, 0, 0, 15, 12, 20, 56, 199, 278, 298, 229, 417, 35, 0, 0
17:55:49, 1182.60, 29.43, 30.80, 29.437, 47, 46, 91, 243, 619, 804, 948, 885, 1521, 106, 0, 0, 13, 10, 18, 50, 169, 237, 254, 195, 387, 32, 0, 0
17:55:49, 1185.90, 29.43, 30.80, 29.430, 47, 46, 92, 246, 596, 777, 921, 853, 1481, 103, 0, 0, 12, 10, 16, 47, 159, 224, 239, 184, 377, 31, 0, 0
17:55:50, 1190.90, 29.43, 30.76, 29.430, 45, 44, 87, 235, 563, 729, 864, 807, 1661, 118, 0, 0, 12, 9, 15, 44, 149, 210, 225, 173, 360, 30, 0, 0
17:55:51, 1196.20, 29.43, 30.82, 29.430, 42, 40, 79, 213, 520, 685, 809, 747, 1360, 95, 0, 0, 10, 8, 14, 38, 135, 193, 207, 158, 310, 26, 0, 0
17:55:51, 1201.10, 29.43, 30.76, 29.422, 37, 35, 67, 184, 461, 613, 721, 662, 1319, 93, 0, 0, 9, 7, 12, 34, 122, 176, 188, 143, 283, 23, 0, 0
17:55:52, 1207.70, 29.43, 30.80, 29.430, 34, 31, 59, 163, 429, 573, 669, 610, 1212, 86, 0, 0, 9, 7, 11, 32, 116, 167, 179, 137, 295, 24, 0, 0
17:55:53, 1213.10, 29.43, 30.76, 29.430, 30, 28, 53, 146, 370, 498, 582, 527, 1052, 75, 0, 0, 8, 6, 11, 29, 105, 153, 164, 125, 262, 21, 0, 0
17:55:53, 1213.10, 29.43, 30.76, 29.422, 28, 26, 47, 131, 358, 481, 565, 507, 1067, 77, 0, 0, 7, 6, 9, 26, 104, 152, 163, 124, 264, 22, 0, 0
17:55:54, 1215.10, 29.43, 30.80, 29.430, 24, 23, 41, 114, 329, 439, 517, 459, 1096, 81, 0, 0, 8, 6, 10, 27, 96, 140, 150, 113, 230, 19, 0, 0
17:55:55, 1210.70, 29.43, 30.78, 29.430, 26, 25, 45, 125, 302, 408, 480, 430, 929, 68, 0, 0, 8, 6, 11, 29, 109, 159, 172, 129, 268, 22, 0, 0
17:55:55, 1212.80, 29.43, 30.82, 29.414, 27, 25, 45, 127, 356, 477, 565, 504, 895, 63, 0, 0, 7, 6, 9, 26, 98, 143, 153, 116, 234, 19, 0, 0
17:55:56, 1215.50, 29.44, 30.80, 29.430, 27, 25, 45, 125, 338, 456, 531, 479, 1002, 72, 0, 0, 7, 5, 9, 25, 98, 144, 154, 116, 232, 19, 0, 0
17:55:57, 1208.40, 29.44, 30.80, 29.430, 26, 24, 44, 123, 338, 457, 534, 480, 1045, 76, 0, 0, 8, 6, 10, 29, 115, 167, 178, 136, 292, 24, 0, 0
17:55:57, 1199.30, 29.44, 30.76, 29.422, 27, 25, 47, 129, 344, 452, 532, 474, 1208, 90, 0, 0, 10, 8, 13, 36, 129, 186, 199, 152, 340, 28, 0, 0
17:55:58, 1193.50, 29.44, 30.78, 29.422, 30, 28, 54, 148, 382, 503, 591, 537, 1131, 82, 0, 0, 10, 8, 13, 38, 130, 185, 198, 150, 313, 26, 0, 0
17:55:59, 1195.50, 29.44, 30.78, 29.422, 35, 33, 63, 171, 443, 584, 690, 633, 1080, 75, 0, 0, 9, 7, 12, 34, 122, 174, 186, 142, 286, 24, 0, 0
17:55:59, 1196.50, 29.44, 30.76, 29.422, 35, 33, 64, 174, 440, 582, 680, 621, 1299, 93, 0, 0, 9, 7, 12, 33, 127, 181, 193, 148, 304, 25, 0, 0
17:56:00, 1190.60, 29.44, 30.78, 29.422, 33, 31, 62, 167, 449, 590, 688, 631, 1435, 104, 0, 0, 10, 8, 13, 38, 138, 195, 209, 161, 344, 28, 0, 0
17:56:01, 1179.80, 29.44, 30.76, 29.422, 34, 33, 66, 177, 445, 573, 676, 613, 1553, 115, 0, 0, 12, 10, 17, 47, 168, 235, 252, 196, 441, 36, 0, 0
17:56:01, 1170.40, 29.45, 30.80, 29.422, 37, 36, 72, 193, 477, 613, 723, 666, 1421, 103, 0, 0, 15, 12, 21, 59, 183, 253, 271, 209, 430, 36, 0, 0
17:56:02, 1170.40, 29.45, 30.78, 29.422, 49, 49, 103, 265, 614, 784, 925, 870, 1403, 97, 0, 0, 14, 11, 19, 55, 178, 246, 263, 203, 394, 33, 0, 0
17:56:03, 1166.90, 29.45, 30.80, 29.422, 50, 50, 105, 274, 610, 783, 919, 856, 1659, 117, 0, 0, 15, 12, 22, 61, 200, 275, 293, 229, 460, 38, 0, 0
17:56:03, 1157.50, 29.45, 30.78, 29.422, 55, 56, 123, 311, 676, 856, 987, 941, 2254, 163, 0, 0, 18, 15, 27, 76, 246, 334, 356, 283, 598, 50, 0, 0
17:56:04, 1153.10, 29.45, 30.78, 29.422, 59, 61, 139, 338, 756, 939, 1085, 1037, 2746, 203, 0, 0, 20, 16, 31, 87, 252, 338, 360, 287, 621, 51, 0, 0
17:56:05, 1151.40, 29.45, 30.80, 29.422, 67, 72, 160, 397, 829, 1024, 1211, 1138, 2871, 208, 0, 0, 19, 16, 30, 83, 259, 348, 371, 295, 673, 55, 0, 0
17:56:05, 1144.80, 29.46, 30.80, 29.430, 51, 55, 118, 289, 640, 795, 934, 889, 1756, 127, 0, 0, 21, 17, 33, 92, 267, 356, 382, 300, 599, 51, 0, 0
17:56:06, 1142.70, 29.46, 30.82, 29.430, 74, 78, 172, 416, 909, 1125, 1326, 1278, 2056, 141, 0, 0, 20, 16, 31, 88, 272, 361, 384, 304, 585, 49, 0, 0
17:56:07, 1138.40, 29.46, 30.78, 29.430, 82, 94, 215, 505, 1057, 1294, 1507, 1471, 3247, 228, 0, 0, 25, 20, 40, 110, 332, 437, 465, 375, 803, 67, 0, 0
17:56:07, 1135.50, 29.46, 30.82, 29.437, 82, 92, 214, 497, 956, 1163, 1347, 1308, 3698, 276, 0, 0, 27, 22, 45, 124, 331, 434, 461, 373, 836, 68, 0, 0
17:56:08, 1131.10, 29.46, 30.78, 29.445, 77, 91, 210, 476, 850, 1003, 1216, 1150, 3247, 248, 0, 0, 27, 23, 45, 124, 337, 440, 470, 379, 851, 70, 0, 0
17:56:09, 1122.10, 29.47, 30.78, 29.445, 84, 90, 202, 460, 866, 1061, 1213, 1210, 1617, 112, 0, 0, 29, 24, 49, 135, 386, 498, 530, 424, 769, 65, 0, 0
17:56:09, 1121.10, 29.47, 30.78, 29.453, 110, 138, 319, 704, 1346, 1618, 1896, 1868, 4139, 289, 0, 0, 30, 26, 54, 147, 396, 508, 539, 440, 946, 78, 0, 0
17:56:10, 1111.30, 29.47, 30.76, 29.461, 103, 124, 290, 619, 1125, 1357, 1533, 1565, 4556, 344, 0, 0, 38, 33, 70, 187, 494, 626, 664, 549, 1254, 103, 0, 0
17:56:11, 1100.40, 29.47, 30.78, 29.461, 117, 153, 362, 720, 1257, 1424, 1719, 1671, 5710, 463, 0, 0, 43, 39, 85, 221, 540, 675, 717, 597, 1435, 116, 0, 0
17:56:11, 1097.30, 29.47, 30.78, 29.477, 139, 199, 431, 864, 1550, 1822, 2130, 2198, 3971, 278, 0, 0, 35, 31, 68, 179, 456, 570, 604, 494, 944, 80, 0, 0
17:56:12, 1094.20, 29.48, 30.78, 29.477, 182, 270, 616, 1197, 2179, 2537, 2969, 3035, 5963, 420, 0, 0, 37, 33, 72, 189, 557, 690, 728, 607, 1215, 102, 0, 0
17:56:13, 1075.90, 29.48, 30.80, 29.492, 181, 265, 581, 1058, 1910, 2243, 2483, 2714, 8197, 666, 0, 0, 58, 58, 132, 319, 742, 894, 944, 812, 1860, 153, 0, 0
17:56:13, 1069.20, 29.48, 30.76, 29.500, 317, 523, 1102, 1747, 2769, 3024, 3542, 3730, 12719, 1176, 0, 0, 61, 64, 147, 345, 761, 907, 961, 829, 2018, 164, 0, 0
17:56:14, 1057.00, 29.49, 30.78, 29.500, 255, 413, 859, 1367, 1989, 2082, 2692, 2606, 10014, 1080, 0, 0, 76, 87, 199, 440, 895, 1048, 1115, 966, 2293, 194, 0, 0
17:56:15, 1058.70, 29.49, 30.80, 29.516, 422, 674, 1285, 1906, 3178, 3415, 4098, 4318, 6005, 509, 0, 0, 64, 69, 160, 369, 777, 913, 972, 832, 1608, 136, 0, 0
17:56:15, 1054.80, 29.49, 30.78, 29.531, 478, 852, 1645, 2632, 3361, 3666, 4461, 4618, 8657, 719, 0, 0, 76, 84, 195, 440, 954, 1109, 1172, 1027, 2144, 182, 0, 0
17:56:16, 1042.10, 29.50, 30.78, 29.531, 673, 1200, 2161, 3129, 4290, 4749, 5420, 5955, 18719, 2095, 0, 0, 105, 132, 296, 604, 1204, 1370, 1450, 1305, 3039, 263, 0, 0
17:56:17, 1043.80, 29.50, 30.80, 29.539, 700, 1157, 1933, 2698, 3720, 4171, 4602, 5219, 18542, 2411, 0, 0, 115, 147, 331, 666, 1160, 1317, 1396, 1262, 3005, 257, 0, 0
17:56:17, 1034.00, 29.49, 30.80, 29.547, 626, 1017, 1796, 2508, 3670, 4126, 4581, 5169, 19987, 2768, 0, 0, 116, 153, 336, 662, 1267, 1426, 1518, 1383, 3512, 301, 0, 0
17:56:18, 1027.00, 29.50, 30.80, 29.547, 1249, 2020, 3128, 3936, 4646, 4778, 5959, 6086, 32557, 7146, 0, 1, 132, 189, 395, 731, 1077, 1197, 1290, 1164, 2820, 251, 0, 0
17:56:19, 1020.40, 29.50, 30.80, 29.547, 2009, 3463, 5194, 6592, 4875, 4918, 6286, 6604, 25385, 5230, 0, 0, 145, 210, 436, 796, 1252, 1380, 1476, 1344, 3134, 290, 0, 0
17:56:19, 1018.10, 29.50, 30.80, 29.547, 1896, 2872, 4094, 4911, 6253, 6802, 7466, 8969, 22045, 4862, 0, 0, 120, 170, 359, 669, 1165, 1283, 1378, 1250, 2587, 237, 0, 0
17:56:20, 1020.60, 29.50, 30.82, 29.547, 1995, 3278, 4625, 5757, 4906, 4909, 6460, 6482, 13103, 2570, 0, 0, 164, 237, 500, 918, 1464, 1606, 1716, 1596, 3749, 345, 0, 0
17:56:21, 1014.60, 29.50, 30.78, 29.547, 2634, 4280, 6089, 7129, 8256, 8763, 10130, 11351, 36000, 12974, 1, 1, 159, 233, 463, 806, 1408, 1526, 1630, 1542, 3921, 415, 0, 0
17:56:21, 1018.60, 29.50, 30.82, 29.539, 3097, 5024, 7132, 7855, 9056, 9209, 10679, 12160, 36000, 19132, 1, 1, 139, 204, 408, 726, 1178, 1305, 1399, 1299, 3450, 322, 0, 0
17:56:22, 1014.20, 29.51, 30.80, 29.539, 2204, 3495, 4846, 5959, 6974, 7632, 9033, 9525, 33978, 9276, 0, 1, 144, 214, 440, 791, 1283, 1394, 1510, 1399, 3498, 328, 0, 0
17:56:23, 1017.80, 29.51, 30.80, 29.523, 2576, 4143, 5596, 6671, 8169, 8731, 10033, 11291, 35431, 10932, 0, 1, 136, 194, 392, 701, 1177, 1297, 1389, 1276, 2753, 254, 0, 0
17:56:23, 1019.30, 29.51, 30.82, 29.508, 2429, 3835, 5323, 6400, 7789, 8092, 9551, 10793, 25822, 6182, 0, 0, 94, 129, 277, 537, 995, 1105, 1186, 1070, 2169, 194, 0, 0
17:56:24, 1018.30, 29.51, 30.80, 29.508, 2988, 4837, 6585, 7983, 8754, 9766, 11191, 11910, 36000, 11583, 1, 1, 134, 192, 397, 729, 1238, 1358, 1456, 1340, 3038, 284, 0, 0
17:56:25, 1017.40, 29.52, 30.80, 29.508, 2347, 3710, 5255, 6478, 7189, 7535, 9134, 9719, 35149, 9119, 0, 1, 150, 219, 449, 807, 1286, 1407, 1504, 1400, 3300, 310, 0, 0
17:56:25, 1014.90, 29.52, 30.78, 29.516, 2434, 3851, 5529, 6582, 7948, 8635, 10047, 10869, 35572, 10551, 0, 1, 121, 171, 356, 657, 1158, 1271, 1365, 1252, 2708, 255, 0, 0
17:56:26, 1015.20, 29.52, 30.82, 29.516, 2958, 4635, 6293, 7677, 8397, 9320, 10693, 11705, 35442, 11493, 0, 1, 123, 176, 363, 659, 1104, 1215, 1306, 1197, 2706, 256, 0, 0
17:56:27, 1015.10, 29.52, 30.74, 29.500, 3233, 4908, 6758, 8274, 9167, 10161, 11345, 12483, 36000, 14586, 1, 1, 144, 211, 425, 753, 1218, 1333, 1427, 1338, 3354, 326, 0, 0
17:56:27, 1014.50, 29.52, 30.80, 29.500, 3182, 4892, 6950, 7937, 9075, 9656, 10824, 12653, 36000, 18275, 1, 1, 269, 412, 716, 1127, 4342, 4396, 5022, 5169, 20347, 5578, 0, 0
17:56:28, 1014.50, 29.52, 30.80, 29.500, 2588, 4257, 5731, 6758, 7707, 7981, 9705, 10525, 36000, 14292, 1, 1, 1926, 2610, 3850, 5011, 11620, 12292, 14824, 14951, 36000, 20351, 1, 1
17:56:29, 1014.50, 29.51, 30.82, 29.437, 1979, 3142, 4379, 4882, 4642, 4522, 5626, 6415, 11366, 4042, 0, 0, 5935, 8880, 12676, 15460, 15899, 16595, 19559, 21184, 36000, 21036, 1, 1
17:56:29, 1014.20, 29.51, 30.82, 29.289, 610, 878, 1232, 1434, 1536, 1440, 2013, 2039, 5223, 2133, 0, 0, 4927, 7475, 10631, 12980, 11967, 12077, 14625, 15143, 36000, 13994, 1, 1
17:56:30, 1014.40, 29.50, 30.80, 29.289, 834, 1100, 1459, 1755, 1814, 2226, 2445, 2791, 9414, 3342, 0, 0, 10036, 15837, 22180, 27349, 33013, 34178, 36000, 36000, 36000, 36000, 1, 1
