Secchi Depth (cm) = 
Forel Ule Scale = 
pH Colour Scale = 
SensingSecchi S/N = A016
Latitude (degs N) = 33.91201
Longitude (degs E) = -78.01583
Date = 2026-06-10
Time (UTC), Pressure (mbar) MS5803, Temp (deg C) MS5803, Temp (deg C) 10KTHERM, Temp (deg C) TMP117, ED 415nm, ED 445nm, ED 480nm, ED 515nm, ED 555nm, ED 590nm, ED 630nm, ED 680nm, ED Clear, ED NIR, ED D-SAT, ED A-SAT, EU 415nm, EU 445nm, EU 480nm, EU 515nm, EU 555nm, EU 590nm, EU 630nm, EU 680nm, EU Clear, EU NIR, EU D-SAT, EU A-SAT
15:16:24, 1015.00, 25.19, 24.15, 27.516, 2337, 3326, 4671, 5364, 5721, 6053, 6823, 7615, 32596, 12541, 0, 1, 4553, 7018, 9104, 11397, 12875, 15272, 18392, 24754, 36000, 35195, 1, 1
15:16:24, 1014.40, 25.20, 24.13, 27.516, 3168, 4051, 5715, 6940, 8261, 10331, 11612, 12110, 36000, 14538, 1, 1, 5253, 9529, 12282, 16457, 15349, 16063, 19690, 21988, 36000, 31144, 1, 1
15:16:25, 1014.50, 25.21, 24.11, 27.539, 2644, 4293, 5855, 6936, 7458, 7809, 9323, 10657, 30091, 11625, 0, 0, 2699, 4561, 6460, 8304, 10528, 10765, 12580, 13153, 36000, 17236, 1, 1
15:16:26, 1015.10, 25.24, 24.13, 27.555, 2289, 3518, 4849, 5689, 5682, 5927, 6874, 7601, 22700, 7713, 0, 0, 1469, 2267, 3481, 4458, 5305, 5330, 5713, 5787, 20093, 5178, 0, 0
15:16:26, 1015.30, 25.25, 24.15, 27.555, 5904, 10735, 15116, 17628, 14425, 14748, 19883, 20827, 36000, 34974, 1, 1, 1068, 1779, 2713, 3694, 3638, 3591, 3718, 3639, 10846, 2282, 0, 0
15:16:27, 1025.10, 25.27, 24.15, 27.055, 1987, 3103, 4257, 4987, 5137, 5371, 6318, 6872, 18135, 5059, 0, 0, 283, 461, 960, 1673, 3267, 3286, 3056, 2583, 6203, 486, 0, 0
15:16:28, 1032.20, 25.30, 24.15, 26.609, 3650, 6121, 9339, 12172, 9189, 9340, 11191, 13335, 32692, 7772, 0, 1, 274, 442, 945, 1668, 3039, 3028, 2798, 2315, 6217, 483, 0, 0
15:16:28, 1020.30, 25.36, 24.15, 26.609, 1029, 1755, 2531, 3149, 3815, 3871, 4781, 4990, 16735, 3874, 0, 0, 354, 583, 1214, 2085, 3187, 3162, 2937, 2447, 6704, 535, 0, 0
15:16:29, 1030.50, 25.42, 24.15, 26.406, 2007, 3247, 4560, 5386, 6130, 6364, 7602, 8276, 21975, 4690, 0, 0, 313, 509, 1067, 1856, 3427, 3489, 3251, 2768, 6951, 552, 0, 0
15:16:30, 1024.70, 25.47, 24.13, 26.336, 1753, 2938, 4199, 5211, 6174, 6615, 7402, 8506, 26155, 4310, 0, 0, 317, 517, 1089, 1898, 3644, 3679, 3430, 2916, 7103, 557, 0, 0
15:16:30, 1028.90, 25.52, 24.11, 26.336, 5021, 6777, 11017, 12081, 17205, 19915, 19838, 24645, 36000, 22379, 1, 1, 362, 597, 1206, 2030, 3112, 3159, 2979, 2545, 7755, 673, 0, 0
15:16:31, 1030.30, 25.56, 24.13, 26.305, 1806, 2974, 4258, 5292, 4800, 5024, 5925, 6423, 13630, 1860, 0, 0, 307, 496, 1075, 1923, 2948, 2961, 2712, 2220, 5452, 418, 0, 0
15:16:32, 1017.30, 25.60, 24.13, 26.297, 1337, 2221, 3239, 3958, 4711, 4938, 5759, 6246, 15471, 2288, 0, 0, 272, 436, 911, 1592, 2654, 2665, 2429, 2000, 5308, 431, 0, 0
15:16:32, 1026.10, 25.63, 24.11, 26.297, 2316, 3554, 4955, 5775, 6072, 6399, 7451, 8209, 24536, 7668, 0, 0, 300, 484, 1007, 1755, 2880, 2910, 2694, 2253, 6116, 500, 0, 0
15:16:33, 1025.30, 25.65, 24.13, 26.289, 1706, 2923, 4205, 5214, 12176, 12512, 15978, 18034, 36000, 14480, 1, 1, 446, 745, 1563, 2678, 3978, 4022, 3780, 3229, 8414, 671, 0, 0
15:16:34, 1028.50, 25.68, 24.17, 26.297, 2498, 3913, 5584, 6593, 6407, 6757, 7998, 8688, 23487, 5459, 0, 0, 375, 616, 1264, 2144, 3291, 3337, 3120, 2646, 7247, 590, 0, 0
15:16:34, 1029.30, 25.71, 24.11, 26.297, 3485, 5155, 8098, 8870, 9135, 9594, 10865, 13546, 36000, 11916, 1, 1, 297, 476, 1007, 1771, 2893, 2926, 2693, 2225, 6069, 479, 0, 0
15:16:35, 1015.20, 25.73, 24.11, 26.289, 2029, 3270, 4687, 5678, 14706, 17537, 18314, 22290, 34665, 20593, 0, 1, 429, 705, 1346, 2196, 3987, 4004, 3912, 3548, 9491, 1102, 0, 0
15:16:36, 1032.10, 25.74, 24.13, 26.297, 1870, 3009, 4175, 4901, 5421, 5675, 6707, 7359, 19254, 4068, 0, 0, 313, 507, 1059, 1847, 2825, 2875, 2681, 2250, 6111, 505, 0, 0
15:16:36, 1020.30, 25.76, 24.11, 26.297, 923, 1453, 2250, 2802, 8516, 7925, 11142, 10748, 35148, 10928, 0, 1, 354, 577, 1234, 2175, 2864, 2890, 2644, 2186, 5677, 451, 0, 0
15:16:37, 1020.60, 25.78, 24.17, 26.289, 3429, 6034, 7568, 10959, 22832, 30083, 26178, 34114, 36000, 36000, 1, 1, 326, 527, 1063, 1795, 2828, 2858, 2641, 2209, 5843, 493, 0, 0
15:16:38, 1022.10, 25.79, 24.15, 26.289, 5000, 8665, 12646, 14693, 14583, 14195, 17580, 20394, 35483, 16386, 0, 1, 399, 660, 1331, 2219, 3626, 3643, 3465, 2966, 7508, 607, 0, 0
15:16:38, 1015.50, 25.81, 24.08, 26.289, 2770, 4557, 6380, 7768, 12075, 13223, 15165, 17028, 36000, 18334, 1, 1, 607, 1008, 1812, 2832, 3491, 3525, 3443, 3130, 9018, 1278, 0, 0
15:16:39, 1026.30, 25.84, 24.13, 26.297, 1384, 2173, 2992, 3545, 7152, 7620, 8837, 9696, 30271, 8746, 0, 0, 374, 609, 1204, 2018, 3362, 3406, 3259, 2791, 7409, 629, 0, 0
15:16:40, 1019.10, 25.87, 24.13, 26.297, 4432, 7466, 11247, 14025, 19938, 21647, 26971, 28505, 36000, 12196, 1, 1, 465, 776, 1596, 2657, 4378, 4410, 4238, 3696, 9292, 764, 0, 0
15:16:40, 1018.70, 25.90, 24.13, 26.297, 8620, 12231, 19607, 22590, 29138, 28524, 33271, 36000, 36000, 36000, 1, 1, 489, 834, 1410, 2163, 2838, 2873, 2675, 2277, 5967, 527, 0, 0
15:16:41, 1027.60, 25.91, 24.13, 26.289, 2141, 3537, 4801, 5715, 8325, 9511, 10312, 12592, 33398, 12687, 0, 1, 283, 451, 945, 1656, 2715, 2748, 2528, 2102, 5266, 419, 0, 0
15:16:42, 1015.90, 25.92, 24.13, 26.289, 1475, 2459, 3543, 4391, 5665, 6014, 6789, 7676, 22129, 3825, 0, 0, 332, 538, 1111, 1920, 3116, 3145, 2936, 2492, 6550, 561, 0, 0
15:16:42, 1019.10, 25.93, 24.11, 26.281, 6547, 11494, 14778, 20732, 13584, 13960, 17260, 17864, 31293, 17292, 0, 0, 515, 856, 1706, 2789, 4751, 4802, 4698, 4179, 11496, 1043, 0, 0
15:16:43, 1017.20, 25.93, 24.11, 26.281, 8464, 14262, 20053, 25196, 25067, 26124, 30255, 30083, 36000, 20849, 1, 1, 590, 995, 1988, 3226, 5086, 5139, 5033, 4498, 12249, 1088, 0, 0
15:16:44, 1018.10, 25.93, 24.11, 26.281, 9890, 15373, 21387, 26453, 29164, 28494, 32628, 32059, 36000, 31252, 1, 1, 623, 1068, 2042, 3214, 4709, 4796, 4712, 4237, 11528, 1076, 0, 0
15:16:44, 1029.00, 25.98, 24.18, 26.281, 8390, 13333, 18918, 20882, 20832, 22086, 26014, 26064, 36000, 20368, 1, 1, 412, 682, 1373, 2299, 3353, 3399, 3251, 2868, 7993, 737, 0, 0
15:16:45, 1019.40, 26.01, 24.11, 26.281, 1699, 2904, 4272, 5186, 5892, 6169, 7314, 7886, 21008, 3019, 0, 0, 480, 811, 1635, 2710, 4198, 4172, 4051, 3566, 10206, 932, 0, 0
15:16:46, 1020.80, 26.04, 24.11, 26.281, 3031, 4901, 6783, 8018, 9060, 9455, 11287, 12391, 36000, 12885, 1, 1, 408, 673, 1359, 2271, 3407, 3456, 3270, 2853, 7166, 608, 0, 0
15:16:46, 1033.70, 26.05, 24.13, 26.273, 2135, 3640, 5175, 6246, 6511, 6780, 8124, 8831, 24196, 4075, 0, 0, 368, 599, 1259, 2177, 3287, 3333, 3132, 2650, 6727, 531, 0, 0
15:16:47, 1020.40, 26.07, 24.15, 26.266, 1513, 2568, 3898, 4965, 6924, 7239, 8579, 9218, 24195, 2939, 0, 0, 416, 682, 1425, 2434, 4050, 4115, 3949, 3444, 9197, 774, 0, 0
15:16:48, 1026.60, 26.08, 24.11, 26.266, 7411, 14127, 16799, 22443, 20711, 23266, 24437, 28042, 35981, 32748, 0, 1, 531, 877, 1742, 2838, 4367, 4446, 4335, 3873, 11763, 1089, 0, 0
15:16:48, 1034.70, 26.08, 24.15, 26.266, 4678, 8085, 12177, 15502, 15333, 16272, 20286, 21356, 36000, 6341, 1, 1, 502, 833, 1766, 3039, 4797, 4894, 4670, 4080, 9768, 768, 0, 0
15:16:49, 1022.40, 26.09, 24.11, 26.273, 1805, 3083, 4584, 5841, 7432, 7856, 9486, 10282, 21576, 3060, 0, 0, 483, 802, 1649, 2775, 4225, 4287, 4112, 3581, 9095, 751, 0, 0
15:16:50, 1032.80, 26.10, 24.15, 26.273, 3213, 5773, 7935, 10641, 9210, 9841, 11646, 13139, 36000, 8070, 1, 1, 381, 620, 1290, 2200, 3530, 3600, 3399, 2916, 7710, 621, 0, 0
15:16:50, 1026.70, 26.11, 24.13, 26.273, 2723, 4964, 7148, 9593, 8893, 9390, 11270, 12094, 32313, 4323, 0, 0, 432, 714, 1518, 2619, 4335, 4378, 4155, 3564, 8386, 645, 0, 0
15:16:51, 1022.50, 26.11, 24.17, 26.281, 2808, 4437, 6462, 8057, 18658, 19954, 21832, 23734, 36000, 17457, 1, 1, 397, 651, 1333, 2255, 3687, 3732, 3530, 3020, 7908, 661, 0, 0
15:16:52, 1035.00, 26.12, 24.11, 26.281, 1924, 2742, 4190, 4636, 3671, 3808, 4169, 4672, 20295, 4173, 0, 0, 488, 800, 1614, 2697, 3304, 3359, 3142, 2649, 7384, 592, 0, 0
15:16:52, 1029.10, 26.13, 24.13, 26.289, 5074, 11486, 16515, 20097, 17237, 17268, 20305, 25450, 34629, 5612, 0, 1, 394, 646, 1380, 2408, 3506, 3539, 3289, 2745, 6789, 524, 0, 0
15:16:53, 1027.90, 26.13, 24.13, 26.297, 1448, 2341, 3392, 4208, 5476, 5789, 6863, 7397, 16794, 2628, 0, 0, 325, 524, 1110, 1958, 3237, 3270, 3019, 2507, 6376, 501, 0, 0
15:16:54, 1025.20, 26.14, 24.13, 26.297, 3275, 3222, 5899, 5765, 8090, 10326, 8288, 10979, 36000, 20629, 1, 1, 352, 577, 1199, 2073, 3675, 3705, 3474, 2925, 7280, 564, 0, 0
15:16:54, 1022.30, 26.15, 24.15, 26.297, 5434, 10015, 15039, 15812, 19493, 20988, 20945, 22896, 36000, 20545, 1, 1, 388, 636, 1312, 2234, 3600, 3643, 3416, 2908, 7628, 633, 0, 0
15:16:55, 1025.40, 26.15, 24.13, 26.305, 3277, 4797, 7415, 8065, 15050, 17432, 17569, 23370, 35991, 14047, 0, 1, 384, 627, 1337, 2344, 3971, 4005, 3729, 3143, 7386, 566, 0, 0
15:16:56, 1019.20, 26.16, 24.17, 26.305, 1853, 3157, 4325, 5468, 20200, 15894, 17372, 25063, 33897, 14016, 0, 1, 443, 736, 1519, 2562, 3850, 3887, 3663, 3139, 8293, 686, 0, 0
15:16:56, 1026.70, 26.17, 24.13, 26.305, 2815, 4533, 6260, 7513, 7869, 8375, 9767, 11029, 35854, 12066, 0, 1, 325, 523, 1077, 1867, 2970, 3015, 2768, 2314, 6182, 507, 0, 0
15:16:57, 1029.30, 26.17, 24.17, 26.312, 3135, 5059, 7421, 9133, 10563, 11993, 12732, 15780, 34221, 6614, 0, 1, 501, 835, 1777, 3055, 4429, 4441, 4189, 3548, 8641, 663, 0, 0
15:16:58, 1026.70, 26.18, 24.15, 26.312, 6045, 10034, 14025, 17698, 14711, 17032, 16370, 19039, 34925, 10959, 0, 1, 343, 563, 1170, 2032, 2947, 2967, 2718, 2262, 5734, 457, 0, 0
15:16:58, 1028.10, 26.18, 24.13, 26.305, 2170, 3572, 4921, 6061, 7172, 7707, 8587, 10106, 33882, 8539, 0, 1, 334, 539, 1118, 1948, 3433, 3491, 3253, 2756, 7630, 616, 0, 0
15:16:59, 1029.20, 26.18, 24.17, 26.305, 1904, 3067, 4445, 5355, 5896, 6223, 7010, 8033, 22429, 3635, 0, 0, 392, 640, 1355, 2363, 4350, 4408, 4110, 3522, 8305, 640, 0, 0
15:17:00, 1033.90, 26.19, 24.13, 26.305, 1918, 3242, 4810, 5913, 6705, 6302, 8089, 8254, 34651, 7230, 0, 1, 332, 536, 1126, 1968, 3087, 3132, 2881, 2379, 6760, 537, 0, 0
15:17:00, 1026.40, 26.20, 24.17, 26.305, 861, 1422, 2144, 2598, 4062, 4179, 4858, 5229, 9769, 1131, 0, 0, 357, 582, 1236, 2175, 3401, 3438, 3153, 2640, 6399, 497, 0, 0
15:17:01, 1034.00, 26.20, 24.15, 26.305, 1882, 3088, 4410, 5328, 5294, 5576, 6256, 7090, 27515, 5524, 0, 0, 338, 537, 1115, 1948, 3131, 3201, 2949, 2450, 7028, 563, 0, 0
15:17:02, 1030.30, 26.20, 24.15, 26.305, 1654, 2856, 4206, 5254, 5629, 5840, 6956, 7372, 19867, 2398, 0, 0, 389, 642, 1369, 2378, 4515, 4531, 4297, 3690, 8584, 647, 0, 0
15:17:02, 1028.70, 26.20, 24.15, 26.305, 1458, 2316, 3392, 4098, 5767, 6047, 6954, 7730, 16664, 2280, 0, 0, 401, 660, 1385, 2385, 3702, 3749, 3500, 2963, 7748, 617, 0, 0
15:17:03, 1031.80, 26.21, 24.17, 26.305, 1464, 2257, 3350, 3922, 3721, 3788, 4297, 4736, 22010, 4926, 0, 0, 420, 690, 1393, 2345, 3211, 3248, 3020, 2517, 7013, 557, 0, 0
15:17:04, 1025.00, 26.21, 24.15, 26.297, 881, 1422, 2222, 2785, 3772, 4019, 4543, 4894, 9328, 995, 0, 0, 476, 794, 1658, 2802, 4188, 4205, 3969, 3398, 8346, 646, 0, 0
15:17:04, 1033.40, 26.21, 24.15, 26.289, 1671, 2809, 3950, 5028, 6431, 6540, 8023, 8600, 23270, 4079, 0, 0, 342, 557, 1181, 2068, 3379, 3427, 3189, 2671, 7196, 570, 0, 0
15:17:05, 1029.10, 26.21, 24.17, 26.289, 1744, 2876, 4301, 5213, 6332, 6716, 7690, 8486, 24522, 3219, 0, 0, 511, 854, 1799, 3058, 5123, 5174, 4894, 4250, 9777, 742, 0, 0
15:17:06, 1029.00, 26.22, 24.17, 26.289, 1540, 2479, 3653, 4322, 5631, 5943, 6774, 7525, 15676, 2141, 0, 0, 408, 672, 1401, 2411, 3531, 3587, 3321, 2811, 6921, 545, 0, 0
15:17:06, 1033.00, 26.22, 24.17, 26.297, 1499, 2431, 3586, 4303, 4963, 5069, 5822, 6400, 26589, 5017, 0, 0, 346, 562, 1181, 2046, 3424, 3457, 3212, 2679, 6850, 528, 0, 0
15:17:07, 1030.70, 26.23, 24.17, 26.297, 1079, 1752, 2691, 3349, 4207, 4456, 5124, 5473, 12142, 1308, 0, 0, 375, 615, 1317, 2296, 3556, 3579, 3321, 2777, 6814, 521, 0, 0
15:17:08, 1036.80, 26.23, 24.18, 26.297, 1353, 2253, 3302, 4154, 5100, 5366, 6199, 6765, 17371, 2097, 0, 0, 290, 463, 1000, 1794, 3033, 3077, 2813, 2310, 5934, 459, 0, 0
15:17:08, 1035.60, 26.23, 24.15, 26.289, 1199, 1979, 3043, 3730, 4357, 4419, 5214, 5596, 10610, 1080, 0, 0, 352, 565, 1229, 2198, 3304, 3360, 3067, 2541, 6422, 501, 0, 0
15:17:09, 1036.50, 26.23, 24.18, 26.289, 1656, 2824, 4302, 5345, 5987, 5747, 7289, 7565, 33861, 7198, 0, 1, 345, 556, 1172, 2062, 3230, 3281, 3050, 2536, 7548, 609, 0, 0
15:17:10, 1033.40, 26.23, 24.17, 26.289, 1011, 1714, 2648, 3276, 3987, 4072, 4797, 5100, 9471, 977, 0, 0, 393, 640, 1364, 2397, 4073, 4148, 3858, 3287, 7844, 609, 0, 0
15:17:10, 1036.70, 26.24, 24.17, 26.289, 1517, 2496, 3755, 4639, 5456, 5692, 6502, 7244, 24956, 3749, 0, 0, 292, 466, 991, 1753, 3009, 3055, 2819, 2326, 6438, 506, 0, 0
15:17:11, 1029.10, 26.24, 24.18, 26.289, 908, 1517, 2435, 3077, 3892, 4050, 4585, 5023, 9355, 877, 0, 0, 333, 537, 1155, 2047, 3394, 3429, 3163, 2639, 6321, 485, 0, 0
15:17:12, 1037.40, 26.24, 24.17, 26.281, 1336, 2148, 3141, 3843, 4688, 4948, 5824, 6160, 14479, 1865, 0, 0, 319, 517, 1100, 1938, 2879, 2915, 2670, 2200, 5652, 441, 0, 0
15:17:12, 1033.80, 26.24, 24.18, 26.281, 1432, 2340, 3573, 4310, 5652, 5830, 6726, 7430, 27051, 4122, 0, 0, 295, 472, 1022, 1825, 3903, 3939, 3682, 3127, 7264, 550, 0, 0
15:17:13, 1032.20, 26.25, 24.17, 26.281, 885, 1453, 2249, 2758, 3207, 3367, 3699, 4125, 8251, 905, 0, 0, 367, 595, 1256, 2200, 3437, 3497, 3213, 2700, 6429, 497, 0, 0
15:17:14, 1035.80, 26.25, 24.17, 26.281, 1203, 1976, 2939, 3625, 4267, 4464, 5192, 5604, 12564, 1411, 0, 0, 274, 435, 939, 1692, 2695, 2732, 2482, 2026, 5362, 418, 0, 0
15:17:14, 1033.90, 26.25, 24.17, 26.289, 1581, 2690, 3945, 4964, 5728, 5941, 7090, 7506, 24431, 3576, 0, 0, 266, 422, 914, 1651, 2916, 2941, 2677, 2182, 5460, 420, 0, 0
15:17:15, 1038.50, 26.26, 24.17, 26.289, 962, 1605, 2434, 3102, 4058, 4247, 4899, 5189, 11820, 1139, 0, 0, 263, 413, 908, 1659, 3122, 3165, 2877, 2374, 5669, 433, 0, 0
15:17:16, 1032.20, 26.26, 24.20, 26.273, 922, 1539, 2388, 2919, 4111, 4204, 4827, 5263, 10739, 1069, 0, 0, 379, 616, 1316, 2314, 3929, 4001, 3709, 3154, 7502, 578, 0, 0
15:17:16, 1038.90, 26.27, 24.17, 26.289, 1094, 1745, 2678, 3304, 5254, 5477, 6401, 6942, 15552, 1647, 0, 0, 305, 487, 1056, 1891, 2971, 3015, 2764, 2266, 5990, 461, 0, 0
15:17:17, 1031.90, 26.27, 24.17, 26.289, 1059, 1789, 2728, 3431, 3286, 3457, 3872, 4214, 7706, 736, 0, 0, 364, 590, 1275, 2250, 3593, 3623, 3341, 2794, 6538, 495, 0, 0
15:17:18, 1025.40, 26.27, 24.15, 26.289, 1216, 2011, 2933, 3636, 4814, 5115, 5844, 6354, 15232, 1893, 0, 0, 376, 619, 1303, 2246, 3760, 3783, 3541, 3002, 7147, 548, 0, 0
15:17:18, 1028.60, 26.27, 24.18, 26.305, 1091, 1734, 2511, 3176, 4901, 5058, 6073, 6494, 15283, 2047, 0, 0, 333, 541, 1147, 2008, 3347, 3380, 3127, 2621, 6328, 488, 0, 0
15:17:19, 1029.80, 26.28, 24.18, 26.305, 1088, 1746, 2620, 3129, 3809, 3899, 4494, 4917, 7990, 880, 0, 0, 356, 580, 1232, 2158, 3278, 3326, 3064, 2563, 6279, 486, 0, 0
15:17:20, 1023.50, 26.28, 24.17, 26.297, 1311, 2203, 3279, 3945, 4438, 4653, 5184, 5892, 13012, 1630, 0, 0, 360, 588, 1239, 2158, 3640, 3679, 3421, 2893, 6786, 522, 0, 0
15:17:20, 1031.40, 26.28, 24.17, 26.297, 1304, 2093, 2994, 3782, 4930, 5179, 6316, 6559, 17224, 2620, 0, 0, 329, 534, 1134, 1979, 3242, 3276, 3043, 2547, 6301, 487, 0, 0
15:17:21, 1025.50, 26.28, 24.17, 26.297, 1182, 1935, 2888, 3637, 3257, 3471, 3813, 4232, 8372, 920, 0, 0, 408, 671, 1413, 2426, 3613, 3661, 3403, 2892, 6791, 523, 0, 0
15:17:22, 1022.00, 26.28, 24.18, 26.281, 1323, 2116, 3056, 3702, 3458, 3737, 4217, 4601, 8296, 1180, 0, 0, 377, 616, 1282, 2192, 3683, 3700, 3484, 2977, 7083, 553, 0, 0
15:17:22, 1027.90, 26.29, 24.17, 26.281, 1474, 2449, 3448, 4411, 5781, 5935, 7310, 7700, 20431, 3415, 0, 0, 317, 512, 1080, 1891, 2870, 2914, 2669, 2206, 5809, 459, 0, 0
15:17:23, 1034.20, 26.29, 24.22, 26.281, 1893, 3092, 4405, 5259, 5899, 6176, 7125, 7889, 22827, 3613, 0, 0, 289, 460, 987, 1770, 2998, 3049, 2794, 2297, 6051, 474, 0, 0
15:17:24, 1037.20, 26.29, 24.18, 26.281, 1563, 2604, 3895, 4725, 5464, 5734, 6459, 7286, 21325, 2782, 0, 0, 289, 458, 990, 1785, 3378, 3447, 3170, 2665, 6333, 487, 0, 0
15:17:24, 1037.70, 26.29, 24.18, 26.297, 1035, 1671, 2591, 3191, 4544, 4828, 5474, 5942, 12736, 1267, 0, 0, 286, 453, 982, 1774, 2902, 2951, 2702, 2209, 6217, 491, 0, 0
15:17:25, 1038.10, 26.30, 24.18, 26.297, 1345, 2283, 3410, 4260, 3360, 3568, 4003, 4315, 7862, 758, 0, 0, 397, 647, 1387, 2426, 3429, 3490, 3219, 2704, 6298, 479, 0, 0
15:17:26, 1031.90, 26.30, 24.18, 26.281, 834, 1329, 2045, 2606, 2793, 3040, 3306, 3597, 6405, 657, 0, 0, 370, 596, 1272, 2215, 3789, 3854, 3593, 3082, 7200, 551, 0, 0
15:17:26, 1037.20, 26.30, 24.20, 26.281, 1518, 2576, 3835, 4794, 6553, 6816, 8046, 8796, 20348, 2323, 0, 0, 392, 642, 1375, 2408, 4084, 4158, 3885, 3316, 7914, 601, 0, 0
15:17:27, 1039.30, 26.30, 24.22, 26.281, 871, 1314, 2077, 2575, 3712, 4031, 4550, 4934, 8695, 820, 0, 0, 360, 582, 1251, 2206, 3532, 3595, 3323, 2808, 6632, 504, 0, 0
15:17:28, 1036.80, 26.30, 24.15, 26.289, 1588, 2774, 4222, 5352, 5588, 5806, 6938, 7451, 17838, 2079, 0, 0, 360, 583, 1261, 2213, 4000, 4033, 3785, 3221, 7626, 577, 0, 0
15:17:28, 1033.40, 26.31, 24.24, 26.305, 971, 1569, 2358, 3101, 3496, 3774, 4407, 4549, 9675, 1018, 0, 0, 373, 609, 1290, 2235, 3317, 3348, 3092, 2590, 6367, 489, 0, 0
15:17:29, 1044.10, 26.32, 24.17, 26.305, 1787, 3111, 4587, 5740, 7444, 7880, 8618, 10330, 35053, 6340, 0, 1, 302, 472, 1017, 1831, 2943, 2999, 2731, 2232, 6216, 483, 0, 0
15:17:30, 1045.00, 26.32, 24.22, 26.305, 1980, 4098, 6190, 8668, 15718, 15532, 20160, 24999, 36000, 10028, 1, 1, 353, 567, 1244, 2229, 4324, 4382, 4094, 3463, 8145, 620, 0, 0
15:17:30, 1043.00, 26.32, 24.18, 26.305, 2026, 2460, 3992, 5906, 6779, 10373, 11970, 13195, 16944, 1445, 0, 0, 397, 643, 1382, 2439, 3842, 3894, 3634, 3065, 7604, 596, 0, 0
15:17:31, 1051.30, 26.33, 24.18, 26.305, 3480, 6632, 9479, 13634, 7784, 7716, 7692, 9862, 35955, 9428, 0, 1, 353, 573, 1186, 2025, 3274, 3352, 3165, 2760, 7466, 599, 0, 0
15:17:32, 1053.20, 26.32, 24.18, 26.289, 3528, 6985, 10433, 14726, 13912, 14580, 18688, 20874, 36000, 8902, 1, 1, 345, 542, 1213, 2214, 4059, 4108, 3821, 3157, 7722, 595, 0, 0
15:17:32, 1049.00, 26.33, 24.17, 26.289, 1088, 1399, 2362, 3520, 4589, 7398, 6385, 6802, 11705, 1112, 0, 0, 403, 640, 1409, 2547, 4283, 4351, 4044, 3371, 8089, 629, 0, 0
15:17:33, 1057.70, 26.33, 24.18, 26.289, 2845, 4626, 7103, 10474, 13110, 14298, 15877, 20410, 35961, 5679, 0, 1, 332, 524, 1166, 2102, 3527, 3594, 3375, 2833, 7720, 595, 0, 0
15:17:34, 1057.80, 26.33, 24.22, 26.281, 2704, 4935, 8323, 11210, 13645, 14628, 16917, 21347, 36000, 4208, 1, 1, 415, 657, 1475, 2688, 4811, 4890, 4583, 3841, 8942, 689, 0, 0
15:17:34, 1061.20, 26.32, 24.20, 26.281, 1550, 2244, 3917, 5670, 10930, 9974, 12197, 15340, 23350, 1600, 0, 0, 370, 575, 1300, 2410, 4306, 4391, 4075, 3379, 8005, 618, 0, 0
15:17:35, 1068.40, 26.33, 24.24, 26.266, 2586, 5332, 9113, 11028, 14132, 15971, 16621, 22496, 36000, 5195, 1, 1, 315, 487, 1112, 2065, 3389, 3460, 3210, 2648, 7163, 548, 0, 0
15:17:36, 1072.30, 26.33, 24.24, 26.266, 2345, 4537, 7526, 10824, 13044, 16121, 15674, 20017, 36000, 4433, 1, 1, 286, 433, 1006, 1903, 3336, 3406, 3122, 2531, 6640, 511, 0, 0
15:17:36, 1072.50, 26.33, 24.22, 26.266, 1437, 2506, 4265, 6184, 6136, 7705, 7738, 9121, 11473, 833, 0, 0, 339, 513, 1194, 2273, 3788, 3878, 3555, 2898, 7093, 548, 0, 0
15:17:37, 1080.30, 26.33, 24.22, 26.258, 1552, 2861, 4988, 6972, 10207, 11086, 12708, 15234, 35805, 3498, 0, 1, 278, 421, 976, 1839, 3241, 3323, 3081, 2534, 7044, 538, 0, 0
15:17:38, 1079.60, 26.33, 24.25, 26.258, 1946, 3561, 6650, 9577, 7084, 7895, 8783, 9694, 17293, 1165, 0, 0, 392, 597, 1397, 2648, 4296, 4397, 4066, 3324, 7796, 597, 0, 0
15:17:38, 1082.50, 26.33, 24.25, 26.258, 1075, 1399, 2632, 4262, 5457, 7039, 7916, 7983, 15690, 993, 0, 0, 315, 471, 1106, 2127, 3409, 3488, 3199, 2585, 6634, 509, 0, 0
15:17:39, 1084.50, 26.33, 24.24, 26.250, 1667, 3124, 5661, 8311, 10732, 12284, 12522, 15048, 36000, 3057, 1, 1, 272, 403, 954, 1844, 3256, 3338, 3061, 2479, 6601, 505, 0, 0
15:17:40, 1087.60, 26.33, 24.24, 26.250, 1638, 3027, 5569, 8013, 8982, 10288, 10896, 12531, 36000, 2908, 1, 1, 266, 393, 934, 1811, 3245, 3334, 3052, 2471, 6588, 507, 0, 0
15:17:40, 1083.90, 26.32, 24.22, 26.250, 1445, 2925, 5320, 7880, 12494, 12151, 15057, 16595, 22375, 1460, 0, 0, 311, 465, 1096, 2118, 3671, 3780, 3467, 2832, 7205, 559, 0, 0
15:17:41, 1081.00, 26.33, 24.24, 26.250, 1278, 2473, 4419, 6355, 9961, 10021, 11764, 13573, 22227, 1480, 0, 0, 321, 482, 1136, 2180, 3707, 3798, 3505, 2860, 7347, 562, 0, 0
15:17:42, 1081.10, 26.33, 24.27, 26.250, 1811, 3341, 6100, 8750, 10718, 12475, 12964, 15863, 36000, 3882, 1, 1, 317, 477, 1123, 2131, 3833, 3912, 3638, 2988, 8121, 619, 0, 0
15:17:42, 1078.70, 26.32, 24.20, 26.250, 1029, 1994, 3471, 5508, 5008, 5821, 7003, 6249, 17703, 1248, 0, 0, 398, 610, 1420, 2660, 4549, 4646, 4338, 3589, 8765, 673, 0, 0
15:17:43, 1079.00, 26.32, 24.25, 26.242, 1534, 2835, 4883, 7040, 10621, 10864, 12493, 14715, 24249, 1471, 0, 0, 386, 593, 1381, 2602, 4241, 4328, 4031, 3323, 8534, 654, 0, 0
15:17:44, 1081.30, 26.33, 24.24, 26.258, 1557, 3081, 5410, 7945, 13254, 15721, 16192, 20182, 36000, 5008, 1, 1, 344, 524, 1228, 2312, 4051, 4128, 3856, 3183, 8718, 664, 0, 0
15:17:44, 1081.60, 26.33, 24.24, 26.258, 1078, 1951, 3234, 6120, 5640, 7247, 8301, 7462, 18973, 1240, 0, 0, 389, 594, 1393, 2625, 4469, 4561, 4225, 3476, 8552, 655, 0, 0
15:17:45, 1083.10, 26.34, 24.24, 26.266, 1137, 2001, 3434, 5103, 7494, 7700, 8997, 9809, 14856, 972, 0, 0, 362, 551, 1300, 2473, 4090, 4166, 3861, 3158, 8337, 636, 0, 0
15:17:46, 1084.20, 26.34, 24.24, 26.273, 1781, 3436, 6144, 9107, 10592, 12438, 12904, 15826, 36000, 4219, 1, 1, 330, 499, 1177, 2237, 3912, 3988, 3708, 3047, 8485, 646, 0, 0
15:17:46, 1086.90, 26.34, 24.24, 26.273, 1267, 2506, 4422, 6997, 11798, 12568, 14939, 17548, 36000, 3362, 1, 1, 337, 508, 1201, 2297, 4001, 4086, 3767, 3073, 7932, 610, 0, 0
15:17:47, 1088.50, 26.35, 24.24, 26.281, 1493, 2673, 4549, 6851, 8467, 9040, 10220, 11609, 16838, 1055, 0, 0, 353, 527, 1260, 2438, 4144, 4233, 3897, 3175, 8122, 623, 0, 0
15:17:48, 1087.40, 26.35, 24.27, 26.281, 1018, 1985, 3634, 5757, 6734, 6928, 9121, 7792, 27046, 2352, 0, 0, 402, 614, 1445, 2734, 4589, 4660, 4362, 3589, 9980, 770, 0, 0
15:17:48, 1097.10, 26.35, 24.24, 26.281, 744, 1502, 2570, 4779, 5216, 5658, 7459, 6002, 21322, 1665, 0, 0, 351, 520, 1245, 2414, 4053, 4141, 3797, 3065, 7820, 601, 0, 0
15:17:49, 1103.40, 26.35, 24.24, 26.281, 1278, 2450, 4841, 7360, 10543, 11284, 13131, 13341, 23844, 1600, 0, 0, 279, 399, 978, 1960, 3446, 3541, 3213, 2567, 6875, 528, 0, 0
15:17:50, 1099.20, 26.36, 24.25, 26.289, 854, 1532, 2906, 4843, 5591, 5860, 7097, 6549, 20371, 1647, 0, 0, 320, 467, 1128, 2212, 3910, 3991, 3691, 2991, 8490, 655, 0, 0
15:17:50, 1106.00, 26.36, 24.24, 26.289, 854, 1615, 3152, 4762, 7522, 8140, 9495, 10132, 32951, 2762, 0, 1, 296, 427, 1040, 2060, 3593, 3674, 3365, 2690, 7429, 571, 0, 0
15:17:51, 1102.70, 26.36, 24.25, 26.258, 993, 1890, 3681, 5653, 7971, 8570, 9890, 11211, 23784, 1733, 0, 0, 296, 423, 1039, 2077, 3790, 3884, 3549, 2848, 7423, 571, 0, 0
15:17:52, 1103.90, 26.36, 24.25, 26.258, 1105, 2051, 4019, 5944, 9294, 9969, 11321, 12719, 27227, 1895, 0, 0, 297, 430, 1048, 2069, 3581, 3663, 3344, 2673, 7255, 556, 0, 0
15:17:52, 1105.20, 26.36, 24.31, 26.258, 1349, 2553, 4923, 7627, 10320, 11766, 12436, 13153, 35969, 2746, 0, 1, 268, 382, 938, 1879, 3496, 3588, 3266, 2611, 7090, 543, 0, 0
15:17:53, 1098.40, 26.36, 24.27, 26.258, 1487, 2868, 5731, 8796, 10861, 11586, 12904, 13450, 29357, 2011, 0, 0, 302, 437, 1066, 2115, 3861, 3948, 3623, 2922, 7769, 599, 0, 0
15:17:54, 1102.00, 26.36, 24.29, 26.266, 822, 1638, 3111, 4899, 7071, 6962, 8844, 8579, 33537, 3009, 0, 1, 302, 441, 1062, 2082, 3617, 3709, 3416, 2770, 7744, 592, 0, 0
15:17:54, 1106.60, 26.36, 24.25, 26.266, 1074, 2031, 3953, 5835, 9609, 10129, 11368, 12017, 27369, 1935, 0, 0, 279, 396, 971, 1956, 3502, 3604, 3268, 2607, 6953, 536, 0, 0
15:17:55, 1107.70, 26.36, 24.25, 26.258, 1219, 2257, 4586, 7082, 10991, 12083, 13285, 13712, 33627, 2287, 0, 1, 273, 386, 951, 1923, 3499, 3604, 3277, 2620, 6967, 538, 0, 0
15:17:56, 1109.40, 26.36, 24.27, 26.258, 924, 1599, 3080, 4926, 6767, 7373, 8621, 8684, 21537, 1529, 0, 0, 275, 392, 957, 1918, 3376, 3468, 3155, 2515, 6858, 528, 0, 0
15:17:56, 1109.30, 26.36, 24.27, 26.258, 1193, 2174, 4495, 6767, 9527, 10365, 11394, 11536, 29144, 1973, 0, 0, 268, 374, 929, 1896, 3601, 3706, 3361, 2671, 6991, 539, 0, 0
15:17:57, 1104.30, 26.36, 24.27, 26.258, 1118, 2182, 4398, 6660, 9830, 10402, 11517, 12848, 27715, 2005, 0, 0, 297, 424, 1041, 2079, 3703, 3796, 3465, 2778, 7416, 571, 0, 0
15:17:58, 1107.10, 26.36, 24.31, 26.258, 1364, 2563, 4962, 7590, 11961, 13748, 14017, 16132, 36000, 3187, 1, 1, 275, 394, 962, 1914, 3437, 3528, 3225, 2592, 7354, 562, 0, 0
15:17:58, 1100.10, 26.37, 24.25, 26.250, 1427, 2658, 5144, 7680, 9660, 10575, 11247, 12775, 32456, 2432, 0, 1, 300, 430, 1056, 2108, 3906, 3998, 3648, 2927, 7732, 594, 0, 0
15:17:59, 1099.90, 26.37, 24.27, 26.250, 1256, 2448, 4789, 6896, 11436, 12032, 13302, 16076, 32591, 2471, 0, 1, 314, 457, 1111, 2193, 3752, 3840, 3506, 2817, 7685, 589, 0, 0
15:18:00, 1103.80, 26.37, 24.29, 26.250, 1544, 2964, 5620, 8725, 11091, 12550, 13623, 13690, 36000, 2707, 1, 1, 274, 391, 956, 1909, 3447, 3536, 3212, 2570, 7196, 551, 0, 0
15:18:00, 1096.30, 26.37, 24.29, 26.250, 1344, 2603, 5153, 7726, 8973, 9896, 11312, 12092, 27586, 1921, 0, 0, 333, 486, 1179, 2320, 4118, 4206, 3861, 3120, 8190, 632, 0, 0
15:18:01, 1096.00, 26.37, 24.27, 26.250, 1001, 1702, 3110, 5049, 8772, 9809, 11644, 12887, 28880, 1781, 0, 0, 341, 503, 1211, 2368, 4072, 4162, 3820, 3087, 8160, 629, 0, 0
15:18:02, 1099.70, 26.37, 24.27, 26.250, 1849, 3363, 6735, 10209, 11774, 13635, 14064, 15717, 36000, 3056, 1, 1, 309, 448, 1090, 2151, 3805, 3902, 3593, 2913, 8201, 629, 0, 0
15:18:02, 1098.00, 26.37, 24.27, 26.250, 1220, 2347, 4383, 6601, 9064, 9913, 11711, 12781, 34208, 3152, 0, 1, 321, 466, 1129, 2222, 4169, 4264, 3925, 3168, 8276, 640, 0, 0
15:18:03, 1098.50, 26.37, 24.31, 26.242, 1000, 1681, 3146, 4981, 7758, 7936, 9299, 9912, 14422, 944, 0, 0, 350, 512, 1240, 2442, 4181, 4289, 3922, 3168, 7992, 616, 0, 0
15:18:04, 1100.70, 26.37, 24.31, 26.242, 999, 1910, 3727, 5605, 7114, 7660, 8803, 9238, 26371, 2127, 0, 0, 318, 460, 1116, 2206, 4031, 4122, 3807, 3080, 8703, 671, 0, 0
15:18:05, 1099.20, 26.38, 24.29, 26.250, 986, 1921, 3592, 5580, 7897, 8611, 10246, 11035, 34246, 3008, 0, 1, 330, 480, 1163, 2287, 3990, 4086, 3759, 3037, 8129, 625, 0, 0
15:18:05, 1101.40, 26.38, 24.31, 26.250, 1461, 2834, 5596, 8521, 10882, 11625, 13526, 13907, 25426, 1725, 0, 0, 303, 435, 1059, 2114, 3635, 3741, 3403, 2733, 7349, 568, 0, 0
15:18:06, 1100.40, 26.38, 24.31, 26.250, 1338, 2560, 4944, 7501, 10279, 11736, 12373, 13535, 36000, 2814, 1, 1, 287, 411, 1001, 1994, 3704, 3803, 3493, 2820, 7916, 609, 0, 0
15:18:07, 1095.00, 26.38, 24.31, 26.250, 771, 1508, 2899, 4725, 5627, 5411, 7741, 5974, 24822, 2197, 0, 0, 361, 533, 1280, 2487, 4367, 4456, 4127, 3350, 8952, 691, 0, 0
15:18:07, 1097.60, 26.38, 24.31, 26.258, 861, 1353, 2432, 4451, 5886, 7098, 8060, 7655, 18284, 1182, 0, 0, 348, 510, 1229, 2404, 4158, 4259, 3916, 3172, 8212, 633, 0, 0
15:18:08, 1099.30, 26.39, 24.32, 26.258, 1362, 2610, 5127, 7580, 11488, 12908, 13303, 15485, 36000, 2883, 1, 1, 310, 446, 1086, 2157, 3901, 4002, 3679, 2971, 8020, 617, 0, 0
15:18:09, 1096.90, 26.39, 24.31, 26.242, 910, 1835, 3326, 5590, 6809, 7152, 9202, 8012, 27784, 2369, 0, 0, 344, 503, 1213, 2369, 4059, 4151, 3835, 3105, 8468, 652, 0, 0
15:18:09, 1101.80, 26.39, 24.31, 26.258, 1205, 2370, 4541, 6582, 10553, 11237, 12710, 13472, 27875, 1974, 0, 0, 301, 434, 1055, 2100, 3622, 3721, 3387, 2719, 7358, 563, 0, 0
15:18:10, 1099.90, 26.39, 24.34, 26.258, 1469, 2712, 5446, 8179, 10214, 10600, 11898, 13293, 27821, 1961, 0, 0, 304, 434, 1063, 2127, 3842, 3935, 3599, 2884, 7683, 593, 0, 0
15:18:11, 1099.50, 26.40, 24.32, 26.250, 713, 1380, 2516, 4404, 6181, 6468, 7930, 7343, 23754, 2039, 0, 0, 324, 471, 1142, 2247, 4131, 4221, 3894, 3149, 8488, 655, 0, 0
15:18:11, 1104.90, 26.40, 24.32, 26.266, 1151, 2153, 4116, 6281, 10037, 10071, 11699, 13256, 24047, 1511, 0, 0, 309, 442, 1080, 2161, 3833, 3937, 3581, 2862, 7374, 569, 0, 0
15:18:12, 1104.80, 26.40, 24.32, 26.266, 1468, 2897, 5775, 8716, 11348, 12101, 13448, 15140, 31647, 2316, 0, 0, 296, 421, 1033, 2073, 3710, 3802, 3474, 2773, 7631, 587, 0, 0
15:18:13, 1108.60, 26.40, 24.32, 26.258, 1243, 2377, 4519, 7144, 9539, 11146, 11688, 13230, 36000, 2965, 1, 1, 284, 403, 990, 1986, 3552, 3646, 3332, 2662, 7433, 571, 0, 0
15:18:13, 1111.50, 26.40, 24.32, 26.250, 1682, 3100, 6367, 9937, 9828, 10788, 12122, 12201, 33107, 2190, 0, 1, 259, 361, 892, 1817, 3382, 3482, 3154, 2507, 6687, 517, 0, 0
15:18:14, 1107.00, 26.40, 24.31, 26.250, 940, 1661, 3223, 5137, 7606, 7967, 9139, 9868, 19523, 1253, 0, 0, 292, 412, 1011, 2039, 3681, 3791, 3454, 2763, 7154, 553, 0, 0
15:18:15, 1110.10, 26.40, 24.32, 26.242, 1222, 2321, 4671, 6907, 11478, 12875, 13546, 14673, 36000, 2689, 1, 1, 274, 386, 950, 1912, 3451, 3568, 3264, 2625, 7350, 563, 0, 0
15:18:15, 1113.80, 26.40, 24.31, 26.242, 1217, 2310, 4621, 7183, 9180, 10563, 10950, 12239, 36000, 2679, 1, 1, 266, 372, 912, 1839, 3323, 3441, 3147, 2534, 7329, 566, 0, 0
15:18:16, 1104.30, 26.40, 24.32, 26.242, 973, 1845, 3691, 5591, 8788, 9411, 10949, 12096, 27260, 2060, 0, 0, 302, 429, 1051, 2102, 3949, 4056, 3732, 3003, 7814, 605, 0, 0
15:18:17, 1106.90, 26.39, 24.32, 26.234, 985, 1683, 3228, 5137, 7070, 7638, 8569, 9204, 17189, 1079, 0, 0, 304, 432, 1057, 2118, 3633, 3744, 3417, 2736, 7195, 556, 0, 0
15:18:17, 1108.50, 26.40, 24.31, 26.242, 987, 1856, 3731, 5714, 8569, 9417, 10116, 11094, 28295, 2072, 0, 0, 274, 383, 944, 1916, 3545, 3653, 3345, 2676, 7307, 564, 0, 0
15:18:18, 1107.90, 26.40, 24.32, 26.242, 1050, 2034, 3935, 6246, 7015, 7425, 8826, 9080, 30777, 2584, 0, 0, 289, 408, 998, 2004, 3660, 3767, 3465, 2780, 7755, 601, 0, 0
15:18:19, 1112.00, 26.40, 24.36, 26.227, 952, 1842, 3605, 5479, 7903, 8364, 9295, 10114, 21700, 1571, 0, 0, 271, 377, 931, 1898, 3343, 3458, 3135, 2496, 6720, 519, 0, 0
15:18:19, 1112.40, 26.40, 24.32, 26.234, 1427, 2564, 5376, 8355, 11616, 12460, 13982, 14581, 30975, 2118, 0, 0, 263, 366, 906, 1844, 3300, 3412, 3104, 2476, 6784, 524, 0, 0
15:18:20, 1113.50, 26.40, 24.31, 26.234, 972, 1797, 3539, 5442, 7143, 7991, 8589, 9307, 28227, 2064, 0, 0, 256, 356, 879, 1789, 3278, 3383, 3079, 2453, 6797, 525, 0, 0
15:18:21, 1113.90, 26.40, 24.34, 26.227, 1030, 1828, 3710, 5676, 7817, 7992, 10066, 9869, 35906, 3204, 0, 1, 270, 378, 931, 1885, 3299, 3404, 3097, 2462, 6896, 533, 0, 0
15:18:21, 1117.00, 26.40, 24.32, 26.234, 1010, 1850, 3713, 5891, 8619, 9598, 10203, 10702, 28748, 1962, 0, 0, 252, 347, 862, 1770, 3261, 3377, 3061, 2435, 6689, 517, 0, 0
15:18:22, 1114.50, 26.40, 24.32, 26.234, 1008, 1894, 3853, 6064, 9326, 9472, 11073, 11602, 20248, 1301, 0, 0, 261, 362, 894, 1831, 3359, 3481, 3151, 2512, 6682, 519, 0, 0
15:18:23, 1116.20, 26.40, 24.39, 26.234, 1151, 2216, 4464, 7097, 9911, 10519, 11789, 12600, 22888, 1517, 0, 0, 259, 357, 885, 1813, 3287, 3395, 3080, 2441, 6663, 515, 0, 0
15:18:23, 1118.60, 26.40, 24.32, 26.234, 1218, 2221, 4484, 7149, 8319, 9584, 10032, 11123, 32958, 2355, 0, 1, 255, 351, 874, 1790, 3216, 3321, 3011, 2384, 6737, 520, 0, 0
15:18:24, 1119.60, 26.40, 24.32, 26.234, 1117, 2064, 4201, 6504, 8515, 9271, 10321, 11378, 27417, 2069, 0, 0, 253, 347, 864, 1779, 3239, 3349, 3022, 2386, 6318, 490, 0, 0
15:18:25, 1122.10, 26.40, 24.36, 26.227, 963, 1824, 3748, 6002, 8878, 9447, 11031, 10706, 19645, 1303, 0, 0, 244, 331, 826, 1722, 3172, 3292, 2960, 2331, 6181, 480, 0, 0
15:18:25, 1120.20, 26.40, 24.36, 26.227, 874, 1618, 3384, 5498, 8277, 8886, 9891, 10288, 22360, 1561, 0, 0, 246, 334, 837, 1736, 3260, 3365, 3055, 2412, 6648, 515, 0, 0
15:18:26, 1119.40, 26.40, 24.38, 26.227, 691, 1334, 2653, 4313, 5618, 5751, 7213, 6426, 21459, 1865, 0, 0, 276, 382, 944, 1924, 3447, 3552, 3246, 2571, 7136, 552, 0, 0
15:18:27, 1122.60, 26.40, 24.34, 26.227, 1046, 1914, 4059, 6345, 8663, 9280, 10323, 10472, 24256, 1672, 0, 0, 238, 321, 806, 1685, 3075, 3189, 2866, 2251, 6088, 471, 0, 0
15:18:27, 1124.00, 26.40, 24.36, 26.227, 951, 1775, 3696, 6027, 9650, 10315, 11590, 11676, 26065, 1780, 0, 0, 226, 305, 763, 1592, 2933, 3043, 2739, 2151, 5895, 457, 0, 0
15:18:28, 1121.80, 26.41, 24.34, 26.227, 902, 1653, 3327, 5162, 6623, 7320, 8120, 8466, 24173, 1819, 0, 0, 233, 315, 788, 1638, 3179, 3284, 2986, 2357, 6598, 512, 0, 0
15:18:29, 1120.70, 26.41, 24.34, 26.227, 633, 1225, 2464, 4106, 6434, 6937, 8094, 8102, 23412, 1903, 0, 0, 245, 333, 831, 1723, 3143, 3250, 2942, 2317, 6378, 494, 0, 0
15:18:29, 1129.80, 26.41, 24.39, 26.227, 971, 1747, 3664, 5796, 7817, 8672, 9350, 9748, 28582, 1976, 0, 0, 257, 347, 860, 1779, 3191, 3326, 3029, 2411, 7196, 565, 0, 0
15:18:30, 1134.40, 26.40, 24.32, 26.219, 685, 1250, 2640, 4286, 6965, 7427, 8262, 8301, 18493, 1277, 0, 0, 204, 268, 678, 1444, 2734, 2841, 2545, 1980, 5604, 435, 0, 0
15:18:31, 1147.80, 26.40, 24.34, 26.227, 618, 1055, 2242, 3569, 4153, 4158, 4822, 4521, 18679, 1755, 0, 0, 219, 288, 724, 1530, 2741, 2861, 2570, 2009, 6028, 473, 0, 0
15:18:31, 1171.20, 26.40, 24.36, 26.227, 553, 959, 2065, 3535, 6014, 6874, 7183, 7670, 23779, 1750, 0, 0, 158, 193, 499, 1115, 2109, 2211, 1929, 1453, 4330, 338, 0, 0
15:18:32, 1196.50, 26.40, 24.38, 26.219, 384, 645, 1488, 2721, 4092, 4575, 4778, 4565, 13248, 959, 0, 0, 119, 135, 354, 835, 1673, 1762, 1504, 1098, 3325, 261, 0, 0
15:18:33, 1223.90, 26.40, 24.36, 26.219, 255, 390, 937, 1788, 2591, 2824, 2965, 2684, 8836, 703, 0, 0, 94, 101, 264, 649, 1371, 1456, 1221, 872, 2797, 223, 0, 0
15:18:33, 1222.00, 26.40, 24.32, 26.219, 217, 323, 803, 1613, 2687, 2997, 3083, 2746, 7927, 580, 0, 0, 81, 85, 222, 559, 1262, 1337, 1109, 779, 2334, 184, 0, 0
15:18:34, 1219.20, 26.40, 24.38, 26.219, 228, 341, 849, 1697, 2861, 3202, 3301, 2951, 7978, 567, 0, 0, 86, 91, 238, 594, 1296, 1370, 1138, 802, 2448, 193, 0, 0
15:18:35, 1218.00, 26.39, 24.38, 26.227, 244, 369, 907, 1816, 2962, 3319, 3416, 3081, 8942, 647, 0, 0, 85, 89, 233, 585, 1299, 1373, 1139, 800, 2446, 193, 0, 0
15:18:35, 1211.40, 26.39, 24.38, 26.227, 221, 333, 823, 1632, 2872, 3191, 3310, 2930, 8192, 591, 0, 0, 89, 95, 248, 618, 1380, 1458, 1216, 861, 2564, 202, 0, 0
15:18:36, 1205.80, 26.39, 24.36, 26.211, 260, 402, 983, 1903, 3420, 3769, 3960, 3572, 8979, 632, 0, 0, 97, 106, 278, 679, 1484, 1567, 1316, 941, 2774, 219, 0, 0
15:18:37, 1199.60, 26.39, 24.39, 26.219, 305, 480, 1172, 2228, 3595, 3981, 4181, 3766, 9780, 680, 0, 0, 103, 114, 298, 724, 1568, 1653, 1390, 997, 2935, 231, 0, 0
15:18:37, 1199.10, 26.39, 24.38, 26.219, 299, 473, 1154, 2195, 3629, 4069, 4206, 3881, 10562, 743, 0, 0, 106, 117, 307, 744, 1597, 1683, 1421, 1023, 3125, 246, 0, 0
15:18:38, 1200.10, 26.39, 24.38, 26.219, 311, 492, 1190, 2270, 3642, 4032, 4237, 3829, 10662, 753, 0, 0, 104, 115, 301, 730, 1562, 1643, 1385, 994, 2974, 233, 0, 0
15:18:39, 1197.80, 26.39, 24.36, 26.227, 303, 480, 1169, 2218, 3541, 3902, 4132, 3682, 9568, 657, 0, 0, 108, 119, 314, 758, 1640, 1724, 1455, 1047, 3007, 236, 0, 0
15:18:39, 1196.20, 26.39, 24.38, 26.227, 362, 574, 1400, 2673, 4435, 4925, 5273, 4710, 12548, 841, 0, 0, 111, 124, 324, 778, 1644, 1729, 1461, 1054, 3124, 245, 0, 0
15:18:40, 1192.00, 26.39, 24.36, 26.219, 333, 538, 1296, 2441, 3784, 4224, 4397, 4080, 11302, 794, 0, 0, 112, 126, 330, 792, 1705, 1790, 1518, 1097, 3315, 260, 0, 0
15:18:41, 1191.10, 26.39, 24.36, 26.227, 348, 557, 1322, 2520, 4060, 4538, 4745, 4446, 13060, 938, 0, 0, 118, 133, 349, 831, 1747, 1834, 1560, 1133, 3458, 272, 0, 0
15:18:41, 1190.60, 26.39, 24.36, 26.227, 376, 618, 1447, 2746, 4079, 4535, 4801, 4434, 12493, 881, 0, 0, 117, 132, 346, 823, 1737, 1821, 1546, 1121, 3370, 264, 0, 0
15:18:42, 1187.60, 26.39, 24.34, 26.219, 395, 643, 1541, 2885, 4774, 5308, 5670, 5221, 14421, 969, 0, 0, 121, 137, 361, 857, 1811, 1897, 1614, 1172, 3442, 269, 0, 0
15:18:43, 1187.30, 26.39, 24.38, 26.227, 377, 613, 1460, 2715, 4348, 4877, 5070, 4876, 12737, 903, 0, 0, 123, 141, 368, 870, 1800, 1888, 1606, 1169, 3469, 272, 0, 0
15:18:43, 1186.40, 26.39, 24.38, 26.227, 394, 646, 1545, 2825, 4492, 4926, 5225, 4849, 11942, 826, 0, 0, 122, 139, 365, 865, 1811, 1900, 1612, 1171, 3430, 269, 0, 0
15:18:44, 1182.30, 26.39, 24.38, 26.219, 396, 647, 1558, 2883, 4701, 5191, 5468, 5053, 12916, 895, 0, 0, 128, 147, 386, 907, 1893, 1984, 1695, 1241, 3646, 285, 0, 0
15:18:45, 1178.80, 26.39, 24.38, 26.227, 444, 755, 1749, 3167, 5243, 5982, 6121, 6184, 17806, 1242, 0, 0, 136, 160, 417, 964, 1977, 2067, 1779, 1312, 3896, 304, 0, 0
15:18:45, 1177.60, 26.39, 24.39, 26.227, 446, 759, 1769, 3216, 4827, 5303, 5686, 5210, 14361, 989, 0, 0, 138, 161, 420, 978, 2016, 2109, 1809, 1332, 3926, 307, 0, 0
15:18:46, 1178.20, 26.39, 24.39, 26.211, 470, 785, 1843, 3392, 4942, 5451, 5797, 5397, 14917, 1025, 0, 0, 135, 158, 412, 960, 1950, 2039, 1743, 1278, 3753, 293, 0, 0
15:18:47, 1177.50, 26.39, 24.36, 26.234, 436, 745, 1721, 3119, 5234, 5811, 6219, 5801, 15669, 1044, 0, 0, 137, 161, 420, 975, 2021, 2111, 1812, 1334, 3816, 297, 0, 0
15:18:47, 1176.90, 26.39, 24.43, 26.234, 454, 759, 1794, 3239, 4959, 5460, 5772, 5408, 14124, 988, 0, 0, 138, 162, 425, 985, 2011, 2101, 1802, 1326, 3916, 306, 0, 0
15:18:48, 1176.40, 26.39, 24.43, 26.219, 438, 739, 1721, 3109, 4870, 5378, 5680, 5320, 14025, 964, 0, 0, 139, 163, 426, 987, 2021, 2110, 1809, 1331, 3836, 299, 0, 0
15:18:49, 1176.00, 26.39, 24.41, 26.227, 474, 792, 1871, 3364, 5168, 5659, 6028, 5721, 14083, 980, 0, 0, 138, 162, 424, 985, 2005, 2091, 1788, 1311, 3813, 297, 0, 0
15:18:49, 1176.10, 26.40, 24.39, 26.227, 432, 732, 1696, 3106, 5087, 5686, 5959, 5709, 16440, 1150, 0, 0, 141, 167, 436, 1005, 2070, 2156, 1858, 1372, 4024, 313, 0, 0
15:18:50, 1177.90, 26.39, 24.41, 26.227, 424, 710, 1653, 2995, 4393, 4836, 5121, 4784, 12643, 882, 0, 0, 135, 158, 414, 961, 1983, 2069, 1767, 1294, 3690, 287, 0, 0
15:18:51, 1176.50, 26.40, 24.39, 26.234, 445, 743, 1756, 3185, 5051, 5559, 5989, 5527, 13465, 917, 0, 0, 135, 158, 413, 964, 1978, 2067, 1762, 1289, 3725, 291, 0, 0
15:18:51, 1178.30, 26.40, 24.39, 26.234, 419, 697, 1640, 2994, 4650, 5123, 5503, 5086, 14170, 981, 0, 0, 134, 157, 409, 953, 1947, 2035, 1741, 1279, 3874, 303, 0, 0
15:18:52, 1178.50, 26.40, 24.43, 26.227, 378, 630, 1438, 2622, 4205, 4668, 4911, 4708, 13911, 1007, 0, 0, 133, 156, 408, 947, 1979, 2059, 1767, 1297, 3881, 302, 0, 0
15:18:53, 1182.80, 26.40, 24.39, 26.234, 424, 702, 1645, 3037, 4581, 5059, 5391, 4992, 14227, 985, 0, 0, 129, 149, 390, 916, 1882, 1962, 1672, 1215, 3619, 282, 0, 0
15:18:53, 1185.90, 26.40, 24.45, 26.234, 391, 640, 1521, 2841, 4460, 4938, 5259, 4800, 12698, 855, 0, 0, 120, 136, 358, 849, 1777, 1860, 1573, 1138, 3309, 258, 0, 0
15:18:54, 1185.70, 26.40, 24.43, 26.242, 370, 603, 1442, 2701, 4071, 4446, 4812, 4283, 9673, 660, 0, 0, 122, 139, 365, 866, 1799, 1884, 1594, 1156, 3305, 258, 0, 0
15:18:55, 1187.00, 26.41, 24.43, 26.242, 362, 585, 1406, 2617, 4273, 4771, 4991, 4726, 12211, 854, 0, 0, 120, 137, 359, 849, 1784, 1865, 1591, 1158, 3455, 270, 0, 0
15:18:55, 1188.40, 26.41, 24.39, 26.242, 294, 483, 1129, 2109, 3363, 3682, 4043, 3722, 11196, 871, 0, 0, 122, 140, 367, 867, 1775, 1856, 1577, 1143, 3394, 265, 0, 0
15:18:56, 1192.30, 26.41, 24.41, 26.234, 367, 588, 1415, 2648, 4437, 4880, 5188, 4798, 11430, 793, 0, 0, 115, 129, 339, 813, 1709, 1794, 1508, 1084, 3115, 244, 0, 0
15:18:57, 1194.70, 26.41, 24.43, 26.242, 318, 507, 1224, 2320, 4103, 4481, 4846, 4308, 9848, 672, 0, 0, 112, 125, 329, 789, 1648, 1733, 1460, 1054, 3141, 247, 0, 0
15:18:57, 1196.10, 26.41, 24.43, 26.242, 348, 562, 1347, 2505, 3959, 4430, 4612, 4330, 11727, 825, 0, 0, 110, 123, 323, 772, 1637, 1719, 1456, 1052, 3205, 251, 0, 0
15:18:58, 1196.00, 26.41, 24.39, 26.234, 317, 504, 1198, 2266, 3473, 3855, 4013, 3722, 11205, 830, 0, 0, 112, 125, 330, 792, 1685, 1766, 1498, 1079, 3278, 256, 0, 0
15:18:59, 1198.10, 26.41, 24.43, 26.234, 308, 489, 1178, 2257, 3720, 4126, 4333, 3973, 11321, 799, 0, 0, 106, 118, 309, 746, 1588, 1665, 1401, 1003, 2994, 234, 0, 0
15:18:59, 1199.10, 26.41, 24.45, 26.227, 314, 498, 1219, 2323, 3933, 4347, 4670, 4097, 10373, 691, 0, 0, 105, 116, 304, 739, 1609, 1688, 1419, 1013, 2906, 227, 0, 0
15:19:00, 1200.50, 26.41, 24.43, 26.227, 303, 473, 1153, 2226, 3811, 4190, 4454, 4012, 9802, 688, 0, 0, 106, 117, 307, 743, 1577, 1659, 1397, 1002, 2948, 231, 0, 0
15:19:01, 1204.30, 26.41, 24.45, 26.227, 282, 447, 1075, 2034, 3295, 3676, 3860, 3595, 9961, 731, 0, 0, 102, 113, 295, 714, 1529, 1613, 1358, 974, 2994, 236, 0, 0
15:19:01, 1203.80, 26.41, 24.39, 26.227, 257, 395, 950, 1829, 3052, 3367, 3551, 3204, 9867, 751, 0, 0, 101, 110, 289, 707, 1531, 1613, 1355, 965, 2891, 227, 0, 0
15:19:02, 1203.40, 26.41, 24.45, 26.219, 270, 418, 1014, 1963, 3275, 3603, 3815, 3514, 8257, 589, 0, 0, 103, 114, 297, 724, 1549, 1633, 1370, 980, 2805, 221, 0, 0
15:19:03, 1206.90, 26.41, 24.45, 26.219, 275, 435, 1053, 2011, 3386, 3708, 3971, 3527, 7934, 545, 0, 0, 101, 111, 291, 709, 1513, 1599, 1340, 958, 2799, 220, 0, 0
15:19:03, 1207.50, 26.41, 24.43, 26.211, 289, 445, 1097, 2131, 3415, 3816, 3971, 3645, 9494, 680, 0, 0, 97, 104, 274, 675, 1459, 1540, 1288, 914, 2792, 220, 0, 0
15:19:04, 1209.40, 26.41, 24.43, 26.219, 226, 349, 843, 1651, 2707, 2990, 3164, 2828, 8505, 642, 0, 0, 95, 102, 268, 661, 1431, 1510, 1263, 895, 2725, 215, 0, 0
15:19:05, 1213.50, 26.41, 24.43, 26.219, 265, 409, 999, 1955, 3012, 3344, 3483, 3108, 8350, 593, 0, 0, 91, 98, 257, 636, 1392, 1470, 1224, 865, 2547, 200, 0, 0
15:19:05, 1214.40, 26.41, 24.45, 26.227, 242, 360, 894, 1778, 2859, 3148, 3331, 2914, 5623, 385, 0, 0, 97, 104, 273, 677, 1463, 1550, 1286, 909, 2559, 201, 0, 0
15:19:06, 1217.70, 26.41, 24.41, 26.227, 241, 364, 907, 1801, 2950, 3271, 3423, 2997, 7499, 523, 0, 0, 86, 91, 239, 599, 1321, 1396, 1159, 814, 2504, 197, 0, 0
15:19:07, 1219.10, 26.41, 24.45, 26.227, 220, 326, 806, 1621, 2721, 3044, 3126, 2790, 8062, 589, 0, 0, 86, 90, 236, 592, 1319, 1393, 1156, 810, 2474, 195, 0, 0
15:19:07, 1216.70, 26.41, 24.43, 26.211, 215, 319, 793, 1579, 2701, 2995, 3112, 2793, 6947, 498, 0, 0, 88, 93, 244, 609, 1346, 1422, 1180, 829, 2429, 191, 0, 0
15:19:08, 1217.20, 26.41, 24.43, 26.219, 245, 371, 925, 1826, 3067, 3398, 3576, 3099, 7837, 536, 0, 0, 88, 94, 245, 613, 1348, 1428, 1185, 836, 2558, 202, 0, 0
15:19:09, 1214.70, 26.41, 24.45, 26.219, 237, 355, 883, 1761, 2902, 3230, 3345, 2938, 7955, 564, 0, 0, 88, 94, 246, 616, 1378, 1452, 1207, 846, 2541, 200, 0, 0
15:19:09, 1216.90, 26.41, 24.43, 26.211, 217, 326, 803, 1606, 2785, 3128, 3217, 2903, 8290, 599, 0, 0, 91, 97, 255, 633, 1353, 1428, 1190, 840, 2561, 202, 0, 0
15:19:10, 1221.30, 26.41, 24.45, 26.219, 246, 375, 932, 1848, 2892, 3202, 3339, 2921, 7800, 546, 0, 0, 84, 89, 233, 584, 1286, 1359, 1125, 788, 2397, 189, 0, 0
15:19:11, 1219.40, 26.41, 24.45, 26.219, 232, 342, 862, 1730, 2736, 3020, 3148, 2727, 6359, 445, 0, 0, 85, 89, 234, 590, 1323, 1400, 1156, 810, 2354, 186, 0, 0
15:19:11, 1218.20, 26.41, 24.43, 26.211, 233, 349, 870, 1738, 2793, 3069, 3237, 2817, 6610, 464, 0, 0, 85, 90, 235, 591, 1304, 1379, 1138, 798, 2394, 190, 0, 0
15:19:12, 1216.40, 26.41, 24.45, 26.219, 233, 351, 876, 1732, 2894, 3226, 3325, 2971, 7716, 548, 0, 0, 87, 92, 242, 604, 1346, 1420, 1182, 833, 2506, 198, 0, 0
15:19:13, 1216.80, 26.41, 24.43, 26.219, 243, 369, 907, 1787, 2719, 3017, 3109, 2808, 8504, 634, 0, 0, 88, 94, 247, 614, 1352, 1425, 1187, 836, 2538, 200, 0, 0
15:19:13, 1216.90, 26.41, 24.48, 26.219, 234, 350, 867, 1721, 3012, 3330, 3469, 3105, 7498, 530, 0, 0, 90, 95, 250, 625, 1374, 1450, 1202, 843, 2450, 192, 0, 0
15:19:14, 1216.50, 26.41, 24.45, 26.219, 246, 368, 926, 1841, 3094, 3423, 3579, 3110, 7580, 524, 0, 0, 88, 93, 244, 611, 1350, 1426, 1182, 832, 2453, 193, 0, 0
15:19:15, 1215.00, 26.41, 24.45, 26.219, 251, 381, 947, 1868, 2870, 3218, 3301, 3006, 8714, 633, 0, 0, 89, 95, 249, 617, 1368, 1439, 1198, 843, 2584, 204, 0, 0
15:19:15, 1214.90, 26.41, 24.48, 26.219, 205, 310, 758, 1518, 2504, 2761, 2943, 2568, 7686, 589, 0, 0, 94, 101, 264, 654, 1410, 1484, 1240, 876, 2647, 208, 0, 0
15:19:16, 1218.90, 26.41, 24.45, 26.219, 217, 327, 802, 1597, 2896, 3209, 3339, 2957, 7845, 561, 0, 0, 87, 92, 242, 605, 1336, 1414, 1170, 823, 2526, 200, 0, 0
15:19:17, 1222.90, 26.41, 24.46, 26.219, 230, 344, 861, 1705, 2738, 3034, 3138, 2758, 7019, 496, 0, 0, 82, 87, 227, 572, 1274, 1348, 1108, 774, 2321, 184, 0, 0
15:19:17, 1227.70, 26.41, 24.48, 26.227, 217, 316, 791, 1595, 2626, 2893, 3013, 2634, 6104, 427, 0, 0, 78, 82, 214, 543, 1200, 1268, 1041, 724, 2212, 175, 0, 0
15:19:18, 1230.60, 26.41, 24.45, 26.227, 186, 273, 673, 1349, 2287, 2525, 2605, 2313, 7423, 570, 0, 0, 77, 80, 210, 535, 1202, 1269, 1044, 724, 2269, 179, 0, 0
15:19:19, 1232.70, 26.41, 24.45, 26.227, 191, 275, 694, 1436, 2402, 2684, 2747, 2358, 6632, 474, 0, 0, 75, 77, 202, 520, 1184, 1248, 1020, 700, 2117, 167, 0, 0
15:19:20, 1235.90, 26.42, 24.46, 26.227, 176, 246, 625, 1311, 2349, 2604, 2692, 2322, 5463, 386, 0, 0, 73, 75, 195, 502, 1121, 1186, 966, 665, 1993, 157, 0, 0
15:19:20, 1235.00, 26.42, 24.45, 26.227, 189, 274, 697, 1423, 2348, 2608, 2679, 2314, 5931, 422, 0, 0, 72, 74, 193, 499, 1140, 1205, 982, 675, 2002, 158, 0, 0
15:19:21, 1232.40, 26.42, 24.46, 26.227, 180, 256, 649, 1338, 2389, 2648, 2732, 2350, 5808, 414, 0, 0, 73, 75, 196, 506, 1161, 1227, 1001, 686, 2057, 163, 0, 0
15:19:22, 1234.90, 26.42, 24.46, 26.219, 176, 248, 629, 1310, 2334, 2599, 2662, 2296, 6407, 461, 0, 0, 72, 74, 194, 500, 1137, 1205, 985, 683, 2184, 174, 0, 0
15:19:22, 1238.00, 26.42, 24.43, 26.219, 194, 285, 713, 1452, 2429, 2717, 2775, 2436, 6758, 481, 0, 0, 71, 73, 190, 488, 1100, 1166, 950, 656, 2047, 162, 0, 0
15:19:23, 1243.00, 26.42, 24.45, 26.219, 184, 260, 665, 1381, 2410, 2688, 2763, 2335, 5936, 416, 0, 0, 68, 68, 178, 465, 1052, 1117, 904, 617, 1900, 151, 0, 0
15:19:24, 1245.00, 26.42, 24.46, 26.219, 167, 232, 597, 1257, 2220, 2465, 2528, 2118, 5254, 368, 0, 0, 64, 65, 169, 443, 1010, 1071, 864, 588, 1817, 144, 0, 0
15:19:24, 1247.50, 26.42, 24.48, 26.227, 164, 232, 589, 1229, 2091, 2333, 2360, 2038, 6053, 444, 0, 0, 63, 63, 166, 434, 1009, 1067, 865, 588, 1835, 145, 0, 0
15:19:25, 1251.00, 26.42, 24.50, 26.227, 138, 187, 475, 1025, 1890, 2109, 2146, 1812, 4554, 330, 0, 0, 63, 63, 165, 435, 1003, 1061, 856, 578, 1723, 136, 0, 0
15:19:26, 1256.60, 26.42, 24.50, 26.211, 131, 171, 439, 955, 1788, 1988, 2019, 1671, 3722, 261, 0, 0, 58, 57, 149, 397, 914, 973, 777, 523, 1588, 126, 0, 0
15:19:26, 1259.20, 26.42, 24.46, 26.219, 137, 183, 477, 1032, 1833, 2047, 2069, 1706, 4417, 313, 0, 0, 54, 52, 136, 366, 895, 951, 759, 507, 1526, 121, 0, 0
15:19:27, 1260.40, 26.42, 24.52, 26.219, 124, 163, 420, 924, 1669, 1875, 1882, 1565, 4404, 323, 0, 0, 54, 52, 136, 365, 879, 931, 746, 498, 1551, 123, 0, 0
15:19:28, 1262.30, 26.42, 24.48, 26.219, 110, 142, 365, 808, 1582, 1771, 1788, 1480, 3653, 263, 0, 0, 55, 53, 138, 372, 866, 920, 735, 491, 1487, 118, 0, 0
15:19:28, 1263.80, 26.42, 24.48, 26.219, 129, 172, 446, 974, 1702, 1903, 1918, 1576, 4191, 300, 0, 0, 52, 50, 129, 350, 880, 939, 744, 496, 1465, 116, 0, 0
15:19:29, 1264.50, 26.42, 24.50, 26.219, 120, 156, 405, 901, 1700, 1899, 1928, 1561, 3633, 255, 0, 0, 52, 50, 130, 353, 853, 910, 723, 481, 1435, 114, 0, 0
15:19:30, 1266.00, 26.42, 24.48, 26.211, 116, 151, 391, 863, 1606, 1794, 1802, 1478, 3759, 270, 0, 0, 51, 49, 126, 342, 816, 867, 692, 462, 1456, 115, 0, 0
15:19:30, 1264.80, 26.42, 24.53, 26.211, 123, 164, 423, 926, 1652, 1858, 1863, 1549, 4369, 319, 0, 0, 51, 49, 127, 345, 839, 891, 711, 472, 1469, 116, 0, 0
15:19:31, 1262.90, 26.42, 24.50, 26.211, 115, 148, 385, 853, 1555, 1744, 1745, 1427, 3609, 258, 0, 0, 51, 49, 126, 343, 817, 870, 691, 459, 1429, 113, 0, 0
15:19:32, 1263.10, 26.42, 24.48, 26.211, 123, 161, 418, 920, 1659, 1861, 1866, 1542, 4309, 313, 0, 0, 51, 49, 127, 343, 823, 877, 700, 469, 1507, 120, 0, 0
15:19:32, 1263.90, 26.42, 24.50, 26.211, 117, 156, 401, 871, 1601, 1797, 1797, 1504, 4306, 318, 0, 0, 52, 50, 130, 349, 829, 882, 704, 471, 1491, 118, 0, 0
15:19:33, 1263.80, 26.42, 24.52, 26.211, 122, 160, 415, 909, 1703, 1910, 1919, 1589, 4108, 295, 0, 0, 52, 50, 128, 347, 837, 893, 709, 473, 1454, 115, 0, 0
15:19:34, 1262.10, 26.42, 24.50, 26.211, 116, 148, 385, 854, 1589, 1773, 1789, 1455, 3164, 223, 0, 0, 54, 53, 136, 368, 868, 926, 736, 492, 1487, 118, 0, 0
15:19:34, 1264.30, 26.42, 24.46, 26.211, 128, 170, 442, 961, 1709, 1917, 1925, 1608, 4367, 315, 0, 0, 51, 50, 128, 346, 829, 883, 705, 471, 1506, 119, 0, 0
15:19:35, 1267.00, 26.42, 24.52, 26.211, 115, 150, 386, 840, 1526, 1696, 1694, 1407, 4453, 342, 0, 0, 51, 49, 127, 342, 812, 865, 689, 460, 1498, 119, 0, 0
15:19:36, 1265.40, 26.42, 24.50, 26.211, 115, 150, 388, 862, 1485, 1670, 1668, 1368, 3776, 278, 0, 0, 54, 51, 133, 361, 893, 947, 757, 501, 1493, 118, 0, 0
15:19:36, 1269.20, 26.42, 24.52, 26.211, 99, 121, 311, 704, 1358, 1527, 1515, 1243, 2785, 196, 0, 0, 52, 50, 128, 348, 821, 874, 691, 457, 1379, 109, 0, 0
15:19:37, 1269.30, 26.42, 24.52, 26.219, 108, 139, 361, 806, 1505, 1680, 1680, 1363, 3497, 252, 0, 0, 48, 47, 120, 327, 793, 843, 668, 443, 1403, 111, 0, 0
15:19:38, 1265.00, 26.43, 24.50, 26.219, 102, 132, 337, 760, 1332, 1484, 1507, 1196, 3605, 277, 0, 0, 55, 53, 136, 369, 885, 936, 748, 496, 1575, 125, 0, 0
15:19:38, 1270.40, 26.43, 24.52, 26.219, 112, 146, 379, 846, 1634, 1829, 1828, 1494, 4187, 301, 0, 0, 48, 46, 119, 327, 791, 840, 664, 439, 1396, 111, 0, 0
15:19:39, 1271.80, 26.42, 24.52, 26.219, 117, 151, 394, 879, 1532, 1711, 1710, 1387, 3357, 240, 0, 0, 49, 46, 119, 327, 795, 847, 667, 440, 1344, 107, 0, 0
15:19:40, 1270.50, 26.43, 24.52, 26.227, 113, 144, 374, 833, 1541, 1717, 1722, 1408, 3099, 217, 0, 0, 50, 48, 122, 335, 795, 847, 667, 440, 1359, 108, 0, 0
15:19:40, 1271.00, 26.43, 24.50, 26.227, 108, 139, 360, 810, 1534, 1724, 1718, 1400, 4003, 295, 0, 0, 48, 46, 119, 325, 790, 840, 666, 441, 1431, 114, 0, 0
15:19:41, 1269.90, 26.43, 24.52, 26.227, 102, 130, 337, 764, 1500, 1677, 1676, 1364, 3590, 262, 0, 0, 49, 47, 122, 334, 818, 868, 687, 454, 1383, 109, 0, 0
15:19:42, 1269.50, 26.43, 24.52, 26.219, 110, 142, 368, 817, 1577, 1756, 1764, 1422, 3329, 234, 0, 0, 49, 47, 121, 332, 795, 846, 666, 441, 1376, 109, 0, 0
15:19:42, 1269.50, 26.43, 24.52, 26.219, 122, 157, 412, 921, 1640, 1841, 1834, 1498, 4205, 306, 0, 0, 49, 47, 121, 330, 801, 851, 674, 447, 1463, 116, 0, 0
15:19:43, 1267.90, 26.43, 24.53, 26.211, 97, 125, 322, 728, 1303, 1447, 1469, 1160, 3527, 272, 0, 0, 53, 51, 133, 360, 867, 916, 731, 484, 1503, 119, 0, 0
15:19:44, 1270.40, 26.43, 24.52, 26.227, 102, 128, 327, 738, 1431, 1610, 1610, 1327, 3182, 228, 0, 0, 52, 50, 130, 355, 843, 894, 708, 468, 1411, 112, 0, 0
15:19:44, 1274.00, 26.43, 24.55, 26.227, 111, 142, 371, 833, 1499, 1676, 1660, 1348, 3549, 257, 0, 0, 45, 43, 111, 306, 740, 788, 618, 406, 1307, 104, 0, 0
15:19:45, 1269.50, 26.43, 24.53, 26.219, 104, 134, 347, 779, 1405, 1576, 1576, 1277, 3441, 254, 0, 0, 49, 47, 121, 332, 809, 858, 681, 450, 1408, 111, 0, 0
15:19:46, 1272.70, 26.43, 24.50, 26.227, 108, 141, 366, 815, 1545, 1725, 1727, 1398, 3734, 269, 0, 0, 48, 46, 117, 321, 764, 813, 642, 424, 1340, 106, 0, 0
15:19:46, 1276.40, 26.43, 24.52, 26.227, 109, 140, 366, 818, 1440, 1611, 1604, 1294, 3328, 240, 0, 0, 45, 43, 110, 304, 737, 786, 616, 405, 1263, 100, 0, 0
15:19:47, 1276.80, 26.43, 24.53, 26.219, 102, 130, 339, 761, 1430, 1598, 1592, 1280, 3032, 215, 0, 0, 44, 42, 107, 297, 726, 775, 606, 397, 1238, 98, 0, 0
15:19:48, 1274.90, 26.43, 24.55, 26.227, 95, 117, 303, 690, 1335, 1494, 1484, 1203, 2801, 200, 0, 0, 45, 43, 110, 304, 762, 809, 639, 418, 1301, 103, 0, 0
15:19:48, 1279.10, 26.43, 24.52, 26.227, 85, 107, 275, 634, 1243, 1392, 1388, 1103, 3165, 237, 0, 0, 46, 43, 111, 305, 752, 799, 631, 413, 1281, 101, 0, 0
15:19:49, 1284.00, 26.43, 24.55, 26.211, 97, 120, 313, 713, 1290, 1446, 1435, 1151, 2579, 183, 0, 0, 45, 42, 107, 299, 734, 785, 613, 401, 1207, 96, 0, 0
15:19:50, 1287.20, 26.43, 24.55, 26.219, 96, 119, 312, 715, 1343, 1506, 1499, 1181, 2850, 202, 0, 0, 41, 38, 97, 272, 662, 709, 551, 359, 1138, 91, 0, 0
15:19:50, 1288.90, 26.43, 24.55, 26.219, 88, 109, 286, 658, 1211, 1358, 1332, 1059, 3050, 225, 0, 0, 40, 37, 94, 264, 669, 715, 560, 365, 1216, 97, 0, 0
15:19:51, 1291.80, 26.43, 24.52, 26.211, 85, 104, 271, 631, 1170, 1311, 1285, 1017, 3192, 242, 0, 0, 41, 38, 96, 269, 666, 710, 556, 361, 1184, 94, 0, 0
15:19:52, 1293.50, 26.43, 24.52, 26.211, 77, 93, 240, 562, 1092, 1235, 1212, 970, 2509, 184, 0, 0, 41, 38, 96, 270, 675, 720, 563, 365, 1105, 88, 0, 0
15:19:52, 1299.90, 26.43, 24.52, 26.211, 84, 101, 265, 617, 1220, 1369, 1350, 1054, 2517, 178, 0, 0, 37, 33, 84, 240, 599, 644, 495, 318, 1020, 81, 0, 0
15:19:53, 1301.50, 26.43, 24.59, 26.203, 77, 90, 239, 567, 1096, 1233, 1194, 926, 2359, 170, 0, 0, 34, 31, 78, 223, 571, 612, 471, 302, 979, 78, 0, 0
15:19:54, 1301.40, 26.43, 24.52, 26.219, 79, 95, 250, 585, 1126, 1263, 1229, 977, 3072, 234, 0, 0, 36, 33, 84, 237, 594, 638, 496, 323, 1084, 87, 0, 0
15:19:54, 1302.20, 26.43, 24.55, 26.219, 86, 105, 276, 635, 1187, 1332, 1298, 1033, 3095, 231, 0, 0, 35, 32, 80, 229, 576, 619, 478, 308, 1022, 81, 0, 0
15:19:55, 1302.80, 26.43, 24.59, 26.211, 81, 97, 255, 601, 1168, 1319, 1280, 1006, 2914, 213, 0, 0, 34, 31, 77, 222, 565, 609, 468, 299, 981, 78, 0, 0
15:19:56, 1302.10, 26.43, 24.53, 26.211, 77, 91, 240, 570, 1134, 1274, 1241, 963, 2416, 173, 0, 0, 35, 32, 80, 228, 585, 630, 486, 314, 989, 79, 0, 0
15:19:56, 1296.50, 26.43, 24.55, 26.211, 82, 99, 259, 603, 1151, 1292, 1271, 1007, 2388, 170, 0, 0, 37, 34, 85, 241, 613, 658, 510, 330, 1034, 82, 0, 0
15:19:57, 1292.00, 26.43, 24.55, 26.203, 78, 94, 245, 574, 1070, 1210, 1179, 924, 2563, 190, 0, 0, 39, 35, 90, 254, 640, 684, 534, 345, 1111, 88, 0, 0
15:19:58, 1293.10, 26.43, 24.50, 26.211, 85, 101, 265, 626, 1233, 1391, 1362, 1077, 2929, 213, 0, 0, 38, 35, 88, 249, 622, 667, 520, 338, 1075, 85, 0, 0
15:19:58, 1286.00, 26.43, 24.53, 26.211, 87, 109, 285, 652, 1214, 1359, 1345, 1073, 2496, 177, 0, 0, 42, 39, 99, 276, 700, 747, 589, 385, 1164, 92, 0, 0
15:19:59, 1286.30, 26.43, 24.53, 26.211, 93, 115, 299, 689, 1291, 1455, 1438, 1145, 3101, 226, 0, 0, 42, 39, 100, 280, 691, 738, 580, 378, 1222, 97, 0, 0
15:20:00, 1293.00, 26.43, 24.57, 26.211, 86, 105, 275, 639, 1221, 1370, 1339, 1062, 3183, 238, 0, 0, 39, 35, 89, 252, 642, 693, 541, 353, 1195, 96, 0, 0
15:20:00, 1292.50, 26.43, 24.55, 26.211, 90, 112, 292, 668, 1297, 1465, 1444, 1161, 3152, 227, 0, 0, 38, 35, 90, 251, 640, 687, 536, 350, 1077, 86, 0, 0
15:20:01, 1294.50, 26.43, 24.57, 26.211, 86, 106, 276, 633, 1246, 1399, 1392, 1100, 2560, 181, 0, 0, 38, 35, 89, 250, 613, 660, 512, 333, 1074, 86, 0, 0
15:20:02, 1295.80, 26.43, 24.55, 26.219, 80, 96, 252, 590, 1110, 1253, 1223, 959, 2495, 181, 0, 0, 35, 32, 80, 230, 582, 626, 484, 311, 1013, 81, 0, 0
15:20:02, 1296.90, 26.43, 24.57, 26.219, 77, 93, 242, 566, 1106, 1243, 1221, 966, 2888, 217, 0, 0, 35, 32, 82, 231, 585, 628, 488, 316, 1050, 84, 0, 0
15:20:03, 1296.90, 26.43, 24.57, 26.211, 79, 98, 256, 590, 1084, 1225, 1207, 963, 2773, 207, 0, 0, 37, 34, 85, 241, 617, 661, 516, 333, 1054, 84, 0, 0
15:20:04, 1302.30, 26.43, 24.52, 26.211, 75, 89, 234, 554, 1089, 1227, 1200, 933, 2527, 182, 0, 0, 33, 30, 75, 215, 554, 597, 460, 294, 936, 74, 0, 0
15:20:04, 1307.00, 26.43, 24.60, 26.203, 65, 74, 192, 461, 942, 1063, 1032, 798, 1882, 135, 0, 0, 32, 29, 72, 207, 525, 566, 435, 279, 898, 72, 0, 0
15:20:05, 1303.50, 26.43, 24.59, 26.203, 68, 80, 209, 491, 922, 1045, 1014, 793, 1830, 131, 0, 0, 34, 30, 76, 217, 570, 612, 474, 304, 935, 74, 0, 0
15:20:06, 1300.80, 26.43, 24.55, 26.203, 60, 69, 179, 433, 833, 944, 917, 698, 1940, 145, 0, 0, 36, 32, 81, 232, 597, 639, 498, 318, 1015, 81, 0, 0
15:20:06, 1304.60, 26.43, 24.60, 26.203, 64, 74, 194, 466, 912, 1035, 1006, 779, 2193, 163, 0, 0, 33, 30, 75, 216, 540, 581, 448, 287, 930, 74, 0, 0
15:20:07, 1303.20, 26.43, 24.55, 26.203, 72, 86, 225, 530, 1007, 1140, 1112, 870, 2166, 156, 0, 0, 34, 30, 76, 218, 585, 631, 488, 315, 941, 75, 0, 0
15:20:08, 1299.60, 26.43, 24.57, 26.203, 65, 74, 193, 457, 896, 1016, 986, 776, 1610, 114, 0, 0, 37, 34, 85, 242, 617, 665, 516, 333, 987, 78, 0, 0
15:20:08, 1303.30, 26.43, 24.60, 26.203, 69, 82, 214, 507, 1013, 1145, 1116, 875, 2571, 192, 0, 0, 33, 29, 74, 212, 543, 586, 453, 292, 978, 78, 0, 0
15:20:09, 1300.70, 26.43, 24.57, 26.203, 66, 77, 202, 483, 868, 985, 959, 738, 1997, 148, 0, 0, 36, 32, 81, 231, 598, 642, 500, 321, 974, 77, 0, 0
15:20:10, 1299.50, 26.44, 24.59, 26.203, 64, 71, 185, 440, 916, 1040, 1006, 789, 1678, 119, 0, 0, 38, 34, 86, 245, 605, 652, 507, 328, 992, 79, 0, 0
15:20:10, 1297.70, 26.44, 24.60, 26.203, 73, 86, 224, 531, 1004, 1136, 1112, 866, 2269, 166, 0, 0, 35, 32, 81, 230, 585, 628, 489, 314, 1026, 82, 0, 0
15:20:11, 1296.10, 26.44, 24.59, 26.211, 66, 78, 204, 487, 915, 1035, 1014, 783, 2343, 179, 0, 0, 37, 33, 84, 239, 603, 646, 503, 323, 1026, 82, 0, 0
15:20:12, 1293.10, 26.44, 24.57, 26.211, 66, 76, 197, 470, 934, 1062, 1029, 802, 1886, 135, 0, 0, 38, 35, 89, 251, 631, 677, 528, 342, 1036, 82, 0, 0
15:20:12, 1296.10, 26.44, 24.57, 26.211, 71, 82, 212, 504, 997, 1127, 1111, 869, 2335, 172, 0, 0, 38, 35, 88, 247, 596, 640, 498, 323, 1063, 85, 0, 0
15:20:13, 1293.20, 26.44, 24.57, 26.211, 79, 96, 251, 585, 1069, 1207, 1180, 930, 2711, 201, 0, 0, 37, 34, 86, 244, 645, 689, 539, 347, 1077, 86, 0, 0
15:20:14, 1289.90, 26.45, 24.60, 26.211, 65, 74, 190, 459, 897, 1026, 992, 768, 1880, 136, 0, 0, 41, 38, 96, 270, 674, 720, 565, 364, 1100, 87, 0, 0
15:20:14, 1292.20, 26.45, 24.60, 26.211, 70, 83, 215, 510, 997, 1125, 1103, 864, 2287, 168, 0, 0, 39, 36, 92, 257, 629, 672, 527, 342, 1107, 88, 0, 0
15:20:15, 1291.30, 26.45, 24.59, 26.211, 82, 100, 261, 608, 1058, 1195, 1182, 924, 2627, 197, 0, 0, 40, 37, 93, 262, 651, 696, 546, 354, 1098, 87, 0, 0
15:20:16, 1283.00, 26.45, 24.60, 26.211, 76, 89, 230, 542, 993, 1126, 1093, 861, 1933, 137, 0, 0, 42, 39, 100, 279, 725, 775, 609, 397, 1155, 91, 0, 0
15:20:16, 1271.10, 26.45, 24.60, 26.211, 65, 71, 182, 433, 815, 943, 897, 696, 1602, 116, 0, 0, 55, 53, 136, 370, 881, 936, 754, 498, 1467, 117, 0, 0
15:20:17, 1276.00, 26.45, 24.57, 26.211, 71, 87, 222, 524, 1077, 1197, 1229, 938, 2956, 231, 0, 0, 48, 46, 118, 322, 725, 775, 614, 406, 1292, 103, 0, 0
15:20:18, 1274.40, 26.45, 24.59, 26.211, 105, 134, 349, 783, 1389, 1562, 1557, 1260, 3238, 234, 0, 0, 48, 45, 116, 318, 797, 852, 675, 445, 1293, 103, 0, 0
15:20:18, 1268.90, 26.45, 24.60, 26.203, 93, 113, 292, 666, 1227, 1383, 1364, 1108, 2279, 160, 0, 0, 51, 48, 124, 337, 827, 882, 703, 466, 1346, 107, 0, 0
15:20:19, 1265.70, 26.45, 24.59, 26.211, 91, 110, 281, 639, 1205, 1366, 1356, 1090, 2696, 195, 0, 0, 54, 52, 133, 359, 852, 905, 727, 484, 1485, 118, 0, 0
15:20:20, 1262.60, 26.45, 24.60, 26.211, 104, 134, 344, 773, 1404, 1581, 1582, 1299, 3675, 274, 0, 0, 52, 50, 130, 352, 867, 920, 739, 491, 1515, 120, 0, 0
15:20:20, 1260.40, 26.45, 24.59, 26.211, 107, 137, 355, 792, 1566, 1762, 1770, 1462, 4032, 294, 0, 0, 52, 50, 130, 351, 851, 906, 728, 489, 1495, 119, 0, 0
15:20:21, 1258.50, 26.45, 24.60, 26.211, 118, 157, 402, 875, 1619, 1807, 1830, 1511, 3807, 274, 0, 0, 53, 51, 132, 355, 842, 897, 718, 481, 1469, 117, 0, 0
15:20:22, 1250.00, 26.45, 24.62, 26.211, 118, 154, 394, 859, 1591, 1779, 1795, 1509, 3311, 233, 0, 0, 60, 59, 153, 407, 996, 1058, 857, 579, 1670, 132, 0, 0
15:20:22, 1248.10, 26.45, 24.62, 26.203, 116, 148, 375, 836, 1639, 1843, 1870, 1561, 4077, 299, 0, 0, 60, 59, 154, 408, 977, 1036, 840, 568, 1712, 136, 0, 0
15:20:23, 1242.30, 26.45, 24.64, 26.211, 111, 142, 358, 796, 1476, 1666, 1696, 1402, 3535, 257, 0, 0, 71, 71, 186, 483, 1135, 1199, 986, 673, 1972, 156, 0, 0
15:20:24, 1243.60, 26.46, 24.60, 26.211, 118, 160, 398, 872, 1628, 1819, 1882, 1567, 4286, 320, 0, 0, 69, 69, 181, 471, 1027, 1088, 887, 604, 1840, 146, 0, 0
15:20:24, 1245.70, 26.46, 24.60, 26.203, 149, 204, 524, 1118, 1939, 2167, 2203, 1854, 4740, 340, 0, 0, 62, 61, 160, 422, 1015, 1079, 872, 592, 1714, 136, 0, 0
15:20:25, 1238.40, 26.46, 24.62, 26.211, 140, 185, 470, 1014, 1883, 2087, 2153, 1808, 3706, 257, 0, 0, 69, 69, 180, 469, 1133, 1199, 980, 671, 1885, 149, 0, 0
15:20:26, 1234.70, 26.46, 24.64, 26.211, 113, 142, 353, 785, 1350, 1524, 1571, 1251, 3445, 253, 0, 0, 81, 84, 219, 559, 1243, 1308, 1084, 746, 2259, 179, 0, 0
15:20:26, 1237.50, 26.46, 24.64, 26.211, 114, 149, 369, 833, 1527, 1729, 1799, 1441, 3920, 287, 0, 0, 75, 76, 199, 514, 1128, 1190, 972, 661, 1925, 152, 0, 0
15:20:27, 1243.10, 26.46, 24.57, 26.219, 125, 160, 404, 879, 1737, 1936, 1961, 1667, 3685, 261, 0, 0, 64, 64, 167, 439, 1007, 1067, 862, 585, 1720, 136, 0, 0
15:20:28, 1238.90, 26.47, 24.64, 26.219, 140, 189, 479, 1022, 1817, 2028, 2082, 1769, 4285, 308, 0, 0, 68, 69, 180, 469, 1142, 1202, 986, 673, 2018, 160, 0, 0
15:20:28, 1237.60, 26.47, 24.62, 26.211, 111, 151, 376, 834, 1535, 1701, 1781, 1444, 4392, 339, 0, 0, 75, 76, 200, 517, 1208, 1271, 1048, 716, 2162, 172, 0, 0
15:20:29, 1238.20, 26.47, 24.66, 26.227, 112, 139, 348, 780, 1395, 1601, 1602, 1313, 3064, 218, 0, 0, 74, 75, 195, 507, 1148, 1212, 991, 674, 1915, 151, 0, 0
15:20:30, 1239.40, 26.47, 24.66, 26.227, 137, 187, 473, 1004, 1676, 1872, 1914, 1617, 3965, 287, 0, 0, 69, 69, 181, 471, 1074, 1134, 927, 633, 1915, 152, 0, 0
15:20:31, 1240.10, 26.47, 24.60, 26.211, 127, 174, 435, 943, 1586, 1771, 1864, 1504, 4265, 321, 0, 0, 71, 73, 190, 490, 1059, 1119, 914, 625, 1903, 151, 0, 0
15:20:31, 1240.00, 26.47, 24.69, 26.227, 149, 206, 527, 1111, 1684, 1883, 1909, 1608, 3402, 238, 0, 0, 72, 72, 188, 492, 1158, 1229, 997, 681, 1866, 147, 0, 0
15:20:32, 1234.20, 26.47, 24.62, 26.227, 111, 129, 329, 711, 1172, 1338, 1286, 1076, 1901, 136, 0, 0, 86, 88, 231, 590, 1332, 1409, 1157, 799, 2097, 165, 0, 0
15:20:33, 1233.70, 26.47, 24.64, 26.219, 103, 120, 303, 666, 1110, 1282, 1244, 1012, 2260, 164, 0, 0, 84, 87, 227, 578, 1256, 1320, 1092, 749, 2183, 173, 0, 0
15:20:33, 1234.70, 26.47, 24.62, 26.227, 111, 151, 374, 826, 1471, 1629, 1716, 1366, 4043, 309, 0, 0, 74, 75, 197, 508, 1135, 1196, 979, 668, 1982, 157, 0, 0
15:20:34, 1230.00, 26.47, 24.62, 26.227, 116, 145, 364, 801, 1507, 1717, 1740, 1438, 3335, 237, 0, 0, 78, 80, 208, 535, 1217, 1283, 1055, 724, 2046, 162, 0, 0
15:20:35, 1229.10, 26.47, 24.62, 26.219, 119, 153, 380, 830, 1310, 1493, 1510, 1220, 3080, 224, 0, 0, 87, 90, 236, 598, 1294, 1359, 1129, 779, 2267, 179, 0, 0
15:20:35, 1234.90, 26.47, 24.60, 26.227, 154, 220, 549, 1150, 1854, 2059, 2169, 1825, 5333, 408, 0, 0, 71, 72, 188, 485, 1090, 1149, 942, 645, 1950, 154, 0, 0
15:20:36, 1227.50, 26.48, 24.62, 26.227, 123, 161, 404, 870, 1467, 1665, 1672, 1396, 3136, 222, 0, 0, 77, 78, 205, 527, 1263, 1333, 1097, 757, 2072, 164, 0, 0
15:20:37, 1224.30, 26.48, 24.66, 26.219, 103, 118, 300, 655, 1120, 1293, 1250, 1027, 2210, 162, 0, 0, 96, 101, 265, 663, 1333, 1403, 1165, 807, 2244, 177, 0, 0
15:20:37, 1227.30, 26.48, 24.62, 26.219, 155, 221, 547, 1130, 2123, 2369, 2444, 2132, 5707, 413, 0, 0, 71, 73, 191, 490, 1176, 1239, 1020, 703, 2054, 162, 0, 0
15:20:38, 1220.70, 26.48, 24.67, 26.227, 134, 178, 439, 943, 1604, 1819, 1883, 1551, 3870, 278, 0, 0, 85, 88, 232, 586, 1314, 1381, 1148, 795, 2294, 181, 0, 0
15:20:39, 1216.30, 26.48, 24.66, 26.219, 117, 156, 387, 842, 1396, 1570, 1637, 1299, 3634, 268, 0, 0, 99, 105, 277, 685, 1452, 1524, 1282, 897, 2581, 204, 0, 0
15:20:39, 1223.70, 26.48, 24.67, 26.219, 153, 217, 528, 1101, 1790, 2018, 2126, 1797, 4527, 327, 0, 0, 80, 84, 220, 554, 1172, 1238, 1021, 710, 2083, 165, 0, 0
15:20:40, 1220.40, 26.48, 24.67, 26.219, 161, 222, 555, 1148, 1756, 1971, 1996, 1717, 3440, 241, 0, 0, 83, 87, 227, 574, 1335, 1412, 1168, 816, 2203, 174, 0, 0
15:20:41, 1215.30, 26.48, 24.60, 26.227, 123, 144, 363, 764, 1267, 1470, 1422, 1207, 2386, 172, 0, 0, 102, 109, 285, 705, 1527, 1603, 1350, 947, 2568, 202, 0, 0
15:20:41, 1218.90, 26.48, 24.69, 26.227, 131, 185, 449, 973, 1765, 1928, 2054, 1698, 5314, 413, 0, 0, 91, 96, 251, 628, 1427, 1499, 1256, 879, 2698, 214, 0, 0
15:20:42, 1217.40, 26.48, 24.66, 26.219, 160, 231, 570, 1179, 1912, 2137, 2263, 1909, 5162, 383, 0, 0, 89, 94, 248, 619, 1360, 1430, 1193, 831, 2329, 184, 0, 0
15:20:43, 1215.40, 26.48, 24.66, 26.219, 135, 173, 428, 916, 1484, 1701, 1719, 1424, 3363, 241, 0, 0, 95, 101, 265, 657, 1419, 1490, 1251, 876, 2494, 196, 0, 0
15:20:43, 1215.80, 26.49, 24.66, 26.219, 131, 184, 447, 961, 1586, 1755, 1906, 1511, 4574, 347, 0, 0, 94, 100, 262, 650, 1358, 1426, 1192, 833, 2505, 198, 0, 0
15:20:44, 1212.90, 26.49, 24.67, 26.219, 150, 208, 507, 1071, 1621, 1853, 1906, 1589, 3843, 274, 0, 0, 95, 101, 266, 661, 1449, 1522, 1275, 894, 2459, 194, 0, 0
15:20:45, 1211.50, 26.49, 24.66, 26.219, 152, 202, 494, 1058, 1803, 2040, 2149, 1781, 4575, 329, 0, 0, 92, 100, 261, 643, 1492, 1563, 1321, 931, 2663, 211, 0, 0
15:20:45, 1213.90, 26.49, 24.66, 26.219, 134, 194, 467, 986, 1740, 1917, 2072, 1690, 4972, 376, 0, 0, 93, 100, 262, 647, 1404, 1473, 1238, 868, 2554, 201, 0, 0
15:20:46, 1219.00, 26.49, 24.67, 26.211, 153, 214, 527, 1101, 2072, 2305, 2391, 2084, 4948, 353, 0, 0, 82, 86, 225, 565, 1252, 1321, 1093, 762, 2174, 171, 0, 0
15:20:47, 1216.60, 26.49, 24.71, 26.219, 163, 220, 544, 1133, 1924, 2151, 2223, 1937, 4312, 301, 0, 0, 82, 87, 227, 568, 1293, 1359, 1131, 790, 2249, 177, 0, 0
15:20:47, 1212.10, 26.49, 24.64, 26.219, 140, 197, 474, 1002, 1778, 1985, 2133, 1779, 4929, 367, 0, 0, 99, 107, 280, 689, 1492, 1564, 1321, 931, 2695, 213, 0, 0
15:20:48, 1218.00, 26.49, 24.69, 26.211, 194, 284, 707, 1430, 2399, 2664, 2770, 2410, 6376, 458, 0, 0, 80, 85, 222, 556, 1204, 1271, 1052, 735, 2193, 173, 0, 0
15:20:49, 1219.30, 26.49, 24.67, 26.219, 199, 295, 734, 1460, 2300, 2536, 2645, 2345, 4959, 345, 0, 0, 81, 86, 224, 561, 1205, 1275, 1053, 738, 2140, 169, 0, 0
15:20:49, 1214.40, 26.49, 24.71, 26.219, 200, 294, 728, 1457, 2346, 2582, 2725, 2405, 4462, 305, 0, 0, 88, 94, 246, 614, 1400, 1475, 1230, 864, 2344, 184, 0, 0
15:20:50, 1212.90, 26.49, 24.67, 26.211, 141, 187, 465, 988, 1492, 1685, 1735, 1398, 3665, 265, 0, 0, 102, 110, 288, 708, 1570, 1643, 1394, 983, 2852, 225, 0, 0
15:20:51, 1219.50, 26.49, 24.69, 26.219, 123, 168, 412, 897, 1582, 1776, 1872, 1506, 4155, 305, 0, 0, 93, 99, 260, 644, 1404, 1473, 1234, 862, 2398, 189, 0, 0
15:20:51, 1220.20, 26.49, 24.71, 26.219, 153, 208, 513, 1067, 1816, 2027, 2074, 1794, 3916, 273, 0, 0, 85, 90, 235, 592, 1332, 1402, 1165, 811, 2240, 176, 0, 0
15:20:52, 1213.30, 26.49, 24.69, 26.219, 117, 143, 358, 783, 1394, 1601, 1608, 1313, 3118, 224, 0, 0, 104, 112, 295, 725, 1597, 1670, 1416, 996, 2733, 215, 0, 0
15:20:53, 1219.10, 26.50, 24.69, 26.227, 145, 196, 481, 1022, 2047, 2279, 2365, 2078, 4999, 357, 0, 0, 79, 85, 222, 554, 1215, 1280, 1062, 744, 2167, 171, 0, 0
15:20:53, 1217.00, 26.49, 24.69, 26.227, 212, 316, 794, 1576, 2719, 3039, 3148, 2789, 7528, 520, 0, 0, 76, 80, 209, 528, 1269, 1337, 1111, 776, 2202, 173, 0, 0
15:20:54, 1207.50, 26.50, 24.66, 26.219, 148, 200, 492, 1036, 1522, 1733, 1771, 1454, 3584, 258, 0, 0, 110, 120, 316, 768, 1651, 1726, 1472, 1043, 2884, 226, 0, 0
15:20:55, 1212.90, 26.50, 24.69, 26.219, 157, 214, 518, 1095, 1793, 2031, 2102, 1781, 4322, 306, 0, 0, 98, 107, 280, 685, 1409, 1479, 1241, 873, 2464, 193, 0, 0
15:20:55, 1215.30, 26.49, 24.69, 26.219, 178, 257, 632, 1277, 2012, 2247, 2333, 2047, 4751, 336, 0, 0, 87, 93, 244, 606, 1293, 1360, 1133, 794, 2278, 180, 0, 0
15:20:56, 1210.10, 26.49, 24.69, 26.211, 155, 207, 508, 1067, 1814, 2060, 2126, 1817, 4187, 292, 0, 0, 96, 104, 273, 671, 1467, 1537, 1295, 912, 2568, 202, 0, 0
15:20:57, 1210.80, 26.50, 24.69, 26.219, 171, 242, 591, 1219, 2064, 2303, 2410, 2080, 5170, 370, 0, 0, 92, 99, 260, 641, 1422, 1491, 1254, 883, 2532, 199, 0, 0
15:20:57, 1211.20, 26.50, 24.69, 26.219, 173, 250, 609, 1244, 2159, 2398, 2510, 2209, 5449, 395, 0, 0, 89, 96, 253, 624, 1344, 1410, 1180, 830, 2403, 189, 0, 0
15:20:58, 1207.00, 26.50, 24.69, 26.219, 199, 299, 738, 1463, 2214, 2448, 2581, 2257, 5745, 417, 0, 0, 94, 101, 268, 657, 1440, 1507, 1268, 895, 2601, 204, 0, 0
15:20:59, 1203.10, 26.50, 24.71, 26.219, 181, 268, 652, 1324, 2167, 2404, 2526, 2194, 5471, 393, 0, 0, 100, 109, 288, 700, 1551, 1621, 1370, 971, 2710, 212, 0, 0
15:20:59, 1204.00, 26.50, 24.69, 26.219, 188, 261, 627, 1293, 2266, 2532, 2678, 2327, 5850, 416, 0, 0, 97, 106, 280, 681, 1454, 1519, 1279, 905, 2661, 209, 0, 0
15:21:00, 1200.40, 26.50, 24.71, 26.211, 227, 352, 859, 1668, 2620, 2920, 3078, 2815, 7498, 557, 0, 0, 99, 109, 288, 700, 1571, 1639, 1388, 986, 2788, 218, 0, 0
15:21:01, 1194.90, 26.51, 24.69, 26.227, 228, 349, 851, 1665, 2662, 2934, 3084, 2760, 6546, 461, 0, 0, 110, 123, 324, 779, 1706, 1778, 1518, 1086, 2985, 233, 0, 0
15:21:01, 1194.90, 26.51, 24.71, 26.227, 160, 217, 518, 1088, 1760, 1984, 2119, 1730, 4689, 341, 0, 0, 121, 138, 361, 852, 1553, 1622, 1378, 990, 2852, 223, 0, 0
15:21:02, 1189.10, 26.51, 24.71, 26.219, 183, 253, 604, 1229, 2496, 2749, 2910, 2651, 5764, 395, 0, 0, 112, 126, 330, 789, 1727, 1803, 1539, 1105, 3007, 235, 0, 0
15:21:03, 1188.00, 26.51, 24.69, 26.227, 182, 268, 633, 1301, 1981, 2183, 2387, 1944, 5730, 427, 0, 0, 129, 149, 392, 914, 1790, 1865, 1609, 1172, 3510, 276, 0, 0
15:21:03, 1191.20, 26.51, 24.73, 26.227, 214, 344, 804, 1590, 2541, 2768, 3063, 2630, 7778, 595, 0, 0, 108, 122, 321, 762, 1577, 1646, 1395, 1002, 2840, 222, 0, 0
15:21:04, 1187.00, 26.51, 24.75, 26.219, 224, 321, 759, 1461, 2512, 2779, 2900, 2677, 4724, 323, 0, 0, 118, 134, 352, 835, 1771, 1850, 1573, 1135, 3019, 235, 0, 0
15:21:05, 1186.20, 26.51, 24.71, 26.227, 240, 360, 860, 1677, 2808, 3106, 3347, 3008, 7908, 581, 0, 0, 111, 127, 333, 789, 1732, 1799, 1539, 1111, 3275, 256, 0, 0
15:21:05, 1182.70, 26.52, 24.75, 26.227, 187, 289, 667, 1363, 2044, 2299, 2546, 2076, 5841, 420, 0, 0, 132, 153, 402, 936, 1941, 2013, 1733, 1254, 3355, 262, 0, 0
15:21:06, 1182.40, 26.52, 24.76, 26.227, 192, 253, 597, 1210, 1792, 2053, 2128, 1819, 4267, 306, 0, 0, 138, 160, 420, 980, 1986, 2058, 1778, 1288, 3628, 284, 0, 0
15:21:07, 1184.70, 26.52, 24.75, 26.242, 200, 313, 737, 1463, 2509, 2746, 2974, 2601, 7295, 546, 0, 0, 111, 126, 333, 788, 1730, 1800, 1537, 1108, 3071, 240, 0, 0
15:21:07, 1182.70, 26.52, 24.75, 26.242, 196, 255, 613, 1222, 1876, 2171, 2183, 1931, 3923, 276, 0, 0, 128, 147, 386, 906, 1888, 1963, 1688, 1221, 3267, 255, 0, 0
15:21:08, 1181.30, 26.52, 24.73, 26.234, 162, 237, 557, 1145, 1795, 1962, 2171, 1749, 5422, 410, 0, 0, 139, 162, 425, 986, 2003, 2078, 1805, 1320, 3888, 306, 0, 0
15:21:09, 1187.70, 26.52, 24.73, 26.234, 205, 326, 760, 1498, 2625, 2882, 3131, 2825, 7727, 584, 0, 0, 111, 126, 331, 783, 1603, 1674, 1425, 1028, 2895, 227, 0, 0
15:21:09, 1182.60, 26.52, 24.75, 26.234, 263, 405, 960, 1820, 2852, 3126, 3326, 3066, 5505, 374, 0, 0, 112, 127, 333, 789, 1752, 1838, 1563, 1136, 2997, 236, 0, 0
15:21:10, 1174.80, 26.52, 24.75, 26.227, 204, 260, 633, 1216, 1672, 1927, 1907, 1681, 3395, 245, 0, 0, 154, 182, 474, 1088, 2255, 2338, 2050, 1508, 3979, 311, 0, 0
15:21:11, 1176.20, 26.52, 24.73, 26.227, 164, 247, 579, 1170, 1944, 2101, 2384, 1904, 6114, 470, 0, 0, 148, 176, 460, 1050, 1997, 2073, 1805, 1325, 3759, 295, 0, 0
15:21:11, 1178.50, 26.52, 24.76, 26.227, 228, 326, 761, 1490, 2166, 2495, 2548, 2285, 4692, 326, 0, 0, 127, 148, 387, 899, 1903, 1987, 1711, 1254, 3274, 255, 0, 0
15:21:12, 1174.50, 26.52, 24.71, 26.219, 229, 319, 752, 1447, 2359, 2668, 2786, 2500, 5310, 367, 0, 0, 130, 153, 399, 925, 1900, 1979, 1709, 1251, 3417, 266, 0, 0
15:21:13, 1172.60, 26.52, 24.78, 26.219, 225, 342, 789, 1559, 2394, 2670, 2906, 2478, 6599, 473, 0, 0, 143, 169, 443, 1015, 2015, 2090, 1818, 1337, 3788, 296, 0, 0
15:21:13, 1172.50, 26.52, 24.73, 26.219, 192, 297, 689, 1363, 2077, 2284, 2501, 2085, 5899, 432, 0, 0, 136, 161, 421, 967, 2019, 2096, 1824, 1341, 3628, 283, 0, 0
15:21:14, 1167.40, 26.53, 24.76, 26.219, 214, 289, 680, 1325, 1991, 2303, 2314, 2078, 4239, 302, 0, 0, 158, 190, 494, 1121, 2211, 2299, 1999, 1481, 3781, 294, 0, 0
15:21:15, 1162.40, 26.53, 24.76, 26.219, 280, 395, 913, 1727, 2518, 2925, 3066, 2765, 5985, 408, 0, 0, 156, 189, 493, 1113, 2279, 2356, 2067, 1534, 4211, 329, 0, 0
15:21:15, 1162.10, 26.53, 24.78, 26.227, 203, 328, 750, 1454, 2534, 2657, 3152, 2546, 8717, 701, 0, 0, 160, 196, 508, 1138, 2310, 2389, 2110, 1576, 4544, 356, 0, 0
15:21:16, 1159.80, 26.53, 24.71, 26.227, 222, 344, 783, 1527, 2509, 2872, 3104, 2696, 6647, 464, 0, 0, 155, 190, 492, 1105, 2252, 2339, 2042, 1524, 3921, 305, 0, 0
15:21:17, 1154.90, 26.53, 24.75, 26.227, 258, 341, 797, 1462, 2269, 2642, 2682, 2479, 4840, 342, 0, 0, 178, 221, 572, 1267, 2510, 2593, 2297, 1723, 4589, 358, 0, 0
15:21:17, 1158.10, 26.53, 24.76, 26.227, 279, 478, 1061, 2014, 3224, 3459, 4000, 3523, 10928, 867, 0, 0, 156, 192, 497, 1110, 2063, 2139, 1868, 1395, 3981, 310, 0, 0
15:21:18, 1153.10, 26.53, 24.76, 26.227, 300, 450, 1024, 1882, 2884, 3305, 3406, 3253, 5815, 398, 0, 0, 170, 211, 544, 1208, 2451, 2548, 2238, 1690, 4224, 328, 0, 0
15:21:19, 1150.00, 26.53, 24.76, 26.227, 273, 360, 832, 1519, 2340, 2764, 2812, 2598, 5219, 369, 0, 0, 182, 229, 589, 1292, 2497, 2580, 2290, 1730, 4668, 364, 0, 0
15:21:19, 1147.80, 26.53, 24.71, 26.227, 250, 418, 927, 1746, 2697, 2842, 3406, 2779, 9413, 739, 0, 0, 197, 251, 644, 1396, 2658, 2740, 2449, 1860, 5226, 409, 0, 0
15:21:20, 1148.60, 26.53, 24.76, 26.234, 288, 455, 992, 1924, 2568, 2994, 3257, 2808, 6951, 483, 0, 0, 184, 232, 596, 1303, 2511, 2600, 2308, 1747, 4531, 353, 0, 0
15:21:21, 1145.00, 26.54, 24.78, 26.234, 290, 409, 913, 1713, 2410, 2788, 2887, 2649, 5627, 394, 0, 0, 187, 238, 611, 1330, 2619, 2705, 2408, 1828, 4722, 367, 0, 0
15:21:21, 1143.30, 26.54, 24.76, 26.227, 306, 447, 982, 1857, 2597, 2981, 3208, 2843, 6805, 478, 0, 0, 198, 254, 651, 1406, 2702, 2786, 2496, 1905, 5098, 398, 0, 0
15:21:22, 1140.90, 26.53, 24.78, 26.234, 313, 533, 1154, 2142, 3197, 3480, 4049, 3466, 10239, 762, 0, 0, 183, 234, 599, 1297, 2535, 2621, 2337, 1784, 4823, 375, 0, 0
15:21:23, 1136.60, 26.54, 24.75, 26.234, 363, 543, 1167, 2158, 3148, 3746, 3997, 3724, 8096, 548, 0, 0, 193, 250, 636, 1364, 2541, 2627, 2340, 1791, 4730, 368, 0, 0
15:21:23, 1128.20, 26.54, 24.76, 26.227, 422, 712, 1512, 2624, 3735, 4135, 4647, 4298, 10593, 733, 0, 0, 214, 284, 719, 1514, 2951, 3042, 2754, 2140, 5617, 436, 0, 0
15:21:24, 1126.30, 26.54, 24.80, 26.234, 426, 669, 1398, 2515, 3333, 3895, 4154, 3903, 8630, 598, 0, 0, 218, 293, 735, 1539, 2805, 2898, 2607, 2029, 5259, 408, 0, 0
15:21:25, 1121.80, 26.54, 24.76, 26.234, 479, 852, 1731, 2954, 3881, 4191, 4980, 4521, 12935, 980, 0, 0, 220, 295, 741, 1544, 2988, 3077, 2801, 2197, 6001, 467, 0, 0
15:21:25, 1113.00, 26.54, 24.80, 26.227, 513, 813, 1603, 3093, 3439, 4085, 4591, 4057, 9932, 681, 0, 0, 271, 377, 930, 1888, 3581, 3679, 3391, 2693, 6824, 531, 0, 0
15:21:26, 1116.40, 26.54, 24.76, 26.227, 289, 474, 993, 1744, 2529, 2760, 3095, 2743, 7632, 576, 0, 0, 278, 387, 955, 1939, 3444, 3538, 3254, 2570, 6740, 524, 0, 0
15:21:27, 1116.90, 26.54, 24.78, 26.227, 514, 877, 1772, 2983, 3760, 4273, 4724, 4592, 10026, 668, 0, 0, 266, 366, 910, 1857, 3278, 3378, 3093, 2448, 6208, 481, 0, 0
15:21:27, 1112.40, 26.55, 24.78, 26.227, 374, 608, 1252, 2246, 2707, 2945, 3353, 2955, 8562, 652, 0, 0, 297, 421, 1029, 2054, 3594, 3686, 3415, 2725, 7383, 577, 0, 0
15:21:28, 1113.20, 26.55, 24.78, 26.227, 369, 627, 1253, 2288, 3370, 3871, 4691, 3888, 11790, 828, 0, 0, 275, 385, 948, 1915, 3381, 3473, 3195, 2533, 6770, 527, 0, 0
15:21:29, 1110.30, 26.55, 24.80, 26.227, 387, 674, 1350, 2403, 3384, 3644, 4511, 3764, 12350, 929, 0, 0, 267, 374, 921, 1868, 3402, 3505, 3225, 2572, 6717, 522, 0, 0
15:21:29, 1106.70, 26.55, 24.80, 26.219, 525, 767, 1579, 2730, 3476, 4172, 4220, 4162, 8015, 571, 0, 0, 294, 419, 1022, 2036, 3607, 3717, 3416, 2750, 6697, 518, 0, 0
15:21:30, 1107.00, 26.55, 24.80, 26.227, 812, 1313, 2559, 4053, 5912, 6553, 7342, 7692, 14271, 896, 0, 0, 264, 373, 912, 1833, 3358, 3441, 3159, 2520, 6730, 521, 0, 0
15:21:31, 1100.50, 26.55, 24.82, 26.227, 569, 1084, 2079, 3545, 4682, 4871, 6497, 5156, 19289, 1584, 0, 0, 308, 446, 1084, 2135, 3893, 3968, 3683, 2956, 7807, 606, 0, 0
15:21:31, 1106.50, 26.55, 24.80, 26.219, 629, 946, 1826, 3331, 5565, 6327, 7314, 7078, 17833, 1195, 0, 0, 268, 383, 938, 1869, 3262, 3340, 3047, 2427, 6501, 501, 0, 0
15:21:32, 1101.20, 26.56, 24.80, 26.234, 727, 1196, 2332, 3885, 5565, 6422, 7221, 7235, 15702, 1005, 0, 0, 285, 411, 1006, 1995, 3746, 3817, 3506, 2803, 7174, 553, 0, 0
15:21:33, 1097.80, 26.56, 24.82, 26.234, 478, 789, 1531, 2661, 3338, 3727, 4427, 3826, 11065, 804, 0, 0, 324, 477, 1156, 2257, 4059, 4117, 3814, 3068, 8085, 624, 0, 0
15:21:33, 1100.50, 26.56, 24.80, 26.234, 503, 837, 1616, 2824, 3472, 3955, 4476, 4041, 10774, 794, 0, 0, 327, 482, 1162, 2263, 3747, 3815, 3505, 2811, 7262, 562, 0, 0
15:21:34, 1102.80, 26.57, 24.82, 26.250, 820, 1409, 2540, 4599, 5571, 6068, 7367, 6910, 18860, 1382, 0, 0, 259, 370, 907, 1816, 3265, 3336, 3037, 2412, 6526, 504, 0, 0
15:21:35, 1097.60, 26.57, 24.82, 26.250, 495, 840, 1612, 2861, 3689, 4145, 4959, 4273, 12585, 886, 0, 0, 337, 497, 1201, 2337, 4091, 4161, 3870, 3133, 8184, 633, 0, 0
15:21:35, 1099.50, 26.57, 24.82, 26.250, 604, 1012, 1911, 3494, 4284, 4873, 5664, 5170, 13925, 975, 0, 0, 299, 436, 1055, 2066, 3580, 3653, 3357, 2696, 7039, 545, 0, 0
15:21:36, 1096.90, 26.57, 24.82, 26.258, 737, 1210, 2225, 3823, 5057, 5854, 6671, 6549, 15724, 1040, 0, 0, 298, 435, 1053, 2061, 3740, 3816, 3529, 2848, 7294, 562, 0, 0
15:21:37, 1089.50, 26.57, 24.82, 26.258, 917, 1702, 3285, 4959, 6608, 7180, 8351, 8761, 20288, 1350, 0, 0, 307, 452, 1091, 2128, 3899, 3964, 3675, 2973, 7819, 604, 0, 0
15:21:37, 1090.20, 26.58, 24.82, 26.250, 519, 952, 1760, 3062, 3718, 3784, 5132, 4119, 15874, 1329, 0, 0, 364, 552, 1300, 2468, 4102, 4166, 3906, 3201, 8951, 692, 0, 0
15:21:38, 1085.30, 26.57, 24.83, 26.250, 552, 950, 1756, 3008, 3458, 3889, 4509, 4116, 11265, 880, 0, 0, 391, 594, 1401, 2648, 4732, 4806, 4524, 3726, 9120, 705, 0, 0
15:21:39, 1085.90, 26.58, 24.82, 26.250, 714, 960, 1886, 3022, 3730, 4494, 4550, 4652, 8497, 633, 0, 0, 360, 543, 1286, 2444, 4052, 4134, 3846, 3158, 7898, 609, 0, 0
15:21:40, 1084.60, 26.58, 24.82, 26.250, 525, 966, 1753, 3034, 3130, 3055, 4036, 3401, 15015, 1431, 0, 0, 456, 704, 1626, 3023, 5278, 5355, 5124, 4312, 12648, 1004, 0, 0
15:21:40, 1084.80, 26.58, 24.82, 26.258, 446, 805, 1543, 2497, 3404, 3367, 4414, 3742, 15564, 1432, 0, 0, 398, 608, 1425, 2685, 4572, 4631, 4382, 3615, 9961, 777, 0, 0
15:21:41, 1087.10, 26.58, 24.85, 26.258, 437, 756, 1404, 2376, 3305, 3642, 4458, 3884, 12016, 936, 0, 0, 350, 528, 1248, 2373, 4070, 4142, 3878, 3179, 8229, 637, 0, 0
15:21:42, 1084.50, 26.59, 24.83, 26.258, 687, 1070, 1959, 3431, 4006, 4904, 5276, 5091, 11246, 822, 0, 0, 354, 534, 1257, 2391, 4284, 4377, 4077, 3361, 7996, 616, 0, 0
15:21:42, 1074.60, 26.59, 24.87, 26.258, 890, 1081, 2272, 3199, 4210, 5173, 4869, 5655, 7557, 567, 0, 0, 391, 601, 1406, 2635, 4651, 4734, 4461, 3712, 8971, 692, 0, 0
15:21:43, 1075.30, 26.59, 24.83, 26.258, 450, 755, 1372, 2231, 3303, 3465, 4442, 3814, 13093, 1135, 0, 0, 435, 681, 1561, 2854, 4660, 4726, 4506, 3778, 10079, 785, 0, 0
15:21:44, 1077.20, 26.59, 24.85, 26.250, 701, 1126, 1952, 3536, 4540, 5727, 6978, 5932, 16377, 1117, 0, 0, 359, 548, 1278, 2401, 4172, 4250, 3994, 3310, 8302, 642, 0, 0
15:21:44, 1071.40, 26.59, 24.83, 26.250, 1013, 1555, 2584, 4672, 4609, 5578, 6726, 5952, 16289, 1119, 0, 0, 389, 606, 1400, 2586, 4402, 4475, 4243, 3554, 8914, 689, 0, 0
15:21:45, 1065.80, 26.60, 24.83, 26.250, 988, 1508, 2744, 4119, 3901, 4733, 5047, 5211, 9005, 672, 0, 0, 416, 654, 1489, 2714, 4761, 4838, 4607, 3899, 9506, 737, 0, 0
15:21:46, 1063.30, 26.59, 24.82, 26.242, 532, 852, 1447, 2374, 3173, 3442, 4629, 3782, 13930, 1215, 0, 0, 451, 715, 1618, 2925, 4881, 4932, 4743, 4014, 10811, 845, 0, 0
15:21:46, 1061.80, 26.60, 24.85, 26.242, 875, 1636, 2547, 4588, 5655, 6492, 8329, 7263, 22159, 1780, 0, 0, 458, 738, 1653, 2945, 4683, 4754, 4520, 3842, 9340, 719, 0, 0
15:21:47, 1059.20, 26.60, 24.85, 26.242, 560, 752, 1377, 1944, 2325, 2797, 2729, 3032, 4150, 440, 0, 0, 459, 733, 1638, 2926, 4964, 5035, 4799, 4079, 9666, 742, 0, 0
15:21:48, 1055.90, 26.60, 24.85, 26.242, 393, 578, 1020, 1390, 1992, 2175, 2320, 2460, 3682, 322, 0, 0, 446, 717, 1612, 2882, 4682, 4737, 4502, 3805, 9246, 706, 0, 0
15:21:48, 1055.70, 26.61, 24.85, 26.242, 496, 814, 1388, 1905, 2240, 2412, 2621, 2785, 4946, 398, 0, 0, 435, 698, 1552, 2768, 4228, 4270, 4024, 3371, 8438, 648, 0, 0
15:21:49, 1048.40, 26.61, 24.83, 26.250, 459, 727, 1254, 1687, 2123, 2277, 2480, 2694, 3423, 288, 0, 0, 422, 679, 1515, 2714, 4366, 4406, 4144, 3471, 8327, 635, 0, 0
15:21:50, 1041.60, 26.61, 24.83, 26.258, 444, 703, 1145, 1515, 1959, 2131, 2312, 2548, 4969, 471, 0, 0, 422, 684, 1494, 2637, 4353, 4351, 4119, 3461, 9620, 757, 0, 0
15:21:50, 1040.00, 26.62, 24.87, 26.258, 599, 987, 1551, 2028, 1928, 2098, 2239, 2555, 4470, 427, 0, 0, 421, 679, 1490, 2639, 4027, 4047, 3784, 3145, 7832, 603, 0, 0
15:21:51, 1031.70, 26.62, 24.87, 26.266, 639, 1024, 1616, 2038, 2649, 2910, 3198, 3647, 6752, 728, 0, 0, 406, 662, 1421, 2481, 3910, 3928, 3694, 3109, 7640, 590, 0, 0
15:21:52, 1024.50, 26.62, 24.87, 26.273, 1654, 2288, 3413, 5093, 4543, 7901, 7897, 8223, 17163, 2180, 0, 0, 382, 621, 1321, 2310, 3687, 3699, 3468, 2906, 7028, 546, 0, 0
15:21:52, 1031.40, 26.63, 24.89, 26.273, 1691, 2878, 3848, 5895, 5003, 6531, 8290, 7129, 22782, 3293, 0, 0, 372, 610, 1307, 2283, 3114, 3115, 2905, 2406, 5822, 448, 0, 0
15:21:53, 1016.70, 26.63, 24.87, 26.273, 3767, 7082, 11107, 12829, 12802, 12346, 14785, 19447, 29151, 7064, 0, 0, 260, 414, 881, 1565, 2399, 2434, 2189, 1821, 4530, 359, 0, 0
15:21:54, 1016.90, 26.63, 24.87, 26.273, 1340, 2203, 3036, 3472, 3284, 3316, 3916, 4370, 8258, 2495, 0, 0, 204, 315, 672, 1210, 2075, 2092, 1873, 1524, 3949, 315, 0, 0
15:21:54, 1013.80, 26.63, 24.85, 26.273, 2126, 3348, 4597, 5503, 7179, 7720, 8859, 10312, 28445, 8245, 0, 0, 354, 585, 1175, 1978, 3395, 3440, 3236, 2830, 7667, 666, 0, 0
15:21:55, 1014.30, 26.63, 24.87, 26.266, 2729, 4267, 5959, 6952, 7601, 7913, 9184, 10638, 36000, 14427, 1, 1, 1088, 1857, 2717, 3593, 5567, 5641, 5949, 6297, 20859, 5575, 0, 0
15:21:56, 1014.50, 26.61, 24.89, 26.234, 2368, 3762, 5207, 6117, 7211, 7558, 8861, 10014, 35897, 14001, 0, 1, 1896, 3087, 4485, 6054, 8457, 8730, 9693, 9871, 30522, 9110, 0, 0
15:21:56, 1013.90, 26.59, 24.89, 26.234, 1638, 2569, 3540, 4182, 3793, 4020, 4764, 5432, 16660, 6390, 0, 0, 5673, 9426, 12842, 15791, 17279, 18526, 22332, 25658, 36000, 32246, 1, 1
15:21:57, 1014.30, 26.59, 24.87, 26.102, 966, 1366, 1870, 2243, 2574, 2889, 3314, 3876, 12059, 4599, 0, 0, 2665, 4228, 5813, 7061, 9813, 10356, 12012, 13477, 33826, 13611, 0, 1
15:21:58, 1014.20, 26.58, 24.87, 25.977, 1081, 1682, 2363, 2699, 2994, 3197, 3644, 4341, 11709, 4772, 0, 0, 3852, 6162, 8322, 10109, 11204, 12069, 13784, 16155, 36000, 18621, 1, 1
