Secchi Depth (cm) = 9999
Forel Ule Scale = 99
pH Colour Scale = 99
SensingSecchi S/N = A016
Latitude (degs N) = 34.35530
Longitude (degs E) = -78.17857
Date = 2026-06-18
Time (UTC), Pressure (mbar) MS5803, Temp (deg C) MS5803, Temp (deg C) 10KTHERM, Temp (deg C) TMP117, ED 415nm, ED 445nm, ED 480nm, ED 515nm, ED 555nm, ED 590nm, ED 630nm, ED 680nm, ED Clear, ED NIR, ED D-SAT, ED A-SAT, EU 415nm, EU 445nm, EU 480nm, EU 515nm, EU 555nm, EU 590nm, EU 630nm, EU 680nm, EU Clear, EU NIR, EU D-SAT, EU A-SAT
15:52:24, 1010.60, 31.59, 31.28, 31.219, 367, 504, 653, 756, 758, 739, 865, 889, 7107, 3543, 0, 0, 1840, 2663, 3715, 4244, 6109, 7313, 9108, 11725, 33604, 19329, 0, 1
15:52:24, 1010.40, 31.59, 31.28, 31.203, 505, 686, 902, 1026, 1081, 1074, 1228, 1273, 9494, 4297, 0, 0, 2234, 3146, 4324, 5070, 5815, 7027, 8998, 11601, 33859, 19098, 0, 1
15:52:25, 1010.40, 31.59, 31.26, 31.203, 411, 556, 727, 835, 884, 864, 1011, 1029, 8038, 3831, 0, 0, 2302, 3284, 4487, 5292, 6246, 7346, 9462, 11998, 36000, 20633, 1, 1
15:52:26, 1010.50, 31.59, 31.25, 31.180, 326, 421, 561, 627, 690, 695, 765, 834, 6665, 3468, 0, 0, 2778, 3993, 5411, 6403, 7325, 8586, 10983, 13922, 36000, 24320, 1, 1
15:52:26, 1010.50, 31.59, 31.28, 31.172, 324, 424, 560, 632, 704, 698, 786, 838, 6737, 3472, 0, 0, 2643, 3788, 5151, 6073, 7060, 8278, 10641, 13505, 36000, 23538, 1, 1
15:52:27, 1010.50, 31.59, 31.26, 31.172, 328, 429, 566, 639, 716, 708, 799, 849, 6812, 3502, 0, 0, 2510, 3597, 4921, 5767, 6698, 7823, 10031, 12689, 36000, 22116, 1, 1
15:52:28, 1010.30, 31.59, 31.26, 31.148, 320, 420, 552, 625, 696, 688, 778, 825, 6674, 3483, 0, 0, 2562, 3663, 5001, 5878, 6821, 7980, 10223, 12964, 36000, 22694, 1, 1
15:52:28, 1010.30, 31.58, 31.25, 31.148, 324, 432, 563, 649, 733, 719, 837, 860, 6937, 3583, 0, 0, 2631, 3718, 4948, 6061, 8104, 10049, 12937, 16523, 36000, 26093, 1, 1
15:52:29, 1010.20, 31.58, 31.26, 31.148, 317, 418, 543, 646, 744, 734, 896, 902, 6530, 3837, 0, 0, 2344, 3330, 4337, 5542, 5731, 7026, 9456, 11766, 35296, 19895, 0, 1
15:52:30, 1010.00, 31.57, 31.23, 31.117, 657, 885, 1177, 1319, 969, 973, 1075, 1144, 8631, 4134, 0, 0, 3413, 5154, 6944, 8292, 9863, 11063, 13198, 15714, 36000, 26714, 1, 1
15:52:30, 1010.30, 31.60, 31.28, 31.094, 940, 1242, 1719, 1912, 3667, 3842, 4292, 5247, 29779, 16197, 0, 0, 1838, 3097, 4109, 5093, 5084, 5070, 6047, 6982, 23723, 11593, 0, 0
15:52:31, 1010.50, 31.60, 31.30, 31.094, 3562, 5699, 8019, 9311, 10426, 11275, 12986, 15342, 36000, 29188, 1, 1, 781, 1259, 1741, 2148, 2748, 2849, 3376, 3585, 13384, 4703, 0, 0
15:52:32, 1013.40, 31.59, 31.25, 31.047, 2488, 3822, 5140, 6103, 8363, 8982, 10565, 11858, 34106, 12153, 0, 1, 62, 98, 187, 321, 585, 657, 760, 766, 1586, 153, 0, 0
15:52:32, 1023.20, 31.43, 31.28, 30.219, 2809, 4600, 6271, 7406, 5664, 6071, 7091, 7991, 19365, 6008, 0, 0, 60, 91, 178, 312, 525, 608, 703, 695, 1329, 126, 0, 0
15:52:33, 1030.90, 31.28, 31.26, 30.219, 1312, 2315, 3687, 4849, 6634, 7221, 8980, 9522, 22483, 3030, 0, 0, 57, 78, 163, 310, 549, 648, 758, 743, 1473, 130, 0, 0
15:52:34, 1033.20, 31.16, 31.25, 29.562, 926, 1676, 2823, 3948, 3341, 3545, 4395, 5108, 4463, 616, 0, 0, 63, 84, 173, 338, 542, 653, 762, 754, 1453, 132, 0, 0
15:52:34, 1035.70, 31.06, 31.25, 29.297, 1016, 1848, 3214, 4550, 5534, 6058, 7468, 8086, 19805, 2706, 0, 0, 45, 59, 123, 241, 438, 526, 618, 609, 1326, 117, 0, 0
15:52:35, 1036.00, 30.98, 31.25, 29.297, 742, 1321, 2256, 3155, 4091, 4441, 5496, 5997, 17137, 2266, 0, 0, 39, 50, 103, 205, 375, 457, 540, 529, 1026, 89, 0, 0
15:52:36, 1035.90, 30.91, 31.28, 29.148, 660, 1188, 1996, 2720, 3566, 3865, 4652, 5185, 13563, 1880, 0, 0, 33, 41, 84, 167, 316, 388, 456, 448, 797, 69, 0, 0
15:52:36, 1034.50, 30.87, 31.26, 29.070, 658, 1170, 2019, 2757, 3771, 4091, 5013, 5392, 11512, 1350, 0, 0, 32, 39, 80, 159, 320, 391, 463, 453, 759, 66, 0, 0
15:52:37, 1033.00, 30.84, 31.28, 29.070, 719, 1276, 2215, 3061, 4120, 4526, 5578, 6132, 11750, 1421, 0, 0, 40, 49, 102, 205, 397, 483, 572, 561, 929, 81, 0, 0
15:52:38, 1032.50, 30.81, 31.26, 29.016, 896, 1618, 2673, 3694, 4769, 5174, 6454, 6870, 14743, 1928, 0, 0, 42, 55, 112, 220, 424, 515, 607, 598, 1016, 89, 0, 0
15:52:38, 1030.70, 30.78, 31.28, 29.000, 861, 1538, 2583, 3538, 4307, 4761, 5794, 6425, 11033, 1358, 0, 0, 48, 61, 124, 248, 474, 580, 687, 678, 1142, 101, 0, 0
15:52:39, 1030.60, 30.76, 31.23, 29.000, 901, 1576, 2598, 3434, 4456, 4815, 5854, 6389, 15688, 2230, 0, 0, 45, 58, 117, 228, 443, 545, 644, 636, 1135, 101, 0, 0
15:52:40, 1029.00, 30.73, 31.21, 28.984, 787, 1348, 2265, 2992, 3471, 3742, 4539, 4923, 11911, 1645, 0, 0, 45, 55, 111, 224, 447, 559, 666, 654, 1082, 95, 0, 0
15:52:40, 1029.60, 30.71, 31.26, 28.992, 770, 1302, 2109, 2743, 3271, 3593, 4144, 4626, 12626, 2010, 0, 0, 44, 54, 107, 212, 422, 528, 623, 615, 1098, 97, 0, 0
15:52:41, 1027.10, 30.70, 31.28, 28.992, 843, 1416, 2303, 2973, 3916, 4216, 5103, 5423, 14898, 2474, 0, 0, 50, 64, 127, 247, 495, 611, 719, 714, 1319, 118, 0, 0
15:52:42, 1025.40, 30.68, 31.23, 29.000, 922, 1566, 2503, 3292, 3717, 3992, 4840, 5339, 14582, 2478, 0, 0, 53, 67, 136, 264, 495, 611, 720, 713, 1276, 114, 0, 0
15:52:42, 1027.10, 30.66, 31.26, 29.008, 1136, 1897, 3023, 3818, 4636, 4935, 6004, 6563, 17156, 3017, 0, 0, 55, 72, 143, 272, 487, 598, 701, 696, 1298, 116, 0, 0
15:52:43, 1024.90, 30.66, 31.25, 29.008, 921, 1542, 2505, 3265, 3886, 4191, 5074, 5502, 12630, 1930, 0, 0, 53, 66, 132, 260, 505, 627, 744, 735, 1203, 108, 0, 0
15:52:44, 1024.30, 30.65, 31.23, 29.008, 1050, 1750, 2722, 3361, 4313, 4614, 5520, 6036, 13966, 2510, 0, 0, 60, 78, 153, 295, 556, 688, 810, 807, 1368, 127, 0, 0
15:52:44, 1024.00, 30.64, 31.23, 29.008, 950, 1658, 2508, 3250, 4336, 4735, 5674, 6192, 15912, 2468, 0, 0, 56, 70, 139, 273, 533, 666, 791, 785, 1225, 112, 0, 0
15:52:45, 1025.80, 30.63, 31.19, 29.008, 1083, 1799, 2763, 3494, 4332, 4710, 5606, 6132, 13146, 2273, 0, 0, 54, 69, 136, 260, 490, 604, 708, 708, 1213, 116, 0, 0
15:52:46, 1025.50, 30.62, 31.23, 29.008, 787, 1369, 2145, 2721, 3294, 3603, 4277, 4707, 9590, 1410, 0, 0, 46, 56, 113, 222, 419, 520, 614, 608, 984, 94, 0, 0
15:52:46, 1028.20, 30.61, 31.23, 29.016, 934, 1557, 2394, 3041, 3581, 3931, 4631, 5033, 12701, 2084, 0, 0, 45, 57, 114, 218, 425, 524, 611, 606, 1116, 103, 0, 0
15:52:47, 1028.20, 30.60, 31.21, 29.016, 735, 1256, 2046, 2710, 3401, 3697, 4415, 4843, 10063, 1475, 0, 0, 41, 52, 105, 208, 413, 510, 603, 591, 1019, 90, 0, 0
15:52:48, 1030.10, 30.59, 31.23, 29.016, 863, 1473, 2370, 3078, 3567, 3860, 4585, 5051, 14171, 2298, 0, 0, 44, 57, 115, 224, 413, 504, 593, 583, 1121, 98, 0, 0
15:52:48, 1027.80, 30.58, 31.25, 29.023, 764, 1313, 2144, 2736, 3700, 4018, 4859, 5180, 14052, 2181, 0, 0, 40, 51, 102, 199, 381, 466, 544, 537, 1021, 91, 0, 0
15:52:49, 1027.20, 30.58, 31.23, 29.023, 824, 1414, 2251, 2943, 3612, 3903, 4665, 5169, 13133, 2094, 0, 0, 42, 54, 108, 208, 388, 477, 558, 551, 1012, 91, 0, 0
15:52:50, 1029.50, 30.57, 31.19, 29.016, 915, 1562, 2471, 3154, 4342, 4746, 5640, 6272, 16813, 2731, 0, 0, 49, 63, 127, 243, 443, 543, 634, 628, 1141, 101, 0, 0
15:52:50, 1029.00, 30.56, 31.19, 29.016, 936, 1641, 2708, 3599, 4120, 4515, 5429, 5892, 12993, 1857, 0, 0, 49, 63, 127, 250, 488, 598, 705, 696, 1210, 107, 0, 0
15:52:51, 1030.80, 30.56, 31.21, 29.016, 959, 1646, 2734, 3668, 4552, 4946, 6081, 6491, 14773, 1983, 0, 0, 54, 68, 138, 276, 538, 662, 786, 774, 1345, 117, 0, 0
15:52:52, 1030.00, 30.56, 31.21, 29.016, 830, 1410, 2348, 3197, 3744, 4069, 5006, 5344, 13021, 1760, 0, 0, 47, 58, 117, 235, 457, 568, 677, 663, 1134, 99, 0, 0
15:52:52, 1032.70, 30.55, 31.23, 29.016, 784, 1334, 2152, 2780, 3427, 3746, 4432, 4927, 11829, 1794, 0, 0, 45, 55, 111, 216, 395, 491, 573, 567, 1016, 92, 0, 0
15:52:53, 1030.90, 30.54, 31.17, 29.016, 547, 961, 1595, 2158, 2856, 3176, 3740, 4202, 6556, 840, 0, 0, 37, 43, 87, 175, 365, 458, 543, 533, 845, 79, 0, 0
15:52:54, 1032.80, 30.53, 31.25, 29.023, 669, 1164, 1894, 2582, 3131, 3445, 4139, 4515, 9476, 1199, 0, 0, 43, 52, 104, 210, 422, 531, 629, 619, 993, 86, 0, 0
15:52:54, 1034.40, 30.53, 31.23, 29.023, 649, 1125, 1832, 2455, 3365, 3695, 4373, 4907, 11137, 1552, 0, 0, 46, 55, 111, 221, 449, 565, 667, 658, 1158, 101, 0, 0
15:52:55, 1031.70, 30.52, 31.25, 29.023, 577, 958, 1664, 2263, 3190, 3530, 4165, 4611, 9370, 1264, 0, 0, 51, 62, 123, 249, 489, 618, 735, 725, 1233, 108, 0, 0
15:52:56, 1035.00, 30.52, 31.21, 29.031, 715, 1223, 2028, 2730, 3595, 3923, 4629, 5189, 13771, 2067, 0, 0, 47, 56, 111, 224, 443, 563, 668, 658, 1162, 102, 0, 0
15:52:56, 1030.70, 30.51, 31.23, 29.031, 635, 1057, 1836, 2487, 3559, 3879, 4611, 5090, 12231, 1718, 0, 0, 48, 59, 117, 233, 470, 589, 698, 687, 1210, 106, 0, 0
15:52:57, 1034.30, 30.51, 31.23, 29.031, 877, 1504, 2463, 3286, 3897, 4241, 5021, 5767, 16037, 2470, 0, 0, 58, 71, 142, 285, 559, 696, 829, 818, 1432, 123, 0, 0
15:52:58, 1028.90, 30.50, 31.23, 29.031, 868, 1492, 2548, 3473, 4857, 5291, 6513, 6956, 16963, 2303, 0, 0, 64, 80, 161, 318, 635, 782, 934, 921, 1582, 139, 0, 0
15:52:58, 1028.70, 30.50, 31.21, 29.031, 1115, 1928, 3128, 4203, 5172, 5687, 6802, 7652, 20872, 3131, 0, 0, 64, 80, 161, 319, 622, 769, 915, 906, 1497, 130, 0, 0
15:52:59, 1020.30, 30.50, 31.23, 29.039, 1135, 1903, 3069, 3967, 5276, 5761, 6852, 7428, 19274, 3081, 0, 0, 72, 95, 185, 354, 662, 810, 960, 952, 1532, 140, 0, 0
15:53:00, 1025.00, 30.49, 31.19, 29.039, 1609, 2793, 4218, 5495, 5844, 6133, 7605, 8437, 23322, 4398, 0, 0, 83, 107, 213, 414, 732, 903, 1069, 1069, 1665, 149, 0, 0
15:53:00, 1018.00, 30.48, 31.25, 29.039, 1467, 2491, 3909, 4989, 6113, 6561, 7790, 8490, 22788, 4394, 0, 0, 87, 117, 226, 428, 808, 983, 1166, 1164, 1819, 169, 0, 0
15:53:01, 1022.10, 30.47, 31.23, 29.039, 3094, 6677, 8718, 12986, 13853, 14482, 18080, 18318, 35135, 12455, 0, 1, 86, 113, 222, 428, 758, 931, 1110, 1103, 1713, 153, 0, 0
15:53:02, 1021.60, 30.47, 31.21, 29.039, 1562, 2688, 4040, 5185, 6458, 7006, 8443, 9120, 23967, 4307, 0, 0, 86, 113, 222, 426, 797, 975, 1161, 1155, 1840, 166, 0, 0
15:53:02, 1024.60, 30.46, 31.23, 29.039, 1493, 2555, 3824, 4916, 5747, 6194, 7244, 8373, 26461, 5300, 0, 0, 68, 88, 174, 334, 624, 768, 914, 905, 1513, 135, 0, 0
15:53:03, 1024.40, 30.45, 31.19, 29.047, 1280, 2080, 3281, 4172, 5131, 5591, 6639, 7273, 17020, 2934, 0, 0, 68, 88, 174, 339, 628, 767, 909, 901, 1568, 141, 0, 0
15:53:04, 1024.80, 30.45, 31.23, 29.047, 1228, 2135, 3311, 4365, 5504, 5956, 7099, 7866, 23226, 3728, 0, 0, 61, 79, 157, 302, 609, 750, 891, 882, 1563, 141, 0, 0
15:53:04, 1024.30, 30.45, 31.23, 29.047, 1378, 2390, 3669, 4847, 5524, 6147, 6830, 8264, 26492, 4888, 0, 0, 72, 95, 190, 361, 682, 830, 987, 975, 1884, 169, 0, 0
15:53:05, 1022.30, 30.44, 31.19, 29.055, 1548, 2507, 3884, 4817, 6559, 7129, 8440, 9268, 29002, 5509, 0, 0, 86, 116, 228, 424, 826, 993, 1185, 1171, 2399, 219, 0, 0
15:53:06, 1028.10, 30.44, 31.25, 29.039, 1543, 2678, 4052, 5358, 5458, 6021, 6800, 8325, 29562, 6089, 0, 0, 81, 104, 206, 390, 709, 880, 1048, 1048, 1810, 160, 0, 0
15:53:06, 1029.50, 30.43, 31.21, 29.039, 1098, 1874, 3044, 3906, 4977, 5380, 6599, 7090, 16723, 2416, 0, 0, 75, 93, 182, 363, 669, 841, 1004, 1002, 1556, 138, 0, 0
15:53:07, 1029.50, 30.43, 31.23, 29.031, 922, 1662, 2725, 3718, 4486, 4819, 5931, 6509, 14875, 1776, 0, 0, 61, 72, 141, 290, 590, 750, 901, 897, 1293, 113, 0, 0
15:53:08, 1031.60, 30.42, 31.19, 29.039, 1039, 1806, 2893, 3792, 4929, 5374, 6533, 7087, 17873, 2514, 0, 0, 65, 78, 154, 305, 612, 769, 913, 912, 1473, 132, 0, 0
15:53:08, 1036.80, 30.42, 31.21, 29.039, 872, 1541, 2527, 3610, 4922, 5348, 6670, 7279, 16921, 2047, 0, 0, 67, 78, 155, 323, 684, 871, 1049, 1048, 1552, 134, 0, 0
15:53:09, 1040.20, 30.41, 31.23, 29.031, 883, 1562, 2708, 3881, 5504, 5943, 7644, 8077, 18545, 2069, 0, 0, 65, 76, 151, 311, 589, 748, 901, 894, 1441, 124, 0, 0
15:53:10, 1047.50, 30.40, 31.25, 29.016, 687, 1220, 2206, 3235, 3981, 4517, 5323, 6146, 15311, 1717, 0, 0, 44, 48, 96, 201, 409, 531, 639, 629, 980, 84, 0, 0
15:53:10, 1053.00, 30.39, 31.23, 29.016, 386, 658, 1243, 1906, 2637, 2994, 3718, 4055, 5758, 517, 0, 0, 35, 37, 74, 161, 336, 432, 522, 512, 781, 66, 0, 0
15:53:11, 1060.60, 30.38, 31.25, 29.008, 344, 596, 1158, 1862, 2686, 3044, 3784, 4167, 7161, 611, 0, 0, 32, 33, 65, 145, 338, 439, 534, 523, 787, 67, 0, 0
15:53:12, 1066.10, 30.38, 31.21, 29.008, 297, 491, 989, 1688, 2570, 2975, 3756, 4035, 6399, 544, 0, 0, 32, 32, 63, 143, 304, 398, 484, 474, 729, 62, 0, 0
15:53:12, 1072.90, 30.37, 31.21, 29.008, 308, 503, 1038, 1810, 2557, 3000, 3757, 4130, 6786, 541, 0, 0, 28, 28, 54, 125, 282, 373, 457, 447, 684, 57, 0, 0
15:53:13, 1077.30, 30.37, 31.21, 29.000, 254, 395, 829, 1523, 2341, 2765, 3474, 3799, 6451, 498, 0, 0, 28, 27, 51, 119, 298, 399, 493, 482, 721, 60, 0, 0
15:53:14, 1082.20, 30.36, 31.23, 29.008, 225, 335, 718, 1331, 2283, 2718, 3440, 3756, 6304, 479, 0, 0, 25, 24, 44, 105, 255, 341, 421, 411, 628, 53, 0, 0
15:53:15, 1089.20, 30.35, 31.23, 29.008, 221, 323, 696, 1347, 2154, 2581, 3294, 3523, 6428, 473, 0, 0, 20, 19, 35, 85, 227, 306, 380, 372, 568, 47, 0, 0
15:53:15, 1094.90, 30.35, 31.25, 29.016, 190, 257, 557, 1121, 2049, 2488, 3182, 3443, 5629, 405, 0, 0, 20, 18, 33, 81, 211, 287, 358, 349, 538, 45, 0, 0
15:53:16, 1101.40, 30.34, 31.23, 29.023, 189, 251, 548, 1126, 1913, 2341, 2980, 3235, 5289, 377, 0, 0, 20, 18, 33, 80, 201, 276, 345, 337, 522, 44, 0, 0
15:53:17, 1106.90, 30.34, 31.19, 29.023, 175, 222, 481, 1027, 1788, 2227, 2860, 3085, 4558, 317, 0, 0, 18, 16, 27, 68, 176, 244, 307, 299, 458, 38, 0, 0
15:53:17, 1111.30, 30.34, 31.25, 29.000, 149, 179, 383, 841, 1650, 2068, 2686, 2871, 4440, 307, 0, 0, 15, 14, 23, 58, 155, 217, 272, 266, 414, 35, 0, 0
15:53:18, 1114.70, 30.33, 31.21, 29.000, 145, 170, 366, 812, 1532, 1942, 2520, 2696, 3889, 265, 0, 0, 15, 13, 22, 55, 150, 211, 266, 260, 399, 33, 0, 0
15:53:19, 1120.40, 30.33, 31.23, 29.000, 138, 161, 342, 778, 1267, 1635, 2128, 2328, 4018, 284, 0, 0, 14, 12, 20, 50, 143, 203, 257, 252, 387, 32, 0, 0
15:53:19, 1124.50, 30.33, 31.21, 28.992, 134, 151, 317, 742, 1442, 1823, 2445, 2545, 3886, 262, 0, 0, 14, 12, 19, 48, 136, 194, 247, 241, 372, 31, 0, 0
15:53:20, 1127.00, 30.32, 31.23, 28.969, 140, 152, 322, 754, 1668, 2165, 2861, 2972, 4851, 325, 0, 0, 14, 12, 19, 48, 139, 199, 254, 249, 377, 32, 0, 0
15:53:21, 1133.80, 30.31, 31.19, 28.969, 137, 158, 315, 758, 1484, 1954, 2522, 2784, 5011, 350, 0, 0, 14, 12, 18, 46, 137, 199, 255, 250, 382, 32, 0, 0
15:53:21, 1138.50, 30.31, 31.23, 28.945, 178, 187, 377, 931, 2249, 2938, 4079, 4228, 7461, 471, 0, 0, 14, 12, 18, 46, 139, 202, 261, 257, 383, 32, 0, 0
15:53:22, 1144.80, 30.29, 31.17, 28.937, 150, 164, 317, 799, 1653, 2330, 3134, 3553, 5797, 402, 0, 0, 12, 10, 15, 38, 113, 165, 215, 211, 324, 27, 0, 0
15:53:23, 1148.20, 30.29, 31.19, 28.937, 106, 108, 213, 520, 1247, 1657, 2347, 2383, 3637, 245, 0, 0, 11, 9, 13, 34, 103, 152, 198, 195, 296, 25, 0, 0
15:53:23, 1153.30, 30.28, 31.21, 28.930, 98, 108, 194, 490, 1090, 1474, 2067, 2207, 3688, 264, 0, 0, 10, 8, 12, 30, 95, 141, 185, 182, 281, 23, 0, 0
15:53:24, 1155.90, 30.27, 31.21, 28.930, 93, 97, 179, 452, 1008, 1382, 1937, 1984, 3096, 219, 0, 0, 9, 8, 11, 29, 93, 139, 183, 180, 278, 23, 0, 0
15:53:25, 1160.00, 30.27, 31.23, 28.930, 87, 93, 166, 415, 970, 1319, 1871, 1952, 2959, 215, 0, 0, 9, 8, 11, 27, 89, 134, 177, 174, 268, 22, 0, 0
15:53:25, 1161.20, 30.27, 31.21, 28.930, 82, 83, 149, 377, 891, 1236, 1735, 1798, 2636, 184, 0, 0, 9, 8, 11, 28, 89, 135, 178, 175, 267, 22, 0, 0
15:53:26, 1164.80, 30.27, 31.23, 28.930, 85, 90, 155, 397, 955, 1335, 1856, 1983, 3183, 225, 0, 0, 9, 8, 11, 27, 87, 132, 175, 172, 261, 22, 0, 0
15:53:27, 1167.30, 30.26, 31.23, 28.930, 79, 80, 138, 354, 860, 1204, 1683, 1791, 2765, 196, 0, 0, 9, 7, 10, 25, 83, 127, 168, 166, 254, 21, 0, 0
15:53:27, 1169.60, 30.26, 31.19, 28.922, 76, 78, 134, 344, 813, 1136, 1595, 1703, 2698, 194, 0, 0, 8, 7, 10, 24, 81, 124, 165, 163, 246, 21, 0, 0
15:53:28, 1175.80, 30.26, 31.21, 28.922, 72, 73, 120, 308, 732, 1025, 1443, 1568, 2529, 192, 0, 0, 8, 7, 9, 22, 75, 116, 155, 153, 232, 19, 0, 0
15:53:29, 1181.70, 30.25, 31.19, 28.930, 62, 62, 102, 259, 669, 948, 1348, 1413, 2187, 160, 0, 0, 7, 6, 8, 20, 69, 108, 145, 143, 217, 18, 0, 0
15:53:29, 1187.40, 30.25, 31.25, 28.930, 61, 61, 97, 248, 629, 901, 1296, 1356, 2027, 152, 0, 0, 7, 6, 8, 19, 65, 102, 138, 137, 209, 17, 0, 0
15:53:30, 1190.00, 30.24, 31.23, 28.930, 56, 55, 88, 221, 562, 814, 1170, 1222, 1799, 137, 0, 0, 7, 5, 7, 17, 63, 99, 134, 132, 201, 17, 0, 0
15:53:31, 1193.40, 30.24, 31.21, 28.930, 57, 56, 88, 223, 588, 852, 1220, 1289, 1936, 149, 0, 0, 6, 5, 7, 17, 61, 96, 129, 128, 197, 16, 0, 0
15:53:31, 1196.30, 30.24, 31.19, 28.937, 54, 53, 83, 209, 554, 809, 1167, 1227, 1812, 139, 0, 0, 6, 5, 7, 16, 59, 93, 126, 125, 189, 16, 0, 0
15:53:32, 1199.60, 30.24, 31.25, 28.937, 53, 51, 79, 199, 536, 784, 1132, 1194, 1766, 135, 0, 0, 6, 5, 6, 15, 56, 89, 122, 120, 184, 15, 0, 0
15:53:33, 1204.20, 30.24, 31.21, 28.930, 50, 49, 74, 186, 511, 752, 1089, 1156, 1751, 135, 0, 0, 6, 5, 6, 14, 53, 85, 117, 115, 175, 14, 0, 0
15:53:33, 1209.70, 30.23, 31.21, 28.930, 47, 45, 68, 169, 470, 697, 1009, 1074, 1628, 126, 0, 0, 5, 4, 5, 13, 50, 81, 111, 109, 166, 13, 0, 0
15:53:34, 1213.60, 30.23, 31.26, 28.930, 43, 42, 61, 151, 426, 641, 934, 992, 1466, 114, 0, 0, 5, 4, 5, 12, 47, 76, 105, 104, 155, 13, 0, 0
15:53:35, 1215.70, 30.22, 31.21, 28.930, 42, 40, 58, 144, 420, 632, 919, 976, 1435, 111, 0, 0, 5, 4, 5, 12, 46, 75, 104, 103, 154, 13, 0, 0
15:53:35, 1221.10, 30.22, 31.19, 28.930, 42, 40, 57, 140, 409, 620, 904, 967, 1471, 115, 0, 0, 5, 4, 5, 11, 43, 71, 99, 98, 144, 12, 0, 0
15:53:36, 1227.20, 30.21, 31.23, 28.930, 39, 37, 53, 130, 376, 576, 835, 898, 1406, 111, 0, 0, 4, 4, 4, 10, 40, 66, 92, 92, 136, 11, 0, 0
15:53:37, 1230.60, 30.21, 31.21, 28.930, 37, 35, 49, 120, 359, 554, 815, 868, 1282, 100, 0, 0, 4, 3, 4, 10, 38, 64, 89, 89, 131, 11, 0, 0
15:53:37, 1234.30, 30.21, 31.19, 28.937, 35, 33, 47, 113, 339, 526, 769, 825, 1273, 100, 0, 0, 4, 3, 4, 9, 36, 60, 84, 83, 124, 10, 0, 0
15:53:38, 1235.40, 30.20, 31.23, 28.937, 34, 32, 44, 107, 328, 511, 751, 804, 1228, 97, 0, 0, 4, 3, 4, 9, 36, 60, 84, 83, 124, 10, 0, 0
15:53:39, 1241.10, 30.20, 31.19, 28.930, 33, 31, 43, 102, 313, 492, 718, 778, 1212, 96, 0, 0, 4, 3, 3, 8, 33, 56, 79, 79, 116, 9, 0, 0
15:53:39, 1246.10, 30.20, 31.21, 28.930, 29, 28, 38, 88, 271, 432, 641, 686, 1083, 85, 0, 0, 3, 3, 3, 8, 31, 53, 75, 75, 110, 9, 0, 0
15:53:40, 1250.50, 30.20, 31.19, 28.930, 30, 29, 38, 90, 286, 456, 679, 725, 1071, 84, 0, 0, 3, 3, 3, 7, 30, 51, 72, 72, 104, 8, 0, 0
15:53:41, 1253.10, 30.19, 31.21, 28.930, 29, 27, 36, 84, 269, 431, 645, 687, 1007, 78, 0, 0, 3, 2, 3, 7, 29, 49, 70, 70, 101, 8, 0, 0
15:53:41, 1257.00, 30.19, 31.19, 28.937, 28, 27, 35, 81, 256, 415, 614, 667, 1043, 83, 0, 0, 3, 2, 3, 6, 27, 47, 67, 67, 98, 8, 0, 0
15:53:42, 1262.20, 30.19, 31.19, 28.937, 27, 26, 34, 77, 250, 408, 607, 653, 998, 79, 0, 0, 3, 2, 2, 6, 26, 45, 65, 65, 95, 7, 0, 0
15:53:43, 1267.30, 30.19, 31.25, 28.930, 25, 23, 31, 69, 214, 352, 531, 569, 885, 69, 0, 0, 3, 2, 2, 5, 24, 43, 62, 62, 90, 7, 0, 0
15:53:43, 1273.00, 30.18, 31.23, 28.937, 24, 23, 30, 66, 220, 365, 548, 590, 893, 70, 0, 0, 3, 2, 2, 5, 23, 40, 59, 59, 86, 7, 0, 0
15:53:44, 1277.00, 30.18, 31.25, 28.937, 23, 22, 29, 63, 213, 356, 538, 575, 852, 67, 0, 0, 2, 2, 2, 5, 22, 40, 58, 58, 83, 6, 0, 0
15:53:45, 1282.50, 30.18, 31.21, 28.930, 23, 22, 28, 60, 205, 344, 523, 560, 840, 66, 0, 0, 2, 2, 2, 5, 21, 38, 56, 56, 81, 6, 0, 0
15:53:45, 1287.00, 30.18, 31.21, 28.930, 23, 21, 27, 59, 209, 353, 544, 576, 853, 66, 0, 0, 2, 2, 2, 5, 22, 39, 58, 58, 83, 6, 0, 0
15:53:46, 1294.90, 30.17, 31.23, 28.930, 22, 21, 26, 54, 191, 327, 501, 544, 840, 66, 0, 0, 2, 2, 2, 4, 20, 36, 53, 53, 75, 6, 0, 0
15:53:47, 1301.60, 30.17, 31.21, 28.930, 19, 18, 23, 48, 168, 292, 453, 490, 751, 59, 0, 0, 2, 1, 2, 3, 17, 31, 47, 47, 66, 5, 0, 0
15:53:47, 1302.10, 30.17, 31.19, 28.930, 17, 16, 21, 42, 151, 263, 407, 440, 661, 52, 0, 0, 2, 1, 1, 3, 16, 30, 45, 45, 63, 5, 0, 0
15:53:48, 1296.40, 30.17, 31.19, 28.930, 18, 17, 21, 44, 167, 290, 452, 479, 710, 55, 0, 0, 2, 1, 1, 3, 18, 33, 49, 49, 68, 5, 0, 0
15:53:49, 1298.40, 30.16, 31.23, 28.922, 19, 18, 22, 47, 167, 290, 448, 489, 739, 58, 0, 0, 2, 1, 2, 4, 18, 33, 49, 49, 68, 5, 0, 0
15:53:49, 1302.00, 30.16, 31.19, 28.930, 20, 19, 23, 49, 186, 319, 503, 528, 758, 57, 0, 0, 2, 2, 2, 4, 20, 36, 55, 55, 78, 6, 0, 0
15:53:50, 1309.30, 30.16, 31.21, 28.930, 22, 21, 25, 51, 199, 354, 538, 600, 913, 70, 0, 0, 2, 2, 2, 4, 22, 41, 62, 62, 87, 7, 0, 0
15:53:51, 1316.10, 30.15, 31.21, 28.930, 25, 24, 29, 58, 224, 405, 622, 710, 1086, 82, 0, 0, 3, 2, 2, 5, 22, 42, 64, 65, 90, 7, 0, 0
15:53:51, 1323.30, 30.15, 31.21, 28.930, 22, 21, 24, 46, 220, 413, 628, 727, 1154, 91, 0, 0, 3, 2, 3, 5, 26, 50, 77, 78, 108, 9, 0, 0
15:53:52, 1325.80, 30.15, 31.21, 28.930, 32, 31, 37, 71, 273, 508, 793, 876, 1332, 104, 0, 0, 4, 3, 3, 6, 29, 55, 86, 88, 119, 10, 0, 0
15:53:53, 1333.50, 30.14, 31.21, 28.930, 36, 36, 41, 77, 290, 540, 861, 989, 1599, 126, 0, 0, 4, 3, 4, 6, 30, 57, 90, 92, 128, 10, 0, 0
15:53:53, 1341.70, 30.14, 31.25, 28.937, 31, 30, 35, 64, 297, 554, 904, 966, 1483, 111, 0, 0, 4, 3, 3, 6, 28, 55, 88, 89, 122, 10, 0, 0
15:53:54, 1347.00, 30.14, 31.23, 28.937, 33, 31, 37, 66, 279, 525, 865, 922, 1392, 105, 0, 0, 4, 3, 3, 5, 25, 50, 80, 82, 112, 9, 0, 0
15:53:55, 1346.30, 30.13, 31.23, 28.930, 30, 28, 33, 59, 245, 463, 772, 819, 1238, 92, 0, 0, 3, 3, 3, 5, 24, 47, 75, 77, 105, 8, 0, 0
15:53:55, 1350.00, 30.13, 31.23, 28.945, 29, 27, 33, 58, 235, 442, 728, 779, 1162, 90, 0, 0, 3, 2, 3, 5, 25, 48, 78, 80, 109, 9, 0, 0
15:53:56, 1353.20, 30.14, 31.23, 28.945, 27, 26, 31, 54, 226, 426, 710, 761, 1136, 86, 0, 0, 3, 2, 3, 4, 23, 45, 73, 75, 101, 8, 0, 0
15:53:57, 1357.10, 30.14, 31.21, 28.930, 25, 24, 28, 50, 198, 373, 616, 673, 1021, 81, 0, 0, 3, 2, 3, 4, 23, 45, 74, 75, 102, 8, 0, 0
15:53:57, 1358.70, 30.13, 31.21, 28.930, 27, 26, 30, 52, 201, 386, 629, 705, 1055, 84, 0, 0, 3, 2, 3, 4, 21, 41, 67, 68, 92, 7, 0, 0
15:53:58, 1360.10, 30.13, 31.19, 28.930, 19, 19, 22, 38, 132, 253, 415, 450, 652, 51, 0, 0, 2, 1, 1, 2, 12, 24, 39, 40, 54, 4, 0, 0
15:53:59, 1365.20, 30.13, 31.23, 28.930, 12, 12, 14, 24, 93, 177, 287, 321, 487, 40, 0, 0, 1, 1, 1, 2, 11, 21, 35, 36, 48, 3, 0, 0
15:53:59, 1372.20, 30.12, 31.21, 28.937, 12, 12, 14, 23, 85, 164, 272, 304, 456, 37, 0, 0, 1, 1, 1, 2, 9, 17, 28, 29, 39, 3, 0, 0
15:54:00, 1374.20, 30.12, 31.23, 28.937, 8, 8, 10, 16, 64, 123, 204, 220, 316, 25, 0, 0, 1, 0, 0, 1, 7, 14, 23, 23, 31, 2, 0, 0
15:54:01, 1371.50, 30.12, 31.19, 28.930, 7, 7, 9, 15, 60, 116, 194, 208, 288, 23, 0, 0, 1, 0, 0, 1, 7, 14, 22, 23, 30, 2, 0, 0
15:54:01, 1367.40, 30.12, 31.25, 28.922, 7, 7, 9, 15, 59, 114, 190, 203, 281, 22, 0, 0, 1, 0, 0, 1, 7, 14, 22, 23, 30, 2, 0, 0
15:54:02, 1365.30, 30.12, 31.23, 28.922, 7, 7, 9, 15, 61, 116, 192, 207, 285, 23, 0, 0, 1, 0, 0, 1, 7, 14, 23, 23, 31, 2, 0, 0
15:54:03, 1360.90, 30.12, 31.23, 28.922, 8, 7, 9, 16, 61, 116, 192, 207, 283, 22, 0, 0, 1, 0, 0, 1, 7, 14, 23, 23, 31, 2, 0, 0
15:54:03, 1349.00, 30.12, 31.21, 28.922, 8, 8, 10, 16, 68, 130, 215, 230, 302, 23, 0, 0, 1, 0, 0, 1, 8, 16, 26, 27, 35, 2, 0, 0
15:54:04, 1339.30, 30.12, 31.23, 28.930, 9, 9, 11, 19, 77, 145, 236, 253, 304, 24, 0, 0, 1, 1, 1, 2, 9, 19, 30, 30, 40, 3, 0, 0
15:54:05, 1333.60, 30.12, 31.23, 28.930, 11, 10, 12, 22, 90, 166, 268, 289, 379, 29, 0, 0, 1, 1, 1, 2, 10, 20, 32, 32, 43, 3, 0, 0
15:54:05, 1325.60, 30.12, 31.21, 28.930, 12, 11, 14, 25, 99, 181, 289, 313, 444, 35, 0, 0, 1, 1, 1, 2, 12, 23, 35, 35, 48, 3, 0, 0
15:54:06, 1314.50, 30.12, 31.19, 28.930, 13, 12, 15, 29, 114, 206, 328, 351, 513, 40, 0, 0, 2, 1, 1, 3, 14, 27, 41, 41, 57, 4, 0, 0
15:54:07, 1306.90, 30.11, 31.21, 28.922, 16, 15, 19, 38, 146, 259, 410, 438, 632, 49, 0, 0, 2, 1, 1, 3, 17, 31, 47, 47, 66, 5, 0, 0
15:54:07, 1300.80, 30.11, 31.19, 28.922, 19, 18, 23, 47, 180, 314, 499, 522, 748, 57, 0, 0, 2, 2, 2, 4, 22, 41, 62, 62, 88, 7, 0, 0
15:54:08, 1296.60, 30.11, 31.19, 28.930, 29, 27, 34, 68, 256, 443, 733, 755, 1152, 87, 0, 0, 3, 2, 3, 5, 25, 47, 71, 71, 100, 8, 0, 0
15:54:09, 1290.10, 30.10, 31.21, 28.922, 28, 27, 33, 69, 258, 447, 698, 742, 1115, 84, 0, 0, 3, 3, 3, 6, 29, 53, 80, 80, 111, 9, 0, 0
15:54:09, 1282.00, 30.10, 31.19, 28.922, 33, 31, 38, 80, 295, 507, 783, 832, 1134, 86, 0, 0, 3, 3, 3, 7, 29, 53, 79, 78, 109, 9, 0, 0
15:54:10, 1276.80, 30.10, 31.21, 28.922, 28, 26, 33, 72, 259, 440, 670, 704, 901, 68, 0, 0, 3, 3, 3, 7, 30, 54, 79, 79, 110, 9, 0, 0
15:54:11, 1273.70, 30.10, 31.23, 28.922, 33, 31, 39, 86, 285, 481, 730, 777, 1192, 90, 0, 0, 4, 3, 3, 7, 31, 56, 81, 81, 118, 9, 0, 0
15:54:11, 1267.20, 30.10, 31.19, 28.922, 37, 35, 44, 100, 378, 629, 991, 1023, 1609, 120, 0, 0, 5, 4, 4, 9, 44, 78, 115, 115, 168, 14, 0, 0
15:54:12, 1257.70, 30.10, 31.23, 28.922, 62, 60, 75, 172, 694, 1133, 1836, 1851, 3002, 219, 0, 0, 8, 7, 8, 16, 71, 125, 182, 183, 266, 22, 0, 0
15:54:13, 1247.90, 30.10, 31.19, 28.922, 89, 85, 112, 263, 806, 1300, 1984, 2022, 3131, 227, 0, 0, 10, 9, 10, 20, 87, 151, 219, 221, 313, 26, 0, 0
15:54:13, 1240.50, 30.10, 31.23, 28.922, 133, 121, 165, 386, 1057, 1712, 2616, 2674, 4363, 307, 0, 0, 12, 10, 12, 25, 104, 178, 255, 257, 368, 31, 0, 0
15:54:14, 1235.40, 30.10, 31.21, 28.922, 150, 137, 199, 422, 1105, 1752, 2636, 2769, 4559, 337, 0, 0, 13, 11, 13, 27, 110, 186, 266, 267, 382, 32, 0, 0
15:54:15, 1225.40, 30.09, 31.23, 28.930, 149, 144, 196, 494, 1267, 1996, 2959, 3072, 5162, 366, 0, 0, 14, 12, 15, 31, 125, 209, 296, 297, 429, 36, 0, 0
15:54:15, 1212.60, 30.09, 31.21, 28.930, 137, 125, 179, 430, 1434, 2240, 3234, 3462, 5175, 383, 0, 0, 16, 14, 17, 38, 142, 233, 326, 327, 476, 40, 0, 0
15:54:16, 1210.50, 30.09, 31.21, 28.922, 158, 142, 217, 530, 1498, 2260, 3420, 3526, 6012, 439, 0, 0, 16, 13, 17, 37, 141, 231, 321, 322, 486, 40, 0, 0
15:54:17, 1203.50, 30.10, 31.23, 28.945, 181, 177, 257, 679, 1715, 2600, 3832, 3905, 6822, 473, 0, 0, 18, 16, 20, 43, 166, 269, 373, 374, 557, 47, 0, 0
15:54:17, 1190.80, 30.10, 31.19, 28.945, 202, 190, 287, 721, 2312, 3430, 5276, 5806, 7604, 576, 0, 0, 22, 19, 25, 56, 202, 321, 441, 442, 650, 56, 0, 0
15:54:18, 1186.20, 30.09, 31.21, 28.937, 186, 186, 273, 715, 2050, 3084, 4313, 4575, 7059, 520, 0, 0, 22, 19, 24, 56, 198, 311, 425, 425, 631, 53, 0, 0
15:54:19, 1186.50, 30.09, 31.21, 28.945, 176, 167, 269, 700, 1445, 2129, 2904, 3190, 5871, 453, 0, 0, 17, 14, 19, 44, 139, 217, 292, 290, 463, 38, 0, 0
15:54:19, 1183.10, 30.08, 31.19, 28.945, 133, 129, 207, 537, 1183, 1700, 2461, 2530, 4579, 336, 0, 0, 11, 9, 12, 30, 102, 158, 212, 208, 323, 27, 0, 0
15:54:20, 1164.80, 30.09, 31.26, 28.937, 89, 88, 138, 348, 884, 1251, 1685, 1951, 2662, 210, 0, 0, 12, 10, 14, 35, 124, 188, 246, 240, 353, 30, 0, 0
15:54:21, 1155.60, 30.09, 31.19, 28.961, 96, 93, 150, 373, 918, 1283, 1793, 1911, 1649, 126, 0, 0, 15, 13, 19, 47, 149, 222, 288, 282, 414, 35, 0, 0
15:54:21, 1149.10, 30.08, 31.19, 28.961, 135, 134, 232, 596, 1455, 2028, 2807, 2982, 3580, 256, 0, 0, 17, 15, 22, 55, 182, 268, 348, 342, 520, 44, 0, 0
15:54:22, 1142.80, 30.09, 31.21, 28.961, 303, 302, 580, 1509, 3352, 4615, 6506, 6678, 13156, 873, 0, 0, 29, 25, 38, 94, 290, 421, 550, 544, 899, 74, 0, 0
15:54:23, 1137.60, 30.09, 31.23, 28.977, 298, 308, 564, 1482, 3619, 5220, 6425, 7534, 15988, 1038, 0, 0, 27, 24, 37, 92, 255, 366, 472, 466, 768, 63, 0, 0
15:54:24, 1132.50, 30.09, 31.19, 28.977, 204, 214, 402, 1017, 1998, 2625, 3763, 3912, 5590, 427, 0, 0, 20, 17, 27, 68, 199, 283, 360, 352, 544, 46, 0, 0
15:54:24, 1129.30, 30.09, 31.21, 28.992, 201, 205, 422, 1037, 2157, 2839, 3935, 3957, 7448, 508, 0, 0, 17, 15, 24, 62, 183, 260, 329, 321, 502, 42, 0, 0
15:54:25, 1122.70, 30.10, 31.23, 29.016, 165, 178, 347, 854, 1753, 2303, 3073, 3350, 5242, 403, 0, 0, 19, 17, 27, 70, 195, 271, 341, 332, 542, 45, 0, 0
15:54:26, 1122.60, 30.10, 31.23, 29.016, 164, 180, 368, 870, 1919, 2442, 3301, 3512, 6541, 482, 0, 0, 16, 14, 24, 62, 178, 246, 309, 300, 491, 41, 0, 0
15:54:26, 1117.30, 30.10, 31.21, 29.023, 142, 152, 299, 710, 1258, 1665, 2192, 2440, 3236, 252, 0, 0, 18, 16, 26, 67, 189, 260, 325, 316, 485, 41, 0, 0
15:54:27, 1116.60, 30.10, 31.19, 29.031, 118, 122, 226, 522, 1035, 1353, 1784, 2096, 1733, 136, 0, 0, 19, 17, 28, 72, 190, 261, 324, 314, 474, 40, 0, 0
15:54:28, 1115.70, 30.10, 31.21, 29.031, 111, 118, 228, 532, 1065, 1414, 1836, 2089, 2674, 212, 0, 0, 17, 15, 25, 63, 176, 241, 301, 292, 477, 40, 0, 0
15:54:28, 1112.70, 30.10, 31.19, 29.031, 90, 95, 177, 406, 775, 1005, 1320, 1508, 2301, 193, 0, 0, 17, 15, 25, 64, 179, 243, 303, 294, 478, 40, 0, 0
15:54:29, 1111.80, 30.10, 31.23, 29.023, 54, 53, 105, 247, 505, 656, 821, 913, 1342, 108, 0, 0, 18, 16, 28, 71, 168, 229, 285, 276, 442, 37, 0, 0
15:54:30, 1104.20, 30.10, 31.19, 29.023, 93, 94, 188, 436, 797, 1056, 1390, 1439, 1729, 133, 0, 0, 16, 15, 25, 64, 189, 254, 316, 305, 478, 41, 0, 0
15:54:30, 1099.70, 30.10, 31.17, 29.008, 91, 102, 216, 466, 1078, 1376, 1702, 1866, 2864, 209, 0, 0, 16, 15, 27, 68, 200, 268, 327, 317, 477, 41, 0, 0
15:54:31, 1092.70, 30.10, 31.19, 29.008, 86, 100, 199, 427, 1140, 1391, 1810, 2014, 2061, 157, 0, 0, 19, 17, 31, 78, 200, 265, 322, 312, 480, 41, 0, 0
15:54:32, 1081.80, 30.10, 31.23, 29.008, 137, 170, 368, 745, 1413, 1717, 2170, 2437, 2976, 227, 0, 0, 20, 19, 36, 88, 225, 291, 351, 339, 533, 45, 0, 0
15:54:32, 1072.30, 30.10, 31.26, 29.016, 169, 224, 475, 906, 1511, 1807, 2242, 2609, 2814, 224, 0, 0, 23, 23, 47, 111, 246, 312, 373, 361, 584, 50, 0, 0
15:54:33, 1068.40, 30.10, 31.21, 29.031, 235, 332, 712, 1306, 2294, 2740, 3370, 3796, 6817, 515, 0, 0, 21, 21, 43, 101, 235, 296, 355, 344, 574, 48, 0, 0
15:54:34, 1058.90, 30.11, 31.23, 29.031, 243, 360, 756, 1312, 2131, 2476, 3087, 3426, 4235, 353, 0, 0, 25, 26, 55, 125, 285, 352, 418, 405, 667, 56, 0, 0
15:54:34, 1054.50, 30.10, 31.19, 29.023, 169, 235, 457, 802, 1326, 1595, 1845, 2368, 3310, 320, 0, 0, 25, 28, 58, 128, 257, 316, 375, 362, 606, 51, 0, 0
15:54:35, 1049.10, 30.11, 31.19, 29.031, 222, 351, 669, 1044, 1786, 2122, 2378, 2952, 5359, 549, 0, 0, 18, 21, 44, 95, 178, 217, 255, 245, 434, 36, 0, 0
15:54:36, 1041.90, 30.11, 31.19, 29.031, 180, 321, 601, 923, 844, 915, 1078, 1353, 1541, 166, 0, 0, 18, 21, 44, 94, 181, 223, 260, 250, 403, 34, 0, 0
15:54:36, 1026.90, 30.11, 31.23, 29.055, 189, 356, 577, 823, 1105, 1166, 1363, 1599, 1090, 156, 0, 0, 21, 27, 55, 110, 206, 249, 286, 275, 496, 42, 0, 0
15:54:37, 1019.50, 30.11, 31.23, 29.062, 142, 258, 380, 463, 444, 419, 492, 500, 493, 91, 0, 0, 13, 16, 32, 64, 121, 149, 173, 164, 325, 29, 0, 0
15:54:38, 1013.10, 30.12, 31.19, 29.062, 309, 502, 682, 751, 1507, 1419, 1727, 1755, 3726, 796, 0, 0, 21, 30, 57, 102, 214, 249, 282, 271, 599, 56, 0, 0
15:54:38, 1009.60, 30.12, 31.21, 29.070, 1386, 2246, 2999, 3547, 4251, 4375, 5073, 5647, 19886, 5887, 0, 0, 38, 60, 112, 187, 451, 483, 541, 539, 1597, 341, 0, 0
15:54:39, 1009.80, 30.12, 31.21, 29.070, 2004, 3189, 4335, 4955, 6026, 6211, 7070, 8251, 23446, 7798, 0, 0, 1435, 2390, 3340, 3772, 5761, 6010, 6602, 7687, 20384, 6292, 0, 0
15:54:40, 1009.80, 30.11, 31.19, 29.047, 1437, 2201, 2952, 3421, 3788, 4413, 4891, 5318, 17726, 5749, 0, 0, 1791, 2731, 3438, 4261, 5118, 4976, 6052, 6182, 26134, 11650, 0, 0
15:54:40, 1009.60, 30.11, 31.19, 28.859, 2006, 3047, 4157, 4773, 5943, 5976, 7022, 7863, 22280, 7409, 0, 0, 260, 336, 379, 501, 581, 706, 935, 1161, 3472, 2672, 0, 0
15:54:41, 1009.50, 30.12, 31.21, 28.859, 373, 466, 653, 881, 2071, 2259, 2925, 3286, 9062, 4483, 0, 0, 423, 576, 670, 861, 986, 1150, 1404, 1705, 5260, 3709, 0, 0
15:54:42, 1009.70, 30.12, 31.23, 28.797, 519, 761, 996, 1227, 1352, 1647, 1981, 2550, 6333, 3180, 0, 0, 556, 781, 928, 1160, 1116, 1256, 1551, 1866, 5764, 3815, 0, 0
