Secchi Depth (cm) = /1.1
Forel Ule Scale = os
pH Colour Scale = 19
SensingSecchi S/N = A016
Latitude (degs N) = 34.03294
Longitude (degs E) = -77.93965
Date = 2026-06-10
Time (UTC), Pressure (mbar) MS5803, Temp (deg C) MS5803, Temp (deg C) 10KTHERM, Temp (deg C) TMP117, ED 415nm, ED 445nm, ED 480nm, ED 515nm, ED 555nm, ED 590nm, ED 630nm, ED 680nm, ED Clear, ED NIR, ED D-SAT, ED A-SAT, EU 415nm, EU 445nm, EU 480nm, EU 515nm, EU 555nm, EU 590nm, EU 630nm, EU 680nm, EU Clear, EU NIR, EU D-SAT, EU A-SAT
16:00:00, 1013.10, 26.58, 27.16, 27.930, 1913, 2863, 3995, 4502, 6079, 6014, 7185, 8110, 36000, 19333, 1, 1, 1120, 1810, 2381, 3141, 3982, 4073, 6104, 6792, 13849, 7137, 0, 0
16:00:00, 1013.30, 26.59, 27.17, 27.930, 3811, 4817, 7983, 7385, 10582, 9234, 12053, 12856, 36000, 36000, 1, 1, 1654, 2718, 3846, 4604, 6514, 6269, 8734, 9972, 21150, 10046, 0, 0
16:00:01, 1013.20, 26.59, 27.16, 27.914, 2408, 3503, 5160, 5592, 6239, 5688, 7791, 7807, 36000, 24017, 1, 1, 2383, 3786, 5715, 6197, 8398, 8573, 10867, 13437, 28036, 12758, 0, 0
16:00:02, 1013.50, 26.60, 27.19, 27.945, 1607, 2459, 3375, 3806, 3993, 3982, 5025, 5601, 28109, 12476, 0, 0, 1856, 3048, 4190, 5145, 6004, 6210, 8861, 10172, 23026, 11666, 0, 0
16:00:02, 1013.50, 26.60, 27.14, 27.945, 1471, 2127, 3010, 3323, 3942, 3986, 4710, 5242, 22554, 9766, 0, 0, 1795, 2846, 3692, 4843, 5711, 6515, 9066, 10891, 26432, 13850, 0, 0
16:00:03, 1013.30, 26.60, 27.14, 27.969, 1715, 2673, 3668, 4178, 4642, 4720, 5485, 6161, 25844, 10024, 0, 0, 2539, 4029, 5370, 6894, 9526, 10547, 13877, 16616, 36000, 19813, 1, 1
16:00:04, 1013.00, 26.61, 27.12, 28.031, 1661, 2522, 3452, 4000, 4688, 4858, 5608, 6305, 27770, 11045, 0, 0, 5150, 8730, 11945, 14155, 20438, 21098, 25761, 31774, 36000, 35973, 1, 1
16:00:04, 1012.90, 26.61, 27.14, 28.031, 1295, 1925, 2622, 3048, 3314, 3445, 4037, 4367, 18698, 7329, 0, 0, 6228, 9596, 13825, 16133, 17215, 21542, 24226, 33018, 36000, 30032, 1, 1
16:00:05, 1013.60, 26.61, 27.12, 28.055, 1364, 2079, 2780, 3249, 3418, 3505, 4119, 4376, 15052, 5294, 0, 0, 2293, 3337, 4069, 5106, 5352, 7003, 10424, 14355, 36000, 23489, 1, 1
16:00:06, 1013.30, 26.62, 27.14, 28.078, 1483, 2246, 2996, 3491, 4750, 4866, 5573, 6199, 18809, 7062, 0, 0, 1984, 2460, 3973, 4062, 5047, 5949, 7165, 8826, 34917, 13225, 0, 1
16:00:06, 1014.80, 26.64, 27.10, 28.078, 1675, 2580, 3477, 3981, 4192, 4211, 5071, 5471, 16757, 6133, 0, 0, 872, 1231, 1512, 1936, 3710, 4637, 7005, 10372, 22691, 12158, 0, 0
16:00:07, 1013.20, 26.61, 27.08, 28.125, 1681, 2648, 3486, 4319, 4634, 4829, 5714, 6409, 19699, 7136, 0, 0, 1149, 1643, 1964, 2643, 1979, 2718, 4940, 7036, 17080, 9774, 0, 0
16:00:08, 1013.60, 26.62, 27.14, 28.141, 138, 154, 198, 235, 400, 566, 709, 984, 2325, 1500, 0, 0, 1109, 1643, 2089, 2424, 2812, 2767, 4686, 5279, 14335, 6431, 0, 0
16:00:08, 1013.10, 26.63, 27.12, 28.141, 1538, 2295, 3177, 3647, 3775, 3920, 4641, 5047, 21707, 8860, 0, 0, 4952, 7737, 10889, 13265, 13175, 15821, 18107, 23285, 36000, 18167, 1, 1
16:00:09, 1013.00, 26.63, 27.16, 28.109, 1852, 2756, 3809, 4412, 6292, 6689, 7637, 8915, 31285, 12618, 0, 0, 2135, 3218, 4521, 5700, 7805, 7896, 9472, 10530, 30055, 11985, 0, 0
16:00:10, 1015.10, 26.65, 27.10, 28.102, 2303, 3514, 4811, 5637, 7235, 7741, 9117, 10317, 30477, 11176, 0, 0, 1152, 1752, 2516, 3164, 2844, 3100, 3333, 3590, 10517, 2946, 0, 0
16:00:10, 1020.50, 26.71, 27.16, 28.102, 2320, 3626, 4998, 5740, 6683, 7075, 8317, 9319, 29862, 10836, 0, 0, 221, 324, 634, 1116, 1769, 2022, 2121, 1981, 5191, 510, 0, 0
16:00:11, 1024.10, 26.77, 27.08, 27.359, 2424, 3917, 5635, 6601, 7188, 7586, 9067, 9985, 31328, 8027, 0, 0, 247, 358, 717, 1285, 1834, 2097, 2205, 2052, 5441, 521, 0, 0
16:00:12, 1024.50, 26.80, 27.08, 26.984, 1689, 2757, 3913, 4650, 14231, 13930, 18720, 19046, 26923, 7205, 0, 0, 204, 294, 580, 1041, 1809, 2075, 2184, 2041, 5363, 530, 0, 0
16:00:12, 1024.70, 26.81, 27.10, 26.984, 3892, 7433, 10180, 13250, 9328, 10204, 11856, 14785, 19138, 3439, 0, 0, 190, 268, 546, 1007, 1708, 1975, 2073, 1913, 4793, 452, 0, 0
16:00:13, 1019.80, 26.82, 27.07, 26.820, 4136, 8387, 9097, 15536, 22600, 21622, 31250, 32954, 34558, 10354, 0, 1, 211, 307, 601, 1072, 1927, 2216, 2324, 2176, 5296, 518, 0, 0
16:00:14, 1023.80, 26.83, 27.07, 26.820, 2771, 4740, 6568, 7612, 6113, 6428, 7576, 8608, 29492, 7476, 0, 0, 204, 294, 587, 1061, 1875, 2164, 2269, 2117, 4973, 469, 0, 0
16:00:14, 1018.30, 26.84, 27.07, 26.742, 2256, 3599, 5228, 6223, 7658, 8110, 9648, 10863, 29453, 7663, 0, 0, 204, 298, 584, 1043, 1727, 1997, 2088, 1948, 4335, 421, 0, 0
16:00:15, 1024.80, 26.84, 27.12, 26.719, 2157, 3426, 4693, 5505, 6315, 6604, 7581, 8808, 24493, 6793, 0, 0, 163, 231, 460, 837, 1471, 1708, 1776, 1621, 3469, 318, 0, 0
16:00:16, 1021.50, 26.85, 27.10, 26.719, 1482, 2441, 3539, 4322, 5270, 5624, 6583, 7455, 18709, 3546, 0, 0, 160, 225, 452, 834, 1456, 1700, 1767, 1614, 3055, 273, 0, 0
16:00:16, 1022.40, 26.86, 27.08, 26.719, 1955, 3194, 4462, 5416, 5911, 6404, 7380, 8403, 24712, 5531, 0, 0, 154, 219, 438, 800, 1471, 1704, 1780, 1616, 3208, 293, 0, 0
16:00:17, 1019.00, 26.87, 27.08, 26.719, 3864, 6014, 8595, 10945, 6755, 7393, 8232, 9711, 31672, 9796, 0, 0, 148, 208, 413, 758, 1383, 1609, 1674, 1510, 2941, 274, 0, 0
16:00:18, 1024.90, 26.88, 27.08, 26.719, 1620, 2587, 3613, 4268, 4894, 5111, 5989, 6777, 21288, 5158, 0, 0, 139, 192, 386, 715, 1375, 1611, 1672, 1508, 2918, 259, 0, 0
16:00:18, 1023.80, 26.88, 27.08, 26.711, 1556, 2571, 3735, 4573, 6012, 6334, 7557, 8413, 21301, 4100, 0, 0, 174, 245, 497, 916, 1657, 1933, 2017, 1865, 3781, 344, 0, 0
16:00:19, 1021.60, 26.89, 27.07, 26.711, 4201, 7416, 11827, 15493, 20431, 23002, 28574, 29073, 36000, 19535, 1, 1, 216, 314, 621, 1115, 1883, 2168, 2277, 2133, 5028, 485, 0, 0
16:00:20, 1021.40, 26.90, 27.08, 26.711, 3129, 4971, 7378, 8712, 6732, 7155, 8398, 9437, 24553, 6164, 0, 0, 206, 297, 589, 1065, 1829, 2112, 2215, 2064, 4920, 473, 0, 0
16:00:20, 1026.90, 26.91, 27.08, 26.711, 1871, 3069, 4372, 5118, 6387, 6609, 7727, 8971, 24245, 5424, 0, 0, 182, 257, 516, 947, 1760, 2048, 2149, 1987, 4719, 439, 0, 0
16:00:21, 1020.60, 26.91, 27.08, 26.711, 1766, 2873, 4221, 5012, 6426, 6658, 8005, 8794, 23966, 5231, 0, 0, 224, 321, 644, 1172, 2033, 2341, 2462, 2305, 5610, 530, 0, 0
16:00:22, 1019.10, 26.92, 27.08, 26.711, 4979, 10036, 14157, 19353, 23815, 23078, 23669, 34601, 36000, 28151, 1, 1, 197, 284, 553, 984, 1800, 2077, 2177, 2030, 4919, 481, 0, 0
16:00:22, 1030.20, 26.92, 27.03, 26.719, 1894, 3086, 4265, 5009, 5198, 5429, 6258, 7206, 24002, 6278, 0, 0, 151, 210, 417, 763, 1349, 1586, 1645, 1489, 3535, 327, 0, 0
16:00:23, 1017.50, 26.93, 27.07, 26.711, 1240, 2065, 3158, 3924, 5274, 5551, 6386, 7312, 19104, 3228, 0, 0, 183, 256, 515, 957, 1840, 2135, 2236, 2078, 4697, 451, 0, 0
16:00:24, 1018.90, 26.93, 27.07, 26.711, 2590, 4011, 5622, 6548, 8046, 8600, 9649, 11297, 32122, 11295, 0, 0, 227, 335, 647, 1130, 1851, 2136, 2237, 2090, 4514, 438, 0, 0
16:00:24, 1030.70, 26.94, 27.07, 26.703, 3708, 6584, 9297, 11371, 4864, 5206, 5947, 6809, 23390, 5813, 0, 0, 141, 196, 392, 715, 1314, 1540, 1605, 1447, 2924, 260, 0, 0
16:00:25, 1023.80, 26.94, 27.05, 26.703, 1440, 2463, 3681, 4626, 5765, 6246, 7231, 8299, 23843, 4492, 0, 0, 153, 209, 428, 807, 1623, 1894, 1979, 1799, 3467, 304, 0, 0
16:00:26, 1017.70, 26.95, 27.05, 26.703, 2083, 3410, 4744, 5713, 6505, 7207, 7987, 9438, 31150, 10025, 0, 0, 163, 230, 455, 828, 1478, 1718, 1788, 1615, 3165, 293, 0, 0
16:00:26, 1030.20, 26.96, 27.07, 26.695, 1646, 2655, 3700, 4374, 5157, 5478, 6561, 7205, 19222, 3923, 0, 0, 164, 229, 465, 859, 1608, 1877, 1967, 1800, 3462, 303, 0, 0
16:00:27, 1028.90, 26.96, 27.05, 26.695, 3934, 6829, 10662, 13544, 18094, 18250, 20217, 24063, 36000, 11389, 1, 1, 171, 236, 488, 914, 1660, 1943, 2032, 1871, 3631, 317, 0, 0
16:00:28, 1024.40, 26.97, 27.07, 26.695, 1683, 2809, 4192, 5140, 5910, 6204, 7393, 8284, 19352, 3509, 0, 0, 189, 267, 539, 997, 1685, 1976, 2059, 1893, 3754, 341, 0, 0
16:00:28, 1030.40, 26.97, 27.03, 26.695, 1566, 2596, 3770, 4457, 5011, 5293, 5942, 7012, 21124, 4112, 0, 0, 137, 183, 374, 711, 1384, 1640, 1700, 1524, 3109, 272, 0, 0
16:00:29, 1029.60, 26.98, 27.01, 26.695, 1928, 3563, 5444, 6105, 12190, 12240, 14240, 20796, 33824, 11464, 0, 1, 152, 206, 423, 807, 1545, 1819, 1899, 1736, 3429, 301, 0, 0
16:00:30, 1029.40, 26.98, 27.05, 26.695, 3047, 6196, 8912, 11190, 15618, 15254, 18971, 23954, 35623, 11920, 0, 1, 158, 218, 443, 829, 1546, 1814, 1899, 1739, 3643, 331, 0, 0
16:00:30, 1032.30, 26.99, 27.07, 26.687, 6026, 8761, 15283, 17932, 20247, 21139, 22313, 24663, 36000, 14964, 1, 1, 178, 247, 506, 943, 1669, 1957, 2049, 1873, 4012, 357, 0, 0
16:00:31, 1030.70, 26.99, 27.05, 26.687, 1455, 2557, 3823, 4889, 5743, 6041, 7045, 8275, 17499, 2476, 0, 0, 171, 236, 487, 918, 1675, 1969, 2063, 1904, 3931, 351, 0, 0
16:00:32, 1029.70, 27.00, 27.07, 26.687, 3498, 6109, 10174, 11691, 17793, 17829, 24138, 26573, 36000, 10510, 1, 1, 186, 261, 534, 991, 1754, 2048, 2149, 1984, 4237, 381, 0, 0
16:00:32, 1027.20, 27.00, 27.03, 26.695, 1607, 2817, 4059, 5088, 8278, 8134, 9272, 12282, 25639, 4419, 0, 0, 161, 219, 447, 845, 1476, 1738, 1810, 1638, 3319, 294, 0, 0
16:00:33, 1040.60, 27.00, 27.07, 26.703, 3201, 5191, 7985, 9363, 17709, 19956, 22677, 27540, 36000, 22947, 1, 1, 137, 184, 380, 723, 1392, 1651, 1729, 1567, 3159, 275, 0, 0
16:00:34, 1030.70, 27.01, 27.05, 26.703, 2667, 5317, 9364, 9992, 10353, 10195, 11556, 15268, 28818, 4352, 0, 0, 154, 205, 428, 829, 1555, 1841, 1923, 1753, 3324, 287, 0, 0
16:00:34, 1023.00, 27.01, 27.03, 26.680, 1225, 2032, 2959, 3609, 4282, 4502, 5319, 5851, 13222, 2346, 0, 0, 165, 227, 462, 863, 1540, 1806, 1877, 1708, 3367, 297, 0, 0
16:00:35, 1028.50, 27.01, 27.03, 26.680, 1795, 3024, 4407, 5157, 12891, 12896, 14833, 22030, 33940, 13338, 0, 1, 169, 233, 476, 894, 1593, 1874, 1956, 1798, 3362, 294, 0, 0
16:00:36, 1032.10, 27.02, 27.03, 26.680, 3248, 5287, 8185, 10449, 12182, 12817, 13751, 19853, 35783, 9809, 0, 1, 146, 197, 410, 779, 1439, 1692, 1769, 1598, 3258, 283, 0, 0
16:00:36, 1029.80, 27.02, 27.08, 26.680, 1288, 2145, 3196, 3888, 4201, 4528, 5175, 5964, 11756, 1794, 0, 0, 171, 234, 481, 915, 1626, 1917, 2000, 1831, 3594, 316, 0, 0
16:00:37, 1032.30, 27.02, 27.03, 26.680, 1517, 2545, 3829, 4762, 5391, 5808, 6521, 7668, 22355, 3728, 0, 0, 140, 188, 388, 738, 1362, 1615, 1677, 1507, 3043, 265, 0, 0
16:00:38, 1033.10, 27.03, 27.03, 26.680, 1293, 2221, 3339, 4098, 5222, 5531, 6285, 7312, 19379, 3151, 0, 0, 143, 192, 397, 756, 1488, 1755, 1829, 1657, 3457, 305, 0, 0
16:00:38, 1021.70, 27.03, 27.03, 26.695, 1441, 2401, 3597, 4526, 5719, 6005, 7009, 8056, 19086, 3041, 0, 0, 183, 257, 520, 971, 1761, 2055, 2152, 1985, 3996, 359, 0, 0
16:00:39, 1027.60, 27.03, 27.07, 26.695, 4826, 9250, 14772, 16606, 19024, 19422, 21010, 26362, 36000, 18487, 1, 1, 222, 323, 648, 1157, 2003, 2311, 2448, 2305, 4953, 460, 0, 0
16:00:40, 1026.80, 27.03, 27.05, 26.703, 4398, 8458, 13800, 15492, 20110, 17035, 20265, 26813, 35965, 11606, 0, 1, 196, 279, 566, 1030, 1815, 2115, 2227, 2075, 4192, 383, 0, 0
16:00:40, 1024.00, 27.04, 27.07, 26.711, 4546, 7958, 12387, 14262, 25883, 28012, 28083, 30452, 36000, 22895, 1, 1, 187, 261, 534, 992, 1839, 2145, 2244, 2064, 4060, 357, 0, 0
16:00:41, 1018.70, 27.04, 27.07, 26.711, 2227, 3612, 5131, 5974, 6651, 7122, 7936, 9306, 28330, 8003, 0, 0, 153, 212, 421, 772, 1341, 1570, 1631, 1464, 2902, 267, 0, 0
16:00:42, 1028.20, 27.04, 27.03, 26.719, 990, 1589, 2159, 2555, 2827, 2978, 3471, 3745, 8266, 1624, 0, 0, 141, 191, 389, 730, 1372, 1620, 1680, 1522, 2879, 250, 0, 0
16:00:42, 1032.00, 27.05, 27.03, 26.719, 986, 1663, 2539, 3115, 4473, 4749, 5588, 6080, 12571, 1633, 0, 0, 143, 191, 397, 762, 1402, 1658, 1731, 1564, 3035, 262, 0, 0
16:00:43, 1022.40, 27.05, 27.01, 26.719, 4019, 7686, 11118, 13649, 12503, 12789, 14111, 19026, 35784, 11219, 0, 1, 171, 239, 482, 896, 1659, 1934, 2020, 1841, 3897, 353, 0, 0
16:00:44, 1021.00, 27.05, 27.05, 26.695, 2370, 3784, 5330, 6192, 7306, 7707, 8817, 10218, 28764, 8248, 0, 0, 206, 297, 588, 1054, 1829, 2115, 2219, 2054, 4656, 439, 0, 0
16:00:44, 1038.20, 27.06, 27.01, 26.703, 4399, 8391, 11609, 14539, 21736, 22014, 24702, 29469, 36000, 19068, 1, 1, 208, 298, 606, 1103, 1951, 2271, 2407, 2258, 4974, 452, 0, 0
16:00:45, 1033.70, 27.06, 27.07, 26.703, 2003, 3469, 5571, 7548, 18040, 18754, 23658, 27185, 35490, 4672, 0, 1, 180, 246, 511, 978, 1753, 2069, 2170, 1993, 4254, 382, 0, 0
16:00:46, 1027.90, 27.06, 27.01, 26.711, 1865, 3280, 4965, 6441, 5143, 5464, 6393, 6996, 20415, 3407, 0, 0, 154, 209, 427, 807, 1380, 1631, 1693, 1509, 3261, 289, 0, 0
16:00:46, 1035.20, 27.06, 27.01, 26.719, 779, 1281, 1955, 2449, 3116, 3295, 3897, 4246, 9034, 1326, 0, 0, 143, 189, 393, 762, 1402, 1663, 1736, 1571, 3174, 278, 0, 0
16:00:47, 1034.40, 27.07, 27.05, 26.719, 2026, 3380, 5271, 7148, 8672, 9454, 11086, 13255, 26750, 3190, 0, 0, 172, 233, 486, 921, 1726, 2030, 2136, 1969, 3906, 343, 0, 0
16:00:48, 1032.40, 27.07, 26.99, 26.703, 2968, 5837, 8761, 11211, 16974, 17640, 22169, 23993, 36000, 7345, 1, 1, 178, 241, 499, 948, 1678, 1972, 2067, 1881, 4076, 368, 0, 0
16:00:48, 1029.60, 27.07, 27.01, 26.711, 3298, 6136, 9692, 12182, 14656, 15729, 16982, 20727, 35412, 7681, 0, 1, 160, 217, 447, 851, 1499, 1765, 1847, 1674, 3459, 307, 0, 0
16:00:49, 1037.60, 27.07, 27.07, 26.711, 4117, 8198, 12634, 15166, 19368, 20930, 24394, 26279, 36000, 13884, 1, 1, 198, 280, 572, 1039, 1830, 2130, 2255, 2098, 4738, 430, 0, 0
16:00:50, 1034.20, 27.08, 27.01, 26.711, 1673, 1802, 3321, 4536, 10661, 11735, 13408, 16727, 23475, 2564, 0, 0, 189, 257, 538, 1025, 1885, 2216, 2330, 2150, 4364, 384, 0, 0
16:00:50, 1032.50, 27.08, 27.05, 26.719, 3203, 6110, 9843, 12077, 12866, 14467, 14778, 20211, 36000, 9215, 1, 1, 161, 219, 455, 861, 1462, 1721, 1798, 1616, 3288, 286, 0, 0
16:00:51, 1038.10, 27.08, 27.05, 26.719, 1235, 2129, 3226, 4055, 6422, 6853, 7895, 9596, 22706, 4013, 0, 0, 153, 210, 434, 817, 1532, 1790, 1884, 1731, 3566, 312, 0, 0
16:00:52, 1038.60, 27.08, 27.03, 26.711, 3583, 6206, 10101, 13973, 11206, 12088, 14500, 18188, 35058, 7282, 0, 1, 202, 275, 581, 1098, 2044, 2390, 2533, 2345, 4643, 401, 0, 0
16:00:52, 1032.20, 27.09, 27.03, 26.711, 3023, 6272, 9282, 11522, 16547, 16364, 18206, 24653, 35319, 7017, 0, 1, 206, 284, 593, 1117, 2030, 2368, 2496, 2308, 4895, 438, 0, 0
16:00:53, 1037.20, 27.09, 27.08, 26.711, 3624, 6957, 10232, 13623, 15174, 18945, 18710, 24177, 36000, 13635, 1, 1, 200, 284, 579, 1041, 1765, 2046, 2167, 2001, 4809, 443, 0, 0
16:00:54, 1040.80, 27.09, 27.08, 26.711, 2544, 5123, 7560, 9707, 11680, 12001, 14478, 17902, 29687, 3066, 0, 0, 186, 254, 533, 1009, 1778, 2085, 2201, 2036, 4202, 366, 0, 0
16:00:54, 1030.70, 27.10, 27.03, 26.727, 2297, 4156, 6325, 8351, 8573, 9824, 11215, 13760, 19534, 2043, 0, 0, 201, 274, 577, 1097, 1886, 2207, 2318, 2126, 4168, 357, 0, 0
16:00:55, 1033.70, 27.10, 27.08, 26.727, 3259, 6390, 8572, 12065, 7172, 7553, 8963, 10038, 24938, 4343, 0, 0, 165, 226, 466, 877, 1519, 1783, 1859, 1692, 3412, 296, 0, 0
16:00:56, 1039.20, 27.10, 27.03, 26.719, 4138, 7518, 12449, 14174, 10069, 10840, 13404, 17728, 33103, 6890, 0, 1, 174, 237, 495, 927, 1747, 2047, 2163, 1999, 4050, 353, 0, 0
16:00:56, 1029.40, 27.11, 27.05, 26.719, 2428, 3635, 5472, 8245, 8926, 12205, 13227, 14624, 26225, 2726, 0, 0, 224, 310, 648, 1211, 2192, 2544, 2688, 2504, 4994, 438, 0, 0
16:00:57, 1034.20, 27.11, 27.03, 26.719, 3553, 6516, 10348, 12316, 22860, 24010, 25182, 27759, 36000, 17794, 1, 1, 202, 283, 582, 1066, 1831, 2131, 2249, 2076, 4691, 425, 0, 0
16:00:58, 1042.20, 27.11, 27.03, 26.711, 3993, 7073, 11432, 13193, 14087, 14866, 16858, 23221, 36000, 10045, 1, 1, 179, 244, 512, 965, 1844, 2164, 2288, 2114, 4277, 370, 0, 0
16:00:58, 1035.70, 27.12, 27.05, 26.719, 2161, 3717, 5975, 8375, 7482, 8989, 10760, 11900, 24032, 2259, 0, 0, 208, 278, 593, 1143, 2148, 2507, 2654, 2460, 4805, 412, 0, 0
16:00:59, 1027.80, 27.12, 27.03, 26.719, 4533, 8641, 14478, 16742, 14850, 15195, 19254, 21236, 35458, 8167, 0, 1, 209, 293, 606, 1119, 1902, 2206, 2320, 2141, 4239, 366, 0, 0
16:01:00, 1038.60, 27.12, 27.05, 26.711, 3304, 5541, 8390, 10577, 11694, 12184, 14425, 19307, 36000, 21163, 1, 1, 174, 245, 499, 898, 1737, 2015, 2139, 1978, 4206, 371, 0, 0
16:01:00, 1040.90, 27.13, 27.07, 26.727, 1054, 1847, 2725, 5252, 7369, 8284, 11915, 9425, 34398, 5486, 0, 1, 190, 258, 547, 1035, 1951, 2272, 2422, 2230, 4465, 383, 0, 0
16:01:01, 1028.40, 27.13, 27.05, 26.727, 2512, 4074, 6225, 8612, 11824, 12377, 13507, 17609, 33942, 5665, 0, 1, 200, 279, 578, 1077, 1869, 2174, 2283, 2098, 4272, 377, 0, 0
16:01:02, 1036.30, 27.13, 27.08, 26.727, 5598, 8781, 14381, 17672, 15390, 16279, 17470, 21290, 36000, 11592, 1, 1, 165, 227, 464, 866, 1539, 1804, 1894, 1719, 3755, 341, 0, 0
16:01:02, 1043.50, 27.14, 27.01, 26.734, 2667, 4911, 8313, 10336, 12750, 13167, 15490, 19939, 35905, 4702, 0, 1, 179, 236, 504, 982, 1840, 2172, 2291, 2105, 4141, 353, 0, 0
16:01:03, 1026.40, 27.14, 27.07, 26.734, 2230, 3636, 5457, 7815, 11967, 11856, 14918, 18382, 33382, 5038, 0, 1, 202, 281, 585, 1084, 1984, 2302, 2423, 2240, 4478, 387, 0, 0
16:01:04, 1034.00, 27.14, 27.08, 26.711, 1463, 2384, 3446, 4225, 4941, 5234, 6145, 6802, 15881, 2724, 0, 0, 157, 215, 440, 826, 1379, 1621, 1683, 1514, 3086, 271, 0, 0
16:01:04, 1039.30, 27.14, 27.05, 26.711, 2277, 4354, 6850, 9174, 7712, 9015, 11805, 10864, 31467, 4244, 0, 0, 185, 250, 528, 1000, 1790, 2093, 2215, 2039, 4070, 351, 0, 0
16:01:05, 1034.90, 27.15, 27.05, 26.711, 1540, 2073, 3007, 5925, 5310, 7904, 9331, 8451, 22333, 2154, 0, 0, 189, 260, 546, 1027, 1761, 2058, 2163, 1989, 3933, 333, 0, 0
16:01:06, 1036.60, 27.15, 27.10, 26.719, 3171, 6361, 10040, 11353, 12091, 12503, 15189, 18988, 35436, 5423, 0, 1, 186, 254, 531, 999, 1858, 2167, 2287, 2106, 4732, 425, 0, 0
16:01:06, 1044.20, 27.15, 27.07, 26.719, 3624, 6151, 10322, 13529, 14918, 15737, 17753, 22272, 36000, 7998, 1, 1, 157, 208, 438, 848, 1659, 1970, 2068, 1880, 3865, 334, 0, 0
16:01:07, 1036.30, 27.16, 27.07, 26.727, 1965, 3293, 5070, 7117, 10852, 10846, 13058, 16858, 26458, 2447, 0, 0, 173, 228, 484, 942, 1768, 2090, 2187, 2000, 3908, 333, 0, 0
16:01:08, 1037.00, 27.16, 27.08, 26.711, 1301, 2242, 3494, 4451, 6220, 6669, 7887, 8710, 19825, 2756, 0, 0, 165, 224, 467, 890, 1668, 1963, 2057, 1872, 3943, 344, 0, 0
16:01:08, 1043.10, 27.16, 27.03, 26.711, 3665, 6195, 9961, 13606, 15456, 18849, 18217, 24284, 36000, 10220, 1, 1, 169, 226, 478, 912, 1742, 2055, 2162, 1971, 4090, 353, 0, 0
16:01:09, 1040.20, 27.16, 27.05, 26.719, 2132, 4293, 6721, 8785, 12614, 12125, 14368, 19440, 34115, 3792, 0, 1, 164, 215, 457, 894, 1693, 2007, 2107, 1913, 3700, 311, 0, 0
16:01:10, 1033.70, 27.16, 27.03, 26.711, 987, 1657, 2606, 3428, 3664, 3968, 4633, 5010, 9656, 1133, 0, 0, 165, 221, 465, 897, 1617, 1903, 1987, 1807, 3392, 286, 0, 0
16:01:10, 1039.70, 27.16, 27.08, 26.711, 1111, 1884, 2865, 3578, 4938, 5222, 6164, 6660, 17043, 2275, 0, 0, 148, 199, 411, 787, 1460, 1727, 1803, 1618, 3333, 286, 0, 0
16:01:11, 1045.90, 27.16, 27.07, 26.711, 2908, 5249, 8927, 11309, 12700, 13502, 15679, 18876, 35778, 4498, 0, 1, 159, 204, 439, 871, 1672, 1987, 2085, 1885, 3727, 314, 0, 0
16:01:12, 1039.90, 27.17, 27.08, 26.719, 2042, 3976, 6269, 8128, 8820, 10081, 12331, 14130, 30593, 2793, 0, 0, 177, 234, 497, 956, 1760, 2074, 2180, 1996, 3878, 326, 0, 0
16:01:12, 1041.70, 27.17, 27.05, 26.719, 2698, 5364, 8750, 11739, 14786, 15632, 19512, 21662, 36000, 5921, 1, 1, 162, 215, 455, 882, 1653, 1957, 2054, 1860, 3843, 332, 0, 0
16:01:13, 1034.40, 27.17, 27.05, 26.703, 2174, 4153, 6756, 9223, 10241, 10590, 13063, 14748, 24618, 2814, 0, 0, 195, 262, 552, 1067, 1962, 2309, 2421, 2222, 4628, 409, 0, 0
16:01:14, 1035.40, 27.17, 27.08, 26.719, 4242, 8186, 12810, 16360, 16481, 17168, 20598, 21949, 31564, 6198, 0, 0, 194, 269, 556, 1050, 1896, 2231, 2339, 2159, 4526, 404, 0, 0
16:01:14, 1050.00, 27.17, 27.07, 26.719, 3482, 7140, 11242, 14861, 12606, 13643, 15809, 18722, 36000, 5975, 1, 1, 171, 228, 482, 931, 1706, 2027, 2139, 1956, 4328, 383, 0, 0
16:01:15, 1041.10, 27.18, 27.05, 26.734, 1867, 3442, 5411, 7893, 8496, 8481, 11935, 12582, 13030, 1392, 0, 0, 166, 214, 457, 911, 1721, 2052, 2148, 1953, 4159, 364, 0, 0
16:01:16, 1027.10, 27.18, 27.07, 26.711, 951, 1630, 2536, 3221, 3988, 4193, 4954, 5301, 13957, 2158, 0, 0, 175, 238, 489, 931, 1768, 2081, 2170, 1975, 4139, 366, 0, 0
16:01:16, 1037.00, 27.18, 27.05, 26.711, 1152, 1953, 2872, 3567, 6751, 7129, 8709, 9836, 16051, 2413, 0, 0, 184, 249, 521, 995, 1831, 2148, 2257, 2074, 4246, 366, 0, 0
16:01:17, 1044.40, 27.18, 27.08, 26.711, 2807, 4057, 6602, 8705, 10890, 12430, 13030, 17506, 18179, 2062, 0, 0, 189, 256, 538, 1033, 1860, 2191, 2317, 2146, 4511, 398, 0, 0
16:01:18, 1038.10, 27.18, 27.08, 26.734, 1926, 3571, 6023, 8163, 10492, 10866, 13481, 15791, 23777, 2531, 0, 0, 184, 243, 516, 1011, 1942, 2304, 2416, 2219, 4560, 400, 0, 0
16:01:18, 1025.70, 27.18, 27.03, 26.734, 2622, 4731, 7478, 9778, 6200, 6577, 7893, 8520, 22596, 3594, 0, 0, 196, 271, 553, 1035, 1827, 2131, 2232, 2026, 4606, 416, 0, 0
16:01:19, 1033.40, 27.18, 27.05, 26.711, 1340, 2208, 3192, 3871, 4074, 4282, 5043, 5514, 13294, 2153, 0, 0, 174, 240, 495, 920, 1802, 2104, 2216, 2056, 4061, 354, 0, 0
16:01:20, 1045.10, 27.18, 27.08, 26.727, 3848, 6842, 11400, 14515, 14196, 15649, 18101, 21196, 36000, 7984, 1, 1, 187, 252, 535, 1011, 1913, 2241, 2384, 2198, 4425, 377, 0, 0
16:01:20, 1031.00, 27.19, 27.07, 26.727, 1637, 2363, 3807, 5896, 7387, 7679, 9273, 11217, 23638, 2543, 0, 0, 173, 231, 487, 937, 1729, 2036, 2132, 1941, 3685, 312, 0, 0
16:01:21, 1036.30, 27.19, 27.07, 26.680, 1541, 2676, 3982, 4786, 12576, 14522, 15736, 20495, 31240, 13137, 0, 0, 178, 245, 505, 941, 1673, 1955, 2051, 1875, 3848, 337, 0, 0
16:01:22, 1043.50, 27.19, 27.07, 26.695, 2434, 4277, 7085, 9234, 8002, 8780, 11816, 11258, 35784, 5760, 0, 1, 198, 267, 566, 1074, 1993, 2336, 2482, 2300, 4574, 394, 0, 0
16:01:22, 1037.90, 27.19, 27.03, 26.695, 2097, 2606, 4152, 6809, 6202, 8615, 8900, 10317, 16481, 1877, 0, 0, 227, 308, 648, 1235, 2263, 2649, 2806, 2616, 5244, 463, 0, 0
16:01:23, 1036.20, 27.20, 27.10, 26.680, 3188, 5992, 9543, 12846, 19901, 21537, 26490, 28846, 36000, 11227, 1, 1, 200, 277, 573, 1071, 1810, 2113, 2227, 2040, 4662, 421, 0, 0
16:01:24, 1043.00, 27.20, 27.08, 26.695, 3021, 5457, 8936, 10868, 14068, 15289, 18075, 25875, 36000, 11279, 1, 1, 162, 213, 449, 871, 1683, 1992, 2093, 1911, 3749, 321, 0, 0
16:01:24, 1044.70, 27.20, 27.08, 26.695, 2035, 3773, 6295, 8015, 8786, 9510, 11726, 13614, 34695, 4883, 0, 1, 155, 202, 429, 840, 1745, 2066, 2180, 1977, 3751, 317, 0, 0
16:01:25, 1033.60, 27.20, 27.01, 26.711, 1013, 1734, 2789, 3917, 5086, 5415, 6284, 7069, 14921, 1659, 0, 0, 166, 218, 462, 907, 1749, 2061, 2152, 1947, 3760, 317, 0, 0
16:01:26, 1034.70, 27.20, 27.10, 26.727, 4003, 8580, 12364, 17045, 21152, 21622, 24163, 26877, 36000, 13396, 1, 1, 202, 284, 582, 1066, 1997, 2314, 2447, 2277, 5104, 463, 0, 0
16:01:26, 1042.90, 27.21, 27.07, 26.727, 3220, 6736, 9813, 13191, 17156, 15319, 19606, 23672, 28226, 3207, 0, 0, 214, 292, 615, 1168, 2114, 2475, 2621, 2442, 5147, 458, 0, 0
16:01:27, 1043.80, 27.21, 27.10, 26.719, 2202, 4302, 6857, 9252, 14517, 14771, 19467, 21429, 33887, 3883, 0, 1, 190, 251, 533, 1043, 1923, 2278, 2394, 2189, 4576, 398, 0, 0
16:01:28, 1033.70, 27.21, 27.07, 26.727, 1378, 2534, 3736, 5172, 4402, 4688, 5539, 6022, 11501, 1281, 0, 0, 140, 181, 380, 757, 1382, 1648, 1702, 1505, 3059, 262, 0, 0
16:01:28, 1030.40, 27.21, 27.08, 26.727, 1005, 1680, 2497, 3104, 3901, 4114, 4823, 5191, 12186, 1923, 0, 0, 159, 217, 444, 842, 1555, 1827, 1900, 1727, 3435, 298, 0, 0
16:01:29, 1047.60, 27.21, 27.07, 26.719, 6076, 10783, 16849, 22891, 20910, 23646, 26388, 30059, 36000, 13300, 1, 1, 181, 246, 518, 980, 1801, 2123, 2239, 2049, 4201, 365, 0, 0
16:01:30, 1048.80, 27.21, 27.08, 26.727, 1598, 2962, 4688, 6674, 12319, 12589, 15448, 18684, 29045, 2608, 0, 0, 163, 207, 445, 892, 1682, 2008, 2103, 1896, 3800, 320, 0, 0
16:01:30, 1033.30, 27.22, 27.08, 26.727, 1037, 1803, 2977, 4092, 4494, 4780, 5695, 6244, 10253, 1223, 0, 0, 165, 217, 455, 891, 1825, 2154, 2250, 2048, 4159, 359, 0, 0
16:01:31, 1045.90, 27.21, 27.10, 26.727, 3868, 7253, 11354, 15115, 21712, 22279, 26334, 27915, 36000, 10705, 1, 1, 198, 274, 574, 1075, 1921, 2239, 2370, 2194, 5152, 459, 0, 0
16:01:32, 1069.80, 27.21, 27.07, 26.727, 1848, 3578, 5755, 7922, 10209, 10145, 12805, 14761, 24859, 2234, 0, 0, 158, 193, 418, 860, 1712, 2068, 2186, 1974, 4403, 387, 0, 0
16:01:32, 1068.10, 27.22, 27.10, 26.727, 753, 1136, 2224, 3202, 6194, 6708, 8496, 9522, 9159, 836, 0, 0, 167, 196, 424, 897, 1757, 2128, 2247, 2011, 4603, 408, 0, 0
16:01:33, 1068.10, 27.22, 27.07, 26.695, 1153, 2049, 3633, 5605, 7969, 9756, 10947, 13450, 11085, 1098, 0, 0, 168, 203, 438, 906, 1612, 1941, 2053, 1848, 4449, 393, 0, 0
16:01:34, 1090.20, 27.21, 27.10, 26.695, 581, 894, 1666, 3131, 7234, 7991, 9755, 10787, 19704, 1543, 0, 0, 116, 129, 276, 608, 1414, 1758, 1856, 1625, 3713, 327, 0, 0
16:01:34, 1088.40, 27.21, 27.08, 26.664, 579, 938, 1874, 3229, 4583, 4988, 6473, 6726, 7324, 596, 0, 0, 123, 131, 278, 628, 1425, 1778, 1874, 1633, 3733, 331, 0, 0
16:01:35, 1087.50, 27.21, 27.10, 26.594, 853, 1423, 2839, 4549, 8326, 10003, 11297, 13496, 16700, 1333, 0, 0, 138, 152, 329, 719, 1454, 1789, 1897, 1673, 4051, 354, 0, 0
16:01:36, 1095.90, 27.21, 27.07, 26.594, 998, 1729, 3590, 6164, 8017, 9173, 11498, 12044, 15845, 1213, 0, 0, 99, 106, 229, 511, 1102, 1368, 1440, 1253, 2940, 258, 0, 0
16:01:36, 1107.10, 27.21, 27.07, 26.555, 731, 1178, 2494, 4202, 5475, 6366, 7573, 8193, 15848, 1238, 0, 0, 105, 108, 228, 524, 1094, 1384, 1457, 1248, 2963, 259, 0, 0
16:01:37, 1110.10, 27.20, 27.08, 26.523, 287, 436, 973, 1783, 2456, 2876, 3333, 3369, 8152, 631, 0, 0, 100, 99, 206, 486, 1066, 1360, 1427, 1214, 2859, 251, 0, 0
16:01:38, 1115.00, 27.20, 27.08, 26.523, 305, 470, 1059, 1959, 3262, 3784, 4502, 4423, 9686, 720, 0, 0, 76, 75, 156, 371, 872, 1112, 1163, 984, 2310, 202, 0, 0
16:01:38, 1123.80, 27.19, 27.08, 26.508, 299, 453, 1034, 1943, 3266, 3829, 4566, 4444, 9692, 713, 0, 0, 74, 72, 147, 355, 857, 1105, 1156, 974, 2255, 197, 0, 0
16:01:39, 1132.60, 27.19, 27.08, 26.500, 222, 317, 724, 1408, 2461, 2917, 3472, 3396, 7209, 533, 0, 0, 70, 67, 134, 329, 839, 1093, 1146, 962, 2222, 195, 0, 0
16:01:40, 1133.60, 27.19, 27.08, 26.500, 211, 287, 658, 1323, 2266, 2722, 3234, 3154, 6772, 503, 0, 0, 69, 65, 128, 316, 841, 1102, 1155, 965, 2226, 196, 0, 0
16:01:40, 1136.10, 27.18, 27.08, 26.500, 174, 238, 546, 1093, 1937, 2311, 2733, 2636, 5276, 391, 0, 0, 62, 57, 113, 283, 728, 957, 997, 827, 1846, 161, 0, 0
16:01:41, 1147.70, 27.18, 27.07, 26.500, 194, 260, 603, 1237, 2293, 2756, 3275, 3139, 5968, 449, 0, 0, 53, 49, 98, 244, 623, 819, 854, 705, 1592, 138, 0, 0
16:01:42, 1159.60, 27.18, 27.08, 26.500, 193, 246, 575, 1208, 2301, 2879, 3460, 3310, 6071, 451, 0, 0, 49, 44, 84, 214, 590, 794, 830, 679, 1511, 132, 0, 0
16:01:42, 1157.90, 27.17, 27.08, 26.492, 178, 211, 479, 1053, 2170, 2746, 3291, 3223, 5427, 406, 0, 0, 54, 48, 91, 231, 653, 875, 918, 755, 1716, 151, 0, 0
16:01:43, 1157.80, 27.17, 27.08, 26.492, 183, 222, 493, 1047, 2066, 2590, 3096, 3114, 5751, 432, 0, 0, 58, 53, 102, 257, 650, 866, 909, 751, 1706, 149, 0, 0
16:01:44, 1164.60, 27.17, 27.07, 26.492, 219, 271, 620, 1348, 2397, 3001, 3612, 3462, 5398, 403, 0, 0, 47, 42, 79, 202, 530, 712, 744, 606, 1331, 116, 0, 0
16:01:44, 1179.30, 27.16, 27.08, 26.477, 178, 209, 469, 1069, 1993, 2545, 3061, 2900, 4712, 354, 0, 0, 40, 35, 64, 165, 462, 633, 661, 532, 1187, 103, 0, 0
16:01:45, 1173.90, 27.16, 27.08, 26.477, 147, 164, 361, 832, 1799, 2316, 2787, 2691, 4706, 354, 0, 0, 44, 39, 71, 183, 555, 753, 790, 641, 1473, 129, 0, 0
16:01:46, 1175.80, 27.16, 27.07, 26.477, 170, 194, 423, 939, 2053, 2614, 3147, 3044, 5526, 416, 0, 0, 44, 39, 71, 185, 489, 664, 695, 561, 1231, 107, 0, 0
16:01:46, 1183.10, 27.16, 27.10, 26.469, 166, 187, 411, 951, 1892, 2435, 2907, 2789, 4161, 313, 0, 0, 39, 34, 62, 160, 456, 625, 652, 524, 1163, 101, 0, 0
16:01:47, 1184.70, 27.15, 27.07, 26.469, 136, 152, 335, 777, 1598, 2063, 2463, 2330, 3614, 273, 0, 0, 38, 33, 59, 153, 445, 614, 641, 513, 1129, 99, 0, 0
16:01:48, 1191.80, 27.15, 27.08, 26.469, 134, 146, 316, 742, 1592, 2061, 2466, 2330, 3440, 262, 0, 0, 34, 29, 52, 135, 395, 544, 566, 451, 985, 86, 0, 0
16:01:48, 1193.90, 27.15, 27.07, 26.461, 124, 134, 291, 688, 1437, 1875, 2231, 2090, 3396, 257, 0, 0, 33, 29, 50, 131, 396, 550, 573, 456, 1000, 87, 0, 0
16:01:49, 1195.40, 27.15, 27.08, 26.469, 126, 135, 290, 684, 1470, 1916, 2278, 2145, 3441, 261, 0, 0, 33, 28, 50, 131, 381, 526, 548, 435, 939, 82, 0, 0
16:01:50, 1200.20, 27.15, 27.08, 26.469, 118, 126, 269, 643, 1354, 1778, 2114, 1976, 3060, 231, 0, 0, 30, 25, 44, 115, 351, 490, 509, 401, 875, 76, 0, 0
16:01:50, 1198.80, 27.15, 27.12, 26.453, 110, 114, 242, 584, 1308, 1731, 2062, 1926, 3102, 235, 0, 0, 31, 27, 46, 121, 370, 517, 537, 424, 928, 81, 0, 0
16:01:51, 1201.30, 27.14, 27.05, 26.461, 117, 123, 264, 631, 1369, 1792, 2122, 1981, 3231, 245, 0, 0, 31, 27, 47, 124, 365, 506, 528, 418, 906, 79, 0, 0
16:01:52, 1215.80, 27.14, 27.07, 26.461, 111, 114, 240, 586, 1161, 1533, 1806, 1672, 2694, 204, 0, 0, 26, 22, 37, 97, 294, 414, 429, 334, 727, 63, 0, 0
16:01:53, 1224.50, 27.14, 27.07, 26.453, 81, 81, 164, 409, 913, 1237, 1464, 1325, 2184, 166, 0, 0, 21, 18, 29, 76, 254, 364, 377, 290, 638, 56, 0, 0
16:01:53, 1219.30, 27.13, 27.07, 26.445, 76, 76, 151, 379, 918, 1242, 1468, 1348, 2265, 173, 0, 0, 25, 21, 35, 92, 308, 437, 453, 353, 795, 70, 0, 0
16:01:54, 1220.90, 27.13, 27.07, 26.445, 89, 90, 185, 454, 1114, 1490, 1765, 1628, 2896, 221, 0, 0, 26, 22, 36, 96, 289, 407, 422, 329, 720, 63, 0, 0
16:01:55, 1231.10, 27.13, 27.10, 26.430, 77, 76, 155, 390, 897, 1211, 1426, 1288, 2063, 157, 0, 0, 21, 17, 28, 75, 241, 345, 357, 274, 600, 52, 0, 0
16:01:55, 1239.40, 27.13, 27.07, 26.422, 64, 63, 122, 311, 730, 999, 1172, 1052, 1701, 130, 0, 0, 18, 15, 23, 62, 210, 305, 314, 239, 526, 46, 0, 0
16:01:56, 1239.60, 27.13, 27.10, 26.422, 59, 57, 110, 280, 703, 970, 1141, 1028, 1663, 128, 0, 0, 19, 16, 25, 65, 222, 322, 332, 253, 557, 49, 0, 0
16:01:57, 1238.30, 27.12, 27.08, 26.414, 63, 61, 119, 302, 755, 1035, 1217, 1101, 1748, 134, 0, 0, 20, 16, 26, 69, 237, 341, 353, 270, 595, 52, 0, 0
16:01:57, 1244.10, 27.12, 27.08, 26.414, 67, 65, 129, 329, 754, 1035, 1216, 1079, 1867, 142, 0, 0, 17, 14, 23, 61, 203, 293, 302, 229, 504, 44, 0, 0
16:01:58, 1246.10, 27.12, 27.07, 26.414, 55, 53, 102, 262, 640, 886, 1037, 918, 1558, 120, 0, 0, 16, 13, 21, 55, 196, 286, 295, 223, 497, 43, 0, 0
16:01:59, 1248.10, 27.12, 27.10, 26.398, 53, 51, 97, 249, 626, 867, 1015, 897, 1522, 117, 0, 0, 16, 13, 21, 55, 196, 285, 294, 222, 493, 43, 0, 0
16:01:59, 1248.10, 27.11, 27.07, 26.398, 59, 56, 107, 276, 683, 945, 1112, 992, 1612, 124, 0, 0, 17, 14, 22, 59, 208, 301, 311, 237, 528, 46, 0, 0
16:02:00, 1251.00, 27.11, 27.10, 26.398, 57, 55, 108, 276, 667, 920, 1078, 962, 1573, 120, 0, 0, 16, 13, 21, 55, 186, 270, 279, 210, 458, 40, 0, 0
16:02:01, 1258.30, 27.11, 27.08, 26.398, 46, 43, 80, 209, 534, 751, 876, 767, 1293, 100, 0, 0, 14, 12, 18, 46, 165, 242, 249, 186, 415, 36, 0, 0
16:02:01, 1256.60, 27.11, 27.07, 26.398, 44, 42, 77, 200, 518, 728, 851, 751, 1281, 99, 0, 0, 15, 13, 20, 52, 178, 262, 269, 203, 452, 39, 0, 0
16:02:02, 1262.00, 27.11, 27.08, 26.391, 49, 47, 88, 226, 576, 803, 940, 825, 1408, 108, 0, 0, 14, 11, 18, 46, 163, 238, 245, 183, 399, 35, 0, 0
16:02:03, 1270.60, 27.10, 27.08, 26.391, 43, 40, 74, 193, 498, 703, 822, 714, 1238, 96, 0, 0, 12, 10, 15, 40, 145, 215, 221, 163, 363, 32, 0, 0
16:02:03, 1275.20, 27.10, 27.10, 26.391, 37, 35, 62, 162, 431, 614, 715, 615, 1080, 84, 0, 0, 11, 9, 14, 36, 135, 202, 207, 153, 343, 30, 0, 0
16:02:04, 1279.30, 27.10, 27.10, 26.383, 36, 33, 60, 156, 419, 599, 698, 600, 1060, 82, 0, 0, 11, 8, 13, 34, 125, 187, 191, 140, 308, 27, 0, 0
16:02:05, 1286.40, 27.10, 27.10, 26.375, 32, 30, 52, 136, 374, 537, 624, 532, 917, 71, 0, 0, 10, 8, 12, 31, 118, 177, 181, 133, 293, 25, 0, 0
16:02:05, 1292.70, 27.10, 27.07, 26.375, 31, 28, 49, 129, 352, 507, 587, 500, 895, 70, 0, 0, 9, 7, 11, 28, 108, 163, 166, 121, 269, 23, 0, 0
16:02:06, 1292.30, 27.09, 27.08, 26.367, 27, 25, 44, 114, 324, 471, 546, 462, 823, 64, 0, 0, 9, 7, 11, 28, 109, 165, 169, 123, 277, 24, 0, 0
16:02:07, 1300.60, 27.09, 27.08, 26.375, 26, 24, 41, 107, 292, 427, 493, 411, 746, 58, 0, 0, 8, 6, 9, 24, 95, 144, 148, 107, 236, 20, 0, 0
16:02:07, 1312.50, 27.09, 27.08, 26.375, 24, 22, 37, 96, 275, 404, 466, 391, 696, 54, 0, 0, 7, 6, 8, 21, 83, 127, 130, 93, 208, 18, 0, 0
16:02:08, 1305.10, 27.09, 27.08, 26.367, 21, 19, 31, 82, 246, 363, 419, 348, 622, 49, 0, 0, 7, 6, 8, 22, 94, 144, 147, 106, 242, 21, 0, 0
16:02:09, 1309.50, 27.09, 27.12, 26.367, 23, 21, 35, 91, 265, 391, 450, 376, 692, 54, 0, 0, 7, 6, 8, 21, 84, 129, 131, 94, 208, 18, 0, 0
16:02:09, 1322.10, 27.08, 27.08, 26.367, 20, 18, 30, 79, 234, 348, 401, 332, 598, 47, 0, 0, 6, 5, 7, 18, 74, 114, 116, 83, 188, 16, 0, 0
16:02:10, 1318.60, 27.08, 27.10, 26.367, 18, 16, 27, 70, 215, 321, 369, 304, 579, 46, 0, 0, 6, 5, 7, 18, 80, 123, 126, 90, 210, 18, 0, 0
16:02:11, 1317.90, 27.08, 27.10, 26.375, 19, 17, 29, 75, 230, 342, 394, 326, 625, 49, 0, 0, 6, 5, 7, 19, 75, 116, 118, 84, 189, 16, 0, 0
16:02:11, 1321.90, 27.08, 27.08, 26.375, 18, 16, 27, 71, 218, 325, 374, 308, 545, 43, 0, 0, 6, 5, 6, 17, 71, 109, 111, 79, 178, 15, 0, 0
16:02:12, 1327.40, 27.07, 27.08, 26.367, 17, 15, 25, 65, 192, 288, 330, 270, 481, 38, 0, 0, 5, 4, 6, 15, 66, 102, 104, 73, 166, 14, 0, 0
16:02:13, 1323.70, 27.07, 27.12, 26.375, 17, 15, 25, 64, 201, 302, 349, 286, 512, 40, 0, 0, 6, 4, 6, 17, 71, 110, 112, 80, 181, 15, 0, 0
16:02:13, 1327.10, 27.07, 27.12, 26.375, 17, 15, 25, 65, 198, 296, 340, 278, 508, 40, 0, 0, 5, 4, 6, 16, 68, 106, 107, 76, 172, 15, 0, 0
16:02:14, 1326.60, 27.07, 27.05, 26.359, 17, 15, 25, 67, 202, 303, 349, 286, 532, 42, 0, 0, 6, 4, 6, 16, 67, 104, 105, 74, 170, 14, 0, 0
16:02:15, 1328.90, 27.07, 27.12, 26.367, 16, 14, 23, 61, 191, 288, 331, 269, 486, 38, 0, 0, 5, 4, 6, 15, 65, 101, 103, 73, 166, 14, 0, 0
16:02:15, 1333.60, 27.07, 27.12, 26.367, 16, 14, 24, 60, 186, 280, 320, 262, 464, 36, 0, 0, 5, 4, 5, 14, 61, 95, 97, 68, 151, 13, 0, 0
16:02:16, 1337.20, 27.06, 27.12, 26.352, 14, 13, 21, 53, 167, 253, 290, 235, 425, 33, 0, 0, 5, 3, 5, 13, 58, 91, 92, 65, 146, 12, 0, 0
16:02:17, 1338.10, 27.06, 27.08, 26.352, 14, 12, 20, 52, 165, 251, 287, 232, 432, 34, 0, 0, 5, 3, 5, 13, 58, 90, 91, 64, 145, 12, 0, 0
16:02:17, 1347.10, 27.06, 27.08, 26.352, 14, 12, 20, 51, 155, 237, 271, 217, 408, 32, 0, 0, 4, 3, 4, 12, 51, 80, 81, 57, 127, 11, 0, 0
16:02:18, 1350.30, 27.06, 27.08, 26.344, 12, 11, 17, 43, 139, 214, 244, 195, 368, 29, 0, 0, 4, 3, 4, 11, 48, 76, 77, 53, 123, 10, 0, 0
16:02:19, 1344.90, 27.06, 27.10, 26.336, 12, 10, 17, 43, 142, 218, 250, 200, 378, 30, 0, 0, 4, 3, 5, 12, 55, 87, 88, 62, 143, 12, 0, 0
16:02:19, 1355.90, 27.05, 27.07, 26.336, 12, 11, 18, 46, 137, 209, 238, 190, 349, 28, 0, 0, 4, 3, 4, 11, 45, 71, 72, 50, 112, 9, 0, 0
16:02:20, 1360.80, 27.05, 27.12, 26.328, 10, 9, 15, 38, 122, 188, 215, 170, 331, 26, 0, 0, 3, 2, 3, 9, 42, 66, 66, 46, 107, 9, 0, 0
16:02:21, 1359.90, 27.05, 27.14, 26.328, 10, 8, 13, 33, 115, 179, 205, 160, 318, 26, 0, 0, 3, 3, 3, 9, 43, 68, 69, 47, 109, 9, 0, 0
16:02:21, 1360.80, 27.05, 27.08, 26.328, 11, 10, 15, 39, 130, 200, 230, 182, 334, 27, 0, 0, 4, 3, 4, 10, 44, 70, 70, 49, 112, 9, 0, 0
16:02:22, 1366.40, 27.04, 27.12, 26.312, 10, 9, 14, 36, 116, 179, 204, 160, 302, 24, 0, 0, 3, 2, 3, 8, 38, 61, 61, 42, 96, 8, 0, 0
16:02:23, 1373.50, 27.04, 27.08, 26.320, 8, 7, 11, 29, 96, 151, 172, 133, 258, 21, 0, 0, 3, 2, 3, 7, 34, 55, 55, 37, 86, 7, 0, 0
16:02:23, 1378.60, 27.04, 27.08, 26.320, 8, 7, 11, 26, 94, 148, 169, 131, 243, 19, 0, 0, 3, 2, 3, 7, 34, 55, 55, 38, 88, 7, 0, 0
16:02:24, 1378.30, 27.04, 27.10, 26.305, 8, 7, 11, 29, 98, 153, 175, 137, 259, 21, 0, 0, 3, 2, 3, 7, 34, 55, 55, 38, 88, 7, 0, 0
16:02:25, 1380.10, 27.03, 27.08, 26.305, 8, 7, 11, 26, 88, 139, 158, 121, 239, 19, 0, 0, 2, 2, 2, 6, 31, 50, 50, 34, 78, 6, 0, 0
16:02:25, 1375.10, 27.03, 27.12, 26.305, 7, 6, 10, 24, 85, 135, 154, 119, 222, 18, 0, 0, 3, 2, 2, 7, 35, 57, 57, 39, 90, 7, 0, 0
16:02:26, 1377.80, 27.03, 27.08, 26.297, 8, 7, 11, 27, 95, 149, 169, 131, 249, 20, 0, 0, 3, 2, 3, 7, 35, 56, 56, 38, 89, 7, 0, 0
16:02:27, 1384.70, 27.03, 27.10, 26.297, 7, 6, 10, 25, 88, 138, 157, 121, 236, 19, 0, 0, 2, 2, 2, 6, 31, 50, 50, 34, 79, 6, 0, 0
16:02:27, 1391.80, 27.03, 27.10, 26.297, 7, 6, 9, 22, 78, 125, 142, 108, 207, 17, 0, 0, 2, 1, 2, 5, 27, 43, 43, 29, 67, 5, 0, 0
16:02:28, 1392.10, 27.02, 27.08, 26.297, 6, 5, 8, 21, 72, 115, 131, 101, 200, 16, 0, 0, 2, 1, 2, 5, 27, 43, 43, 29, 69, 5, 0, 0
16:02:29, 1390.60, 27.02, 27.14, 26.297, 6, 5, 8, 20, 73, 117, 133, 101, 198, 16, 0, 0, 2, 1, 2, 5, 27, 44, 45, 30, 69, 6, 0, 0
16:02:29, 1392.20, 27.02, 27.08, 26.297, 6, 5, 9, 20, 76, 121, 138, 106, 203, 16, 0, 0, 2, 1, 2, 5, 27, 44, 44, 29, 68, 5, 0, 0
16:02:30, 1395.40, 27.02, 27.10, 26.297, 6, 5, 8, 20, 72, 114, 130, 100, 195, 16, 0, 0, 2, 1, 2, 5, 26, 42, 41, 28, 65, 5, 0, 0
16:02:31, 1396.70, 27.02, 27.10, 26.297, 6, 5, 8, 18, 68, 110, 125, 94, 186, 15, 0, 0, 2, 1, 2, 5, 25, 41, 41, 28, 65, 5, 0, 0
16:02:31, 1395.90, 27.02, 27.10, 26.297, 6, 5, 8, 19, 70, 112, 128, 98, 188, 15, 0, 0, 2, 1, 2, 5, 26, 42, 42, 28, 66, 5, 0, 0
16:02:32, 1393.40, 27.02, 27.10, 26.297, 6, 5, 8, 21, 73, 116, 133, 102, 200, 16, 0, 0, 2, 1, 2, 5, 27, 43, 43, 29, 68, 5, 0, 0
16:02:33, 1398.00, 27.01, 27.08, 26.297, 6, 5, 8, 18, 68, 109, 124, 94, 182, 15, 0, 0, 2, 1, 2, 5, 25, 40, 40, 26, 62, 5, 0, 0
16:02:33, 1405.10, 27.01, 27.12, 26.289, 5, 5, 8, 18, 66, 105, 119, 90, 175, 14, 0, 0, 2, 1, 1, 4, 23, 38, 38, 25, 59, 5, 0, 0
16:02:34, 1399.60, 27.01, 27.12, 26.289, 5, 5, 7, 17, 65, 105, 119, 90, 178, 14, 0, 0, 2, 1, 2, 5, 25, 41, 41, 27, 65, 5, 0, 0
16:02:35, 1393.50, 27.01, 27.10, 26.289, 6, 5, 8, 18, 69, 110, 125, 95, 186, 15, 0, 0, 2, 1, 2, 5, 27, 44, 44, 29, 70, 6, 0, 0
16:02:35, 1399.70, 27.01, 27.08, 26.289, 5, 5, 8, 18, 67, 107, 122, 92, 181, 15, 0, 0, 2, 1, 1, 5, 24, 39, 39, 26, 61, 5, 0, 0
16:02:36, 1403.10, 27.01, 27.12, 26.289, 5, 5, 8, 18, 67, 107, 122, 93, 182, 15, 0, 0, 2, 1, 2, 4, 24, 39, 39, 26, 62, 5, 0, 0
16:02:37, 1401.50, 27.01, 27.12, 26.289, 6, 5, 8, 18, 68, 109, 124, 94, 190, 15, 0, 0, 2, 1, 2, 5, 25, 40, 40, 27, 63, 5, 0, 0
16:02:37, 1403.60, 27.01, 27.12, 26.289, 5, 5, 7, 17, 64, 103, 116, 87, 171, 14, 0, 0, 2, 1, 1, 4, 22, 37, 37, 24, 58, 5, 0, 0
16:02:38, 1405.20, 27.00, 27.08, 26.289, 5, 4, 7, 16, 60, 98, 111, 84, 164, 13, 0, 0, 2, 1, 1, 4, 22, 36, 36, 24, 57, 4, 0, 0
16:02:39, 1405.80, 27.00, 27.12, 26.289, 5, 4, 7, 16, 62, 100, 113, 85, 165, 13, 0, 0, 2, 1, 1, 4, 23, 37, 37, 25, 59, 5, 0, 0
16:02:39, 1403.00, 27.00, 27.12, 26.281, 5, 5, 7, 17, 64, 103, 117, 89, 174, 14, 0, 0, 2, 1, 2, 5, 25, 40, 40, 27, 64, 5, 0, 0
16:02:40, 1405.20, 27.00, 27.12, 26.281, 5, 5, 7, 17, 64, 102, 116, 87, 174, 14, 0, 0, 2, 1, 1, 4, 23, 37, 37, 24, 58, 5, 0, 0
16:02:41, 1404.60, 27.00, 27.10, 26.281, 5, 4, 7, 17, 60, 96, 109, 82, 163, 13, 0, 0, 2, 1, 1, 4, 24, 39, 38, 26, 62, 5, 0, 0
16:02:41, 1403.30, 26.99, 27.08, 26.281, 5, 4, 7, 17, 63, 102, 115, 88, 170, 14, 0, 0, 2, 1, 1, 5, 24, 39, 39, 26, 62, 5, 0, 0
16:02:42, 1403.50, 26.99, 27.12, 26.281, 5, 5, 7, 18, 64, 104, 118, 90, 176, 14, 0, 0, 2, 1, 2, 5, 24, 39, 39, 26, 62, 5, 0, 0
16:02:43, 1401.10, 26.99, 27.08, 26.281, 5, 5, 7, 18, 64, 103, 116, 88, 178, 14, 0, 0, 2, 1, 2, 5, 25, 42, 41, 28, 66, 5, 0, 0
16:02:43, 1400.80, 26.99, 27.08, 26.281, 5, 5, 7, 17, 65, 105, 119, 90, 181, 15, 0, 0, 2, 1, 2, 5, 24, 39, 39, 26, 62, 5, 0, 0
16:02:44, 1403.60, 26.99, 27.08, 26.281, 5, 4, 7, 18, 63, 101, 114, 87, 171, 14, 0, 0, 2, 1, 1, 4, 23, 38, 38, 25, 60, 5, 0, 0
16:02:45, 1400.40, 26.99, 27.12, 26.281, 5, 5, 7, 17, 65, 104, 118, 90, 179, 14, 0, 0, 2, 1, 2, 5, 26, 42, 42, 28, 68, 6, 0, 0
16:02:45, 1398.10, 26.99, 27.14, 26.281, 6, 5, 8, 18, 68, 109, 124, 94, 191, 15, 0, 0, 2, 1, 2, 5, 26, 42, 42, 28, 68, 5, 0, 0
16:02:46, 1400.80, 26.99, 27.14, 26.281, 5, 5, 8, 18, 65, 105, 119, 89, 179, 14, 0, 0, 2, 1, 2, 4, 24, 38, 38, 26, 60, 5, 0, 0
16:02:47, 1399.10, 26.98, 27.10, 26.281, 5, 5, 8, 17, 66, 107, 121, 91, 179, 14, 0, 0, 2, 1, 2, 5, 26, 42, 42, 28, 68, 5, 0, 0
16:02:47, 1395.30, 26.99, 27.12, 26.281, 6, 5, 8, 20, 69, 111, 126, 97, 186, 15, 0, 0, 2, 1, 2, 5, 27, 44, 44, 30, 70, 6, 0, 0
16:02:48, 1397.90, 26.98, 27.12, 26.289, 6, 5, 8, 18, 68, 109, 123, 94, 191, 15, 0, 0, 2, 1, 2, 5, 25, 41, 41, 27, 66, 5, 0, 0
16:02:49, 1401.10, 26.98, 27.12, 26.289, 5, 5, 7, 17, 64, 103, 117, 89, 170, 14, 0, 0, 2, 1, 1, 4, 24, 39, 39, 26, 62, 5, 0, 0
16:02:49, 1396.10, 26.98, 27.16, 26.289, 5, 5, 7, 18, 64, 104, 117, 89, 182, 15, 0, 0, 2, 1, 2, 5, 27, 44, 44, 30, 71, 6, 0, 0
16:02:50, 1399.50, 26.98, 27.12, 26.289, 6, 5, 8, 18, 70, 112, 127, 96, 197, 16, 0, 0, 2, 1, 2, 5, 24, 40, 40, 26, 62, 5, 0, 0
16:02:51, 1400.60, 26.98, 27.14, 26.289, 5, 5, 8, 18, 64, 104, 118, 89, 184, 15, 0, 0, 2, 1, 2, 5, 26, 42, 42, 28, 68, 5, 0, 0
16:02:51, 1394.20, 26.98, 27.12, 26.273, 5, 4, 7, 17, 61, 99, 112, 86, 166, 13, 0, 0, 2, 1, 2, 5, 27, 45, 45, 30, 71, 6, 0, 0
16:02:52, 1395.90, 26.98, 27.14, 26.289, 5, 5, 8, 18, 69, 111, 126, 96, 195, 16, 0, 0, 2, 1, 2, 5, 26, 43, 43, 29, 69, 6, 0, 0
16:02:53, 1397.20, 26.98, 27.12, 26.289, 6, 5, 8, 19, 71, 113, 129, 98, 196, 16, 0, 0, 2, 1, 2, 5, 28, 45, 45, 31, 74, 6, 0, 0
16:02:53, 1395.10, 26.98, 27.12, 26.281, 5, 5, 7, 17, 65, 106, 120, 92, 180, 14, 0, 0, 2, 1, 2, 5, 27, 44, 44, 30, 70, 6, 0, 0
16:02:54, 1397.20, 26.98, 27.14, 26.289, 5, 5, 7, 18, 66, 106, 120, 91, 179, 14, 0, 0, 2, 1, 2, 5, 25, 41, 41, 28, 66, 5, 0, 0
16:02:55, 1400.90, 26.98, 27.12, 26.289, 5, 5, 8, 18, 67, 108, 122, 93, 188, 15, 0, 0, 2, 1, 2, 5, 24, 40, 40, 26, 63, 5, 0, 0
16:02:55, 1403.20, 26.97, 27.14, 26.281, 5, 5, 7, 18, 63, 102, 116, 87, 179, 14, 0, 0, 2, 1, 2, 4, 24, 39, 39, 26, 62, 5, 0, 0
16:02:56, 1403.70, 26.97, 27.12, 26.289, 5, 4, 7, 17, 63, 102, 116, 87, 179, 14, 0, 0, 2, 1, 2, 5, 24, 39, 39, 26, 63, 5, 0, 0
16:02:57, 1404.80, 26.97, 27.08, 26.289, 5, 5, 7, 18, 63, 101, 115, 86, 168, 13, 0, 0, 2, 1, 1, 4, 23, 38, 38, 25, 59, 5, 0, 0
16:02:57, 1402.40, 26.97, 27.16, 26.281, 5, 4, 7, 15, 57, 93, 105, 80, 156, 13, 0, 0, 2, 1, 2, 5, 24, 40, 40, 27, 63, 5, 0, 0
16:02:58, 1404.30, 26.97, 27.12, 26.281, 5, 4, 7, 16, 61, 99, 112, 84, 170, 14, 0, 0, 2, 1, 1, 5, 23, 38, 38, 25, 61, 5, 0, 0
16:02:59, 1409.50, 26.97, 27.10, 26.281, 5, 4, 7, 16, 60, 97, 109, 82, 161, 13, 0, 0, 2, 1, 1, 4, 22, 35, 35, 23, 56, 4, 0, 0
16:02:59, 1408.00, 26.97, 27.16, 26.281, 5, 4, 7, 16, 57, 92, 105, 78, 165, 13, 0, 0, 2, 1, 1, 4, 22, 37, 36, 24, 59, 5, 0, 0
16:03:00, 1409.90, 26.97, 27.10, 26.281, 4, 4, 6, 15, 56, 91, 103, 77, 152, 12, 0, 0, 1, 1, 1, 4, 21, 34, 34, 22, 53, 4, 0, 0
16:03:01, 1410.50, 26.97, 27.14, 26.281, 4, 4, 6, 15, 56, 91, 103, 78, 149, 12, 0, 0, 1, 1, 1, 4, 22, 35, 35, 24, 55, 4, 0, 0
16:03:01, 1412.50, 26.97, 27.10, 26.281, 5, 4, 7, 15, 57, 92, 105, 79, 155, 12, 0, 0, 1, 1, 1, 4, 20, 33, 33, 22, 52, 4, 0, 0
16:03:02, 1417.00, 26.97, 27.16, 26.281, 4, 4, 6, 14, 51, 83, 94, 69, 141, 11, 0, 0, 1, 1, 1, 3, 19, 31, 31, 20, 48, 4, 0, 0
16:03:03, 1415.90, 26.97, 27.14, 26.289, 4, 4, 6, 13, 51, 84, 95, 71, 142, 11, 0, 0, 1, 1, 1, 4, 21, 34, 34, 22, 54, 4, 0, 0
16:03:03, 1414.80, 26.97, 27.12, 26.281, 4, 4, 6, 14, 55, 89, 101, 76, 151, 12, 0, 0, 1, 1, 1, 4, 20, 33, 33, 22, 53, 4, 0, 0
16:03:04, 1418.00, 26.97, 27.14, 26.281, 4, 4, 6, 13, 50, 81, 92, 67, 134, 11, 0, 0, 1, 1, 1, 3, 18, 29, 29, 19, 45, 3, 0, 0
16:03:05, 1420.10, 26.97, 27.12, 26.281, 4, 3, 5, 13, 48, 79, 89, 66, 131, 11, 0, 0, 1, 1, 1, 3, 18, 30, 30, 20, 48, 4, 0, 0
16:03:05, 1418.40, 26.97, 27.14, 26.281, 4, 4, 6, 14, 54, 87, 99, 74, 153, 12, 0, 0, 1, 1, 1, 4, 20, 33, 33, 22, 52, 4, 0, 0
16:03:06, 1419.40, 26.97, 27.12, 26.281, 4, 4, 6, 14, 52, 84, 95, 71, 147, 12, 0, 0, 1, 1, 1, 3, 18, 30, 30, 19, 47, 3, 0, 0
16:03:07, 1421.60, 26.96, 27.14, 26.281, 3, 3, 5, 12, 44, 72, 82, 59, 120, 10, 0, 0, 1, 1, 1, 3, 17, 28, 28, 18, 43, 3, 0, 0
16:03:07, 1419.40, 26.97, 27.12, 26.281, 4, 3, 5, 13, 48, 79, 89, 66, 126, 10, 0, 0, 1, 1, 1, 3, 19, 32, 32, 21, 50, 4, 0, 0
16:03:08, 1417.50, 26.97, 27.12, 26.281, 4, 4, 6, 13, 52, 85, 96, 72, 135, 11, 0, 0, 2, 1, 1, 4, 20, 32, 32, 21, 51, 4, 0, 0
16:03:09, 1420.90, 26.96, 27.12, 26.281, 4, 3, 6, 13, 48, 78, 89, 65, 139, 11, 0, 0, 1, 1, 1, 3, 18, 29, 29, 19, 45, 3, 0, 0
16:03:09, 1419.40, 26.96, 27.12, 26.289, 3, 3, 5, 11, 45, 74, 83, 62, 124, 10, 0, 0, 1, 1, 1, 3, 19, 31, 31, 20, 48, 4, 0, 0
16:03:10, 1421.30, 26.96, 27.14, 26.289, 4, 3, 5, 13, 49, 80, 90, 67, 133, 11, 0, 0, 1, 1, 1, 3, 18, 29, 29, 19, 46, 3, 0, 0
16:03:11, 1424.60, 26.96, 27.10, 26.281, 4, 3, 5, 12, 46, 76, 86, 63, 128, 10, 0, 0, 1, 1, 1, 3, 18, 29, 29, 19, 46, 3, 0, 0
16:03:11, 1422.30, 26.96, 27.14, 26.281, 4, 3, 5, 12, 46, 75, 85, 64, 127, 10, 0, 0, 1, 1, 1, 3, 19, 31, 30, 20, 49, 4, 0, 0
16:03:12, 1426.50, 26.96, 27.14, 26.281, 4, 3, 5, 12, 45, 74, 83, 62, 124, 10, 0, 0, 1, 1, 1, 3, 16, 26, 26, 17, 40, 3, 0, 0
16:03:13, 1428.00, 26.96, 27.12, 26.281, 3, 3, 5, 10, 42, 69, 78, 57, 118, 10, 0, 0, 1, 1, 1, 3, 17, 28, 28, 18, 45, 3, 0, 0
16:03:13, 1428.90, 26.96, 27.16, 26.281, 3, 3, 5, 10, 42, 70, 79, 58, 122, 10, 0, 0, 1, 1, 1, 3, 17, 28, 28, 18, 44, 3, 0, 0
16:03:14, 1434.60, 26.96, 27.14, 26.281, 3, 3, 5, 11, 41, 68, 77, 57, 112, 9, 0, 0, 1, 0, 1, 3, 15, 25, 24, 16, 38, 3, 0, 0
16:03:15, 1435.90, 26.96, 27.14, 26.273, 3, 3, 4, 10, 39, 64, 72, 53, 110, 9, 0, 0, 1, 0, 1, 2, 14, 24, 24, 15, 38, 3, 0, 0
16:03:15, 1433.20, 26.96, 27.12, 26.289, 3, 2, 4, 9, 35, 59, 67, 49, 102, 8, 0, 0, 1, 1, 1, 3, 16, 26, 26, 17, 41, 3, 0, 0
16:03:16, 1436.50, 26.96, 27.17, 26.289, 3, 3, 4, 9, 39, 64, 73, 53, 106, 9, 0, 0, 1, 0, 1, 2, 14, 23, 23, 15, 36, 3, 0, 0
16:03:17, 1437.00, 26.96, 27.12, 26.273, 3, 3, 4, 9, 38, 64, 72, 52, 109, 9, 0, 0, 1, 1, 1, 3, 15, 25, 25, 17, 41, 3, 0, 0
16:03:17, 1436.40, 26.96, 27.12, 26.281, 3, 3, 4, 9, 38, 63, 71, 53, 111, 9, 0, 0, 1, 1, 1, 3, 16, 26, 26, 17, 42, 3, 0, 0
16:03:18, 1437.80, 26.96, 27.14, 26.281, 3, 2, 4, 9, 37, 62, 70, 52, 108, 9, 0, 0, 1, 1, 1, 2, 14, 23, 23, 15, 36, 3, 0, 0
16:03:19, 1437.80, 26.95, 27.16, 26.273, 3, 2, 4, 10, 37, 61, 69, 50, 105, 9, 0, 0, 1, 0, 1, 2, 14, 24, 24, 16, 38, 3, 0, 0
16:03:19, 1439.70, 26.96, 27.14, 26.281, 3, 3, 4, 10, 38, 63, 71, 52, 106, 9, 0, 0, 1, 0, 1, 2, 14, 23, 22, 15, 35, 2, 0, 0
16:03:20, 1442.80, 26.95, 27.12, 26.281, 3, 2, 4, 9, 36, 60, 67, 49, 98, 8, 0, 0, 1, 0, 0, 2, 13, 22, 22, 14, 34, 2, 0, 0
16:03:21, 1443.00, 26.95, 27.08, 26.273, 3, 2, 4, 9, 35, 59, 66, 49, 100, 8, 0, 0, 1, 0, 1, 2, 14, 23, 23, 15, 36, 2, 0, 0
16:03:21, 1445.90, 26.95, 27.12, 26.281, 3, 2, 4, 10, 36, 59, 67, 48, 99, 8, 0, 0, 1, 0, 0, 2, 12, 21, 21, 13, 32, 2, 0, 0
16:03:22, 1444.50, 26.95, 27.12, 26.281, 2, 2, 4, 8, 32, 54, 61, 44, 93, 8, 0, 0, 1, 0, 0, 2, 13, 22, 22, 14, 35, 2, 0, 0
16:03:23, 1447.00, 26.95, 27.16, 26.281, 2, 2, 4, 8, 34, 57, 64, 47, 98, 8, 0, 0, 1, 0, 0, 2, 12, 21, 21, 13, 32, 2, 0, 0
16:03:24, 1449.60, 26.95, 27.12, 26.281, 3, 2, 4, 8, 35, 58, 65, 48, 99, 8, 0, 0, 1, 0, 0, 2, 12, 21, 20, 13, 32, 2, 0, 0
16:03:24, 1449.90, 26.95, 27.14, 26.281, 2, 2, 4, 8, 31, 53, 60, 43, 88, 7, 0, 0, 1, 0, 0, 2, 12, 20, 19, 13, 30, 2, 0, 0
16:03:25, 1448.90, 26.95, 27.12, 26.273, 2, 2, 3, 8, 30, 51, 57, 41, 81, 7, 0, 0, 1, 0, 0, 2, 12, 20, 20, 13, 30, 2, 0, 0
16:03:26, 1447.90, 26.95, 27.17, 26.281, 2, 2, 4, 7, 32, 53, 60, 43, 84, 7, 0, 0, 1, 0, 0, 2, 13, 21, 21, 14, 32, 2, 0, 0
16:03:26, 1447.30, 26.95, 27.10, 26.281, 2, 2, 4, 8, 33, 55, 62, 45, 88, 7, 0, 0, 1, 0, 0, 2, 13, 21, 21, 14, 32, 2, 0, 0
16:03:27, 1452.10, 26.95, 27.12, 26.281, 2, 2, 4, 7, 30, 51, 57, 40, 90, 7, 0, 0, 1, 0, 0, 2, 12, 20, 20, 13, 31, 2, 0, 0
16:03:28, 1452.10, 26.95, 27.14, 26.281, 2, 2, 3, 8, 29, 49, 55, 39, 80, 6, 0, 0, 1, 0, 0, 2, 11, 19, 19, 12, 29, 2, 0, 0
16:03:28, 1451.80, 26.95, 27.12, 26.281, 2, 2, 3, 7, 29, 49, 56, 39, 76, 6, 0, 0, 1, 0, 0, 2, 11, 19, 19, 12, 29, 2, 0, 0
16:03:29, 1452.10, 26.95, 27.16, 26.273, 2, 2, 3, 8, 29, 48, 54, 39, 74, 6, 0, 0, 1, 0, 0, 2, 11, 19, 19, 12, 28, 2, 0, 0
16:03:30, 1454.90, 26.95, 27.12, 26.273, 2, 2, 3, 7, 29, 48, 54, 40, 81, 7, 0, 0, 1, 0, 0, 2, 11, 18, 18, 12, 28, 2, 0, 0
16:03:30, 1456.40, 26.95, 27.12, 26.281, 2, 2, 3, 7, 28, 47, 53, 39, 83, 7, 0, 0, 1, 0, 0, 2, 11, 18, 18, 11, 27, 2, 0, 0
16:03:31, 1454.10, 26.95, 27.14, 26.273, 2, 2, 3, 7, 28, 46, 52, 37, 73, 6, 0, 0, 1, 0, 0, 2, 11, 18, 18, 12, 27, 2, 0, 0
16:03:32, 1455.00, 26.95, 27.12, 26.273, 2, 2, 3, 7, 27, 46, 52, 37, 76, 6, 0, 0, 1, 0, 0, 2, 11, 18, 18, 11, 27, 2, 0, 0
16:03:32, 1454.70, 26.95, 27.19, 26.273, 2, 2, 3, 6, 27, 46, 52, 37, 76, 6, 0, 0, 1, 0, 0, 2, 11, 18, 18, 12, 27, 2, 0, 0
16:03:33, 1452.30, 26.95, 27.14, 26.273, 2, 2, 3, 7, 28, 48, 54, 38, 76, 6, 0, 0, 1, 0, 0, 2, 11, 19, 19, 12, 28, 2, 0, 0
16:03:34, 1454.20, 26.95, 27.14, 26.273, 2, 2, 3, 7, 28, 48, 54, 38, 84, 7, 0, 0, 1, 0, 0, 2, 11, 18, 18, 12, 28, 2, 0, 0
16:03:34, 1455.70, 26.95, 27.14, 26.281, 2, 2, 3, 6, 27, 46, 52, 37, 82, 7, 0, 0, 1, 0, 0, 2, 11, 18, 18, 11, 27, 2, 0, 0
16:03:35, 1450.50, 26.95, 27.16, 26.273, 2, 2, 3, 6, 28, 47, 53, 38, 75, 6, 0, 0, 1, 0, 0, 2, 12, 20, 20, 13, 29, 2, 0, 0
16:03:36, 1451.20, 26.95, 27.14, 26.273, 2, 2, 3, 7, 30, 50, 56, 41, 81, 7, 0, 0, 1, 0, 0, 2, 12, 19, 19, 12, 29, 2, 0, 0
16:03:36, 1452.30, 26.95, 27.16, 26.281, 2, 2, 3, 7, 28, 47, 53, 38, 83, 7, 0, 0, 1, 0, 0, 2, 11, 18, 18, 11, 27, 2, 0, 0
16:03:37, 1450.10, 26.95, 27.17, 26.281, 2, 2, 3, 6, 26, 44, 50, 35, 70, 6, 0, 0, 1, 0, 0, 2, 12, 19, 19, 12, 28, 2, 0, 0
16:03:38, 1453.60, 26.95, 27.12, 26.281, 2, 2, 3, 7, 31, 52, 58, 42, 86, 7, 0, 0, 1, 0, 0, 2, 12, 20, 20, 13, 32, 2, 0, 0
16:03:38, 1454.50, 26.95, 27.16, 26.281, 2, 2, 3, 7, 29, 49, 56, 40, 81, 7, 0, 0, 1, 0, 0, 2, 11, 19, 18, 12, 27, 2, 0, 0
16:03:39, 1451.90, 26.95, 27.16, 26.281, 2, 2, 3, 6, 25, 43, 48, 33, 66, 5, 0, 0, 1, 0, 0, 2, 11, 18, 18, 11, 26, 2, 0, 0
16:03:40, 1452.40, 26.95, 27.16, 26.281, 2, 2, 3, 6, 26, 44, 50, 36, 72, 6, 0, 0, 1, 0, 0, 2, 11, 19, 19, 12, 28, 2, 0, 0
16:03:40, 1453.20, 26.95, 27.16, 26.281, 2, 2, 3, 8, 30, 50, 56, 41, 83, 7, 0, 0, 1, 0, 0, 2, 12, 20, 20, 13, 29, 2, 0, 0
16:03:41, 1450.50, 26.95, 27.12, 26.281, 2, 2, 3, 7, 28, 48, 54, 38, 71, 6, 0, 0, 1, 0, 0, 2, 12, 20, 20, 13, 29, 2, 0, 0
16:03:42, 1454.10, 26.95, 27.16, 26.281, 2, 2, 3, 6, 27, 46, 52, 37, 81, 7, 0, 0, 1, 0, 0, 2, 11, 18, 18, 11, 28, 2, 0, 0
16:03:42, 1455.20, 26.95, 27.14, 26.281, 2, 2, 3, 6, 27, 45, 51, 36, 80, 7, 0, 0, 1, 0, 0, 2, 11, 18, 18, 11, 27, 2, 0, 0
16:03:43, 1455.00, 26.95, 27.16, 26.289, 2, 2, 3, 7, 27, 45, 51, 37, 73, 6, 0, 0, 1, 0, 0, 2, 11, 19, 19, 12, 28, 2, 0, 0
16:03:44, 1456.10, 26.95, 27.16, 26.289, 2, 2, 3, 7, 28, 48, 54, 38, 78, 6, 0, 0, 1, 0, 0, 2, 11, 19, 18, 12, 27, 2, 0, 0
16:03:44, 1457.40, 26.95, 27.14, 26.273, 2, 2, 3, 6, 27, 46, 52, 36, 71, 6, 0, 0, 1, 0, 0, 2, 11, 18, 18, 12, 27, 2, 0, 0
16:03:45, 1456.50, 26.95, 27.16, 26.281, 2, 2, 3, 6, 27, 46, 52, 36, 69, 6, 0, 0, 1, 0, 0, 2, 11, 18, 18, 11, 27, 2, 0, 0
16:03:46, 1449.80, 26.95, 27.16, 26.281, 2, 2, 3, 7, 27, 45, 51, 36, 69, 5, 0, 0, 1, 0, 0, 2, 11, 19, 19, 12, 27, 2, 0, 0
16:03:46, 1446.40, 26.95, 27.17, 26.273, 2, 2, 3, 7, 27, 45, 51, 36, 71, 6, 0, 0, 1, 0, 0, 2, 12, 21, 20, 13, 30, 2, 0, 0
16:03:47, 1449.60, 26.95, 27.14, 26.281, 2, 2, 3, 7, 32, 53, 60, 43, 89, 7, 0, 0, 1, 0, 0, 2, 13, 21, 21, 14, 32, 2, 0, 0
16:03:48, 1447.40, 26.95, 27.16, 26.281, 2, 2, 4, 9, 33, 55, 61, 44, 87, 7, 0, 0, 1, 0, 0, 2, 13, 21, 21, 13, 30, 2, 0, 0
16:03:48, 1439.10, 26.95, 27.17, 26.273, 2, 2, 4, 7, 30, 51, 57, 42, 76, 6, 0, 0, 1, 0, 0, 2, 13, 22, 22, 14, 31, 2, 0, 0
16:03:49, 1433.30, 26.95, 27.12, 26.281, 2, 2, 3, 7, 29, 48, 54, 38, 73, 6, 0, 0, 1, 0, 1, 2, 15, 25, 25, 16, 35, 2, 0, 0
16:03:50, 1427.70, 26.95, 27.14, 26.281, 2, 2, 4, 7, 32, 53, 60, 43, 80, 6, 0, 0, 1, 1, 1, 3, 18, 29, 29, 19, 41, 3, 0, 0
16:03:50, 1424.80, 26.95, 27.14, 26.281, 3, 2, 4, 9, 38, 62, 70, 52, 96, 8, 0, 0, 1, 1, 1, 3, 18, 29, 29, 19, 42, 3, 0, 0
16:03:51, 1424.60, 26.95, 27.17, 26.289, 3, 3, 4, 10, 38, 63, 71, 52, 112, 9, 0, 0, 1, 1, 1, 3, 16, 26, 26, 17, 40, 3, 0, 0
16:03:52, 1417.50, 26.95, 27.19, 26.289, 3, 2, 4, 9, 38, 64, 72, 52, 108, 9, 0, 0, 1, 1, 1, 3, 19, 30, 30, 20, 44, 3, 0, 0
16:03:52, 1414.70, 26.95, 27.14, 26.281, 3, 3, 5, 11, 43, 71, 80, 59, 109, 9, 0, 0, 2, 1, 1, 4, 21, 34, 33, 22, 48, 4, 0, 0
16:03:53, 1409.00, 26.95, 27.17, 26.289, 3, 3, 5, 12, 44, 71, 80, 59, 107, 8, 0, 0, 1, 1, 1, 4, 21, 34, 34, 23, 49, 4, 0, 0
16:03:54, 1405.20, 26.95, 27.16, 26.289, 3, 3, 5, 10, 41, 67, 76, 56, 111, 9, 0, 0, 2, 1, 1, 4, 23, 37, 37, 24, 54, 4, 0, 0
16:03:54, 1407.40, 26.95, 27.14, 26.281, 4, 3, 6, 12, 50, 82, 92, 69, 146, 12, 0, 0, 2, 1, 1, 4, 22, 36, 36, 24, 54, 4, 0, 0
16:03:55, 1405.60, 26.95, 27.17, 26.289, 5, 4, 7, 17, 60, 97, 110, 83, 172, 14, 0, 0, 2, 1, 1, 4, 23, 37, 37, 25, 54, 4, 0, 0
16:03:56, 1398.70, 26.95, 27.14, 26.289, 4, 4, 6, 14, 52, 83, 94, 70, 118, 9, 0, 0, 2, 1, 2, 5, 25, 41, 40, 27, 56, 4, 0, 0
16:03:56, 1391.70, 26.95, 27.16, 26.281, 4, 3, 5, 11, 46, 75, 84, 61, 104, 8, 0, 0, 2, 1, 2, 5, 28, 45, 45, 30, 62, 5, 0, 0
16:03:57, 1389.20, 26.95, 27.14, 26.289, 4, 4, 6, 13, 52, 85, 95, 72, 128, 10, 0, 0, 2, 2, 2, 6, 30, 49, 49, 33, 69, 6, 0, 0
16:03:58, 1390.70, 26.95, 27.14, 26.289, 6, 5, 9, 22, 77, 122, 139, 108, 216, 17, 0, 0, 2, 1, 2, 6, 28, 45, 45, 30, 69, 5, 0, 0
16:03:58, 1383.00, 26.96, 27.17, 26.289, 5, 5, 7, 18, 62, 99, 112, 84, 153, 12, 0, 0, 2, 2, 2, 6, 30, 49, 49, 33, 69, 6, 0, 0
16:03:59, 1374.40, 26.96, 27.17, 26.289, 5, 4, 6, 15, 55, 89, 99, 75, 133, 11, 0, 0, 3, 2, 3, 7, 37, 58, 59, 40, 82, 7, 0, 0
16:04:00, 1373.30, 26.96, 27.14, 26.289, 6, 5, 8, 20, 70, 112, 126, 96, 186, 15, 0, 0, 3, 2, 3, 8, 37, 58, 59, 40, 85, 7, 0, 0
16:04:00, 1372.50, 26.96, 27.19, 26.289, 6, 6, 9, 22, 77, 122, 139, 105, 219, 18, 0, 0, 3, 2, 3, 7, 37, 58, 59, 40, 86, 7, 0, 0
16:04:01, 1369.90, 26.96, 27.16, 26.289, 6, 5, 8, 19, 74, 117, 133, 100, 208, 17, 0, 0, 3, 2, 3, 8, 38, 59, 60, 41, 89, 7, 0, 0
16:04:02, 1367.70, 26.96, 27.16, 26.297, 7, 6, 10, 24, 89, 140, 159, 122, 246, 20, 0, 0, 3, 2, 3, 8, 38, 61, 61, 42, 91, 7, 0, 0
16:04:02, 1362.60, 26.96, 27.19, 26.297, 7, 7, 10, 26, 86, 135, 153, 118, 225, 18, 0, 0, 3, 2, 3, 8, 40, 63, 64, 43, 93, 8, 0, 0
16:04:03, 1360.80, 26.96, 27.14, 26.297, 7, 6, 10, 25, 83, 131, 148, 112, 239, 20, 0, 0, 3, 2, 3, 8, 40, 64, 64, 44, 99, 8, 0, 0
16:04:04, 1360.90, 26.96, 27.16, 26.297, 8, 7, 11, 28, 98, 153, 175, 135, 290, 24, 0, 0, 3, 2, 3, 9, 43, 67, 68, 47, 103, 8, 0, 0
16:04:04, 1361.30, 26.96, 27.14, 26.305, 10, 9, 14, 34, 122, 187, 213, 169, 311, 24, 0, 0, 3, 3, 4, 10, 44, 70, 70, 49, 105, 9, 0, 0
16:04:05, 1355.50, 26.96, 27.12, 26.305, 8, 7, 11, 27, 98, 152, 173, 135, 217, 17, 0, 0, 4, 3, 4, 10, 45, 72, 73, 50, 104, 9, 0, 0
16:04:06, 1349.20, 26.96, 27.17, 26.312, 7, 6, 10, 23, 84, 132, 149, 114, 180, 14, 0, 0, 4, 3, 4, 11, 53, 85, 85, 59, 118, 10, 0, 0
16:04:06, 1340.90, 26.96, 27.17, 26.312, 8, 7, 11, 26, 94, 146, 165, 128, 190, 15, 0, 0, 5, 4, 6, 15, 69, 108, 109, 77, 150, 13, 0, 0
16:04:07, 1337.80, 26.97, 27.16, 26.312, 10, 8, 14, 33, 116, 177, 202, 159, 239, 19, 0, 0, 6, 4, 6, 16, 69, 107, 109, 77, 150, 13, 0, 0
16:04:08, 1338.60, 26.97, 27.14, 26.320, 11, 10, 16, 40, 134, 205, 231, 185, 329, 26, 0, 0, 4, 3, 5, 12, 56, 87, 88, 61, 127, 11, 0, 0
16:04:08, 1332.10, 26.97, 27.17, 26.336, 11, 9, 15, 37, 124, 191, 216, 171, 306, 24, 0, 0, 5, 4, 5, 14, 64, 100, 102, 71, 147, 12, 0, 0
16:04:09, 1330.00, 26.97, 27.19, 26.336, 10, 9, 15, 37, 123, 187, 215, 166, 379, 32, 0, 0, 6, 5, 7, 17, 70, 108, 111, 78, 174, 15, 0, 0
16:04:10, 1330.40, 26.97, 27.14, 26.328, 13, 12, 20, 51, 156, 236, 269, 216, 458, 37, 0, 0, 5, 4, 6, 15, 64, 99, 101, 71, 151, 13, 0, 0
16:04:10, 1325.60, 26.97, 27.14, 26.336, 11, 10, 16, 40, 130, 200, 223, 179, 302, 24, 0, 0, 6, 5, 6, 16, 70, 109, 111, 77, 156, 13, 0, 0
16:04:11, 1327.10, 26.97, 27.17, 26.336, 12, 10, 16, 42, 141, 216, 242, 196, 334, 26, 0, 0, 5, 4, 6, 15, 65, 100, 101, 71, 153, 13, 0, 0
16:04:12, 1327.70, 26.97, 27.14, 26.336, 14, 13, 21, 56, 171, 258, 294, 239, 462, 37, 0, 0, 5, 4, 6, 15, 69, 107, 109, 76, 157, 13, 0, 0
16:04:12, 1322.90, 26.97, 27.19, 26.344, 13, 11, 18, 45, 139, 212, 237, 191, 321, 25, 0, 0, 6, 5, 7, 18, 78, 120, 122, 86, 172, 14, 0, 0
16:04:13, 1320.10, 26.97, 27.16, 26.344, 13, 11, 18, 46, 138, 211, 236, 189, 332, 26, 0, 0, 6, 5, 7, 18, 75, 116, 118, 83, 172, 14, 0, 0
16:04:14, 1323.60, 26.98, 27.17, 26.344, 15, 14, 22, 58, 187, 280, 321, 259, 509, 40, 0, 0, 5, 4, 6, 16, 67, 104, 106, 75, 166, 14, 0, 0
16:04:14, 1323.60, 26.98, 27.16, 26.344, 16, 14, 23, 59, 182, 273, 311, 253, 465, 36, 0, 0, 6, 4, 6, 16, 72, 111, 112, 79, 163, 14, 0, 0
16:04:15, 1317.80, 26.98, 27.16, 26.344, 13, 12, 19, 48, 146, 221, 247, 200, 312, 24, 0, 0, 7, 6, 8, 20, 86, 133, 135, 96, 187, 16, 0, 0
16:04:16, 1315.80, 26.98, 27.17, 26.336, 13, 11, 18, 45, 151, 229, 257, 208, 315, 25, 0, 0, 7, 6, 8, 21, 88, 135, 137, 97, 192, 16, 0, 0
16:04:16, 1320.10, 26.98, 27.19, 26.352, 16, 14, 23, 60, 182, 274, 310, 255, 465, 37, 0, 0, 6, 5, 7, 18, 73, 112, 114, 80, 175, 15, 0, 0
16:04:17, 1316.70, 26.98, 27.17, 26.352, 16, 15, 24, 63, 175, 264, 300, 244, 461, 36, 0, 0, 6, 5, 7, 18, 79, 122, 124, 87, 177, 15, 0, 0
16:04:18, 1310.90, 26.98, 27.19, 26.344, 14, 12, 19, 48, 150, 229, 256, 207, 344, 27, 0, 0, 7, 6, 8, 21, 93, 142, 145, 103, 200, 17, 0, 0
16:04:18, 1313.30, 26.98, 27.19, 26.352, 15, 13, 21, 56, 180, 271, 305, 249, 457, 36, 0, 0, 7, 6, 8, 21, 87, 132, 135, 96, 205, 17, 0, 0
16:04:19, 1318.20, 26.98, 27.21, 26.352, 18, 17, 28, 74, 226, 335, 384, 317, 671, 54, 0, 0, 6, 5, 7, 19, 77, 118, 120, 85, 189, 16, 0, 0
16:04:20, 1315.80, 26.98, 27.17, 26.352, 17, 15, 24, 63, 174, 263, 296, 243, 389, 30, 0, 0, 7, 5, 7, 19, 82, 127, 128, 91, 185, 16, 0, 0
16:04:20, 1311.90, 26.98, 27.17, 26.352, 14, 12, 20, 50, 154, 232, 264, 211, 313, 24, 0, 0, 8, 6, 9, 22, 95, 147, 149, 107, 210, 18, 0, 0
16:04:21, 1310.40, 26.98, 27.16, 26.352, 14, 12, 20, 50, 160, 239, 274, 219, 317, 25, 0, 0, 8, 7, 9, 25, 99, 153, 155, 112, 229, 20, 0, 0
16:04:22, 1315.00, 26.98, 27.16, 26.344, 20, 18, 30, 77, 246, 364, 417, 341, 639, 50, 0, 0, 7, 5, 8, 21, 85, 129, 132, 94, 214, 18, 0, 0
16:04:22, 1314.20, 26.98, 27.17, 26.352, 20, 18, 30, 78, 218, 324, 370, 305, 513, 40, 0, 0, 7, 6, 8, 21, 91, 142, 143, 103, 210, 18, 0, 0
16:04:23, 1307.00, 26.98, 27.17, 26.352, 15, 13, 21, 54, 161, 241, 276, 221, 330, 26, 0, 0, 8, 7, 9, 24, 101, 156, 158, 114, 224, 19, 0, 0
16:04:24, 1303.10, 26.98, 27.16, 26.344, 14, 12, 20, 52, 165, 246, 280, 226, 326, 26, 0, 0, 9, 7, 11, 27, 102, 157, 160, 115, 232, 20, 0, 0
16:04:24, 1306.80, 26.98, 27.14, 26.344, 20, 18, 30, 76, 237, 350, 399, 334, 574, 45, 0, 0, 7, 6, 8, 22, 90, 137, 139, 100, 222, 19, 0, 0
16:04:25, 1306.80, 26.99, 27.19, 26.344, 21, 19, 32, 83, 238, 353, 404, 335, 639, 50, 0, 0, 7, 6, 8, 22, 92, 140, 143, 102, 213, 18, 0, 0
16:04:26, 1299.30, 26.99, 27.17, 26.352, 18, 16, 26, 67, 207, 309, 351, 289, 559, 45, 0, 0, 9, 7, 10, 25, 105, 159, 163, 117, 246, 21, 0, 0
16:04:26, 1297.00, 26.99, 27.17, 26.352, 19, 17, 29, 77, 218, 322, 367, 300, 601, 48, 0, 0, 9, 7, 10, 26, 103, 156, 160, 114, 244, 21, 0, 0
16:04:27, 1298.80, 26.99, 27.17, 26.352, 18, 16, 26, 69, 205, 307, 349, 284, 572, 46, 0, 0, 9, 7, 10, 26, 99, 151, 154, 111, 241, 21, 0, 0
16:04:28, 1300.60, 26.99, 27.19, 26.352, 24, 22, 37, 96, 285, 418, 480, 405, 771, 61, 0, 0, 8, 7, 10, 25, 105, 159, 162, 117, 242, 21, 0, 0
16:04:28, 1295.80, 26.99, 27.19, 26.359, 21, 19, 31, 81, 241, 353, 404, 338, 498, 39, 0, 0, 10, 8, 11, 29, 117, 178, 181, 131, 265, 23, 0, 0
16:04:29, 1290.20, 26.99, 27.19, 26.359, 20, 18, 30, 78, 228, 333, 383, 316, 467, 36, 0, 0, 11, 8, 12, 32, 126, 192, 195, 142, 286, 25, 0, 0
16:04:30, 1291.40, 26.99, 27.17, 26.367, 22, 20, 33, 85, 264, 387, 445, 371, 568, 44, 0, 0, 10, 8, 12, 31, 121, 183, 186, 136, 283, 25, 0, 0
16:04:30, 1289.10, 26.99, 27.24, 26.367, 28, 25, 44, 115, 327, 473, 544, 465, 762, 59, 0, 0, 10, 8, 12, 31, 130, 197, 201, 148, 303, 26, 0, 0
16:04:31, 1282.20, 27.00, 27.21, 26.367, 26, 23, 40, 103, 277, 401, 465, 388, 568, 44, 0, 0, 13, 10, 15, 40, 150, 226, 231, 170, 341, 30, 0, 0
16:04:32, 1283.20, 26.99, 27.21, 26.367, 25, 22, 38, 98, 282, 410, 470, 395, 591, 46, 0, 0, 12, 9, 14, 36, 137, 207, 211, 155, 315, 27, 0, 0
16:04:32, 1284.70, 26.99, 27.17, 26.367, 29, 26, 45, 118, 341, 493, 564, 483, 803, 62, 0, 0, 11, 9, 13, 33, 131, 197, 201, 147, 310, 27, 0, 0
16:04:33, 1280.90, 26.99, 27.19, 26.367, 26, 24, 41, 106, 285, 411, 471, 398, 578, 45, 0, 0, 12, 10, 15, 39, 145, 218, 223, 164, 329, 29, 0, 0
16:04:34, 1276.10, 27.00, 27.17, 26.367, 25, 22, 39, 99, 278, 402, 459, 386, 568, 44, 0, 0, 13, 10, 15, 40, 148, 222, 227, 166, 332, 29, 0, 0
16:04:34, 1276.10, 27.00, 27.17, 26.367, 28, 25, 43, 112, 310, 449, 510, 437, 673, 52, 0, 0, 12, 10, 14, 38, 142, 212, 217, 159, 329, 28, 0, 0
16:04:35, 1272.00, 27.00, 27.17, 26.375, 30, 27, 47, 121, 325, 471, 534, 458, 730, 57, 0, 0, 13, 10, 16, 41, 153, 228, 234, 172, 353, 30, 0, 0
16:04:36, 1269.40, 27.00, 27.16, 26.383, 30, 27, 48, 126, 331, 480, 549, 468, 895, 71, 0, 0, 14, 11, 17, 45, 164, 243, 251, 185, 390, 34, 0, 0
16:04:37, 1270.80, 27.00, 27.21, 26.383, 35, 33, 58, 153, 429, 610, 708, 610, 1273, 101, 0, 0, 12, 10, 15, 39, 149, 221, 227, 167, 366, 32, 0, 0
16:04:37, 1267.70, 27.00, 27.17, 26.391, 35, 32, 57, 150, 389, 559, 646, 557, 1058, 83, 0, 0, 13, 11, 16, 41, 161, 238, 245, 180, 365, 32, 0, 0
16:04:38, 1263.20, 27.00, 27.21, 26.406, 33, 29, 51, 132, 351, 508, 575, 497, 810, 63, 0, 0, 15, 12, 19, 49, 186, 275, 283, 211, 408, 35, 0, 0
16:04:39, 1265.80, 27.00, 27.17, 26.406, 35, 31, 56, 145, 414, 591, 676, 591, 934, 72, 0, 0, 14, 12, 18, 47, 169, 249, 256, 190, 397, 34, 0, 0
16:04:39, 1265.60, 27.01, 27.17, 26.406, 39, 37, 66, 173, 432, 616, 713, 617, 1184, 93, 0, 0, 14, 11, 17, 45, 168, 247, 255, 188, 398, 34, 0, 0
16:04:40, 1261.90, 27.01, 27.17, 26.406, 34, 31, 54, 144, 378, 541, 623, 531, 1056, 84, 0, 0, 15, 12, 18, 48, 179, 263, 272, 200, 410, 35, 0, 0
16:04:41, 1258.80, 27.01, 27.19, 26.406, 35, 31, 55, 145, 393, 566, 647, 557, 983, 76, 0, 0, 16, 13, 20, 52, 189, 278, 287, 213, 434, 37, 0, 0
16:04:41, 1260.00, 27.01, 27.17, 26.414, 36, 33, 59, 157, 408, 580, 672, 570, 1201, 97, 0, 0, 17, 14, 21, 56, 193, 282, 292, 219, 484, 42, 0, 0
16:04:42, 1263.20, 27.02, 27.16, 26.414, 47, 45, 84, 219, 544, 763, 890, 774, 1720, 136, 0, 0, 15, 12, 18, 48, 172, 253, 260, 193, 429, 37, 0, 0
16:04:43, 1262.20, 27.02, 27.21, 26.414, 36, 32, 58, 151, 353, 509, 573, 496, 765, 59, 0, 0, 15, 12, 19, 49, 177, 262, 269, 200, 398, 34, 0, 0
16:04:43, 1259.10, 27.02, 27.19, 26.414, 30, 26, 47, 120, 331, 469, 535, 457, 646, 50, 0, 0, 17, 14, 21, 56, 196, 289, 296, 222, 437, 38, 0, 0
16:04:44, 1259.00, 27.02, 27.17, 26.406, 30, 27, 49, 125, 349, 491, 560, 482, 683, 53, 0, 0, 16, 14, 20, 54, 186, 275, 281, 210, 422, 37, 0, 0
16:04:45, 1261.10, 27.02, 27.17, 26.406, 37, 33, 60, 156, 427, 605, 695, 603, 962, 74, 0, 0, 14, 11, 17, 45, 165, 242, 248, 184, 388, 33, 0, 0
16:04:45, 1254.60, 27.02, 27.19, 26.398, 35, 31, 57, 148, 373, 529, 596, 516, 863, 67, 0, 0, 15, 13, 19, 51, 189, 274, 283, 210, 429, 37, 0, 0
16:04:46, 1252.10, 27.02, 27.21, 26.398, 30, 28, 51, 135, 344, 484, 558, 464, 1017, 82, 0, 0, 17, 14, 21, 57, 193, 279, 289, 215, 465, 40, 0, 0
16:04:47, 1258.60, 27.02, 27.21, 26.398, 33, 31, 55, 149, 402, 563, 653, 553, 1194, 96, 0, 0, 13, 11, 17, 45, 158, 230, 235, 174, 388, 33, 0, 0
16:04:47, 1258.80, 27.02, 27.17, 26.414, 39, 37, 70, 185, 455, 631, 727, 637, 1417, 112, 0, 0, 12, 10, 16, 42, 149, 218, 222, 164, 347, 30, 0, 0
16:04:48, 1254.00, 27.02, 27.23, 26.406, 30, 27, 49, 127, 342, 480, 542, 470, 731, 56, 0, 0, 14, 11, 17, 46, 168, 245, 250, 186, 366, 31, 0, 0
16:04:49, 1252.60, 27.02, 27.19, 26.406, 29, 27, 49, 127, 327, 458, 519, 445, 678, 52, 0, 0, 14, 11, 17, 47, 163, 238, 242, 180, 360, 31, 0, 0
16:04:49, 1251.90, 27.02, 27.21, 26.406, 29, 26, 50, 128, 335, 467, 527, 455, 692, 53, 0, 0, 13, 11, 17, 46, 161, 234, 238, 177, 360, 31, 0, 0
16:04:50, 1250.70, 27.02, 27.21, 26.430, 35, 33, 62, 162, 393, 548, 623, 544, 912, 70, 0, 0, 13, 10, 16, 44, 157, 229, 233, 172, 359, 31, 0, 0
16:04:51, 1246.90, 27.03, 27.17, 26.430, 33, 30, 56, 147, 376, 528, 594, 515, 912, 71, 0, 0, 15, 12, 19, 50, 179, 258, 265, 197, 417, 36, 0, 0
16:04:51, 1244.50, 27.03, 27.17, 26.430, 39, 37, 70, 184, 430, 596, 686, 588, 1229, 98, 0, 0, 17, 14, 22, 59, 203, 291, 299, 224, 481, 42, 0, 0
16:04:52, 1244.60, 27.03, 27.19, 26.445, 43, 41, 78, 204, 507, 704, 809, 706, 1394, 110, 0, 0, 18, 14, 23, 60, 210, 303, 311, 232, 485, 42, 0, 0
16:04:53, 1244.90, 27.03, 27.17, 26.445, 53, 51, 98, 255, 634, 876, 1017, 893, 1713, 132, 0, 0, 18, 15, 23, 62, 226, 328, 336, 252, 512, 44, 0, 0
16:04:53, 1240.10, 27.03, 27.19, 26.430, 51, 46, 88, 226, 566, 782, 891, 791, 1196, 92, 0, 0, 21, 18, 28, 74, 261, 376, 386, 292, 578, 50, 0, 0
16:04:54, 1235.10, 27.03, 27.24, 26.437, 54, 48, 92, 233, 584, 808, 915, 819, 1205, 92, 0, 0, 23, 19, 31, 81, 286, 411, 422, 319, 625, 54, 0, 0
16:04:55, 1233.80, 27.03, 27.16, 26.437, 53, 48, 92, 235, 616, 851, 964, 866, 1346, 103, 0, 0, 24, 20, 32, 84, 281, 402, 414, 314, 642, 56, 0, 0
16:04:55, 1228.80, 27.04, 27.16, 26.430, 58, 52, 99, 255, 583, 812, 912, 806, 1416, 110, 0, 0, 26, 21, 35, 91, 309, 438, 454, 345, 705, 61, 0, 0
16:04:56, 1228.70, 27.03, 27.21, 26.445, 55, 52, 101, 264, 680, 927, 1079, 946, 1987, 158, 0, 0, 26, 22, 35, 93, 300, 427, 441, 336, 718, 62, 0, 0
16:04:57, 1230.20, 27.04, 27.19, 26.445, 66, 63, 122, 319, 776, 1060, 1233, 1091, 2262, 179, 0, 0, 25, 21, 33, 88, 299, 425, 439, 334, 704, 61, 0, 0
16:04:57, 1228.70, 27.04, 27.16, 26.445, 66, 60, 117, 299, 671, 926, 1043, 946, 1505, 115, 0, 0, 27, 23, 37, 98, 331, 471, 485, 372, 726, 63, 0, 0
16:04:58, 1227.40, 27.04, 27.19, 26.453, 63, 58, 115, 288, 681, 919, 1059, 944, 1306, 100, 0, 0, 29, 25, 40, 106, 334, 477, 489, 376, 747, 65, 0, 0
16:04:59, 1229.40, 27.04, 27.24, 26.453, 60, 54, 105, 266, 670, 915, 1041, 928, 1351, 103, 0, 0, 25, 21, 34, 90, 292, 418, 430, 326, 678, 59, 0, 0
16:04:59, 1229.00, 27.04, 27.19, 26.437, 70, 67, 129, 331, 768, 1053, 1210, 1098, 1834, 140, 0, 0, 26, 22, 36, 95, 328, 465, 482, 367, 723, 63, 0, 0
16:05:00, 1225.90, 27.04, 27.19, 26.453, 61, 55, 107, 276, 627, 868, 976, 865, 1557, 121, 0, 0, 29, 25, 40, 107, 352, 496, 515, 395, 785, 68, 0, 0
16:05:01, 1224.70, 27.05, 27.23, 26.453, 61, 55, 107, 279, 653, 900, 1031, 901, 1771, 139, 0, 0, 30, 25, 41, 108, 350, 493, 513, 392, 826, 72, 0, 0
16:05:01, 1225.90, 27.04, 27.21, 26.445, 61, 60, 116, 304, 696, 941, 1108, 949, 2198, 179, 0, 0, 29, 24, 39, 104, 331, 469, 486, 370, 796, 69, 0, 0
16:05:02, 1225.10, 27.04, 27.19, 26.445, 71, 69, 137, 354, 774, 1050, 1208, 1083, 2078, 161, 0, 0, 27, 23, 37, 99, 328, 464, 478, 365, 738, 64, 0, 0
16:05:03, 1225.30, 27.05, 27.21, 26.445, 82, 79, 159, 404, 1008, 1358, 1593, 1429, 2468, 187, 0, 0, 27, 22, 37, 98, 331, 470, 482, 370, 754, 66, 0, 0
16:05:03, 1219.30, 27.05, 27.19, 26.445, 71, 65, 131, 328, 829, 1116, 1271, 1162, 1749, 133, 0, 0, 30, 25, 42, 111, 373, 526, 542, 417, 812, 70, 0, 0
16:05:04, 1213.00, 27.05, 27.17, 26.445, 64, 56, 114, 284, 668, 917, 1010, 915, 1425, 110, 0, 0, 35, 30, 49, 131, 423, 592, 614, 473, 908, 79, 0, 0
16:05:05, 1211.50, 27.05, 27.21, 26.445, 67, 58, 117, 297, 693, 952, 1052, 941, 1588, 123, 0, 0, 36, 30, 52, 137, 426, 594, 616, 475, 947, 82, 0, 0
16:05:05, 1214.40, 27.05, 27.19, 26.445, 93, 94, 194, 486, 1170, 1546, 1803, 1647, 3530, 275, 0, 0, 31, 27, 45, 120, 380, 530, 548, 424, 920, 79, 0, 0
16:05:06, 1209.70, 27.05, 27.19, 26.445, 83, 78, 158, 400, 927, 1250, 1418, 1303, 2235, 170, 0, 0, 33, 28, 48, 127, 416, 581, 599, 463, 914, 79, 0, 0
16:05:07, 1205.40, 27.05, 27.17, 26.445, 76, 69, 141, 347, 772, 1034, 1157, 1053, 1479, 114, 0, 0, 42, 36, 61, 161, 494, 686, 709, 553, 1044, 90, 0, 0
16:05:07, 1207.00, 27.05, 27.21, 26.445, 85, 76, 158, 390, 910, 1229, 1371, 1262, 2091, 160, 0, 0, 35, 30, 52, 137, 423, 585, 606, 469, 965, 84, 0, 0
16:05:08, 1208.00, 27.05, 27.17, 26.445, 81, 82, 168, 424, 936, 1237, 1443, 1296, 2761, 217, 0, 0, 33, 28, 47, 126, 392, 542, 561, 432, 901, 78, 0, 0
16:05:09, 1203.00, 27.05, 27.23, 26.445, 82, 81, 167, 419, 866, 1158, 1321, 1204, 2143, 163, 0, 0, 32, 27, 47, 125, 401, 556, 573, 442, 874, 75, 0, 0
16:05:09, 1198.90, 27.06, 27.23, 26.437, 70, 62, 129, 321, 709, 965, 1062, 962, 1638, 128, 0, 0, 39, 34, 59, 156, 469, 642, 666, 519, 1039, 90, 0, 0
16:05:10, 1197.70, 27.05, 27.17, 26.437, 83, 84, 174, 440, 1029, 1349, 1579, 1415, 3064, 241, 0, 0, 38, 32, 56, 149, 471, 646, 669, 519, 1088, 94, 0, 0
16:05:11, 1191.30, 27.06, 27.23, 26.437, 83, 81, 167, 424, 987, 1310, 1517, 1343, 2807, 219, 0, 0, 48, 41, 72, 192, 601, 815, 849, 664, 1359, 118, 0, 0
16:05:11, 1196.50, 27.05, 27.19, 26.437, 87, 86, 178, 456, 989, 1305, 1519, 1318, 2931, 233, 0, 0, 46, 40, 71, 186, 528, 718, 744, 582, 1231, 106, 0, 0
16:05:12, 1194.10, 27.06, 27.17, 26.437, 123, 128, 270, 657, 1313, 1716, 1972, 1850, 3279, 247, 0, 0, 44, 38, 67, 177, 550, 754, 780, 608, 1202, 104, 0, 0
16:05:13, 1189.10, 27.06, 27.23, 26.437, 105, 98, 207, 507, 1002, 1334, 1473, 1351, 2161, 165, 0, 0, 53, 46, 80, 213, 637, 867, 897, 702, 1349, 116, 0, 0
16:05:13, 1191.50, 27.05, 27.21, 26.437, 118, 111, 235, 576, 1387, 1832, 2102, 1958, 3535, 267, 0, 0, 48, 41, 74, 194, 574, 779, 809, 636, 1347, 116, 0, 0
16:05:14, 1187.40, 27.06, 27.19, 26.437, 108, 107, 227, 560, 1194, 1577, 1797, 1623, 3296, 255, 0, 0, 52, 45, 82, 215, 655, 884, 919, 723, 1448, 125, 0, 0
16:05:15, 1186.00, 27.06, 27.19, 26.445, 105, 97, 206, 504, 1071, 1430, 1590, 1456, 2541, 195, 0, 0, 54, 47, 83, 220, 656, 888, 922, 723, 1429, 123, 0, 0
16:05:15, 1185.20, 27.06, 27.23, 26.437, 98, 97, 203, 513, 1025, 1333, 1563, 1344, 3203, 260, 0, 0, 59, 51, 94, 246, 722, 968, 1012, 801, 1737, 151, 0, 0
16:05:16, 1190.80, 27.06, 27.23, 26.437, 118, 127, 269, 666, 1525, 1947, 2319, 2107, 4997, 404, 0, 0, 50, 43, 78, 206, 593, 802, 832, 657, 1393, 120, 0, 0
16:05:17, 1187.50, 27.06, 27.23, 26.437, 115, 107, 231, 556, 1168, 1550, 1705, 1613, 2422, 185, 0, 0, 53, 46, 81, 214, 636, 865, 893, 706, 1376, 119, 0, 0
16:05:17, 1178.70, 27.06, 27.24, 26.437, 116, 107, 233, 551, 1124, 1480, 1619, 1510, 2268, 174, 0, 0, 62, 54, 97, 256, 761, 1024, 1061, 840, 1595, 137, 0, 0
16:05:18, 1183.00, 27.06, 27.21, 26.437, 115, 108, 235, 569, 1363, 1802, 2044, 1871, 3658, 280, 0, 0, 57, 49, 90, 238, 676, 907, 940, 745, 1579, 136, 0, 0
16:05:19, 1180.30, 27.06, 27.21, 26.437, 164, 175, 376, 900, 1422, 1880, 2113, 1973, 3557, 271, 0, 0, 60, 53, 97, 253, 712, 956, 987, 784, 1548, 133, 0, 0
16:05:19, 1168.00, 27.07, 27.19, 26.445, 121, 113, 250, 579, 1171, 1518, 1650, 1561, 2260, 174, 0, 0, 75, 66, 124, 323, 953, 1266, 1307, 1046, 1932, 166, 0, 0
16:05:20, 1171.00, 27.07, 27.21, 26.445, 132, 122, 271, 624, 1574, 2063, 2263, 2179, 3337, 254, 0, 0, 63, 56, 105, 274, 750, 999, 1029, 820, 1744, 150, 0, 0
16:05:21, 1169.00, 27.07, 27.19, 26.445, 191, 221, 486, 1114, 1903, 2416, 2821, 2672, 5521, 422, 0, 0, 70, 62, 116, 303, 880, 1162, 1209, 969, 1958, 169, 0, 0
16:05:21, 1156.90, 27.07, 27.26, 26.461, 131, 127, 281, 661, 1205, 1570, 1717, 1590, 2831, 223, 0, 0, 91, 82, 160, 411, 1128, 1467, 1524, 1228, 2344, 202, 0, 0
16:05:22, 1158.40, 27.07, 27.26, 26.461, 121, 119, 266, 613, 1210, 1567, 1706, 1594, 2823, 224, 0, 0, 85, 77, 149, 384, 953, 1248, 1286, 1030, 2089, 179, 0, 0
16:05:23, 1161.20, 27.07, 27.17, 26.469, 240, 288, 646, 1451, 2972, 3784, 4350, 4364, 10704, 834, 0, 0, 69, 61, 117, 305, 838, 1103, 1132, 907, 1993, 170, 0, 0
16:05:23, 1152.00, 27.07, 27.19, 26.516, 145, 144, 318, 744, 1320, 1717, 1869, 1755, 3084, 243, 0, 0, 94, 85, 166, 428, 1184, 1533, 1580, 1279, 2413, 207, 0, 0
16:05:24, 1148.90, 27.08, 27.26, 26.516, 112, 109, 247, 551, 1058, 1352, 1449, 1365, 2153, 172, 0, 0, 112, 103, 207, 523, 1285, 1649, 1704, 1385, 2609, 224, 0, 0
16:05:25, 1152.70, 27.08, 27.21, 26.531, 187, 200, 443, 1014, 2227, 2838, 3375, 3097, 6904, 525, 0, 0, 77, 70, 137, 353, 990, 1285, 1323, 1065, 2283, 196, 0, 0
16:05:25, 1146.20, 27.08, 27.24, 26.555, 173, 196, 427, 998, 1521, 1926, 2232, 2005, 4535, 361, 0, 0, 96, 87, 172, 440, 1198, 1543, 1596, 1291, 2574, 220, 0, 0
16:05:26, 1149.50, 27.09, 27.26, 26.555, 164, 165, 368, 836, 1587, 2045, 2264, 2133, 3926, 305, 0, 0, 92, 85, 169, 430, 1117, 1439, 1486, 1208, 2423, 208, 0, 0
16:05:27, 1150.70, 27.09, 27.23, 26.555, 187, 204, 447, 1025, 1662, 2108, 2432, 2221, 4810, 376, 0, 0, 93, 85, 170, 431, 1106, 1426, 1481, 1206, 2545, 218, 0, 0
16:05:27, 1143.60, 27.10, 27.23, 26.555, 163, 184, 402, 929, 1635, 2062, 2401, 2172, 4881, 390, 0, 0, 93, 85, 169, 431, 1165, 1497, 1550, 1259, 2591, 223, 0, 0
16:05:28, 1145.50, 27.10, 27.23, 26.555, 194, 220, 483, 1100, 2072, 2630, 3098, 2842, 6229, 477, 0, 0, 90, 83, 167, 423, 1043, 1345, 1391, 1140, 2444, 208, 0, 0
16:05:29, 1139.50, 27.10, 27.23, 26.531, 219, 235, 521, 1165, 1789, 2298, 2544, 2439, 4335, 333, 0, 0, 94, 87, 173, 440, 1172, 1506, 1556, 1274, 2487, 213, 0, 0
16:05:29, 1128.60, 27.11, 27.23, 26.531, 205, 209, 477, 987, 1723, 2208, 2358, 2360, 3524, 276, 0, 0, 116, 110, 226, 562, 1418, 1800, 1861, 1544, 2966, 253, 0, 0
16:05:30, 1129.90, 27.11, 27.26, 26.531, 237, 255, 575, 1191, 2148, 2766, 3058, 2986, 5312, 413, 0, 0, 110, 106, 221, 544, 1215, 1537, 1587, 1322, 2842, 240, 0, 0
16:05:31, 1128.60, 27.11, 27.24, 26.539, 498, 705, 1630, 3287, 5014, 6040, 7049, 7085, 17574, 1307, 0, 0, 95, 91, 188, 466, 1283, 1628, 1685, 1397, 2870, 245, 0, 0
16:05:31, 1119.30, 27.11, 27.23, 26.562, 168, 178, 403, 847, 1488, 1906, 2052, 2005, 3152, 254, 0, 0, 127, 122, 255, 624, 1570, 1974, 2043, 1706, 3242, 276, 0, 0
16:05:32, 1116.00, 27.11, 27.23, 26.562, 216, 229, 519, 1009, 1639, 2083, 2203, 2238, 3194, 263, 0, 0, 137, 136, 290, 693, 1481, 1850, 1915, 1620, 3230, 275, 0, 0
16:05:33, 1120.10, 27.12, 27.21, 26.570, 369, 417, 908, 1831, 4740, 5597, 6642, 7042, 13528, 1000, 0, 0, 101, 100, 213, 512, 1212, 1522, 1573, 1329, 2988, 248, 0, 0
16:05:33, 1102.50, 27.12, 27.24, 26.594, 258, 288, 637, 1289, 2066, 2688, 2894, 2901, 4473, 346, 0, 0, 143, 142, 305, 726, 1842, 2273, 2367, 2008, 3893, 332, 0, 0
16:05:34, 1097.60, 27.12, 27.21, 26.594, 248, 294, 635, 1189, 2264, 2993, 3150, 3235, 4888, 386, 0, 0, 145, 152, 331, 763, 1690, 2075, 2148, 1845, 3671, 310, 0, 0
16:05:35, 1096.10, 27.13, 27.26, 26.602, 705, 1154, 2375, 4101, 7449, 8500, 10128, 10631, 22302, 1672, 0, 0, 123, 128, 280, 647, 1596, 1960, 2033, 1742, 3608, 304, 0, 0
16:05:35, 1082.30, 27.13, 27.24, 26.641, 258, 361, 747, 1406, 2104, 2542, 2995, 2830, 6343, 537, 0, 0, 184, 202, 447, 990, 2144, 2575, 2694, 2344, 4901, 418, 0, 0
16:05:36, 1079.10, 27.14, 27.28, 26.641, 362, 554, 1028, 2049, 3507, 4235, 5957, 4700, 14991, 1186, 0, 0, 161, 178, 395, 873, 1762, 2125, 2202, 1907, 3995, 332, 0, 0
16:05:37, 1072.30, 27.15, 27.26, 26.648, 476, 810, 1580, 2676, 2793, 3266, 3690, 3818, 7393, 555, 0, 0, 162, 181, 400, 881, 1880, 2264, 2341, 2019, 3939, 327, 0, 0
16:05:37, 1067.40, 27.15, 27.26, 26.664, 466, 756, 1464, 2240, 3701, 4158, 4640, 5266, 6926, 540, 0, 0, 156, 179, 394, 859, 1663, 2005, 2058, 1782, 3538, 294, 0, 0
16:05:38, 1069.40, 27.16, 27.21, 26.664, 944, 1719, 3196, 5124, 6478, 7646, 8271, 10018, 33127, 3147, 0, 1, 122, 144, 312, 660, 1382, 1666, 1707, 1468, 3110, 256, 0, 0
16:05:39, 1054.40, 27.17, 27.23, 26.695, 494, 714, 1368, 2116, 2745, 3234, 3477, 3922, 6150, 504, 0, 0, 182, 214, 472, 1004, 2066, 2452, 2535, 2214, 4315, 358, 0, 0
16:05:39, 1042.90, 27.17, 27.21, 26.719, 1077, 1700, 2684, 4498, 7493, 9930, 11738, 12118, 31350, 2682, 0, 0, 197, 248, 536, 1093, 2148, 2527, 2609, 2328, 4531, 381, 0, 0
16:05:40, 1040.10, 27.18, 27.26, 26.719, 2625, 5076, 8446, 10508, 10884, 12507, 15386, 16632, 36000, 6017, 1, 1, 214, 284, 605, 1180, 2263, 2636, 2745, 2490, 4932, 427, 0, 0
16:05:41, 1037.70, 27.19, 27.24, 26.797, 1055, 1390, 2218, 3385, 4573, 6922, 6449, 6978, 13389, 1721, 0, 0, 224, 305, 641, 1228, 2245, 2616, 2723, 2502, 5069, 444, 0, 0
16:05:41, 1039.20, 27.19, 27.23, 26.797, 2582, 5064, 7684, 10447, 24555, 26505, 31258, 32645, 36000, 12229, 1, 1, 212, 299, 620, 1133, 1972, 2272, 2377, 2178, 5396, 479, 0, 0
16:05:42, 1045.40, 27.20, 27.24, 26.859, 1537, 3233, 4863, 7092, 10687, 11246, 14232, 16071, 36000, 8653, 1, 1, 168, 221, 469, 922, 2019, 2384, 2469, 2223, 4598, 399, 0, 0
16:05:43, 1036.10, 27.21, 27.24, 26.859, 2707, 5177, 7212, 9881, 14768, 13323, 17018, 21792, 26266, 2584, 0, 0, 197, 264, 556, 1080, 2019, 2363, 2448, 2222, 4521, 398, 0, 0
16:05:43, 1024.00, 27.22, 27.30, 26.859, 2915, 4911, 6957, 10320, 10576, 14526, 17831, 19032, 34077, 4103, 0, 1, 190, 256, 522, 994, 1916, 2234, 2304, 2089, 4191, 387, 0, 0
16:05:44, 1013.40, 27.22, 27.26, 26.859, 5728, 11669, 17254, 17694, 24043, 25523, 27132, 29412, 36000, 22978, 1, 1, 247, 354, 718, 1309, 2415, 2765, 2885, 2697, 5445, 500, 0, 0
16:05:45, 1013.70, 27.19, 27.24, 26.867, 7580, 13938, 18629, 22346, 25621, 23531, 30331, 34199, 28672, 14906, 0, 1, 6759, 12065, 16294, 20809, 30993, 31155, 34258, 35160, 36000, 35705, 1, 1
16:05:46, 1013.70, 27.17, 27.24, 26.867, 7938, 13660, 19285, 23442, 22404, 18050, 23055, 31799, 31819, 15681, 0, 0, 13112, 21486, 29591, 34790, 36000, 36000, 36000, 36000, 36000, 36000, 1, 1
16:05:46, 1014.10, 27.20, 27.30, 26.859, 1069, 1611, 2191, 2651, 3183, 3187, 4009, 4574, 12155, 4131, 0, 0, 8877, 14862, 20157, 25545, 27418, 29460, 35594, 36000, 36000, 36000, 1, 1
