Secchi Depth (cm) = 0112
Forel Ule Scale = 20
pH Colour Scale = 99
SensingSecchi S/N = A016
Latitude (degs N) = 34.35143
Longitude (degs E) = -78.04935
Date = 2026-06-03
Time (UTC), Pressure (mbar) MS5803, Temp (deg C) MS5803, Temp (deg C) 10KTHERM, Temp (deg C) TMP117, ED 415nm, ED 445nm, ED 480nm, ED 515nm, ED 555nm, ED 590nm, ED 630nm, ED 680nm, ED Clear, ED NIR, ED D-SAT, ED A-SAT, EU 415nm, EU 445nm, EU 480nm, EU 515nm, EU 555nm, EU 590nm, EU 630nm, EU 680nm, EU Clear, EU NIR, EU D-SAT, EU A-SAT
17:57:56, 1017.70, 25.33, 26.73, 19.352, 632, 914, 1169, 1322, 1405, 1406, 1465, 1585, 9390, 3457, 0, 0, 38, 42, 43, 49, 49, 75, 146, 298, 810, 592, 0, 0
17:57:56, 1017.80, 25.34, 26.74, 19.352, 769, 1144, 1436, 1649, 1630, 1595, 1788, 1836, 9892, 3387, 0, 0, 228, 225, 306, 309, 909, 1014, 1156, 1715, 7230, 4979, 0, 0
17:57:57, 1017.70, 25.33, 26.74, 19.422, 692, 1033, 1307, 1499, 1713, 1677, 1828, 1850, 9535, 2736, 0, 0, 1795, 2728, 3249, 3845, 6319, 6851, 9035, 11820, 35970, 23795, 0, 1
17:57:58, 1017.50, 25.34, 26.74, 19.453, 641, 926, 1183, 1352, 1401, 1440, 1529, 1630, 9598, 3774, 0, 0, 1780, 2527, 3101, 3643, 3658, 4576, 6056, 7722, 26679, 15844, 0, 0
17:57:58, 1017.60, 25.34, 26.74, 19.453, 604, 864, 1084, 1298, 1306, 1354, 1473, 1533, 9750, 4201, 0, 0, 1533, 2240, 2685, 3194, 3178, 4057, 5603, 7260, 22805, 13510, 0, 0
17:57:59, 1017.70, 25.36, 26.78, 19.492, 639, 914, 1148, 1371, 1436, 1512, 1613, 1730, 10352, 4343, 0, 0, 1317, 1904, 2310, 2723, 2591, 3286, 4626, 5989, 19398, 11870, 0, 0
17:58:00, 1017.30, 25.36, 26.74, 19.492, 847, 1284, 1599, 1870, 1834, 1836, 2123, 2182, 12168, 5461, 0, 0, 3515, 5137, 7745, 8245, 11981, 12372, 15098, 18259, 36000, 29585, 1, 1
17:58:00, 1017.90, 25.39, 26.78, 19.492, 1687, 2170, 2913, 3241, 2935, 2759, 4250, 3965, 6350, 3183, 0, 0, 2266, 3853, 5024, 6225, 5379, 5478, 6441, 7641, 24797, 15223, 0, 0
17:58:01, 1017.50, 25.39, 26.80, 19.508, 967, 1481, 1887, 2049, 1120, 1119, 1344, 1470, 4216, 1983, 0, 0, 696, 1176, 1492, 1855, 1128, 1236, 1393, 1568, 4653, 1956, 0, 0
17:58:02, 1022.30, 25.46, 26.78, 19.836, 6560, 11631, 16662, 18687, 35878, 36000, 36000, 36000, 36000, 36000, 1, 1, 71, 101, 184, 302, 473, 552, 699, 791, 1447, 191, 0, 0
17:58:02, 1025.90, 25.59, 26.76, 19.836, 16749, 24219, 29947, 31921, 21732, 22084, 23224, 25049, 33375, 23904, 0, 1, 84, 120, 228, 382, 601, 725, 938, 1057, 1795, 190, 0, 0
17:58:03, 1030.40, 25.69, 26.76, 23.023, 1057, 1576, 2716, 3028, 2191, 2304, 2614, 2720, 8738, 1598, 0, 0, 86, 118, 227, 403, 620, 761, 996, 1127, 1855, 186, 0, 0
17:58:04, 1029.60, 25.77, 26.74, 24.664, 468, 853, 1237, 1525, 1970, 1949, 2298, 2309, 7235, 1236, 0, 0, 86, 115, 225, 392, 653, 800, 1046, 1178, 2004, 203, 0, 0
17:58:04, 1030.50, 25.83, 26.80, 24.664, 553, 990, 1421, 1704, 1575, 1568, 1724, 1776, 5737, 1074, 0, 0, 76, 99, 192, 347, 612, 752, 983, 1097, 2005, 190, 0, 0
17:58:05, 1033.80, 25.88, 26.78, 25.437, 452, 817, 1208, 1425, 1523, 1534, 1666, 1786, 5697, 986, 0, 0, 67, 86, 166, 301, 501, 626, 829, 923, 1693, 158, 0, 0
17:58:06, 1034.00, 25.92, 26.78, 25.750, 341, 628, 972, 1167, 1251, 1262, 1363, 1413, 4483, 682, 0, 0, 46, 54, 103, 196, 375, 479, 646, 727, 1131, 103, 0, 0
17:58:06, 1029.10, 25.96, 26.76, 25.750, 386, 697, 1055, 1245, 1355, 1353, 1454, 1483, 4978, 829, 0, 0, 61, 76, 147, 269, 527, 657, 869, 979, 1620, 157, 0, 0
17:58:07, 1026.80, 25.98, 26.73, 25.891, 606, 1014, 1485, 1675, 2769, 2941, 3363, 3594, 12111, 2528, 0, 0, 118, 171, 326, 557, 993, 1175, 1501, 1668, 3614, 382, 0, 0
17:58:08, 1029.20, 26.00, 26.73, 25.945, 7994, 15451, 17802, 27414, 30187, 33889, 36000, 36000, 36000, 29197, 1, 1, 122, 176, 342, 570, 904, 1072, 1372, 1528, 3401, 355, 0, 0
17:58:08, 1031.60, 26.02, 26.80, 25.945, 3315, 5223, 7955, 11306, 5205, 5814, 5777, 6457, 28652, 4614, 0, 0, 85, 118, 228, 387, 600, 728, 954, 1059, 2220, 230, 0, 0
17:58:09, 1030.40, 26.04, 26.76, 25.961, 1513, 2636, 4449, 5704, 1515, 1524, 1644, 1709, 5910, 1028, 0, 0, 55, 69, 132, 242, 422, 534, 708, 797, 1292, 120, 0, 0
17:58:10, 1030.50, 26.05, 26.74, 25.969, 420, 737, 1081, 1245, 1356, 1343, 1479, 1491, 4565, 768, 0, 0, 55, 68, 128, 243, 448, 568, 754, 856, 1235, 113, 0, 0
17:58:10, 1032.90, 26.06, 26.78, 25.969, 422, 764, 1121, 1317, 1363, 1351, 1479, 1492, 4589, 732, 0, 0, 58, 71, 134, 256, 454, 585, 781, 893, 1210, 110, 0, 0
17:58:11, 1033.40, 26.07, 26.76, 25.969, 395, 724, 1114, 1325, 1362, 1355, 1511, 1529, 4561, 723, 0, 0, 61, 74, 142, 272, 493, 629, 841, 957, 1361, 124, 0, 0
17:58:12, 1032.70, 26.07, 26.73, 25.969, 387, 706, 1083, 1290, 1436, 1440, 1613, 1629, 4781, 759, 0, 0, 67, 82, 158, 300, 543, 688, 914, 1036, 1612, 151, 0, 0
17:58:12, 1032.20, 26.08, 26.74, 25.969, 424, 769, 1153, 1369, 1503, 1499, 1679, 1720, 5550, 891, 0, 0, 64, 81, 155, 286, 486, 616, 817, 923, 1522, 143, 0, 0
17:58:13, 1032.20, 26.09, 26.76, 25.977, 409, 736, 1094, 1281, 1383, 1362, 1494, 1525, 5019, 799, 0, 0, 49, 60, 113, 215, 369, 476, 637, 726, 1093, 99, 0, 0
17:58:14, 1030.80, 26.10, 26.74, 25.977, 384, 679, 1026, 1192, 1349, 1346, 1479, 1491, 4659, 761, 0, 0, 51, 63, 117, 223, 428, 544, 726, 823, 1267, 116, 0, 0
17:58:14, 1032.00, 26.11, 26.71, 25.977, 462, 819, 1205, 1412, 1641, 1625, 1849, 1910, 6189, 1096, 0, 0, 75, 98, 190, 337, 628, 776, 1018, 1144, 2134, 215, 0, 0
17:58:15, 1032.20, 26.11, 26.74, 25.977, 1385, 2809, 4126, 5939, 9530, 9390, 13219, 15751, 34313, 6468, 0, 1, 88, 119, 228, 404, 704, 862, 1128, 1268, 2530, 259, 0, 0
17:58:16, 1033.60, 26.12, 26.78, 25.969, 972, 1841, 3026, 4006, 2818, 2843, 3503, 4082, 13749, 2245, 0, 0, 86, 115, 223, 394, 604, 752, 992, 1125, 2113, 209, 0, 0
17:58:16, 1033.30, 26.13, 26.73, 25.969, 375, 694, 1066, 1263, 1441, 1451, 1581, 1672, 5268, 825, 0, 0, 61, 75, 144, 269, 490, 623, 829, 943, 1596, 153, 0, 0
17:58:17, 1033.50, 26.13, 26.76, 25.961, 391, 710, 1087, 1284, 1388, 1367, 1484, 1539, 5165, 836, 0, 0, 52, 64, 122, 226, 406, 516, 694, 781, 1285, 117, 0, 0
17:58:18, 1034.30, 26.14, 26.73, 25.961, 356, 645, 988, 1164, 1321, 1322, 1459, 1482, 4504, 706, 0, 0, 49, 60, 111, 214, 397, 511, 683, 784, 1097, 99, 0, 0
17:58:18, 1032.60, 26.14, 26.74, 25.961, 334, 609, 933, 1112, 1257, 1253, 1380, 1405, 4043, 617, 0, 0, 53, 65, 122, 235, 441, 564, 754, 860, 1216, 111, 0, 0
17:58:19, 1032.70, 26.14, 26.74, 25.945, 407, 733, 1097, 1281, 1369, 1359, 1512, 1530, 4533, 761, 0, 0, 66, 84, 162, 297, 527, 662, 879, 991, 1568, 146, 0, 0
17:58:20, 1032.70, 26.15, 26.76, 25.945, 401, 725, 1089, 1293, 1426, 1414, 1591, 1602, 4938, 800, 0, 0, 66, 83, 162, 294, 503, 632, 843, 950, 1534, 142, 0, 0
17:58:20, 1031.80, 26.15, 26.74, 25.945, 380, 683, 1036, 1220, 1367, 1355, 1496, 1509, 4691, 750, 0, 0, 55, 68, 128, 242, 425, 542, 729, 823, 1266, 115, 0, 0
17:58:21, 1033.20, 26.15, 26.73, 25.945, 385, 700, 1049, 1233, 1304, 1292, 1406, 1456, 4572, 741, 0, 0, 48, 57, 109, 207, 385, 498, 671, 765, 1110, 101, 0, 0
17:58:22, 1033.90, 26.16, 26.71, 25.945, 359, 655, 999, 1183, 1334, 1316, 1464, 1503, 4593, 748, 0, 0, 55, 67, 127, 241, 457, 584, 783, 885, 1408, 128, 0, 0
17:58:22, 1033.40, 26.16, 26.73, 25.945, 361, 664, 1025, 1235, 1334, 1337, 1476, 1513, 4695, 755, 0, 0, 58, 71, 136, 258, 469, 596, 802, 904, 1448, 134, 0, 0
17:58:23, 1030.30, 26.17, 26.71, 25.945, 403, 733, 1095, 1292, 1439, 1430, 1562, 1611, 5315, 902, 0, 0, 63, 79, 153, 281, 508, 639, 847, 954, 1636, 156, 0, 0
17:58:24, 1027.80, 26.17, 26.73, 25.945, 495, 873, 1265, 1447, 1653, 1632, 1788, 1880, 6379, 1151, 0, 0, 81, 108, 208, 367, 636, 778, 1019, 1139, 2204, 221, 0, 0
17:58:24, 1026.70, 26.18, 26.73, 25.945, 615, 1054, 1484, 1672, 1854, 1832, 2002, 2124, 7776, 1533, 0, 0, 88, 123, 234, 400, 642, 780, 1011, 1130, 2224, 229, 0, 0
17:58:25, 1031.10, 26.18, 26.71, 25.953, 576, 981, 1398, 1573, 1606, 1586, 1746, 1817, 6373, 1168, 0, 0, 63, 80, 153, 281, 483, 612, 815, 916, 1507, 141, 0, 0
17:58:26, 1030.10, 26.19, 26.73, 25.953, 1474, 2771, 4760, 6180, 14551, 15684, 15892, 17208, 28131, 13985, 0, 0, 61, 76, 144, 269, 483, 613, 816, 922, 1429, 133, 0, 0
17:58:26, 1028.80, 26.19, 26.73, 25.969, 527, 942, 1366, 1587, 1636, 1626, 1830, 1890, 6277, 1182, 0, 0, 63, 81, 153, 283, 499, 626, 830, 933, 1505, 140, 0, 0
17:58:27, 1028.60, 26.20, 26.69, 25.969, 519, 908, 1287, 1483, 1573, 1566, 1721, 1777, 5893, 1116, 0, 0, 69, 90, 172, 311, 562, 697, 915, 1025, 1764, 168, 0, 0
17:58:28, 1030.50, 26.21, 26.71, 25.969, 550, 964, 1367, 1567, 1683, 1661, 1849, 1905, 6286, 1175, 0, 0, 73, 96, 185, 328, 559, 695, 908, 1020, 1784, 171, 0, 0
17:58:28, 1033.10, 26.21, 26.74, 25.969, 448, 810, 1195, 1411, 1497, 1508, 1655, 1730, 5520, 958, 0, 0, 60, 75, 144, 270, 470, 596, 794, 896, 1436, 131, 0, 0
17:58:29, 1033.70, 26.22, 26.73, 25.969, 362, 663, 1013, 1212, 1361, 1350, 1496, 1519, 4765, 771, 0, 0, 55, 68, 128, 244, 444, 566, 759, 858, 1318, 120, 0, 0
17:58:30, 1030.50, 26.22, 26.73, 25.969, 448, 817, 1253, 1527, 14541, 13871, 17289, 18423, 25114, 10172, 0, 0, 80, 107, 206, 364, 643, 790, 1026, 1159, 2036, 206, 0, 0
17:58:30, 1028.90, 26.23, 26.71, 25.969, 8643, 16423, 27181, 32767, 36000, 35455, 36000, 36000, 36000, 33937, 1, 1, 109, 157, 304, 502, 804, 957, 1223, 1367, 2658, 277, 0, 0
17:58:31, 1031.60, 26.23, 26.73, 25.977, 7809, 15172, 22682, 28768, 29434, 33280, 35915, 36000, 36000, 26330, 1, 1, 93, 129, 253, 428, 692, 834, 1082, 1210, 2342, 234, 0, 0
17:58:32, 1028.80, 26.24, 26.69, 25.977, 9055, 14789, 24795, 31919, 26335, 28202, 32501, 34293, 36000, 23829, 1, 1, 86, 117, 227, 392, 663, 806, 1049, 1178, 2181, 222, 0, 0
17:58:32, 1025.00, 26.24, 26.76, 25.977, 10097, 14566, 22379, 29701, 36000, 36000, 36000, 36000, 36000, 36000, 1, 1, 95, 133, 256, 422, 693, 831, 1067, 1189, 2257, 238, 0, 0
17:58:33, 1029.10, 26.24, 26.71, 25.977, 9947, 19250, 29243, 32578, 22178, 28326, 27588, 33130, 36000, 32616, 1, 1, 97, 137, 262, 437, 681, 818, 1056, 1176, 2261, 231, 0, 0
17:58:34, 1027.40, 26.25, 26.71, 25.977, 6126, 10414, 15576, 24612, 29497, 27864, 29703, 34882, 36000, 27463, 1, 1, 105, 149, 292, 481, 819, 972, 1241, 1386, 2788, 290, 0, 0
17:58:34, 1025.90, 26.26, 26.71, 25.969, 8927, 15240, 28003, 30669, 31721, 35858, 36000, 36000, 36000, 35980, 1, 1, 130, 192, 371, 608, 933, 1101, 1403, 1564, 3235, 343, 0, 0
17:58:35, 1027.60, 26.26, 26.71, 25.977, 9959, 16916, 25001, 27633, 34467, 35459, 36000, 36000, 36000, 32879, 1, 1, 121, 177, 342, 569, 850, 1010, 1289, 1435, 3029, 322, 0, 0
17:58:36, 1028.80, 26.27, 26.71, 25.977, 9837, 14816, 22518, 26689, 19015, 22096, 20031, 22338, 36000, 19183, 1, 1, 102, 147, 282, 476, 726, 872, 1115, 1247, 2518, 267, 0, 0
17:58:36, 1028.00, 26.27, 26.67, 25.984, 6640, 11085, 15494, 18117, 24977, 27559, 25945, 28860, 36000, 23284, 1, 1, 93, 130, 249, 429, 696, 844, 1083, 1218, 2305, 244, 0, 0
17:58:37, 1029.20, 26.27, 26.73, 25.984, 10942, 19539, 30479, 30940, 34460, 32692, 35655, 36000, 36000, 33562, 1, 1, 89, 123, 239, 403, 671, 807, 1044, 1168, 2176, 225, 0, 0
17:58:38, 1029.40, 26.28, 26.74, 25.984, 8545, 17339, 26135, 30662, 33263, 33440, 35816, 36000, 36000, 32374, 1, 1, 84, 114, 224, 379, 634, 770, 999, 1121, 1974, 200, 0, 0
17:58:38, 1026.60, 26.28, 26.73, 25.984, 7922, 15619, 26620, 30193, 28499, 28078, 33159, 33964, 36000, 26332, 1, 1, 97, 137, 263, 436, 738, 878, 1128, 1258, 2356, 250, 0, 0
17:58:39, 1027.10, 26.28, 26.69, 25.984, 10481, 19653, 24516, 33623, 33446, 34688, 36000, 36000, 36000, 34964, 1, 1, 104, 148, 287, 470, 730, 868, 1117, 1244, 2344, 246, 0, 0
17:58:40, 1028.00, 26.29, 26.69, 25.984, 10314, 16776, 20708, 25971, 35916, 35994, 36000, 36000, 36000, 34958, 1, 1, 94, 132, 256, 426, 716, 851, 1098, 1222, 2332, 238, 0, 0
17:58:40, 1026.10, 26.29, 26.71, 25.977, 8571, 15854, 25889, 32250, 29616, 31604, 33055, 35793, 36000, 29294, 1, 1, 102, 146, 283, 462, 791, 934, 1197, 1326, 2677, 282, 0, 0
17:58:41, 1026.50, 26.29, 26.71, 25.977, 8909, 15962, 26563, 30776, 35280, 35503, 36000, 36000, 36000, 35300, 1, 1, 111, 160, 308, 506, 801, 951, 1213, 1348, 2788, 298, 0, 0
17:58:42, 1026.40, 26.29, 26.71, 25.977, 12416, 16666, 25689, 29712, 35728, 36000, 36000, 36000, 36000, 36000, 1, 1, 103, 147, 281, 467, 751, 893, 1143, 1270, 2598, 277, 0, 0
17:58:42, 1024.80, 26.29, 26.71, 25.961, 9912, 16385, 23800, 32017, 36000, 36000, 36000, 36000, 36000, 36000, 1, 1, 102, 146, 279, 461, 774, 915, 1171, 1299, 2675, 288, 0, 0
17:58:43, 1024.20, 26.29, 26.71, 25.969, 10050, 19585, 29080, 35151, 33626, 36000, 34207, 35985, 36000, 36000, 1, 1, 109, 159, 303, 498, 808, 958, 1222, 1359, 2763, 298, 0, 0
17:58:44, 1024.70, 26.30, 26.69, 25.969, 11816, 19567, 27711, 36000, 36000, 36000, 36000, 36000, 36000, 36000, 1, 1, 107, 154, 295, 478, 806, 949, 1209, 1340, 2770, 299, 0, 0
17:58:44, 1024.60, 26.30, 26.69, 25.969, 11624, 18893, 24734, 35167, 34742, 36000, 36000, 36000, 36000, 36000, 1, 1, 107, 155, 296, 484, 796, 939, 1199, 1331, 2673, 287, 0, 0
17:58:45, 1025.00, 26.30, 26.71, 25.969, 10224, 18728, 25662, 29523, 35768, 36000, 36000, 36000, 36000, 36000, 1, 1, 103, 147, 282, 463, 764, 902, 1154, 1281, 2514, 268, 0, 0
17:58:46, 1025.90, 26.31, 26.71, 25.969, 8281, 14618, 21423, 24138, 36000, 36000, 36000, 36000, 36000, 36000, 1, 1, 93, 129, 249, 414, 688, 823, 1056, 1179, 2164, 227, 0, 0
17:58:46, 1026.20, 26.31, 26.71, 25.961, 8686, 17291, 25505, 29400, 34260, 34165, 35543, 36000, 36000, 34765, 1, 1, 92, 128, 248, 412, 685, 821, 1056, 1178, 2134, 224, 0, 0
17:58:47, 1026.00, 26.31, 26.74, 25.969, 8336, 17378, 24248, 29231, 33099, 32978, 33803, 36000, 36000, 33336, 1, 1, 91, 126, 244, 406, 704, 841, 1082, 1207, 2249, 238, 0, 0
17:58:48, 1025.90, 26.31, 26.73, 25.969, 8206, 16329, 26053, 32513, 26429, 26815, 31794, 33894, 36000, 25680, 1, 1, 92, 128, 247, 412, 679, 814, 1048, 1167, 2203, 235, 0, 0
17:58:48, 1026.60, 26.32, 26.69, 25.969, 11331, 15872, 24574, 33344, 34577, 35971, 36000, 36000, 36000, 35991, 1, 1, 98, 141, 268, 442, 720, 862, 1100, 1224, 2430, 264, 0, 0
17:58:49, 1026.70, 26.32, 26.73, 25.984, 12152, 16847, 27748, 31333, 35886, 36000, 36000, 36000, 36000, 36000, 1, 1, 93, 132, 251, 416, 691, 829, 1061, 1180, 2336, 252, 0, 0
17:58:50, 1026.20, 26.32, 26.71, 25.984, 9229, 14389, 23902, 28122, 35700, 36000, 36000, 36000, 36000, 35987, 1, 1, 86, 121, 229, 388, 630, 760, 984, 1097, 2061, 219, 0, 0
17:58:50, 1026.40, 26.32, 26.71, 25.969, 9466, 16594, 25257, 31176, 32035, 31375, 34906, 35738, 36000, 31315, 1, 1, 83, 115, 219, 371, 601, 730, 945, 1060, 1907, 201, 0, 0
17:58:51, 1027.30, 26.32, 26.71, 25.969, 10107, 19572, 25640, 27404, 35850, 35021, 36000, 36000, 36000, 35678, 1, 1, 80, 109, 208, 357, 576, 704, 912, 1027, 1775, 185, 0, 0
17:58:52, 1026.80, 26.33, 26.71, 25.969, 9156, 18465, 26174, 31678, 33682, 32666, 35607, 36000, 36000, 33563, 1, 1, 84, 116, 221, 373, 602, 734, 949, 1066, 1857, 195, 0, 0
17:58:52, 1027.50, 26.33, 26.71, 25.977, 8880, 18370, 24339, 30923, 35897, 35875, 36000, 36000, 36000, 35629, 1, 1, 77, 103, 198, 344, 567, 693, 902, 1013, 1720, 176, 0, 0
17:58:53, 1027.80, 26.33, 26.71, 25.977, 8016, 16709, 25939, 29679, 36000, 35963, 36000, 36000, 36000, 35908, 1, 1, 78, 107, 205, 351, 565, 695, 898, 1014, 1712, 178, 0, 0
17:58:54, 1027.60, 26.33, 26.71, 25.977, 7403, 13246, 21975, 28390, 35379, 34871, 36000, 36000, 36000, 35403, 1, 1, 73, 99, 188, 327, 536, 665, 854, 967, 1602, 164, 0, 0
17:58:54, 1026.30, 26.33, 26.71, 25.984, 9594, 17037, 27272, 31234, 35530, 35281, 35678, 36000, 36000, 35668, 1, 1, 87, 122, 231, 392, 645, 780, 1001, 1123, 2027, 217, 0, 0
17:58:55, 1027.40, 26.34, 26.71, 25.984, 9743, 20298, 26896, 32734, 15556, 15446, 16343, 16682, 21836, 15285, 0, 1, 84, 118, 224, 381, 598, 721, 935, 1041, 1988, 209, 0, 0
17:58:56, 1026.10, 26.34, 26.73, 25.977, 8609, 15695, 28622, 32881, 33242, 36000, 35179, 35728, 36000, 34128, 1, 1, 79, 110, 209, 354, 640, 769, 997, 1112, 2171, 232, 0, 0
17:58:56, 1024.20, 26.34, 26.67, 25.984, 9451, 17160, 31452, 33197, 35876, 36000, 36000, 36000, 36000, 36000, 1, 1, 100, 147, 274, 452, 711, 846, 1086, 1206, 2429, 262, 0, 0
17:58:57, 1030.30, 26.34, 26.69, 25.984, 12019, 22909, 30169, 31002, 31726, 32316, 30453, 35233, 36000, 33723, 1, 1, 82, 116, 223, 373, 612, 742, 963, 1078, 2085, 217, 0, 0
17:58:58, 1033.50, 26.35, 26.73, 25.984, 8045, 12168, 19838, 24774, 20274, 31868, 23500, 34820, 36000, 22327, 1, 1, 64, 86, 164, 284, 455, 566, 745, 835, 1531, 159, 0, 0
17:58:58, 1041.70, 26.35, 26.74, 26.000, 4566, 8181, 13819, 20768, 13646, 17276, 14881, 21467, 35323, 8944, 0, 1, 42, 49, 93, 182, 331, 430, 582, 661, 995, 90, 0, 0
17:58:59, 1044.00, 26.36, 26.71, 26.000, 3245, 5812, 9922, 16580, 21567, 24650, 23900, 32429, 36000, 13422, 1, 1, 45, 52, 100, 191, 380, 490, 659, 749, 1198, 114, 0, 0
17:59:00, 1050.80, 26.36, 26.73, 25.992, 4536, 9704, 16278, 23037, 21291, 21397, 24449, 35582, 36000, 11204, 1, 1, 46, 52, 99, 196, 370, 485, 658, 752, 1183, 109, 0, 0
17:59:00, 1053.80, 26.36, 26.73, 25.992, 4618, 8114, 15384, 21519, 17724, 23923, 30762, 34205, 36000, 8351, 1, 1, 41, 45, 85, 171, 344, 455, 623, 715, 1070, 98, 0, 0
17:59:01, 1057.10, 26.37, 26.67, 25.992, 3155, 6303, 11541, 18829, 14768, 16052, 22096, 24640, 36000, 5956, 1, 1, 37, 39, 73, 149, 304, 408, 562, 650, 881, 79, 0, 0
17:59:02, 1066.70, 26.37, 26.71, 26.000, 672, 1187, 2330, 4681, 1706, 2070, 2302, 2968, 7298, 718, 0, 0, 28, 28, 49, 107, 225, 314, 439, 521, 597, 53, 0, 0
17:59:02, 1076.10, 26.38, 26.71, 26.008, 97, 156, 337, 566, 751, 852, 1024, 1096, 1907, 159, 0, 0, 23, 22, 37, 82, 189, 269, 384, 459, 510, 45, 0, 0
17:59:03, 1081.00, 26.38, 26.73, 26.008, 78, 116, 254, 458, 668, 769, 939, 1026, 1623, 135, 0, 0, 23, 22, 36, 79, 188, 269, 387, 464, 515, 45, 0, 0
17:59:04, 1087.00, 26.38, 26.73, 25.969, 80, 115, 251, 469, 695, 811, 1005, 1112, 1691, 141, 0, 0, 22, 20, 33, 73, 170, 247, 357, 431, 474, 42, 0, 0
17:59:04, 1092.80, 26.37, 26.71, 25.961, 72, 98, 215, 415, 618, 736, 924, 1032, 1445, 116, 0, 0, 19, 18, 28, 62, 145, 213, 312, 379, 415, 36, 0, 0
17:59:05, 1095.70, 26.37, 26.71, 25.961, 65, 82, 180, 357, 538, 650, 824, 922, 1145, 89, 0, 0, 18, 17, 25, 56, 135, 202, 299, 364, 393, 35, 0, 0
17:59:06, 1097.40, 26.37, 26.71, 25.953, 61, 75, 165, 331, 546, 663, 842, 942, 1216, 93, 0, 0, 16, 15, 22, 49, 125, 188, 279, 342, 371, 33, 0, 0
17:59:06, 1101.30, 26.37, 26.71, 25.953, 58, 70, 154, 313, 552, 674, 854, 962, 1279, 99, 0, 0, 15, 14, 20, 44, 114, 172, 256, 314, 349, 31, 0, 0
17:59:07, 1106.50, 26.37, 26.71, 25.953, 55, 64, 140, 290, 502, 624, 807, 903, 1142, 86, 0, 0, 15, 13, 19, 42, 110, 168, 253, 311, 345, 30, 0, 0
17:59:08, 1111.00, 26.37, 26.69, 25.937, 54, 61, 130, 278, 496, 623, 818, 919, 1154, 86, 0, 0, 14, 13, 18, 40, 105, 163, 247, 305, 346, 30, 0, 0
17:59:08, 1114.60, 26.37, 26.67, 25.937, 52, 57, 118, 256, 473, 602, 787, 906, 1083, 83, 0, 0, 14, 13, 17, 38, 102, 158, 240, 297, 343, 30, 0, 0
17:59:09, 1116.40, 26.37, 26.71, 25.937, 52, 56, 114, 251, 459, 591, 777, 898, 1045, 80, 0, 0, 14, 12, 17, 37, 99, 155, 237, 294, 336, 30, 0, 0
17:59:10, 1118.10, 26.37, 26.67, 25.922, 50, 53, 108, 238, 447, 578, 759, 885, 1018, 80, 0, 0, 13, 12, 16, 35, 96, 150, 231, 287, 329, 29, 0, 0
17:59:10, 1124.00, 26.36, 26.66, 25.922, 50, 52, 105, 235, 434, 564, 748, 870, 1004, 79, 0, 0, 12, 11, 14, 31, 85, 135, 209, 261, 296, 26, 0, 0
17:59:11, 1128.50, 26.36, 26.73, 25.922, 45, 46, 89, 204, 381, 511, 684, 806, 793, 62, 0, 0, 12, 10, 13, 29, 80, 128, 201, 254, 279, 25, 0, 0
17:59:12, 1134.00, 26.36, 26.71, 25.906, 43, 43, 81, 187, 376, 506, 688, 811, 794, 61, 0, 0, 10, 9, 12, 25, 71, 114, 182, 230, 247, 22, 0, 0
17:59:12, 1136.10, 26.36, 26.69, 25.875, 38, 37, 68, 159, 314, 429, 589, 703, 609, 47, 0, 0, 10, 9, 11, 23, 67, 110, 176, 223, 233, 20, 0, 0
17:59:13, 1139.50, 26.35, 26.71, 25.875, 38, 38, 69, 164, 337, 462, 643, 758, 755, 59, 0, 0, 9, 8, 10, 21, 62, 101, 164, 209, 217, 19, 0, 0
17:59:14, 1143.10, 26.34, 26.71, 25.828, 36, 37, 65, 154, 326, 449, 629, 747, 767, 61, 0, 0, 8, 7, 9, 19, 57, 93, 152, 194, 205, 18, 0, 0
17:59:14, 1145.50, 26.34, 26.71, 25.820, 36, 36, 61, 147, 328, 457, 645, 776, 790, 63, 0, 0, 8, 7, 9, 18, 57, 95, 155, 198, 206, 18, 0, 0
17:59:15, 1148.20, 26.33, 26.69, 25.820, 36, 36, 61, 147, 351, 492, 697, 837, 872, 68, 0, 0, 8, 7, 9, 18, 56, 92, 151, 193, 201, 18, 0, 0
17:59:16, 1151.10, 26.33, 26.67, 25.812, 37, 37, 62, 147, 344, 486, 693, 841, 820, 63, 0, 0, 8, 7, 9, 18, 54, 90, 148, 191, 200, 17, 0, 0
17:59:16, 1152.30, 26.33, 26.71, 25.812, 37, 36, 59, 141, 335, 477, 682, 833, 762, 58, 0, 0, 8, 7, 8, 18, 55, 92, 151, 195, 205, 18, 0, 0
17:59:17, 1155.30, 26.33, 26.73, 25.820, 41, 39, 64, 153, 368, 527, 755, 918, 894, 68, 0, 0, 8, 7, 9, 17, 54, 91, 149, 193, 209, 18, 0, 0
17:59:18, 1158.60, 26.33, 26.67, 25.812, 43, 41, 67, 157, 380, 549, 794, 971, 940, 72, 0, 0, 8, 7, 8, 17, 53, 89, 147, 191, 207, 18, 0, 0
17:59:18, 1161.80, 26.33, 26.71, 25.812, 43, 41, 65, 151, 385, 562, 822, 1012, 937, 72, 0, 0, 8, 7, 8, 17, 50, 85, 142, 185, 200, 17, 0, 0
17:59:19, 1166.40, 26.32, 26.69, 25.812, 44, 42, 66, 155, 361, 531, 786, 973, 857, 66, 0, 0, 8, 7, 8, 15, 48, 82, 137, 180, 187, 17, 0, 0
17:59:20, 1171.90, 26.32, 26.67, 25.812, 43, 41, 63, 149, 359, 532, 794, 989, 1011, 76, 0, 0, 7, 6, 7, 13, 43, 75, 127, 169, 169, 15, 0, 0
17:59:20, 1173.90, 26.32, 26.71, 25.812, 38, 37, 54, 126, 317, 474, 707, 897, 852, 66, 0, 0, 6, 6, 6, 12, 39, 67, 116, 153, 157, 14, 0, 0
17:59:21, 1179.20, 26.32, 26.67, 25.812, 38, 37, 54, 127, 317, 483, 718, 916, 959, 73, 0, 0, 6, 5, 6, 11, 36, 62, 109, 144, 148, 13, 0, 0
17:59:22, 1181.50, 26.32, 26.67, 25.812, 36, 35, 51, 118, 301, 467, 699, 906, 951, 72, 0, 0, 6, 5, 6, 11, 36, 63, 110, 147, 149, 13, 0, 0
17:59:22, 1182.00, 26.32, 26.64, 25.812, 38, 37, 53, 122, 322, 502, 752, 977, 1050, 79, 0, 0, 6, 5, 6, 11, 36, 64, 113, 150, 151, 13, 0, 0
17:59:23, 1185.70, 26.32, 26.66, 25.805, 43, 41, 60, 140, 366, 567, 870, 1088, 1255, 90, 0, 0, 5, 5, 5, 10, 35, 62, 110, 148, 146, 13, 0, 0
17:59:24, 1188.90, 26.32, 26.67, 25.812, 45, 43, 62, 143, 368, 579, 891, 1127, 1282, 92, 0, 0, 5, 5, 5, 10, 34, 61, 109, 147, 143, 12, 0, 0
17:59:24, 1189.60, 26.32, 26.66, 25.812, 44, 43, 60, 136, 371, 577, 895, 1156, 1169, 89, 0, 0, 6, 5, 5, 10, 34, 62, 109, 147, 146, 13, 0, 0
17:59:25, 1191.70, 26.32, 26.69, 25.812, 46, 45, 63, 142, 398, 622, 972, 1236, 1365, 101, 0, 0, 5, 5, 5, 10, 33, 60, 106, 144, 144, 12, 0, 0
17:59:26, 1194.80, 26.32, 26.64, 25.820, 48, 45, 64, 144, 398, 623, 987, 1247, 1345, 100, 0, 0, 5, 4, 5, 9, 32, 57, 102, 138, 140, 12, 0, 0
17:59:26, 1196.20, 26.32, 26.71, 25.820, 45, 43, 60, 133, 365, 571, 926, 1184, 1107, 84, 0, 0, 5, 5, 5, 9, 31, 57, 102, 138, 139, 12, 0, 0
17:59:27, 1200.20, 26.32, 26.69, 25.812, 47, 46, 63, 141, 388, 620, 996, 1260, 1424, 103, 0, 0, 5, 4, 5, 9, 30, 55, 99, 136, 136, 12, 0, 0
17:59:28, 1201.70, 26.32, 26.69, 25.820, 50, 47, 65, 141, 423, 681, 1101, 1405, 1560, 114, 0, 0, 5, 4, 5, 8, 29, 53, 96, 131, 131, 11, 0, 0
17:59:28, 1205.70, 26.32, 26.71, 25.820, 51, 50, 67, 150, 428, 708, 1155, 1484, 1835, 124, 0, 0, 5, 4, 4, 8, 27, 49, 89, 122, 123, 11, 0, 0
17:59:29, 1207.40, 26.32, 26.66, 25.812, 53, 51, 68, 148, 456, 753, 1316, 1667, 2064, 133, 0, 0, 4, 4, 4, 8, 27, 49, 91, 124, 124, 11, 0, 0
17:59:30, 1210.70, 26.32, 26.66, 25.812, 68, 68, 87, 186, 460, 759, 1276, 1717, 2227, 148, 0, 0, 5, 4, 4, 7, 26, 47, 88, 121, 122, 10, 0, 0
17:59:30, 1213.30, 26.32, 26.69, 25.812, 59, 58, 75, 160, 468, 784, 1360, 1849, 2356, 151, 0, 0, 4, 4, 4, 7, 26, 47, 88, 121, 123, 11, 0, 0
17:59:31, 1215.00, 26.32, 26.64, 25.812, 57, 56, 72, 154, 501, 861, 1477, 2069, 2668, 166, 0, 0, 4, 4, 4, 7, 25, 46, 87, 120, 123, 10, 0, 0
17:59:32, 1217.70, 26.32, 26.69, 25.812, 57, 58, 72, 151, 449, 756, 1319, 1802, 2335, 151, 0, 0, 4, 4, 4, 7, 24, 45, 85, 117, 121, 10, 0, 0
17:59:33, 1219.30, 26.32, 26.67, 25.812, 58, 58, 73, 150, 427, 733, 1259, 1717, 2213, 143, 0, 0, 4, 4, 4, 7, 24, 45, 85, 117, 122, 10, 0, 0
17:59:33, 1221.20, 26.32, 26.62, 25.805, 55, 54, 69, 139, 366, 624, 1084, 1460, 1846, 123, 0, 0, 4, 4, 4, 7, 24, 44, 84, 116, 121, 10, 0, 0
17:59:34, 1222.70, 26.32, 26.67, 25.812, 54, 54, 67, 136, 371, 648, 1084, 1558, 1989, 134, 0, 0, 4, 4, 4, 6, 24, 44, 84, 118, 121, 10, 0, 0
17:59:35, 1226.80, 26.32, 26.67, 25.812, 44, 44, 54, 110, 339, 597, 987, 1470, 1867, 132, 0, 0, 4, 3, 4, 6, 22, 42, 81, 113, 117, 10, 0, 0
17:59:35, 1227.90, 26.33, 26.67, 25.805, 38, 37, 46, 94, 296, 515, 892, 1184, 1459, 99, 0, 0, 4, 3, 3, 6, 22, 42, 81, 114, 117, 10, 0, 0
17:59:36, 1230.90, 26.32, 26.69, 25.812, 38, 38, 46, 94, 265, 460, 793, 1061, 1318, 94, 0, 0, 4, 3, 3, 6, 21, 41, 78, 110, 114, 10, 0, 0
17:59:37, 1231.60, 26.32, 26.64, 25.812, 33, 32, 39, 80, 236, 407, 719, 918, 1074, 76, 0, 0, 4, 3, 3, 6, 21, 40, 77, 108, 110, 9, 0, 0
17:59:37, 1232.00, 26.32, 26.66, 25.805, 30, 29, 36, 73, 225, 389, 685, 883, 1029, 75, 0, 0, 4, 3, 3, 6, 21, 41, 79, 111, 113, 10, 0, 0
17:59:38, 1232.50, 26.32, 26.69, 25.805, 30, 29, 36, 72, 223, 385, 680, 870, 999, 73, 0, 0, 4, 3, 4, 6, 22, 41, 79, 112, 114, 10, 0, 0
17:59:39, 1234.40, 26.32, 26.67, 25.805, 30, 29, 36, 71, 220, 380, 671, 873, 1022, 77, 0, 0, 4, 3, 3, 6, 21, 41, 79, 111, 115, 10, 0, 0
17:59:39, 1234.90, 26.33, 26.64, 25.812, 30, 29, 35, 69, 216, 372, 661, 850, 951, 70, 0, 0, 4, 3, 4, 6, 22, 41, 80, 113, 115, 10, 0, 0
17:59:40, 1234.70, 26.33, 26.67, 25.820, 29, 28, 34, 67, 214, 368, 651, 841, 927, 69, 0, 0, 4, 3, 4, 6, 22, 42, 81, 114, 117, 10, 0, 0
17:59:41, 1235.20, 26.33, 26.64, 25.820, 30, 29, 35, 68, 213, 366, 648, 840, 908, 68, 0, 0, 4, 4, 4, 6, 22, 42, 82, 116, 119, 10, 0, 0
17:59:41, 1236.50, 26.33, 26.71, 25.812, 30, 29, 35, 69, 217, 373, 661, 866, 958, 73, 0, 0, 4, 3, 4, 6, 22, 42, 83, 117, 119, 10, 0, 0
17:59:42, 1237.90, 26.33, 26.67, 25.812, 30, 30, 36, 70, 218, 377, 668, 877, 988, 75, 0, 0, 4, 4, 4, 6, 22, 42, 82, 116, 118, 10, 0, 0
17:59:43, 1242.20, 26.33, 26.67, 25.812, 31, 30, 36, 70, 219, 380, 670, 892, 1047, 81, 0, 0, 4, 3, 3, 6, 21, 41, 79, 112, 116, 10, 0, 0
17:59:43, 1244.50, 26.33, 26.66, 25.805, 30, 29, 35, 66, 209, 366, 658, 874, 952, 74, 0, 0, 4, 3, 3, 6, 20, 39, 78, 111, 111, 9, 0, 0
17:59:44, 1244.30, 26.33, 26.66, 25.805, 32, 32, 38, 71, 237, 416, 752, 1001, 1083, 83, 0, 0, 4, 3, 4, 6, 22, 42, 82, 117, 118, 10, 0, 0
17:59:45, 1244.40, 26.33, 26.67, 25.805, 38, 37, 44, 83, 269, 478, 871, 1164, 1333, 100, 0, 0, 4, 4, 4, 6, 22, 43, 85, 121, 121, 10, 0, 0
17:59:45, 1244.30, 26.33, 26.66, 25.812, 47, 44, 53, 97, 300, 543, 966, 1336, 1631, 118, 0, 0, 4, 4, 4, 6, 23, 44, 86, 123, 126, 11, 0, 0
17:59:46, 1244.50, 26.33, 26.66, 25.812, 43, 41, 49, 90, 327, 589, 1048, 1465, 1740, 129, 0, 0, 5, 4, 4, 7, 24, 46, 90, 128, 132, 11, 0, 0
17:59:47, 1245.30, 26.33, 26.67, 25.812, 56, 54, 63, 115, 330, 605, 1052, 1518, 1887, 139, 0, 0, 5, 4, 4, 7, 24, 47, 93, 132, 137, 12, 0, 0
17:59:47, 1244.30, 26.33, 26.66, 25.812, 50, 49, 57, 105, 355, 648, 1152, 1636, 2034, 149, 0, 0, 5, 4, 4, 7, 26, 49, 98, 139, 144, 12, 0, 0
17:59:48, 1243.80, 26.33, 26.69, 25.812, 55, 54, 63, 114, 368, 674, 1197, 1727, 2149, 159, 0, 0, 5, 4, 5, 7, 26, 51, 100, 142, 148, 13, 0, 0
17:59:49, 1243.20, 26.33, 26.64, 25.805, 56, 57, 65, 119, 359, 655, 1161, 1664, 2133, 158, 0, 0, 5, 4, 5, 7, 27, 52, 103, 147, 154, 13, 0, 0
17:59:49, 1243.90, 26.33, 26.67, 25.812, 53, 53, 61, 112, 373, 680, 1199, 1746, 2284, 172, 0, 0, 5, 5, 5, 8, 28, 54, 107, 151, 164, 14, 0, 0
17:59:50, 1242.00, 26.33, 26.66, 25.812, 60, 60, 69, 128, 408, 744, 1377, 1902, 2481, 177, 0, 0, 5, 5, 5, 8, 29, 56, 110, 156, 166, 14, 0, 0
17:59:51, 1239.80, 26.33, 26.64, 25.805, 59, 58, 68, 125, 397, 720, 1295, 1810, 2346, 174, 0, 0, 6, 5, 5, 9, 31, 59, 117, 166, 179, 15, 0, 0
17:59:51, 1239.40, 26.33, 26.66, 25.805, 59, 59, 69, 129, 432, 788, 1430, 2021, 2685, 194, 0, 0, 6, 5, 6, 9, 32, 61, 120, 170, 184, 16, 0, 0
17:59:52, 1239.10, 26.33, 26.67, 25.805, 63, 60, 72, 133, 423, 760, 1363, 1910, 2422, 182, 0, 0, 6, 5, 6, 9, 33, 62, 121, 172, 186, 16, 0, 0
17:59:53, 1238.80, 26.33, 26.66, 25.797, 61, 60, 70, 130, 414, 752, 1337, 1921, 2543, 188, 0, 0, 6, 5, 6, 9, 32, 61, 120, 170, 179, 16, 0, 0
17:59:53, 1235.20, 26.34, 26.64, 25.805, 56, 55, 65, 121, 402, 713, 1269, 1762, 2097, 163, 0, 0, 6, 6, 6, 9, 34, 65, 127, 180, 191, 17, 0, 0
17:59:54, 1231.50, 26.33, 26.69, 25.805, 63, 62, 74, 139, 491, 873, 1565, 2119, 2539, 193, 0, 0, 7, 6, 6, 10, 38, 71, 137, 192, 208, 18, 0, 0
17:59:55, 1230.40, 26.33, 26.66, 25.797, 69, 68, 81, 157, 541, 952, 1732, 2315, 3137, 228, 0, 0, 7, 6, 7, 11, 39, 73, 141, 198, 217, 19, 0, 0
17:59:55, 1229.90, 26.34, 26.66, 25.789, 72, 70, 84, 161, 513, 903, 1628, 2196, 3037, 235, 0, 0, 7, 6, 7, 11, 39, 73, 140, 196, 215, 18, 0, 0
17:59:56, 1229.70, 26.34, 26.69, 25.789, 76, 73, 89, 170, 546, 946, 1719, 2302, 3130, 237, 0, 0, 7, 6, 7, 11, 39, 73, 141, 197, 217, 19, 0, 0
17:59:57, 1228.90, 26.34, 26.66, 25.789, 82, 79, 97, 180, 541, 931, 1735, 2269, 3061, 229, 0, 0, 7, 6, 7, 11, 39, 73, 140, 196, 213, 18, 0, 0
17:59:57, 1226.70, 26.34, 26.66, 25.805, 78, 78, 92, 184, 542, 931, 1716, 2232, 2961, 220, 0, 0, 7, 6, 7, 11, 41, 76, 145, 202, 219, 19, 0, 0
17:59:58, 1223.40, 26.34, 26.69, 25.805, 78, 74, 91, 177, 550, 960, 1710, 2236, 2984, 217, 0, 0, 8, 7, 7, 12, 43, 80, 151, 210, 230, 20, 0, 0
17:59:59, 1220.00, 26.34, 26.69, 25.797, 81, 78, 96, 192, 674, 1173, 2133, 2715, 3858, 269, 0, 0, 8, 7, 8, 13, 45, 84, 159, 220, 242, 21, 0, 0
17:59:59, 1216.10, 26.34, 26.62, 25.812, 88, 84, 105, 210, 669, 1154, 2037, 2646, 3671, 263, 0, 0, 9, 8, 8, 14, 49, 91, 170, 235, 258, 23, 0, 0
18:00:00, 1212.70, 26.34, 26.67, 25.812, 96, 93, 116, 238, 795, 1392, 2490, 3333, 4755, 328, 0, 0, 9, 8, 9, 15, 54, 98, 182, 250, 281, 24, 0, 0
18:00:01, 1210.60, 26.35, 26.66, 25.805, 121, 124, 148, 315, 856, 1422, 2659, 3302, 4639, 333, 0, 0, 10, 9, 9, 16, 56, 102, 188, 258, 289, 25, 0, 0
18:00:01, 1209.90, 26.34, 26.67, 25.805, 112, 112, 139, 300, 910, 1499, 2838, 3511, 4891, 354, 0, 0, 10, 9, 10, 17, 58, 105, 194, 266, 299, 26, 0, 0
18:00:02, 1210.20, 26.35, 26.67, 25.805, 102, 99, 126, 260, 777, 1327, 2244, 2982, 3937, 294, 0, 0, 10, 9, 10, 17, 58, 105, 193, 265, 296, 26, 0, 0
18:00:03, 1213.70, 26.35, 26.67, 25.805, 113, 111, 140, 284, 680, 1197, 1864, 2905, 4331, 344, 0, 0, 10, 9, 10, 17, 56, 102, 188, 257, 296, 25, 0, 0
18:00:03, 1216.60, 26.35, 26.64, 25.805, 90, 91, 111, 226, 640, 1104, 1796, 2700, 3946, 305, 0, 0, 9, 8, 9, 16, 52, 95, 178, 245, 279, 24, 0, 0
18:00:04, 1216.40, 26.35, 26.66, 25.805, 109, 104, 131, 263, 732, 1259, 2231, 2980, 4180, 300, 0, 0, 9, 8, 9, 15, 51, 94, 176, 242, 271, 23, 0, 0
18:00:05, 1220.80, 26.35, 26.66, 25.812, 94, 93, 114, 231, 745, 1388, 2267, 3263, 4638, 371, 0, 0, 9, 8, 9, 15, 51, 94, 175, 242, 279, 24, 0, 0
18:00:05, 1227.50, 26.35, 26.64, 25.812, 85, 83, 101, 198, 561, 988, 1696, 2332, 3324, 262, 0, 0, 8, 7, 8, 13, 44, 82, 155, 216, 245, 21, 0, 0
18:00:06, 1232.70, 26.35, 26.69, 25.812, 73, 72, 86, 168, 537, 933, 1703, 2271, 3067, 229, 0, 0, 7, 6, 7, 11, 38, 71, 137, 193, 212, 18, 0, 0
18:00:07, 1234.00, 26.35, 26.66, 25.812, 70, 69, 82, 159, 551, 976, 1828, 2374, 3279, 230, 0, 0, 7, 6, 6, 10, 36, 69, 132, 186, 201, 17, 0, 0
18:00:07, 1233.10, 26.35, 26.66, 25.812, 70, 70, 82, 159, 560, 999, 1868, 2394, 3287, 230, 0, 0, 7, 6, 6, 10, 37, 69, 133, 187, 201, 17, 0, 0
18:00:08, 1234.30, 26.35, 26.66, 25.820, 78, 74, 90, 174, 487, 855, 1543, 2047, 2727, 201, 0, 0, 7, 6, 7, 10, 38, 71, 137, 192, 213, 18, 0, 0
18:00:09, 1239.30, 26.35, 26.64, 25.820, 64, 66, 74, 139, 426, 799, 1325, 1981, 2854, 231, 0, 0, 7, 6, 6, 10, 35, 67, 130, 183, 206, 17, 0, 0
18:00:09, 1245.00, 26.35, 26.69, 25.820, 62, 61, 71, 130, 433, 779, 1455, 1987, 2682, 205, 0, 0, 6, 5, 6, 9, 31, 58, 115, 162, 177, 15, 0, 0
18:00:10, 1249.10, 26.35, 26.69, 25.812, 55, 54, 63, 115, 370, 664, 1251, 1693, 2182, 165, 0, 0, 5, 5, 5, 8, 28, 54, 107, 152, 163, 14, 0, 0
18:00:11, 1251.70, 26.35, 26.69, 25.812, 53, 51, 60, 105, 362, 658, 1238, 1706, 2238, 172, 0, 0, 5, 5, 5, 7, 27, 52, 103, 147, 159, 14, 0, 0
18:00:11, 1253.00, 26.35, 26.66, 25.812, 48, 47, 55, 98, 325, 596, 1098, 1543, 2048, 161, 0, 0, 5, 4, 5, 7, 26, 50, 100, 143, 153, 13, 0, 0
18:00:12, 1248.90, 26.35, 26.67, 25.805, 51, 48, 57, 100, 356, 658, 1230, 1684, 2067, 156, 0, 0, 5, 5, 5, 7, 27, 53, 105, 150, 157, 13, 0, 0
18:00:13, 1250.70, 26.35, 26.67, 25.812, 57, 54, 64, 114, 363, 660, 1246, 1705, 2205, 161, 0, 0, 5, 5, 5, 8, 27, 53, 105, 150, 161, 14, 0, 0
18:00:13, 1254.80, 26.35, 26.69, 25.812, 49, 50, 56, 99, 296, 571, 972, 1589, 2224, 184, 0, 0, 5, 4, 5, 7, 25, 49, 99, 142, 152, 13, 0, 0
18:00:14, 1248.60, 26.35, 26.66, 25.805, 50, 49, 56, 99, 320, 585, 1095, 1518, 1625, 126, 0, 0, 5, 4, 5, 7, 27, 53, 105, 150, 154, 13, 0, 0
18:00:15, 1239.50, 26.35, 26.66, 25.797, 52, 52, 60, 108, 372, 658, 1247, 1711, 1672, 130, 0, 0, 6, 5, 5, 9, 32, 62, 121, 170, 177, 15, 0, 0
18:00:15, 1232.60, 26.35, 26.67, 25.797, 68, 67, 78, 148, 483, 867, 1574, 2101, 2402, 182, 0, 0, 7, 6, 6, 10, 36, 69, 133, 187, 198, 17, 0, 0
18:00:16, 1225.30, 26.36, 26.71, 25.797, 68, 66, 79, 153, 587, 1046, 1896, 2438, 3353, 236, 0, 0, 8, 7, 7, 12, 42, 78, 149, 207, 229, 20, 0, 0
18:00:17, 1219.00, 26.36, 26.67, 25.797, 85, 81, 100, 195, 726, 1247, 2288, 2891, 4181, 294, 0, 0, 9, 8, 8, 14, 49, 91, 170, 235, 266, 23, 0, 0
18:00:17, 1212.90, 26.36, 26.66, 25.797, 94, 89, 112, 228, 694, 1203, 2059, 2719, 3442, 261, 0, 0, 9, 8, 9, 15, 53, 98, 181, 248, 269, 24, 0, 0
18:00:18, 1207.90, 26.36, 26.64, 25.797, 103, 100, 126, 257, 779, 1334, 2248, 2967, 3721, 285, 0, 0, 10, 9, 10, 17, 59, 106, 195, 266, 293, 26, 0, 0
18:00:19, 1200.50, 26.36, 26.66, 25.805, 100, 101, 124, 259, 891, 1502, 2645, 3575, 4090, 323, 0, 0, 11, 10, 11, 20, 68, 122, 220, 298, 331, 29, 0, 0
18:00:19, 1198.90, 26.36, 26.66, 25.805, 124, 119, 156, 335, 1252, 2169, 3803, 4489, 6490, 453, 0, 0, 12, 11, 12, 21, 71, 127, 228, 306, 352, 31, 0, 0
18:00:20, 1194.30, 26.36, 26.66, 25.812, 119, 115, 152, 327, 1123, 1879, 3129, 4037, 5421, 405, 0, 0, 13, 11, 13, 22, 77, 136, 242, 324, 380, 33, 0, 0
18:00:21, 1190.70, 26.37, 26.67, 25.820, 135, 128, 170, 364, 1262, 2104, 3447, 4673, 6554, 486, 0, 0, 13, 12, 13, 24, 81, 143, 252, 336, 382, 34, 0, 0
18:00:21, 1190.60, 26.37, 26.64, 25.820, 194, 176, 247, 538, 1237, 2032, 3342, 4128, 5821, 422, 0, 0, 13, 12, 13, 24, 81, 142, 250, 333, 379, 33, 0, 0
18:00:22, 1189.10, 26.37, 26.62, 25.820, 194, 187, 252, 536, 1178, 1920, 3319, 4277, 5158, 395, 0, 0, 13, 12, 14, 25, 83, 146, 257, 342, 388, 34, 0, 0
18:00:23, 1186.40, 26.37, 26.66, 25.828, 196, 172, 239, 505, 1191, 1945, 3166, 4135, 5847, 432, 0, 0, 14, 13, 15, 27, 89, 154, 270, 358, 418, 36, 0, 0
18:00:23, 1183.50, 26.38, 26.66, 25.828, 210, 196, 275, 591, 1273, 2048, 3325, 4194, 6140, 445, 0, 0, 15, 13, 16, 29, 93, 162, 281, 371, 435, 38, 0, 0
18:00:24, 1183.80, 26.37, 26.66, 25.836, 187, 178, 247, 558, 1569, 2478, 4200, 5166, 7955, 556, 0, 0, 15, 14, 16, 29, 98, 168, 292, 386, 472, 41, 0, 0
18:00:25, 1180.20, 26.38, 26.67, 25.844, 181, 166, 236, 508, 1675, 2832, 4825, 6192, 8468, 618, 0, 0, 16, 14, 16, 30, 100, 173, 300, 397, 462, 41, 0, 0
18:00:25, 1177.20, 26.38, 26.66, 25.844, 153, 158, 208, 475, 1368, 2179, 3520, 4601, 6029, 461, 0, 0, 17, 15, 17, 33, 107, 184, 317, 419, 495, 44, 0, 0
18:00:26, 1177.70, 26.38, 26.66, 25.836, 184, 176, 252, 582, 1689, 2647, 4499, 5318, 8181, 564, 0, 0, 17, 16, 18, 34, 110, 188, 323, 426, 521, 45, 0, 0
18:00:27, 1175.20, 26.38, 26.64, 25.836, 265, 263, 358, 826, 1917, 2959, 5089, 6360, 8086, 603, 0, 0, 17, 16, 18, 34, 111, 190, 326, 430, 497, 44, 0, 0
18:00:27, 1174.50, 26.38, 26.66, 25.836, 251, 288, 353, 799, 1643, 2575, 4055, 5373, 7239, 558, 0, 0, 18, 17, 19, 37, 117, 200, 342, 451, 546, 47, 0, 0
18:00:28, 1175.00, 26.38, 26.67, 25.828, 183, 176, 256, 580, 1447, 2255, 3537, 4420, 6195, 463, 0, 0, 18, 16, 19, 35, 112, 191, 327, 432, 507, 44, 0, 0
18:00:29, 1177.80, 26.38, 26.66, 25.820, 187, 191, 265, 620, 1397, 2184, 3458, 4346, 5820, 437, 0, 0, 17, 15, 18, 33, 107, 184, 315, 416, 501, 44, 0, 0
18:00:29, 1180.30, 26.38, 26.69, 25.820, 172, 168, 236, 530, 1428, 2320, 3786, 4923, 7546, 533, 0, 0, 16, 15, 17, 32, 101, 174, 300, 397, 472, 41, 0, 0
18:00:30, 1181.20, 26.38, 26.67, 25.820, 173, 165, 233, 520, 1430, 2294, 3661, 4815, 7396, 530, 0, 0, 16, 14, 17, 31, 101, 174, 301, 398, 484, 42, 0, 0
18:00:31, 1179.80, 26.38, 26.64, 25.836, 155, 154, 212, 491, 1638, 2597, 4358, 5554, 8502, 595, 0, 0, 16, 14, 17, 32, 102, 175, 303, 400, 481, 42, 0, 0
18:00:31, 1179.10, 26.38, 26.66, 25.836, 171, 168, 235, 542, 2686, 4270, 7753, 9093, 15295, 943, 0, 0, 16, 14, 17, 31, 101, 174, 301, 399, 470, 41, 0, 0
18:00:32, 1175.70, 26.38, 26.64, 25.828, 177, 176, 241, 550, 1342, 2112, 3459, 4457, 5484, 421, 0, 0, 17, 15, 17, 33, 107, 183, 315, 416, 475, 42, 0, 0
18:00:33, 1173.80, 26.39, 26.66, 25.828, 172, 173, 239, 546, 1417, 2166, 3602, 4477, 5397, 405, 0, 0, 17, 15, 18, 34, 110, 188, 321, 423, 494, 43, 0, 0
18:00:33, 1172.60, 26.38, 26.67, 25.828, 204, 192, 284, 619, 1559, 2464, 3862, 4885, 7129, 524, 0, 0, 17, 15, 18, 35, 113, 192, 327, 428, 521, 45, 0, 0
18:00:34, 1171.40, 26.38, 26.64, 25.820, 191, 190, 270, 629, 1910, 2895, 4915, 5896, 9554, 691, 0, 0, 18, 16, 19, 37, 119, 199, 338, 442, 550, 47, 0, 0
18:00:35, 1170.10, 26.39, 26.62, 25.820, 258, 270, 371, 861, 2350, 3516, 6322, 7463, 11680, 809, 0, 0, 18, 16, 19, 37, 117, 198, 335, 439, 531, 46, 0, 0
18:00:35, 1170.50, 26.39, 26.62, 25.820, 253, 239, 359, 782, 2073, 3320, 5355, 6261, 10083, 671, 0, 0, 18, 16, 19, 37, 116, 197, 333, 436, 522, 45, 0, 0
18:00:36, 1171.40, 26.38, 26.66, 25.820, 255, 236, 355, 778, 1859, 2982, 4673, 5776, 8162, 604, 0, 0, 18, 16, 19, 36, 113, 192, 325, 427, 505, 44, 0, 0
18:00:37, 1170.30, 26.39, 26.66, 25.820, 243, 227, 329, 726, 1937, 3127, 4929, 6545, 10491, 726, 0, 0, 17, 16, 18, 35, 113, 192, 326, 428, 501, 45, 0, 0
18:00:37, 1165.60, 26.39, 26.67, 25.828, 189, 192, 271, 630, 1813, 2834, 4438, 5615, 7460, 566, 0, 0, 19, 17, 20, 39, 124, 208, 351, 460, 548, 49, 0, 0
18:00:38, 1161.40, 26.39, 26.66, 25.820, 245, 240, 364, 828, 2121, 3296, 5047, 6259, 9086, 671, 0, 0, 20, 18, 22, 44, 136, 226, 378, 490, 606, 52, 0, 0
18:00:39, 1158.60, 26.39, 26.64, 25.820, 258, 270, 398, 984, 3088, 4638, 7657, 9020, 15329, 1010, 0, 0, 21, 19, 23, 47, 143, 236, 393, 509, 632, 55, 0, 0
18:00:39, 1158.60, 26.39, 26.67, 25.812, 330, 358, 518, 1314, 2570, 3863, 6187, 7452, 12487, 840, 0, 0, 22, 20, 24, 49, 144, 237, 393, 508, 638, 55, 0, 0
18:00:40, 1159.00, 26.38, 26.66, 25.797, 220, 225, 339, 805, 2553, 3841, 6415, 8030, 13035, 868, 0, 0, 21, 19, 23, 46, 138, 227, 377, 488, 595, 52, 0, 0
18:00:41, 1158.00, 26.38, 26.67, 25.797, 259, 246, 386, 878, 2129, 3236, 5011, 6408, 8945, 663, 0, 0, 21, 19, 23, 45, 140, 231, 384, 500, 588, 52, 0, 0
18:00:41, 1153.30, 26.38, 26.64, 25.797, 254, 261, 389, 924, 2275, 3312, 5464, 6654, 8101, 609, 0, 0, 22, 20, 24, 47, 147, 243, 400, 519, 595, 53, 0, 0
18:00:42, 1144.20, 26.39, 26.66, 25.789, 329, 334, 511, 1164, 2823, 4016, 6904, 8246, 8294, 605, 0, 0, 25, 22, 28, 58, 174, 281, 454, 581, 678, 61, 0, 0
18:00:43, 1139.20, 26.39, 26.66, 25.789, 312, 323, 538, 1268, 3611, 5535, 8462, 9609, 15460, 1039, 0, 0, 26, 24, 31, 64, 186, 295, 471, 597, 738, 64, 0, 0
18:00:43, 1135.90, 26.39, 26.66, 25.789, 460, 437, 804, 1750, 3594, 5400, 8089, 9829, 18153, 1165, 0, 0, 25, 23, 30, 63, 186, 292, 465, 588, 737, 64, 0, 0
18:00:44, 1129.50, 26.39, 26.66, 25.812, 436, 438, 780, 1759, 3055, 4488, 6797, 8339, 14216, 946, 0, 0, 27, 25, 33, 70, 206, 321, 504, 634, 766, 67, 0, 0
18:00:45, 1130.70, 26.39, 26.67, 25.812, 576, 575, 1058, 2447, 3492, 5139, 7936, 8408, 14415, 935, 0, 0, 27, 25, 33, 71, 199, 311, 486, 611, 759, 67, 0, 0
18:00:45, 1129.90, 26.39, 26.66, 25.828, 558, 560, 1036, 2324, 3827, 5615, 7841, 9369, 15002, 1121, 0, 0, 26, 24, 32, 69, 190, 298, 466, 588, 734, 66, 0, 0
18:00:46, 1128.10, 26.39, 26.69, 25.836, 457, 514, 862, 2077, 3606, 5273, 7852, 9749, 13772, 1082, 0, 0, 26, 24, 33, 70, 198, 307, 478, 600, 777, 69, 0, 0
18:00:47, 1126.40, 26.40, 26.64, 25.836, 374, 395, 729, 1669, 4123, 5655, 8982, 10623, 18549, 1227, 0, 0, 26, 24, 33, 71, 193, 298, 464, 579, 754, 66, 0, 0
18:00:47, 1121.60, 26.40, 26.67, 25.836, 387, 383, 752, 1711, 3852, 5409, 7882, 8839, 16436, 1051, 0, 0, 25, 23, 32, 69, 190, 290, 449, 557, 710, 62, 0, 0
18:00:48, 1116.10, 26.40, 26.64, 25.844, 395, 443, 803, 1956, 4468, 6237, 9621, 11198, 21185, 1324, 0, 0, 27, 25, 35, 76, 206, 313, 481, 596, 733, 64, 0, 0
18:00:49, 1114.10, 26.41, 26.67, 25.844, 482, 563, 1070, 2484, 5423, 7135, 10985, 12319, 22301, 1416, 0, 0, 30, 27, 39, 85, 236, 357, 545, 678, 823, 73, 0, 0
18:00:49, 1112.10, 26.41, 26.67, 25.844, 558, 587, 1177, 2635, 4691, 6548, 8848, 10540, 17216, 1284, 0, 0, 30, 28, 40, 88, 234, 354, 538, 669, 810, 73, 0, 0
18:00:50, 1110.20, 26.41, 26.66, 25.852, 623, 775, 1401, 3204, 5917, 8461, 11553, 14481, 21148, 1722, 0, 0, 30, 28, 40, 89, 221, 332, 499, 619, 759, 67, 0, 0
18:00:51, 1108.00, 26.41, 26.66, 25.852, 696, 679, 1502, 2964, 5907, 8332, 11665, 13821, 23796, 1692, 0, 0, 25, 23, 34, 74, 175, 263, 396, 492, 559, 49, 0, 0
18:00:51, 1103.40, 26.42, 26.66, 25.859, 333, 335, 733, 1444, 2309, 3009, 4161, 5033, 6871, 541, 0, 0, 24, 22, 33, 72, 172, 257, 386, 477, 521, 45, 0, 0
18:00:52, 1097.90, 26.42, 26.66, 25.875, 126, 147, 292, 607, 953, 1193, 1552, 1980, 2205, 185, 0, 0, 26, 24, 35, 78, 196, 291, 434, 534, 573, 50, 0, 0
18:00:53, 1093.20, 26.42, 26.64, 25.875, 97, 111, 222, 453, 801, 1008, 1296, 1555, 1587, 133, 0, 0, 26, 24, 36, 80, 201, 297, 439, 537, 588, 52, 0, 0
18:00:53, 1089.00, 26.43, 26.69, 25.891, 109, 134, 276, 549, 968, 1185, 1549, 1818, 2036, 169, 0, 0, 25, 23, 36, 80, 206, 303, 446, 544, 597, 53, 0, 0
18:00:54, 1081.90, 26.43, 26.66, 25.906, 105, 128, 270, 529, 901, 1110, 1403, 1590, 1927, 159, 0, 0, 27, 26, 42, 92, 217, 310, 450, 545, 619, 55, 0, 0
18:00:55, 1076.50, 26.44, 26.64, 25.906, 134, 191, 398, 749, 1210, 1438, 1853, 2104, 2972, 250, 0, 0, 32, 31, 50, 111, 273, 385, 552, 668, 769, 68, 0, 0
18:00:55, 1070.60, 26.45, 26.69, 25.937, 196, 282, 606, 1083, 1732, 2051, 2578, 2888, 4278, 339, 0, 0, 38, 37, 63, 139, 313, 437, 620, 743, 860, 76, 0, 0
18:00:56, 1064.70, 26.45, 26.67, 25.953, 1051, 1271, 3103, 5536, 10444, 14892, 19703, 18867, 34636, 3461, 0, 1, 45, 46, 81, 173, 382, 522, 733, 862, 1124, 100, 0, 0
18:00:57, 1057.70, 26.46, 26.62, 25.953, 1758, 2321, 5535, 8472, 15275, 19454, 20210, 22440, 36000, 5541, 1, 1, 55, 59, 108, 227, 477, 637, 876, 1030, 1436, 131, 0, 0
18:00:57, 1052.00, 26.47, 26.69, 25.961, 2470, 3133, 7456, 10251, 19851, 23969, 27645, 26489, 36000, 7479, 1, 1, 66, 75, 142, 289, 566, 738, 1000, 1165, 1727, 160, 0, 0
18:00:58, 1046.30, 26.47, 26.69, 25.984, 2585, 4644, 9651, 12763, 24779, 27758, 31524, 31831, 36000, 8951, 1, 1, 76, 91, 177, 347, 640, 814, 1086, 1261, 1935, 182, 0, 0
18:00:59, 1039.40, 26.48, 26.67, 25.984, 3488, 7670, 11539, 17702, 7555, 8049, 9396, 10486, 20466, 2813, 0, 0, 79, 91, 179, 350, 682, 860, 1155, 1335, 1922, 171, 0, 0
18:00:59, 1033.60, 26.49, 26.64, 26.031, 464, 869, 1408, 1905, 2223, 2365, 2762, 3034, 7772, 1054, 0, 0, 80, 98, 193, 364, 696, 868, 1151, 1323, 1948, 178, 0, 0
18:01:00, 1027.80, 26.51, 26.66, 26.078, 7990, 12410, 21975, 24536, 22040, 23213, 25029, 25480, 36000, 20113, 1, 1, 81, 106, 204, 374, 628, 782, 1030, 1174, 1714, 167, 0, 0
18:01:01, 1023.20, 26.52, 26.67, 26.078, 13382, 13614, 25605, 27434, 27378, 28717, 33102, 34526, 36000, 30269, 1, 1, 86, 121, 227, 386, 618, 747, 974, 1101, 1873, 210, 0, 0
18:01:01, 1024.80, 26.53, 26.66, 26.094, 12152, 19836, 27832, 36000, 35683, 36000, 35730, 36000, 36000, 36000, 1, 1, 60, 80, 145, 255, 403, 509, 662, 765, 1150, 132, 0, 0
18:01:02, 1020.00, 26.53, 26.64, 26.109, 4177, 6682, 10894, 12796, 23663, 26724, 25284, 27730, 36000, 26972, 1, 1, 54, 67, 126, 227, 438, 549, 723, 826, 1236, 129, 0, 0
18:01:03, 1017.10, 26.53, 26.67, 26.109, 1408, 2145, 2884, 3238, 27558, 28266, 29465, 30065, 34763, 30469, 0, 1, 1054, 1606, 2222, 2683, 3297, 3684, 4131, 4506, 13213, 4033, 0, 0
18:01:03, 1016.80, 26.51, 26.67, 26.078, 5913, 10642, 12874, 16467, 26386, 27152, 27106, 28313, 33864, 29589, 0, 1, 2927, 5139, 6615, 7996, 18090, 18000, 22376, 23778, 36000, 28772, 1, 1
18:01:04, 1017.00, 26.51, 26.71, 25.852, 816, 1252, 1576, 1898, 1947, 2101, 2532, 2747, 9404, 4673, 0, 0, 6614, 10974, 14273, 16886, 17668, 18937, 21031, 24496, 36000, 36000, 1, 1
18:01:05, 1016.90, 26.50, 26.71, 25.852, 636, 989, 1243, 1361, 1115, 1150, 1365, 1592, 6014, 3169, 0, 0, 5024, 8389, 11015, 12803, 13650, 14071, 16136, 18122, 36000, 29367, 1, 1
