Secchi Depth (cm) = 0110
Forel Ule Scale = 99
pH Colour Scale = 99
SensingSecchi S/N = A016
Latitude (degs N) = 34.22050
Longitude (degs E) = -77.97801
Date = 2026-06-10
Time (UTC), Pressure (mbar) MS5803, Temp (deg C) MS5803, Temp (deg C) 10KTHERM, Temp (deg C) TMP117, ED 415nm, ED 445nm, ED 480nm, ED 515nm, ED 555nm, ED 590nm, ED 630nm, ED 680nm, ED Clear, ED NIR, ED D-SAT, ED A-SAT, EU 415nm, EU 445nm, EU 480nm, EU 515nm, EU 555nm, EU 590nm, EU 630nm, EU 680nm, EU Clear, EU NIR, EU D-SAT, EU A-SAT
16:43:24, 1013.70, 32.20, 31.56, 30.953, 60, 66, 67, 77, 78, 108, 271, 640, 1395, 830, 0, 0, 5536, 8940, 10887, 14589, 16443, 19684, 25435, 35691, 36000, 36000, 1, 1
16:43:24, 1013.60, 32.20, 31.60, 30.937, 57, 63, 64, 75, 76, 105, 263, 615, 1328, 781, 0, 0, 5406, 8711, 10577, 14230, 15716, 18772, 24284, 33976, 36000, 36000, 1, 1
16:43:25, 1013.60, 32.22, 31.66, 30.953, 56, 62, 63, 75, 75, 105, 260, 597, 1291, 750, 0, 0, 5065, 8217, 9884, 13438, 14857, 17865, 23289, 32557, 36000, 36000, 1, 1
16:43:26, 1014.60, 32.27, 31.70, 30.953, 59, 65, 68, 81, 92, 125, 325, 780, 1658, 1000, 0, 0, 5002, 7646, 9872, 12536, 7413, 9382, 13353, 18621, 36000, 30107, 1, 1
16:43:26, 1014.00, 32.28, 31.68, 30.961, 68, 75, 72, 78, 90, 128, 376, 882, 1743, 1039, 0, 0, 3117, 4433, 5696, 7243, 9713, 12325, 17468, 23852, 36000, 36000, 1, 1
16:43:27, 1014.20, 32.24, 31.71, 30.992, 82, 90, 86, 93, 93, 133, 382, 899, 1737, 1019, 0, 0, 4644, 7101, 9565, 11897, 21727, 26918, 31732, 35729, 36000, 36000, 1, 1
16:43:28, 1013.80, 32.31, 31.70, 30.992, 222, 248, 336, 388, 4465, 4592, 5365, 5912, 19761, 7731, 0, 0, 9729, 15102, 21848, 26256, 14296, 15485, 17795, 20378, 36000, 28736, 1, 1
16:43:28, 1013.50, 32.35, 31.71, 31.016, 2588, 3771, 5549, 6739, 24198, 28084, 29822, 32950, 31997, 14199, 0, 1, 2613, 4392, 5829, 7705, 7066, 7692, 9035, 9850, 23516, 7186, 0, 0
16:43:29, 1023.30, 32.31, 31.70, 30.984, 9712, 16828, 23293, 28043, 26027, 27746, 32449, 35203, 36000, 31862, 1, 1, 421, 597, 1153, 2007, 3325, 3992, 4790, 4999, 8879, 874, 0, 0
16:43:30, 1035.90, 32.13, 31.75, 30.984, 9304, 14594, 21602, 23437, 24074, 26331, 26318, 29918, 36000, 26798, 1, 1, 249, 333, 658, 1216, 2102, 2588, 3117, 3275, 6210, 599, 0, 0
16:43:30, 1041.90, 31.91, 31.70, 28.711, 3572, 6206, 10595, 15339, 22181, 24156, 27497, 30278, 36000, 19656, 1, 1, 276, 347, 701, 1339, 2194, 2696, 3323, 3443, 7197, 659, 0, 0
16:43:31, 1040.90, 31.72, 31.68, 27.766, 3953, 9089, 12777, 21075, 14934, 17316, 19234, 24277, 36000, 13257, 1, 1, 248, 311, 630, 1207, 2187, 2689, 3309, 3448, 6887, 626, 0, 0
16:43:32, 1039.10, 31.57, 31.64, 27.766, 2845, 5813, 8995, 12244, 16031, 18282, 23424, 28536, 36000, 19285, 1, 1, 233, 288, 582, 1123, 2024, 2504, 3073, 3203, 5819, 530, 0, 0
16:43:32, 1036.50, 31.44, 31.66, 27.367, 4044, 7040, 11616, 14277, 18014, 21725, 23425, 33678, 36000, 19040, 1, 1, 223, 281, 563, 1073, 1939, 2395, 2927, 3050, 5454, 502, 0, 0
16:43:33, 1041.50, 31.33, 31.68, 27.227, 4286, 8596, 13877, 20155, 31856, 32179, 35925, 35895, 36000, 15532, 1, 1, 195, 241, 484, 933, 1809, 2247, 2762, 2873, 5134, 464, 0, 0
16:43:34, 1048.30, 31.24, 31.60, 27.227, 3873, 7468, 11917, 19138, 20698, 22292, 27718, 28998, 36000, 9251, 1, 1, 190, 227, 458, 906, 1850, 2312, 2861, 2985, 5541, 497, 0, 0
16:43:34, 1040.50, 31.16, 31.62, 27.164, 3796, 7163, 12128, 17225, 17152, 20481, 21102, 29843, 36000, 11770, 1, 1, 258, 321, 651, 1254, 2645, 3236, 3973, 4152, 8546, 781, 0, 0
16:43:35, 1041.30, 31.09, 31.60, 27.117, 4135, 7243, 13095, 19592, 27165, 28213, 33412, 34230, 36000, 13666, 1, 1, 246, 305, 619, 1201, 2467, 3024, 3727, 3869, 8096, 734, 0, 0
16:43:36, 1041.10, 31.02, 31.62, 27.117, 3594, 7991, 11460, 20170, 22387, 23890, 29385, 31785, 36000, 17362, 1, 1, 283, 356, 716, 1367, 2395, 2953, 3623, 3772, 7878, 724, 0, 0
16:43:36, 1041.70, 30.96, 31.64, 27.109, 4426, 7433, 13408, 18555, 27135, 28929, 33289, 34158, 36000, 10305, 1, 1, 258, 316, 632, 1234, 2388, 2980, 3642, 3812, 7551, 709, 0, 0
16:43:37, 1041.10, 30.90, 31.60, 27.125, 5063, 9030, 15520, 19454, 26651, 28762, 33293, 34847, 36000, 6559, 1, 1, 235, 288, 574, 1128, 2127, 2668, 3259, 3420, 6471, 612, 0, 0
16:43:38, 1038.30, 30.83, 31.62, 27.125, 4942, 9425, 14936, 22509, 28456, 30031, 34338, 34679, 36000, 8995, 1, 1, 224, 274, 547, 1082, 2193, 2752, 3360, 3514, 6244, 588, 0, 0
16:43:38, 1034.40, 30.77, 31.60, 27.117, 3827, 6869, 10865, 16418, 24118, 26225, 31466, 32045, 34615, 5466, 0, 1, 236, 299, 593, 1148, 2229, 2771, 3378, 3526, 6288, 594, 0, 0
16:43:39, 1025.60, 30.71, 31.56, 27.109, 4862, 8905, 14720, 22369, 25087, 27961, 31065, 31727, 35936, 6895, 0, 1, 269, 355, 700, 1321, 2428, 2976, 3608, 3761, 6735, 656, 0, 0
16:43:40, 1027.90, 30.67, 31.56, 27.109, 8345, 14291, 22950, 28785, 33197, 35163, 36000, 36000, 36000, 22479, 1, 1, 250, 335, 656, 1215, 2147, 2639, 3197, 3321, 5795, 556, 0, 0
16:43:40, 1028.40, 30.63, 31.56, 27.109, 7454, 14351, 20613, 28031, 30816, 31034, 35990, 36000, 36000, 17141, 1, 1, 220, 283, 562, 1067, 1965, 2434, 2956, 3061, 5102, 472, 0, 0
16:43:41, 1030.00, 30.62, 31.58, 27.109, 7919, 15845, 21156, 31609, 31681, 35283, 36000, 36000, 36000, 26341, 1, 1, 225, 298, 586, 1081, 1992, 2449, 2977, 3080, 5435, 516, 0, 0
16:43:42, 1028.60, 30.60, 31.56, 27.109, 7553, 13648, 21346, 30140, 31004, 31596, 36000, 36000, 36000, 19509, 1, 1, 239, 313, 620, 1163, 2161, 2651, 3219, 3343, 5859, 558, 0, 0
16:43:42, 1030.60, 30.58, 31.58, 27.102, 6552, 11047, 19198, 21413, 33282, 32698, 35050, 35795, 36000, 22728, 1, 1, 247, 330, 651, 1208, 2166, 2649, 3217, 3338, 6057, 580, 0, 0
16:43:43, 1028.60, 30.57, 31.55, 27.117, 7049, 13385, 21573, 28323, 29553, 31262, 34279, 36000, 36000, 11121, 1, 1, 244, 320, 632, 1193, 2199, 2704, 3283, 3407, 5924, 568, 0, 0
16:43:44, 1031.60, 30.55, 31.56, 27.117, 5896, 11244, 16192, 20125, 25685, 28258, 33098, 35083, 36000, 19157, 1, 1, 224, 296, 585, 1091, 1985, 2454, 2979, 3083, 5370, 507, 0, 0
16:43:44, 1027.90, 30.53, 31.53, 27.117, 6361, 12205, 18782, 24843, 31418, 31356, 36000, 36000, 36000, 17129, 1, 1, 223, 292, 576, 1082, 1987, 2452, 2974, 3077, 5268, 503, 0, 0
16:43:45, 1031.60, 30.50, 31.55, 27.117, 7405, 14711, 19784, 29393, 32270, 34182, 36000, 36000, 36000, 24677, 1, 1, 210, 274, 541, 1008, 1841, 2277, 2770, 2853, 4893, 457, 0, 0
16:43:46, 1031.00, 30.48, 31.56, 27.117, 4940, 11048, 15365, 21523, 33207, 34217, 35878, 36000, 36000, 21854, 1, 1, 218, 283, 561, 1051, 1977, 2433, 2961, 3062, 5374, 505, 0, 0
16:43:46, 1033.20, 30.46, 31.55, 27.125, 6822, 12309, 19629, 26969, 30265, 31862, 33503, 34201, 36000, 21719, 1, 1, 229, 297, 591, 1112, 2043, 2510, 3053, 3161, 5592, 521, 0, 0
16:43:47, 1031.10, 30.45, 31.53, 27.125, 11234, 20756, 30731, 33599, 26087, 27297, 31756, 34675, 36000, 18327, 1, 1, 242, 314, 626, 1177, 2152, 2635, 3200, 3323, 5961, 564, 0, 0
16:43:48, 1033.80, 30.43, 31.53, 27.125, 10636, 14729, 26129, 29222, 29168, 31726, 34607, 34264, 36000, 18133, 1, 1, 222, 292, 582, 1077, 1965, 2407, 2927, 3024, 5478, 509, 0, 0
16:43:48, 1033.80, 30.41, 31.51, 27.133, 5287, 9677, 16232, 17420, 27680, 26637, 30610, 33998, 36000, 16606, 1, 1, 220, 283, 565, 1060, 1936, 2373, 2888, 2980, 5400, 501, 0, 0
16:43:49, 1032.70, 30.38, 31.56, 27.133, 6584, 10019, 17119, 21813, 24410, 27293, 27667, 36000, 36000, 23499, 1, 1, 224, 289, 577, 1083, 1953, 2400, 2920, 3013, 5388, 499, 0, 0
16:43:50, 1034.70, 30.36, 31.55, 27.133, 4281, 7578, 12480, 17235, 29506, 31060, 33766, 34826, 36000, 18807, 1, 1, 209, 267, 535, 1009, 1941, 2390, 2913, 3002, 5323, 487, 0, 0
16:43:50, 1034.80, 30.35, 31.51, 27.141, 6567, 10101, 16321, 21392, 28610, 30456, 31260, 32762, 36000, 24700, 1, 1, 210, 268, 535, 1011, 1920, 2366, 2880, 2967, 5248, 483, 0, 0
16:43:51, 1034.90, 30.34, 31.55, 27.141, 6502, 9166, 15939, 19200, 29418, 29985, 31362, 34253, 36000, 22282, 1, 1, 216, 276, 553, 1046, 1906, 2352, 2864, 2946, 5216, 480, 0, 0
16:43:52, 1034.60, 30.32, 31.55, 27.133, 4266, 7265, 12248, 16766, 27569, 31381, 33409, 33964, 36000, 16298, 1, 1, 206, 263, 526, 997, 1907, 2357, 2866, 2944, 5108, 466, 0, 0
16:43:52, 1033.10, 30.32, 31.49, 27.148, 4190, 8536, 12737, 18172, 29037, 29854, 32400, 33088, 36000, 17772, 1, 1, 206, 265, 525, 996, 1826, 2268, 2756, 2823, 4838, 450, 0, 0
16:43:53, 1033.80, 30.31, 31.45, 27.148, 9935, 15152, 26218, 29722, 21889, 24374, 28827, 30522, 36000, 12036, 1, 1, 192, 242, 482, 929, 1767, 2217, 2692, 2755, 4510, 411, 0, 0
16:43:54, 1037.20, 30.30, 31.51, 27.141, 4677, 10021, 13858, 20548, 24353, 25907, 29642, 31743, 36000, 14487, 1, 1, 161, 198, 389, 756, 1443, 1829, 2229, 2260, 3740, 337, 0, 0
16:43:54, 1034.80, 30.29, 31.45, 27.164, 2333, 4652, 8309, 9615, 13626, 14614, 16292, 21234, 35227, 6127, 0, 1, 164, 198, 392, 781, 1543, 1956, 2382, 2425, 3857, 345, 0, 0
16:43:55, 1037.10, 30.27, 31.49, 27.164, 5784, 11276, 17915, 24836, 23475, 25679, 31011, 32511, 36000, 12375, 1, 1, 192, 241, 480, 927, 1785, 2234, 2716, 2777, 4689, 426, 0, 0
16:43:56, 1036.00, 30.25, 31.53, 27.164, 4456, 8025, 13370, 19110, 26270, 27352, 33563, 34558, 36000, 12191, 1, 1, 198, 245, 492, 957, 1856, 2320, 2820, 2890, 4830, 438, 0, 0
16:43:56, 1038.60, 30.24, 31.49, 27.172, 6540, 12521, 19399, 27343, 32704, 33896, 35934, 36000, 36000, 22531, 1, 1, 196, 245, 490, 947, 1744, 2183, 2660, 2717, 4593, 413, 0, 0
16:43:57, 1037.20, 30.22, 31.53, 27.172, 4052, 8913, 13051, 19416, 17890, 19416, 23088, 26385, 36000, 8050, 1, 1, 182, 221, 443, 871, 1692, 2129, 2596, 2647, 4312, 383, 0, 0
16:43:58, 1036.30, 30.20, 31.47, 27.156, 5233, 10831, 16687, 21962, 21543, 23352, 26393, 29810, 36000, 11145, 1, 1, 171, 210, 419, 817, 1536, 1939, 2361, 2401, 3841, 341, 0, 0
16:43:58, 1040.20, 30.18, 31.47, 27.156, 6051, 10981, 18444, 26491, 25348, 26132, 31407, 30958, 36000, 12614, 1, 1, 157, 187, 373, 746, 1551, 1967, 2403, 2446, 3869, 338, 0, 0
16:43:59, 1036.40, 30.17, 31.51, 27.156, 5148, 10779, 16870, 23879, 26686, 28012, 31145, 33775, 36000, 13914, 1, 1, 190, 238, 475, 915, 1787, 2225, 2707, 2766, 4709, 426, 0, 0
16:44:00, 1044.00, 30.15, 31.47, 27.148, 8931, 14675, 24562, 29902, 21288, 24638, 29443, 29356, 36000, 9111, 1, 1, 192, 236, 476, 931, 1822, 2285, 2792, 2858, 4854, 434, 0, 0
16:44:00, 1049.60, 30.13, 31.51, 27.148, 4951, 9553, 15720, 22044, 24949, 29009, 33507, 33225, 36000, 9135, 1, 1, 178, 210, 424, 850, 1749, 2208, 2713, 2772, 4737, 420, 0, 0
16:44:01, 1049.60, 30.11, 31.49, 27.148, 1997, 3847, 6964, 9955, 18246, 19924, 22981, 29413, 36000, 8675, 1, 1, 187, 220, 444, 892, 1749, 2203, 2709, 2762, 4732, 419, 0, 0
16:44:02, 1057.10, 30.09, 31.47, 27.109, 3915, 6227, 12684, 18102, 25201, 29087, 33756, 35088, 36000, 10196, 1, 1, 155, 178, 357, 728, 1410, 1801, 2218, 2258, 3856, 336, 0, 0
16:44:02, 1065.60, 30.07, 31.45, 27.117, 2504, 4731, 8762, 14075, 19396, 22728, 28450, 28706, 36000, 5732, 1, 1, 149, 162, 320, 683, 1479, 1920, 2385, 2428, 4032, 350, 0, 0
16:44:03, 1071.90, 30.04, 31.51, 27.117, 1997, 3489, 6801, 11682, 16109, 18547, 25470, 27252, 36000, 4394, 1, 1, 147, 156, 305, 658, 1403, 1837, 2289, 2333, 3902, 338, 0, 0
16:44:04, 1075.70, 30.02, 31.43, 27.117, 1693, 2627, 5714, 9597, 13171, 15712, 19366, 21168, 36000, 3560, 1, 1, 142, 147, 284, 626, 1413, 1869, 2339, 2386, 3862, 337, 0, 0
16:44:04, 1080.80, 29.99, 31.51, 27.109, 1591, 2656, 5501, 9493, 13350, 15883, 19915, 21833, 36000, 3531, 1, 1, 133, 138, 267, 586, 1302, 1716, 2156, 2202, 3761, 322, 0, 0
16:44:05, 1085.70, 29.96, 31.45, 27.109, 1406, 2199, 4743, 8516, 12068, 15041, 17985, 20634, 36000, 3687, 1, 1, 129, 130, 248, 552, 1266, 1689, 2137, 2185, 3673, 317, 0, 0
16:44:06, 1092.50, 29.94, 31.47, 27.070, 1296, 1905, 4054, 7628, 11298, 13963, 16667, 19928, 36000, 3490, 1, 1, 126, 125, 237, 528, 1195, 1601, 2032, 2082, 3599, 308, 0, 0
16:44:06, 1101.90, 29.91, 31.45, 26.945, 991, 1451, 3143, 6083, 9203, 11416, 14545, 15998, 35642, 2625, 0, 1, 117, 113, 206, 470, 1107, 1514, 1938, 1983, 3326, 286, 0, 0
16:44:07, 1106.80, 29.89, 31.45, 26.945, 826, 1104, 2457, 4886, 7883, 9912, 12392, 13843, 29078, 2186, 0, 0, 109, 103, 183, 421, 1052, 1454, 1872, 1912, 3097, 270, 0, 0
16:44:08, 1112.90, 29.86, 31.45, 26.781, 762, 998, 2213, 4371, 8402, 10490, 13874, 14367, 30091, 2116, 0, 0, 102, 97, 170, 394, 959, 1332, 1716, 1757, 2934, 251, 0, 0
16:44:08, 1115.90, 29.83, 31.43, 26.695, 623, 793, 1730, 3585, 7147, 9203, 11618, 13165, 27979, 2047, 0, 0, 96, 90, 155, 359, 912, 1278, 1656, 1690, 2745, 238, 0, 0
16:44:09, 1119.50, 29.79, 31.45, 26.695, 679, 857, 1885, 3952, 7192, 9311, 12053, 13555, 28005, 1987, 0, 0, 94, 87, 149, 346, 873, 1227, 1591, 1627, 2699, 233, 0, 0
16:44:10, 1125.20, 29.76, 31.43, 26.633, 598, 747, 1614, 3457, 7086, 9025, 12136, 13199, 27594, 1976, 0, 0, 88, 81, 137, 320, 804, 1143, 1488, 1521, 2479, 215, 0, 0
16:44:10, 1131.80, 29.72, 31.43, 26.602, 541, 645, 1400, 3028, 5819, 7554, 9923, 10724, 21465, 1543, 0, 0, 80, 73, 120, 280, 737, 1061, 1391, 1420, 2274, 198, 0, 0
16:44:11, 1136.80, 29.69, 31.47, 26.602, 484, 557, 1177, 2611, 4911, 6468, 8337, 9274, 18096, 1341, 0, 0, 74, 67, 107, 251, 681, 988, 1301, 1328, 2131, 185, 0, 0
16:44:12, 1140.20, 29.66, 31.43, 26.562, 438, 498, 1046, 2345, 4745, 6269, 8246, 9093, 17602, 1286, 0, 0, 72, 65, 103, 241, 653, 952, 1255, 1281, 2056, 179, 0, 0
16:44:12, 1141.20, 29.63, 31.43, 26.562, 453, 515, 1061, 2422, 4445, 5886, 7779, 8511, 16219, 1187, 0, 0, 69, 62, 97, 229, 638, 933, 1233, 1259, 2005, 175, 0, 0
16:44:13, 1140.90, 29.61, 31.45, 26.539, 427, 473, 994, 2240, 4360, 5792, 7591, 8349, 15548, 1144, 0, 0, 70, 63, 99, 233, 646, 945, 1247, 1271, 2016, 175, 0, 0
16:44:14, 1140.90, 29.60, 31.47, 26.523, 424, 468, 984, 2215, 4215, 5582, 7298, 8037, 14637, 1096, 0, 0, 71, 64, 100, 235, 651, 954, 1258, 1282, 2008, 176, 0, 0
16:44:14, 1141.40, 29.59, 31.43, 26.523, 403, 453, 935, 2127, 4512, 6014, 7926, 8712, 16771, 1226, 0, 0, 70, 63, 99, 232, 644, 944, 1247, 1270, 2010, 175, 0, 0
16:44:15, 1144.00, 29.58, 31.45, 26.523, 433, 480, 990, 2223, 4569, 6094, 7964, 8795, 16873, 1234, 0, 0, 69, 62, 97, 227, 631, 926, 1222, 1245, 2013, 175, 0, 0
16:44:16, 1149.40, 29.56, 31.47, 26.523, 456, 505, 1015, 2341, 4002, 5367, 6991, 7797, 15081, 1143, 0, 0, 65, 58, 89, 209, 578, 856, 1135, 1155, 1844, 161, 0, 0
16:44:16, 1155.60, 29.54, 31.47, 26.523, 352, 382, 774, 1796, 3875, 5215, 6996, 7539, 14300, 1065, 0, 0, 62, 55, 84, 195, 543, 811, 1082, 1103, 1741, 152, 0, 0
16:44:17, 1157.40, 29.52, 31.45, 26.516, 283, 302, 591, 1398, 2988, 4064, 5370, 5884, 11051, 840, 0, 0, 58, 52, 77, 179, 528, 792, 1061, 1079, 1697, 148, 0, 0
16:44:18, 1159.50, 29.51, 31.43, 26.500, 316, 334, 657, 1557, 3055, 4139, 5499, 6008, 11355, 865, 0, 0, 58, 52, 77, 179, 523, 785, 1050, 1069, 1710, 149, 0, 0
16:44:18, 1161.80, 29.49, 31.43, 26.500, 296, 312, 612, 1455, 2994, 4076, 5451, 5954, 10923, 818, 0, 0, 56, 49, 72, 168, 497, 752, 1006, 1023, 1620, 142, 0, 0
16:44:19, 1163.70, 29.49, 31.45, 26.492, 293, 306, 591, 1413, 3029, 4157, 5600, 6095, 11001, 819, 0, 0, 54, 47, 69, 161, 476, 722, 968, 983, 1552, 136, 0, 0
16:44:20, 1166.00, 29.47, 31.43, 26.492, 278, 287, 551, 1318, 3105, 4270, 5787, 6274, 11462, 855, 0, 0, 54, 47, 69, 159, 471, 716, 961, 977, 1552, 136, 0, 0
16:44:20, 1166.40, 29.46, 31.47, 26.492, 277, 288, 551, 1324, 2846, 3910, 5271, 5694, 10339, 775, 0, 0, 52, 46, 66, 153, 463, 706, 949, 964, 1517, 133, 0, 0
16:44:21, 1170.90, 29.45, 31.41, 26.477, 259, 267, 505, 1217, 2666, 3673, 4957, 5367, 9827, 749, 0, 0, 51, 45, 65, 150, 444, 679, 914, 928, 1483, 130, 0, 0
16:44:22, 1175.80, 29.43, 31.41, 26.492, 246, 252, 470, 1138, 2553, 3548, 4831, 5212, 9400, 712, 0, 0, 47, 41, 59, 135, 408, 630, 850, 863, 1350, 118, 0, 0
16:44:22, 1179.90, 29.41, 31.45, 26.492, 223, 225, 411, 1003, 2227, 3122, 4225, 4572, 7998, 610, 0, 0, 44, 38, 54, 123, 383, 595, 807, 817, 1252, 110, 0, 0
16:44:23, 1181.20, 29.38, 31.45, 26.484, 206, 206, 371, 905, 2114, 2994, 4067, 4434, 7869, 599, 0, 0, 42, 37, 51, 116, 377, 589, 801, 809, 1220, 108, 0, 0
16:44:24, 1186.00, 29.37, 31.45, 26.484, 214, 215, 380, 932, 2192, 3108, 4256, 4597, 8246, 628, 0, 0, 41, 36, 50, 113, 355, 555, 754, 764, 1197, 105, 0, 0
16:44:24, 1187.70, 29.35, 31.41, 26.484, 198, 197, 349, 859, 2071, 2943, 4051, 4355, 7619, 576, 0, 0, 39, 34, 47, 107, 340, 534, 729, 738, 1135, 100, 0, 0
16:44:25, 1192.60, 29.33, 31.45, 26.477, 185, 182, 319, 786, 1846, 2637, 3610, 3923, 6933, 534, 0, 0, 38, 33, 45, 101, 321, 506, 693, 701, 1086, 95, 0, 0
16:44:26, 1197.40, 29.30, 31.41, 26.469, 175, 172, 296, 730, 1714, 2465, 3393, 3661, 6343, 487, 0, 0, 35, 30, 41, 91, 294, 469, 644, 651, 993, 87, 0, 0
16:44:26, 1199.80, 29.28, 31.43, 26.469, 160, 156, 264, 651, 1612, 2336, 3214, 3466, 5659, 432, 0, 0, 33, 29, 39, 87, 285, 456, 627, 634, 961, 85, 0, 0
16:44:27, 1201.50, 29.27, 31.43, 26.461, 150, 146, 244, 604, 1519, 2210, 3030, 3295, 5663, 440, 0, 0, 33, 29, 38, 85, 280, 449, 619, 625, 948, 84, 0, 0
16:44:28, 1203.60, 29.25, 31.41, 26.461, 144, 139, 233, 572, 1410, 2054, 2829, 3065, 5320, 415, 0, 0, 31, 27, 36, 79, 268, 431, 596, 602, 911, 80, 0, 0
16:44:28, 1205.50, 29.24, 31.41, 26.461, 144, 139, 230, 571, 1418, 2067, 2850, 3077, 5073, 392, 0, 0, 31, 27, 36, 79, 263, 424, 586, 592, 906, 80, 0, 0
16:44:29, 1208.60, 29.23, 31.45, 26.453, 137, 132, 219, 539, 1339, 1960, 2709, 2926, 4934, 386, 0, 0, 30, 26, 34, 75, 251, 407, 564, 571, 869, 77, 0, 0
16:44:30, 1212.60, 29.21, 31.41, 26.453, 135, 130, 211, 519, 1266, 1867, 2587, 2794, 4638, 362, 0, 0, 28, 24, 32, 69, 235, 382, 531, 536, 805, 71, 0, 0
16:44:30, 1217.50, 29.20, 31.41, 26.453, 124, 119, 191, 469, 1170, 1743, 2415, 2627, 4415, 349, 0, 0, 26, 23, 30, 64, 217, 356, 498, 504, 751, 66, 0, 0
16:44:31, 1222.00, 29.18, 31.45, 26.453, 110, 105, 166, 407, 1061, 1587, 2210, 2389, 3997, 315, 0, 0, 25, 22, 28, 61, 210, 345, 485, 491, 744, 66, 0, 0
16:44:32, 1224.00, 29.16, 31.43, 26.445, 106, 101, 158, 388, 965, 1452, 2013, 2193, 3648, 289, 0, 0, 24, 21, 27, 56, 198, 327, 461, 466, 698, 62, 0, 0
16:44:32, 1225.70, 29.15, 31.41, 26.445, 112, 106, 165, 402, 1013, 1529, 2146, 2309, 3703, 290, 0, 0, 24, 20, 26, 55, 192, 319, 449, 454, 678, 60, 0, 0
16:44:33, 1231.40, 29.14, 31.43, 26.437, 105, 100, 155, 379, 984, 1484, 2092, 2243, 3608, 281, 0, 0, 23, 20, 25, 53, 187, 312, 440, 446, 680, 60, 0, 0
16:44:34, 1238.00, 29.12, 31.38, 26.437, 92, 87, 131, 318, 878, 1346, 1905, 2061, 3294, 257, 0, 0, 20, 17, 22, 45, 160, 270, 384, 389, 574, 51, 0, 0
16:44:34, 1244.70, 29.11, 31.40, 26.437, 77, 72, 107, 259, 733, 1133, 1598, 1732, 2809, 224, 0, 0, 18, 16, 19, 40, 145, 246, 352, 357, 524, 46, 0, 0
16:44:35, 1250.00, 29.09, 31.40, 26.437, 71, 66, 96, 230, 647, 1009, 1428, 1546, 2451, 196, 0, 0, 17, 14, 18, 36, 132, 227, 326, 331, 484, 43, 0, 0
16:44:36, 1251.30, 29.07, 31.41, 26.430, 68, 63, 92, 218, 605, 950, 1349, 1456, 2280, 183, 0, 0, 16, 14, 17, 34, 129, 221, 319, 323, 465, 41, 0, 0
16:44:36, 1253.40, 29.06, 31.40, 26.430, 66, 62, 89, 212, 597, 934, 1333, 1429, 2194, 174, 0, 0, 16, 14, 16, 33, 124, 213, 308, 312, 454, 40, 0, 0
16:44:37, 1259.40, 29.06, 31.38, 26.422, 64, 60, 86, 203, 582, 917, 1312, 1413, 2185, 174, 0, 0, 15, 13, 16, 31, 119, 206, 298, 303, 450, 40, 0, 0
16:44:38, 1266.50, 29.04, 31.40, 26.422, 55, 51, 72, 167, 501, 800, 1146, 1237, 1922, 154, 0, 0, 13, 11, 14, 27, 101, 177, 259, 264, 375, 33, 0, 0
16:44:38, 1274.20, 29.03, 31.40, 26.414, 49, 46, 63, 145, 430, 696, 1002, 1085, 1689, 136, 0, 0, 12, 10, 12, 23, 89, 157, 231, 235, 335, 29, 0, 0
16:44:39, 1277.30, 29.01, 31.40, 26.414, 43, 40, 55, 125, 386, 630, 914, 985, 1514, 122, 0, 0, 11, 9, 11, 21, 84, 149, 220, 224, 322, 28, 0, 0
16:44:40, 1280.40, 29.00, 31.38, 26.414, 41, 38, 52, 118, 372, 607, 878, 949, 1481, 120, 0, 0, 11, 9, 11, 20, 81, 144, 213, 217, 313, 28, 0, 0
16:44:40, 1284.20, 28.99, 31.40, 26.406, 41, 38, 51, 115, 359, 589, 855, 925, 1413, 114, 0, 0, 10, 8, 10, 19, 76, 136, 202, 206, 295, 26, 0, 0
16:44:41, 1289.10, 28.98, 31.40, 26.406, 37, 34, 46, 104, 317, 522, 756, 817, 1260, 103, 0, 0, 9, 8, 9, 18, 70, 127, 189, 193, 276, 24, 0, 0
16:44:42, 1294.90, 28.97, 31.40, 26.406, 34, 32, 42, 93, 290, 484, 708, 763, 1142, 93, 0, 0, 8, 7, 8, 15, 62, 113, 170, 173, 242, 21, 0, 0
16:44:42, 1300.70, 28.96, 31.41, 26.406, 31, 29, 38, 82, 265, 444, 654, 703, 1031, 83, 0, 0, 8, 6, 7, 14, 57, 104, 157, 160, 225, 20, 0, 0
16:44:43, 1303.30, 28.95, 31.40, 26.406, 28, 26, 34, 72, 234, 397, 587, 631, 909, 74, 0, 0, 7, 6, 7, 13, 54, 99, 150, 152, 209, 18, 0, 0
16:44:44, 1306.30, 28.93, 31.41, 26.406, 27, 25, 32, 70, 230, 390, 577, 619, 894, 72, 0, 0, 7, 6, 7, 12, 52, 96, 146, 149, 210, 18, 0, 0
16:44:44, 1307.80, 28.92, 31.41, 26.398, 26, 24, 31, 67, 220, 374, 556, 597, 854, 69, 0, 0, 7, 6, 6, 12, 50, 93, 140, 143, 198, 17, 0, 0
16:44:45, 1311.10, 28.91, 31.36, 26.398, 25, 23, 30, 64, 211, 359, 531, 572, 837, 68, 0, 0, 7, 5, 6, 12, 48, 90, 136, 140, 197, 17, 0, 0
16:44:46, 1313.70, 28.90, 31.45, 26.398, 23, 22, 28, 59, 196, 336, 500, 536, 745, 61, 0, 0, 6, 5, 6, 11, 45, 85, 129, 132, 179, 16, 0, 0
16:44:46, 1315.10, 28.89, 31.41, 26.398, 23, 21, 27, 57, 192, 330, 492, 530, 774, 63, 0, 0, 6, 5, 6, 10, 43, 81, 124, 127, 173, 15, 0, 0
16:44:47, 1311.00, 28.88, 31.40, 26.398, 21, 19, 24, 51, 176, 304, 453, 489, 638, 52, 0, 0, 6, 5, 6, 11, 47, 87, 133, 136, 181, 16, 0, 0
16:44:48, 1304.20, 28.88, 31.41, 26.398, 23, 21, 27, 57, 190, 327, 485, 524, 677, 55, 0, 0, 7, 6, 7, 12, 52, 96, 146, 149, 197, 17, 0, 0
16:44:48, 1297.70, 28.87, 31.38, 26.398, 26, 24, 31, 65, 214, 363, 537, 578, 750, 60, 0, 0, 8, 6, 7, 14, 58, 106, 161, 163, 218, 19, 0, 0
16:44:49, 1296.60, 28.85, 31.38, 26.406, 29, 27, 36, 78, 261, 438, 644, 694, 1035, 84, 0, 0, 8, 7, 8, 15, 60, 109, 164, 167, 238, 21, 0, 0
16:44:50, 1291.10, 28.84, 31.38, 26.406, 29, 27, 36, 79, 258, 433, 635, 687, 1030, 84, 0, 0, 8, 7, 8, 15, 66, 119, 178, 181, 251, 22, 0, 0
16:44:50, 1280.60, 28.84, 31.38, 26.398, 30, 28, 37, 81, 267, 445, 648, 701, 1011, 83, 0, 0, 10, 8, 10, 19, 77, 138, 205, 207, 286, 25, 0, 0
16:44:51, 1276.20, 28.85, 31.36, 26.406, 38, 35, 47, 107, 342, 559, 811, 874, 1225, 98, 0, 0, 10, 9, 11, 20, 82, 146, 215, 218, 304, 27, 0, 0
16:44:52, 1273.60, 28.84, 31.41, 26.406, 43, 40, 54, 123, 384, 626, 908, 975, 1414, 113, 0, 0, 11, 9, 11, 22, 86, 152, 223, 226, 320, 28, 0, 0
16:44:52, 1269.50, 28.84, 31.36, 26.406, 43, 40, 55, 126, 396, 640, 922, 992, 1480, 119, 0, 0, 11, 10, 12, 23, 91, 161, 235, 238, 336, 30, 0, 0
16:44:53, 1265.30, 28.84, 31.41, 26.414, 48, 44, 60, 138, 439, 708, 1018, 1096, 1583, 126, 0, 0, 12, 10, 12, 24, 96, 168, 245, 248, 347, 31, 0, 0
16:44:54, 1257.40, 28.84, 31.41, 26.414, 47, 44, 60, 139, 444, 711, 1015, 1098, 1449, 115, 0, 0, 14, 12, 14, 28, 111, 193, 279, 281, 386, 34, 0, 0
16:44:54, 1256.10, 28.83, 31.36, 26.406, 56, 52, 73, 172, 516, 815, 1162, 1244, 1740, 138, 0, 0, 14, 12, 15, 30, 114, 196, 283, 285, 414, 36, 0, 0
16:44:55, 1253.50, 28.82, 31.36, 26.414, 63, 59, 84, 199, 578, 910, 1303, 1394, 2137, 169, 0, 0, 15, 12, 15, 31, 118, 202, 291, 293, 428, 38, 0, 0
16:44:56, 1249.00, 28.82, 31.40, 26.414, 64, 60, 86, 204, 610, 958, 1362, 1474, 2394, 191, 0, 0, 15, 13, 16, 33, 127, 216, 310, 312, 458, 40, 0, 0
16:44:56, 1239.90, 28.82, 31.40, 26.414, 69, 64, 94, 224, 666, 1037, 1468, 1580, 2440, 193, 0, 0, 17, 15, 18, 38, 145, 245, 348, 349, 507, 45, 0, 0
16:44:57, 1231.80, 28.82, 31.40, 26.422, 80, 75, 112, 272, 768, 1178, 1656, 1780, 2735, 215, 0, 0, 19, 17, 21, 43, 163, 272, 384, 385, 559, 49, 0, 0
16:44:58, 1225.50, 28.82, 31.36, 26.422, 90, 86, 130, 318, 875, 1326, 1851, 1997, 3168, 251, 0, 0, 22, 19, 24, 51, 184, 305, 427, 429, 649, 57, 0, 0
16:44:58, 1221.60, 28.81, 31.36, 26.422, 105, 100, 155, 382, 982, 1473, 2052, 2207, 3688, 291, 0, 0, 23, 19, 25, 54, 193, 317, 443, 444, 669, 59, 0, 0
16:44:59, 1216.90, 28.81, 31.41, 26.437, 110, 105, 165, 404, 1103, 1651, 2321, 2475, 3967, 308, 0, 0, 24, 20, 26, 57, 207, 339, 472, 472, 707, 62, 0, 0
16:45:00, 1205.10, 28.80, 31.38, 26.437, 116, 111, 179, 441, 1158, 1711, 2359, 2561, 4123, 323, 0, 0, 28, 24, 31, 69, 245, 394, 543, 543, 813, 72, 0, 0
16:45:00, 1201.20, 28.80, 31.40, 26.437, 145, 141, 233, 575, 1484, 2170, 2975, 3252, 5650, 437, 0, 0, 31, 27, 36, 80, 265, 423, 578, 579, 906, 80, 0, 0
16:45:01, 1198.10, 28.80, 31.38, 26.437, 151, 147, 248, 616, 1510, 2194, 3013, 3277, 5842, 454, 0, 0, 32, 28, 37, 83, 280, 445, 610, 611, 954, 84, 0, 0
16:45:02, 1192.70, 28.79, 31.38, 26.453, 155, 152, 257, 638, 1529, 2201, 2990, 3227, 5587, 437, 0, 0, 33, 28, 39, 87, 292, 461, 629, 629, 974, 86, 0, 0
16:45:02, 1181.70, 28.80, 31.38, 26.453, 170, 169, 290, 712, 1690, 2407, 3241, 3548, 6024, 475, 0, 0, 39, 34, 47, 106, 353, 549, 743, 744, 1152, 101, 0, 0
16:45:03, 1174.70, 28.79, 31.38, 26.453, 206, 207, 373, 919, 2003, 2808, 3761, 4090, 7218, 557, 0, 0, 42, 37, 52, 121, 390, 600, 807, 808, 1275, 112, 0, 0
16:45:04, 1169.80, 28.79, 31.38, 26.477, 236, 242, 449, 1096, 2342, 3262, 4331, 4763, 8631, 668, 0, 0, 46, 40, 58, 135, 417, 638, 852, 855, 1353, 118, 0, 0
16:45:04, 1168.20, 28.79, 31.38, 26.492, 241, 250, 464, 1122, 2462, 3406, 4489, 4945, 9047, 705, 0, 0, 48, 42, 61, 143, 430, 654, 870, 874, 1398, 122, 0, 0
16:45:05, 1162.40, 28.80, 31.40, 26.492, 256, 265, 504, 1217, 2537, 3498, 4613, 5072, 9138, 710, 0, 0, 51, 45, 65, 152, 466, 703, 936, 940, 1478, 129, 0, 0
16:45:06, 1154.80, 28.79, 31.36, 26.500, 278, 291, 565, 1345, 2956, 4003, 5266, 5802, 10000, 772, 0, 0, 56, 49, 74, 173, 527, 784, 1037, 1042, 1657, 145, 0, 0
16:45:06, 1148.80, 28.80, 31.40, 26.516, 319, 342, 681, 1608, 3547, 4858, 6360, 7133, 13493, 1012, 0, 0, 61, 54, 82, 194, 573, 846, 1115, 1118, 1793, 157, 0, 0
16:45:07, 1143.70, 28.80, 31.38, 26.516, 338, 372, 738, 1695, 3345, 4547, 5752, 6639, 13249, 1059, 0, 0, 68, 60, 94, 223, 619, 904, 1183, 1190, 1947, 169, 0, 0
16:45:08, 1142.20, 28.80, 31.38, 26.539, 359, 397, 815, 1880, 3549, 4700, 6045, 6635, 12696, 979, 0, 0, 69, 61, 97, 230, 635, 924, 1207, 1214, 1965, 171, 0, 0
16:45:08, 1137.70, 28.80, 31.38, 26.594, 390, 437, 910, 2086, 3727, 4886, 6354, 6907, 12418, 942, 0, 0, 69, 61, 96, 229, 659, 958, 1249, 1255, 1976, 173, 0, 0
16:45:09, 1131.40, 28.80, 31.40, 26.594, 399, 452, 948, 2126, 4019, 5212, 6740, 7387, 12693, 970, 0, 0, 74, 67, 108, 256, 722, 1037, 1345, 1352, 2169, 189, 0, 0
16:45:10, 1123.10, 28.80, 31.34, 26.633, 450, 534, 1094, 2369, 4381, 5715, 7227, 8623, 15823, 1307, 0, 0, 86, 78, 130, 308, 827, 1171, 1510, 1514, 2461, 214, 0, 0
16:45:10, 1122.10, 28.80, 31.34, 26.695, 560, 675, 1440, 3035, 6037, 7852, 9932, 11101, 22271, 1640, 0, 0, 81, 75, 125, 296, 790, 1120, 1441, 1448, 2320, 202, 0, 0
16:45:11, 1119.70, 28.80, 31.38, 26.695, 432, 520, 1071, 2280, 4540, 5740, 7294, 8307, 12994, 1001, 0, 0, 87, 80, 134, 317, 813, 1149, 1473, 1482, 2327, 203, 0, 0
16:45:12, 1117.40, 28.80, 31.38, 26.742, 542, 671, 1458, 3092, 5750, 7245, 9418, 10149, 17305, 1275, 0, 0, 82, 76, 129, 303, 797, 1126, 1441, 1449, 2268, 198, 0, 0
16:45:12, 1107.20, 28.81, 31.36, 26.766, 597, 753, 1626, 3376, 7012, 8681, 11759, 12837, 20173, 1525, 0, 0, 89, 83, 144, 337, 884, 1229, 1564, 1572, 2511, 217, 0, 0
16:45:13, 1099.30, 28.81, 31.38, 26.766, 725, 979, 2063, 3951, 8099, 10385, 12420, 16790, 31213, 2701, 0, 0, 101, 96, 173, 401, 1014, 1384, 1754, 1764, 2922, 252, 0, 0
16:45:14, 1095.60, 28.81, 31.40, 26.789, 917, 1259, 2670, 4995, 8238, 10736, 12448, 15501, 33848, 2757, 0, 1, 108, 105, 193, 442, 1062, 1437, 1812, 1829, 3089, 266, 0, 0
16:45:14, 1091.00, 28.82, 31.38, 26.867, 908, 1297, 2864, 5434, 8844, 11005, 13324, 15252, 33600, 2545, 0, 1, 110, 107, 199, 454, 1081, 1453, 1827, 1845, 3126, 268, 0, 0
16:45:15, 1084.60, 28.82, 31.40, 26.867, 1026, 1531, 3248, 6178, 8537, 10897, 12538, 15351, 35990, 3058, 0, 1, 117, 118, 225, 501, 1174, 1557, 1950, 1973, 3458, 296, 0, 0
16:45:16, 1077.90, 28.84, 31.40, 26.953, 1025, 1556, 3131, 5597, 9114, 11577, 13337, 17257, 36000, 3794, 1, 1, 127, 130, 251, 554, 1226, 1613, 2011, 2035, 3516, 302, 0, 0
16:45:16, 1072.10, 28.85, 31.38, 27.047, 1203, 1941, 3883, 6515, 11294, 14909, 15609, 22347, 36000, 4810, 1, 1, 127, 132, 259, 565, 1230, 1609, 1995, 2019, 3368, 291, 0, 0
16:45:17, 1067.50, 28.87, 31.38, 27.047, 1859, 2718, 5920, 9531, 13940, 16498, 19495, 21760, 36000, 4059, 1, 1, 121, 127, 248, 541, 1180, 1547, 1904, 1921, 3083, 264, 0, 0
16:45:18, 1061.50, 28.88, 31.38, 27.094, 1971, 3617, 6746, 11577, 11558, 12935, 17331, 18482, 32907, 2909, 0, 1, 122, 130, 255, 551, 1164, 1524, 1866, 1875, 2922, 251, 0, 0
16:45:18, 1057.80, 28.89, 31.36, 27.125, 1263, 2243, 4342, 6965, 5781, 6456, 7936, 8547, 14290, 1248, 0, 0, 113, 121, 236, 510, 1091, 1433, 1751, 1757, 2685, 230, 0, 0
16:45:19, 1051.00, 28.91, 31.38, 27.125, 570, 959, 1787, 2755, 3665, 4122, 4927, 5430, 8221, 755, 0, 0, 118, 129, 255, 540, 1186, 1540, 1874, 1893, 2848, 244, 0, 0
16:45:20, 1042.80, 28.92, 31.38, 27.141, 654, 1129, 2015, 2973, 4405, 4889, 5851, 6397, 11236, 1123, 0, 0, 141, 161, 322, 661, 1394, 1782, 2157, 2183, 3330, 288, 0, 0
16:45:20, 1032.70, 28.93, 31.40, 27.164, 3520, 6841, 12463, 16245, 20266, 23060, 24766, 28589, 36000, 8736, 1, 1, 181, 224, 450, 877, 1715, 2138, 2568, 2620, 4328, 397, 0, 0
16:45:21, 1026.70, 28.94, 31.41, 27.164, 6311, 10576, 17593, 24430, 26704, 28244, 31016, 33322, 36000, 18162, 1, 1, 181, 236, 464, 871, 1620, 2016, 2407, 2462, 4070, 385, 0, 0
16:45:22, 1020.00, 28.94, 31.36, 27.180, 10242, 14097, 24463, 28020, 36000, 36000, 35920, 36000, 36000, 36000, 1, 1, 179, 237, 459, 844, 1532, 1890, 2263, 2296, 3803, 376, 0, 0
16:45:22, 1017.10, 28.95, 31.41, 27.203, 12505, 18607, 24846, 36000, 35993, 36000, 36000, 36000, 36000, 36000, 1, 1, 188, 251, 487, 889, 1589, 1949, 2331, 2373, 3849, 371, 0, 0
16:45:23, 1013.80, 28.95, 31.38, 27.203, 12570, 20146, 26452, 35999, 35194, 36000, 36000, 36000, 36000, 36000, 1, 1, 1075, 1691, 2512, 3321, 8419, 8948, 10856, 12356, 34850, 13975, 0, 1
16:45:24, 1013.10, 28.95, 31.36, 27.227, 14078, 17950, 30204, 34262, 36000, 36000, 36000, 36000, 36000, 36000, 1, 1, 3132, 5157, 6892, 9036, 20395, 22181, 26613, 31637, 36000, 36000, 1, 1
16:45:24, 1012.50, 28.90, 31.38, 27.203, 10380, 20186, 28291, 36000, 36000, 36000, 36000, 36000, 36000, 36000, 1, 1, 9000, 15417, 20785, 25377, 12287, 13181, 15841, 17380, 36000, 14429, 1, 1
16:45:25, 1013.60, 28.96, 31.36, 27.203, 7559, 13487, 19942, 25284, 4905, 5157, 6005, 6799, 17937, 7052, 0, 0, 6433, 10515, 14012, 17855, 32625, 34577, 36000, 36000, 36000, 36000, 1, 1
