Secchi Depth (cm) = 0130
Forel Ule Scale = 99
pH Colour Scale = 99
SensingSecchi S/N = A017
Latitude (degs N) = 33.91108
Longitude (degs E) = -78.01556
Date = 2026-06-25
Time (UTC), Pressure (mbar) MS5803, Temp (deg C) MS5803, Temp (deg C) 10KTHERM, Temp (deg C) TMP117, ED 415nm, ED 445nm, ED 480nm, ED 515nm, ED 555nm, ED 590nm, ED 630nm, ED 680nm, ED Clear, ED NIR, ED D-SAT, ED A-SAT, EU 415nm, EU 445nm, EU 480nm, EU 515nm, EU 555nm, EU 590nm, EU 630nm, EU 680nm, EU Clear, EU NIR, EU D-SAT, EU A-SAT
15:08:01, 1012.70, 27.05, 26.12, 28.844, 954, 1389, 1825, 1924, 1993, 1943, 2086, 2113, 10101, 2316, 0, 0, 2402, 3799, 4824, 5399, 5971, 6522, 7745, 9446, 32982, 16913, 0, 1
15:08:01, 1012.80, 27.07, 26.16, 28.844, 1431, 1856, 2605, 2803, 3025, 3248, 3356, 3733, 20218, 6747, 0, 0, 2684, 4200, 5315, 5968, 6450, 7173, 8758, 10808, 36000, 19378, 1, 1
15:08:02, 1012.60, 27.07, 26.14, 28.836, 1493, 1913, 2701, 2921, 3124, 3380, 3495, 3876, 21265, 7133, 0, 0, 2627, 4125, 5229, 5866, 6391, 7076, 8580, 10553, 35879, 18893, 0, 1
15:08:03, 1012.80, 27.07, 26.14, 28.836, 1504, 1924, 2719, 2941, 3111, 3370, 3473, 3866, 21152, 7095, 0, 0, 3001, 4671, 5917, 6700, 7636, 8568, 10507, 12899, 36000, 22765, 1, 1
15:08:03, 1012.70, 27.08, 26.12, 28.836, 1392, 1818, 2541, 2734, 2863, 3034, 3159, 3489, 18630, 6048, 0, 0, 3013, 4707, 5961, 6715, 7227, 8079, 9908, 12242, 36000, 21855, 1, 1
15:08:04, 1012.70, 27.08, 26.14, 28.836, 1430, 1857, 2593, 2808, 3080, 3316, 3426, 3801, 20761, 6914, 0, 0, 3228, 4994, 6342, 7223, 8375, 9700, 11682, 14366, 36000, 25406, 1, 1
15:08:05, 1012.80, 27.08, 26.18, 28.852, 1607, 2040, 2905, 3096, 3313, 3580, 3710, 4120, 23249, 7982, 0, 0, 3647, 5483, 6982, 8197, 8097, 9197, 11149, 13671, 36000, 23983, 1, 1
15:08:05, 1012.90, 27.09, 26.19, 28.852, 1358, 1786, 2483, 2666, 2784, 2937, 3070, 3347, 17846, 5693, 0, 0, 2978, 4647, 5876, 6610, 7200, 8051, 9893, 12262, 36000, 22113, 1, 1
15:08:06, 1012.80, 27.09, 26.19, 28.852, 1427, 1855, 2589, 2804, 3090, 3343, 3471, 3787, 20821, 6905, 0, 0, 3727, 5584, 7132, 8290, 9590, 11531, 13609, 16624, 36000, 28304, 1, 1
15:08:07, 1012.60, 27.09, 26.19, 28.867, 1623, 2057, 2927, 3117, 3385, 3623, 3751, 4201, 23853, 8278, 0, 0, 4366, 6532, 8285, 10132, 9040, 10645, 12747, 15299, 36000, 25888, 1, 1
15:08:07, 1013.00, 27.10, 26.21, 28.867, 1395, 1822, 2552, 2727, 2845, 3013, 3139, 3457, 18451, 5972, 0, 0, 2904, 4542, 5748, 6461, 6351, 7052, 8575, 10592, 35702, 19244, 0, 1
15:08:08, 1012.80, 27.10, 26.19, 28.906, 947, 1380, 1810, 1907, 1954, 1898, 2044, 2068, 9883, 2243, 0, 0, 1879, 2919, 3676, 4111, 3808, 4336, 5341, 6800, 24114, 13530, 0, 0
15:08:09, 1012.70, 27.11, 26.23, 28.914, 664, 980, 1262, 1356, 814, 859, 1139, 1300, 3741, 1325, 0, 0, 1203, 1762, 2149, 2423, 2745, 3243, 4169, 5542, 19348, 12412, 0, 0
15:08:09, 1012.90, 27.11, 26.25, 28.914, 780, 1148, 1500, 1568, 1802, 1726, 1899, 1919, 8746, 2034, 0, 0, 1920, 3023, 3875, 4324, 5146, 5547, 6627, 7900, 28976, 12824, 0, 0
15:08:10, 1012.70, 27.10, 26.25, 28.898, 878, 1300, 1674, 1832, 2468, 2613, 3136, 3536, 11785, 3178, 0, 0, 9001, 13708, 18132, 21697, 28471, 34171, 36000, 36000, 36000, 36000, 1, 1
15:08:11, 1012.80, 27.11, 26.23, 28.992, 2039, 2834, 4108, 4296, 5046, 5021, 6247, 7288, 30955, 14229, 0, 0, 9732, 15051, 20419, 24692, 35983, 36000, 36000, 36000, 36000, 36000, 1, 1
15:08:11, 1011.70, 27.07, 26.26, 28.992, 713, 1103, 1455, 1740, 1703, 1731, 2094, 2208, 10107, 2801, 0, 0, 36000, 36000, 36000, 36000, 36000, 36000, 36000, 36000, 36000, 36000, 1, 1
15:08:12, 1012.80, 27.12, 26.28, 29.031, 863, 1321, 1717, 1958, 2037, 2052, 2326, 2447, 10153, 2302, 0, 0, 24310, 32224, 35864, 36000, 36000, 36000, 36000, 36000, 36000, 36000, 1, 1
15:08:13, 1013.60, 27.12, 26.28, 29.016, 364, 580, 822, 1031, 844, 977, 1084, 1235, 4101, 1125, 0, 0, 19566, 30609, 36000, 36000, 36000, 36000, 36000, 36000, 36000, 36000, 1, 1
15:08:13, 1012.70, 27.13, 26.28, 29.016, 486, 776, 1100, 1371, 1548, 1507, 1722, 1697, 8671, 2093, 0, 0, 4238, 4582, 6295, 6904, 7092, 11924, 16291, 20843, 36000, 31744, 1, 1
15:08:14, 1012.90, 27.14, 26.28, 28.977, 798, 1259, 1625, 1868, 1938, 1940, 2178, 2253, 10194, 2314, 0, 0, 8169, 11849, 15693, 18050, 15000, 17902, 26189, 30468, 36000, 36000, 1, 1
15:08:15, 1012.20, 27.14, 26.32, 28.969, 847, 1328, 1711, 1933, 2008, 1997, 2277, 2335, 9842, 2160, 0, 0, 5126, 6342, 8766, 9483, 15665, 17058, 22588, 25998, 36000, 36000, 1, 1
15:08:15, 1012.30, 27.15, 26.30, 28.969, 715, 1138, 1482, 1753, 1861, 1874, 2132, 2214, 10575, 2616, 0, 0, 6713, 9445, 13040, 14470, 17127, 18042, 23734, 26153, 36000, 36000, 1, 1
15:08:16, 1012.80, 27.15, 26.30, 28.953, 775, 1254, 1651, 1971, 2203, 2245, 2601, 2782, 11364, 2976, 0, 0, 8748, 12403, 16896, 19053, 18452, 21703, 28356, 32679, 36000, 35955, 1, 1
15:08:16, 1012.50, 27.15, 26.32, 28.945, 7914, 14086, 17750, 23351, 13578, 13605, 13747, 18779, 33540, 28055, 0, 1, 2417, 3802, 5627, 7050, 8800, 7991, 8574, 7369, 17786, 2620, 0, 0
15:08:17, 1012.80, 27.16, 26.28, 28.945, 3838, 6267, 7334, 12864, 10007, 8047, 14180, 12004, 35965, 32580, 0, 1, 813, 1154, 1952, 2770, 4437, 4081, 3954, 3263, 8727, 1089, 0, 0
15:08:18, 1032.20, 27.16, 26.26, 28.914, 890, 1349, 1750, 1910, 1617, 1578, 1749, 1845, 6306, 1436, 0, 0, 349, 582, 1261, 2222, 2931, 2692, 2369, 1719, 5255, 378, 0, 0
15:08:18, 1019.10, 27.17, 26.30, 28.617, 564, 956, 1295, 1615, 1845, 1814, 2082, 1986, 7604, 923, 0, 0, 314, 517, 1123, 2010, 3390, 3090, 2785, 2031, 5769, 416, 0, 0
15:08:19, 1018.80, 27.19, 26.32, 28.617, 1180, 1920, 2401, 3237, 8944, 9192, 19747, 7806, 36000, 26749, 1, 1, 376, 611, 1313, 2275, 3317, 3014, 2649, 1952, 5444, 406, 0, 0
15:08:20, 1027.50, 27.20, 26.30, 28.422, 2018, 3607, 4487, 6798, 23802, 23253, 25816, 30891, 35983, 19881, 0, 1, 577, 974, 2026, 3352, 5046, 4722, 4456, 3651, 9205, 712, 0, 0
15:08:20, 1027.60, 27.22, 26.30, 28.312, 4029, 3478, 5042, 9385, 4881, 8581, 7575, 7802, 17522, 2248, 0, 0, 540, 908, 1903, 3190, 4281, 3967, 3642, 2890, 7298, 574, 0, 0
15:08:21, 1028.00, 27.23, 26.28, 28.312, 2651, 2143, 3381, 4935, 1789, 1777, 1844, 1915, 5975, 628, 0, 0, 374, 590, 1300, 2268, 3237, 2965, 2553, 1892, 5070, 369, 0, 0
15:08:22, 1036.60, 27.24, 26.26, 28.242, 991, 1659, 2254, 2549, 3419, 3222, 3695, 3902, 16039, 2152, 0, 0, 312, 505, 1088, 1894, 3098, 2838, 2469, 1832, 5287, 381, 0, 0
15:08:22, 1036.50, 27.25, 26.28, 28.219, 707, 1114, 1618, 1882, 1836, 1867, 1918, 1971, 5809, 483, 0, 0, 294, 464, 1067, 1943, 3109, 2845, 2435, 1748, 4869, 352, 0, 0
15:08:23, 1019.30, 27.26, 26.30, 28.219, 684, 1063, 1468, 1621, 1943, 1931, 2007, 2082, 7876, 942, 0, 0, 275, 428, 951, 1709, 3065, 2802, 2381, 1750, 4951, 362, 0, 0
15:08:24, 1027.30, 27.27, 26.28, 28.195, 952, 1429, 1932, 2066, 4551, 5258, 5439, 6657, 12758, 1607, 0, 0, 514, 860, 1794, 2992, 4903, 4579, 4264, 3474, 8659, 649, 0, 0
15:08:24, 1030.80, 27.28, 26.26, 28.195, 4944, 4125, 8533, 8037, 7713, 12327, 7307, 12440, 14084, 2270, 0, 0, 504, 835, 1761, 2972, 4202, 3920, 3541, 2818, 7104, 515, 0, 0
15:08:25, 1019.10, 27.29, 26.28, 28.187, 914, 1408, 1969, 2108, 2339, 2245, 2411, 2502, 8097, 946, 0, 0, 462, 755, 1582, 2659, 4044, 3746, 3346, 2652, 6732, 492, 0, 0
15:08:26, 1027.50, 27.30, 26.28, 28.180, 1123, 1756, 2330, 2590, 2671, 2635, 2897, 3087, 9782, 1357, 0, 0, 331, 535, 1145, 1970, 3300, 3022, 2646, 1994, 5858, 427, 0, 0
15:08:26, 1037.50, 27.31, 26.26, 28.180, 1056, 1631, 2359, 2698, 3550, 4643, 5007, 4740, 14608, 1279, 0, 0, 304, 497, 1083, 1909, 3248, 2986, 2682, 2032, 5399, 393, 0, 0
15:08:27, 1041.00, 27.32, 26.30, 28.180, 1938, 3010, 3637, 6639, 4821, 6359, 9125, 5906, 28580, 2667, 0, 0, 396, 667, 1427, 2453, 3630, 3358, 3052, 2335, 5842, 417, 0, 0
15:08:28, 1040.60, 27.33, 26.30, 28.164, 798, 1363, 1956, 2383, 2378, 2422, 2635, 2616, 8935, 719, 0, 0, 272, 438, 999, 1819, 3170, 2896, 2535, 1835, 4950, 355, 0, 0
15:08:28, 1034.40, 27.34, 26.28, 28.164, 595, 978, 1394, 1607, 1714, 1686, 1760, 1750, 6023, 489, 0, 0, 254, 399, 912, 1666, 2833, 2588, 2197, 1569, 4488, 324, 0, 0
15:08:29, 1039.10, 27.35, 26.30, 28.164, 695, 1124, 1574, 1738, 2047, 1989, 2104, 2134, 7490, 650, 0, 0, 288, 458, 1035, 1852, 3120, 2870, 2471, 1836, 5083, 367, 0, 0
15:08:30, 1039.80, 27.35, 26.28, 28.164, 669, 1112, 1600, 1811, 1920, 1845, 1946, 1957, 6401, 501, 0, 0, 287, 449, 1024, 1852, 2895, 2670, 2262, 1659, 4652, 337, 0, 0
15:08:30, 1034.40, 27.36, 26.28, 28.164, 653, 1068, 1515, 1689, 1841, 1752, 1852, 1871, 6247, 527, 0, 0, 274, 425, 967, 1756, 2878, 2656, 2236, 1630, 4660, 338, 0, 0
15:08:31, 1034.00, 27.36, 26.30, 28.156, 679, 1108, 1550, 1698, 1820, 1733, 1839, 1862, 6642, 602, 0, 0, 267, 419, 949, 1727, 2927, 2699, 2279, 1665, 4852, 351, 0, 0
15:08:32, 1030.40, 27.36, 26.28, 28.156, 691, 1130, 1565, 1710, 1945, 1813, 1971, 1989, 6947, 709, 0, 0, 260, 405, 907, 1651, 2822, 2608, 2197, 1614, 4825, 353, 0, 0
15:08:32, 1040.70, 27.37, 26.28, 28.156, 742, 1246, 1740, 1922, 2053, 1973, 2189, 2167, 7540, 641, 0, 0, 294, 468, 1046, 1875, 3057, 2844, 2431, 1813, 5398, 394, 0, 0
15:08:33, 1037.60, 27.38, 26.26, 28.156, 626, 1069, 1539, 1779, 1949, 1844, 2048, 1955, 6424, 491, 0, 0, 308, 485, 1086, 1966, 3197, 2982, 2566, 1925, 5733, 423, 0, 0
15:08:34, 1038.50, 27.38, 26.32, 28.164, 704, 1178, 1647, 1860, 2133, 2019, 2242, 2174, 7289, 629, 0, 0, 283, 450, 1000, 1802, 2809, 2598, 2207, 1620, 5334, 392, 0, 0
15:08:34, 1043.60, 27.38, 26.32, 28.164, 649, 1131, 1609, 1853, 2013, 1904, 2085, 2038, 6832, 520, 0, 0, 246, 386, 884, 1635, 2714, 2512, 2108, 1524, 4652, 339, 0, 0
15:08:35, 1040.00, 27.39, 26.26, 28.156, 574, 971, 1389, 1589, 1749, 1663, 1796, 1748, 5987, 457, 0, 0, 246, 383, 877, 1617, 2670, 2464, 2063, 1489, 4459, 324, 0, 0
15:08:36, 1032.80, 27.39, 26.32, 28.156, 578, 968, 1362, 1529, 1780, 1680, 1815, 1789, 6234, 525, 0, 0, 264, 412, 936, 1708, 2769, 2549, 2141, 1544, 4578, 332, 0, 0
15:08:36, 1030.50, 27.39, 26.32, 28.156, 710, 1159, 1612, 1779, 1980, 1892, 2050, 2034, 7231, 672, 0, 0, 267, 421, 944, 1700, 2748, 2525, 2129, 1546, 4576, 332, 0, 0
15:08:37, 1033.00, 27.39, 26.28, 28.156, 802, 1295, 1778, 1931, 2082, 1991, 2129, 2162, 7844, 757, 0, 0, 268, 426, 948, 1695, 2807, 2578, 2183, 1593, 4762, 344, 0, 0
15:08:38, 1030.80, 27.40, 26.32, 28.164, 703, 1135, 1576, 1741, 1886, 1801, 1933, 1934, 7017, 672, 0, 0, 265, 417, 935, 1688, 2762, 2536, 2137, 1546, 4566, 331, 0, 0
15:08:38, 1032.50, 27.40, 26.28, 28.164, 728, 1154, 1588, 1745, 1955, 1873, 2019, 2025, 7328, 756, 0, 0, 272, 429, 960, 1723, 2773, 2546, 2155, 1570, 4707, 341, 0, 0
15:08:39, 1030.40, 27.40, 26.32, 28.156, 760, 1266, 1763, 1991, 2072, 2009, 2198, 2156, 7519, 688, 0, 0, 276, 442, 987, 1770, 2850, 2616, 2214, 1613, 4819, 348, 0, 0
15:08:40, 1022.50, 27.41, 26.28, 28.164, 743, 1198, 1647, 1831, 1913, 1848, 2023, 2015, 7276, 828, 0, 0, 262, 411, 912, 1645, 2760, 2534, 2126, 1537, 4582, 334, 0, 0
15:08:40, 1028.80, 27.41, 26.30, 28.164, 788, 1215, 1650, 1801, 1923, 1877, 2035, 2068, 7251, 919, 0, 0, 267, 418, 937, 1688, 2668, 2451, 2052, 1474, 4383, 318, 0, 0
15:08:41, 1027.80, 27.41, 26.26, 28.156, 630, 1014, 1412, 1554, 1704, 1644, 1761, 1781, 5972, 575, 0, 0, 245, 380, 864, 1590, 2526, 2320, 1927, 1364, 4109, 298, 0, 0
15:08:42, 1020.50, 27.41, 26.32, 28.156, 869, 1349, 1812, 1928, 2066, 1998, 2131, 2207, 8407, 1225, 0, 0, 245, 388, 841, 1514, 2576, 2353, 1968, 1394, 4444, 325, 0, 0
15:08:42, 1019.50, 27.42, 26.34, 28.156, 906, 1437, 1936, 2084, 2172, 2100, 2311, 2323, 8044, 1080, 0, 0, 314, 493, 1068, 1883, 2887, 2663, 2253, 1643, 4995, 368, 0, 0
15:08:43, 1025.10, 27.42, 26.32, 28.156, 1105, 1733, 2305, 2459, 2789, 2676, 2943, 3048, 10336, 1717, 0, 0, 396, 639, 1353, 2308, 3570, 3324, 2941, 2300, 6586, 490, 0, 0
15:08:44, 1033.50, 27.42, 26.30, 28.156, 907, 1491, 2053, 2308, 2279, 2178, 2374, 2378, 7749, 692, 0, 0, 324, 518, 1139, 2006, 3074, 2849, 2438, 1825, 5494, 401, 0, 0
15:08:44, 1021.70, 27.43, 26.28, 28.156, 723, 1178, 1626, 1778, 1972, 1835, 1999, 2010, 7143, 729, 0, 0, 302, 472, 1042, 1882, 2974, 2746, 2326, 1697, 5183, 381, 0, 0
15:08:45, 1024.40, 27.43, 26.30, 28.156, 985, 1568, 2074, 2191, 2303, 2154, 2350, 2434, 8666, 1201, 0, 0, 306, 479, 1043, 1842, 3009, 2782, 2366, 1758, 5198, 381, 0, 0
15:08:46, 1033.90, 27.43, 26.32, 28.156, 958, 1627, 2194, 2424, 2420, 2343, 2552, 2646, 8868, 1002, 0, 0, 298, 470, 1039, 1844, 2943, 2726, 2312, 1714, 5099, 372, 0, 0
15:08:46, 1033.00, 27.43, 26.34, 28.156, 600, 978, 1391, 1555, 1662, 1548, 1685, 1651, 5829, 507, 0, 0, 258, 396, 915, 1714, 2823, 2602, 2174, 1537, 4530, 329, 0, 0
15:08:47, 1030.10, 27.44, 26.32, 28.148, 679, 1120, 1540, 1705, 2033, 1908, 2102, 2070, 7419, 717, 0, 0, 259, 413, 915, 1649, 2814, 2585, 2187, 1592, 5363, 391, 0, 0
15:08:48, 1029.90, 27.44, 26.37, 28.156, 816, 1366, 1882, 2119, 2262, 2181, 2406, 2372, 8833, 888, 0, 0, 273, 439, 964, 1720, 2754, 2528, 2131, 1545, 4992, 363, 0, 0
15:08:48, 1032.00, 27.44, 26.34, 28.156, 797, 1306, 1790, 1954, 2188, 2060, 2238, 2259, 7875, 792, 0, 0, 305, 484, 1067, 1881, 3106, 2861, 2447, 1822, 5364, 390, 0, 0
15:08:49, 1036.70, 27.45, 26.28, 28.148, 768, 1281, 1775, 1954, 1935, 1828, 1971, 1959, 6669, 577, 0, 0, 237, 369, 841, 1552, 2589, 2381, 1984, 1413, 4329, 314, 0, 0
15:08:50, 1022.90, 27.45, 26.34, 28.148, 662, 1084, 1526, 1713, 1824, 1710, 1838, 1857, 6513, 624, 0, 0, 250, 387, 880, 1622, 2752, 2526, 2107, 1499, 4479, 325, 0, 0
15:08:50, 1026.20, 27.45, 26.34, 28.148, 860, 1329, 1767, 1871, 2011, 1903, 2054, 2101, 8048, 1079, 0, 0, 288, 452, 996, 1778, 2935, 2694, 2270, 1653, 4892, 355, 0, 0
15:08:51, 1037.00, 27.45, 26.32, 28.156, 778, 1268, 1747, 1902, 2028, 1942, 2038, 2122, 7304, 691, 0, 0, 252, 392, 894, 1631, 2712, 2499, 2091, 1515, 4455, 323, 0, 0
15:08:52, 1032.10, 27.46, 26.30, 28.156, 604, 1003, 1435, 1612, 1763, 1653, 1796, 1772, 5952, 488, 0, 0, 240, 372, 855, 1589, 2622, 2412, 2008, 1421, 4458, 325, 0, 0
15:08:52, 1024.80, 27.46, 26.34, 28.156, 721, 1187, 1621, 1787, 2089, 1948, 2153, 2147, 7583, 786, 0, 0, 261, 414, 913, 1653, 2822, 2598, 2186, 1581, 5141, 378, 0, 0
15:08:53, 1026.00, 27.46, 26.30, 28.156, 915, 1506, 2021, 2246, 2554, 2397, 2700, 2696, 9073, 1034, 0, 0, 315, 507, 1089, 1907, 3057, 2830, 2436, 1825, 6147, 457, 0, 0
15:08:54, 1028.30, 27.47, 26.30, 28.156, 960, 1614, 2146, 2429, 2576, 2456, 2746, 2709, 9166, 948, 0, 0, 301, 484, 1040, 1823, 3108, 2882, 2492, 1875, 6339, 471, 0, 0
15:08:54, 1023.10, 27.47, 26.35, 28.156, 839, 1395, 1897, 2137, 2594, 2512, 2818, 2844, 9788, 1140, 0, 0, 372, 604, 1295, 2257, 3164, 2930, 2521, 1885, 6359, 473, 0, 0
15:08:55, 1017.70, 27.47, 26.35, 28.164, 953, 1589, 2090, 2311, 2434, 2305, 2592, 2567, 9151, 1137, 0, 0, 343, 554, 1165, 2010, 3143, 2905, 2490, 1873, 6084, 452, 0, 0
15:08:56, 1026.60, 27.47, 26.34, 28.164, 1239, 1983, 2589, 2781, 2110, 2003, 2209, 2260, 7172, 1222, 0, 0, 346, 549, 1176, 2023, 2961, 2726, 2326, 1736, 5210, 383, 0, 0
15:08:56, 1031.50, 27.47, 26.34, 28.156, 725, 1156, 1624, 1807, 2095, 2046, 2249, 2232, 7267, 669, 0, 0, 339, 544, 1202, 2102, 3094, 2848, 2439, 1821, 5107, 370, 0, 0
15:08:57, 1023.50, 27.48, 26.34, 28.164, 759, 1203, 1668, 1857, 2142, 2083, 2233, 2264, 7713, 786, 0, 0, 285, 451, 992, 1750, 2746, 2514, 2115, 1536, 4598, 335, 0, 0
15:08:58, 1025.90, 27.48, 26.35, 28.164, 926, 1427, 1921, 2044, 2128, 2090, 2189, 2300, 8558, 1095, 0, 0, 285, 450, 992, 1748, 2914, 2663, 2272, 1662, 4742, 344, 0, 0
15:08:58, 1023.40, 27.48, 26.35, 28.156, 878, 1346, 1828, 1986, 2067, 2054, 2135, 2252, 8136, 1126, 0, 0, 325, 512, 1132, 1990, 3233, 2956, 2567, 1896, 5058, 371, 0, 0
15:08:59, 1021.70, 27.48, 26.37, 28.164, 908, 1443, 1951, 2200, 2135, 2105, 2290, 2315, 7983, 898, 0, 0, 299, 473, 1048, 1843, 3020, 2760, 2363, 1721, 4795, 350, 0, 0
15:09:00, 1019.60, 27.49, 26.35, 28.164, 1026, 1563, 2072, 2199, 2478, 2442, 2563, 2730, 10311, 1875, 0, 0, 331, 523, 1128, 1941, 3222, 2955, 2547, 1918, 5248, 386, 0, 0
15:09:00, 1029.90, 27.49, 26.35, 28.156, 960, 1544, 2063, 2296, 2131, 2067, 2219, 2293, 7803, 892, 0, 0, 334, 530, 1166, 2033, 3250, 2994, 2588, 1949, 5199, 379, 0, 0
15:09:01, 1023.50, 27.49, 26.37, 28.156, 792, 1257, 1751, 1918, 1970, 1903, 2014, 2074, 7081, 736, 0, 0, 298, 458, 1030, 1848, 2899, 2674, 2243, 1622, 4677, 342, 0, 0
15:09:02, 1018.00, 27.49, 26.37, 28.156, 871, 1343, 1810, 1902, 2184, 2082, 2230, 2331, 8529, 1227, 0, 0, 290, 455, 995, 1766, 2996, 2755, 2325, 1707, 5005, 368, 0, 0
15:09:02, 1027.00, 27.49, 26.35, 28.156, 961, 1486, 1976, 2111, 2390, 2324, 2519, 2604, 8901, 1265, 0, 0, 360, 575, 1250, 2157, 3203, 2949, 2535, 1908, 5406, 395, 0, 0
15:09:03, 1020.10, 27.50, 26.37, 28.164, 751, 1212, 1682, 1836, 1995, 1908, 2050, 2079, 7156, 723, 0, 0, 288, 447, 994, 1772, 2930, 2701, 2272, 1658, 4744, 347, 0, 0
15:09:03, 1020.40, 27.50, 26.39, 28.164, 1108, 1703, 2250, 2351, 2506, 2385, 2584, 2705, 10023, 2023, 0, 0, 329, 521, 1132, 1976, 3057, 2803, 2373, 1745, 5323, 389, 0, 0
15:09:04, 1017.50, 27.51, 26.37, 28.164, 796, 1275, 1717, 1901, 2034, 1920, 2142, 2133, 7861, 979, 0, 0, 274, 429, 947, 1711, 2801, 2571, 2148, 1540, 4811, 354, 0, 0
15:09:05, 1029.40, 27.51, 26.37, 28.164, 1054, 1657, 2167, 2318, 1895, 1808, 2014, 2003, 7040, 1073, 0, 0, 328, 523, 1131, 1991, 3084, 2854, 2437, 1814, 5696, 419, 0, 0
15:09:05, 1034.40, 27.51, 26.35, 28.164, 604, 1044, 1464, 1647, 1763, 1647, 1828, 1758, 6050, 467, 0, 0, 242, 382, 873, 1620, 2725, 2515, 2103, 1506, 5032, 369, 0, 0
15:09:06, 1022.70, 27.51, 26.37, 28.156, 671, 1133, 1535, 1736, 1919, 1814, 2059, 1966, 7262, 722, 0, 0, 251, 395, 879, 1623, 2626, 2393, 1996, 1394, 4828, 357, 0, 0
15:09:07, 1029.80, 27.52, 26.37, 28.164, 813, 1349, 1778, 2000, 2228, 2081, 2373, 2284, 7652, 790, 0, 0, 271, 430, 954, 1754, 3034, 2802, 2403, 1749, 6301, 474, 0, 0
15:09:07, 1030.60, 27.52, 26.35, 28.164, 751, 1258, 1742, 1967, 2098, 2003, 2215, 2143, 7355, 611, 0, 0, 221, 347, 785, 1468, 2509, 2294, 1911, 1336, 4933, 370, 0, 0
15:09:08, 1028.30, 27.53, 26.37, 28.156, 791, 1331, 1788, 2036, 2203, 2118, 2345, 2293, 7740, 741, 0, 0, 242, 382, 857, 1591, 2746, 2515, 2123, 1505, 5780, 441, 0, 0
15:09:09, 1027.50, 27.53, 26.39, 28.164, 759, 1271, 1771, 2014, 2228, 2190, 2353, 2337, 8847, 769, 0, 0, 251, 401, 900, 1658, 2668, 2438, 2043, 1439, 5501, 414, 0, 0
15:09:09, 1017.60, 27.53, 26.37, 28.164, 950, 1561, 2088, 2344, 2574, 2550, 2753, 2803, 10586, 1402, 0, 0, 272, 436, 938, 1683, 2780, 2540, 2161, 1543, 6033, 463, 0, 0
15:09:10, 1031.20, 27.53, 26.37, 28.164, 951, 1546, 2032, 2231, 2576, 2559, 2803, 2825, 10300, 1294, 0, 0, 350, 577, 1225, 2132, 3211, 2968, 2603, 1951, 7780, 607, 0, 0
15:09:11, 1031.60, 27.54, 26.39, 28.172, 779, 1330, 1859, 2182, 2151, 2097, 2329, 2234, 8204, 659, 0, 0, 285, 456, 1020, 1868, 2882, 2648, 2257, 1614, 6260, 487, 0, 0
15:09:11, 1021.70, 27.54, 26.37, 28.172, 787, 1307, 1771, 2013, 2266, 2227, 2443, 2447, 9644, 1024, 0, 0, 275, 440, 965, 1739, 2723, 2488, 2085, 1487, 5996, 461, 0, 0
15:09:12, 1032.40, 27.54, 26.39, 28.164, 1047, 1695, 2267, 2538, 2337, 2297, 2495, 2509, 9729, 1035, 0, 0, 255, 406, 901, 1634, 2735, 2508, 2113, 1515, 6260, 482, 0, 0
15:09:13, 1050.30, 27.54, 26.41, 28.164, 690, 1178, 1674, 1926, 1971, 1977, 2035, 2130, 9237, 713, 0, 0, 272, 434, 988, 1804, 2799, 2592, 2209, 1607, 6597, 516, 0, 0
15:09:13, 1045.90, 27.55, 26.41, 28.172, 518, 900, 1339, 1563, 1654, 1643, 1658, 1734, 7645, 562, 0, 0, 239, 370, 864, 1625, 2691, 2486, 2057, 1455, 5638, 433, 0, 0
15:09:14, 1048.20, 27.55, 26.39, 28.164, 519, 871, 1272, 1429, 1556, 1537, 1572, 1584, 6853, 508, 0, 0, 215, 331, 782, 1496, 2577, 2370, 1953, 1371, 5442, 413, 0, 0
15:09:15, 1065.90, 27.55, 26.39, 28.164, 326, 580, 884, 1106, 1301, 1292, 1332, 1290, 6505, 426, 0, 0, 192, 293, 712, 1385, 2391, 2209, 1808, 1260, 4923, 372, 0, 0
15:09:15, 1076.10, 27.55, 26.41, 28.164, 407, 748, 1163, 1486, 1763, 1780, 1847, 1802, 7514, 465, 0, 0, 192, 289, 710, 1396, 2463, 2280, 1887, 1325, 5161, 392, 0, 0
15:09:16, 1078.10, 27.55, 26.42, 28.172, 494, 943, 1551, 2108, 2297, 2308, 2512, 2360, 7898, 458, 0, 0, 187, 280, 701, 1400, 2503, 2314, 1916, 1330, 4866, 369, 0, 0
15:09:17, 1075.20, 27.55, 26.42, 28.172, 411, 766, 1250, 1702, 1969, 1939, 2191, 1954, 6196, 367, 0, 0, 195, 294, 730, 1456, 2557, 2358, 1969, 1369, 4941, 372, 0, 0
15:09:17, 1082.40, 27.56, 26.44, 28.172, 568, 1069, 1811, 2370, 3596, 3830, 3975, 4143, 9217, 558, 0, 0, 189, 289, 710, 1403, 2408, 2223, 1858, 1289, 4551, 339, 0, 0
15:09:18, 1079.20, 27.56, 26.39, 28.180, 421, 810, 1372, 1845, 2119, 2065, 2304, 2152, 5363, 311, 0, 0, 182, 269, 680, 1384, 2553, 2361, 1960, 1343, 4192, 309, 0, 0
15:09:19, 1077.70, 27.56, 26.42, 28.180, 400, 742, 1240, 1612, 2074, 2001, 2223, 2110, 5103, 308, 0, 0, 212, 320, 793, 1576, 2668, 2475, 2066, 1439, 4434, 324, 0, 0
15:09:19, 1091.60, 27.56, 26.42, 28.172, 728, 1461, 2373, 3278, 4555, 4265, 5113, 5392, 9006, 504, 0, 0, 183, 271, 686, 1390, 2490, 2308, 1906, 1307, 3973, 292, 0, 0
15:09:20, 1098.70, 27.56, 26.41, 28.172, 378, 745, 1290, 1779, 2104, 2073, 2288, 2138, 5148, 290, 0, 0, 166, 242, 623, 1285, 2284, 2117, 1737, 1179, 3665, 269, 0, 0
15:09:21, 1108.20, 27.56, 26.42, 28.172, 409, 842, 1534, 2079, 2955, 2847, 3135, 3131, 7495, 426, 0, 0, 153, 218, 572, 1207, 2237, 2078, 1693, 1141, 3568, 263, 0, 0
15:09:21, 1110.00, 27.57, 26.42, 28.172, 336, 671, 1246, 1794, 2521, 2440, 2652, 2575, 5198, 292, 0, 0, 160, 226, 598, 1263, 2298, 2134, 1751, 1184, 3640, 268, 0, 0
15:09:22, 1121.10, 27.57, 26.39, 28.172, 326, 645, 1186, 1676, 2060, 2043, 2155, 2000, 5825, 333, 0, 0, 144, 206, 542, 1145, 2072, 1926, 1569, 1060, 3552, 261, 0, 0
15:09:23, 1133.90, 27.57, 26.46, 28.172, 281, 566, 1109, 1645, 2170, 2139, 2272, 2060, 5114, 294, 0, 0, 132, 180, 492, 1075, 2009, 1872, 1514, 1008, 3216, 238, 0, 0
15:09:23, 1132.00, 27.58, 26.44, 28.172, 245, 488, 976, 1483, 2053, 2036, 2188, 1953, 4569, 259, 0, 0, 140, 192, 521, 1135, 2142, 1996, 1627, 1090, 3318, 245, 0, 0
15:09:24, 1131.30, 27.58, 26.44, 28.172, 231, 459, 895, 1346, 1812, 1793, 1896, 1679, 4031, 228, 0, 0, 142, 194, 528, 1148, 2081, 1937, 1571, 1046, 3271, 242, 0, 0
15:09:25, 1145.20, 27.58, 26.46, 28.172, 229, 446, 901, 1359, 1787, 1792, 1797, 1635, 4816, 281, 0, 0, 116, 156, 430, 954, 1832, 1710, 1370, 900, 2884, 213, 0, 0
15:09:25, 1155.60, 27.58, 26.46, 28.164, 182, 350, 712, 1090, 1495, 1497, 1497, 1340, 3429, 196, 0, 0, 110, 144, 402, 908, 1769, 1656, 1326, 867, 2761, 205, 0, 0
15:09:26, 1143.50, 27.58, 26.42, 28.164, 149, 281, 593, 938, 1345, 1334, 1328, 1170, 2608, 152, 0, 0, 133, 174, 485, 1091, 2084, 1950, 1588, 1050, 3198, 237, 0, 0
15:09:27, 1150.60, 27.59, 26.44, 28.164, 165, 316, 639, 977, 1309, 1290, 1293, 1133, 2782, 160, 0, 0, 123, 162, 453, 1015, 1839, 1720, 1379, 902, 2868, 213, 0, 0
15:09:27, 1172.50, 27.59, 26.44, 28.164, 148, 277, 583, 925, 1256, 1261, 1230, 1072, 2685, 157, 0, 0, 97, 122, 347, 804, 1537, 1443, 1142, 738, 2451, 183, 0, 0
15:09:28, 1170.60, 27.59, 26.41, 28.156, 119, 215, 477, 786, 1155, 1168, 1122, 968, 2420, 143, 0, 0, 98, 121, 346, 812, 1651, 1552, 1237, 799, 2579, 193, 0, 0
15:09:29, 1179.80, 27.60, 26.44, 28.156, 132, 240, 531, 876, 1313, 1318, 1307, 1131, 2621, 156, 0, 0, 96, 121, 344, 802, 1566, 1471, 1170, 761, 2439, 182, 0, 0
15:09:29, 1184.50, 27.60, 26.42, 28.156, 117, 202, 462, 776, 1142, 1147, 1112, 948, 2234, 135, 0, 0, 95, 117, 335, 786, 1543, 1450, 1155, 749, 2365, 176, 0, 0
15:09:30, 1195.10, 27.60, 26.42, 28.164, 141, 247, 559, 940, 1481, 1505, 1490, 1301, 2988, 181, 0, 0, 84, 103, 297, 704, 1370, 1288, 1011, 648, 2191, 163, 0, 0
15:09:31, 1203.10, 27.61, 26.42, 28.164, 109, 184, 436, 768, 1083, 1094, 1052, 877, 2016, 124, 0, 0, 80, 93, 272, 663, 1351, 1273, 1000, 636, 2046, 153, 0, 0
15:09:31, 1196.90, 27.61, 26.44, 28.148, 99, 168, 397, 699, 1112, 1104, 1088, 902, 2099, 129, 0, 0, 89, 107, 309, 740, 1477, 1391, 1109, 715, 2243, 167, 0, 0
15:09:32, 1214.00, 27.61, 26.46, 28.156, 121, 210, 494, 865, 1416, 1442, 1434, 1218, 2901, 177, 0, 0, 70, 82, 239, 585, 1154, 1086, 840, 527, 1835, 137, 0, 0
15:09:33, 1222.10, 27.61, 26.46, 28.156, 89, 145, 358, 668, 1044, 1063, 1028, 843, 1986, 123, 0, 0, 61, 67, 200, 506, 1081, 1018, 781, 484, 1653, 124, 0, 0
15:09:33, 1215.70, 27.62, 26.44, 28.148, 88, 147, 360, 673, 1146, 1143, 1147, 934, 2118, 132, 0, 0, 73, 84, 245, 606, 1265, 1192, 935, 593, 1921, 144, 0, 0
15:09:34, 1226.40, 27.62, 26.46, 28.148, 115, 198, 472, 863, 1459, 1491, 1479, 1263, 2781, 172, 0, 0, 64, 73, 215, 536, 1096, 1034, 798, 500, 1763, 132, 0, 0
15:09:35, 1238.10, 27.62, 26.44, 28.148, 98, 159, 395, 756, 1204, 1232, 1206, 985, 2315, 144, 0, 0, 56, 62, 182, 468, 985, 930, 710, 437, 1526, 114, 0, 0
15:09:35, 1246.70, 27.62, 26.46, 28.148, 89, 141, 355, 695, 1149, 1190, 1160, 948, 2203, 137, 0, 0, 51, 55, 164, 426, 932, 881, 668, 410, 1426, 107, 0, 0
15:09:36, 1244.00, 27.63, 26.46, 28.148, 84, 131, 332, 649, 1118, 1156, 1134, 934, 2094, 131, 0, 0, 54, 58, 173, 448, 977, 924, 704, 434, 1503, 113, 0, 0
15:09:37, 1260.00, 27.63, 26.44, 28.148, 87, 137, 347, 689, 1197, 1240, 1209, 963, 2264, 142, 0, 0, 46, 49, 145, 384, 833, 788, 591, 357, 1263, 95, 0, 0
15:09:37, 1267.40, 27.63, 26.46, 28.141, 66, 99, 256, 527, 950, 980, 942, 744, 1779, 112, 0, 0, 42, 43, 128, 346, 777, 735, 545, 327, 1179, 89, 0, 0
15:09:38, 1266.50, 27.63, 26.46, 28.141, 67, 98, 256, 533, 962, 991, 951, 748, 1799, 113, 0, 0, 43, 44, 132, 355, 807, 765, 571, 345, 1231, 93, 0, 0
15:09:39, 1272.40, 27.64, 26.48, 28.148, 79, 119, 308, 626, 1120, 1166, 1114, 902, 2116, 131, 0, 0, 42, 43, 130, 347, 763, 724, 537, 324, 1195, 90, 0, 0
15:09:39, 1282.10, 27.63, 26.50, 28.141, 69, 98, 259, 542, 924, 957, 899, 713, 1637, 103, 0, 0, 37, 37, 112, 309, 694, 657, 482, 284, 1046, 79, 0, 0
15:09:40, 1284.10, 27.63, 26.46, 28.141, 61, 85, 226, 484, 867, 900, 840, 656, 1583, 99, 0, 0, 35, 35, 106, 293, 683, 647, 475, 281, 1027, 78, 0, 0
15:09:41, 1288.70, 27.64, 26.50, 28.141, 68, 95, 250, 520, 940, 972, 910, 731, 1652, 103, 0, 0, 37, 37, 111, 304, 676, 641, 469, 279, 1040, 78, 0, 0
15:09:41, 1301.00, 27.64, 26.46, 28.141, 60, 82, 221, 480, 814, 846, 787, 607, 1443, 90, 0, 0, 31, 30, 89, 254, 586, 554, 398, 230, 861, 65, 0, 0
15:09:42, 1304.50, 27.64, 26.46, 28.141, 48, 64, 173, 384, 734, 760, 704, 535, 1301, 82, 0, 0, 29, 28, 83, 237, 571, 540, 388, 224, 845, 64, 0, 0
15:09:43, 1307.60, 27.64, 26.51, 28.141, 53, 72, 193, 421, 810, 836, 771, 597, 1456, 91, 0, 0, 30, 30, 89, 252, 585, 554, 400, 234, 899, 68, 0, 0
15:09:43, 1315.80, 27.64, 26.46, 28.148, 53, 71, 193, 428, 737, 763, 696, 529, 1307, 82, 0, 0, 28, 27, 80, 232, 543, 514, 367, 211, 800, 60, 0, 0
15:09:44, 1333.20, 27.65, 26.48, 28.148, 45, 60, 166, 377, 694, 713, 659, 491, 1315, 83, 0, 0, 23, 22, 65, 191, 458, 435, 305, 171, 665, 50, 0, 0
15:09:45, 1338.00, 27.65, 26.50, 28.148, 36, 45, 125, 292, 581, 599, 540, 396, 1049, 66, 0, 0, 21, 19, 58, 173, 435, 412, 288, 162, 630, 47, 0, 0
15:09:45, 1341.70, 27.66, 26.46, 28.148, 38, 48, 132, 307, 598, 618, 557, 409, 1094, 69, 0, 0, 21, 19, 58, 173, 420, 399, 277, 155, 626, 47, 0, 0
15:09:46, 1350.50, 27.66, 26.48, 28.148, 33, 40, 109, 264, 491, 506, 439, 314, 851, 54, 0, 0, 19, 17, 50, 152, 380, 360, 247, 135, 535, 40, 0, 0
15:09:47, 1347.40, 27.66, 26.48, 28.141, 30, 36, 99, 240, 485, 501, 436, 313, 846, 54, 0, 0, 19, 17, 50, 153, 397, 376, 260, 144, 561, 42, 0, 0
15:09:47, 1352.40, 27.67, 26.48, 28.148, 34, 41, 114, 271, 561, 580, 519, 376, 1021, 64, 0, 0, 20, 18, 53, 160, 398, 378, 261, 146, 598, 45, 0, 0
15:09:48, 1370.10, 27.66, 26.50, 28.148, 32, 40, 110, 266, 478, 496, 431, 307, 857, 54, 0, 0, 16, 14, 43, 135, 334, 317, 215, 116, 474, 35, 0, 0
15:09:48, 1375.10, 27.67, 26.48, 28.141, 23, 27, 74, 187, 382, 396, 337, 233, 651, 41, 0, 0, 14, 12, 37, 117, 307, 291, 195, 105, 431, 32, 0, 0
15:09:49, 1365.90, 27.67, 26.50, 28.148, 24, 27, 76, 190, 396, 408, 346, 243, 661, 42, 0, 0, 16, 14, 42, 131, 341, 323, 220, 119, 476, 36, 0, 0
15:09:50, 1380.20, 27.67, 26.53, 28.148, 27, 32, 90, 224, 466, 480, 419, 295, 900, 57, 0, 0, 15, 13, 38, 120, 298, 283, 189, 102, 448, 33, 0, 0
15:09:50, 1398.10, 27.67, 26.51, 28.141, 20, 23, 63, 164, 329, 337, 280, 189, 561, 36, 0, 0, 11, 9, 28, 92, 246, 233, 153, 80, 338, 25, 0, 0
15:09:51, 1384.90, 27.68, 26.48, 28.148, 18, 20, 55, 145, 318, 325, 272, 182, 514, 33, 0, 0, 13, 11, 33, 106, 292, 277, 184, 98, 398, 30, 0, 0
15:09:52, 1397.30, 27.68, 26.48, 28.148, 21, 24, 68, 175, 371, 379, 324, 218, 615, 40, 0, 0, 12, 10, 31, 101, 261, 248, 164, 87, 386, 29, 0, 0
15:09:52, 1415.10, 27.69, 26.51, 28.148, 19, 21, 57, 152, 315, 322, 269, 178, 579, 38, 0, 0, 9, 8, 23, 77, 210, 199, 129, 67, 296, 22, 0, 0
15:09:53, 1399.60, 27.69, 26.51, 28.148, 16, 18, 49, 132, 299, 305, 254, 167, 494, 32, 0, 0, 11, 9, 27, 90, 251, 238, 156, 82, 344, 26, 0, 0
15:09:54, 1410.90, 27.70, 26.51, 28.148, 17, 20, 55, 147, 322, 327, 277, 181, 533, 34, 0, 0, 10, 8, 25, 84, 224, 212, 137, 71, 326, 24, 0, 0
15:09:54, 1433.80, 27.70, 26.50, 28.141, 16, 17, 48, 134, 285, 292, 244, 155, 534, 35, 0, 0, 8, 6, 19, 65, 181, 172, 109, 56, 252, 19, 0, 0
15:09:55, 1435.30, 27.70, 26.55, 28.141, 13, 15, 41, 113, 256, 262, 215, 137, 458, 30, 0, 0, 8, 6, 19, 63, 179, 170, 108, 55, 246, 18, 0, 0
15:09:56, 1447.40, 27.71, 26.53, 28.141, 13, 14, 38, 108, 242, 248, 202, 126, 440, 29, 0, 0, 7, 5, 16, 56, 158, 150, 94, 47, 224, 16, 0, 0
15:09:56, 1463.20, 27.71, 26.53, 28.141, 11, 12, 31, 91, 206, 209, 167, 104, 358, 23, 0, 0, 6, 4, 13, 47, 137, 130, 80, 39, 186, 14, 0, 0
15:09:57, 1472.20, 27.71, 26.53, 28.148, 9, 10, 27, 78, 182, 185, 146, 89, 307, 20, 0, 0, 5, 4, 12, 42, 123, 117, 71, 35, 167, 12, 0, 0
15:09:58, 1476.80, 27.70, 26.53, 28.148, 8, 8, 22, 66, 158, 161, 124, 74, 260, 17, 0, 0, 4, 3, 10, 37, 115, 109, 65, 32, 152, 11, 0, 0
15:09:58, 1477.90, 27.70, 26.55, 28.141, 8, 8, 22, 65, 161, 164, 126, 76, 268, 18, 0, 0, 5, 3, 10, 38, 115, 110, 66, 32, 157, 11, 0, 0
15:09:59, 1496.20, 27.70, 26.51, 28.148, 8, 8, 21, 63, 147, 150, 114, 68, 249, 16, 0, 0, 4, 3, 9, 33, 100, 95, 56, 27, 131, 9, 0, 0
15:10:00, 1505.00, 27.70, 26.53, 28.148, 6, 6, 16, 50, 122, 125, 93, 55, 198, 13, 0, 0, 3, 2, 7, 28, 90, 86, 50, 24, 119, 8, 0, 0
15:10:00, 1506.10, 27.70, 26.53, 28.141, 6, 6, 15, 48, 123, 126, 94, 55, 198, 13, 0, 0, 3, 2, 7, 29, 90, 86, 50, 24, 119, 8, 0, 0
15:10:01, 1521.80, 27.70, 26.55, 28.141, 6, 6, 14, 46, 113, 116, 86, 50, 198, 13, 0, 0, 3, 2, 6, 25, 77, 74, 43, 20, 102, 7, 0, 0
15:10:02, 1525.00, 27.70, 26.55, 28.141, 5, 5, 11, 37, 97, 100, 73, 41, 160, 11, 0, 0, 2, 2, 5, 22, 73, 70, 40, 19, 95, 7, 0, 0
15:10:02, 1527.30, 27.71, 26.51, 28.141, 5, 5, 11, 38, 99, 101, 73, 42, 156, 10, 0, 0, 3, 2, 6, 22, 72, 69, 40, 18, 95, 7, 0, 0
15:10:03, 1543.20, 27.71, 26.55, 28.141, 4, 4, 10, 34, 88, 90, 64, 36, 150, 10, 0, 0, 2, 1, 5, 19, 63, 61, 35, 16, 82, 6, 0, 0
15:10:04, 1546.90, 27.71, 26.53, 28.141, 4, 4, 9, 31, 84, 86, 61, 34, 137, 9, 0, 0, 2, 1, 5, 18, 62, 60, 34, 16, 81, 5, 0, 0
15:10:04, 1553.70, 27.71, 26.55, 28.141, 4, 4, 9, 31, 83, 85, 60, 33, 135, 9, 0, 0, 2, 1, 4, 17, 58, 56, 32, 15, 77, 5, 0, 0
15:10:05, 1560.50, 27.71, 26.53, 28.141, 3, 3, 8, 27, 73, 74, 52, 28, 116, 8, 0, 0, 2, 1, 4, 16, 54, 52, 29, 13, 70, 5, 0, 0
15:10:06, 1569.10, 27.71, 26.55, 28.141, 3, 3, 7, 25, 70, 71, 49, 27, 111, 7, 0, 0, 2, 1, 3, 15, 50, 48, 27, 12, 66, 4, 0, 0
15:10:06, 1576.20, 27.71, 26.55, 28.148, 3, 3, 6, 23, 62, 64, 44, 23, 98, 7, 0, 0, 1, 1, 3, 13, 47, 45, 26, 11, 61, 4, 0, 0
15:10:07, 1574.40, 27.71, 26.55, 28.148, 3, 3, 6, 22, 63, 64, 44, 24, 98, 7, 0, 0, 1, 1, 3, 14, 48, 46, 26, 12, 63, 4, 0, 0
15:10:08, 1587.90, 27.71, 26.55, 28.141, 3, 3, 6, 22, 60, 61, 42, 22, 98, 7, 0, 0, 1, 1, 3, 12, 44, 42, 24, 11, 58, 4, 0, 0
15:10:08, 1593.40, 27.71, 26.55, 28.141, 2, 2, 5, 18, 52, 54, 36, 19, 81, 6, 0, 0, 1, 1, 2, 11, 41, 40, 23, 10, 54, 3, 0, 0
15:10:09, 1599.70, 27.71, 26.53, 28.141, 2, 2, 5, 18, 52, 53, 35, 18, 78, 5, 0, 0, 1, 1, 2, 11, 39, 38, 22, 10, 51, 3, 0, 0
15:10:10, 1613.50, 27.71, 26.55, 28.148, 2, 2, 4, 15, 42, 43, 28, 14, 68, 5, 0, 0, 1, 0, 2, 9, 35, 34, 19, 9, 45, 3, 0, 0
15:10:10, 1606.40, 27.72, 26.55, 28.148, 2, 2, 4, 14, 43, 44, 29, 15, 63, 4, 0, 0, 1, 0, 2, 10, 38, 37, 21, 9, 49, 3, 0, 0
15:10:11, 1615.90, 27.72, 26.55, 28.148, 2, 2, 4, 16, 46, 47, 31, 16, 71, 5, 0, 0, 1, 0, 2, 10, 36, 35, 20, 9, 47, 3, 0, 0
15:10:12, 1637.90, 27.72, 26.57, 28.148, 1, 2, 3, 12, 36, 37, 23, 12, 56, 4, 0, 0, 1, 0, 2, 8, 30, 30, 17, 8, 40, 2, 0, 0
15:10:12, 1632.90, 27.73, 26.57, 28.148, 1, 1, 2, 10, 33, 34, 21, 11, 50, 4, 0, 0, 1, 0, 2, 8, 30, 30, 17, 8, 40, 2, 0, 0
15:10:13, 1641.90, 27.73, 26.55, 28.148, 1, 1, 3, 11, 34, 35, 22, 11, 51, 4, 0, 0, 1, 0, 2, 8, 30, 30, 17, 8, 40, 2, 0, 0
15:10:14, 1655.60, 27.73, 26.55, 28.141, 1, 1, 2, 9, 29, 30, 19, 9, 44, 3, 0, 0, 1, 0, 1, 7, 27, 27, 16, 7, 37, 2, 0, 0
15:10:14, 1665.40, 27.73, 26.60, 28.141, 1, 1, 2, 8, 27, 28, 17, 8, 41, 3, 0, 0, 0, 0, 1, 7, 25, 26, 16, 7, 35, 2, 0, 0
15:10:15, 1667.20, 27.74, 26.58, 28.141, 1, 1, 1, 7, 24, 25, 15, 7, 35, 3, 0, 0, 0, 0, 1, 6, 26, 27, 16, 8, 37, 2, 0, 0
15:10:16, 1666.90, 27.74, 26.60, 28.141, 1, 1, 2, 7, 24, 25, 15, 7, 35, 3, 0, 0, 0, 0, 1, 7, 25, 26, 16, 8, 35, 2, 0, 0
15:10:16, 1676.30, 27.74, 26.58, 28.148, 1, 1, 1, 7, 24, 24, 15, 7, 38, 3, 0, 0, 0, 0, 1, 6, 22, 24, 15, 7, 33, 2, 0, 0
15:10:17, 1680.50, 27.74, 26.60, 28.148, 1, 1, 1, 6, 20, 21, 12, 6, 28, 2, 0, 0, 0, 0, 1, 4, 18, 18, 12, 5, 26, 1, 0, 0
15:10:18, 1675.90, 27.74, 26.58, 28.141, 1, 1, 1, 6, 20, 20, 12, 5, 27, 2, 0, 0, 0, 0, 1, 5, 22, 23, 15, 7, 31, 2, 0, 0
15:10:18, 1683.20, 27.75, 26.55, 28.148, 1, 1, 1, 6, 21, 22, 13, 6, 34, 3, 0, 0, 0, 0, 1, 5, 20, 21, 13, 6, 32, 2, 0, 0
15:10:19, 1689.00, 27.75, 26.58, 28.148, 1, 1, 1, 6, 19, 20, 11, 5, 31, 2, 0, 0, 0, 0, 1, 4, 12, 14, 9, 4, 24, 1, 0, 0
15:10:20, 1687.20, 27.75, 26.58, 28.141, 0, 1, 1, 4, 14, 15, 8, 4, 19, 2, 0, 0, 0, 0, 1, 4, 18, 19, 13, 6, 28, 2, 0, 0
15:10:20, 1695.50, 27.76, 26.62, 28.141, 0, 1, 1, 4, 16, 17, 10, 4, 22, 2, 0, 0, 0, 0, 0, 3, 12, 13, 8, 4, 21, 1, 0, 0
15:10:21, 1689.80, 27.76, 26.57, 28.141, 0, 1, 1, 5, 19, 19, 11, 5, 27, 2, 0, 0, 0, 0, 0, 2, 12, 12, 8, 3, 17, 1, 0, 0
15:10:22, 1688.80, 27.77, 26.58, 28.141, 0, 1, 0, 3, 14, 15, 8, 4, 21, 2, 0, 0, 0, 0, 1, 4, 20, 21, 13, 6, 30, 2, 0, 0
15:10:22, 1688.60, 27.77, 26.60, 28.148, 0, 1, 0, 2, 6, 7, 3, 1, 7, 1, 0, 0, 0, 0, 1, 7, 21, 22, 14, 6, 29, 1, 0, 0
15:10:23, 1692.10, 27.77, 26.60, 28.148, 0, 1, 1, 5, 17, 18, 11, 5, 26, 2, 0, 0, 0, 0, 0, 2, 7, 8, 5, 2, 13, 0, 0, 0
15:10:24, 1695.90, 27.78, 26.58, 28.141, 0, 0, 0, 1, 6, 7, 3, 1, 8, 1, 0, 0, 0, 0, 1, 5, 8, 9, 6, 3, 15, 0, 0, 0
15:10:24, 1693.30, 27.78, 26.57, 28.141, 0, 1, 1, 5, 17, 18, 11, 5, 24, 2, 0, 0, 0, 0, 0, 1, 11, 12, 8, 3, 17, 1, 0, 0
15:10:25, 1697.30, 27.78, 26.57, 28.141, 0, 0, 0, 2, 13, 14, 8, 3, 18, 2, 0, 0, 0, 0, 0, 3, 7, 8, 5, 2, 14, 0, 0, 0
15:10:26, 1692.30, 27.78, 26.60, 28.141, 0, 0, 0, 1, 3, 4, 2, 0, 4, 1, 0, 0, 1, 1, 2, 11, 44, 45, 27, 12, 59, 4, 0, 0
15:10:26, 1694.90, 27.78, 26.62, 28.141, 0, 1, 0, 2, 14, 15, 8, 4, 25, 2, 0, 0, 0, 0, 1, 5, 27, 28, 17, 8, 40, 2, 0, 0
15:10:27, 1697.20, 27.79, 26.60, 28.141, 0, 1, 0, 2, 8, 9, 5, 2, 11, 1, 0, 0, 1, 0, 1, 7, 28, 29, 17, 8, 39, 2, 0, 0
15:10:28, 1699.60, 27.79, 26.62, 28.141, 0, 0, 0, 1, 10, 11, 5, 2, 13, 1, 0, 0, 0, 0, 0, 1, 7, 8, 5, 2, 12, 0, 0, 0
15:10:28, 1701.00, 27.79, 26.64, 28.141, 0, 0, 0, 2, 6, 7, 3, 1, 6, 1, 0, 0, 0, 0, 1, 5, 18, 18, 11, 5, 20, 1, 0, 0
15:10:29, 1698.10, 27.79, 26.60, 28.141, 0, 0, 0, 2, 7, 7, 4, 1, 7, 1, 0, 0, 0, 0, 1, 4, 14, 15, 9, 4, 15, 0, 0, 0
15:10:30, 1699.10, 27.80, 26.62, 28.141, 0, 0, 0, 1, 4, 5, 2, 1, 6, 1, 0, 0, 0, 0, 1, 6, 14, 16, 10, 5, 26, 1, 0, 0
15:10:30, 1692.20, 27.80, 26.64, 28.141, 0, 0, 0, 1, 3, 4, 2, 0, 5, 1, 0, 0, 2, 1, 4, 17, 67, 67, 38, 17, 95, 7, 0, 0
15:10:31, 1689.50, 27.80, 26.62, 28.148, 0, 0, 0, 0, 1, 2, 0, 0, 2, 0, 0, 0, 8, 6, 15, 58, 98, 98, 56, 25, 132, 9, 0, 0
15:10:32, 1691.70, 27.80, 26.64, 28.141, 0, 1, 1, 4, 15, 15, 9, 4, 18, 2, 0, 0, 0, 0, 1, 4, 30, 31, 19, 8, 35, 2, 0, 0
15:10:32, 1689.40, 27.81, 26.62, 28.141, 0, 0, 0, 1, 4, 5, 2, 1, 5, 1, 0, 0, 1, 0, 2, 8, 41, 42, 25, 11, 52, 3, 0, 0
15:10:33, 1686.40, 27.81, 26.64, 28.148, 0, 0, 0, 1, 4, 5, 2, 1, 5, 1, 0, 0, 1, 1, 2, 10, 33, 33, 20, 9, 43, 3, 0, 0
15:10:34, 1686.00, 27.81, 26.64, 28.148, 0, 0, 0, 1, 3, 4, 2, 1, 4, 1, 0, 0, 1, 1, 2, 11, 29, 30, 19, 8, 36, 2, 0, 0
15:10:34, 1686.00, 27.81, 26.62, 28.148, 0, 0, 0, 0, 1, 2, 0, 0, 2, 0, 0, 0, 7, 5, 12, 48, 172, 171, 100, 48, 262, 20, 0, 0
15:10:35, 1679.60, 27.81, 26.62, 28.148, 0, 0, 0, 0, 1, 1, 0, 0, 1, 0, 0, 0, 12, 9, 23, 87, 184, 182, 109, 52, 268, 20, 0, 0
15:10:36, 1687.00, 27.81, 26.66, 28.141, 0, 1, 1, 4, 14, 15, 8, 4, 19, 2, 0, 0, 0, 0, 1, 5, 16, 17, 11, 5, 19, 1, 0, 0
15:10:36, 1691.30, 27.81, 26.64, 28.141, 0, 0, 0, 2, 13, 14, 8, 3, 22, 2, 0, 0, 0, 0, 1, 4, 13, 14, 9, 4, 24, 1, 0, 0
15:10:37, 1681.90, 27.82, 26.64, 28.141, 0, 1, 0, 2, 6, 7, 3, 1, 10, 1, 0, 0, 1, 0, 2, 8, 26, 27, 17, 8, 40, 2, 0, 0
15:10:38, 1686.30, 27.82, 26.64, 28.141, 0, 1, 0, 2, 10, 11, 6, 2, 15, 1, 0, 0, 0, 0, 1, 4, 14, 15, 10, 5, 25, 1, 0, 0
15:10:38, 1684.60, 27.82, 26.64, 28.141, 0, 1, 0, 3, 10, 11, 6, 3, 14, 1, 0, 0, 0, 0, 1, 5, 27, 29, 18, 8, 42, 3, 0, 0
15:10:39, 1685.80, 27.82, 26.64, 28.141, 0, 1, 1, 5, 14, 15, 9, 4, 28, 2, 0, 0, 0, 0, 1, 6, 25, 26, 16, 8, 39, 2, 0, 0
15:10:40, 1680.70, 27.83, 26.66, 28.148, 0, 1, 1, 4, 14, 15, 9, 4, 26, 2, 0, 0, 0, 0, 1, 6, 24, 25, 15, 7, 36, 2, 0, 0
15:10:40, 1687.40, 27.83, 26.67, 28.148, 1, 1, 1, 5, 20, 21, 12, 6, 29, 2, 0, 0, 0, 0, 1, 4, 20, 21, 13, 6, 31, 2, 0, 0
15:10:41, 1688.20, 27.83, 26.66, 28.141, 1, 1, 1, 6, 19, 20, 12, 5, 29, 2, 0, 0, 0, 0, 0, 3, 7, 8, 5, 2, 11, 0, 0, 0
15:10:42, 1680.80, 27.83, 26.66, 28.141, 0, 0, 0, 2, 9, 10, 5, 2, 11, 1, 0, 0, 0, 0, 1, 3, 18, 19, 12, 6, 27, 1, 0, 0
15:10:42, 1679.10, 27.83, 26.67, 28.141, 0, 1, 1, 4, 14, 15, 8, 4, 17, 1, 0, 0, 0, 0, 1, 6, 23, 24, 15, 7, 30, 2, 0, 0
15:10:43, 1685.60, 27.83, 26.67, 28.141, 1, 1, 1, 6, 19, 20, 12, 5, 30, 2, 0, 0, 0, 0, 1, 5, 19, 20, 13, 6, 31, 2, 0, 0
15:10:44, 1679.30, 27.83, 26.66, 28.148, 1, 1, 1, 5, 18, 19, 11, 5, 27, 2, 0, 0, 0, 0, 1, 5, 22, 23, 14, 7, 30, 2, 0, 0
15:10:44, 1668.30, 27.83, 26.66, 28.148, 0, 1, 1, 4, 17, 18, 10, 5, 22, 2, 0, 0, 0, 0, 1, 7, 27, 28, 17, 8, 37, 2, 0, 0
15:10:45, 1673.90, 27.83, 26.67, 28.141, 1, 1, 1, 6, 22, 23, 13, 6, 31, 2, 0, 0, 0, 0, 1, 7, 24, 25, 16, 7, 34, 2, 0, 0
15:10:46, 1668.70, 27.83, 26.66, 28.148, 1, 1, 1, 7, 23, 24, 15, 7, 35, 3, 0, 0, 0, 0, 1, 6, 23, 24, 15, 7, 34, 2, 0, 0
15:10:46, 1659.20, 27.83, 26.66, 28.148, 1, 1, 1, 6, 21, 22, 13, 6, 30, 2, 0, 0, 0, 0, 1, 7, 28, 28, 17, 8, 38, 2, 0, 0
15:10:47, 1655.90, 27.83, 26.66, 28.141, 1, 1, 2, 8, 25, 26, 16, 8, 35, 3, 0, 0, 0, 0, 1, 7, 28, 28, 17, 8, 38, 2, 0, 0
15:10:47, 1646.60, 27.83, 26.64, 28.148, 1, 1, 2, 8, 26, 27, 16, 8, 37, 3, 0, 0, 1, 0, 2, 7, 28, 29, 17, 8, 38, 2, 0, 0
15:10:48, 1642.00, 27.83, 26.71, 28.148, 1, 1, 2, 9, 30, 31, 20, 10, 46, 3, 0, 0, 1, 0, 2, 8, 31, 31, 18, 8, 41, 2, 0, 0
15:10:49, 1632.40, 27.83, 26.73, 28.141, 1, 1, 2, 10, 32, 33, 21, 10, 51, 4, 0, 0, 1, 0, 2, 8, 31, 31, 18, 8, 42, 2, 0, 0
15:10:49, 1613.70, 27.83, 26.66, 28.156, 1, 1, 2, 10, 33, 34, 22, 11, 48, 3, 0, 0, 1, 0, 2, 9, 37, 36, 21, 9, 47, 3, 0, 0
15:10:50, 1610.30, 27.83, 26.66, 28.156, 1, 2, 3, 12, 38, 39, 25, 13, 53, 4, 0, 0, 1, 0, 2, 10, 37, 37, 21, 9, 48, 3, 0, 0
15:10:51, 1601.90, 27.84, 26.71, 28.141, 2, 2, 4, 14, 42, 43, 28, 14, 62, 4, 0, 0, 1, 0, 2, 10, 40, 39, 22, 10, 51, 3, 0, 0
15:10:51, 1593.50, 27.84, 26.66, 28.156, 2, 2, 3, 14, 42, 43, 28, 14, 59, 4, 0, 0, 1, 1, 3, 12, 43, 42, 24, 10, 55, 3, 0, 0
15:10:52, 1587.70, 27.84, 26.66, 28.156, 2, 2, 4, 17, 50, 51, 34, 18, 72, 5, 0, 0, 1, 1, 3, 12, 44, 43, 24, 11, 57, 4, 0, 0
15:10:53, 1580.50, 27.84, 26.69, 28.141, 2, 2, 5, 18, 52, 53, 36, 19, 76, 5, 0, 0, 1, 1, 3, 13, 48, 47, 27, 12, 62, 4, 0, 0
15:10:53, 1581.30, 27.84, 26.67, 28.148, 2, 3, 6, 21, 61, 62, 43, 23, 94, 6, 0, 0, 1, 1, 3, 13, 47, 46, 26, 11, 61, 4, 0, 0
15:10:54, 1568.80, 27.84, 26.73, 28.148, 2, 2, 5, 17, 50, 51, 34, 18, 71, 5, 0, 0, 2, 1, 4, 15, 55, 52, 30, 13, 69, 5, 0, 0
15:10:55, 1560.30, 27.84, 26.67, 28.141, 2, 3, 5, 20, 58, 60, 40, 21, 80, 6, 0, 0, 2, 1, 4, 17, 60, 57, 33, 15, 75, 5, 0, 0
15:10:55, 1563.60, 27.84, 26.66, 28.148, 3, 3, 7, 25, 72, 74, 52, 28, 112, 8, 0, 0, 2, 1, 4, 16, 57, 55, 31, 14, 78, 5, 0, 0
15:10:56, 1558.40, 27.85, 26.71, 28.148, 3, 3, 8, 28, 74, 76, 53, 29, 114, 8, 0, 0, 2, 1, 4, 17, 61, 59, 34, 15, 78, 5, 0, 0
15:10:57, 1551.70, 27.85, 26.69, 28.148, 3, 3, 7, 24, 68, 69, 48, 26, 98, 7, 0, 0, 2, 1, 4, 18, 64, 61, 35, 16, 81, 5, 0, 0
15:10:57, 1542.70, 27.85, 26.69, 28.148, 3, 3, 7, 25, 71, 73, 50, 27, 103, 7, 0, 0, 2, 2, 5, 21, 71, 68, 39, 18, 90, 6, 0, 0
15:10:58, 1543.30, 27.85, 26.67, 28.148, 4, 4, 8, 29, 80, 82, 58, 32, 116, 8, 0, 0, 3, 2, 5, 21, 70, 67, 39, 18, 91, 6, 0, 0
15:10:59, 1539.90, 27.85, 26.69, 28.148, 4, 4, 11, 36, 95, 97, 70, 38, 159, 11, 0, 0, 2, 1, 5, 21, 72, 69, 40, 18, 95, 7, 0, 0
15:10:59, 1531.10, 27.85, 26.73, 28.148, 4, 4, 9, 31, 82, 84, 59, 32, 126, 8, 0, 0, 3, 2, 6, 23, 77, 73, 42, 19, 101, 7, 0, 0
15:11:00, 1523.40, 27.85, 26.71, 28.148, 4, 4, 11, 35, 97, 99, 71, 39, 150, 10, 0, 0, 3, 2, 6, 24, 81, 77, 45, 21, 106, 7, 0, 0
15:11:01, 1514.60, 27.85, 26.73, 28.148, 5, 5, 13, 42, 111, 113, 82, 47, 172, 11, 0, 0, 3, 2, 7, 27, 90, 86, 50, 24, 118, 8, 0, 0
15:11:01, 1495.90, 27.85, 26.71, 28.148, 6, 6, 16, 50, 132, 135, 101, 58, 205, 13, 0, 0, 4, 3, 9, 34, 110, 104, 62, 30, 143, 10, 0, 0
15:11:02, 1488.90, 27.86, 26.73, 28.148, 7, 7, 19, 58, 148, 151, 113, 67, 223, 15, 0, 0, 5, 3, 10, 38, 117, 112, 67, 32, 154, 11, 0, 0
15:11:03, 1482.50, 27.86, 26.73, 28.148, 8, 8, 20, 63, 155, 159, 120, 70, 251, 16, 0, 0, 4, 3, 10, 37, 119, 113, 68, 32, 156, 11, 0, 0
15:11:03, 1460.90, 27.85, 26.74, 28.148, 8, 9, 23, 70, 175, 179, 137, 82, 277, 18, 0, 0, 6, 4, 13, 47, 151, 143, 88, 43, 198, 14, 0, 0
15:11:04, 1454.50, 27.86, 26.73, 28.148, 11, 12, 32, 91, 216, 221, 174, 108, 332, 22, 0, 0, 7, 6, 17, 60, 172, 163, 102, 51, 231, 17, 0, 0
15:11:05, 1454.90, 27.86, 26.74, 28.148, 12, 13, 35, 102, 228, 233, 184, 114, 378, 25, 0, 0, 7, 5, 16, 56, 165, 156, 97, 48, 219, 16, 0, 0
15:11:05, 1441.10, 27.86, 26.69, 28.148, 11, 12, 31, 91, 216, 221, 173, 107, 341, 22, 0, 0, 7, 6, 17, 60, 180, 171, 107, 53, 242, 18, 0, 0
15:11:06, 1431.60, 27.86, 26.73, 28.148, 13, 13, 36, 102, 240, 246, 195, 122, 377, 24, 0, 0, 9, 7, 20, 71, 205, 194, 123, 62, 272, 20, 0, 0
15:11:07, 1423.90, 27.87, 26.73, 28.156, 15, 15, 43, 119, 275, 282, 227, 146, 440, 29, 0, 0, 10, 8, 23, 78, 225, 213, 137, 70, 305, 23, 0, 0
15:11:07, 1421.30, 27.86, 26.74, 28.156, 17, 18, 49, 135, 307, 316, 257, 167, 527, 34, 0, 0, 10, 8, 25, 83, 229, 217, 139, 72, 324, 24, 0, 0
15:11:08, 1414.40, 27.86, 26.73, 28.148, 18, 20, 55, 153, 334, 341, 283, 182, 634, 41, 0, 0, 10, 8, 24, 82, 238, 226, 145, 74, 331, 24, 0, 0
15:11:09, 1401.90, 27.86, 26.73, 28.148, 16, 17, 48, 131, 288, 295, 241, 154, 535, 35, 0, 0, 12, 10, 30, 99, 277, 262, 172, 90, 394, 29, 0, 0
15:11:09, 1405.80, 27.86, 26.74, 28.148, 19, 22, 60, 161, 387, 396, 335, 221, 747, 49, 0, 0, 13, 10, 32, 102, 284, 270, 176, 94, 419, 31, 0, 0
15:11:10, 1396.10, 27.86, 26.74, 28.148, 21, 24, 66, 175, 335, 343, 287, 187, 629, 41, 0, 0, 13, 11, 32, 105, 292, 277, 183, 96, 421, 31, 0, 0
15:11:11, 1381.20, 27.87, 26.73, 28.148, 17, 19, 52, 140, 313, 321, 265, 171, 574, 38, 0, 0, 16, 13, 40, 129, 349, 330, 221, 117, 487, 37, 0, 0
15:11:11, 1382.10, 27.87, 26.74, 28.148, 23, 26, 71, 184, 435, 447, 382, 259, 776, 50, 0, 0, 15, 13, 39, 124, 327, 309, 205, 110, 473, 35, 0, 0
15:11:12, 1375.90, 27.87, 26.76, 28.156, 25, 28, 78, 201, 403, 415, 349, 237, 703, 46, 0, 0, 17, 14, 43, 137, 354, 335, 225, 121, 504, 38, 0, 0
15:11:13, 1369.50, 27.87, 26.76, 28.156, 27, 31, 85, 217, 446, 459, 391, 266, 797, 51, 0, 0, 18, 15, 45, 143, 370, 350, 235, 127, 523, 39, 0, 0
15:11:13, 1364.70, 27.87, 26.73, 28.156, 29, 34, 95, 238, 483, 497, 428, 296, 880, 57, 0, 0, 18, 16, 47, 148, 388, 366, 248, 134, 545, 41, 0, 0
15:11:14, 1363.90, 27.87, 26.76, 28.148, 31, 37, 102, 254, 537, 552, 483, 335, 1023, 66, 0, 0, 19, 17, 50, 154, 391, 370, 251, 137, 570, 42, 0, 0
15:11:15, 1362.60, 27.87, 26.73, 28.156, 32, 39, 109, 270, 539, 554, 490, 339, 1083, 70, 0, 0, 19, 16, 50, 154, 388, 367, 249, 136, 578, 43, 0, 0
15:11:15, 1355.50, 27.87, 26.78, 28.156, 28, 35, 96, 241, 469, 478, 417, 279, 968, 64, 0, 0, 20, 17, 52, 162, 414, 391, 266, 146, 622, 46, 0, 0
15:11:16, 1341.80, 27.87, 26.74, 28.156, 32, 38, 106, 263, 524, 539, 470, 325, 1014, 66, 0, 0, 23, 20, 61, 185, 480, 453, 314, 174, 692, 52, 0, 0
15:11:17, 1334.40, 27.87, 26.74, 28.164, 42, 53, 145, 340, 652, 677, 598, 437, 1161, 74, 0, 0, 28, 26, 78, 229, 549, 518, 365, 206, 792, 59, 0, 0
15:11:17, 1323.90, 27.87, 26.73, 28.164, 46, 58, 158, 371, 679, 703, 622, 452, 1225, 78, 0, 0, 28, 26, 79, 231, 575, 543, 383, 216, 833, 63, 0, 0
15:11:18, 1309.50, 27.88, 26.76, 28.156, 47, 59, 161, 370, 706, 732, 648, 480, 1272, 81, 0, 0, 33, 31, 95, 273, 662, 624, 446, 256, 952, 72, 0, 0
15:11:19, 1301.40, 27.89, 26.76, 28.156, 52, 66, 181, 408, 798, 826, 738, 555, 1358, 86, 0, 0, 37, 36, 109, 308, 737, 696, 504, 293, 1058, 80, 0, 0
15:11:19, 1298.40, 27.89, 26.76, 28.156, 67, 89, 237, 517, 933, 973, 885, 688, 1641, 104, 0, 0, 40, 40, 120, 334, 749, 708, 515, 304, 1139, 85, 0, 0
15:11:20, 1291.50, 27.89, 26.76, 28.148, 74, 103, 274, 598, 999, 1044, 968, 739, 1981, 125, 0, 0, 42, 42, 126, 349, 816, 772, 567, 334, 1242, 93, 0, 0
15:11:21, 1285.50, 27.89, 26.78, 28.156, 70, 100, 264, 580, 1089, 1121, 1074, 813, 2513, 162, 0, 0, 42, 43, 129, 354, 815, 771, 565, 335, 1283, 95, 0, 0
15:11:21, 1276.20, 27.89, 26.80, 28.156, 70, 102, 266, 579, 960, 990, 944, 698, 2216, 145, 0, 0, 51, 52, 157, 423, 947, 897, 670, 403, 1513, 113, 0, 0
15:11:22, 1271.70, 27.88, 26.76, 28.156, 87, 130, 336, 716, 1305, 1340, 1317, 1008, 3182, 206, 0, 0, 51, 53, 160, 426, 962, 911, 682, 414, 1559, 116, 0, 0
15:11:23, 1259.40, 27.89, 26.78, 28.164, 77, 111, 285, 607, 1029, 1071, 1016, 770, 2266, 147, 0, 0, 60, 65, 194, 507, 1133, 1073, 818, 501, 1808, 136, 0, 0
15:11:23, 1252.60, 27.88, 26.80, 28.164, 87, 125, 319, 658, 1199, 1263, 1185, 942, 2397, 152, 0, 0, 64, 70, 207, 537, 1155, 1090, 831, 511, 1783, 134, 0, 0
15:11:24, 1253.20, 27.88, 26.80, 28.148, 121, 185, 464, 929, 1732, 1782, 1763, 1440, 3889, 243, 0, 0, 62, 68, 203, 521, 1116, 1057, 802, 499, 1871, 139, 0, 0
15:11:25, 1242.30, 27.88, 26.78, 28.164, 116, 176, 442, 897, 1367, 1437, 1384, 1100, 2965, 186, 0, 0, 68, 75, 224, 575, 1263, 1193, 919, 571, 2007, 150, 0, 0
15:11:25, 1231.00, 27.88, 26.76, 28.164, 121, 182, 448, 896, 1506, 1606, 1565, 1267, 3359, 212, 0, 0, 81, 93, 275, 684, 1435, 1355, 1062, 674, 2307, 172, 0, 0
15:11:26, 1223.60, 27.88, 26.80, 28.156, 141, 217, 523, 1018, 1679, 1788, 1762, 1445, 3830, 240, 0, 0, 87, 102, 298, 733, 1491, 1406, 1103, 704, 2425, 180, 0, 0
15:11:27, 1225.40, 27.88, 26.80, 28.156, 170, 286, 681, 1311, 2339, 2412, 2509, 2118, 6396, 415, 0, 0, 86, 101, 297, 726, 1487, 1408, 1105, 713, 2558, 188, 0, 0
15:11:27, 1217.80, 27.88, 26.74, 28.156, 170, 296, 707, 1339, 2018, 2053, 2156, 1754, 5693, 376, 0, 0, 88, 104, 304, 740, 1555, 1471, 1164, 752, 2669, 197, 0, 0
15:11:28, 1201.30, 27.89, 26.80, 28.156, 142, 240, 560, 1079, 1547, 1584, 1647, 1292, 4185, 275, 0, 0, 118, 145, 417, 987, 2029, 1925, 1563, 1028, 3522, 263, 0, 0
15:11:29, 1202.10, 27.89, 26.82, 28.164, 134, 214, 499, 944, 1641, 1725, 1722, 1413, 3902, 251, 0, 0, 115, 142, 408, 961, 1832, 1730, 1391, 913, 3099, 230, 0, 0
15:11:29, 1201.50, 27.89, 26.80, 28.164, 237, 417, 951, 1752, 2933, 3027, 3198, 2806, 7933, 505, 0, 0, 109, 135, 388, 909, 1800, 1703, 1371, 908, 3142, 232, 0, 0
15:11:30, 1191.80, 27.89, 26.82, 28.164, 210, 347, 784, 1450, 1945, 2079, 2089, 1761, 4648, 293, 0, 0, 125, 158, 450, 1040, 2051, 1939, 1581, 1052, 3484, 261, 0, 0
15:11:31, 1188.20, 27.89, 26.78, 28.164, 194, 304, 693, 1250, 1993, 2151, 2087, 1839, 4110, 258, 0, 0, 132, 166, 474, 1094, 2144, 2022, 1651, 1097, 3467, 260, 0, 0
15:11:31, 1182.80, 27.90, 26.80, 28.172, 227, 341, 782, 1374, 2091, 2262, 2183, 1969, 4124, 258, 0, 0, 140, 180, 509, 1159, 2295, 2167, 1792, 1207, 3809, 287, 0, 0
15:11:32, 1178.90, 27.90, 26.82, 28.172, 226, 355, 792, 1401, 2343, 2577, 2588, 2281, 5417, 335, 0, 0, 139, 181, 511, 1154, 2226, 2099, 1726, 1165, 3783, 281, 0, 0
15:11:33, 1173.60, 27.90, 26.82, 28.172, 298, 487, 1067, 1913, 2919, 3205, 3352, 2938, 7313, 438, 0, 0, 147, 193, 542, 1217, 2362, 2230, 1848, 1255, 4092, 303, 0, 0
15:11:33, 1173.70, 27.90, 26.78, 28.172, 273, 471, 1008, 1821, 2986, 3145, 3515, 2929, 8933, 554, 0, 0, 146, 195, 541, 1206, 2259, 2135, 1767, 1209, 4090, 298, 0, 0
15:11:34, 1168.50, 27.90, 26.85, 28.172, 276, 500, 1068, 1923, 2231, 2358, 2526, 2117, 6087, 387, 0, 0, 170, 227, 632, 1401, 2613, 2472, 2071, 1418, 4584, 341, 0, 0
15:11:35, 1163.90, 27.90, 26.83, 28.172, 227, 369, 793, 1384, 1702, 1832, 1848, 1619, 3848, 252, 0, 0, 192, 261, 716, 1559, 2815, 2657, 2249, 1550, 4727, 353, 0, 0
15:11:35, 1164.70, 27.90, 26.78, 28.164, 361, 595, 1265, 2198, 3002, 3315, 3478, 3102, 7321, 438, 0, 0, 166, 224, 620, 1368, 2596, 2452, 2056, 1409, 4435, 331, 0, 0
15:11:36, 1161.20, 27.90, 26.85, 28.172, 278, 435, 932, 1609, 2320, 2590, 2576, 2364, 4915, 305, 0, 0, 166, 223, 616, 1355, 2550, 2406, 2015, 1386, 4302, 321, 0, 0
15:11:37, 1149.10, 27.90, 26.82, 28.172, 207, 319, 695, 1155, 1680, 1816, 1758, 1636, 2999, 193, 0, 0, 197, 268, 735, 1589, 3034, 2862, 2435, 1690, 4893, 367, 0, 0
15:11:37, 1146.00, 27.91, 26.85, 28.172, 226, 324, 707, 1110, 1590, 1714, 1662, 1595, 2524, 173, 0, 0, 223, 310, 835, 1772, 2984, 2817, 2401, 1681, 4959, 371, 0, 0
15:11:38, 1154.90, 27.90, 26.82, 28.172, 446, 847, 1634, 2866, 3805, 3795, 4438, 3907, 14132, 969, 0, 0, 171, 241, 645, 1366, 2402, 2277, 1907, 1346, 4420, 321, 0, 0
15:11:39, 1148.80, 27.91, 26.82, 28.172, 333, 509, 1051, 1832, 2020, 2317, 2390, 2135, 4602, 279, 0, 0, 176, 241, 659, 1432, 2775, 2623, 2224, 1543, 4825, 360, 0, 0
15:11:39, 1133.00, 27.91, 26.82, 28.164, 198, 285, 594, 1007, 1295, 1484, 1440, 1331, 2572, 179, 0, 0, 236, 333, 891, 1874, 3539, 3352, 2923, 2079, 6154, 461, 0, 0
15:11:40, 1135.40, 27.91, 26.82, 28.164, 127, 190, 387, 606, 970, 1085, 1024, 956, 1850, 134, 0, 0, 227, 325, 860, 1788, 2858, 2702, 2315, 1641, 4998, 370, 0, 0
15:11:41, 1141.30, 27.91, 26.85, 28.164, 394, 773, 1570, 2502, 3380, 3368, 3874, 3472, 12666, 815, 0, 0, 144, 197, 538, 1171, 2382, 2250, 1881, 1300, 4200, 310, 0, 0
15:11:41, 1119.80, 27.91, 26.82, 28.164, 172, 259, 520, 895, 961, 1071, 1011, 913, 1887, 129, 0, 0, 226, 318, 851, 1795, 3498, 3308, 2879, 2042, 5732, 428, 0, 0
15:11:42, 1114.20, 27.92, 26.87, 28.172, 90, 166, 325, 492, 748, 717, 711, 598, 1510, 91, 0, 0, 296, 432, 1116, 2257, 3658, 3451, 3024, 2158, 5601, 413, 0, 0
15:11:43, 1126.30, 27.92, 26.83, 28.172, 273, 499, 958, 1360, 2395, 2451, 2545, 2429, 6154, 361, 0, 0, 157, 225, 595, 1254, 2257, 2115, 1744, 1190, 3905, 286, 0, 0
15:11:43, 1112.80, 27.93, 26.83, 28.164, 158, 296, 596, 896, 1206, 1165, 1216, 1057, 2567, 155, 0, 0, 214, 303, 806, 1687, 3410, 3218, 2783, 1982, 5217, 383, 0, 0
15:11:44, 1095.20, 27.93, 26.82, 28.172, 122, 232, 425, 618, 860, 829, 841, 727, 1960, 115, 0, 0, 317, 470, 1200, 2380, 3976, 3735, 3281, 2355, 5945, 433, 0, 0
15:11:45, 1102.70, 27.93, 26.80, 28.172, 293, 560, 988, 1349, 2143, 2102, 2276, 2126, 5863, 352, 0, 0, 188, 280, 715, 1448, 2509, 2344, 1973, 1381, 4628, 337, 0, 0
15:11:45, 1100.40, 27.93, 26.83, 28.164, 322, 623, 1161, 1639, 1945, 1919, 2070, 1893, 4810, 286, 0, 0, 240, 348, 906, 1848, 3704, 3482, 3036, 2169, 5566, 405, 0, 0
15:11:46, 1073.30, 27.94, 26.82, 28.172, 234, 449, 801, 1135, 1512, 1488, 1633, 1521, 4073, 240, 0, 0, 345, 533, 1313, 2513, 4301, 4039, 3555, 2617, 6845, 497, 0, 0
15:11:47, 1074.60, 27.94, 26.87, 28.172, 531, 987, 1615, 2138, 3184, 3176, 3545, 3550, 7661, 488, 0, 0, 265, 409, 995, 1910, 2977, 2777, 2409, 1745, 5652, 417, 0, 0
15:11:47, 1073.70, 27.93, 26.82, 28.164, 1893, 3884, 6228, 8323, 6476, 6446, 6999, 8263, 11999, 775, 0, 0, 343, 531, 1299, 2471, 4404, 4135, 3676, 2720, 6850, 495, 0, 0
15:11:48, 1052.60, 27.94, 26.85, 28.172, 560, 1032, 1700, 2278, 3226, 3274, 3718, 3890, 6619, 444, 0, 0, 373, 586, 1393, 2587, 4130, 3862, 3400, 2514, 6705, 488, 0, 0
15:11:49, 1042.00, 27.94, 26.85, 28.172, 2738, 2397, 4864, 5119, 6179, 10859, 6773, 10680, 11858, 1185, 0, 0, 336, 526, 1210, 2203, 3269, 3061, 2652, 1962, 5781, 431, 0, 0
15:11:49, 1040.20, 27.94, 26.91, 28.164, 1948, 3750, 4807, 9089, 8424, 7810, 14433, 8515, 35141, 7988, 0, 1, 278, 435, 989, 1815, 3343, 3123, 2704, 1977, 5530, 404, 0, 0
15:11:50, 1029.20, 27.93, 26.83, 28.172, 964, 1511, 2237, 2877, 3555, 4432, 4726, 4643, 14048, 1623, 0, 0, 318, 498, 1151, 2131, 3710, 3451, 3030, 2200, 6174, 460, 0, 0
15:11:51, 1015.00, 27.93, 26.87, 28.172, 2882, 2644, 3873, 5697, 6859, 17394, 13196, 13844, 27320, 5677, 0, 0, 644, 1077, 2125, 3396, 5501, 5211, 4984, 4201, 11180, 999, 0, 0
15:11:51, 1019.50, 27.93, 26.89, 28.172, 7726, 13257, 15088, 21312, 23895, 23069, 25990, 31626, 27765, 7557, 0, 0, 547, 905, 1872, 3117, 4529, 4272, 3920, 3149, 8661, 662, 0, 0
15:11:52, 1015.50, 27.93, 26.89, 28.172, 1216, 1863, 2515, 2810, 5473, 8579, 5366, 8410, 12756, 2535, 0, 0, 411, 662, 1376, 2350, 3844, 3625, 3293, 2599, 7568, 598, 0, 0
15:11:53, 1021.50, 27.93, 26.87, 28.172, 6932, 9648, 13112, 13284, 17407, 16011, 18842, 22146, 14485, 3527, 0, 0, 581, 972, 1979, 3265, 5176, 4923, 4664, 3872, 10697, 844, 0, 0
15:11:53, 1013.20, 27.93, 26.89, 28.164, 6832, 12042, 14722, 17193, 26274, 24890, 29040, 30009, 30634, 10374, 0, 0, 864, 1408, 2698, 4209, 9416, 9012, 9609, 8924, 27926, 4948, 0, 0
15:11:54, 1013.20, 27.93, 26.91, 28.156, 7645, 12909, 14633, 17146, 20858, 22758, 18785, 33302, 19393, 6016, 0, 1, 2051, 3366, 5077, 6837, 8557, 8489, 9403, 8919, 20735, 4405, 0, 0
15:11:55, 1013.30, 27.93, 26.92, 28.156, 8123, 19543, 24497, 30975, 35891, 35850, 35934, 36000, 36000, 15494, 1, 1, 2576, 4246, 5952, 9256, 20693, 20796, 25394, 25173, 35602, 14549, 0, 1
15:11:55, 1013.30, 27.93, 26.87, 28.047, 993, 1384, 1851, 1972, 2587, 2674, 2691, 3038, 10047, 2264, 0, 0, 7980, 14555, 19531, 27557, 35726, 35290, 36000, 36000, 36000, 23426, 1, 1
15:11:56, 1013.20, 27.93, 26.89, 27.844, 8150, 16642, 19994, 25023, 25828, 25380, 26731, 27184, 28886, 12622, 0, 0, 5041, 6827, 10722, 12642, 23516, 25298, 26359, 28449, 35997, 20726, 0, 1
15:11:57, 1013.30, 27.92, 26.94, 27.844, 969, 1443, 1895, 2079, 2176, 2216, 2683, 2669, 13793, 3854, 0, 0, 12666, 17220, 25459, 28958, 30863, 33532, 36000, 36000, 36000, 36000, 1, 1
15:11:57, 1013.20, 27.91, 26.92, 27.586, 752, 1063, 1462, 1499, 1957, 2107, 2570, 2894, 11366, 3594, 0, 0, 5968, 8067, 10740, 12355, 27416, 31560, 34714, 35769, 36000, 28187, 1, 1
15:11:58, 1013.30, 27.90, 26.92, 27.289, 1045, 1535, 2029, 2259, 3051, 3131, 3619, 3804, 13221, 3339, 0, 0, 10485, 17489, 22546, 25981, 23130, 22964, 26059, 26805, 36000, 32933, 1, 1
