Secchi Depth (cm) = 0120
Forel Ule Scale = 99
pH Colour Scale = 99
SensingSecchi S/N = A016
Latitude (degs N) = 34.25912
Longitude (degs E) = -77.98571
Date = 2026-06-10
Time (UTC), Pressure (mbar) MS5803, Temp (deg C) MS5803, Temp (deg C) 10KTHERM, Temp (deg C) TMP117, ED 415nm, ED 445nm, ED 480nm, ED 515nm, ED 555nm, ED 590nm, ED 630nm, ED 680nm, ED Clear, ED NIR, ED D-SAT, ED A-SAT, EU 415nm, EU 445nm, EU 480nm, EU 515nm, EU 555nm, EU 590nm, EU 630nm, EU 680nm, EU Clear, EU NIR, EU D-SAT, EU A-SAT
18:06:00, 1012.70, 30.06, 30.59, 34.805, 1119, 1596, 2221, 2658, 2980, 3320, 4058, 4657, 18714, 8434, 0, 0, 16952, 26676, 35720, 36000, 36000, 36000, 36000, 36000, 36000, 36000, 1, 1
18:06:00, 1012.70, 30.07, 30.61, 34.844, 1034, 1462, 2022, 2468, 2714, 3098, 3812, 4348, 16769, 7655, 0, 0, 16609, 25782, 34604, 36000, 36000, 36000, 36000, 36000, 36000, 36000, 1, 1
18:06:01, 1012.70, 30.07, 30.65, 34.906, 1012, 1425, 1971, 2403, 2639, 3030, 3720, 4255, 16598, 7586, 0, 0, 16575, 25704, 34555, 36000, 36000, 36000, 36000, 36000, 36000, 36000, 1, 1
18:06:02, 1012.50, 30.08, 30.63, 34.906, 1035, 1459, 2025, 2453, 2755, 3110, 3790, 4361, 17537, 7981, 0, 0, 16491, 25756, 34602, 36000, 36000, 36000, 36000, 36000, 36000, 36000, 1, 1
18:06:02, 1012.70, 30.09, 30.65, 34.953, 1078, 1542, 2132, 2576, 2897, 3247, 3964, 4590, 17662, 8021, 0, 0, 16208, 25322, 34047, 36000, 36000, 36000, 36000, 36000, 36000, 36000, 1, 1
18:06:03, 1012.70, 30.09, 30.63, 35.000, 1099, 1585, 2193, 2646, 2871, 3232, 3951, 4515, 17156, 7779, 0, 0, 16103, 24935, 33570, 36000, 36000, 36000, 36000, 36000, 36000, 36000, 1, 1
18:06:04, 1012.30, 30.08, 30.63, 35.000, 1036, 1469, 2033, 2470, 2694, 3064, 3743, 4300, 17054, 7773, 0, 0, 17615, 27644, 36000, 36000, 36000, 36000, 36000, 36000, 36000, 36000, 1, 1
18:06:04, 1009.60, 30.08, 30.63, 35.031, 1406, 2026, 2842, 3322, 3681, 3913, 4647, 5310, 25629, 10910, 0, 0, 18786, 31302, 36000, 36000, 36000, 36000, 36000, 36000, 36000, 36000, 1, 1
18:06:05, 1012.00, 30.10, 30.63, 34.945, 1949, 2918, 4042, 4639, 7058, 6899, 8601, 9218, 19776, 7463, 0, 0, 10552, 16567, 23862, 28629, 35509, 36000, 36000, 36000, 36000, 36000, 1, 1
18:06:06, 1012.30, 30.11, 30.67, 34.945, 6586, 11746, 15132, 19068, 28351, 31465, 35712, 36000, 36000, 31115, 1, 1, 8913, 16134, 20931, 27904, 31600, 34508, 36000, 36000, 36000, 36000, 1, 1
18:06:06, 1013.20, 30.16, 30.69, 34.680, 6621, 10221, 14451, 18086, 27018, 30051, 35112, 35954, 36000, 36000, 1, 1, 2480, 3384, 5367, 6068, 6037, 6613, 7978, 8988, 23710, 7623, 0, 0
18:06:07, 1020.00, 30.17, 30.67, 32.328, 7811, 13350, 19208, 23267, 13237, 12892, 14789, 20287, 17477, 5766, 0, 0, 281, 388, 720, 1251, 1987, 2401, 3056, 3375, 6453, 750, 0, 0
18:06:08, 1037.90, 30.11, 30.65, 32.328, 5651, 9561, 14599, 19066, 23673, 25439, 28868, 30128, 36000, 18155, 1, 1, 185, 228, 430, 816, 1457, 1892, 2484, 2778, 4328, 430, 0, 0
18:06:08, 1037.80, 30.04, 30.67, 29.156, 2465, 4474, 6657, 10011, 14532, 14650, 19539, 25752, 25956, 3019, 0, 0, 166, 192, 359, 704, 1349, 1752, 2307, 2578, 4005, 394, 0, 0
18:06:09, 1048.80, 29.96, 30.67, 29.156, 2245, 3877, 6997, 10329, 13987, 16795, 20570, 22009, 36000, 6304, 1, 1, 125, 140, 259, 518, 1022, 1356, 1816, 2039, 3168, 304, 0, 0
18:06:10, 1056.10, 29.87, 30.65, 28.000, 1296, 2234, 4251, 6633, 6307, 7314, 9128, 11773, 21160, 2656, 0, 0, 115, 122, 220, 452, 939, 1266, 1721, 1945, 3087, 295, 0, 0
18:06:10, 1057.40, 29.80, 30.65, 27.492, 1247, 2139, 3838, 6661, 8610, 10100, 12796, 16364, 30542, 3504, 0, 0, 111, 115, 206, 427, 941, 1276, 1739, 1970, 3121, 296, 0, 0
18:06:11, 1057.70, 29.74, 30.65, 27.492, 1229, 1964, 3659, 5965, 8448, 9893, 12139, 15159, 31098, 3473, 0, 0, 111, 116, 207, 430, 941, 1276, 1737, 1968, 3158, 299, 0, 0
18:06:12, 1058.00, 29.69, 30.69, 27.211, 1317, 1964, 3847, 6399, 7996, 9687, 11675, 14061, 33541, 3610, 0, 1, 111, 116, 207, 430, 938, 1269, 1729, 1959, 3216, 302, 0, 0
18:06:12, 1058.50, 29.65, 30.65, 27.086, 919, 1453, 2724, 4606, 7676, 10182, 11562, 15479, 34761, 4302, 0, 1, 113, 118, 213, 439, 943, 1271, 1735, 1964, 3336, 312, 0, 0
18:06:13, 1058.70, 29.61, 30.65, 27.086, 1209, 1901, 3522, 6064, 6197, 7704, 9152, 11800, 32601, 3883, 0, 1, 118, 124, 224, 460, 971, 1298, 1759, 2001, 3597, 342, 0, 0
18:06:14, 1059.70, 29.57, 30.61, 27.031, 877, 1412, 2574, 4621, 8215, 10734, 12351, 16011, 36000, 5327, 1, 1, 118, 124, 224, 459, 955, 1288, 1760, 1989, 3585, 336, 0, 0
18:06:14, 1061.80, 29.54, 30.65, 27.055, 1029, 1530, 3066, 5157, 8267, 10170, 13196, 14795, 36000, 3856, 1, 1, 112, 115, 206, 427, 933, 1271, 1740, 1970, 3519, 330, 0, 0
18:06:15, 1062.00, 29.51, 30.67, 27.055, 988, 1490, 2883, 4715, 8172, 9624, 12515, 15261, 30481, 3651, 0, 0, 120, 123, 218, 453, 973, 1332, 1816, 2061, 3623, 345, 0, 0
18:06:16, 1061.20, 29.49, 30.65, 27.039, 869, 1339, 2580, 4324, 6833, 8111, 10555, 12630, 23803, 2642, 0, 0, 127, 131, 232, 482, 1027, 1408, 1914, 2176, 3743, 361, 0, 0
18:06:16, 1062.30, 29.46, 30.67, 27.039, 1017, 1528, 2944, 4869, 6820, 8298, 10431, 12624, 19542, 2075, 0, 0, 118, 121, 212, 444, 931, 1283, 1750, 1988, 3333, 319, 0, 0
18:06:17, 1063.30, 29.42, 30.65, 27.039, 1012, 1525, 2953, 5032, 5862, 7374, 9105, 11336, 13229, 1368, 0, 0, 105, 107, 184, 389, 838, 1173, 1609, 1827, 2776, 265, 0, 0
18:06:18, 1061.60, 29.38, 30.67, 27.023, 766, 1123, 2096, 3766, 5624, 6684, 9157, 10290, 10735, 1046, 0, 0, 96, 97, 166, 352, 794, 1105, 1519, 1721, 2486, 236, 0, 0
18:06:18, 1061.50, 29.35, 30.63, 27.016, 733, 1140, 2060, 3445, 5903, 6905, 8706, 11192, 17478, 1825, 0, 0, 99, 101, 177, 371, 804, 1106, 1518, 1718, 2609, 246, 0, 0
18:06:19, 1063.60, 29.32, 30.63, 27.016, 878, 1353, 2603, 4497, 8075, 9751, 12299, 15311, 25130, 2619, 0, 0, 97, 99, 171, 361, 791, 1094, 1503, 1704, 2584, 243, 0, 0
18:06:20, 1062.70, 29.30, 30.65, 27.000, 854, 1299, 2553, 4229, 6726, 7849, 9990, 13013, 20424, 2050, 0, 0, 102, 102, 177, 375, 852, 1180, 1622, 1836, 2725, 258, 0, 0
18:06:20, 1062.00, 29.29, 30.65, 27.008, 863, 1339, 2428, 4216, 8421, 9318, 13454, 16129, 18947, 1774, 0, 0, 104, 106, 184, 388, 857, 1186, 1624, 1836, 2748, 260, 0, 0
18:06:21, 1063.00, 29.27, 30.61, 27.008, 918, 1403, 2600, 4590, 7289, 8732, 11918, 14239, 14671, 1411, 0, 0, 103, 105, 181, 384, 842, 1170, 1603, 1813, 2738, 260, 0, 0
18:06:22, 1063.40, 29.26, 30.61, 27.000, 791, 1192, 2247, 4019, 6262, 7540, 10318, 11585, 12847, 1261, 0, 0, 103, 104, 179, 381, 843, 1175, 1610, 1823, 2728, 259, 0, 0
18:06:22, 1062.40, 29.24, 30.65, 27.016, 885, 1314, 2423, 4378, 6110, 7266, 10008, 11111, 11905, 1183, 0, 0, 103, 105, 180, 382, 837, 1165, 1595, 1806, 2684, 255, 0, 0
18:06:23, 1063.00, 29.23, 30.65, 27.016, 807, 1227, 2289, 4015, 5321, 6281, 8342, 10043, 11601, 1114, 0, 0, 100, 101, 174, 370, 812, 1131, 1552, 1757, 2579, 245, 0, 0
18:06:24, 1063.40, 29.22, 30.61, 27.023, 738, 1108, 2116, 3693, 6695, 8025, 10639, 12704, 16476, 1559, 0, 0, 96, 97, 168, 355, 791, 1098, 1506, 1704, 2560, 242, 0, 0
18:06:24, 1062.60, 29.21, 30.65, 27.031, 974, 1516, 2850, 5013, 6172, 7149, 9562, 11706, 14326, 1336, 0, 0, 101, 102, 175, 372, 841, 1172, 1609, 1823, 2654, 251, 0, 0
18:06:25, 1062.70, 29.19, 30.65, 27.031, 845, 1263, 2314, 4056, 6788, 7728, 11280, 13000, 12468, 1232, 0, 0, 107, 108, 186, 396, 886, 1233, 1686, 1910, 2838, 270, 0, 0
18:06:26, 1063.20, 29.18, 30.65, 27.023, 689, 1013, 1912, 3336, 6787, 8292, 10797, 13118, 11710, 1223, 0, 0, 111, 113, 194, 411, 905, 1261, 1724, 1955, 2957, 283, 0, 0
18:06:26, 1063.20, 29.17, 30.63, 27.023, 692, 1012, 1908, 3298, 6787, 8666, 10840, 14209, 11004, 1178, 0, 0, 111, 113, 194, 410, 908, 1265, 1731, 1965, 3012, 289, 0, 0
18:06:27, 1062.70, 29.16, 30.65, 27.023, 716, 1054, 1976, 3415, 5846, 7167, 9212, 11096, 11058, 1146, 0, 0, 106, 108, 186, 394, 855, 1191, 1633, 1852, 2791, 266, 0, 0
18:06:28, 1062.10, 29.15, 30.61, 27.016, 778, 1133, 2147, 3804, 6708, 7915, 10930, 13727, 13211, 1259, 0, 0, 99, 100, 172, 364, 816, 1136, 1561, 1769, 2577, 245, 0, 0
18:06:28, 1061.10, 29.14, 30.63, 27.008, 703, 979, 1770, 3059, 5220, 6129, 7823, 9940, 14736, 1389, 0, 0, 102, 104, 182, 383, 853, 1177, 1613, 1827, 2738, 260, 0, 0
18:06:29, 1061.10, 29.12, 30.63, 27.008, 888, 1393, 2646, 4591, 7400, 8784, 11702, 13867, 17714, 1707, 0, 0, 108, 111, 194, 408, 896, 1236, 1690, 1914, 2889, 275, 0, 0
18:06:30, 1060.70, 29.11, 30.61, 26.992, 1025, 1567, 2799, 4909, 7514, 8653, 12074, 14710, 12385, 1260, 0, 0, 116, 119, 205, 434, 961, 1333, 1820, 2065, 3053, 292, 0, 0
18:06:30, 1059.90, 29.10, 30.65, 27.000, 644, 931, 1721, 2936, 5280, 6620, 8145, 10847, 9728, 1034, 0, 0, 123, 126, 219, 462, 1016, 1405, 1913, 2173, 3295, 318, 0, 0
18:06:31, 1060.60, 29.10, 30.65, 27.000, 726, 1117, 1995, 3502, 5158, 6411, 7952, 9892, 10616, 1118, 0, 0, 114, 117, 203, 427, 917, 1270, 1737, 1969, 2975, 284, 0, 0
18:06:32, 1060.70, 29.08, 30.63, 26.992, 818, 1247, 2313, 4003, 5753, 6877, 8979, 10922, 13716, 1339, 0, 0, 104, 106, 185, 389, 854, 1179, 1614, 1829, 2742, 261, 0, 0
18:06:32, 1060.60, 29.07, 30.65, 27.016, 764, 1125, 2060, 3495, 7322, 8487, 10801, 14952, 21710, 1755, 0, 0, 107, 110, 191, 401, 879, 1211, 1659, 1880, 2811, 268, 0, 0
18:06:33, 1059.40, 29.06, 30.65, 27.016, 1032, 1606, 2844, 4916, 6179, 7137, 9350, 11468, 14638, 1411, 0, 0, 113, 115, 201, 423, 930, 1283, 1753, 1985, 2938, 280, 0, 0
18:06:34, 1059.60, 29.05, 30.69, 26.992, 897, 1265, 2180, 3771, 5717, 6847, 8831, 11028, 9946, 1047, 0, 0, 123, 126, 220, 463, 1016, 1403, 1912, 2169, 3245, 312, 0, 0
18:06:34, 1059.60, 29.04, 30.63, 26.992, 711, 1082, 1948, 3376, 5141, 6439, 7813, 10196, 9689, 1053, 0, 0, 124, 127, 222, 466, 1009, 1395, 1900, 2156, 3299, 318, 0, 0
18:06:35, 1058.90, 29.04, 30.65, 27.000, 759, 1200, 2122, 3738, 5381, 6623, 8373, 10186, 10527, 1127, 0, 0, 117, 120, 209, 439, 944, 1305, 1782, 2024, 3037, 292, 0, 0
18:06:36, 1058.50, 29.02, 30.63, 26.992, 770, 1158, 2162, 3687, 6577, 7636, 10075, 12696, 13366, 1317, 0, 0, 111, 115, 201, 421, 902, 1238, 1693, 1919, 2869, 274, 0, 0
18:06:36, 1059.60, 29.01, 30.63, 26.992, 895, 1461, 2620, 4351, 7953, 9500, 12341, 14598, 23726, 2480, 0, 0, 108, 112, 196, 411, 893, 1224, 1676, 1900, 2904, 276, 0, 0
18:06:37, 1060.10, 29.00, 30.65, 26.992, 839, 1315, 2518, 4308, 7297, 8747, 11599, 14172, 17597, 1705, 0, 0, 111, 114, 198, 416, 921, 1271, 1744, 1981, 2948, 280, 0, 0
18:06:38, 1059.10, 28.99, 30.63, 26.953, 866, 912, 1779, 2725, 4345, 5304, 5864, 8102, 7630, 829, 0, 0, 130, 132, 229, 481, 1069, 1481, 2025, 2305, 3263, 311, 0, 0
18:06:38, 1057.20, 28.98, 30.63, 26.953, 519, 693, 1349, 2203, 3294, 3865, 4860, 5756, 6962, 718, 0, 0, 133, 136, 237, 497, 1078, 1489, 2035, 2310, 3288, 313, 0, 0
18:06:39, 1055.30, 28.97, 30.63, 26.945, 810, 852, 1693, 2693, 4121, 5499, 6051, 7862, 9661, 1036, 0, 0, 127, 131, 231, 481, 1060, 1438, 1959, 2214, 3345, 321, 0, 0
18:06:40, 1052.90, 28.96, 30.59, 26.961, 633, 824, 1415, 2859, 3019, 3717, 5145, 5000, 13369, 1703, 0, 0, 156, 169, 310, 624, 1174, 1560, 2108, 2372, 3973, 383, 0, 0
18:06:40, 1059.90, 28.95, 30.65, 26.961, 1183, 1877, 3647, 5908, 9274, 11143, 14611, 16182, 27557, 2755, 0, 0, 125, 132, 238, 493, 959, 1307, 1773, 2013, 3153, 300, 0, 0
18:06:41, 1065.80, 28.94, 30.63, 26.969, 712, 1092, 1931, 3543, 5783, 6885, 8912, 11810, 22330, 2702, 0, 0, 110, 111, 193, 408, 875, 1215, 1677, 1906, 2899, 273, 0, 0
18:06:42, 1074.40, 28.93, 30.63, 26.969, 844, 1212, 2422, 4391, 9129, 11477, 15674, 17709, 32938, 2889, 0, 1, 96, 96, 161, 344, 729, 1034, 1446, 1649, 2499, 233, 0, 0
18:06:42, 1085.00, 28.93, 30.67, 26.969, 433, 430, 854, 1552, 2818, 3850, 4436, 6032, 5928, 555, 0, 0, 82, 78, 122, 265, 605, 885, 1260, 1447, 2091, 196, 0, 0
18:06:43, 1089.60, 28.91, 30.67, 26.914, 398, 482, 882, 1779, 2619, 3376, 4575, 5730, 5619, 496, 0, 0, 77, 72, 109, 235, 653, 972, 1401, 1615, 2029, 189, 0, 0
18:06:44, 1103.40, 28.90, 30.63, 26.898, 300, 285, 542, 1034, 2789, 3629, 5039, 6123, 7179, 608, 0, 0, 64, 60, 91, 196, 563, 835, 1200, 1385, 2214, 204, 0, 0
18:06:44, 1118.40, 28.88, 30.69, 26.898, 279, 306, 557, 1196, 2047, 2824, 4035, 4873, 6385, 525, 0, 0, 43, 39, 53, 112, 311, 494, 751, 883, 1136, 106, 0, 0
18:06:45, 1115.50, 28.87, 30.63, 26.875, 135, 116, 195, 422, 752, 1103, 1481, 1802, 2200, 190, 0, 0, 53, 48, 64, 133, 395, 619, 943, 1103, 1409, 132, 0, 0
18:06:46, 1119.70, 28.85, 30.63, 26.820, 108, 103, 169, 385, 878, 1264, 1767, 2069, 3204, 282, 0, 0, 48, 44, 59, 123, 318, 505, 769, 903, 1209, 112, 0, 0
18:06:46, 1122.60, 28.84, 30.69, 26.820, 181, 186, 303, 666, 1339, 1891, 2667, 3330, 4409, 362, 0, 0, 41, 37, 50, 103, 291, 466, 711, 837, 1101, 102, 0, 0
18:06:47, 1126.30, 28.83, 30.65, 26.789, 179, 186, 310, 685, 1372, 1944, 2814, 3437, 4046, 333, 0, 0, 39, 35, 46, 94, 278, 451, 692, 819, 1031, 96, 0, 0
18:06:48, 1128.60, 28.82, 30.63, 26.773, 121, 115, 187, 397, 880, 1254, 1791, 2204, 2199, 184, 0, 0, 39, 35, 45, 91, 271, 445, 687, 816, 985, 92, 0, 0
18:06:48, 1128.50, 28.80, 30.67, 26.773, 117, 110, 176, 373, 898, 1297, 1838, 2305, 2354, 196, 0, 0, 36, 32, 42, 84, 252, 412, 638, 757, 947, 88, 0, 0
18:06:49, 1128.10, 28.79, 30.65, 26.773, 133, 123, 198, 436, 1000, 1469, 2087, 2581, 3491, 291, 0, 0, 38, 34, 44, 90, 262, 424, 655, 775, 1040, 96, 0, 0
18:06:50, 1129.80, 28.77, 30.67, 26.766, 152, 154, 239, 526, 1105, 1597, 2304, 2898, 3966, 327, 0, 0, 37, 34, 43, 88, 262, 426, 661, 782, 1006, 93, 0, 0
18:06:50, 1135.40, 28.76, 30.63, 26.766, 145, 141, 220, 479, 1121, 1614, 2359, 2976, 3440, 281, 0, 0, 33, 30, 39, 78, 231, 379, 589, 698, 925, 85, 0, 0
18:06:51, 1140.30, 28.76, 30.65, 26.773, 146, 148, 234, 520, 1144, 1683, 2497, 3040, 3965, 327, 0, 0, 30, 27, 35, 69, 204, 340, 533, 634, 828, 77, 0, 0
18:06:52, 1142.40, 28.75, 30.67, 26.789, 113, 111, 168, 368, 843, 1250, 1843, 2297, 2448, 201, 0, 0, 28, 25, 31, 61, 189, 318, 502, 599, 753, 70, 0, 0
18:06:52, 1143.70, 28.74, 30.63, 26.789, 92, 81, 126, 266, 776, 1156, 1705, 2140, 2293, 188, 0, 0, 27, 24, 30, 58, 187, 313, 497, 592, 766, 71, 0, 0
18:06:53, 1142.30, 28.73, 30.65, 26.773, 95, 86, 129, 281, 791, 1181, 1741, 2208, 2700, 222, 0, 0, 28, 25, 31, 61, 197, 330, 523, 623, 789, 73, 0, 0
18:06:54, 1139.80, 28.73, 30.63, 26.781, 98, 87, 132, 291, 650, 992, 1407, 1757, 2192, 185, 0, 0, 31, 28, 35, 70, 211, 352, 554, 657, 809, 75, 0, 0
18:06:54, 1145.10, 28.72, 30.67, 26.781, 104, 92, 141, 308, 663, 1004, 1425, 1787, 2150, 180, 0, 0, 29, 26, 33, 64, 192, 322, 506, 602, 775, 71, 0, 0
18:06:55, 1153.40, 28.71, 30.67, 26.789, 116, 115, 176, 395, 889, 1334, 2003, 2459, 3657, 302, 0, 0, 26, 23, 28, 55, 165, 281, 447, 535, 722, 66, 0, 0
18:06:56, 1163.00, 28.70, 30.67, 26.805, 82, 77, 110, 241, 561, 870, 1302, 1650, 2020, 166, 0, 0, 21, 18, 22, 41, 129, 225, 365, 440, 552, 51, 0, 0
18:06:56, 1168.80, 28.69, 30.67, 26.805, 74, 72, 101, 219, 515, 805, 1234, 1566, 2034, 168, 0, 0, 18, 16, 19, 34, 113, 200, 329, 397, 483, 44, 0, 0
18:06:57, 1173.10, 28.69, 30.63, 26.797, 58, 53, 72, 150, 352, 568, 851, 1082, 1170, 97, 0, 0, 18, 16, 18, 33, 107, 190, 315, 382, 437, 40, 0, 0
18:06:58, 1177.90, 28.68, 30.67, 26.812, 54, 50, 67, 138, 366, 587, 901, 1143, 1147, 95, 0, 0, 15, 14, 16, 28, 94, 169, 282, 343, 409, 38, 0, 0
18:06:58, 1179.50, 28.67, 30.65, 26.812, 51, 48, 63, 130, 347, 561, 869, 1104, 1120, 92, 0, 0, 14, 13, 15, 26, 88, 158, 265, 322, 386, 35, 0, 0
18:06:59, 1182.70, 28.67, 30.65, 26.812, 54, 52, 68, 143, 405, 655, 1032, 1310, 1728, 144, 0, 0, 14, 12, 14, 25, 85, 153, 257, 314, 401, 37, 0, 0
18:07:00, 1183.80, 28.66, 30.65, 26.781, 48, 46, 60, 125, 326, 534, 837, 1064, 1382, 116, 0, 0, 13, 12, 13, 23, 82, 148, 252, 306, 366, 34, 0, 0
18:07:00, 1182.70, 28.65, 30.63, 26.781, 38, 34, 44, 90, 234, 392, 600, 763, 871, 73, 0, 0, 14, 13, 14, 25, 88, 160, 272, 332, 365, 34, 0, 0
18:07:01, 1185.00, 28.65, 30.63, 26.758, 36, 31, 41, 83, 241, 402, 616, 787, 825, 69, 0, 0, 13, 12, 13, 23, 79, 144, 244, 298, 342, 31, 0, 0
18:07:02, 1186.90, 28.64, 30.69, 26.758, 41, 37, 49, 100, 302, 496, 785, 1008, 1129, 93, 0, 0, 12, 11, 12, 21, 74, 135, 230, 282, 335, 31, 0, 0
18:07:02, 1187.50, 28.63, 30.63, 26.758, 41, 37, 48, 99, 270, 450, 704, 899, 1078, 90, 0, 0, 12, 11, 12, 22, 74, 135, 231, 283, 335, 31, 0, 0
18:07:03, 1188.80, 28.63, 30.63, 26.742, 42, 38, 50, 101, 275, 455, 714, 919, 993, 82, 0, 0, 12, 10, 12, 20, 71, 132, 225, 277, 320, 29, 0, 0
18:07:04, 1185.60, 28.63, 30.65, 26.742, 35, 31, 41, 81, 215, 357, 557, 710, 680, 57, 0, 0, 13, 12, 13, 23, 79, 145, 247, 303, 334, 31, 0, 0
18:07:04, 1186.50, 28.62, 30.63, 26.742, 36, 32, 42, 83, 259, 429, 669, 857, 906, 75, 0, 0, 12, 11, 12, 21, 74, 135, 231, 282, 340, 31, 0, 0
18:07:05, 1190.00, 28.62, 30.67, 26.742, 41, 39, 51, 104, 309, 509, 809, 1029, 1384, 117, 0, 0, 12, 10, 12, 20, 70, 128, 218, 268, 331, 30, 0, 0
18:07:06, 1195.50, 28.61, 30.69, 26.742, 37, 34, 44, 90, 249, 416, 659, 847, 956, 79, 0, 0, 11, 9, 10, 18, 62, 115, 199, 245, 283, 26, 0, 0
18:07:06, 1198.50, 28.61, 30.67, 26.734, 30, 27, 35, 68, 179, 302, 478, 609, 572, 48, 0, 0, 11, 10, 11, 19, 63, 119, 205, 253, 279, 26, 0, 0
18:07:07, 1203.50, 28.60, 30.67, 26.742, 34, 32, 41, 81, 234, 397, 642, 834, 1037, 87, 0, 0, 9, 8, 9, 15, 52, 97, 170, 210, 259, 23, 0, 0
18:07:08, 1202.20, 28.59, 30.65, 26.742, 25, 22, 28, 53, 139, 242, 382, 488, 553, 47, 0, 0, 10, 9, 10, 17, 58, 108, 190, 233, 267, 24, 0, 0
18:07:08, 1207.70, 28.59, 30.63, 26.742, 21, 19, 24, 48, 132, 230, 372, 467, 623, 54, 0, 0, 10, 8, 9, 15, 51, 97, 171, 211, 247, 23, 0, 0
18:07:09, 1215.60, 28.58, 30.67, 26.742, 25, 23, 29, 56, 175, 304, 499, 643, 780, 65, 0, 0, 7, 6, 7, 11, 42, 80, 142, 177, 214, 19, 0, 0
18:07:10, 1216.80, 28.58, 30.67, 26.742, 26, 25, 30, 58, 147, 259, 424, 552, 616, 51, 0, 0, 7, 6, 7, 11, 40, 77, 137, 171, 184, 17, 0, 0
18:07:10, 1215.90, 28.57, 30.65, 26.742, 18, 16, 20, 37, 106, 189, 308, 400, 377, 32, 0, 0, 7, 6, 7, 11, 40, 77, 138, 173, 185, 17, 0, 0
18:07:11, 1220.90, 28.57, 30.67, 26.750, 20, 18, 22, 40, 138, 244, 403, 525, 560, 46, 0, 0, 6, 5, 6, 10, 36, 70, 125, 157, 193, 17, 0, 0
18:07:12, 1222.40, 28.56, 30.65, 26.750, 20, 19, 23, 42, 122, 218, 360, 469, 527, 44, 0, 0, 6, 5, 6, 9, 34, 67, 121, 151, 167, 15, 0, 0
18:07:12, 1223.30, 28.55, 30.65, 26.742, 17, 15, 19, 34, 102, 184, 303, 396, 413, 35, 0, 0, 6, 5, 6, 9, 34, 66, 120, 150, 160, 14, 0, 0
18:07:13, 1223.50, 28.55, 30.67, 26.750, 16, 14, 18, 31, 94, 170, 280, 365, 346, 29, 0, 0, 6, 5, 6, 9, 35, 68, 123, 154, 163, 15, 0, 0
18:07:14, 1227.40, 28.54, 30.65, 26.750, 20, 19, 23, 42, 134, 239, 404, 525, 624, 52, 0, 0, 5, 5, 5, 8, 31, 62, 112, 140, 172, 15, 0, 0
18:07:14, 1230.80, 28.54, 30.63, 26.750, 21, 19, 23, 43, 132, 235, 399, 518, 680, 58, 0, 0, 5, 4, 5, 8, 29, 56, 103, 130, 155, 14, 0, 0
18:07:15, 1225.20, 28.53, 30.67, 26.750, 14, 13, 16, 29, 75, 139, 232, 298, 366, 32, 0, 0, 6, 5, 6, 9, 35, 68, 125, 156, 168, 15, 0, 0
18:07:16, 1228.10, 28.53, 30.69, 26.750, 13, 11, 14, 25, 70, 130, 215, 276, 308, 27, 0, 0, 7, 6, 6, 10, 32, 63, 115, 143, 157, 14, 0, 0
18:07:16, 1232.90, 28.52, 30.69, 26.750, 16, 15, 18, 32, 92, 167, 280, 365, 411, 35, 0, 0, 5, 4, 5, 7, 27, 53, 98, 124, 137, 12, 0, 0
18:07:17, 1236.60, 28.51, 30.65, 26.750, 13, 12, 15, 26, 75, 138, 231, 304, 298, 25, 0, 0, 5, 4, 4, 7, 26, 52, 96, 121, 125, 11, 0, 0
18:07:18, 1237.00, 28.51, 30.65, 26.750, 12, 11, 13, 22, 73, 134, 229, 299, 274, 23, 0, 0, 5, 4, 4, 6, 24, 49, 91, 116, 122, 11, 0, 0
18:07:18, 1239.00, 28.50, 30.67, 26.742, 12, 11, 14, 24, 77, 143, 245, 319, 359, 30, 0, 0, 4, 4, 4, 6, 25, 50, 94, 118, 137, 12, 0, 0
18:07:19, 1242.90, 28.50, 30.65, 26.742, 13, 13, 15, 27, 88, 161, 277, 361, 490, 43, 0, 0, 4, 4, 4, 6, 23, 45, 85, 107, 127, 11, 0, 0
18:07:20, 1242.60, 28.49, 30.69, 26.742, 12, 11, 13, 23, 69, 127, 222, 285, 389, 35, 0, 0, 4, 3, 4, 6, 23, 45, 85, 107, 124, 11, 0, 0
18:07:20, 1240.20, 28.49, 30.65, 26.734, 11, 10, 12, 21, 66, 123, 213, 274, 368, 33, 0, 0, 5, 4, 4, 6, 26, 51, 95, 120, 138, 12, 0, 0
18:07:21, 1238.90, 28.49, 30.67, 26.727, 10, 9, 11, 19, 62, 115, 200, 256, 334, 29, 0, 0, 5, 4, 4, 7, 26, 52, 97, 122, 137, 12, 0, 0
18:07:22, 1240.20, 28.49, 30.65, 26.727, 11, 10, 12, 21, 67, 124, 214, 278, 324, 28, 0, 0, 4, 4, 4, 6, 23, 47, 88, 112, 121, 11, 0, 0
18:07:22, 1237.30, 28.49, 30.69, 26.719, 12, 11, 14, 24, 69, 128, 219, 287, 312, 26, 0, 0, 5, 4, 4, 6, 25, 50, 94, 119, 127, 11, 0, 0
18:07:23, 1233.50, 28.48, 30.67, 26.727, 11, 10, 12, 21, 60, 113, 192, 249, 270, 23, 0, 0, 5, 4, 5, 7, 29, 57, 106, 134, 142, 13, 0, 0
18:07:24, 1232.20, 28.48, 30.65, 26.727, 11, 10, 12, 21, 64, 117, 201, 256, 338, 30, 0, 0, 6, 5, 5, 8, 33, 64, 119, 150, 175, 16, 0, 0
18:07:24, 1236.90, 28.47, 30.67, 26.719, 11, 10, 12, 22, 65, 119, 207, 260, 387, 35, 0, 0, 6, 5, 5, 8, 27, 53, 98, 125, 149, 13, 0, 0
18:07:25, 1237.90, 28.46, 30.69, 26.719, 17, 16, 19, 34, 102, 186, 322, 421, 499, 42, 0, 0, 4, 4, 4, 6, 24, 48, 90, 114, 130, 11, 0, 0
18:07:26, 1239.60, 28.46, 30.65, 26.719, 11, 10, 13, 21, 68, 127, 218, 287, 308, 26, 0, 0, 4, 4, 4, 6, 25, 49, 93, 118, 120, 11, 0, 0
18:07:26, 1239.80, 28.46, 30.71, 26.734, 10, 9, 11, 19, 61, 114, 195, 257, 240, 20, 0, 0, 4, 4, 4, 6, 23, 47, 88, 112, 116, 10, 0, 0
18:07:27, 1242.00, 28.45, 30.67, 26.742, 12, 11, 13, 22, 70, 130, 224, 294, 313, 26, 0, 0, 4, 3, 4, 6, 22, 44, 83, 105, 120, 11, 0, 0
18:07:28, 1244.50, 28.45, 30.65, 26.742, 11, 11, 13, 22, 70, 129, 226, 294, 379, 33, 0, 0, 4, 3, 3, 5, 22, 43, 83, 105, 120, 11, 0, 0
18:07:28, 1245.50, 28.45, 30.67, 26.750, 10, 9, 11, 19, 61, 114, 199, 258, 315, 27, 0, 0, 4, 3, 3, 5, 21, 43, 81, 103, 113, 10, 0, 0
18:07:29, 1244.80, 28.44, 30.69, 26.750, 9, 9, 11, 18, 54, 103, 179, 234, 267, 23, 0, 0, 4, 3, 3, 5, 21, 43, 81, 103, 110, 10, 0, 0
18:07:30, 1247.10, 28.44, 30.67, 26.773, 11, 10, 12, 20, 60, 113, 195, 257, 272, 23, 0, 0, 4, 3, 3, 5, 19, 39, 74, 94, 101, 9, 0, 0
18:07:30, 1250.20, 28.45, 30.71, 26.766, 11, 11, 13, 21, 68, 128, 224, 296, 323, 27, 0, 0, 3, 3, 3, 4, 18, 36, 69, 88, 96, 8, 0, 0
18:07:31, 1251.90, 28.44, 30.63, 26.766, 11, 11, 13, 21, 68, 127, 224, 297, 315, 26, 0, 0, 3, 2, 3, 4, 17, 35, 66, 84, 91, 8, 0, 0
18:07:32, 1252.20, 28.44, 30.67, 26.758, 10, 9, 11, 17, 55, 104, 181, 239, 226, 19, 0, 0, 3, 3, 3, 5, 18, 36, 69, 88, 91, 8, 0, 0
18:07:32, 1251.80, 28.44, 30.67, 26.766, 9, 8, 10, 15, 53, 101, 175, 232, 226, 19, 0, 0, 3, 3, 3, 5, 18, 36, 69, 88, 94, 8, 0, 0
18:07:33, 1255.50, 28.44, 30.65, 26.766, 10, 10, 12, 20, 66, 124, 220, 289, 346, 29, 0, 0, 3, 2, 3, 4, 16, 33, 63, 81, 92, 8, 0, 0
18:07:34, 1256.00, 28.43, 30.67, 26.766, 9, 9, 11, 18, 51, 97, 170, 226, 249, 21, 0, 0, 3, 2, 3, 4, 17, 34, 66, 84, 87, 8, 0, 0
18:07:35, 1258.10, 28.43, 30.65, 26.766, 9, 8, 10, 16, 54, 103, 183, 243, 240, 20, 0, 0, 3, 2, 2, 4, 15, 32, 61, 79, 81, 7, 0, 0
18:07:35, 1257.90, 28.43, 30.69, 26.766, 7, 7, 8, 13, 43, 84, 148, 196, 182, 15, 0, 0, 3, 2, 3, 4, 16, 33, 64, 82, 83, 7, 0, 0
18:07:36, 1258.60, 28.43, 30.69, 26.758, 9, 8, 10, 15, 49, 95, 168, 222, 230, 19, 0, 0, 3, 2, 2, 4, 16, 32, 62, 80, 84, 7, 0, 0
18:07:37, 1259.50, 28.42, 30.67, 26.766, 8, 8, 10, 15, 51, 98, 175, 230, 272, 23, 0, 0, 3, 2, 2, 4, 16, 32, 62, 80, 88, 8, 0, 0
18:07:37, 1262.00, 28.42, 30.69, 26.766, 8, 8, 10, 16, 51, 98, 175, 230, 269, 23, 0, 0, 3, 2, 2, 3, 14, 29, 56, 72, 81, 7, 0, 0
18:07:38, 1261.60, 28.42, 30.67, 26.766, 9, 9, 11, 18, 54, 103, 184, 243, 279, 24, 0, 0, 3, 2, 2, 3, 15, 31, 60, 76, 80, 7, 0, 0
18:07:39, 1264.10, 28.41, 30.67, 26.773, 7, 6, 8, 11, 41, 79, 141, 187, 179, 15, 0, 0, 3, 2, 2, 3, 14, 29, 56, 72, 74, 6, 0, 0
18:07:39, 1265.20, 28.41, 30.67, 26.773, 8, 7, 9, 14, 44, 85, 152, 202, 193, 16, 0, 0, 2, 2, 2, 3, 13, 28, 54, 70, 72, 6, 0, 0
18:07:40, 1266.70, 28.41, 30.65, 26.766, 8, 7, 9, 13, 44, 85, 153, 202, 236, 20, 0, 0, 2, 2, 2, 3, 13, 28, 54, 69, 78, 7, 0, 0
18:07:41, 1267.80, 28.41, 30.69, 26.766, 7, 7, 9, 14, 44, 85, 154, 202, 256, 22, 0, 0, 2, 2, 2, 3, 13, 28, 54, 70, 79, 7, 0, 0
18:07:41, 1269.70, 28.41, 30.65, 26.766, 6, 6, 8, 12, 39, 76, 137, 179, 223, 20, 0, 0, 3, 2, 2, 3, 13, 28, 54, 70, 78, 7, 0, 0
18:07:42, 1272.80, 28.40, 30.69, 26.766, 6, 6, 7, 11, 34, 67, 121, 159, 190, 17, 0, 0, 2, 2, 2, 3, 12, 25, 50, 64, 69, 6, 0, 0
18:07:43, 1272.60, 28.40, 30.65, 26.766, 6, 5, 7, 10, 34, 67, 121, 160, 165, 14, 0, 0, 2, 2, 2, 3, 12, 26, 51, 65, 65, 5, 0, 0
18:07:43, 1273.80, 28.40, 30.71, 26.766, 5, 5, 6, 8, 33, 65, 117, 156, 147, 12, 0, 0, 2, 2, 2, 3, 11, 24, 48, 62, 63, 5, 0, 0
18:07:44, 1271.10, 28.40, 30.69, 26.758, 6, 6, 7, 11, 31, 62, 113, 149, 155, 13, 0, 0, 2, 2, 2, 3, 13, 27, 54, 69, 74, 6, 0, 0
18:07:45, 1273.00, 28.39, 30.67, 26.758, 5, 5, 6, 9, 33, 65, 120, 155, 217, 20, 0, 0, 2, 2, 2, 3, 13, 27, 54, 70, 81, 7, 0, 0
18:07:45, 1277.50, 28.39, 30.69, 26.758, 6, 6, 7, 11, 40, 79, 144, 190, 263, 24, 0, 0, 2, 2, 2, 3, 11, 23, 47, 61, 71, 6, 0, 0
18:07:46, 1274.90, 28.38, 30.69, 26.750, 5, 5, 6, 10, 34, 65, 120, 157, 237, 22, 0, 0, 3, 2, 2, 3, 14, 30, 58, 76, 93, 8, 0, 0
18:07:47, 1279.30, 28.38, 30.67, 26.750, 6, 5, 7, 10, 34, 66, 119, 158, 244, 23, 0, 0, 3, 3, 3, 4, 16, 32, 64, 83, 103, 9, 0, 0
18:07:47, 1284.30, 28.38, 30.65, 26.750, 5, 5, 6, 9, 27, 55, 98, 132, 195, 18, 0, 0, 3, 2, 2, 4, 14, 29, 57, 75, 92, 8, 0, 0
18:07:48, 1288.30, 28.37, 30.65, 26.734, 5, 5, 6, 9, 28, 57, 103, 138, 171, 15, 0, 0, 2, 2, 2, 3, 11, 23, 46, 60, 69, 6, 0, 0
18:07:49, 1288.20, 28.36, 30.67, 26.734, 5, 4, 5, 8, 27, 54, 101, 134, 128, 11, 0, 0, 2, 1, 1, 2, 10, 22, 44, 58, 61, 5, 0, 0
18:07:49, 1289.00, 28.35, 30.69, 26.734, 4, 4, 5, 8, 24, 49, 92, 122, 109, 9, 0, 0, 2, 2, 2, 2, 10, 22, 43, 57, 59, 5, 0, 0
18:07:50, 1290.40, 28.33, 30.65, 26.719, 4, 4, 5, 7, 21, 44, 83, 109, 97, 8, 0, 0, 2, 2, 2, 3, 11, 23, 47, 62, 65, 6, 0, 0
18:07:51, 1295.50, 28.32, 30.71, 26.727, 4, 4, 5, 7, 21, 43, 80, 106, 114, 10, 0, 0, 2, 2, 2, 3, 11, 23, 46, 61, 69, 6, 0, 0
18:07:51, 1299.70, 28.30, 30.67, 26.727, 4, 3, 4, 6, 20, 41, 77, 103, 114, 10, 0, 0, 2, 1, 1, 2, 9, 21, 42, 55, 63, 5, 0, 0
18:07:52, 1300.30, 28.29, 30.67, 26.719, 3, 3, 4, 6, 18, 37, 71, 95, 101, 9, 0, 0, 2, 1, 1, 2, 9, 20, 41, 54, 60, 5, 0, 0
18:07:53, 1300.50, 28.28, 30.67, 26.727, 3, 3, 4, 5, 16, 34, 65, 85, 86, 7, 0, 0, 2, 2, 2, 2, 10, 21, 43, 57, 62, 5, 0, 0
18:07:53, 1303.40, 28.27, 30.67, 26.727, 3, 3, 4, 4, 15, 32, 62, 82, 79, 7, 0, 0, 2, 1, 1, 2, 8, 19, 38, 50, 54, 5, 0, 0
18:07:54, 1302.90, 28.26, 30.71, 26.719, 2, 2, 3, 5, 13, 28, 53, 71, 77, 7, 0, 0, 2, 1, 2, 2, 9, 20, 40, 52, 60, 5, 0, 0
18:07:55, 1297.30, 28.26, 30.71, 26.719, 3, 3, 4, 5, 17, 35, 67, 88, 90, 8, 0, 0, 2, 2, 2, 2, 10, 22, 44, 58, 64, 6, 0, 0
18:07:55, 1294.50, 28.25, 30.69, 26.719, 3, 3, 4, 6, 19, 39, 75, 99, 102, 9, 0, 0, 2, 2, 2, 3, 11, 24, 47, 62, 71, 6, 0, 0
18:07:56, 1290.80, 28.24, 30.67, 26.719, 4, 3, 4, 6, 21, 43, 80, 107, 121, 11, 0, 0, 2, 2, 2, 3, 12, 26, 52, 68, 79, 7, 0, 0
18:07:57, 1286.80, 28.24, 30.71, 26.719, 4, 4, 5, 7, 23, 48, 88, 116, 138, 12, 0, 0, 3, 2, 2, 3, 13, 28, 55, 72, 86, 8, 0, 0
18:07:57, 1282.20, 28.24, 30.65, 26.719, 5, 4, 5, 7, 26, 53, 96, 127, 157, 14, 0, 0, 3, 2, 3, 4, 15, 32, 63, 81, 98, 9, 0, 0
18:07:58, 1276.40, 28.23, 30.63, 26.719, 5, 5, 6, 8, 28, 57, 101, 135, 167, 15, 0, 0, 4, 3, 3, 4, 18, 37, 72, 93, 113, 10, 0, 0
18:07:59, 1267.90, 28.23, 30.67, 26.719, 5, 5, 6, 9, 30, 61, 107, 141, 187, 17, 0, 0, 4, 4, 4, 6, 24, 50, 94, 122, 152, 15, 0, 0
18:07:59, 1261.90, 28.24, 30.71, 26.719, 5, 5, 6, 10, 30, 60, 104, 136, 185, 17, 0, 0, 6, 5, 5, 7, 26, 54, 102, 131, 165, 16, 0, 0
18:08:00, 1249.90, 28.24, 30.69, 26.727, 6, 5, 7, 11, 36, 71, 121, 158, 226, 21, 0, 0, 8, 7, 8, 11, 48, 97, 177, 229, 292, 29, 0, 0
18:08:01, 1248.50, 28.24, 30.69, 26.727, 6, 5, 7, 10, 34, 67, 112, 146, 241, 23, 0, 0, 9, 8, 9, 13, 43, 86, 157, 201, 272, 27, 0, 0
18:08:01, 1244.60, 28.24, 30.71, 26.727, 8, 7, 9, 14, 44, 84, 140, 182, 279, 26, 0, 0, 8, 7, 8, 12, 44, 88, 160, 205, 274, 27, 0, 0
18:08:02, 1240.30, 28.24, 30.69, 26.734, 8, 7, 9, 14, 47, 88, 146, 190, 303, 29, 0, 0, 10, 9, 9, 14, 49, 97, 175, 224, 296, 29, 0, 0
18:08:03, 1235.80, 28.24, 30.65, 26.734, 10, 8, 11, 18, 57, 108, 178, 230, 338, 31, 0, 0, 10, 9, 10, 15, 57, 111, 198, 253, 317, 31, 0, 0
18:08:03, 1230.90, 28.24, 30.69, 26.727, 10, 8, 11, 18, 58, 108, 177, 228, 373, 35, 0, 0, 12, 10, 11, 18, 61, 117, 208, 263, 357, 35, 0, 0
18:08:04, 1226.70, 28.23, 30.67, 26.742, 11, 10, 12, 20, 66, 123, 199, 256, 397, 37, 0, 0, 12, 11, 12, 18, 65, 126, 222, 279, 374, 37, 0, 0
18:08:05, 1221.30, 28.24, 30.65, 26.742, 12, 10, 13, 22, 68, 126, 201, 258, 407, 38, 0, 0, 15, 13, 15, 24, 86, 163, 284, 356, 499, 50, 0, 0
18:08:05, 1220.00, 28.23, 30.67, 26.742, 13, 11, 14, 24, 75, 137, 218, 279, 460, 44, 0, 0, 14, 12, 14, 22, 74, 141, 247, 308, 421, 42, 0, 0
18:08:06, 1218.80, 28.23, 30.67, 26.758, 14, 12, 15, 27, 82, 149, 237, 302, 451, 41, 0, 0, 14, 12, 14, 22, 75, 144, 250, 312, 418, 41, 0, 0
18:08:07, 1212.40, 28.24, 30.71, 26.758, 15, 13, 16, 29, 87, 156, 246, 313, 490, 45, 0, 0, 17, 15, 16, 26, 93, 176, 303, 375, 518, 51, 0, 0
18:08:07, 1210.00, 28.23, 30.69, 26.750, 16, 14, 18, 32, 96, 173, 273, 345, 493, 45, 0, 0, 17, 15, 17, 28, 91, 171, 293, 362, 487, 48, 0, 0
18:08:08, 1205.40, 28.23, 30.67, 26.766, 15, 13, 17, 30, 90, 161, 249, 315, 509, 48, 0, 0, 21, 19, 21, 35, 120, 222, 378, 467, 671, 68, 0, 0
18:08:09, 1202.70, 28.23, 30.67, 26.766, 16, 14, 18, 32, 99, 175, 269, 341, 581, 55, 0, 0, 21, 19, 21, 36, 126, 232, 392, 484, 698, 71, 0, 0
18:08:09, 1201.40, 28.23, 30.69, 26.758, 17, 15, 19, 36, 111, 196, 301, 381, 608, 56, 0, 0, 22, 20, 22, 37, 130, 239, 403, 499, 691, 69, 0, 0
18:08:10, 1199.60, 28.23, 30.67, 26.766, 17, 15, 19, 36, 109, 190, 291, 367, 610, 57, 0, 0, 22, 20, 22, 37, 118, 218, 367, 454, 642, 64, 0, 0
18:08:11, 1195.50, 28.22, 30.65, 26.766, 18, 15, 20, 37, 109, 189, 287, 361, 640, 61, 0, 0, 26, 24, 27, 46, 145, 265, 441, 543, 789, 80, 0, 0
18:08:11, 1193.80, 28.22, 30.71, 26.742, 21, 18, 24, 46, 131, 227, 344, 432, 711, 66, 0, 0, 25, 22, 25, 43, 143, 260, 434, 530, 755, 75, 0, 0
18:08:12, 1192.90, 28.22, 30.69, 26.750, 21, 17, 23, 45, 134, 231, 349, 439, 741, 69, 0, 0, 25, 23, 26, 44, 157, 284, 474, 579, 818, 82, 0, 0
18:08:13, 1191.50, 28.22, 30.67, 26.750, 21, 18, 24, 47, 138, 236, 354, 445, 790, 75, 0, 0, 27, 25, 28, 50, 167, 299, 488, 601, 853, 86, 0, 0
18:08:13, 1189.90, 28.22, 30.67, 26.750, 23, 19, 26, 51, 149, 254, 381, 479, 837, 79, 0, 0, 25, 22, 25, 44, 148, 267, 440, 539, 777, 77, 0, 0
18:08:14, 1189.50, 28.22, 30.71, 26.750, 24, 20, 27, 53, 156, 264, 394, 494, 877, 83, 0, 0, 28, 25, 29, 50, 170, 305, 502, 613, 907, 92, 0, 0
18:08:15, 1190.00, 28.22, 30.69, 26.750, 26, 21, 29, 56, 160, 272, 407, 512, 883, 83, 0, 0, 25, 23, 26, 45, 147, 266, 440, 536, 764, 76, 0, 0
18:08:15, 1187.20, 28.22, 30.74, 26.758, 23, 20, 26, 52, 149, 253, 377, 470, 806, 76, 0, 0, 29, 26, 31, 53, 179, 321, 526, 639, 946, 96, 0, 0
18:08:16, 1186.50, 28.22, 30.71, 26.773, 23, 20, 26, 52, 148, 251, 373, 465, 788, 74, 0, 0, 29, 26, 30, 53, 169, 304, 498, 604, 872, 87, 0, 0
18:08:17, 1188.10, 28.22, 30.67, 26.773, 25, 21, 29, 57, 165, 279, 415, 518, 882, 83, 0, 0, 26, 23, 27, 47, 145, 262, 430, 523, 746, 73, 0, 0
18:08:17, 1183.60, 28.22, 30.69, 26.766, 27, 23, 31, 62, 171, 289, 432, 536, 850, 78, 0, 0, 27, 24, 28, 50, 165, 296, 483, 584, 832, 82, 0, 0
18:08:18, 1181.80, 28.22, 30.67, 26.773, 25, 21, 29, 57, 153, 257, 379, 470, 843, 80, 0, 0, 37, 33, 39, 70, 210, 367, 594, 723, 1025, 103, 0, 0
18:08:19, 1186.20, 28.22, 30.67, 26.773, 26, 22, 30, 60, 175, 295, 436, 542, 907, 84, 0, 0, 24, 21, 24, 43, 146, 262, 430, 522, 745, 73, 0, 0
18:08:19, 1183.70, 28.22, 30.69, 26.766, 30, 25, 34, 67, 185, 309, 457, 570, 987, 93, 0, 0, 29, 26, 30, 54, 176, 313, 510, 619, 891, 89, 0, 0
18:08:20, 1183.60, 28.22, 30.67, 26.766, 28, 23, 31, 62, 172, 290, 431, 537, 904, 84, 0, 0, 30, 26, 31, 54, 175, 310, 508, 617, 905, 91, 0, 0
18:08:21, 1180.60, 28.22, 30.69, 26.773, 24, 20, 27, 53, 149, 248, 367, 456, 869, 84, 0, 0, 37, 32, 38, 69, 216, 382, 616, 752, 1125, 115, 0, 0
18:08:21, 1177.00, 28.22, 30.69, 26.766, 30, 25, 34, 69, 182, 306, 452, 560, 908, 84, 0, 0, 31, 27, 32, 57, 185, 327, 529, 636, 882, 87, 0, 0
18:08:22, 1173.00, 28.22, 30.67, 26.766, 29, 25, 34, 71, 166, 277, 409, 499, 790, 73, 0, 0, 38, 34, 41, 74, 228, 400, 640, 766, 1087, 108, 0, 0
18:08:23, 1169.70, 28.21, 30.67, 26.773, 29, 26, 35, 74, 209, 339, 517, 614, 771, 68, 0, 0, 33, 30, 35, 65, 205, 361, 576, 690, 877, 85, 0, 0
18:08:23, 1165.20, 28.21, 30.69, 26.781, 33, 31, 42, 91, 238, 380, 580, 682, 821, 72, 0, 0, 38, 34, 41, 76, 235, 407, 645, 769, 1018, 99, 0, 0
18:08:24, 1165.70, 28.21, 30.69, 26.781, 40, 35, 49, 107, 282, 453, 662, 804, 1227, 110, 0, 0, 34, 30, 36, 68, 216, 374, 594, 710, 1016, 99, 0, 0
18:08:25, 1161.90, 28.21, 30.72, 26.797, 41, 35, 50, 106, 272, 435, 624, 760, 1268, 117, 0, 0, 41, 36, 45, 84, 240, 410, 647, 771, 1136, 111, 0, 0
18:08:25, 1166.60, 28.20, 30.69, 26.805, 46, 38, 56, 117, 288, 456, 648, 800, 1529, 147, 0, 0, 37, 33, 40, 76, 200, 342, 544, 651, 967, 93, 0, 0
18:08:26, 1169.40, 28.21, 30.69, 26.805, 76, 74, 104, 228, 586, 921, 1409, 1749, 2600, 218, 0, 0, 21, 18, 22, 41, 162, 283, 455, 546, 782, 74, 0, 0
18:08:27, 1168.10, 28.21, 30.67, 26.820, 39, 34, 47, 101, 252, 408, 593, 717, 1110, 101, 0, 0, 40, 36, 43, 81, 242, 417, 661, 787, 1123, 111, 0, 0
18:08:27, 1172.50, 28.22, 30.72, 26.828, 50, 43, 60, 127, 288, 469, 682, 843, 1390, 127, 0, 0, 28, 25, 30, 54, 179, 314, 503, 603, 865, 84, 0, 0
18:08:28, 1158.20, 28.22, 30.65, 26.828, 35, 29, 41, 86, 199, 322, 461, 560, 1001, 94, 0, 0, 58, 52, 64, 122, 407, 685, 1064, 1267, 1989, 206, 0, 0
18:08:29, 1155.20, 28.22, 30.67, 26.836, 32, 27, 39, 84, 242, 387, 557, 665, 1056, 97, 0, 0, 53, 47, 58, 112, 355, 599, 923, 1086, 1559, 155, 0, 0
18:08:29, 1160.60, 28.22, 30.65, 26.875, 33, 29, 41, 89, 247, 392, 569, 671, 988, 89, 0, 0, 47, 43, 52, 100, 285, 485, 755, 890, 1289, 127, 0, 0
18:08:30, 1162.50, 28.22, 30.67, 26.875, 44, 38, 54, 117, 278, 447, 641, 776, 1263, 116, 0, 0, 40, 36, 43, 82, 246, 421, 660, 780, 1132, 111, 0, 0
18:08:31, 1161.30, 28.22, 30.63, 26.898, 41, 36, 51, 109, 294, 469, 673, 813, 1307, 119, 0, 0, 39, 35, 42, 80, 248, 425, 665, 786, 1152, 113, 0, 0
18:08:31, 1159.90, 28.23, 30.69, 26.898, 47, 40, 58, 124, 315, 499, 706, 863, 1549, 145, 0, 0, 44, 39, 48, 91, 275, 466, 726, 860, 1295, 128, 0, 0
18:08:32, 1161.80, 28.22, 30.67, 26.898, 53, 45, 66, 141, 363, 575, 819, 1006, 1715, 157, 0, 0, 35, 31, 38, 71, 223, 382, 601, 712, 1031, 100, 0, 0
18:08:33, 1160.80, 28.22, 30.69, 26.883, 50, 43, 61, 132, 342, 544, 777, 948, 1564, 142, 0, 0, 36, 32, 39, 73, 236, 403, 633, 750, 1093, 106, 0, 0
18:08:33, 1156.90, 28.22, 30.67, 26.852, 47, 40, 58, 125, 321, 507, 719, 874, 1488, 137, 0, 0, 43, 39, 48, 91, 282, 477, 743, 879, 1315, 130, 0, 0
18:08:34, 1155.70, 28.22, 30.69, 26.852, 49, 41, 61, 131, 334, 525, 738, 900, 1603, 149, 0, 0, 44, 39, 49, 94, 291, 490, 761, 901, 1356, 133, 0, 0
18:08:35, 1156.40, 28.21, 30.69, 26.820, 55, 46, 69, 149, 373, 585, 824, 1009, 1766, 163, 0, 0, 41, 36, 45, 87, 265, 447, 697, 825, 1216, 118, 0, 0
18:08:35, 1152.00, 28.21, 30.67, 26.805, 51, 44, 65, 141, 330, 518, 740, 890, 1413, 128, 0, 0, 47, 42, 52, 102, 316, 530, 819, 966, 1408, 138, 0, 0
18:08:36, 1149.70, 28.21, 30.69, 26.805, 47, 40, 60, 130, 314, 490, 686, 829, 1467, 137, 0, 0, 56, 50, 63, 124, 361, 599, 919, 1089, 1676, 168, 0, 0
18:08:37, 1150.50, 28.20, 30.69, 26.781, 55, 46, 71, 151, 376, 582, 811, 993, 1832, 173, 0, 0, 47, 42, 52, 102, 298, 498, 771, 913, 1362, 133, 0, 0
18:08:37, 1148.40, 28.20, 30.67, 26.781, 59, 50, 76, 165, 402, 622, 870, 1058, 1829, 169, 0, 0, 47, 42, 53, 105, 321, 533, 822, 970, 1446, 142, 0, 0
18:08:38, 1143.60, 28.19, 30.69, 26.781, 60, 52, 79, 173, 402, 619, 862, 1044, 1832, 170, 0, 0, 54, 48, 62, 123, 370, 608, 928, 1096, 1656, 163, 0, 0
18:08:39, 1139.90, 28.19, 30.65, 26.773, 59, 51, 80, 174, 423, 641, 883, 1067, 1959, 184, 0, 0, 59, 53, 69, 138, 380, 621, 945, 1117, 1711, 168, 0, 0
18:08:39, 1137.10, 28.19, 30.67, 26.781, 72, 61, 98, 212, 498, 750, 1024, 1247, 2364, 224, 0, 0, 59, 53, 69, 140, 420, 681, 1030, 1213, 1884, 185, 0, 0
18:08:40, 1132.90, 28.19, 30.71, 26.781, 71, 61, 98, 213, 470, 700, 950, 1147, 2229, 214, 0, 0, 70, 63, 84, 171, 484, 775, 1166, 1371, 2150, 212, 0, 0
18:08:41, 1130.90, 28.19, 30.71, 26.773, 77, 65, 108, 233, 543, 804, 1083, 1311, 2570, 247, 0, 0, 65, 58, 78, 159, 443, 710, 1066, 1252, 1933, 189, 0, 0
18:08:41, 1128.00, 28.19, 30.71, 26.773, 84, 74, 122, 267, 572, 842, 1136, 1364, 2563, 243, 0, 0, 71, 64, 87, 178, 504, 799, 1193, 1399, 2205, 217, 0, 0
18:08:42, 1124.00, 28.19, 30.65, 26.773, 81, 69, 118, 253, 598, 867, 1154, 1398, 3018, 301, 0, 0, 80, 71, 99, 202, 580, 913, 1351, 1582, 2542, 252, 0, 0
18:08:43, 1122.00, 28.19, 30.67, 26.766, 80, 70, 118, 259, 582, 845, 1131, 1349, 2565, 244, 0, 0, 90, 82, 113, 235, 640, 999, 1473, 1720, 2753, 274, 0, 0
18:08:43, 1121.30, 28.19, 30.67, 26.781, 77, 67, 116, 250, 559, 805, 1068, 1280, 2731, 272, 0, 0, 90, 81, 114, 237, 649, 1008, 1482, 1733, 2853, 285, 0, 0
18:08:44, 1118.30, 28.18, 30.67, 26.781, 101, 88, 156, 331, 672, 953, 1261, 1518, 3317, 334, 0, 0, 87, 79, 111, 233, 633, 981, 1440, 1682, 2739, 270, 0, 0
18:08:45, 1111.40, 28.19, 30.71, 26.773, 96, 85, 150, 321, 645, 916, 1199, 1429, 2999, 297, 0, 0, 115, 104, 151, 317, 868, 1317, 1901, 2210, 3723, 377, 0, 0
18:08:45, 1110.80, 28.19, 30.69, 26.781, 92, 82, 150, 315, 690, 959, 1248, 1489, 3404, 350, 0, 0, 124, 115, 170, 363, 819, 1234, 1781, 2081, 3399, 338, 0, 0
18:08:46, 1108.10, 28.19, 30.69, 26.781, 107, 96, 177, 372, 753, 1049, 1361, 1618, 3493, 351, 0, 0, 110, 100, 148, 312, 756, 1146, 1651, 1911, 3118, 306, 0, 0
18:08:47, 1100.20, 28.19, 30.67, 26.789, 114, 103, 192, 399, 721, 996, 1284, 1525, 3452, 354, 0, 0, 166, 156, 240, 512, 1216, 1784, 2521, 2910, 5011, 517, 0, 0
18:08:47, 1101.10, 28.19, 30.65, 26.797, 102, 96, 180, 379, 793, 1088, 1408, 1642, 3316, 330, 0, 0, 133, 123, 187, 397, 950, 1414, 2011, 2310, 3738, 372, 0, 0
18:08:48, 1100.50, 28.19, 30.67, 26.797, 126, 120, 224, 473, 878, 1204, 1549, 1814, 3767, 377, 0, 0, 135, 126, 193, 410, 986, 1457, 2064, 2369, 4027, 403, 0, 0
18:08:49, 1097.20, 28.19, 30.69, 26.820, 124, 119, 224, 469, 856, 1168, 1510, 1750, 3460, 343, 0, 0, 135, 126, 193, 412, 989, 1460, 2061, 2356, 3851, 383, 0, 0
18:08:49, 1094.30, 28.19, 30.69, 26.875, 131, 127, 240, 499, 936, 1265, 1604, 1874, 4054, 416, 0, 0, 147, 139, 219, 467, 1056, 1538, 2154, 2459, 4225, 421, 0, 0
18:08:50, 1097.00, 28.20, 30.71, 26.875, 173, 168, 321, 660, 1223, 1662, 2110, 2474, 5147, 519, 0, 0, 118, 110, 170, 363, 867, 1281, 1808, 2067, 3381, 329, 0, 0
18:08:51, 1094.90, 28.20, 30.71, 26.906, 190, 182, 344, 709, 1238, 1693, 2138, 2521, 5355, 545, 0, 0, 124, 116, 180, 386, 927, 1361, 1910, 2176, 3624, 354, 0, 0
18:08:51, 1093.20, 28.21, 30.63, 26.953, 180, 178, 335, 694, 1255, 1706, 2192, 2523, 4862, 483, 0, 0, 130, 123, 192, 411, 1020, 1492, 2084, 2368, 3838, 380, 0, 0
18:08:52, 1089.50, 28.22, 30.72, 26.953, 160, 163, 309, 643, 1092, 1462, 1871, 2145, 4227, 426, 0, 0, 154, 147, 234, 499, 1172, 1693, 2344, 2660, 4461, 448, 0, 0
18:08:53, 1086.20, 28.23, 30.65, 26.969, 181, 187, 358, 734, 1331, 1775, 2262, 2599, 5135, 519, 0, 0, 143, 135, 217, 463, 1113, 1597, 2214, 2510, 4187, 413, 0, 0
18:08:53, 1081.10, 28.23, 30.69, 26.969, 210, 215, 428, 823, 1430, 1858, 2264, 2693, 7031, 810, 0, 0, 186, 181, 303, 645, 1513, 2099, 2885, 3268, 5844, 595, 0, 0
18:08:54, 1077.60, 28.24, 30.67, 26.992, 201, 208, 427, 790, 1349, 1728, 2120, 2503, 6611, 776, 0, 0, 180, 175, 294, 620, 1418, 1985, 2716, 3083, 5581, 562, 0, 0
18:08:55, 1072.70, 28.24, 30.69, 26.945, 187, 199, 411, 747, 1268, 1577, 1929, 2257, 6495, 810, 0, 0, 218, 217, 379, 789, 1690, 2303, 3106, 3522, 6649, 684, 0, 0
18:08:55, 1075.10, 28.24, 30.65, 26.945, 268, 287, 594, 1045, 1687, 2116, 2548, 3026, 8763, 1109, 0, 0, 176, 173, 298, 627, 1304, 1816, 2472, 2799, 5042, 494, 0, 0
18:08:56, 1070.40, 28.24, 30.65, 26.961, 354, 353, 728, 1283, 1867, 2397, 2836, 3414, 9543, 1174, 0, 0, 181, 180, 311, 651, 1495, 2055, 2777, 3138, 5766, 579, 0, 0
18:08:57, 1060.70, 28.24, 30.69, 26.992, 238, 277, 563, 975, 1568, 1942, 2295, 2693, 7490, 977, 0, 0, 255, 270, 492, 992, 1978, 2638, 3496, 3933, 7494, 781, 0, 0
18:08:57, 1057.40, 28.24, 30.69, 26.992, 431, 506, 1000, 1636, 2277, 2825, 3263, 3876, 11180, 1556, 0, 0, 234, 250, 460, 922, 1848, 2451, 3243, 3646, 6927, 709, 0, 0
18:08:58, 1054.80, 28.25, 30.69, 26.969, 511, 605, 1180, 1890, 2682, 3408, 3865, 4583, 12980, 1803, 0, 0, 230, 249, 458, 913, 1920, 2541, 3353, 3762, 6918, 719, 0, 0
18:08:59, 1049.10, 28.24, 30.65, 26.953, 334, 475, 872, 1472, 2193, 2640, 3290, 3568, 7339, 1003, 0, 0, 262, 296, 553, 1077, 2065, 2696, 3519, 3942, 7231, 763, 0, 0
18:08:59, 1045.90, 28.24, 30.65, 26.953, 464, 669, 1196, 1915, 2743, 3338, 3967, 4422, 10305, 1553, 0, 0, 270, 312, 588, 1126, 1905, 2471, 3216, 3587, 6660, 695, 0, 0
18:09:00, 1041.20, 28.24, 30.67, 26.969, 1349, 1504, 2499, 4801, 5597, 9179, 10538, 10959, 30631, 4090, 0, 0, 217, 252, 474, 913, 1871, 2410, 3119, 3479, 6522, 688, 0, 0
18:09:01, 1027.60, 28.25, 30.72, 27.023, 1111, 1592, 2511, 4242, 4437, 5436, 7022, 6790, 15033, 2649, 0, 0, 283, 364, 687, 1237, 2184, 2708, 3445, 3822, 7586, 848, 0, 0
18:09:01, 1023.30, 28.26, 30.67, 27.023, 3540, 6861, 7937, 10787, 13287, 12575, 15344, 19507, 36000, 17020, 1, 1, 277, 372, 697, 1217, 2006, 2459, 3111, 3459, 7294, 823, 0, 0
18:09:02, 1021.10, 28.26, 30.71, 27.055, 4129, 8719, 12505, 16335, 19982, 21691, 24731, 25796, 36000, 21744, 1, 1, 169, 226, 423, 750, 1034, 1295, 1665, 1842, 3789, 426, 0, 0
18:09:03, 1023.50, 28.27, 30.65, 27.070, 2341, 4045, 6431, 8260, 19095, 21589, 25661, 25626, 36000, 15194, 1, 1, 164, 223, 409, 719, 1345, 1668, 2128, 2353, 4547, 509, 0, 0
18:09:03, 1014.70, 28.28, 30.67, 27.070, 2960, 4855, 7293, 8707, 20158, 21654, 26805, 26714, 35906, 14733, 0, 1, 207, 285, 529, 928, 1710, 2098, 2643, 2933, 5139, 599, 0, 0
18:09:04, 1013.00, 28.27, 30.69, 27.078, 5881, 10650, 14261, 17974, 9799, 10817, 12382, 13975, 27125, 10490, 0, 0, 1695, 2654, 3775, 4713, 9133, 9947, 11792, 13821, 32745, 18646, 0, 1
18:09:05, 1013.10, 28.26, 30.67, 27.078, 5618, 10985, 14501, 17502, 24840, 29762, 33626, 34380, 36000, 19317, 1, 1, 10282, 19051, 25431, 34673, 35960, 36000, 36000, 36000, 36000, 36000, 1, 1
18:09:05, 1012.20, 28.22, 30.71, 27.078, 7239, 12513, 18519, 22338, 25781, 30106, 35289, 35841, 36000, 36000, 1, 1, 15789, 23856, 35982, 36000, 36000, 36000, 36000, 36000, 36000, 36000, 1, 1
18:09:06, 1013.10, 28.24, 30.69, 27.023, 4087, 2949, 5620, 7306, 2203, 2926, 2657, 3591, 10077, 5222, 0, 0, 12633, 20634, 29126, 34014, 35016, 36000, 36000, 36000, 36000, 36000, 1, 1
18:09:07, 1012.70, 28.25, 30.67, 26.930, 3452, 2965, 5893, 4419, 3654, 5278, 3313, 5661, 11020, 5409, 0, 0, 10001, 17746, 22647, 31007, 35910, 36000, 36000, 36000, 36000, 36000, 1, 1
18:09:07, 1012.80, 28.27, 30.71, 26.930, 2427, 4563, 5296, 8175, 22671, 21336, 27145, 28272, 19102, 9038, 0, 0, 13041, 23669, 30963, 36000, 36000, 36000, 36000, 36000, 36000, 36000, 1, 1
18:09:08, 1012.50, 28.29, 30.71, 26.852, 8115, 12349, 18231, 22051, 20922, 24537, 28247, 34125, 36000, 19799, 1, 1, 13788, 24624, 32565, 36000, 36000, 36000, 36000, 36000, 36000, 36000, 1, 1
18:09:09, 1011.90, 28.29, 30.72, 26.781, 3861, 5204, 6278, 9052, 2764, 6560, 4829, 5167, 15019, 7306, 0, 0, 16909, 29535, 36000, 36000, 36000, 36000, 36000, 36000, 36000, 36000, 1, 1
18:09:09, 1012.90, 28.33, 30.72, 26.781, 7414, 12659, 18002, 21819, 26643, 28822, 35293, 34979, 36000, 36000, 1, 1, 13886, 24625, 32775, 36000, 36000, 36000, 36000, 36000, 36000, 36000, 1, 1
18:09:10, 1012.50, 28.34, 30.71, 26.734, 5062, 7842, 10554, 15104, 22446, 22997, 32543, 31693, 28516, 17875, 0, 1, 13262, 23419, 31251, 36000, 36000, 36000, 36000, 36000, 36000, 36000, 1, 1
18:09:11, 1011.30, 28.35, 30.74, 26.695, 5041, 10727, 13655, 16716, 19736, 18073, 23571, 31905, 33864, 12765, 0, 1, 6127, 10737, 13798, 17891, 27742, 30372, 34773, 36000, 36000, 36000, 1, 1
18:09:11, 1009.40, 28.34, 30.72, 26.695, 5453, 10566, 14312, 21355, 23278, 15761, 19664, 30761, 36000, 28703, 1, 1, 19263, 30731, 36000, 36000, 36000, 36000, 36000, 36000, 36000, 36000, 1, 1
18:09:12, 1011.30, 28.32, 30.72, 26.656, 6529, 11619, 17747, 20463, 25829, 26682, 33232, 35315, 36000, 36000, 1, 1, 16414, 27694, 36000, 36000, 36000, 36000, 36000, 36000, 36000, 36000, 1, 1
18:09:13, 1012.20, 28.34, 30.74, 26.633, 6807, 10777, 17080, 20919, 22059, 30454, 36000, 36000, 36000, 19299, 1, 1, 10095, 18120, 23620, 31579, 36000, 36000, 36000, 36000, 36000, 36000, 1, 1
18:09:13, 1011.60, 28.37, 30.74, 26.633, 7905, 11135, 22656, 22947, 21971, 23104, 31408, 34678, 36000, 21762, 1, 1, 9978, 18017, 23498, 30948, 35793, 36000, 36000, 36000, 36000, 36000, 1, 1
18:09:14, 1011.90, 28.40, 30.74, 26.570, 7283, 12854, 17450, 22072, 26748, 29361, 31164, 34516, 36000, 34069, 1, 1, 11111, 19748, 26310, 33477, 29878, 31993, 35854, 36000, 36000, 36000, 1, 1
18:09:15, 1012.30, 28.41, 30.76, 26.539, 5856, 10515, 15078, 19507, 28108, 26704, 36000, 36000, 36000, 36000, 1, 1, 7189, 11950, 16413, 21392, 26656, 28364, 35724, 36000, 36000, 36000, 1, 1
18:09:16, 1012.00, 28.42, 30.76, 26.539, 4360, 10660, 11778, 14740, 13698, 14237, 16351, 21893, 36000, 13587, 1, 1, 13463, 21838, 31028, 35704, 36000, 36000, 36000, 36000, 36000, 36000, 1, 1
18:09:16, 1012.90, 28.44, 30.74, 26.508, 4198, 7625, 9874, 12194, 21364, 25226, 29287, 31996, 36000, 22666, 1, 1, 4825, 8070, 10803, 14495, 15519, 16272, 21578, 22724, 36000, 27873, 1, 1
18:09:17, 1012.90, 28.49, 30.76, 26.484, 6286, 8837, 13877, 17109, 19315, 17367, 20956, 24654, 36000, 36000, 1, 1, 5341, 9017, 12176, 15616, 13688, 15003, 18622, 21661, 36000, 26390, 1, 1
18:09:18, 1012.70, 28.51, 30.74, 26.484, 6296, 9907, 14729, 17996, 19626, 23971, 25839, 30795, 36000, 36000, 1, 1, 3257, 5321, 7028, 9772, 10973, 12038, 15273, 16911, 36000, 20363, 1, 1
18:09:18, 1012.60, 28.56, 30.80, 26.437, 5346, 9381, 14277, 14841, 20795, 19859, 24133, 27799, 36000, 36000, 1, 1, 3066, 5222, 6821, 9416, 10979, 12634, 15387, 18288, 36000, 20747, 1, 1
18:09:19, 1012.80, 28.57, 30.78, 26.391, 4976, 8150, 9677, 12749, 17891, 17669, 24975, 23509, 36000, 36000, 1, 1, 5729, 9592, 12939, 16872, 13378, 15569, 18745, 22496, 36000, 28405, 1, 1
18:09:20, 1012.80, 28.58, 30.78, 26.391, 5305, 9183, 15283, 14887, 20045, 16552, 24418, 25666, 36000, 36000, 1, 1, 2438, 4072, 5152, 7232, 8493, 10105, 11946, 14423, 35124, 16158, 0, 1
18:09:20, 1012.80, 28.58, 30.76, 26.359, 5482, 9643, 15894, 15676, 22098, 20409, 25246, 29568, 36000, 36000, 1, 1, 2410, 4051, 5074, 7061, 8211, 9460, 10872, 13730, 33371, 16451, 0, 1
18:09:21, 1012.70, 28.59, 30.74, 26.305, 5901, 10904, 14766, 18323, 23237, 21178, 27526, 30558, 36000, 36000, 1, 1, 5031, 8909, 11425, 15696, 11855, 13183, 15892, 19796, 36000, 28269, 1, 1
18:09:22, 1012.70, 28.60, 30.78, 26.305, 7314, 12648, 17245, 19389, 22992, 23346, 30950, 32533, 36000, 32703, 1, 1, 3444, 6083, 7567, 10290, 18508, 19731, 24062, 29303, 36000, 36000, 1, 1
18:09:22, 1012.80, 28.60, 30.80, 26.281, 5923, 9958, 14361, 16780, 24329, 26295, 22467, 33833, 36000, 33567, 1, 1, 3361, 6094, 7448, 10341, 12659, 13479, 16987, 20520, 36000, 33878, 1, 1
18:09:23, 1012.90, 28.61, 30.78, 26.250, 5994, 10907, 15176, 17921, 23067, 24475, 23716, 32234, 36000, 35451, 1, 1, 3584, 6542, 8228, 11574, 13595, 14906, 18545, 22084, 36000, 36000, 1, 1
18:09:24, 1012.50, 28.61, 30.78, 26.250, 7541, 12240, 15609, 17767, 25370, 27831, 26292, 36000, 36000, 26974, 1, 1, 3963, 7242, 9190, 12809, 18272, 19743, 23207, 28228, 36000, 36000, 1, 1
18:09:24, 1013.00, 28.62, 30.82, 26.211, 7741, 11531, 17585, 21631, 21808, 22041, 23829, 35623, 36000, 18567, 1, 1, 2981, 5111, 6689, 8640, 13999, 15875, 17548, 22581, 36000, 32995, 1, 1
18:09:25, 1013.10, 28.60, 30.80, 26.109, 7565, 11367, 15546, 16520, 20925, 25399, 25973, 32771, 36000, 15877, 1, 1, 3187, 5496, 7223, 9427, 9533, 11568, 12031, 16542, 35906, 22926, 0, 1
18:09:26, 1012.80, 28.60, 30.82, 26.109, 5342, 8469, 10032, 12552, 15923, 15216, 21846, 24802, 27127, 9510, 0, 0, 1187, 1817, 2503, 3180, 3930, 4480, 5317, 6185, 13486, 5816, 0, 0
18:09:26, 1012.40, 28.58, 30.78, 26.070, 4871, 9886, 9084, 13648, 15486, 14477, 19591, 25584, 36000, 11733, 1, 1, 1463, 2214, 3083, 3928, 3951, 4435, 5265, 6046, 12852, 5677, 0, 0
18:09:27, 1011.70, 28.57, 30.76, 26.125, 5162, 10131, 11574, 12154, 17818, 15348, 22593, 27312, 25806, 9006, 0, 0, 1111, 1695, 2355, 2952, 3622, 4074, 4790, 5578, 11772, 5211, 0, 0
18:09:28, 1011.60, 28.58, 30.80, 26.125, 151, 148, 209, 352, 261, 350, 383, 336, 1652, 714, 0, 0, 2702, 4449, 6014, 7676, 10964, 12200, 13586, 16678, 36000, 17942, 1, 1
18:09:28, 1012.30, 28.63, 30.80, 26.156, 1385, 1740, 2392, 3317, 5053, 6948, 6966, 7610, 28073, 11722, 0, 0, 3114, 5134, 6995, 8528, 6079, 6784, 7626, 9302, 22967, 11061, 0, 0
18:09:29, 1012.60, 28.63, 30.82, 26.156, 5567, 9702, 12147, 12352, 16817, 14730, 20061, 26238, 36000, 15028, 1, 1, 878, 1228, 1791, 2177, 2575, 2963, 3350, 3904, 9343, 4369, 0, 0
18:09:30, 1012.30, 28.63, 30.80, 26.203, 4559, 6958, 7911, 11069, 15649, 18677, 18414, 20911, 36000, 16202, 1, 1, 2097, 3455, 4664, 5900, 6041, 6647, 7559, 9160, 24678, 12764, 0, 0
18:09:30, 1012.50, 28.62, 30.80, 26.242, 4963, 10507, 12382, 14105, 19995, 16484, 23817, 31912, 35695, 13832, 0, 1, 1659, 2806, 3593, 4903, 10372, 11103, 13491, 15102, 35998, 21395, 0, 1
18:09:31, 1012.80, 28.60, 30.80, 26.242, 434, 541, 784, 951, 2009, 2337, 2854, 3404, 8726, 4227, 0, 0, 8031, 12384, 17989, 21950, 29370, 32722, 36000, 36000, 36000, 36000, 1, 1
18:09:32, 1012.30, 28.61, 30.80, 26.273, 4659, 7291, 11557, 11985, 14404, 9496, 19149, 13288, 36000, 36000, 1, 1, 6885, 8923, 12036, 15301, 11329, 17473, 28078, 32618, 36000, 36000, 1, 1
18:09:32, 1012.40, 28.62, 30.78, 26.227, 3300, 5926, 10004, 13395, 14311, 8883, 18814, 13022, 36000, 36000, 1, 1, 4478, 5904, 7676, 10159, 7699, 9774, 16751, 22106, 36000, 34885, 1, 1
18:09:33, 1012.20, 28.62, 30.84, 26.227, 8864, 12592, 18730, 24419, 26479, 33130, 35201, 35852, 36000, 36000, 1, 1, 1412, 1750, 2047, 2571, 2492, 4290, 8774, 12088, 30836, 19116, 0, 0
