Secchi Depth (cm) = 0070
Forel Ule Scale = 99
pH Colour Scale = 99
SensingSecchi S/N = A017
Latitude (degs N) = 34.25893
Longitude (degs E) = -77.98548
Date = 2026-06-25
Time (UTC), Pressure (mbar) MS5803, Temp (deg C) MS5803, Temp (deg C) 10KTHERM, Temp (deg C) TMP117, ED 415nm, ED 445nm, ED 480nm, ED 515nm, ED 555nm, ED 590nm, ED 630nm, ED 680nm, ED Clear, ED NIR, ED D-SAT, ED A-SAT, EU 415nm, EU 445nm, EU 480nm, EU 515nm, EU 555nm, EU 590nm, EU 630nm, EU 680nm, EU Clear, EU NIR, EU D-SAT, EU A-SAT
19:19:30, 1011.50, 27.07, 29.56, 26.133, 2255, 3351, 4664, 5586, 6206, 6653, 7750, 8386, 36000, 12438, 1, 1, 5397, 7928, 10530, 13636, 14921, 17009, 23423, 26474, 36000, 36000, 1, 1
19:19:30, 1011.60, 27.07, 29.54, 26.070, 1588, 2398, 3290, 4033, 4262, 4500, 5367, 5579, 23275, 7473, 0, 0, 5257, 7772, 10412, 13154, 16766, 18473, 24010, 27474, 36000, 36000, 1, 1
19:19:31, 1011.40, 27.07, 29.60, 25.977, 2756, 4389, 5786, 7833, 10032, 10288, 14429, 12650, 35352, 11958, 0, 1, 4664, 7715, 10592, 14000, 9114, 9423, 12461, 12648, 34287, 16891, 0, 1
19:19:32, 1022.20, 27.07, 29.58, 25.977, 2684, 3229, 5007, 5022, 9548, 10938, 11403, 15956, 19048, 6712, 0, 0, 192, 255, 510, 924, 1602, 1959, 2583, 2721, 4448, 438, 0, 0
19:19:32, 1031.60, 27.11, 29.58, 26.187, 912, 1541, 2426, 3263, 5680, 6021, 7519, 8757, 17200, 2705, 0, 0, 134, 156, 321, 636, 1219, 1527, 2039, 2159, 3871, 375, 0, 0
19:19:33, 1032.90, 27.20, 29.56, 27.531, 1321, 2320, 3693, 5015, 7448, 7953, 9876, 11672, 23706, 3554, 0, 0, 135, 158, 324, 640, 1174, 1469, 1960, 2076, 3808, 368, 0, 0
19:19:34, 1031.90, 27.29, 29.58, 27.531, 1139, 1950, 3215, 4413, 4463, 4931, 5993, 6997, 19737, 3567, 0, 0, 172, 213, 435, 831, 1339, 1661, 2206, 2336, 4577, 451, 0, 0
19:19:34, 1033.50, 27.37, 29.60, 28.320, 1102, 1932, 3113, 4220, 5814, 6220, 7693, 9072, 19227, 2955, 0, 0, 140, 166, 341, 670, 1214, 1518, 2025, 2145, 4033, 392, 0, 0
19:19:35, 1036.80, 27.45, 29.58, 28.750, 1147, 2143, 3467, 4963, 5700, 5922, 7467, 9141, 16498, 2405, 0, 0, 126, 145, 297, 591, 1045, 1321, 1776, 1884, 3461, 332, 0, 0
19:19:36, 1038.50, 27.53, 29.56, 28.750, 966, 1657, 2784, 4154, 5513, 5982, 7209, 9130, 13018, 1785, 0, 0, 113, 124, 253, 518, 976, 1250, 1695, 1797, 3073, 291, 0, 0
19:19:36, 1038.70, 27.61, 29.56, 28.984, 922, 1570, 2604, 3970, 4689, 5145, 6341, 7707, 11492, 1511, 0, 0, 108, 117, 239, 493, 974, 1248, 1695, 1799, 3149, 299, 0, 0
19:19:37, 1039.00, 27.68, 29.56, 29.117, 1077, 1988, 3419, 5043, 6024, 6490, 8459, 9977, 15196, 1936, 0, 0, 106, 113, 232, 482, 974, 1251, 1705, 1809, 3087, 291, 0, 0
19:19:38, 1039.20, 27.74, 29.56, 29.117, 1082, 1977, 3367, 4809, 7285, 7629, 9958, 12545, 18960, 2420, 0, 0, 107, 115, 236, 488, 977, 1255, 1709, 1815, 3146, 297, 0, 0
19:19:38, 1039.20, 27.79, 29.54, 29.195, 914, 1464, 2495, 3622, 5781, 6340, 7844, 9732, 18358, 2356, 0, 0, 107, 117, 239, 493, 963, 1234, 1680, 1784, 3163, 299, 0, 0
19:19:39, 1039.40, 27.83, 29.51, 29.250, 833, 1342, 2305, 3364, 3996, 4715, 5596, 6645, 15217, 2051, 0, 0, 107, 117, 238, 492, 969, 1245, 1697, 1799, 3174, 301, 0, 0
19:19:40, 1040.50, 27.87, 29.53, 29.250, 993, 1529, 2646, 3938, 4603, 5597, 6687, 7921, 18131, 2288, 0, 0, 108, 118, 241, 498, 984, 1265, 1720, 1829, 3304, 312, 0, 0
19:19:40, 1042.50, 27.90, 29.53, 29.273, 864, 1382, 2416, 3690, 4801, 5439, 6710, 7978, 20318, 2485, 0, 0, 111, 121, 247, 512, 1008, 1299, 1763, 1882, 3473, 323, 0, 0
19:19:41, 1044.80, 27.93, 29.53, 29.305, 909, 1598, 2710, 4202, 5340, 6381, 8075, 9546, 24114, 2821, 0, 0, 106, 113, 228, 480, 976, 1267, 1731, 1853, 3293, 310, 0, 0
19:19:42, 1047.90, 27.94, 29.54, 29.305, 645, 1096, 1916, 3154, 4613, 5252, 6814, 7860, 22161, 2737, 0, 0, 105, 111, 223, 472, 998, 1305, 1778, 1909, 3457, 315, 0, 0
19:19:42, 1049.50, 27.96, 29.54, 29.312, 620, 1053, 1879, 3108, 3648, 4402, 5707, 6006, 17504, 1960, 0, 0, 107, 110, 221, 472, 998, 1314, 1800, 1936, 3435, 310, 0, 0
19:19:43, 1046.40, 27.98, 29.53, 29.336, 674, 1223, 2235, 3482, 5679, 6126, 8703, 10079, 35201, 5356, 0, 1, 129, 136, 275, 577, 1167, 1522, 2073, 2230, 4058, 367, 0, 0
19:19:44, 1041.10, 28.01, 29.53, 29.336, 602, 1163, 2062, 3250, 5329, 5273, 8300, 8147, 33080, 6040, 0, 1, 141, 156, 316, 650, 1300, 1674, 2267, 2431, 4511, 415, 0, 0
19:19:44, 1038.90, 28.04, 29.53, 29.344, 685, 1315, 2134, 3604, 6291, 7111, 9590, 10485, 34404, 5585, 0, 1, 147, 166, 337, 684, 1278, 1639, 2212, 2371, 4431, 415, 0, 0
19:19:45, 1039.60, 28.07, 29.54, 29.352, 1152, 2054, 3276, 5199, 6748, 8148, 10124, 11713, 30726, 3801, 0, 0, 133, 146, 297, 611, 1204, 1550, 2106, 2261, 4183, 399, 0, 0
19:19:46, 1040.80, 28.09, 29.53, 29.352, 1036, 1683, 2901, 4380, 6564, 7568, 9462, 11279, 26020, 3096, 0, 0, 129, 141, 286, 589, 1197, 1542, 2102, 2250, 4218, 402, 0, 0
19:19:46, 1041.60, 28.12, 29.53, 29.352, 998, 1656, 2864, 4254, 4806, 5990, 7118, 8610, 17731, 2125, 0, 0, 126, 133, 269, 563, 1141, 1482, 2036, 2178, 3839, 362, 0, 0
19:19:47, 1037.00, 28.14, 29.54, 29.352, 1050, 1929, 3328, 4913, 9468, 10472, 13115, 17512, 35654, 6345, 0, 1, 168, 193, 393, 787, 1479, 1881, 2542, 2719, 5212, 492, 0, 0
19:19:48, 1030.80, 28.16, 29.53, 29.352, 1295, 2340, 3825, 5320, 5878, 6633, 8501, 9951, 28684, 4697, 0, 0, 188, 227, 460, 889, 1553, 1943, 2606, 2779, 5438, 539, 0, 0
19:19:48, 1024.90, 28.18, 29.53, 29.352, 1458, 2794, 4452, 5811, 11602, 10963, 13692, 18906, 34047, 6105, 0, 1, 202, 252, 510, 964, 1575, 1947, 2592, 2766, 5399, 558, 0, 0
19:19:49, 1027.10, 28.21, 29.51, 29.359, 1490, 2833, 4245, 5473, 6946, 6932, 9354, 10392, 21912, 3885, 0, 0, 129, 148, 300, 592, 1199, 1516, 2041, 2173, 3108, 294, 0, 0
19:19:50, 1029.90, 28.23, 29.53, 29.359, 842, 1492, 2346, 3328, 4622, 4568, 6810, 6261, 8097, 1191, 0, 0, 117, 130, 268, 537, 278, 341, 508, 525, 682, 79, 0, 0
19:19:50, 1030.40, 28.24, 29.54, 29.352, 2759, 4353, 7059, 10480, 10040, 11010, 14262, 15443, 20721, 3186, 0, 0, 136, 152, 310, 621, 1141, 1454, 1959, 2096, 3052, 290, 0, 0
19:19:51, 1031.30, 28.25, 29.54, 29.359, 1316, 2417, 3901, 5049, 7626, 9048, 10035, 12805, 12404, 1956, 0, 0, 135, 150, 303, 609, 1219, 1556, 2107, 2249, 3594, 349, 0, 0
19:19:52, 1034.60, 28.27, 29.53, 29.359, 1259, 2240, 3430, 5004, 6673, 7665, 9075, 11150, 13429, 1959, 0, 0, 142, 156, 317, 644, 1239, 1592, 2167, 2313, 3678, 354, 0, 0
19:19:52, 1036.00, 28.29, 29.47, 29.352, 1492, 2619, 4196, 6592, 7884, 9067, 11019, 12936, 14820, 2065, 0, 0, 139, 150, 306, 629, 1273, 1636, 2228, 2382, 3669, 346, 0, 0
19:19:53, 1037.00, 28.30, 29.49, 29.359, 1650, 2894, 4747, 6805, 12340, 12563, 17769, 21756, 19842, 2710, 0, 0, 132, 143, 289, 591, 1154, 1486, 2026, 2165, 3554, 338, 0, 0
19:19:54, 1038.70, 28.31, 29.51, 29.359, 1292, 1860, 3239, 4538, 6986, 7621, 8804, 11776, 12796, 1784, 0, 0, 133, 142, 288, 594, 1161, 1501, 2052, 2194, 3682, 353, 0, 0
19:19:54, 1039.80, 28.32, 29.49, 29.352, 1243, 2251, 3849, 6335, 9809, 11746, 14910, 17775, 15640, 2099, 0, 0, 125, 131, 264, 551, 1136, 1475, 2024, 2166, 3494, 330, 0, 0
19:19:55, 1037.80, 28.33, 29.51, 29.367, 1115, 1919, 3254, 5016, 7697, 8520, 11340, 13157, 15286, 1964, 0, 0, 124, 131, 264, 549, 1155, 1494, 2042, 2185, 3658, 349, 0, 0
19:19:56, 1034.30, 28.34, 29.49, 29.367, 1286, 2367, 4006, 5715, 7869, 8382, 11138, 13016, 18132, 2394, 0, 0, 144, 156, 317, 649, 1344, 1718, 2328, 2487, 4271, 414, 0, 0
19:19:56, 1028.50, 28.34, 29.51, 29.359, 1774, 3336, 5357, 7048, 10215, 9729, 12794, 16552, 25675, 3911, 0, 0, 180, 210, 427, 836, 1521, 1909, 2558, 2728, 4886, 486, 0, 0
19:19:57, 1025.80, 28.35, 29.51, 29.367, 1343, 2373, 3674, 4995, 6410, 6706, 8711, 10061, 16041, 2837, 0, 0, 181, 215, 437, 848, 1554, 1936, 2586, 2753, 4802, 482, 0, 0
19:19:58, 1027.30, 28.35, 29.45, 29.367, 1758, 3352, 4851, 7190, 10699, 11786, 15038, 16354, 19650, 3471, 0, 0, 164, 194, 394, 765, 1439, 1799, 2410, 2569, 4565, 459, 0, 0
19:19:58, 1029.90, 28.36, 29.51, 29.367, 1904, 3643, 5630, 7637, 9708, 10367, 13609, 15842, 23053, 3860, 0, 0, 156, 183, 372, 724, 1284, 1613, 2170, 2314, 4065, 404, 0, 0
19:19:59, 1027.70, 28.37, 29.54, 29.367, 1774, 3376, 4959, 7323, 10680, 11369, 14581, 15661, 22546, 3564, 0, 0, 159, 185, 377, 738, 1458, 1822, 2433, 2598, 4760, 479, 0, 0
19:19:59, 1020.10, 28.39, 29.54, 29.375, 1525, 2792, 4345, 6001, 6892, 7246, 9244, 10817, 16293, 3024, 0, 0, 197, 242, 488, 923, 1723, 2124, 2812, 2994, 5486, 578, 0, 0
19:20:00, 1021.20, 28.40, 29.49, 29.375, 1932, 3351, 4572, 6194, 5737, 6095, 7295, 8861, 14526, 3253, 0, 0, 178, 219, 446, 843, 1429, 1762, 2338, 2489, 4141, 427, 0, 0
19:20:01, 1021.00, 28.42, 29.53, 29.375, 2405, 4399, 6378, 7791, 19823, 20595, 27258, 28289, 36000, 17425, 1, 1, 175, 220, 440, 817, 1375, 1693, 2241, 2386, 4192, 440, 0, 0
19:20:01, 1023.50, 28.42, 29.53, 29.383, 2925, 5282, 7350, 10382, 14734, 15496, 22693, 21843, 34785, 8053, 0, 1, 156, 190, 382, 723, 1291, 1613, 2146, 2292, 3857, 399, 0, 0
19:20:02, 1023.80, 28.44, 29.53, 29.375, 3077, 5424, 8422, 10416, 20654, 22261, 29396, 29415, 36000, 12690, 1, 1, 174, 211, 426, 816, 1490, 1855, 2473, 2633, 4255, 435, 0, 0
19:20:03, 1022.20, 28.45, 29.51, 29.375, 3259, 5608, 9275, 11379, 12223, 12813, 14896, 18337, 28080, 4499, 0, 0, 168, 200, 405, 787, 1488, 1856, 2476, 2632, 4253, 435, 0, 0
19:20:03, 1022.10, 28.46, 29.53, 29.375, 2830, 4623, 6928, 9778, 11162, 12344, 14229, 15982, 26293, 5112, 0, 0, 177, 215, 436, 836, 1487, 1853, 2468, 2625, 4171, 425, 0, 0
19:20:04, 1018.70, 28.46, 29.47, 29.375, 4647, 7101, 10692, 14597, 17952, 19536, 28342, 28031, 36000, 16574, 1, 1, 190, 241, 484, 902, 1568, 1927, 2541, 2701, 4465, 469, 0, 0
19:20:05, 1019.30, 28.47, 29.53, 29.375, 6303, 10780, 19381, 19199, 12541, 13494, 16908, 19763, 33725, 8987, 0, 1, 183, 230, 463, 868, 1533, 1885, 2492, 2649, 4406, 466, 0, 0
19:20:05, 1020.10, 28.47, 29.53, 29.375, 6777, 9661, 12830, 14862, 14617, 16523, 19468, 21358, 35467, 10798, 0, 1, 186, 230, 463, 876, 1566, 1935, 2567, 2726, 4418, 459, 0, 0
19:20:06, 1017.70, 28.47, 29.51, 29.375, 3494, 5286, 8476, 10084, 12895, 14654, 16551, 17049, 33866, 9103, 0, 1, 189, 238, 478, 893, 1587, 1946, 2568, 2726, 4547, 485, 0, 0
19:20:07, 1017.90, 28.48, 29.49, 29.375, 7024, 8604, 11392, 16536, 20986, 24130, 25789, 24574, 36000, 16495, 1, 1, 188, 236, 473, 885, 1559, 1918, 2535, 2693, 4418, 466, 0, 0
19:20:07, 1017.80, 28.49, 29.51, 29.375, 5792, 7894, 11990, 16561, 22066, 29172, 31516, 28579, 36000, 19862, 1, 1, 164, 204, 409, 767, 1374, 1698, 2246, 2383, 3827, 406, 0, 0
19:20:08, 1019.30, 28.50, 29.53, 29.375, 7285, 8703, 13632, 18106, 15023, 15575, 18533, 21276, 36000, 14579, 1, 1, 172, 216, 426, 800, 1389, 1719, 2273, 2413, 3828, 412, 0, 0
19:20:09, 1020.80, 28.51, 29.51, 29.375, 7490, 11212, 14930, 20235, 20513, 23020, 27040, 27265, 35770, 15811, 0, 1, 164, 202, 407, 769, 1396, 1726, 2284, 2425, 3827, 397, 0, 0
19:20:09, 1028.70, 28.51, 29.51, 29.375, 3741, 6526, 8953, 12768, 7234, 7325, 11738, 9383, 15399, 2756, 0, 0, 156, 188, 382, 737, 1262, 1587, 2120, 2264, 3281, 321, 0, 0
19:20:10, 1039.00, 28.52, 29.49, 29.375, 2178, 3994, 6456, 7804, 16738, 16513, 17813, 23946, 29780, 3531, 0, 0, 133, 149, 302, 611, 1186, 1526, 2068, 2220, 3183, 305, 0, 0
19:20:11, 1046.80, 28.53, 29.45, 29.375, 1486, 2445, 4567, 6480, 7657, 8998, 10861, 13239, 17362, 1972, 0, 0, 118, 122, 241, 515, 1085, 1431, 1977, 2119, 3098, 292, 0, 0
19:20:11, 1055.60, 28.54, 29.51, 29.375, 801, 1256, 2192, 4191, 5499, 6852, 9515, 9692, 19557, 1785, 0, 0, 105, 103, 198, 433, 914, 1237, 1739, 1872, 2719, 252, 0, 0
19:20:12, 1062.90, 28.56, 29.49, 29.383, 723, 1121, 2285, 3644, 5400, 5993, 7704, 9666, 16473, 1358, 0, 0, 94, 89, 168, 374, 814, 1113, 1571, 1706, 2537, 234, 0, 0
19:20:13, 1067.20, 28.58, 29.51, 29.383, 592, 851, 1641, 2875, 4272, 5335, 6879, 8774, 9686, 819, 0, 0, 83, 76, 138, 313, 718, 1004, 1443, 1564, 2227, 203, 0, 0
19:20:13, 1074.40, 28.59, 29.51, 29.367, 455, 640, 1285, 2316, 3563, 4347, 5787, 6892, 8773, 743, 0, 0, 76, 69, 123, 279, 657, 925, 1335, 1456, 2031, 184, 0, 0
19:20:14, 1081.30, 28.61, 29.53, 29.359, 371, 490, 981, 1869, 3104, 3942, 5246, 6511, 7818, 629, 0, 0, 66, 58, 99, 228, 562, 813, 1197, 1308, 1782, 161, 0, 0
19:20:15, 1088.00, 28.61, 29.49, 29.359, 322, 396, 775, 1558, 2807, 3562, 4764, 5805, 7679, 592, 0, 0, 58, 51, 85, 196, 492, 720, 1064, 1170, 1606, 145, 0, 0
19:20:15, 1095.20, 28.61, 29.53, 29.305, 273, 323, 622, 1305, 2300, 3019, 4128, 5126, 6155, 467, 0, 0, 52, 45, 71, 163, 419, 627, 944, 1040, 1388, 125, 0, 0
19:20:16, 1100.00, 28.62, 29.53, 29.258, 210, 240, 457, 976, 1921, 2555, 3560, 4365, 5062, 382, 0, 0, 47, 40, 63, 144, 380, 576, 875, 968, 1288, 116, 0, 0
19:20:17, 1107.80, 28.62, 29.49, 29.258, 176, 196, 371, 818, 1493, 2009, 2892, 3320, 4986, 379, 0, 0, 41, 35, 53, 119, 315, 487, 749, 833, 1103, 99, 0, 0
19:20:17, 1116.40, 28.62, 29.51, 29.219, 149, 157, 284, 630, 1354, 1836, 2640, 3162, 3872, 288, 0, 0, 35, 30, 44, 97, 271, 425, 661, 738, 971, 87, 0, 0
19:20:18, 1125.50, 28.62, 29.51, 29.187, 126, 129, 226, 517, 1102, 1530, 2231, 2688, 3281, 242, 0, 0, 29, 25, 35, 76, 220, 354, 561, 629, 812, 72, 0, 0
19:20:19, 1133.60, 28.61, 29.53, 29.187, 103, 102, 173, 398, 872, 1231, 1817, 2175, 2686, 197, 0, 0, 25, 21, 29, 63, 187, 306, 492, 554, 702, 62, 0, 0
19:20:19, 1137.20, 28.61, 29.49, 29.156, 94, 93, 149, 346, 805, 1158, 1733, 2106, 2476, 182, 0, 0, 23, 19, 26, 56, 174, 288, 467, 525, 661, 59, 0, 0
19:20:20, 1147.20, 28.61, 29.54, 29.148, 80, 78, 122, 289, 681, 995, 1503, 1792, 2332, 172, 0, 0, 20, 17, 22, 46, 141, 237, 390, 442, 551, 49, 0, 0
19:20:21, 1154.60, 28.61, 29.47, 29.148, 66, 63, 95, 218, 551, 822, 1263, 1544, 1823, 133, 0, 0, 17, 14, 18, 36, 119, 203, 340, 387, 466, 41, 0, 0
19:20:21, 1159.50, 28.61, 29.53, 29.133, 60, 58, 85, 194, 510, 767, 1193, 1464, 1744, 127, 0, 0, 16, 13, 17, 33, 110, 191, 321, 368, 444, 39, 0, 0
19:20:22, 1165.80, 28.61, 29.47, 29.125, 54, 52, 75, 171, 458, 698, 1091, 1349, 1636, 119, 0, 0, 14, 11, 15, 28, 95, 167, 284, 326, 393, 35, 0, 0
19:20:23, 1171.30, 28.61, 29.53, 29.125, 47, 45, 63, 142, 384, 595, 941, 1161, 1366, 100, 0, 0, 12, 10, 13, 24, 83, 148, 255, 293, 352, 31, 0, 0
19:20:23, 1177.90, 28.62, 29.49, 29.117, 43, 41, 56, 127, 350, 546, 868, 1069, 1246, 92, 0, 0, 11, 9, 12, 22, 75, 134, 232, 268, 321, 28, 0, 0
19:20:24, 1184.60, 28.62, 29.51, 29.117, 37, 35, 46, 103, 285, 452, 730, 902, 1025, 76, 0, 0, 9, 8, 10, 18, 63, 116, 205, 237, 281, 25, 0, 0
19:20:25, 1187.80, 28.62, 29.47, 29.117, 33, 31, 40, 88, 260, 416, 677, 840, 942, 70, 0, 0, 9, 7, 9, 17, 59, 109, 192, 223, 262, 23, 0, 0
19:20:25, 1189.60, 28.63, 29.47, 29.102, 31, 29, 38, 82, 246, 397, 648, 808, 906, 67, 0, 0, 8, 7, 9, 16, 57, 105, 187, 218, 253, 22, 0, 0
19:20:26, 1194.20, 28.62, 29.53, 29.117, 30, 28, 36, 78, 230, 373, 612, 754, 937, 69, 0, 0, 8, 6, 8, 14, 52, 97, 173, 201, 232, 20, 0, 0
19:20:27, 1195.50, 28.62, 29.49, 29.117, 28, 26, 33, 71, 219, 358, 592, 737, 845, 62, 0, 0, 7, 6, 8, 14, 51, 95, 170, 198, 229, 20, 0, 0
19:20:27, 1201.20, 28.62, 29.51, 29.102, 27, 25, 32, 68, 206, 338, 563, 702, 865, 64, 0, 0, 7, 5, 7, 12, 45, 84, 153, 179, 204, 18, 0, 0
19:20:28, 1203.10, 28.62, 29.47, 29.094, 24, 22, 28, 58, 184, 305, 507, 632, 710, 53, 0, 0, 6, 5, 7, 11, 43, 81, 148, 173, 199, 17, 0, 0
19:20:29, 1201.80, 28.62, 29.51, 29.094, 23, 22, 27, 56, 180, 297, 496, 618, 692, 51, 0, 0, 7, 5, 7, 12, 44, 84, 152, 177, 205, 18, 0, 0
19:20:29, 1204.80, 28.62, 29.49, 29.094, 24, 23, 28, 60, 189, 314, 525, 654, 768, 57, 0, 0, 6, 5, 6, 11, 42, 80, 146, 171, 201, 17, 0, 0
19:20:30, 1203.80, 28.63, 29.49, 29.094, 23, 21, 26, 54, 173, 289, 481, 602, 684, 51, 0, 0, 6, 5, 6, 11, 42, 80, 147, 172, 201, 17, 0, 0
19:20:31, 1209.60, 28.63, 29.47, 29.094, 23, 21, 26, 55, 175, 292, 486, 604, 689, 51, 0, 0, 6, 5, 6, 11, 40, 76, 139, 163, 189, 16, 0, 0
19:20:31, 1217.10, 28.63, 29.51, 29.094, 20, 18, 22, 45, 139, 235, 396, 497, 552, 41, 0, 0, 5, 4, 5, 9, 33, 63, 118, 139, 159, 14, 0, 0
19:20:32, 1219.60, 28.63, 29.49, 29.094, 17, 16, 19, 39, 128, 218, 373, 469, 528, 40, 0, 0, 5, 4, 5, 8, 30, 60, 112, 132, 151, 13, 0, 0
19:20:33, 1222.50, 28.63, 29.47, 29.094, 17, 16, 18, 37, 126, 216, 368, 461, 529, 40, 0, 0, 4, 4, 5, 8, 29, 57, 108, 127, 146, 12, 0, 0
19:20:33, 1227.40, 28.63, 29.47, 29.094, 16, 15, 17, 34, 115, 199, 341, 426, 494, 37, 0, 0, 4, 3, 4, 7, 26, 52, 98, 117, 133, 11, 0, 0
19:20:34, 1233.20, 28.63, 29.49, 29.094, 14, 13, 15, 30, 100, 176, 304, 384, 433, 32, 0, 0, 3, 3, 4, 6, 23, 46, 88, 105, 117, 10, 0, 0
19:20:35, 1236.30, 28.63, 29.51, 29.094, 13, 12, 14, 26, 90, 159, 276, 349, 384, 29, 0, 0, 3, 3, 3, 6, 22, 43, 84, 100, 111, 9, 0, 0
19:20:35, 1238.50, 28.64, 29.51, 29.094, 12, 12, 13, 24, 86, 151, 266, 336, 371, 28, 0, 0, 3, 3, 3, 5, 21, 41, 81, 96, 106, 9, 0, 0
19:20:36, 1243.20, 28.64, 29.54, 29.094, 12, 11, 13, 24, 83, 147, 260, 329, 370, 28, 0, 0, 3, 2, 3, 5, 19, 39, 75, 90, 101, 8, 0, 0
19:20:37, 1248.20, 28.64, 29.49, 29.086, 11, 10, 11, 21, 73, 130, 231, 293, 324, 24, 0, 0, 3, 2, 3, 4, 17, 35, 68, 82, 91, 7, 0, 0
19:20:37, 1251.30, 28.65, 29.49, 29.086, 9, 9, 10, 18, 65, 117, 210, 267, 297, 23, 0, 0, 2, 2, 2, 4, 15, 32, 64, 77, 85, 7, 0, 0
19:20:38, 1254.80, 28.65, 29.49, 29.086, 9, 9, 9, 17, 63, 114, 205, 260, 292, 22, 0, 0, 2, 2, 2, 4, 15, 31, 62, 74, 83, 7, 0, 0
19:20:39, 1255.10, 28.66, 29.51, 29.086, 8, 8, 9, 16, 57, 105, 188, 240, 270, 21, 0, 0, 2, 2, 2, 4, 15, 30, 61, 73, 81, 6, 0, 0
19:20:39, 1255.80, 28.66, 29.49, 29.086, 9, 8, 9, 16, 59, 108, 194, 246, 277, 21, 0, 0, 2, 2, 2, 4, 14, 30, 60, 72, 80, 6, 0, 0
19:20:40, 1264.00, 28.66, 29.51, 29.086, 8, 8, 9, 16, 57, 105, 190, 240, 277, 21, 0, 0, 2, 1, 2, 3, 13, 27, 54, 66, 73, 6, 0, 0
19:20:41, 1273.80, 28.66, 29.51, 29.086, 7, 7, 7, 12, 44, 83, 152, 195, 214, 16, 0, 0, 1, 1, 2, 2, 10, 21, 44, 54, 59, 5, 0, 0
19:20:41, 1278.40, 28.66, 29.51, 29.086, 6, 6, 6, 10, 38, 73, 134, 173, 188, 14, 0, 0, 1, 1, 1, 2, 9, 20, 41, 50, 54, 4, 0, 0
19:20:42, 1283.90, 28.67, 29.43, 29.086, 5, 5, 5, 9, 34, 65, 122, 157, 171, 13, 0, 0, 1, 1, 1, 2, 8, 17, 37, 45, 48, 4, 0, 0
19:20:43, 1289.10, 28.67, 29.45, 29.070, 5, 5, 5, 8, 31, 60, 113, 145, 158, 12, 0, 0, 1, 1, 1, 2, 7, 16, 34, 42, 45, 3, 0, 0
19:20:43, 1295.10, 28.68, 29.51, 29.078, 4, 5, 4, 7, 27, 54, 102, 132, 144, 11, 0, 0, 1, 0, 1, 1, 6, 14, 30, 38, 40, 3, 0, 0
19:20:44, 1304.60, 28.68, 29.47, 29.078, 4, 4, 4, 6, 24, 48, 92, 119, 131, 10, 0, 0, 1, 0, 1, 1, 5, 12, 26, 32, 34, 2, 0, 0
19:20:45, 1311.20, 28.68, 29.47, 29.070, 3, 3, 3, 5, 19, 39, 76, 99, 106, 8, 0, 0, 0, 0, 0, 1, 4, 10, 23, 28, 30, 2, 0, 0
19:20:45, 1312.30, 28.68, 29.51, 29.078, 3, 3, 3, 4, 17, 36, 69, 91, 96, 8, 0, 0, 0, 0, 0, 1, 4, 10, 22, 28, 29, 2, 0, 0
19:20:46, 1315.00, 28.69, 29.47, 29.078, 3, 3, 3, 4, 18, 36, 71, 93, 103, 8, 0, 0, 0, 0, 0, 1, 4, 9, 21, 27, 28, 2, 0, 0
19:20:47, 1317.00, 28.69, 29.51, 29.070, 3, 3, 2, 4, 17, 34, 68, 89, 94, 7, 0, 0, 0, 0, 0, 1, 4, 9, 21, 26, 27, 2, 0, 0
19:20:47, 1324.40, 28.69, 29.49, 29.070, 3, 3, 2, 4, 16, 32, 64, 84, 92, 7, 0, 0, 0, 0, 0, 1, 3, 8, 19, 23, 24, 1, 0, 0
19:20:48, 1330.00, 28.69, 29.49, 29.070, 2, 2, 2, 3, 13, 28, 55, 72, 76, 6, 0, 0, 0, 0, 0, 1, 3, 7, 17, 21, 21, 1, 0, 0
19:20:49, 1335.50, 28.70, 29.49, 29.070, 2, 2, 2, 3, 12, 25, 51, 67, 73, 6, 0, 0, 0, 0, 0, 1, 2, 6, 15, 19, 19, 1, 0, 0
19:20:49, 1341.00, 28.70, 29.49, 29.070, 2, 2, 1, 2, 11, 23, 46, 61, 66, 5, 0, 0, 0, 0, 0, 0, 2, 5, 13, 17, 18, 1, 0, 0
19:20:50, 1346.70, 28.70, 29.53, 29.070, 2, 2, 1, 2, 9, 20, 41, 54, 58, 5, 0, 0, 0, 0, 0, 0, 2, 5, 12, 15, 16, 1, 0, 0
19:20:51, 1352.80, 28.70, 29.53, 29.070, 1, 2, 1, 2, 8, 18, 37, 49, 51, 4, 0, 0, 0, 0, 0, 0, 1, 4, 11, 14, 14, 1, 0, 0
19:20:51, 1354.10, 28.70, 29.49, 29.070, 1, 2, 1, 2, 7, 16, 33, 44, 44, 4, 0, 0, 0, 0, 0, 0, 1, 4, 11, 14, 13, 0, 0, 0
19:20:52, 1356.70, 28.70, 29.53, 29.070, 1, 2, 1, 1, 7, 16, 32, 43, 48, 4, 0, 0, 0, 0, 0, 0, 1, 4, 10, 13, 12, 0, 0, 0
19:20:53, 1360.90, 28.71, 29.53, 29.070, 1, 1, 1, 1, 7, 15, 32, 42, 43, 4, 0, 0, 0, 0, 0, 0, 1, 4, 10, 13, 13, 0, 0, 0
19:20:53, 1365.40, 28.71, 29.53, 29.070, 1, 1, 1, 1, 6, 14, 29, 39, 40, 3, 0, 0, 0, 0, 0, 0, 1, 3, 9, 11, 11, 0, 0, 0
19:20:54, 1368.20, 28.71, 29.49, 29.070, 1, 1, 1, 1, 6, 13, 27, 36, 38, 3, 0, 0, 0, 0, 0, 0, 1, 3, 8, 11, 11, 0, 0, 0
19:20:55, 1372.30, 28.72, 29.47, 29.062, 1, 1, 1, 1, 5, 12, 26, 35, 37, 3, 0, 0, 0, 0, 0, 0, 1, 3, 8, 11, 10, 0, 0, 0
19:20:55, 1372.70, 28.72, 29.49, 29.070, 1, 1, 0, 1, 5, 11, 24, 33, 34, 3, 0, 0, 0, 0, 0, 0, 1, 3, 8, 11, 10, 0, 0, 0
19:20:56, 1380.80, 28.72, 29.51, 29.070, 1, 1, 1, 1, 5, 11, 24, 32, 34, 3, 0, 0, 0, 0, 0, 0, 0, 2, 7, 9, 9, 0, 0, 0
19:20:57, 1389.00, 28.72, 29.53, 29.062, 1, 1, 0, 1, 4, 9, 20, 27, 28, 2, 0, 0, 0, 0, 0, 0, 0, 2, 6, 8, 7, 0, 0, 0
19:20:57, 1392.30, 28.72, 29.45, 29.070, 0, 1, 0, 1, 3, 8, 18, 24, 24, 2, 0, 0, 0, 0, 0, 0, 0, 2, 6, 7, 7, 0, 0, 0
19:20:58, 1397.10, 28.72, 29.53, 29.070, 0, 1, 0, 0, 3, 8, 17, 23, 25, 2, 0, 0, 0, 0, 0, 0, 0, 1, 5, 7, 6, 0, 0, 0
19:20:59, 1402.30, 28.72, 29.47, 29.062, 0, 1, 0, 0, 3, 7, 16, 22, 23, 2, 0, 0, 0, 0, 0, 0, 0, 1, 4, 6, 6, 0, 0, 0
19:20:59, 1408.30, 28.73, 29.47, 29.062, 0, 1, 0, 0, 3, 7, 14, 19, 20, 2, 0, 0, 0, 0, 0, 0, 0, 1, 4, 6, 5, 0, 0, 0
19:21:00, 1410.90, 28.73, 29.47, 29.062, 0, 1, 0, 0, 2, 6, 12, 17, 17, 2, 0, 0, 0, 0, 0, 0, 0, 1, 4, 5, 5, 0, 0, 0
19:21:01, 1413.60, 28.73, 29.53, 29.062, 0, 1, 0, 0, 2, 6, 13, 17, 18, 2, 0, 0, 0, 0, 0, 0, 0, 1, 4, 5, 5, 0, 0, 0
19:21:01, 1418.40, 28.73, 29.47, 29.062, 0, 1, 0, 0, 2, 6, 12, 17, 18, 2, 0, 0, 0, 0, 0, 0, 0, 1, 3, 5, 5, 0, 0, 0
19:21:02, 1426.60, 28.73, 29.51, 29.062, 0, 1, 0, 0, 2, 5, 11, 15, 16, 2, 0, 0, 0, 0, 0, 0, 0, 0, 3, 4, 4, 0, 0, 0
19:21:03, 1440.60, 28.73, 29.47, 29.062, 0, 1, 0, 0, 1, 4, 9, 12, 12, 1, 0, 0, 0, 0, 0, 0, 0, 0, 2, 3, 3, 0, 0, 0
19:21:03, 1453.00, 28.73, 29.51, 29.062, 0, 0, 0, 0, 1, 3, 6, 9, 9, 1, 0, 0, 0, 0, 0, 0, 0, 0, 2, 2, 2, 0, 0, 0
19:21:04, 1460.70, 28.74, 29.47, 29.070, 0, 0, 0, 0, 1, 3, 5, 8, 8, 1, 0, 0, 0, 0, 0, 0, 0, 0, 1, 2, 2, 0, 0, 0
19:21:05, 1470.10, 28.74, 29.53, 29.062, 0, 0, 0, 0, 1, 2, 5, 7, 7, 1, 0, 0, 0, 0, 0, 0, 0, 0, 1, 2, 1, 0, 0, 0
19:21:05, 1478.00, 28.75, 29.47, 29.062, 0, 0, 0, 0, 0, 2, 4, 6, 6, 1, 0, 0, 0, 0, 0, 0, 0, 0, 1, 2, 1, 0, 0, 0
19:21:06, 1486.50, 28.75, 29.47, 29.070, 0, 0, 0, 0, 0, 2, 3, 5, 5, 1, 0, 0, 0, 0, 0, 0, 0, 0, 1, 1, 1, 0, 0, 0
19:21:07, 1495.80, 28.75, 29.45, 29.062, 0, 0, 0, 0, 0, 1, 3, 4, 4, 1, 0, 0, 0, 0, 0, 0, 0, 0, 0, 1, 1, 0, 0, 0
19:21:07, 1505.70, 28.76, 29.51, 29.062, 0, 0, 0, 0, 0, 1, 2, 3, 3, 1, 0, 0, 0, 0, 0, 0, 0, 0, 0, 1, 1, 0, 0, 0
19:21:08, 1512.00, 28.76, 29.49, 29.070, 0, 0, 0, 0, 0, 1, 2, 3, 3, 1, 0, 0, 0, 0, 0, 0, 0, 0, 0, 1, 0, 0, 0, 0
19:21:09, 1519.80, 28.75, 29.49, 29.070, 0, 0, 0, 0, 0, 1, 1, 2, 2, 0, 0, 0, 0, 0, 0, 0, 0, 0, 0, 1, 0, 0, 0, 0
19:21:09, 1526.10, 28.76, 29.51, 29.070, 0, 0, 0, 0, 0, 1, 1, 2, 2, 0, 0, 0, 0, 0, 0, 0, 0, 0, 0, 0, 0, 0, 0, 0
19:21:10, 1528.20, 28.76, 29.51, 29.070, 0, 0, 0, 0, 0, 1, 1, 2, 1, 0, 0, 0, 0, 0, 0, 0, 0, 0, 0, 0, 0, 0, 0, 0
19:21:11, 1533.40, 28.76, 29.47, 29.070, 0, 0, 0, 0, 0, 1, 1, 2, 2, 0, 0, 0, 0, 0, 0, 0, 0, 0, 0, 0, 0, 0, 0, 0
19:21:11, 1539.40, 28.76, 29.51, 29.070, 0, 0, 0, 0, 0, 1, 1, 1, 1, 0, 0, 0, 0, 0, 0, 0, 0, 0, 0, 0, 0, 0, 0, 0
19:21:12, 1543.70, 28.76, 29.49, 29.086, 0, 0, 0, 0, 0, 1, 1, 1, 1, 0, 0, 0, 0, 0, 0, 0, 0, 0, 0, 0, 0, 0, 0, 0
19:21:13, 1551.80, 28.77, 29.45, 29.086, 0, 0, 0, 0, 0, 1, 0, 1, 1, 0, 0, 0, 0, 0, 0, 0, 0, 0, 0, 0, 0, 0, 0, 0
19:21:13, 1558.30, 28.77, 29.49, 29.086, 0, 0, 0, 0, 0, 0, 0, 1, 1, 0, 0, 0, 0, 0, 0, 0, 0, 0, 0, 0, 0, 0, 0, 0
19:21:14, 1564.20, 28.77, 29.45, 29.086, 0, 0, 0, 0, 0, 0, 0, 1, 1, 0, 0, 0, 0, 0, 0, 0, 0, 0, 0, 0, 0, 0, 0, 0
19:21:15, 1574.30, 28.78, 29.51, 29.086, 0, 0, 0, 0, 0, 0, 0, 1, 0, 0, 0, 0, 0, 0, 0, 0, 0, 0, 0, 0, 0, 0, 0, 0
19:21:15, 1579.80, 28.78, 29.49, 29.086, 0, 0, 0, 0, 0, 0, 0, 0, 0, 0, 0, 0, 0, 0, 0, 0, 0, 0, 0, 0, 0, 0, 0, 0
19:21:16, 1587.60, 28.78, 29.53, 29.086, 0, 0, 0, 0, 0, 0, 0, 0, 0, 0, 0, 0, 0, 0, 0, 0, 0, 0, 0, 0, 0, 0, 0, 0
19:21:16, 1595.40, 28.77, 29.47, 29.086, 0, 0, 0, 0, 0, 0, 0, 0, 0, 0, 0, 0, 0, 0, 0, 0, 0, 0, 0, 0, 0, 0, 0, 0
19:21:17, 1599.80, 28.77, 29.45, 29.086, 0, 0, 0, 0, 0, 0, 0, 0, 0, 0, 0, 0, 0, 0, 0, 0, 0, 0, 0, 0, 0, 0, 0, 0
19:21:18, 1604.00, 28.78, 29.53, 29.078, 0, 0, 0, 0, 0, 0, 0, 0, 0, 0, 0, 0, 0, 0, 0, 0, 0, 0, 0, 0, 0, 0, 0, 0
19:21:18, 1613.80, 28.78, 29.47, 29.086, 0, 0, 0, 0, 0, 0, 0, 0, 0, 0, 0, 0, 0, 0, 0, 0, 0, 0, 0, 0, 0, 0, 0, 0
19:21:19, 1617.40, 28.78, 29.49, 29.086, 0, 0, 0, 0, 0, 0, 0, 0, 0, 0, 0, 0, 0, 0, 0, 0, 0, 0, 0, 0, 0, 0, 0, 0
19:21:20, 1617.00, 28.78, 29.53, 29.086, 0, 0, 0, 0, 0, 0, 0, 0, 0, 0, 0, 0, 0, 0, 0, 0, 0, 0, 0, 0, 0, 0, 0, 0
19:21:20, 1625.90, 28.79, 29.49, 29.086, 0, 0, 0, 0, 0, 0, 0, 0, 0, 0, 0, 0, 0, 0, 0, 0, 0, 0, 0, 0, 0, 0, 0, 0
19:21:21, 1628.90, 28.79, 29.51, 29.086, 0, 0, 0, 0, 0, 0, 0, 0, 0, 0, 0, 0, 0, 0, 0, 0, 0, 0, 0, 0, 0, 0, 0, 0
19:21:22, 1630.40, 28.79, 29.45, 29.086, 0, 0, 0, 0, 0, 0, 0, 0, 0, 0, 0, 0, 0, 0, 0, 0, 0, 0, 0, 0, 0, 0, 0, 0
19:21:22, 1635.10, 28.79, 29.49, 29.094, 0, 0, 0, 0, 0, 0, 0, 0, 0, 0, 0, 0, 0, 0, 0, 0, 0, 0, 0, 0, 0, 0, 0, 0
19:21:23, 1637.30, 28.80, 29.51, 29.094, 0, 0, 0, 0, 0, 0, 0, 0, 0, 0, 0, 0, 0, 0, 0, 0, 0, 0, 0, 0, 0, 0, 0, 0
19:21:24, 1641.50, 28.80, 29.51, 29.086, 0, 0, 0, 0, 0, 0, 0, 0, 0, 0, 0, 0, 0, 0, 0, 0, 0, 0, 0, 0, 0, 0, 0, 0
19:21:24, 1643.00, 28.80, 29.47, 29.086, 0, 0, 0, 0, 0, 0, 0, 0, 0, 0, 0, 0, 0, 0, 0, 0, 0, 0, 0, 0, 0, 0, 0, 0
19:21:25, 1645.10, 28.80, 29.49, 29.086, 0, 0, 0, 0, 0, 0, 0, 0, 0, 0, 0, 0, 0, 0, 0, 0, 0, 0, 0, 0, 0, 0, 0, 0
19:21:26, 1644.40, 28.80, 29.49, 29.094, 0, 0, 0, 0, 0, 0, 0, 0, 0, 0, 0, 0, 0, 0, 0, 0, 0, 0, 0, 0, 0, 0, 0, 0
19:21:26, 1651.70, 28.80, 29.53, 29.094, 0, 0, 0, 0, 0, 0, 0, 0, 0, 0, 0, 0, 0, 0, 0, 0, 0, 0, 0, 0, 0, 0, 0, 0
19:21:27, 1656.30, 28.80, 29.51, 29.094, 0, 0, 0, 0, 0, 0, 0, 0, 0, 0, 0, 0, 0, 0, 0, 0, 0, 0, 0, 0, 0, 0, 0, 0
19:21:28, 1656.10, 28.81, 29.51, 29.094, 0, 0, 0, 0, 0, 0, 0, 0, 0, 0, 0, 0, 0, 0, 0, 0, 0, 0, 0, 0, 0, 0, 0, 0
19:21:28, 1662.60, 28.81, 29.51, 29.094, 0, 0, 0, 0, 0, 0, 0, 0, 0, 0, 0, 0, 0, 0, 0, 0, 0, 0, 0, 0, 0, 0, 0, 0
19:21:29, 1665.70, 28.81, 29.51, 29.094, 0, 0, 0, 0, 0, 0, 0, 0, 0, 0, 0, 0, 0, 0, 0, 0, 0, 0, 0, 0, 0, 0, 0, 0
19:21:30, 1664.40, 28.81, 29.53, 29.086, 0, 0, 0, 0, 0, 0, 0, 0, 0, 0, 0, 0, 0, 0, 0, 0, 0, 0, 0, 0, 0, 0, 0, 0
19:21:30, 1670.80, 28.81, 29.49, 29.094, 0, 0, 0, 0, 0, 0, 0, 0, 0, 0, 0, 0, 0, 0, 0, 0, 0, 0, 0, 0, 0, 0, 0, 0
19:21:31, 1675.50, 28.81, 29.53, 29.094, 0, 0, 0, 0, 0, 0, 0, 0, 0, 0, 0, 0, 0, 0, 0, 0, 0, 0, 0, 0, 0, 0, 0, 0
19:21:32, 1674.60, 28.82, 29.51, 29.086, 0, 0, 0, 0, 0, 0, 0, 0, 0, 0, 0, 0, 0, 0, 0, 0, 0, 0, 0, 0, 0, 0, 0, 0
19:21:32, 1679.40, 28.82, 29.53, 29.086, 0, 0, 0, 0, 0, 0, 0, 0, 0, 0, 0, 0, 0, 0, 0, 0, 0, 0, 0, 0, 0, 0, 0, 0
19:21:33, 1681.00, 28.82, 29.49, 29.086, 0, 0, 0, 0, 0, 0, 0, 0, 0, 0, 0, 0, 0, 0, 0, 0, 0, 0, 0, 0, 0, 0, 0, 0
19:21:34, 1680.90, 28.82, 29.49, 29.078, 0, 0, 0, 0, 0, 0, 0, 0, 0, 0, 0, 0, 0, 0, 0, 0, 0, 0, 0, 0, 0, 0, 0, 0
19:21:34, 1687.90, 28.82, 29.51, 29.078, 0, 0, 0, 0, 0, 0, 0, 0, 0, 0, 0, 0, 0, 0, 0, 0, 0, 0, 0, 0, 0, 0, 0, 0
19:21:35, 1690.80, 28.82, 29.51, 29.086, 0, 0, 0, 0, 0, 0, 0, 0, 0, 0, 0, 0, 0, 0, 0, 0, 0, 0, 0, 0, 0, 0, 0, 0
19:21:36, 1684.10, 28.82, 29.51, 29.086, 0, 0, 0, 0, 0, 0, 0, 0, 0, 0, 0, 0, 0, 0, 0, 0, 0, 0, 0, 0, 0, 0, 0, 0
19:21:36, 1673.60, 28.82, 29.53, 29.086, 0, 0, 0, 0, 0, 0, 0, 0, 0, 0, 0, 0, 0, 0, 0, 0, 0, 0, 0, 0, 0, 0, 0, 0
19:21:37, 1664.70, 28.82, 29.53, 29.086, 0, 0, 0, 0, 0, 0, 0, 0, 0, 0, 0, 0, 0, 0, 0, 0, 0, 0, 0, 0, 0, 0, 0, 0
19:21:38, 1658.90, 28.82, 29.53, 29.086, 0, 0, 0, 0, 0, 0, 0, 0, 0, 0, 0, 0, 0, 0, 0, 0, 0, 0, 0, 0, 0, 0, 0, 0
19:21:38, 1650.00, 28.82, 29.51, 29.086, 0, 0, 0, 0, 0, 0, 0, 0, 0, 0, 0, 0, 0, 0, 0, 0, 0, 0, 0, 0, 0, 0, 0, 0
19:21:39, 1640.30, 28.82, 29.51, 29.086, 0, 0, 0, 0, 0, 0, 0, 0, 0, 0, 0, 0, 0, 0, 0, 0, 0, 0, 0, 0, 0, 0, 0, 0
19:21:40, 1632.30, 28.82, 29.53, 29.086, 0, 0, 0, 0, 0, 0, 0, 0, 0, 0, 0, 0, 0, 0, 0, 0, 0, 0, 0, 0, 0, 0, 0, 0
19:21:40, 1626.00, 28.82, 29.51, 29.086, 0, 0, 0, 0, 0, 0, 0, 0, 0, 0, 0, 0, 0, 0, 0, 0, 0, 0, 0, 0, 0, 0, 0, 0
19:21:41, 1614.00, 28.82, 29.49, 29.086, 0, 0, 0, 0, 0, 0, 0, 0, 0, 0, 0, 0, 0, 0, 0, 0, 0, 0, 0, 0, 0, 0, 0, 0
19:21:42, 1606.90, 28.82, 29.51, 29.086, 0, 0, 0, 0, 0, 0, 0, 0, 0, 0, 0, 0, 0, 0, 0, 0, 0, 0, 0, 0, 0, 0, 0, 0
19:21:42, 1601.10, 28.83, 29.51, 29.086, 0, 0, 0, 0, 0, 0, 0, 0, 0, 0, 0, 0, 0, 0, 0, 0, 0, 0, 0, 0, 0, 0, 0, 0
19:21:43, 1589.10, 28.83, 29.47, 29.094, 0, 0, 0, 0, 0, 0, 0, 0, 0, 0, 0, 0, 0, 0, 0, 0, 0, 0, 0, 0, 0, 0, 0, 0
19:21:44, 1579.70, 28.83, 29.53, 29.102, 0, 0, 0, 0, 0, 0, 0, 0, 0, 0, 0, 0, 0, 0, 0, 0, 0, 0, 0, 0, 0, 0, 0, 0
19:21:44, 1573.30, 28.84, 29.51, 29.102, 0, 0, 0, 0, 0, 0, 0, 1, 0, 0, 0, 0, 0, 0, 0, 0, 0, 0, 0, 0, 0, 0, 0, 0
19:21:45, 1564.70, 28.84, 29.49, 29.102, 0, 0, 0, 0, 0, 0, 0, 1, 0, 0, 0, 0, 0, 0, 0, 0, 0, 0, 0, 0, 0, 0, 0, 0
19:21:46, 1559.90, 28.84, 29.51, 29.102, 0, 0, 0, 0, 0, 0, 0, 1, 1, 0, 0, 0, 0, 0, 0, 0, 0, 0, 0, 0, 0, 0, 0, 0
19:21:46, 1554.60, 28.84, 29.47, 29.102, 0, 0, 0, 0, 0, 1, 0, 1, 1, 0, 0, 0, 0, 0, 0, 0, 0, 0, 0, 0, 0, 0, 0, 0
19:21:47, 1547.10, 28.84, 29.51, 29.094, 0, 0, 0, 0, 0, 1, 0, 1, 1, 0, 0, 0, 0, 0, 0, 0, 0, 0, 0, 0, 0, 0, 0, 0
19:21:48, 1542.60, 28.84, 29.49, 29.102, 0, 0, 0, 0, 0, 1, 1, 1, 1, 0, 0, 0, 0, 0, 0, 0, 0, 0, 0, 0, 0, 0, 0, 0
19:21:48, 1538.00, 28.84, 29.51, 29.102, 0, 0, 0, 0, 0, 1, 1, 1, 1, 0, 0, 0, 0, 0, 0, 0, 0, 0, 0, 0, 0, 0, 0, 0
19:21:49, 1527.50, 28.84, 29.51, 29.102, 0, 0, 0, 0, 0, 1, 1, 1, 1, 0, 0, 0, 0, 0, 0, 0, 0, 0, 0, 0, 0, 0, 0, 0
19:21:50, 1522.90, 28.85, 29.53, 29.109, 0, 0, 0, 0, 0, 1, 1, 2, 1, 0, 0, 0, 0, 0, 0, 0, 0, 0, 0, 0, 0, 0, 0, 0
19:21:50, 1518.20, 28.85, 29.49, 29.109, 0, 0, 0, 0, 0, 1, 1, 2, 2, 0, 0, 0, 0, 0, 0, 0, 0, 0, 0, 1, 0, 0, 0, 0
19:21:51, 1507.40, 28.85, 29.51, 29.102, 0, 0, 0, 0, 0, 1, 1, 2, 2, 0, 0, 0, 0, 0, 0, 0, 0, 0, 0, 1, 1, 0, 0, 0
19:21:52, 1499.90, 28.85, 29.51, 29.102, 0, 0, 0, 0, 0, 1, 2, 3, 2, 1, 0, 0, 0, 0, 0, 0, 0, 0, 0, 1, 1, 0, 0, 0
19:21:52, 1494.50, 28.86, 29.49, 29.102, 0, 0, 0, 0, 0, 1, 2, 3, 3, 1, 0, 0, 0, 0, 0, 0, 0, 0, 0, 1, 1, 0, 0, 0
19:21:53, 1493.10, 28.86, 29.53, 29.102, 0, 0, 0, 0, 0, 1, 2, 3, 3, 1, 0, 0, 0, 0, 0, 0, 0, 0, 1, 1, 1, 0, 0, 0
19:21:54, 1485.70, 28.86, 29.49, 29.109, 0, 0, 0, 0, 0, 1, 2, 3, 3, 1, 0, 0, 0, 0, 0, 0, 0, 0, 1, 1, 1, 0, 0, 0
19:21:54, 1478.40, 28.87, 29.51, 29.109, 0, 0, 0, 0, 0, 1, 3, 4, 4, 1, 0, 0, 0, 0, 0, 0, 0, 0, 1, 1, 1, 0, 0, 0
19:21:55, 1476.40, 28.87, 29.49, 29.109, 0, 0, 0, 0, 0, 2, 3, 5, 4, 1, 0, 0, 0, 0, 0, 0, 0, 0, 1, 1, 1, 0, 0, 0
19:21:56, 1464.40, 28.87, 29.53, 29.117, 0, 0, 0, 0, 0, 2, 3, 5, 4, 1, 0, 0, 0, 0, 0, 0, 0, 0, 1, 2, 2, 0, 0, 0
19:21:56, 1460.90, 28.87, 29.49, 29.117, 0, 0, 0, 0, 0, 2, 4, 6, 6, 1, 0, 0, 0, 0, 0, 0, 0, 0, 1, 2, 2, 0, 0, 0
19:21:57, 1456.50, 28.88, 29.51, 29.102, 0, 0, 0, 0, 1, 2, 4, 7, 6, 1, 0, 0, 0, 0, 0, 0, 0, 0, 1, 2, 2, 0, 0, 0
19:21:58, 1450.60, 28.88, 29.49, 29.102, 0, 0, 0, 0, 1, 2, 5, 7, 7, 1, 0, 0, 0, 0, 0, 0, 0, 0, 2, 2, 2, 0, 0, 0
19:21:58, 1447.50, 28.88, 29.49, 29.102, 0, 0, 0, 0, 1, 3, 6, 8, 8, 1, 0, 0, 0, 0, 0, 0, 0, 0, 2, 3, 2, 0, 0, 0
19:21:59, 1440.20, 28.88, 29.51, 29.094, 0, 0, 0, 0, 1, 3, 6, 8, 8, 1, 0, 0, 0, 0, 0, 0, 0, 0, 2, 3, 3, 0, 0, 0
19:22:00, 1435.10, 28.88, 29.51, 29.094, 0, 0, 0, 0, 1, 3, 7, 10, 9, 1, 0, 0, 0, 0, 0, 0, 0, 0, 2, 3, 3, 0, 0, 0
19:22:00, 1433.00, 28.88, 29.45, 29.094, 0, 1, 0, 0, 1, 4, 8, 11, 10, 1, 0, 0, 0, 0, 0, 0, 0, 0, 2, 4, 3, 0, 0, 0
19:22:01, 1427.70, 28.88, 29.47, 29.094, 0, 1, 0, 0, 1, 4, 8, 11, 10, 1, 0, 0, 0, 0, 0, 0, 0, 0, 3, 4, 4, 0, 0, 0
19:22:02, 1419.70, 28.88, 29.51, 29.094, 0, 1, 0, 0, 1, 4, 8, 12, 11, 1, 0, 0, 0, 0, 0, 0, 0, 1, 3, 5, 4, 0, 0, 0
19:22:02, 1418.00, 28.88, 29.47, 29.094, 0, 1, 0, 0, 2, 5, 10, 14, 14, 1, 0, 0, 0, 0, 0, 0, 0, 1, 3, 5, 4, 0, 0, 0
19:22:03, 1408.50, 28.88, 29.53, 29.094, 0, 1, 0, 0, 2, 5, 10, 15, 14, 1, 0, 0, 0, 0, 0, 0, 0, 1, 4, 6, 5, 0, 0, 0
19:22:04, 1403.90, 28.89, 29.53, 29.094, 0, 1, 0, 0, 2, 6, 12, 17, 16, 2, 0, 0, 0, 0, 0, 0, 0, 1, 4, 6, 6, 0, 0, 0
19:22:04, 1400.60, 28.89, 29.49, 29.102, 0, 1, 0, 0, 2, 6, 14, 19, 19, 2, 0, 0, 0, 0, 0, 0, 0, 1, 5, 6, 6, 0, 0, 0
19:22:05, 1391.50, 28.89, 29.51, 29.102, 0, 1, 0, 0, 3, 7, 14, 19, 19, 2, 0, 0, 0, 0, 0, 0, 0, 2, 6, 8, 7, 0, 0, 0
19:22:06, 1387.80, 28.89, 29.53, 29.102, 0, 1, 0, 0, 3, 8, 17, 23, 22, 2, 0, 0, 0, 0, 0, 0, 0, 2, 6, 8, 8, 0, 0, 0
19:22:06, 1384.30, 28.89, 29.53, 29.102, 1, 1, 0, 1, 4, 9, 19, 26, 26, 2, 0, 0, 0, 0, 0, 0, 0, 2, 7, 9, 9, 0, 0, 0
19:22:07, 1376.80, 28.90, 29.53, 29.094, 1, 1, 0, 1, 4, 9, 20, 27, 27, 2, 0, 0, 0, 0, 0, 0, 1, 3, 8, 10, 10, 0, 0, 0
19:22:08, 1375.10, 28.90, 29.53, 29.094, 1, 1, 0, 1, 5, 11, 23, 31, 31, 3, 0, 0, 0, 0, 0, 0, 1, 3, 8, 10, 10, 0, 0, 0
19:22:08, 1372.30, 28.90, 29.49, 29.094, 1, 1, 0, 1, 5, 11, 24, 31, 30, 3, 0, 0, 0, 0, 0, 0, 1, 3, 9, 11, 11, 0, 0, 0
19:22:09, 1366.60, 28.90, 29.53, 29.102, 1, 1, 1, 1, 5, 12, 25, 33, 32, 3, 0, 0, 0, 0, 0, 0, 1, 3, 9, 12, 12, 0, 0, 0
19:22:10, 1364.20, 28.90, 29.53, 29.102, 1, 1, 1, 1, 6, 13, 27, 37, 35, 3, 0, 0, 0, 0, 0, 0, 1, 3, 10, 12, 12, 0, 0, 0
19:22:10, 1360.80, 28.91, 29.49, 29.102, 1, 1, 1, 1, 6, 14, 29, 39, 38, 3, 0, 0, 0, 0, 0, 0, 1, 4, 10, 13, 13, 0, 0, 0
19:22:11, 1356.20, 28.90, 29.54, 29.102, 1, 1, 1, 1, 7, 15, 31, 42, 40, 3, 0, 0, 0, 0, 0, 0, 1, 4, 11, 14, 14, 0, 0, 0
19:22:12, 1353.30, 28.91, 29.53, 29.102, 1, 2, 1, 1, 7, 16, 34, 45, 43, 4, 0, 0, 0, 0, 0, 0, 2, 4, 12, 15, 14, 1, 0, 0
19:22:12, 1351.20, 28.91, 29.51, 29.102, 1, 2, 1, 2, 8, 18, 36, 49, 48, 4, 0, 0, 0, 0, 0, 0, 2, 5, 12, 15, 15, 1, 0, 0
19:22:13, 1345.60, 28.91, 29.49, 29.094, 1, 2, 1, 2, 8, 18, 37, 50, 47, 4, 0, 0, 0, 0, 0, 0, 2, 5, 13, 17, 16, 1, 0, 0
19:22:14, 1340.00, 28.91, 29.53, 29.094, 1, 2, 1, 2, 9, 20, 41, 55, 52, 4, 0, 0, 0, 0, 0, 0, 2, 6, 15, 19, 18, 1, 0, 0
19:22:14, 1337.50, 28.91, 29.53, 29.094, 2, 2, 1, 2, 11, 23, 46, 61, 61, 5, 0, 0, 0, 0, 0, 0, 2, 6, 15, 19, 19, 1, 0, 0
19:22:15, 1332.00, 28.92, 29.51, 29.102, 2, 2, 2, 2, 11, 23, 47, 62, 61, 5, 0, 0, 0, 0, 0, 1, 3, 7, 17, 22, 22, 1, 0, 0
19:22:16, 1325.60, 28.92, 29.54, 29.102, 2, 2, 2, 3, 13, 27, 54, 71, 72, 6, 0, 0, 0, 0, 0, 1, 3, 8, 19, 24, 24, 1, 0, 0
19:22:16, 1322.90, 28.92, 29.53, 29.094, 2, 3, 2, 3, 14, 30, 60, 78, 79, 6, 0, 0, 0, 0, 0, 1, 3, 8, 20, 25, 25, 2, 0, 0
19:22:17, 1316.50, 28.92, 29.53, 29.094, 2, 3, 2, 3, 15, 31, 61, 81, 83, 7, 0, 0, 0, 0, 0, 1, 4, 10, 23, 28, 29, 2, 0, 0
19:22:18, 1309.50, 28.92, 29.51, 29.094, 3, 3, 3, 4, 18, 36, 70, 92, 96, 8, 0, 0, 0, 0, 1, 1, 5, 11, 26, 32, 33, 2, 0, 0
19:22:18, 1306.20, 28.92, 29.53, 29.094, 3, 3, 3, 5, 21, 41, 80, 105, 108, 8, 0, 0, 0, 0, 1, 1, 5, 12, 27, 34, 34, 2, 0, 0
19:22:19, 1299.10, 28.92, 29.54, 29.094, 3, 4, 3, 5, 21, 43, 83, 109, 110, 9, 0, 0, 1, 0, 1, 1, 6, 14, 31, 38, 39, 3, 0, 0
19:22:20, 1290.20, 28.92, 29.49, 29.094, 4, 4, 4, 6, 26, 51, 98, 128, 132, 10, 0, 0, 1, 1, 1, 2, 7, 17, 37, 45, 47, 4, 0, 0
19:22:20, 1286.30, 28.92, 29.53, 29.086, 5, 5, 5, 8, 32, 62, 117, 152, 157, 12, 0, 0, 1, 1, 1, 2, 8, 18, 40, 48, 51, 4, 0, 0
19:22:21, 1278.50, 28.92, 29.53, 29.094, 5, 5, 5, 8, 35, 67, 127, 164, 169, 13, 0, 0, 1, 1, 2, 2, 10, 22, 46, 56, 59, 5, 0, 0
19:22:22, 1269.40, 28.92, 29.53, 29.094, 6, 6, 6, 11, 44, 83, 154, 199, 214, 16, 0, 0, 2, 1, 2, 3, 12, 26, 54, 66, 71, 6, 0, 0
19:22:22, 1265.10, 28.92, 29.51, 29.094, 8, 8, 8, 13, 53, 99, 181, 232, 251, 19, 0, 0, 2, 2, 2, 3, 14, 29, 60, 73, 79, 6, 0, 0
19:22:23, 1257.60, 28.93, 29.51, 29.094, 9, 8, 9, 15, 57, 106, 193, 247, 273, 21, 0, 0, 2, 2, 3, 4, 16, 34, 69, 83, 92, 8, 0, 0
19:22:24, 1245.10, 28.93, 29.51, 29.094, 10, 9, 10, 18, 68, 124, 221, 284, 323, 25, 0, 0, 3, 2, 3, 5, 22, 45, 89, 106, 120, 10, 0, 0
19:22:24, 1242.90, 28.93, 29.53, 29.094, 12, 11, 13, 23, 87, 156, 274, 348, 384, 29, 0, 0, 4, 3, 4, 6, 23, 47, 92, 110, 123, 10, 0, 0
19:22:25, 1241.00, 28.93, 29.53, 29.109, 13, 13, 14, 26, 95, 171, 302, 382, 430, 32, 0, 0, 4, 3, 4, 6, 24, 49, 95, 113, 128, 11, 0, 0
19:22:26, 1233.00, 28.93, 29.53, 29.109, 14, 13, 15, 27, 95, 170, 298, 379, 435, 33, 0, 0, 5, 4, 5, 7, 29, 58, 112, 132, 151, 13, 0, 0
19:22:26, 1226.40, 28.94, 29.53, 29.109, 16, 15, 17, 32, 109, 192, 332, 421, 470, 36, 0, 0, 5, 4, 5, 9, 34, 67, 127, 151, 171, 15, 0, 0
19:22:27, 1223.80, 28.94, 29.47, 29.117, 18, 17, 20, 38, 133, 231, 399, 504, 553, 41, 0, 0, 5, 4, 5, 9, 34, 68, 128, 152, 171, 15, 0, 0
19:22:28, 1216.60, 28.94, 29.49, 29.117, 18, 17, 20, 39, 135, 233, 399, 504, 537, 40, 0, 0, 6, 5, 6, 10, 40, 78, 147, 172, 192, 17, 0, 0
19:22:28, 1212.40, 28.94, 29.49, 29.117, 21, 20, 23, 45, 159, 271, 460, 582, 608, 45, 0, 0, 7, 6, 7, 11, 45, 86, 160, 187, 209, 18, 0, 0
19:22:29, 1209.50, 28.95, 29.51, 29.125, 22, 21, 25, 49, 167, 282, 476, 596, 625, 47, 0, 0, 7, 6, 7, 12, 47, 91, 168, 197, 219, 19, 0, 0
19:22:30, 1200.30, 28.95, 29.53, 29.125, 24, 22, 27, 53, 180, 302, 504, 634, 656, 49, 0, 0, 9, 7, 9, 15, 58, 110, 200, 233, 260, 23, 0, 0
19:22:30, 1195.00, 28.95, 29.53, 29.117, 28, 25, 31, 65, 211, 346, 567, 709, 747, 56, 0, 0, 10, 8, 10, 18, 66, 123, 221, 257, 291, 26, 0, 0
19:22:31, 1191.90, 28.95, 29.53, 29.125, 34, 32, 40, 85, 260, 422, 690, 856, 944, 70, 0, 0, 10, 8, 10, 19, 70, 129, 232, 269, 314, 28, 0, 0
19:22:32, 1184.20, 28.95, 29.53, 29.125, 35, 31, 41, 86, 268, 434, 697, 872, 1009, 76, 0, 0, 12, 10, 13, 23, 86, 157, 277, 320, 390, 35, 0, 0
19:22:32, 1177.80, 28.96, 29.53, 29.117, 39, 35, 47, 101, 308, 492, 780, 966, 1121, 84, 0, 0, 14, 11, 14, 26, 100, 181, 317, 365, 446, 40, 0, 0
19:22:33, 1174.30, 28.96, 29.51, 29.125, 44, 39, 52, 112, 365, 576, 911, 1139, 1281, 96, 0, 0, 15, 12, 16, 29, 105, 187, 325, 373, 453, 40, 0, 0
19:22:34, 1167.90, 28.96, 29.53, 29.125, 50, 45, 61, 134, 388, 608, 950, 1188, 1352, 101, 0, 0, 17, 14, 18, 33, 121, 215, 370, 423, 514, 46, 0, 0
19:22:34, 1160.70, 28.96, 29.51, 29.117, 56, 50, 70, 155, 443, 684, 1057, 1317, 1434, 107, 0, 0, 20, 16, 21, 40, 142, 248, 421, 479, 571, 51, 0, 0
19:22:35, 1156.00, 28.96, 29.53, 29.133, 62, 57, 82, 183, 530, 800, 1236, 1528, 1631, 121, 0, 0, 21, 18, 23, 44, 153, 265, 445, 505, 600, 54, 0, 0
19:22:36, 1148.60, 28.96, 29.54, 29.133, 76, 73, 107, 243, 653, 976, 1507, 1844, 2065, 152, 0, 0, 23, 19, 25, 49, 173, 296, 493, 557, 673, 60, 0, 0
19:22:36, 1138.10, 28.97, 29.53, 29.133, 89, 82, 125, 282, 781, 1145, 1716, 2135, 2353, 175, 0, 0, 30, 25, 34, 70, 229, 381, 619, 697, 883, 79, 0, 0
19:22:37, 1133.80, 28.97, 29.54, 29.148, 98, 90, 144, 322, 832, 1197, 1768, 2155, 2400, 179, 0, 0, 32, 27, 36, 76, 247, 407, 657, 738, 922, 83, 0, 0
19:22:38, 1126.30, 28.97, 29.47, 29.148, 114, 106, 174, 391, 998, 1419, 2083, 2563, 2802, 208, 0, 0, 36, 30, 42, 89, 285, 463, 738, 826, 1060, 95, 0, 0
19:22:38, 1115.10, 28.97, 29.53, 29.148, 132, 123, 211, 471, 1168, 1625, 2322, 2863, 3302, 248, 0, 0, 47, 39, 56, 122, 377, 597, 935, 1039, 1356, 122, 0, 0
19:22:39, 1105.80, 28.98, 29.51, 29.164, 186, 175, 311, 661, 1512, 2048, 2891, 3592, 3736, 285, 0, 0, 56, 47, 70, 158, 455, 705, 1087, 1199, 1531, 138, 0, 0
19:22:40, 1096.50, 28.98, 29.51, 29.164, 200, 210, 388, 844, 1827, 2426, 3412, 4221, 4490, 343, 0, 0, 66, 56, 85, 194, 558, 843, 1280, 1408, 1877, 170, 0, 0
19:22:40, 1092.20, 28.99, 29.53, 29.164, 301, 337, 630, 1337, 2535, 3321, 4580, 5488, 6250, 482, 0, 0, 69, 59, 94, 214, 584, 871, 1303, 1429, 1992, 179, 0, 0
19:22:41, 1085.50, 28.99, 29.51, 29.180, 306, 350, 682, 1418, 2950, 3793, 5244, 6331, 7331, 573, 0, 0, 80, 69, 113, 259, 717, 1050, 1552, 1700, 2508, 227, 0, 0
19:22:42, 1079.80, 28.99, 29.53, 29.180, 341, 365, 720, 1429, 2633, 3407, 4400, 5573, 7148, 578, 0, 0, 99, 87, 149, 339, 880, 1269, 1855, 2025, 3087, 283, 0, 0
19:22:42, 1077.20, 28.99, 29.54, 29.187, 415, 407, 814, 1586, 2973, 4068, 5061, 6536, 8167, 670, 0, 0, 108, 95, 166, 377, 947, 1354, 1968, 2143, 3307, 303, 0, 0
19:22:43, 1074.80, 29.00, 29.56, 29.203, 421, 415, 838, 1603, 2869, 3815, 4687, 6081, 7495, 624, 0, 0, 111, 99, 174, 394, 940, 1339, 1944, 2112, 3133, 287, 0, 0
19:22:44, 1073.80, 29.00, 29.53, 29.203, 464, 551, 1063, 2068, 3629, 4552, 6067, 7395, 7652, 630, 0, 0, 104, 92, 161, 367, 914, 1303, 1897, 2058, 2847, 259, 0, 0
19:22:44, 1074.20, 29.01, 29.51, 29.211, 346, 412, 828, 1560, 3062, 3732, 5102, 6178, 6212, 511, 0, 0, 102, 90, 156, 357, 912, 1302, 1901, 2059, 2765, 252, 0, 0
19:22:45, 1073.20, 29.01, 29.53, 29.211, 353, 413, 835, 1534, 3126, 3764, 5245, 6433, 6025, 499, 0, 0, 106, 94, 164, 373, 935, 1330, 1939, 2102, 2778, 253, 0, 0
19:22:46, 1072.00, 29.01, 29.54, 29.211, 354, 431, 866, 1630, 3000, 3647, 4872, 5796, 6172, 508, 0, 0, 101, 90, 158, 361, 840, 1194, 1731, 1880, 2620, 239, 0, 0
19:22:46, 1072.40, 29.02, 29.54, 29.219, 549, 742, 1412, 2754, 4545, 5488, 7418, 9339, 9164, 782, 0, 0, 115, 104, 190, 426, 871, 1224, 1759, 1914, 2880, 263, 0, 0
19:22:47, 1071.70, 29.02, 29.53, 29.242, 327, 433, 854, 1719, 3395, 4074, 6019, 6189, 9048, 766, 0, 0, 88, 80, 140, 318, 850, 1207, 1747, 1903, 2830, 258, 0, 0
19:22:48, 1061.10, 29.03, 29.54, 29.242, 516, 636, 1223, 2301, 3748, 4673, 5887, 7481, 7683, 665, 0, 0, 134, 123, 226, 507, 1199, 1656, 2363, 2548, 3609, 333, 0, 0
19:22:48, 1053.60, 29.03, 29.53, 29.242, 749, 1029, 1870, 3385, 5135, 6068, 8076, 10135, 8943, 811, 0, 0, 135, 128, 239, 534, 1255, 1707, 2414, 2595, 3608, 333, 0, 0
19:22:49, 1041.10, 29.04, 29.54, 29.258, 1041, 1660, 2747, 4989, 8052, 9890, 12007, 15501, 11979, 1247, 0, 0, 168, 168, 332, 713, 1557, 2048, 2825, 3021, 4513, 426, 0, 0
19:22:50, 1031.10, 29.05, 29.53, 29.258, 1442, 2610, 4254, 7096, 10042, 12002, 15072, 19253, 16035, 2094, 0, 0, 215, 236, 481, 978, 1898, 2421, 3270, 3496, 5670, 555, 0, 0
19:22:50, 1025.50, 29.05, 29.53, 29.289, 2065, 3938, 5746, 9186, 19153, 22649, 25223, 29604, 20474, 3510, 0, 0, 228, 265, 539, 1052, 1876, 2355, 3144, 3355, 5459, 541, 0, 0
19:22:51, 1022.10, 29.06, 29.56, 29.289, 1842, 3529, 5424, 8071, 16157, 17087, 22395, 24580, 24615, 4516, 0, 0, 179, 208, 422, 823, 1637, 2053, 2737, 2928, 4984, 498, 0, 0
19:22:52, 1019.40, 29.06, 29.54, 29.320, 5576, 8274, 12322, 14444, 15649, 21981, 19574, 32383, 20618, 4576, 0, 0, 190, 232, 473, 901, 1731, 2144, 2853, 3031, 4567, 437, 0, 0
19:22:52, 1016.00, 29.07, 29.51, 29.328, 2239, 4085, 6020, 6357, 15050, 20006, 19886, 30340, 21768, 5066, 0, 0, 216, 267, 540, 1014, 1985, 2444, 3213, 3429, 5558, 568, 0, 0
19:22:53, 1016.30, 29.08, 29.54, 29.328, 7622, 12776, 20953, 19524, 20984, 26105, 26540, 34146, 33071, 11970, 0, 1, 268, 344, 687, 1272, 2186, 2676, 3517, 3744, 6226, 653, 0, 0
19:22:54, 1012.50, 29.08, 29.56, 29.344, 6755, 11731, 13603, 16136, 21621, 22118, 23989, 25082, 29682, 10592, 0, 0, 282, 363, 722, 1327, 6513, 7277, 8817, 9654, 24580, 6207, 0, 0
19:22:54, 1012.50, 29.08, 29.54, 29.344, 2259, 3497, 5127, 5533, 20060, 12221, 21940, 21594, 23771, 8407, 0, 0, 20484, 34879, 36000, 36000, 36000, 36000, 36000, 36000, 36000, 36000, 1, 1
19:22:55, 1012.60, 29.09, 29.53, 29.344, 7410, 13736, 19349, 23564, 26617, 21369, 27391, 36000, 36000, 22345, 1, 1, 10839, 18260, 25077, 30871, 18278, 20239, 23209, 26725, 36000, 21095, 1, 1
