Secchi Depth (cm) = 0080
Forel Ule Scale = 99
pH Colour Scale = 99
SensingSecchi S/N = A017
Latitude (degs N) = 34.03345
Longitude (degs E) = -77.94109
Date = 2026-06-25
Time (UTC), Pressure (mbar) MS5803, Temp (deg C) MS5803, Temp (deg C) 10KTHERM, Temp (deg C) TMP117, ED 415nm, ED 445nm, ED 480nm, ED 515nm, ED 555nm, ED 590nm, ED 630nm, ED 680nm, ED Clear, ED NIR, ED D-SAT, ED A-SAT, EU 415nm, EU 445nm, EU 480nm, EU 515nm, EU 555nm, EU 590nm, EU 630nm, EU 680nm, EU Clear, EU NIR, EU D-SAT, EU A-SAT
17:21:00, 1013.50, 29.51, 31.36, 29.391, 697, 1093, 1446, 1788, 1908, 1956, 2563, 2558, 12069, 3560, 0, 0, 6290, 8993, 11947, 16128, 18615, 23752, 27130, 34375, 36000, 36000, 1, 1
17:21:00, 1013.60, 29.51, 31.36, 29.391, 845, 1352, 1782, 2082, 2372, 2370, 2809, 2875, 13140, 3709, 0, 0, 7853, 11498, 15547, 20145, 22993, 28356, 32907, 36000, 36000, 36000, 1, 1
17:21:01, 1013.40, 29.51, 31.34, 29.383, 1139, 1764, 2361, 2652, 3012, 3005, 3529, 3641, 16755, 4833, 0, 0, 10231, 16428, 22558, 28412, 36000, 36000, 36000, 36000, 36000, 36000, 1, 1
17:21:02, 1013.40, 29.52, 31.32, 29.406, 2262, 3104, 4494, 4735, 10890, 11074, 11161, 14031, 36000, 34027, 1, 1, 7878, 11596, 16732, 20282, 18680, 18754, 21616, 21902, 36000, 33802, 1, 1
17:21:02, 1013.60, 29.52, 31.34, 29.406, 4757, 4500, 7757, 6922, 33402, 32852, 34263, 35823, 35018, 29518, 0, 1, 2753, 4007, 5854, 7934, 9899, 10102, 11369, 10875, 21894, 5122, 0, 0
17:21:03, 1016.70, 29.52, 31.28, 29.406, 12741, 20453, 28385, 32985, 35504, 31869, 36000, 36000, 28390, 10300, 1, 1, 373, 536, 1108, 2019, 3406, 3761, 3942, 3576, 7974, 784, 0, 0
17:21:04, 1024.30, 29.52, 31.34, 29.320, 10015, 19572, 21859, 24857, 16664, 17603, 17463, 20607, 22349, 6271, 0, 0, 331, 455, 977, 1859, 3279, 3653, 3822, 3396, 7238, 663, 0, 0
17:21:04, 1027.60, 29.52, 31.30, 29.320, 15166, 23702, 28379, 30702, 29626, 32179, 32681, 33551, 36000, 23045, 1, 1, 335, 464, 999, 1896, 3362, 3759, 3924, 3498, 7623, 676, 0, 0
17:21:05, 1023.70, 29.53, 31.30, 29.273, 1421, 1759, 2825, 3236, 3925, 4630, 4375, 5189, 10607, 2002, 0, 0, 427, 592, 1264, 2344, 4137, 4596, 4837, 4341, 8957, 805, 0, 0
17:21:06, 1030.60, 29.53, 31.26, 29.250, 2393, 3535, 5444, 6392, 12558, 13228, 14770, 15660, 20017, 2819, 0, 0, 331, 431, 963, 1919, 3626, 4075, 4246, 3745, 7881, 689, 0, 0
17:21:06, 1020.50, 29.53, 31.25, 29.250, 1194, 1481, 2601, 3015, 3850, 4224, 4231, 5038, 8824, 1395, 0, 0, 401, 544, 1183, 2248, 4019, 4467, 4692, 4216, 8558, 759, 0, 0
17:21:07, 1028.30, 29.53, 31.23, 29.227, 1981, 2341, 3657, 3939, 4665, 4968, 5087, 6093, 11749, 2691, 0, 0, 386, 514, 1131, 2188, 3671, 4115, 4293, 3790, 7901, 696, 0, 0
17:21:08, 1025.00, 29.54, 31.26, 29.227, 5439, 7887, 14609, 16457, 29893, 31076, 34787, 34449, 35841, 8508, 0, 1, 345, 457, 1009, 1971, 3995, 4457, 4678, 4185, 8653, 775, 0, 0
17:21:08, 1023.90, 29.54, 31.17, 29.219, 4178, 2883, 5449, 5502, 4823, 6814, 5271, 6953, 12366, 2374, 0, 0, 439, 607, 1307, 2454, 4545, 5034, 5316, 4785, 9617, 853, 0, 0
17:21:09, 1028.10, 29.54, 31.21, 29.211, 5391, 11211, 14713, 24016, 25533, 28604, 28287, 29504, 28696, 5035, 0, 0, 324, 429, 948, 1868, 3574, 4010, 4190, 3693, 7412, 638, 0, 0
17:21:10, 1028.30, 29.55, 31.17, 29.211, 2026, 2902, 5428, 4939, 7702, 6932, 9661, 11901, 12186, 1970, 0, 0, 404, 555, 1205, 2298, 3788, 4219, 4425, 3938, 8107, 705, 0, 0
17:21:10, 1029.40, 29.55, 31.19, 29.203, 1067, 1906, 2870, 3624, 3293, 3272, 3861, 4002, 8315, 927, 0, 0, 412, 548, 1213, 2365, 4189, 4690, 4914, 4371, 8416, 713, 0, 0
17:21:11, 1030.00, 29.56, 31.15, 29.203, 1577, 1958, 3473, 3555, 4830, 5088, 5059, 6265, 10243, 1368, 0, 0, 353, 472, 1041, 2022, 3482, 3903, 4091, 3639, 7630, 671, 0, 0
17:21:12, 1033.60, 29.56, 31.13, 29.203, 4072, 8267, 11106, 15056, 17633, 16426, 21262, 26052, 23357, 3201, 0, 0, 299, 386, 860, 1718, 3333, 3756, 3903, 3463, 7447, 657, 0, 0
17:21:12, 1033.20, 29.56, 31.12, 29.203, 5659, 8041, 12749, 18142, 15951, 17573, 20329, 19608, 29806, 4960, 0, 0, 300, 386, 859, 1719, 3314, 3743, 3900, 3422, 7047, 612, 0, 0
17:21:13, 1029.50, 29.57, 31.15, 29.195, 1924, 3528, 5782, 7654, 7089, 7818, 8780, 9851, 14467, 1731, 0, 0, 397, 517, 1151, 2267, 4455, 4974, 5244, 4670, 8916, 769, 0, 0
17:21:13, 1027.80, 29.57, 31.15, 29.195, 3345, 5294, 7123, 10530, 6733, 7300, 8248, 9064, 13184, 1779, 0, 0, 366, 487, 1071, 2084, 3890, 4355, 4565, 4058, 8031, 692, 0, 0
17:21:14, 1033.60, 29.57, 31.13, 29.195, 1834, 2554, 4076, 4606, 9944, 11250, 13024, 14791, 18940, 2627, 0, 0, 324, 426, 946, 1875, 3493, 3913, 4086, 3656, 8318, 730, 0, 0
17:21:15, 1027.10, 29.58, 31.13, 29.195, 8148, 9993, 15325, 22969, 17918, 18131, 23134, 25063, 22385, 3055, 0, 0, 384, 503, 1117, 2188, 4652, 5191, 5481, 4915, 10223, 923, 0, 0
17:21:15, 1028.70, 29.58, 31.12, 29.195, 2092, 1926, 3279, 4083, 5370, 8790, 6100, 8918, 13301, 1970, 0, 0, 370, 500, 1095, 2100, 3725, 4168, 4371, 3884, 8150, 724, 0, 0
17:21:16, 1034.90, 29.58, 31.12, 29.187, 2783, 5302, 7499, 10666, 13880, 14866, 17358, 17457, 24590, 3245, 0, 0, 313, 409, 910, 1811, 3357, 3784, 3942, 3487, 7668, 673, 0, 0
17:21:17, 1032.10, 29.59, 31.04, 29.180, 1828, 3399, 5214, 7519, 7367, 8299, 9183, 10673, 14145, 1635, 0, 0, 334, 430, 970, 1954, 3975, 4475, 4691, 4138, 7972, 671, 0, 0
17:21:17, 1029.50, 29.59, 31.08, 29.180, 1078, 1799, 2872, 3466, 5168, 4992, 6169, 6680, 12021, 1505, 0, 0, 362, 479, 1058, 2084, 3862, 4337, 4530, 3992, 7862, 671, 0, 0
17:21:18, 1033.30, 29.60, 31.08, 29.187, 1580, 2706, 4062, 5318, 7458, 8757, 9417, 10763, 14500, 1822, 0, 0, 312, 405, 905, 1800, 3275, 3692, 3847, 3402, 7194, 629, 0, 0
17:21:19, 1034.90, 29.60, 31.08, 29.187, 2478, 4872, 7250, 9993, 13243, 13500, 14873, 20397, 18221, 2274, 0, 0, 325, 414, 932, 1877, 3768, 4260, 4458, 3923, 8005, 694, 0, 0
17:21:19, 1033.80, 29.60, 31.04, 29.187, 1877, 2811, 4679, 5705, 11432, 12155, 13822, 15858, 16015, 1847, 0, 0, 318, 405, 912, 1841, 3522, 3980, 4143, 3638, 7253, 620, 0, 0
17:21:20, 1034.40, 29.61, 31.10, 29.187, 1336, 2356, 3711, 4662, 5406, 5573, 6460, 6970, 13692, 1653, 0, 0, 336, 436, 973, 1943, 3512, 3959, 4137, 3633, 7402, 641, 0, 0
17:21:21, 1035.90, 29.61, 31.02, 29.203, 8379, 11254, 17752, 27331, 16929, 19820, 22551, 21925, 36000, 5563, 1, 1, 276, 349, 788, 1598, 3210, 3650, 3783, 3320, 7051, 618, 0, 0
17:21:21, 1031.20, 29.61, 31.04, 29.203, 1735, 1785, 3061, 3925, 5164, 7518, 6313, 7791, 14116, 2383, 0, 0, 364, 480, 1064, 2078, 3732, 4198, 4389, 3895, 8346, 738, 0, 0
17:21:22, 1030.20, 29.61, 31.00, 29.187, 2281, 3558, 5610, 7345, 24333, 28178, 25833, 34025, 30910, 4214, 0, 1, 318, 414, 923, 1830, 3463, 3906, 4068, 3598, 7480, 653, 0, 0
17:21:23, 1027.30, 29.62, 31.00, 29.195, 1102, 1491, 2386, 2925, 4557, 5353, 4914, 6157, 10444, 1899, 0, 0, 376, 504, 1104, 2126, 3808, 4263, 4463, 3967, 8003, 699, 0, 0
17:21:23, 1024.70, 29.62, 31.02, 29.195, 1032, 1716, 2677, 3294, 4501, 4254, 5313, 5406, 10756, 1349, 0, 0, 398, 530, 1173, 2305, 4244, 4741, 4955, 4404, 8677, 742, 0, 0
17:21:24, 1019.20, 29.62, 31.06, 29.195, 3767, 7530, 10266, 10739, 4520, 4699, 5840, 5997, 13831, 2215, 0, 0, 420, 584, 1247, 2339, 4096, 4559, 4776, 4275, 8595, 758, 0, 0
17:21:25, 1028.40, 29.63, 31.02, 29.195, 2667, 2460, 4302, 4280, 9095, 14538, 8615, 14444, 15111, 4029, 0, 0, 378, 507, 1114, 2159, 3396, 3792, 3963, 3522, 7586, 679, 0, 0
17:21:25, 1030.50, 29.63, 31.00, 29.195, 3543, 6706, 9968, 12543, 12295, 12689, 14499, 16270, 35836, 6308, 0, 1, 309, 410, 905, 1779, 3546, 3982, 4163, 3664, 7556, 659, 0, 0
17:21:26, 1036.00, 29.63, 31.02, 29.195, 1503, 2296, 3500, 4215, 7498, 8027, 8865, 10165, 13751, 1854, 0, 0, 337, 436, 978, 1959, 3527, 3967, 4128, 3647, 7991, 695, 0, 0
17:21:27, 1041.10, 29.63, 31.00, 29.195, 2550, 4525, 7578, 12402, 31993, 35678, 35920, 35505, 36000, 14451, 1, 1, 272, 341, 772, 1581, 3109, 3544, 3670, 3189, 6707, 581, 0, 0
17:21:27, 1049.10, 29.63, 31.02, 29.195, 1107, 1361, 2452, 3135, 3870, 4700, 4558, 5278, 9545, 1015, 0, 0, 279, 338, 781, 1642, 2921, 3348, 3456, 3004, 6589, 555, 0, 0
17:21:28, 1051.70, 29.63, 31.00, 29.187, 3991, 6436, 11460, 17992, 24628, 27041, 33367, 32767, 33623, 3578, 0, 1, 242, 285, 657, 1412, 2865, 3301, 3406, 2923, 6165, 527, 0, 0
17:21:29, 1062.50, 29.64, 30.98, 29.187, 2468, 5025, 8773, 13091, 16601, 18892, 24444, 23251, 35851, 4165, 0, 1, 243, 290, 670, 1436, 2911, 3355, 3465, 3012, 7050, 587, 0, 0
17:21:29, 1066.20, 29.64, 31.00, 29.187, 1882, 3242, 6158, 10477, 8110, 9174, 9775, 12281, 12079, 993, 0, 0, 241, 265, 622, 1398, 2837, 3313, 3429, 2898, 6051, 515, 0, 0
17:21:30, 1069.50, 29.64, 30.98, 29.172, 925, 951, 2075, 2913, 3470, 3987, 4136, 4559, 6658, 615, 0, 0, 238, 257, 599, 1355, 2603, 3060, 3147, 2628, 5296, 447, 0, 0
17:21:31, 1074.20, 29.64, 31.02, 29.156, 1456, 2403, 4689, 8325, 13632, 17584, 20927, 19209, 36000, 3695, 1, 1, 194, 210, 493, 1126, 2341, 2764, 2838, 2396, 5432, 449, 0, 0
17:21:31, 1081.90, 29.64, 31.00, 29.156, 1139, 1942, 3671, 6441, 10815, 12448, 15101, 16711, 15165, 1167, 0, 0, 173, 178, 414, 980, 2165, 2577, 2631, 2186, 4715, 395, 0, 0
17:21:32, 1091.30, 29.64, 30.98, 29.117, 1307, 2356, 4719, 8900, 11041, 13990, 16068, 15844, 35284, 2656, 0, 1, 152, 150, 347, 845, 1933, 2336, 2380, 1934, 4161, 349, 0, 0
17:21:33, 1093.80, 29.64, 30.97, 29.117, 716, 1045, 2170, 3921, 5307, 6196, 6990, 7800, 8734, 631, 0, 0, 159, 151, 346, 862, 2175, 2637, 2711, 2189, 4466, 378, 0, 0
17:21:33, 1096.80, 29.64, 30.98, 29.102, 505, 528, 1194, 2139, 4159, 5477, 5350, 6257, 8196, 612, 0, 0, 148, 141, 323, 800, 1817, 2212, 2255, 1816, 3876, 327, 0, 0
17:21:34, 1104.50, 29.64, 30.98, 29.078, 845, 1268, 2815, 5485, 9545, 11018, 13009, 14231, 32116, 2274, 0, 0, 138, 134, 309, 757, 1688, 2061, 2097, 1727, 3889, 317, 0, 0
17:21:35, 1112.30, 29.63, 30.98, 29.078, 652, 966, 2148, 4156, 6910, 7966, 9662, 10062, 14817, 991, 0, 0, 111, 101, 225, 579, 1444, 1789, 1813, 1442, 3183, 265, 0, 0
17:21:35, 1107.90, 29.63, 30.95, 29.062, 543, 742, 1627, 3228, 5506, 6511, 7670, 8183, 11888, 794, 0, 0, 123, 113, 251, 645, 1728, 2131, 2179, 1738, 3806, 321, 0, 0
17:21:36, 1112.80, 29.63, 30.97, 29.031, 560, 731, 1578, 3042, 6892, 8031, 9761, 9846, 14511, 980, 0, 0, 112, 102, 229, 586, 1455, 1799, 1820, 1454, 3187, 265, 0, 0
17:21:37, 1111.40, 29.63, 30.97, 29.031, 552, 776, 1733, 3464, 5639, 6601, 7884, 8172, 11680, 784, 0, 0, 114, 102, 226, 588, 1515, 1879, 1910, 1514, 3286, 276, 0, 0
17:21:37, 1117.40, 29.63, 31.00, 29.023, 542, 770, 1709, 3357, 6645, 7855, 9491, 9290, 15112, 1024, 0, 0, 108, 99, 219, 565, 1432, 1776, 1796, 1430, 3175, 264, 0, 0
17:21:38, 1122.80, 29.62, 31.00, 29.016, 561, 765, 1778, 3655, 5886, 7023, 8522, 8326, 13451, 901, 0, 0, 101, 89, 195, 513, 1317, 1650, 1665, 1312, 2883, 240, 0, 0
17:21:39, 1128.10, 29.62, 30.98, 29.016, 487, 654, 1523, 3196, 5514, 6619, 7913, 7670, 13446, 900, 0, 0, 91, 80, 172, 456, 1204, 1519, 1529, 1189, 2601, 217, 0, 0
17:21:39, 1128.10, 29.62, 30.97, 29.008, 414, 527, 1209, 2591, 4734, 5698, 6764, 6890, 10169, 678, 0, 0, 96, 83, 177, 474, 1270, 1601, 1619, 1259, 2719, 228, 0, 0
17:21:40, 1133.00, 29.62, 30.98, 29.008, 418, 549, 1249, 2632, 5401, 6441, 7882, 7700, 12369, 823, 0, 0, 90, 79, 169, 449, 1189, 1500, 1511, 1181, 2641, 219, 0, 0
17:21:41, 1136.60, 29.62, 30.98, 29.008, 371, 465, 1088, 2399, 4516, 5504, 6583, 6369, 10983, 733, 0, 0, 85, 72, 151, 410, 1130, 1440, 1451, 1118, 2469, 206, 0, 0
17:21:41, 1145.30, 29.62, 30.95, 29.000, 371, 456, 1056, 2356, 4701, 5806, 6934, 6529, 11929, 798, 0, 0, 77, 66, 138, 372, 1007, 1288, 1294, 995, 2217, 184, 0, 0
17:21:42, 1147.10, 29.61, 30.98, 29.000, 292, 347, 794, 1803, 3477, 4272, 5100, 4929, 8170, 548, 0, 0, 72, 60, 121, 335, 978, 1264, 1272, 964, 2117, 177, 0, 0
17:21:43, 1152.40, 29.61, 30.93, 29.000, 260, 286, 635, 1449, 3322, 4067, 4815, 4749, 7456, 500, 0, 0, 69, 58, 118, 327, 938, 1209, 1212, 924, 2072, 172, 0, 0
17:21:43, 1158.30, 29.61, 30.97, 28.984, 296, 341, 782, 1846, 3680, 4636, 5501, 5117, 9613, 646, 0, 0, 65, 54, 108, 300, 861, 1120, 1123, 848, 1896, 158, 0, 0
17:21:44, 1161.60, 29.61, 30.97, 28.984, 240, 267, 599, 1426, 2987, 3732, 4456, 4234, 7136, 480, 0, 0, 60, 49, 97, 271, 807, 1055, 1055, 788, 1751, 146, 0, 0
17:21:45, 1170.50, 29.60, 30.95, 28.984, 218, 236, 529, 1302, 2874, 3680, 4314, 3968, 7299, 491, 0, 0, 55, 44, 86, 241, 733, 965, 965, 716, 1588, 133, 0, 0
17:21:45, 1165.10, 29.60, 30.95, 28.953, 193, 206, 455, 1104, 2518, 3165, 3742, 3538, 5685, 383, 0, 0, 56, 46, 88, 249, 795, 1043, 1046, 775, 1681, 141, 0, 0
17:21:46, 1168.90, 29.60, 30.93, 28.945, 211, 226, 496, 1181, 2828, 3563, 4252, 4018, 6344, 430, 0, 0, 58, 48, 92, 260, 776, 1019, 1019, 761, 1713, 143, 0, 0
17:21:47, 1174.80, 29.60, 30.93, 28.945, 205, 221, 498, 1211, 2537, 3220, 3787, 3547, 5902, 400, 0, 0, 51, 42, 80, 225, 693, 914, 911, 672, 1497, 125, 0, 0
17:21:47, 1177.70, 29.59, 30.97, 28.930, 180, 191, 424, 1048, 2389, 3071, 3610, 3339, 6054, 409, 0, 0, 49, 40, 75, 212, 668, 885, 884, 650, 1445, 121, 0, 0
17:21:48, 1180.10, 29.59, 30.93, 28.906, 170, 176, 382, 947, 2238, 2862, 3321, 3103, 5137, 349, 0, 0, 49, 39, 75, 212, 659, 872, 870, 641, 1444, 120, 0, 0
17:21:49, 1178.30, 29.59, 30.91, 28.906, 167, 175, 385, 963, 2131, 2737, 3187, 2951, 5089, 345, 0, 0, 47, 38, 71, 201, 656, 872, 871, 636, 1407, 118, 0, 0
17:21:49, 1180.80, 29.59, 30.95, 28.891, 161, 163, 350, 872, 2099, 2673, 3087, 2920, 4671, 318, 0, 0, 50, 40, 76, 215, 669, 885, 882, 649, 1468, 122, 0, 0
17:21:50, 1187.80, 29.58, 30.97, 28.883, 165, 174, 385, 968, 2054, 2636, 3075, 2820, 5180, 350, 0, 0, 44, 35, 66, 187, 598, 799, 795, 579, 1298, 108, 0, 0
17:21:51, 1193.80, 29.58, 30.93, 28.883, 149, 151, 322, 828, 1842, 2385, 2770, 2538, 4499, 307, 0, 0, 41, 32, 59, 169, 548, 737, 730, 528, 1189, 99, 0, 0
17:21:51, 1198.30, 29.58, 30.91, 28.875, 125, 125, 265, 687, 1631, 2123, 2463, 2237, 4024, 273, 0, 0, 37, 29, 52, 150, 509, 687, 682, 490, 1096, 92, 0, 0
17:21:52, 1191.50, 29.58, 30.93, 28.859, 125, 122, 255, 657, 1585, 2047, 2344, 2171, 3518, 241, 0, 0, 42, 33, 61, 173, 572, 766, 762, 550, 1222, 102, 0, 0
17:21:53, 1196.00, 29.57, 30.91, 28.859, 134, 136, 292, 747, 1789, 2318, 2701, 2449, 4639, 316, 0, 0, 40, 32, 58, 166, 540, 725, 720, 521, 1180, 98, 0, 0
17:21:53, 1199.60, 29.57, 30.95, 28.852, 125, 124, 262, 681, 1594, 2072, 2405, 2172, 3958, 270, 0, 0, 37, 29, 52, 150, 505, 682, 675, 485, 1086, 91, 0, 0
17:21:54, 1207.50, 29.56, 30.91, 28.844, 119, 117, 246, 641, 1599, 2088, 2427, 2196, 4165, 284, 0, 0, 35, 28, 50, 143, 471, 638, 632, 453, 1040, 87, 0, 0
17:21:55, 1210.20, 29.56, 30.93, 28.844, 101, 98, 199, 528, 1308, 1722, 1982, 1777, 3184, 218, 0, 0, 31, 25, 43, 125, 435, 591, 585, 415, 944, 79, 0, 0
17:21:55, 1211.80, 29.56, 30.91, 28.828, 99, 95, 192, 507, 1282, 1681, 1925, 1731, 3041, 208, 0, 0, 32, 25, 44, 127, 439, 598, 591, 420, 960, 80, 0, 0
17:21:56, 1213.10, 29.55, 30.93, 28.828, 101, 98, 199, 534, 1299, 1710, 1969, 1755, 3247, 222, 0, 0, 30, 24, 42, 121, 424, 577, 570, 403, 913, 76, 0, 0
17:21:57, 1218.20, 29.55, 30.95, 28.812, 100, 96, 194, 516, 1337, 1774, 2053, 1833, 3459, 236, 0, 0, 30, 24, 41, 119, 410, 560, 552, 392, 905, 76, 0, 0
17:21:57, 1224.00, 29.55, 30.93, 28.805, 88, 84, 168, 451, 1139, 1510, 1739, 1535, 2815, 193, 0, 0, 27, 21, 37, 107, 378, 519, 512, 360, 824, 69, 0, 0
17:21:58, 1233.60, 29.55, 30.91, 28.805, 82, 77, 150, 409, 1052, 1407, 1622, 1424, 2617, 181, 0, 0, 24, 19, 32, 93, 331, 457, 450, 314, 715, 60, 0, 0
17:21:58, 1232.80, 29.54, 30.89, 28.805, 69, 64, 124, 338, 907, 1221, 1397, 1214, 2241, 154, 0, 0, 23, 17, 29, 85, 322, 446, 439, 304, 691, 58, 0, 0
17:21:59, 1238.70, 29.54, 30.91, 28.797, 70, 65, 121, 331, 936, 1262, 1445, 1263, 2284, 158, 0, 0, 23, 18, 30, 86, 315, 437, 430, 298, 695, 58, 0, 0
17:22:00, 1253.20, 29.53, 30.91, 28.797, 62, 58, 109, 301, 809, 1093, 1250, 1078, 2035, 141, 0, 0, 19, 15, 25, 71, 259, 362, 355, 243, 563, 47, 0, 0
17:22:00, 1254.70, 29.53, 30.91, 28.797, 51, 46, 83, 231, 659, 904, 1029, 873, 1671, 117, 0, 0, 17, 13, 21, 61, 242, 339, 332, 225, 522, 43, 0, 0
17:22:01, 1253.90, 29.53, 30.93, 28.781, 50, 45, 81, 225, 667, 913, 1034, 883, 1611, 112, 0, 0, 17, 13, 22, 63, 248, 348, 341, 232, 530, 44, 0, 0
17:22:02, 1261.30, 29.52, 30.89, 28.781, 52, 47, 86, 240, 683, 935, 1060, 897, 1883, 132, 0, 0, 17, 13, 22, 63, 237, 333, 326, 222, 525, 44, 0, 0
17:22:02, 1268.70, 29.52, 30.89, 28.758, 45, 41, 73, 204, 594, 819, 929, 782, 1514, 106, 0, 0, 15, 11, 18, 53, 206, 291, 284, 191, 449, 37, 0, 0
17:22:03, 1277.50, 29.51, 30.93, 28.727, 41, 37, 64, 180, 538, 744, 842, 702, 1382, 97, 0, 0, 13, 10, 16, 46, 185, 262, 255, 170, 402, 33, 0, 0
17:22:04, 1280.40, 29.51, 30.91, 28.727, 36, 32, 55, 154, 468, 653, 737, 609, 1189, 84, 0, 0, 12, 9, 15, 41, 172, 245, 238, 158, 372, 31, 0, 0
17:22:04, 1287.10, 29.50, 30.91, 28.687, 35, 32, 54, 151, 480, 666, 749, 626, 1194, 84, 0, 0, 12, 9, 14, 41, 166, 237, 230, 153, 362, 30, 0, 0
17:22:05, 1300.70, 29.50, 30.91, 28.664, 30, 27, 45, 128, 392, 550, 618, 505, 1017, 72, 0, 0, 9, 7, 11, 32, 134, 193, 186, 121, 288, 24, 0, 0
17:22:06, 1308.40, 29.49, 30.91, 28.664, 25, 22, 35, 100, 328, 465, 520, 419, 850, 60, 0, 0, 8, 6, 10, 27, 119, 172, 165, 107, 254, 21, 0, 0
17:22:06, 1310.70, 29.49, 30.91, 28.633, 24, 21, 34, 95, 323, 456, 508, 411, 797, 56, 0, 0, 8, 6, 10, 27, 119, 172, 166, 107, 256, 21, 0, 0
17:22:07, 1324.20, 29.49, 30.91, 28.602, 22, 20, 31, 87, 288, 410, 458, 366, 781, 56, 0, 0, 7, 5, 8, 22, 99, 143, 137, 87, 210, 17, 0, 0
17:22:08, 1331.90, 29.49, 30.91, 28.602, 17, 16, 24, 67, 236, 339, 376, 295, 611, 43, 0, 0, 6, 4, 7, 19, 87, 128, 122, 77, 186, 15, 0, 0
17:22:08, 1336.30, 29.48, 30.93, 28.586, 17, 15, 22, 62, 225, 324, 358, 281, 567, 40, 0, 0, 5, 4, 6, 18, 83, 121, 115, 73, 176, 14, 0, 0
17:22:09, 1340.90, 29.47, 30.89, 28.570, 16, 14, 22, 61, 220, 316, 348, 273, 545, 39, 0, 0, 5, 4, 6, 17, 79, 116, 110, 69, 172, 14, 0, 0
17:22:10, 1353.80, 29.47, 30.89, 28.570, 14, 12, 18, 50, 186, 272, 299, 230, 507, 36, 0, 0, 4, 3, 5, 14, 66, 97, 92, 57, 141, 11, 0, 0
17:22:10, 1367.40, 29.46, 30.91, 28.555, 11, 10, 15, 41, 155, 228, 247, 189, 394, 28, 0, 0, 3, 2, 4, 11, 55, 83, 78, 48, 117, 9, 0, 0
17:22:11, 1369.70, 29.45, 30.91, 28.555, 10, 9, 13, 36, 139, 206, 223, 169, 353, 25, 0, 0, 3, 2, 4, 10, 53, 79, 74, 45, 111, 9, 0, 0
17:22:12, 1367.70, 29.45, 30.89, 28.555, 10, 9, 12, 34, 136, 200, 216, 163, 323, 23, 0, 0, 3, 2, 4, 11, 54, 81, 77, 46, 114, 9, 0, 0
17:22:12, 1380.00, 29.44, 30.91, 28.547, 10, 9, 12, 34, 131, 193, 213, 160, 364, 26, 0, 0, 3, 2, 3, 9, 48, 72, 67, 41, 103, 8, 0, 0
17:22:13, 1393.40, 29.43, 30.91, 28.555, 8, 7, 10, 28, 111, 165, 178, 132, 292, 21, 0, 0, 2, 2, 3, 8, 40, 61, 57, 34, 86, 7, 0, 0
17:22:14, 1394.80, 29.43, 30.91, 28.555, 7, 7, 9, 24, 102, 152, 164, 120, 266, 19, 0, 0, 2, 1, 2, 7, 39, 59, 55, 33, 84, 6, 0, 0
17:22:14, 1399.70, 29.42, 30.89, 28.531, 7, 6, 9, 24, 100, 150, 162, 118, 258, 19, 0, 0, 2, 1, 2, 7, 37, 56, 52, 31, 79, 6, 0, 0
17:22:15, 1403.20, 29.42, 30.89, 28.531, 7, 6, 8, 23, 95, 142, 152, 111, 241, 17, 0, 0, 2, 1, 2, 7, 35, 54, 50, 30, 77, 6, 0, 0
17:22:16, 1412.90, 29.41, 30.93, 28.531, 6, 6, 7, 21, 87, 132, 140, 100, 230, 17, 0, 0, 2, 1, 2, 6, 31, 48, 45, 26, 68, 5, 0, 0
17:22:16, 1419.00, 29.41, 30.87, 28.531, 6, 5, 7, 18, 80, 120, 128, 92, 200, 15, 0, 0, 1, 1, 2, 5, 29, 45, 42, 25, 63, 5, 0, 0
17:22:17, 1428.90, 29.40, 30.85, 28.531, 5, 5, 6, 17, 74, 112, 119, 84, 188, 14, 0, 0, 1, 1, 2, 5, 26, 40, 37, 21, 55, 4, 0, 0
17:22:18, 1425.60, 29.40, 30.89, 28.531, 4, 4, 5, 14, 63, 97, 102, 72, 158, 12, 0, 0, 1, 1, 1, 4, 26, 40, 37, 21, 56, 4, 0, 0
17:22:18, 1431.20, 29.39, 30.91, 28.516, 4, 4, 5, 14, 68, 103, 109, 77, 166, 12, 0, 0, 1, 1, 1, 4, 26, 40, 36, 21, 56, 4, 0, 0
17:22:19, 1441.10, 29.39, 30.93, 28.523, 4, 4, 5, 14, 62, 94, 99, 70, 154, 11, 0, 0, 1, 0, 1, 4, 22, 34, 32, 18, 48, 3, 0, 0
17:22:20, 1447.70, 29.38, 30.85, 28.523, 4, 4, 4, 11, 53, 82, 86, 59, 136, 10, 0, 0, 1, 0, 1, 3, 20, 31, 28, 16, 43, 3, 0, 0
17:22:20, 1452.60, 29.38, 30.87, 28.516, 3, 3, 4, 10, 50, 78, 82, 56, 129, 10, 0, 0, 1, 0, 1, 3, 19, 29, 27, 15, 41, 3, 0, 0
17:22:21, 1451.00, 29.38, 30.93, 28.516, 3, 3, 4, 10, 49, 75, 79, 54, 122, 9, 0, 0, 1, 0, 1, 3, 19, 30, 27, 15, 41, 3, 0, 0
17:22:22, 1454.00, 29.37, 30.89, 28.516, 3, 3, 4, 10, 49, 76, 80, 55, 125, 9, 0, 0, 1, 0, 1, 3, 19, 30, 27, 15, 41, 3, 0, 0
17:22:22, 1464.00, 29.37, 30.91, 28.516, 3, 3, 3, 10, 46, 71, 75, 51, 120, 9, 0, 0, 0, 0, 1, 3, 16, 26, 24, 13, 36, 2, 0, 0
17:22:23, 1469.90, 29.37, 30.91, 28.516, 3, 3, 3, 8, 41, 64, 66, 45, 104, 8, 0, 0, 0, 0, 1, 2, 15, 24, 22, 12, 33, 2, 0, 0
17:22:24, 1463.80, 29.36, 30.93, 28.516, 2, 3, 3, 8, 38, 60, 62, 42, 96, 7, 0, 0, 0, 0, 1, 2, 16, 25, 23, 13, 34, 2, 0, 0
17:22:24, 1465.60, 29.36, 30.89, 28.516, 3, 3, 3, 8, 43, 67, 69, 47, 107, 8, 0, 0, 0, 0, 1, 3, 16, 26, 24, 13, 36, 2, 0, 0
17:22:25, 1475.90, 29.36, 30.93, 28.516, 3, 3, 3, 8, 40, 63, 65, 44, 104, 8, 0, 0, 0, 0, 1, 2, 14, 23, 20, 11, 31, 2, 0, 0
17:22:26, 1481.20, 29.35, 30.91, 28.516, 2, 2, 2, 7, 35, 54, 56, 37, 89, 7, 0, 0, 0, 0, 1, 2, 13, 21, 19, 10, 28, 1, 0, 0
17:22:26, 1484.00, 29.35, 30.87, 28.516, 2, 2, 2, 6, 34, 53, 54, 36, 86, 6, 0, 0, 0, 0, 1, 2, 13, 20, 18, 10, 28, 2, 0, 0
17:22:27, 1484.60, 29.34, 30.89, 28.516, 2, 2, 2, 7, 34, 53, 55, 36, 86, 6, 0, 0, 0, 0, 0, 2, 13, 20, 18, 10, 28, 2, 0, 0
17:22:28, 1485.40, 29.34, 30.91, 28.508, 2, 2, 2, 7, 34, 53, 54, 36, 85, 6, 0, 0, 0, 0, 0, 2, 13, 20, 18, 10, 28, 2, 0, 0
17:22:28, 1494.10, 29.34, 30.91, 28.516, 2, 2, 2, 6, 31, 49, 50, 33, 81, 6, 0, 0, 0, 0, 0, 2, 11, 18, 16, 9, 25, 1, 0, 0
17:22:29, 1503.80, 29.34, 30.87, 28.516, 2, 2, 2, 5, 29, 45, 46, 30, 72, 5, 0, 0, 0, 0, 0, 1, 10, 16, 15, 8, 22, 1, 0, 0
17:22:30, 1505.20, 29.33, 30.85, 28.516, 2, 2, 2, 5, 26, 41, 41, 27, 65, 5, 0, 0, 0, 0, 0, 1, 10, 16, 14, 8, 21, 1, 0, 0
17:22:30, 1505.30, 29.33, 30.89, 28.523, 2, 2, 2, 5, 26, 41, 41, 27, 63, 5, 0, 0, 0, 0, 0, 1, 10, 16, 14, 8, 22, 1, 0, 0
17:22:31, 1518.20, 29.33, 30.89, 28.523, 1, 2, 2, 5, 25, 39, 40, 26, 65, 5, 0, 0, 0, 0, 0, 1, 9, 14, 13, 7, 19, 1, 0, 0
17:22:32, 1531.80, 29.32, 30.91, 28.516, 1, 1, 1, 4, 20, 32, 32, 20, 50, 4, 0, 0, 0, 0, 0, 1, 7, 12, 10, 6, 16, 1, 0, 0
17:22:32, 1533.40, 29.32, 30.89, 28.523, 1, 1, 1, 3, 18, 29, 28, 18, 45, 4, 0, 0, 0, 0, 0, 1, 7, 11, 10, 5, 16, 0, 0, 0
17:22:33, 1537.90, 29.31, 30.93, 28.523, 1, 1, 1, 3, 19, 30, 30, 19, 47, 4, 0, 0, 0, 0, 0, 1, 7, 11, 10, 5, 15, 1, 0, 0
17:22:34, 1549.40, 29.31, 30.89, 28.508, 1, 1, 1, 3, 16, 27, 26, 16, 42, 3, 0, 0, 0, 0, 0, 1, 6, 10, 9, 4, 13, 0, 0, 0
17:22:34, 1555.00, 29.31, 30.87, 28.508, 1, 1, 1, 2, 14, 23, 23, 14, 35, 3, 0, 0, 0, 0, 0, 1, 5, 9, 8, 4, 12, 0, 0, 0
17:22:35, 1557.90, 29.30, 30.89, 28.508, 1, 1, 1, 2, 14, 23, 22, 14, 35, 3, 0, 0, 0, 0, 0, 1, 5, 9, 8, 4, 12, 0, 0, 0
17:22:36, 1562.70, 29.30, 30.91, 28.492, 1, 1, 1, 2, 14, 22, 22, 13, 35, 3, 0, 0, 0, 0, 0, 1, 5, 8, 7, 4, 11, 0, 0, 0
17:22:36, 1567.10, 29.29, 30.89, 28.492, 1, 1, 0, 2, 13, 21, 20, 12, 32, 3, 0, 0, 0, 0, 0, 0, 5, 8, 7, 3, 11, 0, 0, 0
17:22:37, 1580.20, 29.29, 30.89, 28.492, 1, 1, 0, 2, 12, 20, 19, 11, 31, 3, 0, 0, 0, 0, 0, 0, 4, 7, 6, 3, 9, 0, 0, 0
17:22:38, 1584.20, 29.29, 30.89, 28.492, 0, 1, 0, 1, 10, 16, 15, 9, 24, 2, 0, 0, 0, 0, 0, 0, 4, 6, 5, 3, 8, 0, 0, 0
17:22:38, 1588.40, 29.28, 30.89, 28.492, 0, 1, 0, 1, 10, 16, 15, 9, 23, 2, 0, 0, 0, 0, 0, 0, 3, 6, 5, 3, 8, 0, 0, 0
17:22:39, 1599.60, 29.28, 30.89, 28.492, 0, 1, 0, 1, 9, 15, 14, 8, 23, 2, 0, 0, 0, 0, 0, 0, 3, 5, 4, 2, 7, 0, 0, 0
17:22:40, 1606.80, 29.27, 30.89, 28.484, 0, 1, 0, 1, 8, 13, 12, 7, 20, 2, 0, 0, 0, 0, 0, 0, 3, 5, 4, 2, 7, 0, 0, 0
17:22:40, 1606.60, 29.27, 30.89, 28.477, 0, 1, 0, 1, 7, 13, 11, 7, 18, 2, 0, 0, 0, 0, 0, 0, 3, 5, 4, 2, 7, 0, 0, 0
17:22:41, 1610.40, 29.27, 30.91, 28.477, 0, 1, 0, 1, 8, 13, 12, 7, 19, 2, 0, 0, 0, 0, 0, 0, 3, 5, 4, 2, 7, 0, 0, 0
17:22:41, 1618.90, 29.26, 30.87, 28.477, 0, 1, 0, 1, 7, 12, 11, 6, 18, 2, 0, 0, 0, 0, 0, 0, 2, 4, 4, 2, 6, 0, 0, 0
17:22:42, 1628.60, 29.26, 30.89, 28.477, 0, 1, 0, 1, 6, 11, 10, 6, 16, 1, 0, 0, 0, 0, 0, 0, 2, 4, 3, 2, 5, 0, 0, 0
17:22:43, 1623.90, 29.26, 30.89, 28.477, 0, 1, 0, 1, 6, 10, 9, 5, 14, 1, 0, 0, 0, 0, 0, 0, 2, 4, 3, 2, 5, 0, 0, 0
17:22:43, 1625.30, 29.25, 30.85, 28.477, 0, 1, 0, 1, 6, 11, 9, 5, 15, 1, 0, 0, 0, 0, 0, 0, 2, 4, 3, 2, 5, 0, 0, 0
17:22:44, 1633.00, 29.25, 30.91, 28.477, 0, 1, 0, 1, 6, 10, 9, 5, 15, 1, 0, 0, 0, 0, 0, 0, 2, 3, 3, 1, 5, 0, 0, 0
17:22:45, 1641.70, 29.25, 30.91, 28.477, 0, 1, 0, 0, 5, 9, 8, 4, 13, 1, 0, 0, 0, 0, 0, 0, 2, 3, 3, 1, 4, 0, 0, 0
17:22:45, 1644.10, 29.24, 30.89, 28.477, 0, 0, 0, 0, 5, 8, 7, 4, 12, 1, 0, 0, 0, 0, 0, 0, 2, 3, 3, 1, 4, 0, 0, 0
17:22:46, 1645.40, 29.24, 30.87, 28.477, 0, 0, 0, 0, 5, 8, 7, 4, 12, 1, 0, 0, 0, 0, 0, 0, 2, 3, 3, 1, 4, 0, 0, 0
17:22:47, 1645.80, 29.24, 30.85, 28.469, 0, 0, 0, 0, 5, 8, 7, 4, 11, 1, 0, 0, 0, 0, 0, 0, 2, 3, 3, 1, 4, 0, 0, 0
17:22:47, 1652.80, 29.24, 30.89, 28.469, 0, 0, 0, 0, 4, 8, 7, 4, 12, 1, 0, 0, 0, 0, 0, 0, 1, 3, 2, 1, 4, 0, 0, 0
17:22:48, 1662.50, 29.24, 30.89, 28.469, 0, 0, 0, 0, 4, 7, 6, 3, 10, 1, 0, 0, 0, 0, 0, 0, 1, 2, 2, 1, 3, 0, 0, 0
17:22:49, 1661.70, 29.24, 30.87, 28.469, 0, 0, 0, 0, 4, 7, 6, 3, 9, 1, 0, 0, 0, 0, 0, 0, 1, 2, 2, 1, 3, 0, 0, 0
17:22:49, 1661.10, 29.23, 30.89, 28.469, 0, 0, 0, 0, 4, 7, 6, 3, 9, 1, 0, 0, 0, 0, 0, 0, 1, 2, 2, 1, 3, 0, 0, 0
17:22:50, 1665.30, 29.23, 30.85, 28.469, 0, 0, 0, 0, 4, 7, 6, 3, 9, 1, 0, 0, 0, 0, 0, 0, 1, 2, 2, 1, 3, 0, 0, 0
17:22:51, 1675.80, 29.23, 30.89, 28.469, 0, 0, 0, 0, 3, 6, 5, 3, 9, 1, 0, 0, 0, 0, 0, 0, 1, 2, 2, 1, 3, 0, 0, 0
17:22:51, 1689.30, 29.22, 30.87, 28.469, 0, 0, 0, 0, 3, 5, 4, 2, 7, 1, 0, 0, 0, 0, 0, 0, 1, 1, 1, 1, 2, 0, 0, 0
17:22:52, 1694.00, 29.22, 30.89, 28.469, 0, 0, 0, 0, 2, 5, 3, 2, 6, 1, 0, 0, 0, 0, 0, 0, 0, 1, 1, 0, 2, 0, 0, 0
17:22:53, 1697.00, 29.21, 30.91, 28.461, 0, 0, 0, 0, 2, 4, 3, 2, 6, 1, 0, 0, 0, 0, 0, 0, 0, 1, 1, 0, 2, 0, 0, 0
17:22:53, 1697.90, 29.21, 30.87, 28.469, 0, 0, 0, 0, 2, 4, 3, 2, 5, 1, 0, 0, 0, 0, 0, 0, 0, 1, 1, 0, 2, 0, 0, 0
17:22:54, 1705.80, 29.21, 30.89, 28.469, 0, 0, 0, 0, 2, 4, 3, 2, 5, 1, 0, 0, 0, 0, 0, 0, 0, 1, 1, 0, 2, 0, 0, 0
17:22:55, 1704.90, 29.21, 30.89, 28.461, 0, 0, 0, 0, 2, 4, 3, 1, 5, 1, 0, 0, 0, 0, 0, 0, 0, 1, 1, 0, 2, 0, 0, 0
17:22:55, 1699.20, 29.21, 30.89, 28.461, 0, 0, 0, 0, 2, 4, 3, 1, 4, 1, 0, 0, 0, 0, 0, 0, 0, 1, 1, 0, 2, 0, 0, 0
17:22:56, 1706.40, 29.21, 30.89, 28.461, 0, 0, 0, 0, 2, 4, 3, 2, 5, 1, 0, 0, 0, 0, 0, 0, 0, 1, 1, 0, 2, 0, 0, 0
17:22:57, 1707.10, 29.20, 30.91, 28.461, 0, 0, 0, 0, 2, 4, 3, 1, 5, 1, 0, 0, 0, 0, 0, 0, 0, 1, 1, 0, 2, 0, 0, 0
17:22:57, 1700.80, 29.20, 30.84, 28.469, 0, 0, 0, 0, 2, 4, 3, 1, 4, 1, 0, 0, 0, 0, 0, 0, 0, 1, 1, 0, 2, 0, 0, 0
17:22:58, 1703.50, 29.20, 30.91, 28.469, 0, 0, 0, 0, 2, 4, 3, 2, 5, 1, 0, 0, 0, 0, 0, 0, 0, 1, 1, 0, 2, 0, 0, 0
17:22:59, 1703.30, 29.19, 30.89, 28.461, 0, 0, 0, 0, 2, 4, 3, 2, 5, 1, 0, 0, 0, 0, 0, 0, 0, 1, 1, 0, 2, 0, 0, 0
17:22:59, 1703.30, 29.19, 30.85, 28.469, 0, 0, 0, 0, 2, 4, 3, 2, 5, 1, 0, 0, 0, 0, 0, 0, 0, 1, 1, 0, 2, 0, 0, 0
17:23:00, 1699.60, 29.19, 30.85, 28.469, 0, 0, 0, 0, 2, 4, 3, 2, 5, 1, 0, 0, 0, 0, 0, 0, 0, 1, 1, 0, 2, 0, 0, 0
17:23:01, 1696.60, 29.19, 30.89, 28.461, 0, 0, 0, 0, 2, 4, 3, 2, 5, 1, 0, 0, 0, 0, 0, 0, 0, 1, 1, 0, 2, 0, 0, 0
17:23:01, 1694.80, 29.19, 30.91, 28.461, 0, 0, 0, 0, 2, 5, 4, 2, 5, 1, 0, 0, 0, 0, 0, 0, 0, 1, 1, 0, 2, 0, 0, 0
17:23:02, 1700.60, 29.19, 30.87, 28.461, 0, 0, 0, 0, 2, 4, 3, 2, 6, 1, 0, 0, 0, 0, 0, 0, 0, 1, 1, 0, 2, 0, 0, 0
17:23:03, 1693.30, 29.19, 30.85, 28.453, 0, 0, 0, 0, 2, 4, 3, 2, 5, 1, 0, 0, 0, 0, 0, 0, 0, 1, 1, 1, 2, 0, 0, 0
17:23:03, 1693.50, 29.18, 30.85, 28.461, 0, 0, 0, 0, 2, 5, 4, 2, 6, 1, 0, 0, 0, 0, 0, 0, 0, 1, 1, 0, 2, 0, 0, 0
17:23:04, 1700.80, 29.18, 30.87, 28.461, 0, 0, 0, 0, 2, 4, 3, 2, 6, 1, 0, 0, 0, 0, 0, 0, 0, 1, 1, 0, 2, 0, 0, 0
17:23:05, 1695.70, 29.18, 30.91, 28.461, 0, 0, 0, 0, 2, 4, 3, 2, 5, 1, 0, 0, 0, 0, 0, 0, 0, 1, 1, 0, 2, 0, 0, 0
17:23:05, 1689.90, 29.18, 30.84, 28.453, 0, 0, 0, 0, 2, 4, 3, 2, 5, 1, 0, 0, 0, 0, 0, 0, 0, 1, 1, 1, 2, 0, 0, 0
17:23:06, 1687.50, 29.18, 30.85, 28.453, 0, 0, 0, 0, 2, 5, 4, 2, 6, 1, 0, 0, 0, 0, 0, 0, 1, 1, 1, 1, 2, 0, 0, 0
17:23:07, 1689.90, 29.18, 30.85, 28.461, 0, 0, 0, 0, 3, 5, 4, 2, 6, 1, 0, 0, 0, 0, 0, 0, 1, 1, 1, 0, 2, 0, 0, 0
17:23:07, 1688.90, 29.17, 30.85, 28.461, 0, 0, 0, 0, 2, 5, 4, 2, 6, 1, 0, 0, 0, 0, 0, 0, 0, 1, 1, 0, 2, 0, 0, 0
17:23:08, 1678.00, 29.17, 30.85, 28.461, 0, 0, 0, 0, 3, 5, 4, 2, 6, 1, 0, 0, 0, 0, 0, 0, 1, 2, 1, 1, 2, 0, 0, 0
17:23:09, 1677.90, 29.17, 30.85, 28.461, 0, 0, 0, 0, 3, 5, 4, 2, 7, 1, 0, 0, 0, 0, 0, 0, 1, 2, 2, 1, 3, 0, 0, 0
17:23:09, 1678.80, 29.17, 30.87, 28.461, 0, 0, 0, 0, 3, 5, 4, 2, 7, 1, 0, 0, 0, 0, 0, 0, 1, 2, 1, 1, 2, 0, 0, 0
17:23:10, 1672.80, 29.17, 30.91, 28.461, 0, 0, 0, 0, 3, 5, 4, 2, 7, 1, 0, 0, 0, 0, 0, 0, 1, 2, 2, 1, 3, 0, 0, 0
17:23:11, 1665.70, 29.17, 30.85, 28.461, 0, 0, 0, 0, 3, 6, 5, 3, 7, 1, 0, 0, 0, 0, 0, 0, 1, 2, 2, 1, 3, 0, 0, 0
17:23:11, 1662.90, 29.17, 30.87, 28.461, 0, 0, 0, 0, 4, 7, 5, 3, 9, 1, 0, 0, 0, 0, 0, 0, 1, 2, 2, 1, 3, 0, 0, 0
17:23:12, 1662.20, 29.17, 30.84, 28.461, 0, 0, 0, 0, 4, 7, 6, 3, 9, 1, 0, 0, 0, 0, 0, 0, 1, 2, 2, 1, 3, 0, 0, 0
17:23:13, 1660.80, 29.17, 30.89, 28.469, 0, 0, 0, 0, 4, 7, 6, 3, 9, 1, 0, 0, 0, 0, 0, 0, 1, 2, 2, 1, 3, 0, 0, 0
17:23:13, 1651.50, 29.17, 30.85, 28.469, 0, 0, 0, 0, 4, 7, 6, 3, 9, 1, 0, 0, 0, 0, 0, 0, 1, 2, 2, 1, 3, 0, 0, 0
17:23:14, 1647.20, 29.16, 30.89, 28.469, 0, 0, 0, 0, 4, 8, 6, 4, 10, 1, 0, 0, 0, 0, 0, 0, 1, 2, 2, 1, 4, 0, 0, 0
17:23:15, 1649.40, 29.17, 30.82, 28.469, 0, 0, 0, 0, 4, 8, 7, 4, 11, 1, 0, 0, 0, 0, 0, 0, 1, 3, 2, 1, 4, 0, 0, 0
17:23:15, 1648.50, 29.16, 30.89, 28.469, 0, 0, 0, 0, 4, 8, 7, 4, 10, 1, 0, 0, 0, 0, 0, 0, 1, 3, 2, 1, 4, 0, 0, 0
17:23:16, 1641.90, 29.16, 30.87, 28.461, 0, 0, 0, 0, 4, 8, 7, 4, 10, 1, 0, 0, 0, 0, 0, 0, 2, 3, 3, 1, 4, 0, 0, 0
17:23:17, 1637.30, 29.16, 30.87, 28.469, 0, 0, 0, 0, 5, 8, 7, 4, 11, 1, 0, 0, 0, 0, 0, 0, 2, 3, 3, 1, 4, 0, 0, 0
17:23:17, 1640.00, 29.16, 30.87, 28.469, 0, 0, 0, 0, 5, 9, 8, 4, 13, 1, 0, 0, 0, 0, 0, 0, 2, 3, 3, 1, 4, 0, 0, 0
17:23:18, 1638.90, 29.16, 30.89, 28.461, 0, 0, 0, 0, 5, 9, 7, 4, 12, 1, 0, 0, 0, 0, 0, 0, 2, 3, 3, 1, 4, 0, 0, 0
17:23:19, 1635.40, 29.16, 30.84, 28.461, 0, 0, 0, 0, 5, 9, 7, 4, 11, 1, 0, 0, 0, 0, 0, 0, 2, 3, 3, 1, 5, 0, 0, 0
17:23:19, 1630.40, 29.16, 30.89, 28.461, 0, 1, 0, 0, 5, 9, 8, 5, 12, 1, 0, 0, 0, 0, 0, 0, 2, 4, 3, 1, 5, 0, 0, 0
17:23:20, 1630.40, 29.16, 30.85, 28.461, 0, 1, 0, 1, 6, 10, 9, 5, 14, 1, 0, 0, 0, 0, 0, 0, 2, 4, 3, 1, 5, 0, 0, 0
17:23:21, 1632.50, 29.16, 30.85, 28.469, 0, 1, 0, 1, 5, 10, 9, 5, 14, 1, 0, 0, 0, 0, 0, 0, 2, 4, 3, 1, 5, 0, 0, 0
17:23:21, 1622.40, 29.15, 30.85, 28.469, 0, 1, 0, 1, 5, 9, 8, 5, 12, 1, 0, 0, 0, 0, 0, 0, 2, 4, 4, 2, 6, 0, 0, 0
17:23:22, 1619.90, 29.15, 30.87, 28.453, 0, 1, 0, 1, 6, 11, 10, 6, 14, 1, 0, 0, 0, 0, 0, 0, 2, 4, 4, 2, 6, 0, 0, 0
17:23:23, 1622.40, 29.15, 30.87, 28.461, 0, 1, 0, 1, 6, 11, 10, 6, 17, 2, 0, 0, 0, 0, 0, 0, 2, 4, 4, 2, 6, 0, 0, 0
17:23:23, 1613.90, 29.15, 30.89, 28.461, 0, 1, 0, 1, 6, 11, 10, 6, 14, 1, 0, 0, 0, 0, 0, 0, 3, 5, 4, 2, 6, 0, 0, 0
17:23:24, 1612.40, 29.15, 30.87, 28.453, 0, 1, 0, 1, 7, 12, 11, 6, 16, 1, 0, 0, 0, 0, 0, 0, 3, 5, 4, 2, 6, 0, 0, 0
17:23:24, 1618.40, 29.15, 30.82, 28.469, 0, 1, 0, 1, 7, 11, 10, 6, 19, 2, 0, 0, 0, 0, 0, 0, 2, 4, 4, 2, 6, 0, 0, 0
17:23:25, 1616.50, 29.15, 30.91, 28.469, 0, 1, 0, 1, 7, 12, 11, 6, 17, 2, 0, 0, 0, 0, 0, 0, 2, 4, 4, 2, 6, 0, 0, 0
17:23:26, 1612.60, 29.15, 30.89, 28.461, 0, 1, 0, 1, 7, 12, 11, 6, 17, 2, 0, 0, 0, 0, 0, 0, 3, 5, 4, 2, 6, 0, 0, 0
17:23:26, 1605.20, 29.15, 30.87, 28.469, 0, 1, 0, 1, 7, 13, 11, 7, 16, 1, 0, 0, 0, 0, 0, 0, 3, 5, 4, 2, 7, 0, 0, 0
17:23:27, 1606.70, 29.15, 30.85, 28.469, 0, 1, 0, 1, 8, 14, 13, 7, 20, 2, 0, 0, 0, 0, 0, 0, 3, 5, 5, 2, 7, 0, 0, 0
17:23:28, 1616.60, 29.15, 30.85, 28.461, 0, 1, 0, 1, 7, 12, 11, 6, 20, 2, 0, 0, 0, 0, 0, 0, 3, 4, 4, 2, 6, 0, 0, 0
17:23:28, 1631.60, 29.15, 30.89, 28.469, 0, 1, 0, 1, 6, 11, 10, 6, 17, 2, 0, 0, 0, 0, 0, 0, 2, 4, 3, 2, 5, 0, 0, 0
17:23:29, 1650.90, 29.15, 30.85, 28.469, 0, 1, 0, 1, 5, 9, 8, 5, 13, 1, 0, 0, 0, 0, 0, 0, 1, 3, 3, 1, 4, 0, 0, 0
17:23:30, 1672.40, 29.14, 30.85, 28.461, 0, 0, 0, 0, 4, 7, 6, 3, 10, 1, 0, 0, 0, 0, 0, 0, 1, 2, 2, 1, 3, 0, 0, 0
17:23:30, 1694.50, 29.13, 30.85, 28.461, 0, 0, 0, 0, 3, 6, 4, 2, 8, 1, 0, 0, 0, 0, 0, 0, 1, 1, 1, 1, 3, 0, 0, 0
17:23:31, 1719.20, 29.12, 30.87, 28.469, 0, 0, 0, 0, 2, 4, 3, 2, 6, 1, 0, 0, 0, 0, 0, 0, 0, 1, 1, 0, 2, 0, 0, 0
17:23:32, 1744.60, 29.12, 30.85, 28.461, 0, 0, 0, 0, 1, 3, 2, 1, 3, 1, 0, 0, 0, 0, 0, 0, 0, 0, 0, 0, 1, 0, 0, 0
17:23:32, 1768.10, 29.11, 30.87, 28.461, 0, 0, 0, 0, 1, 2, 1, 1, 2, 0, 0, 0, 0, 0, 0, 0, 0, 0, 0, 0, 1, 0, 0, 0
17:23:33, 1789.40, 29.11, 30.84, 28.453, 0, 0, 0, 0, 1, 2, 1, 0, 2, 0, 0, 0, 0, 0, 0, 0, 0, 0, 0, 0, 1, 0, 0, 0
17:23:34, 1813.50, 29.10, 30.85, 28.461, 0, 0, 0, 0, 0, 1, 0, 0, 1, 0, 0, 0, 0, 0, 0, 0, 0, 0, 0, 0, 0, 0, 0, 0
17:23:34, 1840.10, 29.09, 30.85, 28.461, 0, 0, 0, 0, 0, 1, 0, 0, 1, 0, 0, 0, 0, 0, 0, 0, 0, 0, 0, 0, 0, 0, 0, 0
17:23:35, 1864.00, 29.09, 30.89, 28.453, 0, 0, 0, 0, 0, 1, 0, 0, 0, 0, 0, 0, 0, 0, 0, 0, 0, 0, 0, 0, 0, 0, 0, 0
17:23:36, 1888.10, 29.08, 30.85, 28.453, 0, 0, 0, 0, 0, 0, 0, 0, 0, 0, 0, 0, 0, 0, 0, 0, 0, 0, 0, 0, 0, 0, 0, 0
17:23:36, 1914.80, 29.07, 30.84, 28.453, 0, 0, 0, 0, 0, 0, 0, 0, 0, 0, 0, 0, 0, 0, 0, 0, 0, 0, 0, 0, 0, 0, 0, 0
17:23:37, 1929.30, 29.07, 30.84, 28.453, 0, 0, 0, 0, 0, 0, 0, 0, 0, 0, 0, 0, 0, 0, 0, 0, 0, 0, 0, 0, 0, 0, 0, 0
17:23:38, 1930.00, 29.06, 30.85, 28.445, 0, 0, 0, 0, 0, 0, 0, 0, 0, 0, 0, 0, 0, 0, 0, 0, 0, 0, 0, 0, 0, 0, 0, 0
17:23:38, 1933.00, 29.06, 30.87, 28.445, 0, 0, 0, 0, 0, 0, 0, 0, 0, 0, 0, 0, 0, 0, 0, 0, 0, 0, 0, 0, 0, 0, 0, 0
17:23:39, 1942.10, 29.06, 30.87, 28.437, 0, 0, 0, 0, 0, 0, 0, 0, 0, 0, 0, 0, 0, 0, 0, 0, 0, 0, 0, 0, 0, 0, 0, 0
17:23:40, 1938.90, 29.06, 30.87, 28.445, 0, 0, 0, 0, 0, 0, 0, 0, 0, 0, 0, 0, 0, 0, 0, 0, 0, 0, 0, 0, 0, 0, 0, 0
17:23:40, 1935.40, 29.06, 30.84, 28.445, 0, 0, 0, 0, 0, 0, 0, 0, 0, 0, 0, 0, 0, 0, 0, 0, 0, 0, 0, 0, 0, 0, 0, 0
17:23:41, 1938.00, 29.07, 30.87, 28.445, 0, 0, 0, 0, 0, 0, 0, 0, 0, 0, 0, 0, 0, 0, 0, 0, 0, 0, 0, 0, 0, 0, 0, 0
17:23:42, 1941.00, 29.07, 30.85, 28.445, 0, 0, 0, 0, 0, 0, 0, 0, 0, 0, 0, 0, 0, 0, 0, 0, 0, 0, 0, 0, 0, 0, 0, 0
17:23:42, 1942.80, 29.06, 30.89, 28.445, 0, 0, 0, 0, 0, 0, 0, 0, 0, 0, 0, 0, 0, 0, 0, 0, 0, 0, 0, 0, 0, 0, 0, 0
17:23:43, 1947.10, 29.07, 30.84, 28.437, 0, 0, 0, 0, 0, 0, 0, 0, 0, 0, 0, 0, 0, 0, 0, 0, 0, 0, 0, 0, 0, 0, 0, 0
17:23:44, 1953.60, 29.07, 30.85, 28.445, 0, 0, 0, 0, 0, 0, 0, 0, 0, 0, 0, 0, 0, 0, 0, 0, 0, 0, 0, 0, 0, 0, 0, 0
17:23:44, 1952.40, 29.07, 30.89, 28.445, 0, 0, 0, 0, 0, 0, 0, 0, 0, 0, 0, 0, 0, 0, 0, 0, 0, 0, 0, 0, 0, 0, 0, 0
17:23:45, 1960.30, 29.07, 30.84, 28.445, 0, 0, 0, 0, 0, 0, 0, 0, 0, 0, 0, 0, 0, 0, 0, 0, 0, 0, 0, 0, 0, 0, 0, 0
17:23:46, 1967.80, 29.07, 30.85, 28.445, 0, 0, 0, 0, 0, 0, 0, 0, 0, 0, 0, 0, 0, 0, 0, 0, 0, 0, 0, 0, 0, 0, 0, 0
17:23:46, 1967.90, 29.07, 30.85, 28.445, 0, 0, 0, 0, 0, 0, 0, 0, 0, 0, 0, 0, 0, 0, 0, 0, 0, 0, 0, 0, 0, 0, 0, 0
17:23:47, 1977.50, 29.06, 30.87, 28.437, 0, 0, 0, 0, 0, 0, 0, 0, 0, 0, 0, 0, 0, 0, 0, 0, 0, 0, 0, 0, 0, 0, 0, 0
17:23:48, 1984.00, 29.06, 30.87, 28.445, 0, 0, 0, 0, 0, 0, 0, 0, 0, 0, 0, 0, 0, 0, 0, 0, 0, 0, 0, 0, 0, 0, 0, 0
17:23:48, 1979.00, 29.06, 30.85, 28.445, 0, 0, 0, 0, 0, 0, 0, 0, 0, 0, 0, 0, 0, 0, 0, 0, 0, 0, 0, 0, 0, 0, 0, 0
17:23:49, 1987.60, 29.06, 30.87, 28.437, 0, 0, 0, 0, 0, 0, 0, 0, 0, 0, 0, 0, 0, 0, 0, 0, 0, 0, 0, 0, 0, 0, 0, 0
17:23:50, 1995.90, 29.06, 30.84, 28.445, 0, 0, 0, 0, 0, 0, 0, 0, 0, 0, 0, 0, 0, 0, 0, 0, 0, 0, 0, 0, 0, 0, 0, 0
17:23:50, 1991.10, 29.06, 30.87, 28.445, 0, 0, 0, 0, 0, 0, 0, 0, 0, 0, 0, 0, 0, 0, 0, 0, 0, 0, 0, 0, 0, 0, 0, 0
17:23:51, 1998.30, 29.06, 30.87, 28.430, 0, 0, 0, 0, 0, 0, 0, 0, 0, 0, 0, 0, 0, 0, 0, 0, 0, 0, 0, 0, 0, 0, 0, 0
17:23:52, 2003.10, 29.05, 30.85, 28.430, 0, 0, 0, 0, 0, 0, 0, 0, 0, 0, 0, 0, 0, 0, 0, 0, 0, 0, 0, 0, 0, 0, 0, 0
17:23:52, 1999.00, 29.05, 30.84, 28.430, 0, 0, 0, 0, 0, 0, 0, 0, 0, 0, 0, 0, 0, 0, 0, 0, 0, 0, 0, 0, 0, 0, 0, 0
17:23:53, 2000.30, 29.05, 30.85, 28.437, 0, 0, 0, 0, 0, 0, 0, 0, 0, 0, 0, 0, 0, 0, 0, 0, 0, 0, 0, 0, 0, 0, 0, 0
17:23:54, 2009.30, 29.05, 30.85, 28.437, 0, 0, 0, 0, 0, 0, 0, 0, 0, 0, 0, 0, 0, 0, 0, 0, 0, 0, 0, 0, 0, 0, 0, 0
17:23:54, 2011.10, 29.05, 30.84, 28.437, 0, 0, 0, 0, 0, 0, 0, 0, 0, 0, 0, 0, 0, 0, 0, 0, 0, 0, 0, 0, 0, 0, 0, 0
17:23:55, 2009.80, 29.05, 30.85, 28.430, 0, 0, 0, 0, 0, 0, 0, 0, 0, 0, 0, 0, 0, 0, 0, 0, 0, 0, 0, 0, 0, 0, 0, 0
17:23:56, 2013.60, 29.04, 30.87, 28.430, 0, 0, 0, 0, 0, 0, 0, 0, 0, 0, 0, 0, 0, 0, 0, 0, 0, 0, 0, 0, 0, 0, 0, 0
17:23:56, 2016.40, 29.04, 30.85, 28.430, 0, 0, 0, 0, 0, 0, 0, 0, 0, 0, 0, 0, 0, 0, 0, 0, 0, 0, 0, 0, 0, 0, 0, 0
17:23:57, 2013.80, 29.04, 30.85, 28.430, 0, 0, 0, 0, 0, 0, 0, 0, 0, 0, 0, 0, 0, 0, 0, 0, 0, 0, 0, 0, 0, 0, 0, 0
17:23:58, 2020.80, 29.04, 30.85, 28.430, 0, 0, 0, 0, 0, 0, 0, 0, 0, 0, 0, 0, 0, 0, 0, 0, 0, 0, 0, 0, 0, 0, 0, 0
17:23:58, 2026.70, 29.04, 30.87, 28.430, 0, 0, 0, 0, 0, 0, 0, 0, 0, 0, 0, 0, 0, 0, 0, 0, 0, 0, 0, 0, 0, 0, 0, 0
17:23:59, 2030.80, 29.04, 30.89, 28.430, 0, 0, 0, 0, 0, 0, 0, 0, 0, 0, 0, 0, 0, 0, 0, 0, 0, 0, 0, 0, 0, 0, 0, 0
17:24:00, 2037.40, 29.04, 30.87, 28.430, 0, 0, 0, 0, 0, 0, 0, 0, 0, 0, 0, 0, 0, 0, 0, 0, 0, 0, 0, 0, 0, 0, 0, 0
17:24:00, 2037.10, 29.04, 30.84, 28.430, 0, 0, 0, 0, 0, 0, 0, 0, 0, 0, 0, 0, 0, 0, 0, 0, 0, 0, 0, 0, 0, 0, 0, 0
17:24:01, 2045.40, 29.04, 30.85, 28.422, 0, 0, 0, 0, 0, 0, 0, 0, 0, 0, 0, 0, 0, 0, 0, 0, 0, 0, 0, 0, 0, 0, 0, 0
17:24:02, 2049.70, 29.04, 30.85, 28.422, 0, 0, 0, 0, 0, 0, 0, 0, 0, 0, 0, 0, 0, 0, 0, 0, 0, 0, 0, 0, 0, 0, 0, 0
17:24:02, 2047.10, 29.04, 30.85, 28.422, 0, 0, 0, 0, 0, 0, 0, 0, 0, 0, 0, 0, 0, 0, 0, 0, 0, 0, 0, 0, 0, 0, 0, 0
17:24:03, 2045.40, 29.04, 30.85, 28.422, 0, 0, 0, 0, 0, 0, 0, 0, 0, 0, 0, 0, 0, 0, 0, 0, 0, 0, 0, 0, 0, 0, 0, 0
17:24:04, 2053.40, 29.04, 30.87, 28.422, 0, 0, 0, 0, 0, 0, 0, 0, 0, 0, 0, 0, 0, 0, 0, 0, 0, 0, 0, 0, 0, 0, 0, 0
17:24:04, 2057.00, 29.03, 30.84, 28.422, 0, 0, 0, 0, 0, 0, 0, 0, 0, 0, 0, 0, 0, 0, 0, 0, 0, 0, 0, 0, 0, 0, 0, 0
17:24:05, 2045.10, 29.03, 30.87, 28.422, 0, 0, 0, 0, 0, 0, 0, 0, 0, 0, 0, 0, 0, 0, 0, 0, 0, 0, 0, 0, 0, 0, 0, 0
17:24:06, 2034.60, 29.03, 30.84, 28.422, 0, 0, 0, 0, 0, 0, 0, 0, 0, 0, 0, 0, 0, 0, 0, 0, 0, 0, 0, 0, 0, 0, 0, 0
17:24:06, 2032.10, 29.03, 30.89, 28.414, 0, 0, 0, 0, 0, 0, 0, 0, 0, 0, 0, 0, 0, 0, 0, 0, 0, 0, 0, 0, 0, 0, 0, 0
17:24:07, 2023.30, 29.03, 30.85, 28.430, 0, 0, 0, 0, 0, 0, 0, 0, 0, 0, 0, 0, 0, 0, 0, 0, 0, 0, 0, 0, 0, 0, 0, 0
17:24:08, 2015.90, 29.03, 30.87, 28.430, 0, 0, 0, 0, 0, 0, 0, 0, 0, 0, 0, 0, 0, 0, 0, 0, 0, 0, 0, 0, 0, 0, 0, 0
17:24:08, 2009.00, 29.03, 30.82, 28.422, 0, 0, 0, 0, 0, 0, 0, 0, 0, 0, 0, 0, 0, 0, 0, 0, 0, 0, 0, 0, 0, 0, 0, 0
17:24:09, 2007.20, 29.03, 30.87, 28.422, 0, 0, 0, 0, 0, 0, 0, 0, 0, 0, 0, 0, 0, 0, 0, 0, 0, 0, 0, 0, 0, 0, 0, 0
17:24:10, 1998.90, 29.03, 30.84, 28.422, 0, 0, 0, 0, 0, 0, 0, 0, 0, 0, 0, 0, 0, 0, 0, 0, 0, 0, 0, 0, 0, 0, 0, 0
17:24:10, 1988.80, 29.03, 30.82, 28.422, 0, 0, 0, 0, 0, 0, 0, 0, 0, 0, 0, 0, 0, 0, 0, 0, 0, 0, 0, 0, 0, 0, 0, 0
17:24:11, 1987.70, 29.04, 30.85, 28.437, 0, 0, 0, 0, 0, 0, 0, 0, 0, 0, 0, 0, 0, 0, 0, 0, 0, 0, 0, 0, 0, 0, 0, 0
17:24:12, 1986.00, 29.04, 30.85, 28.437, 0, 0, 0, 0, 0, 0, 0, 0, 0, 0, 0, 0, 0, 0, 0, 0, 0, 0, 0, 0, 0, 0, 0, 0
17:24:12, 1975.90, 29.04, 30.85, 28.430, 0, 0, 0, 0, 0, 0, 0, 0, 0, 0, 0, 0, 0, 0, 0, 0, 0, 0, 0, 0, 0, 0, 0, 0
17:24:13, 1971.40, 29.04, 30.82, 28.430, 0, 0, 0, 0, 0, 0, 0, 0, 0, 0, 0, 0, 0, 0, 0, 0, 0, 0, 0, 0, 0, 0, 0, 0
17:24:14, 1968.70, 29.04, 30.85, 28.430, 0, 0, 0, 0, 0, 0, 0, 0, 0, 0, 0, 0, 0, 0, 0, 0, 0, 0, 0, 0, 0, 0, 0, 0
17:24:14, 1959.80, 29.04, 30.85, 28.430, 0, 0, 0, 0, 0, 0, 0, 0, 0, 0, 0, 0, 0, 0, 0, 0, 0, 0, 0, 0, 0, 0, 0, 0
17:24:15, 1951.10, 29.04, 30.85, 28.430, 0, 0, 0, 0, 0, 0, 0, 0, 0, 0, 0, 0, 0, 0, 0, 0, 0, 0, 0, 0, 0, 0, 0, 0
17:24:16, 1939.80, 29.04, 30.85, 28.430, 0, 0, 0, 0, 0, 0, 0, 0, 0, 0, 0, 0, 0, 0, 0, 0, 0, 0, 0, 0, 0, 0, 0, 0
17:24:16, 1939.20, 29.04, 30.87, 28.430, 0, 0, 0, 0, 0, 0, 0, 0, 0, 0, 0, 0, 0, 0, 0, 0, 0, 0, 0, 0, 0, 0, 0, 0
17:24:17, 1931.80, 29.04, 30.84, 28.437, 0, 0, 0, 0, 0, 0, 0, 0, 0, 0, 0, 0, 0, 0, 0, 0, 0, 0, 0, 0, 0, 0, 0, 0
17:24:18, 1928.90, 29.03, 30.80, 28.437, 0, 0, 0, 0, 0, 0, 0, 0, 0, 0, 0, 0, 0, 0, 0, 0, 0, 0, 0, 0, 0, 0, 0, 0
17:24:18, 1928.50, 29.04, 30.87, 28.437, 0, 0, 0, 0, 0, 0, 0, 0, 0, 0, 0, 0, 0, 0, 0, 0, 0, 0, 0, 0, 0, 0, 0, 0
17:24:19, 1925.40, 29.04, 30.87, 28.445, 0, 0, 0, 0, 0, 0, 0, 0, 0, 0, 0, 0, 0, 0, 0, 0, 0, 0, 0, 0, 0, 0, 0, 0
17:24:20, 1914.40, 29.04, 30.84, 28.445, 0, 0, 0, 0, 0, 0, 0, 0, 0, 0, 0, 0, 0, 0, 0, 0, 0, 0, 0, 0, 0, 0, 0, 0
17:24:20, 1906.90, 29.04, 30.82, 28.445, 0, 0, 0, 0, 0, 0, 0, 0, 0, 0, 0, 0, 0, 0, 0, 0, 0, 0, 0, 0, 0, 0, 0, 0
17:24:21, 1901.90, 29.03, 30.84, 28.453, 0, 0, 0, 0, 0, 0, 0, 0, 0, 0, 0, 0, 0, 0, 0, 0, 0, 0, 0, 0, 0, 0, 0, 0
17:24:22, 1891.00, 29.03, 30.85, 28.453, 0, 0, 0, 0, 0, 0, 0, 0, 0, 0, 0, 0, 0, 0, 0, 0, 0, 0, 0, 0, 0, 0, 0, 0
17:24:22, 1887.90, 29.03, 30.84, 28.445, 0, 0, 0, 0, 0, 1, 0, 0, 0, 0, 0, 0, 0, 0, 0, 0, 0, 0, 0, 0, 0, 0, 0, 0
17:24:23, 1887.10, 29.03, 30.82, 28.445, 0, 0, 0, 0, 0, 1, 0, 0, 0, 0, 0, 0, 0, 0, 0, 0, 0, 0, 0, 0, 0, 0, 0, 0
17:24:24, 1881.70, 29.03, 30.87, 28.445, 0, 0, 0, 0, 0, 1, 0, 0, 0, 0, 0, 0, 0, 0, 0, 0, 0, 0, 0, 0, 0, 0, 0, 0
17:24:24, 1873.90, 29.03, 30.84, 28.453, 0, 0, 0, 0, 0, 1, 0, 0, 0, 0, 0, 0, 0, 0, 0, 0, 0, 0, 0, 0, 0, 0, 0, 0
17:24:25, 1871.60, 29.03, 30.85, 28.461, 0, 0, 0, 0, 0, 1, 0, 0, 0, 0, 0, 0, 0, 0, 0, 0, 0, 0, 0, 0, 0, 0, 0, 0
17:24:26, 1867.40, 29.03, 30.85, 28.461, 0, 0, 0, 0, 0, 1, 0, 0, 0, 0, 0, 0, 0, 0, 0, 0, 0, 0, 0, 0, 0, 0, 0, 0
17:24:26, 1860.00, 29.03, 30.82, 28.453, 0, 0, 0, 0, 0, 1, 0, 0, 0, 0, 0, 0, 0, 0, 0, 0, 0, 0, 0, 0, 0, 0, 0, 0
17:24:27, 1853.30, 29.03, 30.84, 28.461, 0, 0, 0, 0, 0, 1, 0, 0, 0, 0, 0, 0, 0, 0, 0, 0, 0, 0, 0, 0, 0, 0, 0, 0
17:24:28, 1850.70, 29.03, 30.84, 28.461, 0, 0, 0, 0, 0, 1, 0, 0, 0, 0, 0, 0, 0, 0, 0, 0, 0, 0, 0, 0, 0, 0, 0, 0
17:24:28, 1844.70, 29.03, 30.82, 28.453, 0, 0, 0, 0, 0, 1, 0, 0, 0, 0, 0, 0, 0, 0, 0, 0, 0, 0, 0, 0, 0, 0, 0, 0
17:24:29, 1837.40, 29.03, 30.85, 28.461, 0, 0, 0, 0, 0, 1, 0, 0, 0, 0, 0, 0, 0, 0, 0, 0, 0, 0, 0, 0, 0, 0, 0, 0
17:24:30, 1832.90, 29.03, 30.84, 28.461, 0, 0, 0, 0, 0, 1, 0, 0, 0, 0, 0, 0, 0, 0, 0, 0, 0, 0, 0, 0, 0, 0, 0, 0
17:24:30, 1828.70, 29.03, 30.84, 28.453, 0, 0, 0, 0, 0, 1, 0, 0, 0, 0, 0, 0, 0, 0, 0, 0, 0, 0, 0, 0, 0, 0, 0, 0
17:24:31, 1825.70, 29.03, 30.84, 28.453, 0, 0, 0, 0, 0, 1, 0, 0, 1, 0, 0, 0, 0, 0, 0, 0, 0, 0, 0, 0, 0, 0, 0, 0
17:24:31, 1819.40, 29.03, 30.84, 28.461, 0, 0, 0, 0, 0, 1, 0, 0, 1, 0, 0, 0, 0, 0, 0, 0, 0, 0, 0, 0, 0, 0, 0, 0
17:24:32, 1815.50, 29.03, 30.85, 28.453, 0, 0, 0, 0, 0, 1, 0, 0, 1, 0, 0, 0, 0, 0, 0, 0, 0, 0, 0, 0, 0, 0, 0, 0
17:24:33, 1810.10, 29.03, 30.84, 28.453, 0, 0, 0, 0, 0, 1, 0, 0, 1, 0, 0, 0, 0, 0, 0, 0, 0, 0, 0, 0, 0, 0, 0, 0
17:24:33, 1807.50, 29.03, 30.87, 28.453, 0, 0, 0, 0, 0, 1, 0, 0, 1, 0, 0, 0, 0, 0, 0, 0, 0, 0, 0, 0, 0, 0, 0, 0
17:24:34, 1806.10, 29.03, 30.82, 28.461, 0, 0, 0, 0, 0, 1, 0, 0, 1, 0, 0, 0, 0, 0, 0, 0, 0, 0, 0, 0, 0, 0, 0, 0
17:24:35, 1801.30, 29.03, 30.84, 28.461, 0, 0, 0, 0, 0, 1, 0, 0, 1, 0, 0, 0, 0, 0, 0, 0, 0, 0, 0, 0, 0, 0, 0, 0
17:24:35, 1796.30, 29.03, 30.85, 28.461, 0, 0, 0, 0, 0, 1, 0, 0, 1, 0, 0, 0, 0, 0, 0, 0, 0, 0, 0, 0, 0, 0, 0, 0
17:24:36, 1796.30, 29.03, 30.84, 28.461, 0, 0, 0, 0, 0, 1, 1, 0, 1, 0, 0, 0, 0, 0, 0, 0, 0, 0, 0, 0, 0, 0, 0, 0
17:24:37, 1798.50, 29.03, 30.84, 28.461, 0, 0, 0, 0, 0, 1, 0, 0, 1, 0, 0, 0, 0, 0, 0, 0, 0, 0, 0, 0, 0, 0, 0, 0
17:24:37, 1793.30, 29.04, 30.80, 28.461, 0, 0, 0, 0, 0, 1, 1, 0, 1, 0, 0, 0, 0, 0, 0, 0, 0, 0, 0, 0, 0, 0, 0, 0
17:24:38, 1791.10, 29.04, 30.84, 28.461, 0, 0, 0, 0, 0, 1, 1, 0, 1, 0, 0, 0, 0, 0, 0, 0, 0, 0, 0, 0, 0, 0, 0, 0
17:24:39, 1791.40, 29.04, 30.82, 28.461, 0, 0, 0, 0, 1, 2, 1, 0, 2, 0, 0, 0, 0, 0, 0, 0, 0, 0, 0, 0, 0, 0, 0, 0
17:24:39, 1787.40, 29.04, 30.84, 28.453, 0, 0, 0, 0, 0, 1, 0, 0, 1, 0, 0, 0, 0, 0, 0, 0, 0, 0, 0, 0, 1, 0, 0, 0
17:24:40, 1789.40, 29.03, 30.82, 28.453, 0, 0, 0, 0, 0, 1, 1, 0, 1, 0, 0, 0, 0, 0, 0, 0, 0, 0, 0, 0, 0, 0, 0, 0
17:24:41, 1787.40, 29.03, 30.84, 28.453, 0, 0, 0, 0, 0, 1, 1, 0, 1, 0, 0, 0, 0, 0, 0, 0, 0, 0, 0, 0, 1, 0, 0, 0
17:24:41, 1787.60, 29.03, 30.80, 28.453, 0, 0, 0, 0, 0, 1, 1, 0, 1, 0, 0, 0, 0, 0, 0, 0, 0, 0, 0, 0, 1, 0, 0, 0
17:24:42, 1783.30, 29.03, 30.89, 28.453, 0, 0, 0, 0, 1, 2, 1, 0, 1, 0, 0, 0, 0, 0, 0, 0, 0, 0, 0, 0, 1, 0, 0, 0
17:24:43, 1776.00, 29.03, 30.82, 28.453, 0, 0, 0, 0, 0, 2, 1, 0, 1, 0, 0, 0, 0, 0, 0, 0, 0, 0, 0, 0, 1, 0, 0, 0
17:24:43, 1773.70, 29.03, 30.84, 28.461, 0, 0, 0, 0, 1, 2, 1, 0, 2, 0, 0, 0, 0, 0, 0, 0, 0, 0, 0, 0, 1, 0, 0, 0
17:24:44, 1764.00, 29.03, 30.82, 28.461, 0, 0, 0, 0, 1, 2, 1, 0, 2, 0, 0, 0, 0, 0, 0, 0, 0, 0, 0, 0, 1, 0, 0, 0
17:24:45, 1756.30, 29.03, 30.82, 28.461, 0, 0, 0, 0, 1, 2, 1, 0, 2, 0, 0, 0, 0, 0, 0, 0, 0, 0, 0, 0, 1, 0, 0, 0
17:24:45, 1749.20, 29.03, 30.82, 28.461, 0, 0, 0, 0, 1, 2, 1, 1, 2, 0, 0, 0, 0, 0, 0, 0, 0, 0, 1, 0, 1, 0, 0, 0
17:24:46, 1739.50, 29.02, 30.82, 28.461, 0, 0, 0, 0, 1, 2, 1, 1, 2, 0, 0, 0, 0, 0, 0, 0, 0, 1, 1, 0, 1, 0, 0, 0
17:24:47, 1737.60, 29.02, 30.85, 28.461, 0, 0, 1, 0, 1, 3, 2, 1, 3, 1, 0, 0, 0, 0, 0, 0, 0, 1, 1, 0, 1, 0, 0, 0
17:24:47, 1727.50, 29.03, 30.82, 28.461, 0, 0, 0, 0, 1, 2, 2, 1, 2, 1, 0, 0, 0, 0, 0, 0, 0, 1, 1, 0, 2, 0, 0, 0
17:24:48, 1731.20, 29.03, 30.82, 28.461, 0, 0, 0, 0, 1, 3, 2, 1, 3, 1, 0, 0, 0, 0, 0, 0, 0, 1, 1, 0, 2, 0, 0, 0
17:24:49, 1738.30, 29.02, 30.84, 28.461, 0, 0, 0, 0, 2, 3, 2, 1, 4, 1, 0, 0, 0, 0, 0, 0, 0, 1, 1, 0, 2, 0, 0, 0
17:24:49, 1744.90, 29.02, 30.84, 28.461, 0, 0, 0, 0, 1, 3, 2, 1, 3, 1, 0, 0, 0, 0, 0, 0, 0, 1, 1, 0, 1, 0, 0, 0
17:24:50, 1739.80, 29.02, 30.84, 28.461, 0, 0, 0, 0, 1, 3, 2, 1, 3, 1, 0, 0, 0, 0, 0, 0, 0, 1, 1, 0, 2, 0, 0, 0
17:24:51, 1739.30, 29.02, 30.80, 28.461, 0, 0, 0, 0, 1, 2, 2, 1, 2, 0, 0, 0, 0, 0, 0, 0, 0, 1, 1, 0, 1, 0, 0, 0
17:24:51, 1737.40, 29.02, 30.84, 28.453, 0, 0, 0, 0, 1, 3, 2, 1, 3, 1, 0, 0, 0, 0, 0, 0, 0, 1, 1, 0, 2, 0, 0, 0
17:24:52, 1733.20, 29.02, 30.85, 28.461, 0, 0, 0, 0, 1, 3, 2, 1, 3, 1, 0, 0, 0, 0, 0, 0, 0, 1, 1, 0, 2, 0, 0, 0
17:24:53, 1728.90, 29.02, 30.84, 28.461, 0, 0, 0, 0, 1, 3, 2, 1, 3, 1, 0, 0, 0, 0, 0, 0, 0, 1, 1, 0, 2, 0, 0, 0
17:24:53, 1729.40, 29.02, 30.82, 28.453, 0, 0, 0, 0, 1, 3, 2, 1, 3, 1, 0, 0, 0, 0, 0, 0, 0, 1, 1, 0, 2, 0, 0, 0
17:24:54, 1733.70, 29.02, 30.84, 28.453, 0, 0, 0, 0, 2, 3, 2, 1, 4, 1, 0, 0, 0, 0, 0, 0, 0, 1, 1, 0, 2, 0, 0, 0
17:24:55, 1737.20, 29.02, 30.80, 28.453, 0, 0, 0, 0, 1, 3, 2, 1, 4, 1, 0, 0, 0, 0, 0, 0, 0, 1, 1, 0, 2, 0, 0, 0
17:24:55, 1730.30, 29.02, 30.82, 28.445, 0, 0, 0, 0, 1, 3, 2, 1, 3, 1, 0, 0, 0, 0, 0, 0, 0, 1, 1, 0, 2, 0, 0, 0
17:24:56, 1717.40, 29.02, 30.82, 28.445, 0, 0, 0, 0, 1, 3, 2, 1, 3, 1, 0, 0, 0, 0, 0, 0, 0, 1, 1, 1, 2, 0, 0, 0
17:24:57, 1713.50, 29.02, 30.85, 28.445, 0, 0, 0, 0, 2, 3, 2, 1, 4, 1, 0, 0, 0, 0, 0, 0, 0, 1, 1, 1, 2, 0, 0, 0
17:24:57, 1707.60, 29.02, 30.85, 28.445, 0, 0, 0, 0, 2, 3, 2, 1, 4, 1, 0, 0, 0, 0, 0, 0, 1, 2, 2, 1, 2, 0, 0, 0
17:24:58, 1698.20, 29.02, 30.82, 28.445, 0, 0, 0, 0, 2, 4, 3, 1, 4, 1, 0, 0, 0, 0, 0, 0, 1, 2, 2, 1, 3, 0, 0, 0
17:24:59, 1696.20, 29.02, 30.84, 28.445, 0, 0, 0, 0, 2, 4, 3, 2, 5, 1, 0, 0, 0, 0, 0, 0, 1, 2, 2, 1, 3, 0, 0, 0
17:24:59, 1693.50, 29.01, 30.78, 28.445, 0, 0, 0, 0, 2, 5, 4, 2, 5, 1, 0, 0, 0, 0, 0, 0, 1, 2, 2, 1, 3, 0, 0, 0
17:25:00, 1693.40, 29.01, 30.84, 28.453, 0, 0, 0, 0, 3, 5, 4, 2, 7, 1, 0, 0, 0, 0, 0, 0, 1, 2, 2, 1, 3, 0, 0, 0
17:25:01, 1683.70, 29.01, 30.82, 28.453, 0, 0, 0, 0, 2, 4, 3, 2, 5, 1, 0, 0, 0, 0, 0, 0, 1, 2, 2, 1, 3, 0, 0, 0
17:25:01, 1682.80, 29.02, 30.82, 28.453, 0, 0, 0, 0, 3, 5, 4, 2, 6, 1, 0, 0, 0, 0, 0, 0, 1, 2, 2, 1, 3, 0, 0, 0
17:25:02, 1671.20, 29.02, 30.82, 28.453, 0, 0, 0, 0, 3, 5, 4, 2, 6, 1, 0, 0, 0, 0, 0, 0, 1, 3, 2, 1, 4, 0, 0, 0
17:25:03, 1670.80, 29.01, 30.80, 28.453, 0, 0, 0, 0, 4, 7, 6, 3, 8, 1, 0, 0, 0, 0, 0, 0, 1, 3, 2, 1, 4, 0, 0, 0
17:25:03, 1666.10, 29.01, 30.80, 28.453, 0, 0, 0, 0, 4, 7, 6, 3, 9, 1, 0, 0, 0, 0, 0, 0, 1, 3, 3, 1, 4, 0, 0, 0
17:25:04, 1666.80, 29.01, 30.82, 28.453, 0, 0, 0, 0, 4, 7, 6, 3, 9, 1, 0, 0, 0, 0, 0, 0, 1, 3, 3, 1, 4, 0, 0, 0
17:25:05, 1661.00, 29.01, 30.82, 28.453, 0, 0, 0, 0, 4, 7, 6, 3, 8, 1, 0, 0, 0, 0, 0, 0, 2, 3, 3, 1, 4, 0, 0, 0
17:25:05, 1657.50, 29.01, 30.84, 28.453, 0, 0, 0, 0, 4, 7, 6, 3, 9, 1, 0, 0, 0, 0, 0, 0, 2, 3, 3, 1, 4, 0, 0, 0
17:25:06, 1652.30, 29.01, 30.82, 28.453, 0, 0, 0, 0, 4, 7, 6, 3, 8, 1, 0, 0, 0, 0, 0, 0, 2, 3, 3, 1, 5, 0, 0, 0
17:25:07, 1646.60, 29.01, 30.84, 28.453, 0, 0, 0, 0, 4, 8, 7, 4, 9, 1, 0, 0, 0, 0, 0, 0, 2, 4, 3, 1, 5, 0, 0, 0
17:25:07, 1644.40, 29.01, 30.82, 28.445, 0, 1, 0, 0, 5, 9, 8, 5, 12, 1, 0, 0, 0, 0, 0, 0, 2, 4, 3, 2, 5, 0, 0, 0
17:25:08, 1635.40, 29.01, 30.82, 28.445, 0, 0, 0, 0, 5, 8, 7, 4, 11, 1, 0, 0, 0, 0, 0, 0, 2, 4, 4, 2, 6, 0, 0, 0
17:25:09, 1634.70, 29.01, 30.82, 28.461, 0, 1, 0, 1, 6, 10, 9, 5, 13, 1, 0, 0, 0, 0, 0, 0, 2, 4, 4, 2, 6, 0, 0, 0
17:25:09, 1634.40, 29.01, 30.82, 28.453, 0, 1, 0, 1, 6, 10, 9, 5, 15, 1, 0, 0, 0, 0, 0, 0, 2, 4, 4, 2, 6, 0, 0, 0
17:25:10, 1624.90, 29.02, 30.78, 28.453, 0, 0, 0, 0, 5, 8, 7, 4, 11, 1, 0, 0, 0, 0, 0, 0, 3, 5, 5, 2, 7, 0, 0, 0
17:25:11, 1620.80, 29.01, 30.82, 28.453, 0, 1, 0, 1, 6, 10, 9, 5, 12, 1, 0, 0, 0, 0, 0, 0, 3, 5, 5, 2, 7, 0, 0, 0
17:25:11, 1618.10, 29.01, 30.84, 28.453, 0, 1, 0, 1, 8, 13, 11, 7, 18, 2, 0, 0, 0, 0, 0, 0, 3, 5, 5, 2, 7, 0, 0, 0
17:25:12, 1608.60, 29.02, 30.82, 28.453, 0, 1, 0, 1, 6, 10, 9, 5, 14, 1, 0, 0, 0, 0, 0, 0, 4, 7, 6, 3, 9, 0, 0, 0
17:25:13, 1605.40, 29.01, 30.80, 28.453, 0, 1, 0, 1, 7, 12, 11, 6, 15, 1, 0, 0, 0, 0, 0, 0, 4, 6, 6, 3, 8, 0, 0, 0
17:25:13, 1602.90, 29.01, 30.78, 28.453, 0, 1, 0, 1, 9, 15, 14, 8, 22, 2, 0, 0, 0, 0, 0, 0, 4, 6, 6, 3, 8, 0, 0, 0
17:25:14, 1596.70, 29.01, 30.84, 28.453, 0, 1, 0, 1, 8, 13, 12, 7, 17, 2, 0, 0, 0, 0, 0, 0, 4, 7, 6, 3, 9, 0, 0, 0
17:25:15, 1596.30, 29.01, 30.82, 28.453, 0, 1, 0, 1, 10, 16, 15, 9, 21, 2, 0, 0, 0, 0, 0, 0, 4, 7, 6, 3, 9, 0, 0, 0
17:25:15, 1591.00, 29.01, 30.80, 28.453, 0, 1, 0, 1, 9, 15, 13, 8, 18, 2, 0, 0, 0, 0, 0, 0, 5, 7, 7, 3, 10, 0, 0, 0
17:25:16, 1590.10, 29.01, 30.82, 28.453, 0, 1, 0, 1, 10, 17, 16, 9, 21, 2, 0, 0, 0, 0, 0, 0, 5, 8, 7, 3, 10, 0, 0, 0
17:25:17, 1590.20, 29.01, 30.84, 28.453, 0, 1, 0, 2, 11, 18, 17, 10, 25, 2, 0, 0, 0, 0, 0, 1, 5, 8, 7, 4, 10, 0, 0, 0
17:25:17, 1589.60, 29.01, 30.82, 28.461, 0, 1, 0, 1, 10, 17, 16, 9, 22, 2, 0, 0, 0, 0, 0, 1, 5, 8, 7, 3, 10, 0, 0, 0
17:25:18, 1584.90, 29.02, 30.82, 28.461, 0, 1, 0, 2, 11, 18, 17, 10, 26, 2, 0, 0, 0, 0, 0, 1, 5, 9, 8, 4, 12, 0, 0, 0
17:25:19, 1582.00, 29.02, 30.82, 28.461, 0, 1, 0, 2, 10, 17, 16, 9, 24, 2, 0, 0, 0, 0, 0, 0, 5, 8, 7, 4, 11, 0, 0, 0
17:25:19, 1579.50, 29.02, 30.82, 28.461, 0, 1, 0, 1, 10, 17, 16, 9, 23, 2, 0, 0, 0, 0, 0, 1, 5, 9, 8, 4, 12, 0, 0, 0
17:25:20, 1573.80, 29.02, 30.82, 28.461, 1, 1, 0, 2, 12, 19, 18, 11, 25, 2, 0, 0, 0, 0, 0, 1, 6, 10, 9, 4, 13, 0, 0, 0
17:25:21, 1571.80, 29.02, 30.82, 28.453, 1, 1, 0, 2, 12, 19, 18, 11, 26, 2, 0, 0, 0, 0, 0, 1, 6, 9, 8, 4, 12, 0, 0, 0
17:25:21, 1568.70, 29.02, 30.80, 28.461, 0, 1, 0, 2, 11, 18, 17, 10, 23, 2, 0, 0, 0, 0, 0, 1, 6, 10, 9, 5, 13, 0, 0, 0
17:25:22, 1568.10, 29.02, 30.80, 28.461, 1, 1, 0, 2, 13, 20, 19, 12, 28, 2, 0, 0, 0, 0, 0, 1, 6, 10, 9, 4, 13, 0, 0, 0
17:25:23, 1571.80, 29.02, 30.82, 28.461, 1, 1, 1, 2, 14, 23, 22, 13, 34, 3, 0, 0, 0, 0, 0, 1, 6, 9, 8, 4, 13, 0, 0, 0
17:25:23, 1567.90, 29.02, 30.82, 28.469, 1, 1, 1, 2, 14, 23, 22, 13, 34, 3, 0, 0, 0, 0, 0, 1, 6, 9, 8, 4, 12, 0, 0, 0
17:25:24, 1563.70, 29.02, 30.82, 28.469, 1, 1, 0, 2, 11, 19, 17, 11, 23, 2, 0, 0, 0, 0, 0, 1, 7, 11, 10, 5, 14, 0, 0, 0
17:25:25, 1565.20, 29.02, 30.82, 28.461, 1, 1, 0, 2, 14, 22, 21, 13, 28, 2, 0, 0, 0, 0, 0, 1, 6, 10, 9, 4, 13, 0, 0, 0
17:25:25, 1564.80, 29.02, 30.80, 28.469, 1, 1, 1, 2, 15, 23, 23, 14, 35, 3, 0, 0, 0, 0, 0, 1, 6, 10, 9, 4, 12, 0, 0, 0
17:25:26, 1559.50, 29.02, 30.80, 28.469, 1, 1, 0, 2, 13, 21, 20, 12, 29, 2, 0, 0, 0, 0, 0, 1, 7, 11, 10, 5, 14, 0, 0, 0
17:25:27, 1558.70, 29.03, 30.82, 28.461, 1, 1, 1, 2, 15, 24, 23, 14, 33, 3, 0, 0, 0, 0, 0, 1, 7, 11, 9, 5, 14, 1, 0, 0
17:25:27, 1558.60, 29.03, 30.82, 28.469, 1, 1, 1, 3, 16, 25, 24, 15, 40, 3, 0, 0, 0, 0, 0, 1, 6, 10, 9, 5, 14, 0, 0, 0
17:25:28, 1555.40, 29.03, 30.82, 28.469, 1, 1, 0, 2, 13, 21, 20, 12, 27, 2, 0, 0, 0, 0, 0, 1, 7, 11, 10, 5, 15, 0, 0, 0
17:25:29, 1557.00, 29.03, 30.82, 28.469, 1, 1, 1, 2, 14, 23, 22, 13, 30, 2, 0, 0, 0, 0, 0, 1, 6, 11, 9, 5, 14, 0, 0, 0
17:25:29, 1557.60, 29.02, 30.82, 28.469, 1, 1, 1, 3, 16, 25, 24, 15, 41, 3, 0, 0, 0, 0, 0, 1, 6, 10, 9, 5, 14, 0, 0, 0
17:25:30, 1552.50, 29.03, 30.80, 28.469, 1, 1, 1, 2, 14, 22, 21, 13, 28, 2, 0, 0, 0, 0, 0, 1, 7, 12, 10, 5, 15, 0, 0, 0
17:25:31, 1552.90, 29.02, 30.80, 28.469, 1, 1, 1, 2, 15, 25, 24, 15, 32, 3, 0, 0, 0, 0, 0, 1, 7, 11, 10, 5, 14, 1, 0, 0
17:25:31, 1554.70, 29.02, 30.82, 28.477, 1, 1, 1, 3, 16, 26, 25, 15, 35, 3, 0, 0, 0, 0, 0, 1, 7, 11, 10, 5, 14, 1, 0, 0
17:25:32, 1554.70, 29.02, 30.82, 28.477, 1, 1, 1, 3, 16, 25, 24, 15, 35, 3, 0, 0, 0, 0, 0, 1, 7, 11, 10, 5, 15, 1, 0, 0
17:25:33, 1548.90, 29.02, 30.80, 28.469, 1, 1, 1, 2, 15, 24, 23, 14, 34, 3, 0, 0, 0, 0, 0, 1, 7, 12, 11, 5, 16, 1, 0, 0
17:25:33, 1550.20, 29.02, 30.80, 28.469, 1, 1, 1, 3, 17, 28, 27, 17, 39, 3, 0, 0, 0, 0, 0, 1, 7, 11, 10, 5, 15, 0, 0, 0
17:25:34, 1546.00, 29.02, 30.82, 28.469, 1, 1, 1, 3, 15, 25, 23, 14, 34, 3, 0, 0, 0, 0, 0, 1, 8, 13, 11, 6, 17, 1, 0, 0
17:25:35, 1539.30, 29.02, 30.80, 28.469, 1, 1, 1, 2, 15, 24, 23, 14, 34, 3, 0, 0, 0, 0, 0, 1, 9, 14, 12, 7, 18, 1, 0, 0
17:25:35, 1541.40, 29.02, 30.80, 28.469, 1, 1, 1, 3, 17, 28, 27, 17, 39, 3, 0, 0, 0, 0, 0, 1, 8, 13, 12, 6, 17, 1, 0, 0
17:25:36, 1538.00, 29.02, 30.78, 28.469, 1, 1, 1, 3, 18, 29, 29, 18, 43, 3, 0, 0, 0, 0, 0, 1, 9, 14, 13, 7, 19, 1, 0, 0
17:25:37, 1532.30, 29.02, 30.80, 28.469, 1, 1, 1, 3, 16, 26, 25, 15, 35, 3, 0, 0, 0, 0, 0, 1, 10, 15, 14, 7, 20, 1, 0, 0
17:25:37, 1532.10, 29.02, 30.78, 28.469, 1, 1, 1, 3, 19, 30, 29, 19, 42, 3, 0, 0, 0, 0, 0, 1, 9, 14, 13, 7, 19, 1, 0, 0
17:25:38, 1528.50, 29.03, 30.80, 28.477, 1, 1, 1, 3, 19, 31, 30, 19, 44, 4, 0, 0, 0, 0, 0, 1, 10, 16, 14, 7, 21, 1, 0, 0
17:25:39, 1523.60, 29.02, 30.76, 28.469, 1, 1, 1, 3, 20, 32, 31, 20, 46, 4, 0, 0, 0, 0, 0, 1, 11, 17, 15, 8, 22, 1, 0, 0
17:25:39, 1523.50, 29.02, 30.82, 28.469, 1, 1, 1, 4, 22, 35, 35, 22, 51, 4, 0, 0, 0, 0, 0, 1, 10, 16, 14, 7, 21, 1, 0, 0
17:25:40, 1521.30, 29.03, 30.80, 28.469, 1, 2, 1, 4, 23, 36, 36, 23, 55, 4, 0, 0, 0, 0, 0, 1, 10, 16, 14, 8, 21, 1, 0, 0
17:25:41, 1513.50, 29.03, 30.78, 28.477, 1, 1, 1, 4, 21, 34, 33, 21, 47, 4, 0, 0, 0, 0, 0, 2, 12, 19, 17, 9, 24, 1, 0, 0
17:25:41, 1511.10, 29.03, 30.80, 28.477, 2, 2, 2, 5, 26, 41, 41, 27, 60, 5, 0, 0, 0, 0, 0, 2, 12, 19, 17, 9, 25, 1, 0, 0
17:25:42, 1509.20, 29.03, 30.84, 28.461, 2, 2, 2, 5, 27, 42, 42, 27, 63, 5, 0, 0, 0, 0, 0, 2, 12, 19, 17, 9, 25, 1, 0, 0
17:25:43, 1504.80, 29.03, 30.80, 28.461, 2, 2, 2, 5, 27, 42, 42, 27, 61, 5, 0, 0, 0, 0, 0, 2, 13, 20, 18, 10, 26, 1, 0, 0
17:25:43, 1500.20, 29.03, 30.82, 28.461, 2, 2, 2, 5, 29, 45, 45, 29, 64, 5, 0, 0, 0, 0, 1, 2, 13, 21, 19, 10, 27, 2, 0, 0
17:25:44, 1499.70, 29.03, 30.82, 28.461, 2, 2, 2, 6, 33, 51, 51, 33, 79, 6, 0, 0, 0, 0, 1, 2, 13, 21, 18, 10, 28, 2, 0, 0
17:25:45, 1494.40, 29.03, 30.80, 28.469, 2, 2, 2, 6, 33, 51, 51, 34, 77, 6, 0, 0, 0, 0, 1, 2, 14, 22, 20, 11, 30, 2, 0, 0
17:25:45, 1490.40, 29.03, 30.80, 28.469, 2, 2, 2, 7, 35, 54, 54, 36, 80, 6, 0, 0, 0, 0, 1, 2, 15, 23, 21, 11, 31, 2, 0, 0
17:25:46, 1489.20, 29.03, 30.82, 28.461, 2, 2, 3, 8, 38, 58, 59, 39, 89, 7, 0, 0, 0, 0, 1, 2, 16, 24, 21, 12, 33, 2, 0, 0
17:25:47, 1484.20, 29.03, 30.82, 28.469, 2, 3, 3, 8, 39, 59, 60, 40, 90, 7, 0, 0, 0, 0, 1, 3, 17, 26, 23, 13, 34, 2, 0, 0
17:25:47, 1474.20, 29.03, 30.82, 28.469, 2, 2, 3, 8, 39, 60, 60, 40, 84, 6, 0, 0, 1, 0, 1, 3, 19, 29, 26, 15, 39, 3, 0, 0
17:25:48, 1471.10, 29.03, 30.78, 28.461, 3, 3, 3, 10, 47, 70, 72, 48, 104, 8, 0, 0, 1, 0, 1, 3, 20, 30, 27, 15, 40, 3, 0, 0
17:25:49, 1465.30, 29.04, 30.78, 28.469, 3, 3, 4, 10, 49, 73, 75, 51, 107, 8, 0, 0, 1, 0, 1, 4, 21, 32, 29, 16, 43, 3, 0, 0
17:25:49, 1459.60, 29.04, 30.78, 28.469, 3, 3, 4, 12, 54, 81, 83, 57, 121, 9, 0, 0, 1, 0, 1, 4, 23, 34, 31, 17, 46, 3, 0, 0
17:25:50, 1454.00, 29.03, 30.80, 28.461, 4, 4, 4, 12, 57, 85, 87, 60, 127, 9, 0, 0, 1, 0, 1, 4, 25, 37, 33, 19, 50, 4, 0, 0
17:25:50, 1449.20, 29.04, 30.80, 28.469, 4, 4, 5, 14, 63, 94, 96, 66, 154, 11, 0, 0, 1, 1, 1, 4, 26, 39, 36, 20, 54, 4, 0, 0
17:25:51, 1437.70, 29.04, 30.80, 28.469, 4, 4, 4, 13, 58, 87, 90, 62, 137, 10, 0, 0, 1, 1, 2, 6, 32, 47, 43, 25, 66, 5, 0, 0
17:25:52, 1437.80, 29.04, 30.76, 28.461, 5, 4, 6, 16, 73, 109, 113, 79, 172, 13, 0, 0, 1, 1, 2, 5, 30, 45, 41, 23, 62, 4, 0, 0
17:25:52, 1433.30, 29.04, 30.80, 28.469, 5, 5, 6, 17, 74, 109, 114, 80, 175, 13, 0, 0, 1, 1, 2, 6, 31, 47, 43, 24, 64, 5, 0, 0
17:25:53, 1422.80, 29.04, 30.80, 28.469, 5, 4, 6, 16, 72, 107, 111, 79, 157, 12, 0, 0, 2, 1, 2, 6, 36, 53, 48, 28, 71, 5, 0, 0
17:25:54, 1422.10, 29.04, 30.82, 28.469, 6, 5, 7, 20, 87, 127, 133, 95, 194, 14, 0, 0, 2, 1, 2, 7, 36, 53, 48, 28, 73, 5, 0, 0
17:25:54, 1414.40, 29.04, 30.82, 28.469, 6, 6, 8, 22, 90, 132, 139, 99, 206, 15, 0, 0, 2, 1, 2, 7, 39, 58, 53, 31, 79, 6, 0, 0
17:25:55, 1406.10, 29.04, 30.80, 28.469, 6, 6, 7, 21, 90, 133, 139, 100, 204, 15, 0, 0, 2, 2, 3, 8, 43, 63, 58, 34, 87, 7, 0, 0
17:25:56, 1405.30, 29.04, 30.80, 28.469, 7, 6, 9, 25, 103, 152, 160, 116, 239, 17, 0, 0, 2, 1, 3, 8, 42, 61, 56, 33, 85, 6, 0, 0
17:25:56, 1401.10, 29.04, 30.78, 28.477, 7, 6, 8, 23, 98, 145, 152, 110, 218, 16, 0, 0, 2, 1, 3, 8, 44, 65, 59, 35, 88, 7, 0, 0
17:25:57, 1392.60, 29.04, 30.80, 28.477, 7, 7, 9, 26, 108, 158, 167, 122, 243, 18, 0, 0, 2, 2, 3, 9, 48, 71, 65, 39, 97, 8, 0, 0
17:25:58, 1385.70, 29.04, 30.80, 28.469, 8, 8, 11, 30, 123, 180, 191, 141, 277, 20, 0, 0, 3, 2, 3, 10, 53, 77, 71, 42, 106, 8, 0, 0
17:25:58, 1384.70, 29.04, 30.76, 28.477, 9, 8, 12, 34, 134, 196, 209, 153, 341, 25, 0, 0, 3, 2, 3, 10, 52, 76, 70, 42, 107, 8, 0, 0
17:25:59, 1376.60, 29.04, 30.76, 28.477, 9, 8, 11, 32, 129, 188, 200, 148, 308, 22, 0, 0, 3, 2, 4, 11, 57, 83, 77, 46, 118, 9, 0, 0
17:26:00, 1371.50, 29.04, 30.80, 28.477, 9, 8, 12, 33, 135, 197, 211, 157, 328, 24, 0, 0, 4, 2, 4, 12, 60, 88, 81, 49, 124, 10, 0, 0
17:26:00, 1371.20, 29.05, 30.78, 28.484, 11, 10, 14, 39, 152, 221, 238, 178, 373, 27, 0, 0, 3, 2, 4, 12, 60, 87, 81, 49, 125, 10, 0, 0
17:26:01, 1363.30, 29.04, 30.78, 28.484, 10, 9, 13, 37, 145, 212, 227, 171, 349, 25, 0, 0, 4, 3, 5, 13, 66, 96, 89, 54, 138, 11, 0, 0
17:26:02, 1359.50, 29.05, 30.78, 28.484, 11, 10, 15, 41, 162, 235, 253, 192, 391, 28, 0, 0, 4, 3, 5, 14, 68, 99, 92, 56, 142, 11, 0, 0
17:26:02, 1359.00, 29.05, 30.80, 28.492, 12, 11, 16, 46, 172, 249, 270, 204, 421, 30, 0, 0, 4, 3, 5, 14, 68, 99, 92, 56, 142, 11, 0, 0
17:26:03, 1351.60, 29.05, 30.78, 28.492, 12, 11, 16, 45, 163, 238, 255, 194, 383, 28, 0, 0, 4, 3, 5, 15, 74, 108, 101, 62, 154, 12, 0, 0
17:26:04, 1338.80, 29.05, 30.76, 28.492, 13, 12, 17, 48, 182, 264, 285, 218, 425, 30, 0, 0, 6, 4, 6, 18, 89, 129, 121, 75, 184, 15, 0, 0
17:26:04, 1337.00, 29.05, 30.78, 28.492, 16, 14, 21, 60, 225, 322, 352, 273, 526, 37, 0, 0, 6, 4, 7, 19, 89, 129, 121, 75, 186, 15, 0, 0
17:26:05, 1330.20, 29.05, 30.78, 28.500, 16, 15, 22, 63, 224, 320, 349, 272, 523, 37, 0, 0, 6, 4, 7, 20, 95, 136, 128, 80, 194, 16, 0, 0
17:26:06, 1313.70, 29.06, 30.78, 28.500, 18, 16, 24, 68, 251, 357, 391, 307, 585, 42, 0, 0, 7, 5, 9, 25, 119, 170, 161, 102, 247, 20, 0, 0
17:26:06, 1308.30, 29.06, 30.82, 28.500, 23, 20, 32, 91, 322, 454, 502, 402, 761, 54, 0, 0, 8, 6, 10, 29, 126, 179, 170, 108, 262, 22, 0, 0
17:26:07, 1296.80, 29.06, 30.80, 28.500, 24, 22, 35, 99, 335, 470, 519, 418, 799, 57, 0, 0, 9, 7, 11, 33, 145, 205, 196, 126, 306, 25, 0, 0
17:26:08, 1286.00, 29.06, 30.78, 28.508, 29, 26, 43, 122, 413, 575, 639, 525, 1010, 71, 0, 0, 11, 8, 14, 39, 167, 235, 225, 147, 355, 29, 0, 0
17:26:08, 1278.50, 29.06, 30.76, 28.508, 34, 31, 53, 149, 475, 656, 732, 605, 1183, 83, 0, 0, 12, 9, 15, 45, 185, 258, 248, 163, 393, 32, 0, 0
17:26:09, 1269.30, 29.06, 30.76, 28.516, 38, 34, 58, 164, 506, 697, 779, 646, 1266, 89, 0, 0, 14, 10, 17, 51, 210, 292, 282, 186, 450, 37, 0, 0
17:26:10, 1259.20, 29.06, 30.78, 28.516, 45, 41, 72, 202, 617, 839, 944, 801, 1518, 106, 0, 0, 16, 12, 21, 60, 239, 329, 318, 213, 508, 42, 0, 0
17:26:10, 1256.20, 29.06, 30.80, 28.516, 49, 45, 81, 226, 676, 920, 1040, 879, 1659, 116, 0, 0, 17, 13, 22, 64, 249, 343, 331, 222, 524, 44, 0, 0
17:26:11, 1250.90, 29.07, 30.76, 28.523, 53, 49, 89, 248, 712, 962, 1084, 925, 1703, 118, 0, 0, 18, 13, 23, 68, 262, 359, 347, 233, 546, 45, 0, 0
17:26:12, 1239.90, 29.07, 30.74, 28.531, 56, 52, 96, 265, 772, 1042, 1174, 1016, 1783, 124, 0, 0, 20, 15, 27, 78, 300, 409, 399, 270, 617, 52, 0, 0
17:26:12, 1230.90, 29.08, 30.76, 28.531, 63, 57, 107, 293, 844, 1131, 1273, 1111, 1896, 132, 0, 0, 24, 18, 32, 94, 343, 464, 452, 310, 707, 59, 0, 0
17:26:13, 1227.10, 29.08, 30.80, 28.523, 77, 73, 142, 386, 1038, 1378, 1569, 1382, 2533, 174, 0, 0, 25, 19, 34, 100, 362, 487, 476, 328, 755, 63, 0, 0
17:26:14, 1213.50, 29.08, 30.76, 28.531, 79, 74, 144, 388, 1063, 1407, 1594, 1419, 2451, 169, 0, 0, 28, 22, 40, 116, 421, 563, 551, 383, 876, 73, 0, 0
17:26:14, 1209.70, 29.08, 30.80, 28.531, 92, 87, 174, 463, 1232, 1615, 1846, 1662, 2882, 197, 0, 0, 32, 25, 45, 132, 448, 598, 586, 411, 939, 78, 0, 0
17:26:15, 1204.30, 29.08, 30.74, 28.555, 102, 98, 197, 520, 1266, 1651, 1886, 1711, 2857, 195, 0, 0, 33, 26, 47, 139, 480, 639, 628, 440, 989, 83, 0, 0
17:26:16, 1196.60, 29.08, 30.78, 28.633, 105, 100, 205, 533, 1340, 1747, 1979, 1822, 2911, 199, 0, 0, 38, 30, 55, 159, 539, 713, 704, 499, 1118, 94, 0, 0
17:26:16, 1194.00, 29.09, 30.78, 28.633, 119, 115, 237, 610, 1511, 1951, 2234, 2058, 3338, 227, 0, 0, 39, 31, 58, 169, 550, 726, 715, 510, 1149, 96, 0, 0
17:26:17, 1192.80, 29.09, 30.76, 28.680, 140, 141, 298, 775, 1861, 2426, 2826, 2571, 4440, 302, 0, 0, 39, 31, 58, 167, 550, 726, 716, 511, 1158, 97, 0, 0
17:26:18, 1190.50, 29.09, 30.76, 28.742, 128, 129, 273, 702, 1677, 2162, 2513, 2287, 3907, 265, 0, 0, 40, 31, 59, 170, 565, 747, 738, 527, 1172, 98, 0, 0
17:26:18, 1186.70, 29.09, 30.80, 28.742, 129, 127, 263, 674, 1572, 2028, 2322, 2153, 3315, 226, 0, 0, 42, 33, 62, 180, 594, 782, 774, 553, 1206, 101, 0, 0
17:26:19, 1185.30, 29.10, 30.76, 28.773, 131, 129, 270, 677, 1654, 2127, 2431, 2296, 3257, 223, 0, 0, 44, 35, 66, 191, 608, 799, 792, 570, 1248, 104, 0, 0
17:26:20, 1185.20, 29.10, 30.78, 28.789, 144, 146, 307, 774, 1785, 2293, 2633, 2478, 3564, 244, 0, 0, 45, 36, 67, 194, 610, 801, 792, 571, 1250, 105, 0, 0
17:26:20, 1181.50, 29.11, 30.76, 28.789, 149, 154, 335, 843, 1977, 2563, 2957, 2730, 4610, 315, 0, 0, 44, 35, 65, 187, 641, 843, 838, 602, 1256, 105, 0, 0
17:26:21, 1169.20, 29.11, 30.78, 28.812, 145, 143, 301, 749, 1829, 2338, 2681, 2547, 3560, 244, 0, 0, 52, 42, 80, 230, 749, 976, 973, 708, 1473, 124, 0, 0
17:26:22, 1162.90, 29.12, 30.72, 28.828, 170, 175, 381, 910, 2154, 2719, 3121, 3012, 4090, 279, 0, 0, 58, 47, 91, 259, 805, 1045, 1043, 767, 1620, 136, 0, 0
17:26:22, 1159.10, 29.12, 30.76, 28.828, 192, 198, 429, 1017, 2353, 2951, 3394, 3294, 4936, 335, 0, 0, 61, 50, 99, 279, 821, 1062, 1057, 790, 1778, 148, 0, 0
17:26:23, 1154.80, 29.13, 30.76, 28.844, 264, 296, 678, 1599, 3293, 4189, 4897, 4610, 8057, 546, 0, 0, 60, 50, 99, 279, 864, 1117, 1117, 832, 1858, 156, 0, 0
17:26:24, 1143.10, 29.13, 30.78, 28.898, 200, 197, 438, 1012, 2055, 2601, 2852, 2822, 4164, 288, 0, 0, 80, 66, 134, 372, 1105, 1414, 1426, 1071, 2229, 189, 0, 0
17:26:24, 1141.50, 29.14, 30.76, 28.898, 242, 247, 552, 1212, 2541, 3122, 3538, 3538, 4423, 307, 0, 0, 83, 70, 144, 394, 1085, 1383, 1391, 1053, 2160, 182, 0, 0
17:26:25, 1133.60, 29.14, 30.76, 28.922, 287, 324, 721, 1593, 2702, 3333, 3736, 3825, 4770, 331, 0, 0, 87, 73, 151, 413, 1175, 1492, 1504, 1142, 2392, 202, 0, 0
17:26:26, 1123.40, 29.15, 30.74, 28.953, 300, 325, 731, 1570, 2989, 3714, 4128, 4224, 6618, 453, 0, 0, 101, 88, 188, 503, 1397, 1752, 1776, 1386, 3034, 256, 0, 0
17:26:26, 1118.10, 29.16, 30.78, 28.953, 368, 397, 887, 1839, 3870, 4854, 5409, 5755, 8639, 589, 0, 0, 101, 90, 195, 512, 1327, 1660, 1673, 1308, 2906, 243, 0, 0
17:26:27, 1110.60, 29.16, 30.76, 28.984, 413, 507, 1104, 2259, 4689, 5615, 6611, 7016, 11282, 750, 0, 0, 111, 99, 216, 568, 1518, 1886, 1915, 1515, 3294, 277, 0, 0
17:26:28, 1098.80, 29.17, 30.76, 29.008, 489, 531, 1191, 2316, 4301, 5329, 5705, 6319, 8528, 597, 0, 0, 136, 128, 290, 728, 1908, 2326, 2379, 1912, 4037, 343, 0, 0
17:26:28, 1092.30, 29.17, 30.82, 29.008, 749, 949, 1992, 3549, 6987, 7941, 9516, 10611, 11679, 826, 0, 0, 145, 137, 312, 781, 1862, 2265, 2298, 1863, 3928, 330, 0, 0
17:26:29, 1083.40, 29.18, 30.80, 29.023, 751, 1143, 2428, 4560, 6669, 7706, 8906, 9945, 10374, 753, 0, 0, 169, 165, 381, 928, 2263, 2716, 2783, 2278, 4581, 388, 0, 0
17:26:30, 1071.00, 29.19, 30.78, 29.055, 878, 942, 2043, 3237, 4927, 6294, 6090, 7186, 9379, 767, 0, 0, 206, 214, 498, 1161, 2600, 3081, 3161, 2623, 5357, 454, 0, 0
17:26:30, 1067.30, 29.19, 30.76, 29.055, 1207, 1531, 3186, 4903, 9608, 10821, 12518, 14324, 14759, 1122, 0, 0, 199, 210, 491, 1140, 2497, 2942, 3017, 2535, 5371, 455, 0, 0
17:26:31, 1054.70, 29.20, 30.76, 29.070, 894, 963, 1922, 2956, 3738, 4859, 4726, 5319, 8666, 892, 0, 0, 286, 335, 771, 1652, 3459, 3997, 4170, 3585, 7604, 660, 0, 0
17:26:32, 1052.50, 29.21, 30.76, 29.109, 1797, 1548, 3268, 4430, 6217, 8062, 7750, 9690, 11765, 1032, 0, 0, 264, 304, 710, 1558, 3095, 3574, 3707, 3211, 6771, 575, 0, 0
17:26:32, 1036.00, 29.22, 30.82, 29.109, 860, 1020, 1949, 2765, 4068, 5361, 4862, 5813, 8712, 1148, 0, 0, 329, 415, 931, 1884, 3840, 4351, 4546, 4009, 8288, 733, 0, 0
17:26:33, 1035.40, 29.22, 30.76, 29.141, 3557, 2566, 5409, 5706, 9230, 12505, 10057, 15102, 13052, 1723, 0, 0, 303, 380, 862, 1761, 3224, 3653, 3772, 3361, 7316, 638, 0, 0
17:26:34, 1024.30, 29.23, 30.72, 29.203, 2990, 2701, 5109, 6290, 4122, 5306, 4644, 5818, 7987, 1489, 0, 0, 404, 552, 1198, 2280, 4161, 4615, 4865, 4405, 9253, 847, 0, 0
17:26:34, 1022.90, 29.24, 30.72, 29.203, 6430, 10732, 14370, 17568, 25074, 23722, 27949, 29821, 22692, 4520, 0, 0, 361, 488, 1056, 2021, 3771, 4197, 4396, 3952, 8123, 728, 0, 0
17:26:35, 1020.50, 29.25, 30.80, 29.242, 4888, 8181, 12677, 16729, 18826, 20644, 23339, 30088, 34173, 6805, 0, 1, 377, 498, 1102, 2176, 4265, 4744, 4958, 4437, 8846, 770, 0, 0
17:26:36, 1014.40, 29.26, 30.78, 29.281, 12992, 16908, 23519, 28408, 36000, 36000, 36000, 36000, 36000, 36000, 1, 1, 1680, 2528, 3874, 5297, 9377, 9958, 11012, 10912, 28767, 7207, 0, 0
17:26:36, 1014.40, 29.27, 30.78, 29.281, 7022, 6197, 11851, 11620, 31259, 29285, 33165, 35822, 28504, 17941, 0, 1, 15026, 23834, 33854, 36000, 36000, 36000, 36000, 36000, 36000, 36000, 1, 1
17:26:37, 1013.90, 29.27, 30.78, 29.258, 1749, 2771, 3741, 4224, 5259, 5312, 6171, 6709, 26108, 6874, 0, 0, 11258, 15995, 22333, 27418, 36000, 36000, 36000, 36000, 36000, 36000, 1, 1
17:26:38, 1014.10, 29.28, 30.78, 29.258, 1889, 3080, 4024, 4495, 5147, 5125, 5800, 6230, 23244, 5710, 0, 0, 1866, 2967, 4042, 5152, 4941, 5017, 6733, 6849, 17040, 7781, 0, 0
17:26:38, 1014.00, 29.29, 30.80, 29.133, 8587, 12351, 14915, 34293, 19518, 32475, 36000, 30025, 36000, 19630, 1, 1, 16365, 25902, 33403, 35916, 36000, 36000, 36000, 36000, 36000, 36000, 1, 1
17:26:39, 1014.40, 29.29, 30.80, 29.008, 8313, 7989, 11816, 33394, 13634, 35842, 30030, 26706, 36000, 33390, 1, 1, 12724, 18978, 26803, 30631, 36000, 36000, 36000, 36000, 36000, 36000, 1, 1
17:26:40, 1014.10, 29.29, 30.82, 29.008, 10926, 6289, 13876, 14692, 4442, 4619, 5067, 5479, 23816, 6302, 0, 0, 4382, 6585, 9114, 10966, 15503, 16087, 19301, 20385, 36000, 30119, 1, 1
