Secchi Depth (cm) = 9999
Forel Ule Scale = 99
pH Colour Scale = 99
SensingSecchi S/N = A016
Latitude (degs N) = 34.33546
Longitude (degs E) = -78.05312
Date = 2026-06-18
Time (UTC), Pressure (mbar) MS5803, Temp (deg C) MS5803, Temp (deg C) 10KTHERM, Temp (deg C) TMP117, ED 415nm, ED 445nm, ED 480nm, ED 515nm, ED 555nm, ED 590nm, ED 630nm, ED 680nm, ED Clear, ED NIR, ED D-SAT, ED A-SAT, EU 415nm, EU 445nm, EU 480nm, EU 515nm, EU 555nm, EU 590nm, EU 630nm, EU 680nm, EU Clear, EU NIR, EU D-SAT, EU A-SAT
16:19:30, 1010.30, 32.39, 32.24, 32.242, 47, 52, 55, 68, 79, 112, 207, 352, 926, 673, 0, 0, 123, 139, 134, 157, 171, 260, 562, 1073, 2706, 1995, 0, 0
16:19:30, 1010.40, 32.39, 32.17, 32.266, 56, 63, 66, 80, 106, 151, 279, 489, 1322, 991, 0, 0, 141, 158, 151, 172, 211, 332, 760, 1449, 3564, 2602, 0, 0
16:19:31, 1010.60, 32.40, 32.22, 32.273, 58, 65, 68, 83, 112, 160, 291, 488, 1235, 888, 0, 0, 368, 400, 464, 588, 748, 1070, 1706, 2650, 7923, 5674, 0, 0
16:19:32, 1010.40, 32.42, 32.24, 32.273, 75, 88, 106, 131, 272, 355, 611, 958, 2871, 1783, 0, 0, 3219, 5239, 6938, 8811, 14536, 15395, 18427, 21826, 35996, 32532, 0, 1
16:19:32, 1010.60, 32.43, 32.19, 32.344, 1974, 3014, 4073, 4991, 20252, 20940, 24488, 25427, 25311, 14010, 0, 0, 1304, 1985, 2758, 3480, 3583, 3973, 4916, 5464, 16737, 6545, 0, 0
16:19:33, 1013.40, 32.37, 32.20, 32.219, 6687, 12010, 15849, 21232, 36000, 36000, 36000, 36000, 36000, 36000, 1, 1, 215, 309, 559, 909, 1521, 1838, 2431, 2775, 5702, 714, 0, 0
16:19:34, 1015.70, 32.20, 32.20, 32.219, 11069, 23250, 28052, 34877, 36000, 36000, 36000, 36000, 36000, 36000, 1, 1, 153, 208, 379, 639, 1036, 1278, 1719, 1977, 3668, 425, 0, 0
16:19:34, 1022.00, 32.14, 32.20, 30.195, 1943, 3163, 4465, 5462, 6832, 7601, 8594, 10005, 34734, 9614, 0, 1, 133, 175, 323, 563, 859, 1087, 1478, 1711, 3044, 328, 0, 0
16:19:35, 1030.40, 32.11, 32.24, 29.430, 1573, 2547, 4017, 5473, 4920, 5502, 6359, 7541, 23216, 4948, 0, 0, 82, 100, 185, 339, 544, 702, 962, 1123, 1873, 194, 0, 0
16:19:36, 1031.20, 32.11, 32.17, 29.430, 756, 1276, 2205, 3096, 4518, 4925, 6172, 7015, 17276, 2538, 0, 0, 49, 56, 103, 201, 419, 545, 749, 877, 1309, 134, 0, 0
16:19:36, 1030.50, 32.10, 32.22, 29.094, 1129, 1910, 3294, 4632, 6199, 6948, 8604, 9165, 25020, 3613, 0, 0, 62, 76, 142, 269, 515, 653, 881, 1018, 1795, 187, 0, 0
16:19:37, 1035.60, 32.10, 32.19, 28.961, 1517, 2545, 4775, 6152, 6570, 7894, 8634, 10978, 34240, 6028, 0, 1, 61, 74, 139, 262, 436, 562, 768, 894, 1555, 159, 0, 0
16:19:38, 1034.70, 32.09, 32.20, 28.961, 655, 1081, 1955, 2933, 4087, 4631, 5860, 6440, 14840, 1871, 0, 0, 50, 56, 101, 200, 403, 537, 749, 887, 1312, 132, 0, 0
16:19:38, 1035.70, 32.09, 32.22, 28.898, 778, 1286, 2288, 3356, 4183, 4755, 5838, 6599, 17040, 2454, 0, 0, 59, 68, 124, 240, 489, 641, 882, 1036, 1727, 174, 0, 0
16:19:39, 1035.60, 32.08, 32.22, 28.859, 762, 1285, 2280, 3421, 4855, 5560, 7049, 7778, 20041, 2342, 0, 0, 72, 78, 139, 275, 589, 794, 1125, 1343, 2007, 201, 0, 0
16:19:40, 1037.00, 32.07, 32.20, 28.859, 2094, 3801, 6622, 10290, 16372, 16812, 25369, 24994, 36000, 7920, 1, 1, 89, 102, 187, 357, 703, 921, 1286, 1515, 2702, 275, 0, 0
16:19:40, 1030.70, 32.06, 32.19, 28.844, 2357, 3665, 6839, 10738, 24764, 27695, 31285, 33373, 36000, 13679, 1, 1, 116, 134, 242, 469, 976, 1273, 1759, 2099, 3637, 389, 0, 0
16:19:41, 1027.10, 32.05, 32.20, 28.844, 5963, 8735, 15979, 21783, 26255, 29193, 33481, 33490, 36000, 20392, 1, 1, 173, 214, 392, 733, 1244, 1596, 2191, 2603, 4740, 521, 0, 0
16:19:42, 1025.80, 32.04, 32.20, 28.844, 9136, 13374, 21529, 28668, 30683, 31796, 33447, 34225, 36000, 23233, 1, 1, 136, 162, 291, 551, 911, 1206, 1677, 2014, 3113, 345, 0, 0
16:19:42, 1026.20, 32.02, 32.20, 28.836, 1520, 2509, 4164, 5535, 6785, 7320, 9176, 10311, 31072, 5477, 0, 0, 136, 168, 312, 564, 983, 1262, 1743, 2036, 3693, 396, 0, 0
16:19:43, 1025.70, 32.00, 32.19, 28.828, 6527, 11672, 21794, 28937, 35677, 36000, 36000, 36000, 36000, 28729, 1, 1, 142, 179, 329, 593, 1213, 1532, 2085, 2429, 4530, 499, 0, 0
16:19:44, 1026.20, 31.99, 32.15, 28.828, 4815, 7729, 16103, 19352, 35581, 36000, 36000, 36000, 36000, 34678, 1, 1, 152, 191, 359, 643, 1130, 1437, 1965, 2304, 4255, 459, 0, 0
16:19:44, 1025.00, 31.98, 32.19, 28.828, 7911, 9923, 18675, 23188, 29658, 33062, 36000, 35968, 36000, 22864, 1, 1, 161, 204, 376, 678, 1225, 1547, 2108, 2473, 4706, 524, 0, 0
16:19:45, 1024.40, 31.97, 32.20, 28.844, 1897, 3405, 5355, 7431, 9235, 10385, 12998, 13407, 35975, 6484, 0, 1, 143, 177, 321, 595, 1058, 1365, 1884, 2232, 3898, 435, 0, 0
16:19:46, 1021.50, 31.96, 32.20, 28.844, 4627, 6872, 12128, 15856, 24310, 26341, 30177, 29008, 36000, 20178, 1, 1, 165, 213, 394, 695, 1194, 1505, 2051, 2397, 4515, 513, 0, 0
16:19:46, 1025.00, 31.95, 32.20, 28.836, 7357, 12526, 18574, 28426, 25765, 32800, 28622, 34272, 36000, 30858, 1, 1, 147, 190, 353, 608, 993, 1263, 1739, 2030, 3701, 412, 0, 0
16:19:47, 1022.70, 31.94, 32.22, 28.844, 5859, 12142, 17635, 26413, 32095, 32158, 34440, 34149, 36000, 25963, 1, 1, 119, 145, 264, 473, 862, 1112, 1550, 1821, 3063, 337, 0, 0
16:19:48, 1025.10, 31.93, 32.20, 28.844, 8496, 11956, 26046, 27264, 24644, 29704, 35021, 36000, 36000, 32569, 1, 1, 155, 206, 383, 652, 1080, 1352, 1815, 2118, 4010, 451, 0, 0
16:19:48, 1022.10, 31.92, 32.19, 28.828, 4916, 8565, 15320, 20902, 24737, 23879, 34774, 31503, 36000, 17222, 1, 1, 112, 146, 270, 474, 798, 995, 1342, 1563, 2972, 337, 0, 0
16:19:49, 1029.30, 31.91, 32.20, 28.844, 3468, 5996, 9588, 12717, 24378, 25161, 27573, 31679, 36000, 21077, 1, 1, 124, 152, 281, 519, 944, 1225, 1702, 2020, 3528, 378, 0, 0
16:19:50, 1026.50, 31.90, 32.19, 28.844, 1319, 2275, 3787, 5267, 6666, 7110, 8905, 9684, 29146, 4930, 0, 0, 143, 173, 315, 585, 1073, 1387, 1932, 2294, 4147, 453, 0, 0
16:19:50, 1023.50, 31.89, 32.17, 28.836, 1413, 2343, 3810, 5011, 6526, 7222, 8701, 9635, 29735, 5933, 0, 0, 158, 198, 357, 653, 1139, 1462, 2023, 2400, 4360, 495, 0, 0
16:19:51, 1030.50, 31.88, 32.17, 28.828, 1218, 2299, 3389, 5172, 5985, 6861, 7776, 9814, 29972, 5761, 0, 0, 121, 144, 264, 494, 821, 1067, 1497, 1776, 3381, 365, 0, 0
16:19:52, 1031.00, 31.87, 32.19, 28.828, 1065, 1868, 3113, 4297, 8033, 8976, 10173, 11939, 32054, 6308, 0, 0, 112, 136, 250, 469, 853, 1097, 1515, 1793, 3417, 365, 0, 0
16:19:52, 1031.90, 31.86, 32.17, 28.828, 3797, 5111, 9690, 13720, 17591, 20405, 26442, 30243, 36000, 12277, 1, 1, 121, 147, 273, 512, 920, 1180, 1627, 1922, 3591, 378, 0, 0
16:19:53, 1031.70, 31.84, 32.17, 28.828, 7821, 10065, 19610, 24296, 26256, 30132, 30885, 31860, 36000, 15416, 1, 1, 119, 144, 269, 503, 898, 1151, 1580, 1869, 3551, 374, 0, 0
16:19:54, 1033.30, 31.82, 32.15, 28.828, 3726, 6286, 11951, 16124, 18380, 22393, 25295, 28524, 36000, 12455, 1, 1, 96, 115, 215, 400, 695, 892, 1225, 1449, 2762, 290, 0, 0
16:19:54, 1034.60, 31.81, 32.13, 28.828, 2014, 3651, 6797, 9970, 12254, 14293, 16778, 18300, 36000, 6871, 1, 1, 75, 87, 160, 306, 553, 720, 996, 1184, 2125, 223, 0, 0
16:19:55, 1036.00, 31.79, 32.22, 28.828, 2067, 3303, 6101, 8949, 9272, 12861, 12383, 17162, 36000, 7247, 1, 1, 65, 77, 142, 268, 480, 623, 859, 1017, 1847, 193, 0, 0
16:19:56, 1033.90, 31.78, 32.19, 28.828, 1265, 2090, 3972, 5608, 8342, 9729, 11629, 11963, 33324, 4636, 0, 1, 52, 61, 112, 214, 407, 527, 723, 853, 1482, 155, 0, 0
16:19:56, 1031.90, 31.76, 32.17, 28.812, 1225, 1891, 3544, 5118, 6078, 6970, 8406, 9160, 26032, 3573, 0, 0, 50, 60, 110, 209, 399, 512, 700, 822, 1447, 154, 0, 0
16:19:57, 1032.60, 31.74, 32.19, 28.805, 1244, 2211, 3930, 5772, 7513, 8784, 9740, 12238, 33852, 5242, 0, 1, 54, 62, 115, 219, 402, 524, 724, 856, 1403, 146, 0, 0
16:19:58, 1032.40, 31.72, 32.19, 28.805, 1120, 1889, 3260, 4778, 5704, 6191, 7993, 8637, 23632, 3255, 0, 0, 41, 48, 88, 167, 319, 410, 562, 660, 1086, 116, 0, 0
16:19:58, 1032.10, 31.70, 32.19, 28.797, 816, 1428, 2420, 3650, 4585, 5143, 6361, 7167, 18041, 2503, 0, 0, 38, 44, 79, 155, 294, 384, 532, 628, 964, 100, 0, 0
16:19:59, 1033.60, 31.69, 32.13, 28.805, 911, 1486, 2645, 3584, 4700, 5424, 6431, 7648, 20968, 3476, 0, 0, 39, 46, 85, 160, 304, 391, 535, 629, 1053, 112, 0, 0
16:20:00, 1034.00, 31.67, 32.22, 28.805, 735, 1236, 2154, 3156, 4386, 5020, 6212, 7069, 17997, 2609, 0, 0, 38, 43, 79, 154, 306, 399, 553, 655, 1050, 109, 0, 0
16:20:00, 1034.00, 31.66, 32.13, 28.797, 898, 1491, 2562, 3677, 4702, 5208, 6386, 7313, 19568, 3113, 0, 0, 44, 51, 95, 181, 353, 454, 621, 732, 1283, 137, 0, 0
16:20:01, 1032.80, 31.64, 32.17, 28.805, 830, 1388, 2443, 3551, 4432, 4939, 6108, 6938, 17815, 2774, 0, 0, 43, 50, 92, 177, 344, 443, 606, 716, 1271, 136, 0, 0
16:20:02, 1035.10, 31.64, 32.15, 28.805, 828, 1435, 2434, 3523, 4622, 5162, 6347, 7379, 19430, 3228, 0, 0, 43, 50, 93, 178, 328, 424, 584, 692, 1229, 130, 0, 0
16:20:02, 1034.40, 31.64, 32.15, 28.805, 686, 1160, 2027, 2998, 3964, 4474, 5498, 6469, 16319, 2667, 0, 0, 39, 45, 82, 159, 302, 392, 541, 643, 1136, 121, 0, 0
16:20:03, 1034.50, 31.62, 32.19, 28.812, 698, 1173, 2042, 2956, 3899, 4361, 5338, 6211, 15993, 2785, 0, 0, 40, 46, 85, 163, 316, 408, 562, 667, 1199, 128, 0, 0
16:20:04, 1033.90, 31.61, 32.15, 28.812, 657, 1139, 1954, 2849, 4109, 4630, 5708, 6681, 17173, 2831, 0, 0, 40, 46, 83, 162, 309, 400, 552, 657, 1131, 120, 0, 0
16:20:04, 1032.40, 31.60, 32.17, 28.805, 811, 1415, 2400, 3438, 4195, 4587, 5739, 6571, 17015, 3132, 0, 0, 44, 52, 95, 182, 352, 453, 621, 736, 1308, 141, 0, 0
16:20:05, 1028.70, 31.59, 32.15, 28.805, 761, 1312, 2223, 3197, 4522, 4927, 6235, 7038, 18096, 3149, 0, 0, 46, 56, 103, 193, 353, 449, 611, 721, 1286, 142, 0, 0
16:20:06, 1029.80, 31.58, 32.15, 28.812, 927, 1604, 2612, 3600, 4391, 4824, 5778, 6819, 18173, 3433, 0, 0, 43, 51, 94, 178, 322, 414, 567, 670, 1137, 123, 0, 0
16:20:06, 1029.70, 31.57, 32.19, 28.812, 773, 1299, 2159, 3073, 3819, 4295, 5159, 6006, 15207, 2694, 0, 0, 37, 43, 79, 150, 278, 360, 494, 583, 947, 101, 0, 0
16:20:07, 1030.20, 31.55, 32.13, 28.812, 809, 1334, 2219, 3091, 4011, 4448, 5451, 6195, 15259, 2557, 0, 0, 41, 49, 90, 171, 324, 415, 565, 665, 1118, 121, 0, 0
16:20:08, 1033.40, 31.54, 32.15, 28.812, 733, 1246, 2046, 2922, 3783, 4238, 5249, 6035, 14313, 2334, 0, 0, 35, 41, 74, 143, 273, 357, 493, 585, 916, 97, 0, 0
16:20:08, 1036.20, 31.53, 32.15, 28.812, 658, 1088, 1876, 2730, 3685, 4134, 5103, 5896, 13320, 2010, 0, 0, 36, 41, 73, 143, 269, 352, 490, 584, 926, 97, 0, 0
16:20:09, 1041.50, 31.51, 32.17, 28.812, 527, 862, 1525, 2331, 2919, 3324, 4198, 4828, 10528, 1477, 0, 0, 33, 36, 64, 128, 251, 336, 472, 567, 880, 90, 0, 0
16:20:10, 1046.30, 31.50, 32.15, 28.812, 431, 682, 1240, 1937, 2726, 3157, 4005, 4726, 10104, 1397, 0, 0, 30, 32, 55, 113, 225, 305, 436, 527, 810, 82, 0, 0
16:20:11, 1052.30, 31.49, 32.17, 28.797, 361, 550, 1018, 1666, 2397, 2839, 3578, 4333, 9161, 1241, 0, 0, 26, 26, 45, 93, 185, 256, 370, 451, 698, 69, 0, 0
16:20:11, 1055.80, 31.48, 32.15, 28.797, 271, 385, 728, 1260, 1843, 2208, 2909, 3418, 6403, 730, 0, 0, 23, 23, 37, 78, 171, 241, 355, 436, 633, 62, 0, 0
16:20:12, 1060.10, 31.47, 32.20, 28.797, 259, 366, 693, 1217, 1897, 2302, 2985, 3617, 6914, 829, 0, 0, 22, 22, 36, 75, 165, 234, 346, 427, 646, 63, 0, 0
16:20:13, 1067.50, 31.45, 32.13, 28.789, 230, 309, 595, 1064, 1731, 2135, 2782, 3472, 6756, 771, 0, 0, 20, 19, 29, 62, 145, 212, 321, 402, 554, 53, 0, 0
16:20:13, 1067.40, 31.45, 32.13, 28.789, 194, 249, 471, 886, 1447, 1781, 2422, 2915, 4719, 485, 0, 0, 21, 20, 30, 64, 150, 220, 333, 418, 570, 55, 0, 0
16:20:14, 1073.70, 31.44, 32.17, 28.789, 199, 260, 493, 922, 1532, 1911, 2546, 3172, 5908, 651, 0, 0, 19, 18, 27, 57, 128, 188, 288, 363, 539, 51, 0, 0
16:20:15, 1078.60, 31.42, 32.13, 28.773, 147, 180, 335, 654, 1128, 1431, 2001, 2436, 3676, 361, 0, 0, 16, 15, 21, 45, 108, 162, 253, 323, 444, 42, 0, 0
16:20:15, 1081.70, 31.41, 32.17, 28.773, 138, 165, 301, 599, 1092, 1402, 1950, 2401, 3734, 366, 0, 0, 15, 13, 19, 40, 99, 151, 238, 305, 420, 39, 0, 0
16:20:16, 1085.90, 31.40, 32.17, 28.766, 123, 142, 253, 515, 933, 1220, 1717, 2148, 3175, 304, 0, 0, 13, 12, 16, 34, 87, 134, 215, 277, 368, 35, 0, 0
16:20:17, 1090.90, 31.39, 32.13, 28.766, 109, 124, 221, 452, 878, 1168, 1641, 2075, 3114, 294, 0, 0, 12, 11, 14, 30, 76, 119, 194, 252, 336, 31, 0, 0
16:20:17, 1100.60, 31.38, 32.15, 28.766, 89, 96, 165, 345, 659, 901, 1293, 1642, 2278, 206, 0, 0, 10, 9, 11, 23, 62, 100, 166, 219, 275, 25, 0, 0
16:20:18, 1106.00, 31.37, 32.13, 28.758, 72, 75, 124, 263, 519, 729, 1075, 1374, 1783, 156, 0, 0, 8, 7, 9, 18, 53, 88, 149, 199, 237, 22, 0, 0
16:20:19, 1107.80, 31.37, 32.17, 28.758, 67, 69, 112, 237, 507, 714, 1061, 1364, 1733, 150, 0, 0, 8, 7, 9, 18, 53, 87, 149, 199, 237, 22, 0, 0
16:20:19, 1108.90, 31.36, 32.15, 28.758, 67, 69, 111, 236, 502, 717, 1057, 1376, 1883, 165, 0, 0, 8, 7, 9, 18, 52, 87, 148, 199, 231, 21, 0, 0
16:20:20, 1108.40, 31.35, 32.15, 28.742, 65, 67, 107, 226, 481, 677, 1026, 1297, 1554, 133, 0, 0, 9, 8, 10, 19, 54, 90, 154, 206, 242, 22, 0, 0
16:20:21, 1109.00, 31.34, 32.13, 28.750, 67, 70, 112, 238, 514, 726, 1086, 1395, 1752, 150, 0, 0, 8, 8, 9, 18, 51, 85, 146, 196, 234, 21, 0, 0
16:20:21, 1113.20, 31.32, 32.15, 28.750, 68, 69, 110, 234, 500, 724, 1059, 1409, 2084, 184, 0, 0, 8, 7, 8, 16, 48, 80, 138, 187, 219, 20, 0, 0
16:20:22, 1115.90, 31.31, 32.19, 28.742, 60, 60, 94, 199, 457, 671, 995, 1323, 1806, 155, 0, 0, 8, 7, 8, 16, 46, 77, 135, 182, 213, 19, 0, 0
16:20:23, 1121.50, 31.30, 32.15, 28.750, 61, 62, 94, 201, 439, 650, 962, 1297, 1887, 163, 0, 0, 7, 6, 7, 14, 42, 71, 124, 169, 203, 18, 0, 0
16:20:23, 1126.80, 31.29, 32.15, 28.750, 52, 51, 76, 161, 374, 559, 860, 1131, 1370, 114, 0, 0, 7, 6, 7, 13, 38, 65, 115, 158, 186, 17, 0, 0
16:20:24, 1129.00, 31.29, 32.11, 28.742, 46, 46, 66, 139, 313, 474, 745, 983, 1119, 92, 0, 0, 6, 5, 6, 11, 35, 61, 111, 154, 169, 15, 0, 0
16:20:25, 1132.10, 31.28, 32.15, 28.742, 44, 44, 62, 131, 332, 505, 781, 1055, 1277, 107, 0, 0, 6, 5, 6, 11, 33, 58, 105, 145, 170, 15, 0, 0
16:20:25, 1137.00, 31.27, 32.20, 28.742, 44, 43, 60, 126, 305, 473, 732, 1000, 1258, 105, 0, 0, 5, 5, 5, 10, 30, 52, 96, 134, 154, 14, 0, 0
16:20:26, 1139.20, 31.26, 32.13, 28.742, 39, 38, 53, 110, 270, 427, 671, 924, 1135, 94, 0, 0, 5, 4, 5, 9, 28, 50, 93, 130, 143, 13, 0, 0
16:20:27, 1139.80, 31.25, 32.11, 28.750, 38, 37, 51, 107, 273, 427, 673, 918, 1081, 89, 0, 0, 5, 4, 5, 9, 29, 51, 94, 131, 145, 13, 0, 0
16:20:27, 1144.30, 31.24, 32.13, 28.750, 38, 37, 50, 105, 261, 413, 652, 907, 1193, 102, 0, 0, 4, 4, 4, 8, 26, 46, 86, 120, 135, 12, 0, 0
16:20:28, 1150.20, 31.23, 32.17, 28.734, 34, 33, 44, 90, 226, 364, 585, 817, 994, 82, 0, 0, 4, 3, 4, 7, 23, 41, 78, 110, 119, 10, 0, 0
16:20:29, 1155.20, 31.22, 32.13, 28.758, 30, 30, 39, 78, 202, 329, 536, 750, 894, 74, 0, 0, 4, 3, 3, 6, 20, 38, 72, 103, 112, 10, 0, 0
16:20:29, 1160.30, 31.22, 32.15, 28.758, 27, 27, 34, 68, 183, 302, 498, 702, 842, 70, 0, 0, 3, 3, 3, 5, 19, 34, 67, 96, 106, 9, 0, 0
16:20:30, 1161.50, 31.21, 32.13, 28.742, 25, 24, 31, 60, 164, 272, 456, 637, 702, 58, 0, 0, 3, 3, 3, 5, 18, 34, 67, 96, 103, 9, 0, 0
16:20:31, 1163.10, 31.20, 32.19, 28.742, 24, 23, 29, 58, 156, 261, 437, 621, 701, 58, 0, 0, 3, 3, 3, 5, 17, 32, 64, 94, 100, 9, 0, 0
16:20:31, 1164.10, 31.19, 32.13, 28.742, 23, 22, 28, 55, 150, 252, 426, 604, 669, 55, 0, 0, 3, 3, 3, 5, 17, 32, 63, 92, 99, 9, 0, 0
16:20:32, 1168.40, 31.18, 32.15, 28.719, 23, 22, 27, 53, 147, 246, 417, 591, 702, 58, 0, 0, 3, 3, 3, 5, 16, 30, 60, 87, 95, 8, 0, 0
16:20:33, 1171.30, 31.17, 32.15, 28.711, 20, 20, 24, 46, 127, 218, 377, 534, 576, 47, 0, 0, 3, 2, 2, 4, 14, 27, 56, 82, 86, 7, 0, 0
16:20:33, 1174.20, 31.17, 32.17, 28.711, 19, 19, 23, 45, 125, 214, 372, 528, 580, 47, 0, 0, 3, 2, 2, 4, 14, 26, 54, 80, 84, 7, 0, 0
16:20:34, 1176.20, 31.16, 32.17, 28.703, 18, 18, 22, 41, 116, 199, 349, 498, 522, 42, 0, 0, 3, 2, 2, 4, 13, 26, 53, 78, 82, 7, 0, 0
16:20:35, 1175.20, 31.15, 32.17, 28.703, 18, 17, 21, 40, 110, 191, 336, 478, 498, 41, 0, 0, 3, 2, 2, 4, 13, 26, 54, 80, 81, 7, 0, 0
16:20:35, 1176.30, 31.14, 32.15, 28.703, 18, 18, 22, 40, 115, 199, 348, 499, 569, 47, 0, 0, 3, 2, 2, 4, 13, 26, 53, 79, 81, 7, 0, 0
16:20:36, 1176.80, 31.14, 32.15, 28.695, 18, 18, 21, 40, 113, 196, 346, 495, 560, 46, 0, 0, 3, 2, 2, 4, 13, 25, 53, 78, 80, 7, 0, 0
16:20:37, 1179.90, 31.13, 32.13, 28.695, 18, 18, 21, 39, 113, 196, 345, 493, 532, 44, 0, 0, 3, 2, 2, 4, 13, 25, 52, 77, 82, 7, 0, 0
16:20:37, 1187.60, 31.12, 32.15, 28.695, 16, 16, 19, 35, 98, 172, 305, 445, 555, 47, 0, 0, 2, 2, 2, 3, 11, 21, 44, 66, 67, 6, 0, 0
16:20:38, 1190.10, 31.11, 32.11, 28.695, 14, 14, 17, 29, 85, 151, 275, 400, 408, 33, 0, 0, 2, 1, 1, 3, 10, 20, 42, 64, 63, 5, 0, 0
16:20:39, 1194.20, 31.11, 32.15, 28.703, 14, 14, 16, 28, 82, 147, 266, 393, 455, 38, 0, 0, 2, 1, 1, 2, 9, 18, 39, 59, 61, 5, 0, 0
16:20:39, 1197.40, 31.10, 32.13, 28.703, 13, 12, 15, 24, 73, 133, 246, 361, 371, 31, 0, 0, 2, 1, 1, 2, 8, 17, 36, 55, 56, 5, 0, 0
16:20:40, 1200.30, 31.09, 32.15, 28.703, 12, 12, 14, 23, 69, 126, 233, 345, 389, 33, 0, 0, 1, 1, 1, 2, 8, 15, 34, 52, 51, 4, 0, 0
16:20:41, 1202.40, 31.09, 32.15, 28.703, 11, 11, 13, 22, 64, 118, 221, 327, 345, 29, 0, 0, 1, 1, 1, 2, 7, 14, 32, 49, 48, 4, 0, 0
16:20:41, 1207.50, 31.08, 32.13, 28.711, 10, 10, 12, 20, 61, 112, 211, 313, 343, 29, 0, 0, 1, 1, 1, 2, 7, 13, 30, 46, 47, 4, 0, 0
16:20:42, 1212.10, 31.08, 32.15, 28.711, 10, 9, 11, 18, 54, 101, 193, 289, 301, 25, 0, 0, 1, 1, 1, 1, 6, 12, 28, 43, 44, 3, 0, 0
16:20:43, 1219.10, 31.07, 32.15, 28.711, 8, 8, 10, 16, 46, 86, 167, 253, 274, 23, 0, 0, 1, 1, 0, 1, 5, 10, 23, 37, 36, 3, 0, 0
16:20:43, 1222.20, 31.06, 32.13, 28.719, 7, 7, 9, 13, 40, 76, 150, 229, 237, 20, 0, 0, 1, 0, 0, 1, 4, 9, 22, 35, 33, 2, 0, 0
16:20:44, 1226.90, 31.06, 32.17, 28.734, 7, 7, 8, 12, 37, 71, 141, 217, 232, 20, 0, 0, 1, 0, 0, 1, 4, 9, 20, 33, 32, 2, 0, 0
16:20:45, 1231.20, 31.05, 32.13, 28.734, 6, 6, 7, 11, 33, 64, 129, 198, 196, 16, 0, 0, 1, 0, 0, 1, 4, 8, 19, 31, 29, 2, 0, 0
16:20:45, 1237.10, 31.05, 32.13, 28.727, 5, 5, 6, 9, 28, 55, 113, 175, 185, 16, 0, 0, 1, 0, 0, 1, 3, 7, 16, 27, 25, 2, 0, 0
16:20:46, 1241.80, 31.04, 32.15, 28.734, 5, 5, 6, 9, 25, 51, 105, 163, 159, 13, 0, 0, 0, 0, 0, 0, 3, 6, 15, 24, 23, 1, 0, 0
16:20:47, 1243.30, 31.03, 32.15, 28.734, 4, 4, 5, 8, 23, 45, 96, 149, 144, 12, 0, 0, 0, 0, 0, 0, 2, 6, 14, 24, 22, 1, 0, 0
16:20:47, 1244.40, 31.03, 32.13, 28.727, 4, 4, 5, 8, 23, 46, 96, 151, 150, 13, 0, 0, 0, 0, 0, 0, 3, 5, 14, 23, 22, 1, 0, 0
16:20:48, 1245.70, 31.02, 32.15, 28.734, 4, 4, 5, 7, 21, 42, 89, 141, 150, 13, 0, 0, 0, 0, 0, 0, 2, 5, 13, 22, 21, 1, 0, 0
16:20:49, 1246.00, 31.02, 32.13, 28.734, 4, 4, 5, 7, 22, 44, 92, 144, 146, 12, 0, 0, 0, 0, 0, 0, 2, 5, 14, 23, 21, 1, 0, 0
16:20:49, 1252.50, 31.01, 32.15, 28.727, 4, 4, 5, 7, 20, 41, 87, 137, 153, 13, 0, 0, 0, 0, 0, 0, 2, 5, 13, 21, 21, 1, 0, 0
16:20:50, 1262.10, 31.01, 32.13, 28.719, 3, 3, 4, 6, 16, 33, 73, 117, 116, 10, 0, 0, 0, 0, 0, 0, 2, 4, 10, 17, 16, 1, 0, 0
16:20:51, 1267.30, 31.00, 32.15, 28.719, 3, 3, 4, 5, 13, 28, 62, 101, 96, 8, 0, 0, 0, 0, 0, 0, 1, 3, 9, 16, 14, 1, 0, 0
16:20:51, 1265.00, 30.99, 32.13, 28.711, 2, 2, 3, 4, 12, 26, 58, 94, 81, 7, 0, 0, 0, 0, 0, 0, 1, 3, 9, 16, 14, 1, 0, 0
16:20:52, 1267.20, 30.98, 32.15, 28.703, 3, 3, 4, 5, 13, 28, 63, 102, 103, 9, 0, 0, 0, 0, 0, 0, 1, 3, 9, 16, 15, 1, 0, 0
16:20:53, 1273.80, 30.98, 32.15, 28.703, 2, 2, 3, 4, 12, 25, 56, 92, 98, 9, 0, 0, 0, 0, 0, 0, 1, 3, 8, 14, 12, 0, 0, 0
16:20:53, 1279.60, 30.97, 32.15, 28.703, 2, 2, 3, 4, 10, 22, 51, 84, 82, 7, 0, 0, 0, 0, 0, 0, 1, 2, 7, 12, 11, 0, 0, 0
16:20:54, 1281.90, 30.96, 32.17, 28.703, 2, 2, 3, 3, 9, 20, 46, 76, 69, 6, 0, 0, 0, 0, 0, 0, 1, 2, 6, 12, 10, 0, 0, 0
16:20:55, 1284.90, 30.95, 32.13, 28.703, 3, 2, 3, 3, 9, 19, 44, 74, 75, 6, 0, 0, 0, 0, 0, 0, 1, 2, 6, 11, 10, 0, 0, 0
16:20:55, 1288.10, 30.95, 32.15, 28.711, 2, 2, 2, 3, 8, 18, 42, 70, 70, 6, 0, 0, 0, 0, 0, 0, 1, 2, 6, 10, 9, 0, 0, 0
16:20:56, 1290.30, 30.94, 32.13, 28.719, 2, 2, 2, 3, 8, 17, 40, 67, 60, 5, 0, 0, 0, 0, 0, 0, 1, 2, 5, 10, 9, 0, 0, 0
16:20:57, 1297.10, 30.93, 32.17, 28.719, 1, 1, 2, 3, 7, 16, 38, 64, 64, 6, 0, 0, 0, 0, 0, 0, 1, 2, 5, 10, 9, 0, 0, 0
16:20:57, 1303.90, 30.93, 32.15, 28.711, 1, 1, 2, 2, 6, 13, 32, 55, 47, 4, 0, 0, 0, 0, 0, 0, 0, 1, 4, 8, 7, 0, 0, 0
16:20:58, 1311.60, 30.92, 32.13, 28.719, 1, 1, 2, 2, 5, 12, 29, 49, 47, 4, 0, 0, 0, 0, 0, 0, 0, 1, 4, 7, 6, 0, 0, 0
16:20:59, 1314.80, 30.91, 32.15, 28.719, 1, 1, 2, 2, 4, 10, 26, 45, 37, 3, 0, 0, 0, 0, 0, 0, 0, 1, 3, 7, 6, 0, 0, 0
16:20:59, 1314.30, 30.90, 32.11, 28.711, 1, 1, 2, 2, 4, 10, 26, 45, 37, 3, 0, 0, 0, 0, 0, 0, 0, 1, 4, 7, 6, 0, 0, 0
16:21:00, 1313.40, 30.89, 32.13, 28.719, 1, 1, 2, 2, 5, 12, 30, 52, 42, 4, 0, 0, 0, 0, 0, 0, 0, 1, 4, 8, 7, 0, 0, 0
16:21:01, 1317.40, 30.89, 32.13, 28.719, 1, 1, 2, 2, 6, 13, 33, 57, 53, 5, 0, 0, 0, 0, 0, 0, 0, 1, 4, 8, 7, 0, 0, 0
16:21:01, 1321.10, 30.88, 32.13, 28.711, 1, 1, 2, 2, 4, 11, 28, 48, 45, 4, 0, 0, 0, 0, 0, 0, 0, 1, 4, 7, 6, 0, 0, 0
16:21:02, 1323.50, 30.87, 32.11, 28.711, 1, 1, 2, 2, 5, 11, 28, 49, 46, 4, 0, 0, 0, 0, 0, 0, 0, 1, 3, 7, 6, 0, 0, 0
16:21:03, 1324.30, 30.87, 32.13, 28.711, 1, 1, 2, 2, 5, 12, 31, 53, 50, 4, 0, 0, 0, 0, 0, 0, 0, 1, 4, 7, 6, 0, 0, 0
16:21:03, 1323.50, 30.86, 32.15, 28.719, 1, 1, 2, 2, 5, 11, 30, 52, 43, 4, 0, 0, 0, 0, 0, 0, 0, 1, 3, 7, 6, 0, 0, 0
16:21:04, 1323.90, 30.86, 32.17, 28.734, 1, 1, 2, 2, 4, 11, 28, 49, 42, 4, 0, 0, 0, 0, 0, 0, 0, 1, 3, 7, 6, 0, 0, 0
16:21:05, 1324.60, 30.85, 32.13, 28.734, 1, 1, 2, 2, 5, 11, 28, 48, 39, 3, 0, 0, 0, 0, 0, 0, 0, 1, 4, 7, 6, 0, 0, 0
16:21:05, 1328.50, 30.85, 32.17, 28.734, 1, 1, 2, 2, 5, 11, 28, 50, 44, 4, 0, 0, 0, 0, 0, 0, 0, 1, 4, 7, 6, 0, 0, 0
16:21:06, 1332.60, 30.85, 32.13, 28.742, 1, 1, 2, 2, 5, 11, 30, 53, 49, 4, 0, 0, 0, 0, 0, 0, 0, 1, 4, 7, 7, 0, 0, 0
16:21:07, 1332.10, 30.84, 32.13, 28.742, 1, 1, 2, 2, 5, 12, 33, 58, 49, 4, 0, 0, 0, 0, 0, 0, 0, 1, 5, 9, 8, 0, 0, 0
16:21:07, 1331.80, 30.84, 32.15, 28.742, 1, 1, 2, 2, 6, 14, 37, 64, 52, 4, 0, 0, 0, 0, 0, 0, 0, 1, 5, 10, 9, 0, 0, 0
16:21:08, 1336.30, 30.84, 32.17, 28.742, 2, 2, 2, 3, 7, 17, 44, 79, 76, 7, 0, 0, 0, 0, 0, 0, 1, 2, 7, 13, 11, 0, 0, 0
16:21:09, 1343.50, 30.83, 32.15, 28.742, 2, 2, 3, 3, 8, 18, 48, 89, 94, 8, 0, 0, 0, 0, 0, 0, 1, 2, 6, 13, 11, 0, 0, 0
16:21:09, 1346.70, 30.83, 32.13, 28.742, 1, 2, 2, 3, 5, 13, 35, 64, 61, 5, 0, 0, 0, 0, 0, 0, 0, 1, 3, 6, 5, 0, 0, 0
16:21:10, 1347.80, 30.83, 32.13, 28.742, 0, 0, 1, 1, 2, 6, 18, 33, 29, 3, 0, 0, 0, 0, 0, 0, 0, 0, 2, 4, 4, 0, 0, 0
16:21:11, 1347.10, 30.82, 32.19, 28.742, 0, 0, 1, 1, 3, 6, 19, 33, 29, 3, 0, 0, 0, 0, 0, 0, 0, 0, 2, 5, 4, 0, 0, 0
16:21:11, 1347.80, 30.82, 32.15, 28.742, 0, 0, 1, 1, 3, 7, 19, 34, 29, 3, 0, 0, 0, 0, 0, 0, 0, 0, 2, 4, 4, 0, 0, 0
16:21:12, 1350.60, 30.81, 32.13, 28.742, 0, 0, 1, 1, 2, 6, 17, 30, 27, 2, 0, 0, 0, 0, 0, 0, 0, 0, 2, 4, 3, 0, 0, 0
16:21:13, 1351.80, 30.81, 32.11, 28.742, 0, 0, 1, 1, 2, 5, 15, 27, 23, 2, 0, 0, 0, 0, 0, 0, 0, 0, 1, 4, 3, 0, 0, 0
16:21:13, 1351.90, 30.81, 32.15, 28.742, 0, 0, 1, 1, 2, 5, 14, 25, 23, 2, 0, 0, 0, 0, 0, 0, 0, 0, 1, 3, 3, 0, 0, 0
16:21:14, 1349.10, 30.81, 32.13, 28.742, 0, 0, 1, 1, 2, 5, 14, 26, 22, 2, 0, 0, 0, 0, 0, 0, 0, 0, 1, 4, 3, 0, 0, 0
16:21:15, 1348.10, 30.81, 32.13, 28.742, 0, 0, 1, 1, 2, 5, 15, 26, 23, 2, 0, 0, 0, 0, 0, 0, 0, 0, 2, 4, 3, 0, 0, 0
16:21:15, 1346.50, 30.81, 32.13, 28.734, 0, 0, 1, 1, 2, 5, 15, 27, 22, 2, 0, 0, 0, 0, 0, 0, 0, 0, 2, 4, 3, 0, 0, 0
16:21:16, 1347.40, 30.81, 32.13, 28.734, 0, 0, 1, 1, 2, 5, 15, 28, 24, 2, 0, 0, 0, 0, 0, 0, 0, 0, 2, 4, 3, 0, 0, 0
16:21:17, 1348.20, 30.80, 32.15, 28.727, 0, 0, 1, 1, 2, 5, 15, 27, 23, 2, 0, 0, 0, 0, 0, 0, 0, 0, 1, 4, 3, 0, 0, 0
16:21:17, 1350.70, 30.80, 32.19, 28.734, 0, 0, 1, 1, 2, 5, 14, 26, 24, 2, 0, 0, 0, 0, 0, 0, 0, 0, 1, 4, 3, 0, 0, 0
16:21:18, 1354.60, 30.80, 32.15, 28.734, 0, 0, 1, 1, 2, 5, 14, 24, 24, 2, 0, 0, 0, 0, 0, 0, 0, 0, 1, 3, 3, 0, 0, 0
16:21:19, 1356.50, 30.80, 32.13, 28.734, 0, 0, 1, 1, 2, 4, 13, 24, 21, 2, 0, 0, 0, 0, 0, 0, 0, 0, 1, 3, 2, 0, 0, 0
16:21:19, 1357.60, 30.79, 32.13, 28.750, 0, 0, 1, 1, 1, 4, 13, 24, 21, 2, 0, 0, 0, 0, 0, 0, 0, 0, 1, 3, 2, 0, 0, 0
16:21:20, 1358.40, 30.79, 32.11, 28.750, 0, 0, 1, 1, 2, 4, 13, 24, 21, 2, 0, 0, 0, 0, 0, 0, 0, 0, 1, 3, 2, 0, 0, 0
16:21:21, 1359.80, 30.78, 32.15, 28.742, 0, 0, 1, 1, 2, 4, 13, 24, 21, 2, 0, 0, 0, 0, 0, 0, 0, 0, 1, 3, 2, 0, 0, 0
16:21:21, 1361.80, 30.77, 32.09, 28.750, 0, 0, 1, 1, 1, 4, 13, 23, 21, 2, 0, 0, 0, 0, 0, 0, 0, 0, 1, 3, 2, 0, 0, 0
16:21:22, 1365.40, 30.77, 32.17, 28.750, 0, 0, 1, 1, 1, 4, 12, 22, 20, 2, 0, 0, 0, 0, 0, 0, 0, 0, 1, 3, 2, 0, 0, 0
16:21:23, 1368.60, 30.76, 32.13, 28.742, 0, 0, 1, 1, 1, 4, 11, 21, 18, 2, 0, 0, 0, 0, 0, 0, 0, 0, 1, 3, 2, 0, 0, 0
16:21:24, 1372.00, 30.76, 32.11, 28.734, 0, 0, 1, 1, 1, 3, 11, 20, 17, 2, 0, 0, 0, 0, 0, 0, 0, 0, 1, 3, 2, 0, 0, 0
16:21:24, 1373.60, 30.76, 32.11, 28.734, 0, 0, 1, 0, 1, 3, 11, 20, 17, 1, 0, 0, 0, 0, 0, 0, 0, 0, 1, 2, 2, 0, 0, 0
16:21:25, 1374.60, 30.76, 32.13, 28.742, 0, 0, 1, 1, 1, 3, 11, 20, 17, 2, 0, 0, 0, 0, 0, 0, 0, 0, 1, 2, 2, 0, 0, 0
16:21:26, 1375.10, 30.76, 32.13, 28.750, 0, 0, 1, 1, 1, 3, 11, 20, 17, 2, 0, 0, 0, 0, 0, 0, 0, 0, 1, 3, 2, 0, 0, 0
16:21:26, 1378.00, 30.75, 32.15, 28.750, 0, 0, 1, 1, 1, 3, 11, 21, 18, 2, 0, 0, 0, 0, 0, 0, 0, 0, 1, 3, 2, 0, 0, 0
16:21:27, 1382.70, 30.75, 32.11, 28.750, 0, 0, 1, 1, 1, 3, 10, 18, 16, 1, 0, 0, 0, 0, 0, 0, 0, 0, 1, 2, 2, 0, 0, 0
16:21:28, 1386.80, 30.75, 32.13, 28.750, 0, 0, 1, 1, 1, 3, 10, 18, 15, 1, 0, 0, 0, 0, 0, 0, 0, 0, 1, 2, 2, 0, 0, 0
16:21:28, 1391.90, 30.74, 32.13, 28.750, 0, 0, 1, 1, 1, 3, 9, 16, 15, 1, 0, 0, 0, 0, 0, 0, 0, 0, 0, 2, 1, 0, 0, 0
16:21:29, 1392.80, 30.74, 32.13, 28.750, 0, 0, 1, 1, 1, 3, 9, 17, 15, 1, 0, 0, 0, 0, 0, 0, 0, 0, 1, 2, 2, 0, 0, 0
16:21:30, 1393.60, 30.74, 32.15, 28.750, 0, 0, 1, 1, 2, 4, 14, 27, 22, 2, 0, 0, 0, 0, 0, 0, 0, 0, 2, 4, 3, 0, 0, 0
16:21:30, 1397.00, 30.74, 32.11, 28.750, 0, 0, 1, 1, 2, 6, 19, 36, 30, 3, 0, 0, 0, 0, 0, 0, 0, 0, 2, 5, 4, 0, 0, 0
16:21:31, 1401.30, 30.74, 32.13, 28.750, 0, 0, 1, 1, 2, 6, 19, 36, 32, 3, 0, 0, 0, 0, 0, 0, 0, 0, 2, 5, 4, 0, 0, 0
16:21:32, 1402.60, 30.73, 32.11, 28.750, 1, 1, 1, 1, 2, 6, 21, 40, 33, 3, 0, 0, 0, 0, 0, 0, 0, 0, 2, 5, 4, 0, 0, 0
16:21:32, 1403.80, 30.73, 32.19, 28.750, 0, 1, 1, 1, 2, 6, 21, 40, 35, 3, 0, 0, 0, 0, 0, 0, 0, 0, 2, 5, 4, 0, 0, 0
16:21:33, 1404.20, 30.73, 32.11, 28.727, 1, 1, 1, 0, 3, 7, 22, 41, 34, 3, 0, 0, 0, 0, 0, 0, 0, 0, 2, 6, 4, 0, 0, 0
16:21:34, 1402.20, 30.72, 32.13, 28.742, 1, 1, 1, 1, 3, 7, 22, 42, 33, 3, 0, 0, 0, 0, 0, 0, 0, 0, 2, 6, 4, 0, 0, 0
16:21:34, 1403.00, 30.71, 32.15, 28.742, 1, 1, 1, 1, 3, 6, 21, 40, 33, 3, 0, 0, 0, 0, 0, 0, 0, 0, 2, 6, 4, 0, 0, 0
16:21:35, 1403.50, 30.71, 32.11, 28.727, 0, 1, 1, 1, 2, 6, 20, 38, 29, 3, 0, 0, 0, 0, 0, 0, 0, 0, 2, 5, 4, 0, 0, 0
16:21:36, 1406.70, 30.70, 32.11, 28.727, 0, 1, 1, 1, 2, 6, 19, 37, 31, 3, 0, 0, 0, 0, 0, 0, 0, 0, 2, 5, 4, 0, 0, 0
16:21:36, 1407.50, 30.70, 32.15, 28.727, 0, 0, 1, 1, 2, 5, 18, 34, 28, 2, 0, 0, 0, 0, 0, 0, 0, 0, 2, 5, 4, 0, 0, 0
16:21:37, 1408.40, 30.70, 32.11, 28.727, 0, 0, 1, 1, 2, 5, 18, 34, 28, 2, 0, 0, 0, 0, 0, 0, 0, 0, 2, 5, 4, 0, 0, 0
16:21:38, 1407.80, 30.69, 32.15, 28.734, 0, 0, 1, 1, 2, 5, 18, 34, 26, 2, 0, 0, 0, 0, 0, 0, 0, 0, 2, 5, 4, 0, 0, 0
16:21:38, 1411.30, 30.69, 32.11, 28.734, 0, 0, 1, 1, 2, 5, 17, 34, 29, 3, 0, 0, 0, 0, 0, 0, 0, 0, 2, 4, 3, 0, 0, 0
16:21:39, 1414.60, 30.69, 32.19, 28.734, 0, 0, 1, 1, 1, 4, 14, 28, 24, 2, 0, 0, 0, 0, 0, 0, 0, 0, 1, 4, 3, 0, 0, 0
16:21:40, 1416.60, 30.68, 32.13, 28.742, 0, 0, 1, 1, 1, 4, 14, 27, 23, 2, 0, 0, 0, 0, 0, 0, 0, 0, 1, 4, 3, 0, 0, 0
16:21:40, 1417.40, 30.68, 32.13, 28.742, 0, 0, 1, 1, 1, 3, 13, 25, 20, 2, 0, 0, 0, 0, 0, 0, 0, 0, 1, 3, 3, 0, 0, 0
16:21:41, 1416.90, 30.68, 32.15, 28.734, 0, 0, 1, 1, 2, 4, 15, 30, 24, 2, 0, 0, 0, 0, 0, 0, 0, 0, 2, 4, 3, 0, 0, 0
16:21:42, 1415.20, 30.67, 32.13, 28.734, 0, 0, 1, 1, 2, 5, 17, 32, 25, 2, 0, 0, 0, 0, 0, 0, 0, 0, 2, 4, 3, 0, 0, 0
16:21:42, 1417.20, 30.67, 32.15, 28.734, 0, 0, 1, 1, 2, 5, 16, 31, 27, 2, 0, 0, 0, 0, 0, 0, 0, 0, 2, 4, 3, 0, 0, 0
16:21:43, 1417.10, 30.66, 32.17, 28.734, 0, 0, 1, 1, 1, 4, 13, 26, 21, 2, 0, 0, 0, 0, 0, 0, 0, 0, 1, 3, 2, 0, 0, 0
16:21:44, 1416.40, 30.66, 32.13, 28.742, 0, 0, 1, 1, 1, 4, 13, 25, 20, 2, 0, 0, 0, 0, 0, 0, 0, 0, 1, 4, 3, 0, 0, 0
16:21:44, 1414.20, 30.66, 32.13, 28.742, 0, 0, 1, 1, 1, 4, 15, 28, 23, 2, 0, 0, 0, 0, 0, 0, 0, 0, 2, 4, 3, 0, 0, 0
16:21:45, 1413.70, 30.66, 32.15, 28.734, 0, 0, 1, 1, 2, 5, 16, 30, 25, 2, 0, 0, 0, 0, 0, 0, 0, 0, 1, 4, 3, 0, 0, 0
16:21:46, 1414.70, 30.66, 32.15, 28.734, 1, 0, 1, 1, 2, 4, 15, 29, 24, 2, 0, 0, 0, 0, 0, 0, 0, 0, 2, 4, 3, 0, 0, 0
16:21:46, 1416.50, 30.65, 32.11, 28.734, 0, 0, 1, 1, 2, 5, 16, 31, 26, 2, 0, 0, 0, 0, 0, 0, 0, 0, 2, 4, 3, 0, 0, 0
16:21:47, 1417.90, 30.65, 32.13, 28.734, 0, 0, 1, 1, 3, 4, 16, 30, 24, 2, 0, 0, 0, 0, 0, 0, 0, 0, 2, 4, 3, 0, 0, 0
16:21:48, 1416.20, 30.65, 32.13, 28.734, 0, 0, 1, 1, 3, 4, 16, 31, 24, 2, 0, 0, 0, 0, 0, 0, 0, 0, 2, 4, 3, 0, 0, 0
16:21:48, 1414.60, 30.64, 32.13, 28.734, 0, 0, 1, 1, 3, 5, 16, 31, 24, 2, 0, 0, 0, 0, 0, 0, 0, 0, 2, 5, 3, 0, 0, 0
16:21:49, 1416.20, 30.64, 32.13, 28.734, 0, 0, 1, 1, 2, 5, 16, 32, 29, 3, 0, 0, 0, 0, 0, 0, 0, 0, 2, 4, 3, 0, 0, 0
16:21:50, 1419.50, 30.63, 32.13, 28.734, 0, 0, 1, 1, 2, 5, 16, 31, 28, 2, 0, 0, 0, 0, 0, 0, 0, 0, 2, 4, 3, 0, 0, 0
16:21:50, 1420.60, 30.63, 32.11, 28.727, 0, 0, 1, 1, 2, 4, 15, 30, 25, 2, 0, 0, 0, 0, 0, 0, 0, 0, 2, 4, 3, 0, 0, 0
16:21:51, 1421.30, 30.63, 32.13, 28.711, 0, 0, 1, 1, 1, 4, 15, 29, 23, 2, 0, 0, 0, 0, 0, 0, 0, 0, 1, 4, 3, 0, 0, 0
16:21:52, 1419.70, 30.62, 32.13, 28.711, 0, 0, 1, 1, 1, 3, 10, 20, 15, 1, 0, 0, 0, 0, 0, 0, 0, 0, 1, 2, 2, 0, 0, 0
16:21:52, 1420.70, 30.62, 32.13, 28.703, 0, 0, 1, 1, 1, 2, 9, 18, 14, 1, 0, 0, 0, 0, 0, 0, 0, 0, 0, 2, 1, 0, 0, 0
16:21:53, 1420.70, 30.62, 32.13, 28.703, 0, 0, 1, 1, 0, 1, 6, 12, 9, 1, 0, 0, 0, 0, 0, 0, 0, 0, 0, 1, 1, 0, 0, 0
16:21:54, 1422.30, 30.62, 32.11, 28.703, 0, 0, 1, 1, 0, 1, 5, 10, 9, 1, 0, 0, 0, 0, 0, 0, 0, 0, 0, 1, 1, 0, 0, 0
16:21:54, 1421.70, 30.62, 32.15, 28.687, 0, 0, 1, 1, 0, 2, 7, 13, 10, 1, 0, 0, 0, 0, 0, 0, 0, 0, 0, 2, 1, 0, 0, 0
16:21:55, 1423.00, 30.61, 32.13, 28.703, 1, 0, 1, 1, 0, 2, 8, 15, 13, 1, 0, 0, 0, 0, 0, 0, 0, 0, 1, 2, 2, 0, 0, 0
16:21:56, 1423.80, 30.61, 32.17, 28.703, 0, 0, 1, 1, 0, 2, 8, 15, 12, 1, 0, 0, 0, 0, 0, 0, 0, 0, 0, 2, 1, 0, 0, 0
16:21:56, 1427.70, 30.61, 32.11, 28.687, 0, 0, 1, 1, 0, 2, 7, 14, 13, 1, 0, 0, 0, 0, 0, 0, 0, 0, 0, 2, 2, 0, 0, 0
16:21:57, 1429.50, 30.61, 32.13, 28.695, 0, 0, 1, 1, 0, 2, 8, 15, 13, 1, 0, 0, 0, 0, 0, 0, 0, 0, 0, 2, 1, 0, 0, 0
16:21:58, 1429.90, 30.61, 32.13, 28.695, 0, 0, 1, 0, 0, 1, 5, 10, 8, 1, 0, 0, 0, 0, 0, 0, 0, 0, 0, 1, 0, 0, 0, 0
16:21:58, 1430.20, 30.61, 32.11, 28.695, 0, 0, 0, 1, 0, 1, 4, 8, 7, 1, 0, 0, 0, 0, 0, 0, 0, 0, 0, 1, 0, 0, 0, 0
16:21:59, 1431.30, 30.60, 32.09, 28.703, 1, 0, 0, 1, 0, 1, 4, 8, 7, 1, 0, 0, 0, 0, 0, 0, 0, 0, 0, 1, 0, 0, 0, 0
16:22:00, 1431.10, 30.60, 32.09, 28.703, 0, 0, 0, 1, 0, 1, 4, 7, 6, 1, 0, 0, 0, 0, 0, 0, 0, 0, 0, 1, 0, 0, 0, 0
16:22:00, 1436.20, 30.60, 32.15, 28.695, 0, 0, 0, 1, 0, 0, 3, 6, 5, 1, 0, 0, 0, 0, 0, 0, 0, 0, 0, 0, 0, 0, 0, 0
16:22:01, 1439.40, 30.60, 32.11, 28.703, 0, 0, 0, 0, 0, 0, 3, 5, 4, 0, 0, 0, 0, 0, 0, 0, 0, 0, 0, 0, 0, 0, 0, 0
16:22:02, 1439.70, 30.60, 32.11, 28.703, 0, 0, 0, 0, 0, 0, 2, 5, 4, 0, 0, 0, 0, 0, 0, 0, 0, 0, 0, 0, 0, 0, 0, 0
16:22:02, 1441.80, 30.60, 32.13, 28.695, 0, 0, 0, 0, 0, 0, 2, 4, 4, 0, 0, 0, 0, 0, 0, 0, 0, 0, 0, 0, 0, 0, 0, 0
16:22:03, 1443.80, 30.60, 32.11, 28.695, 0, 0, 0, 0, 0, 0, 2, 4, 3, 0, 0, 0, 0, 0, 0, 0, 0, 0, 0, 0, 0, 0, 0, 0
16:22:04, 1443.40, 30.59, 32.13, 28.695, 0, 0, 0, 0, 0, 0, 2, 4, 3, 0, 0, 0, 0, 0, 0, 0, 0, 0, 0, 0, 0, 0, 0, 0
16:22:04, 1440.20, 30.59, 32.11, 28.687, 0, 0, 0, 0, 0, 0, 2, 4, 3, 0, 0, 0, 0, 0, 0, 0, 0, 0, 0, 0, 0, 0, 0, 0
16:22:05, 1439.70, 30.58, 32.13, 28.687, 0, 0, 0, 0, 0, 0, 2, 4, 3, 0, 0, 0, 0, 0, 0, 0, 0, 0, 0, 0, 0, 0, 0, 0
16:22:06, 1437.50, 30.58, 32.13, 28.687, 0, 0, 0, 0, 0, 0, 2, 4, 3, 0, 0, 0, 0, 0, 0, 0, 0, 0, 0, 0, 0, 0, 0, 0
16:22:06, 1438.50, 30.57, 32.11, 28.687, 0, 0, 0, 0, 0, 0, 2, 4, 4, 0, 0, 0, 0, 0, 0, 0, 0, 0, 0, 0, 0, 0, 0, 0
16:22:07, 1440.00, 30.57, 32.09, 28.695, 0, 0, 0, 0, 0, 0, 2, 4, 3, 0, 0, 0, 0, 0, 0, 0, 0, 0, 0, 0, 0, 0, 0, 0
16:22:08, 1437.60, 30.56, 32.15, 28.695, 0, 0, 0, 0, 0, 0, 2, 4, 3, 0, 0, 0, 0, 0, 0, 0, 0, 0, 0, 0, 0, 0, 0, 0
16:22:08, 1433.80, 30.56, 32.15, 28.687, 0, 0, 0, 0, 0, 0, 2, 4, 3, 0, 0, 0, 0, 0, 0, 0, 0, 0, 0, 0, 0, 0, 0, 0
16:22:09, 1425.60, 30.56, 32.11, 28.687, 0, 0, 0, 0, 0, 0, 2, 4, 3, 0, 0, 0, 0, 0, 0, 0, 0, 0, 0, 0, 0, 0, 0, 0
16:22:10, 1420.90, 30.55, 32.13, 28.687, 0, 0, 0, 0, 0, 0, 3, 5, 4, 0, 0, 0, 0, 0, 0, 0, 0, 0, 0, 0, 0, 0, 0, 0
16:22:10, 1418.40, 30.55, 32.11, 28.680, 0, 0, 0, 1, 1, 0, 3, 5, 4, 0, 0, 0, 0, 0, 0, 0, 0, 0, 0, 0, 0, 0, 0, 0
16:22:11, 1414.60, 30.55, 32.13, 28.695, 0, 0, 0, 1, 0, 0, 3, 6, 4, 0, 0, 0, 0, 0, 0, 0, 0, 0, 0, 0, 0, 0, 0, 0
16:22:12, 1405.90, 30.54, 32.13, 28.695, 0, 0, 0, 1, 0, 0, 3, 6, 4, 0, 0, 0, 0, 0, 0, 0, 0, 0, 0, 1, 0, 0, 0, 0
16:22:12, 1392.30, 30.55, 32.15, 28.695, 0, 0, 0, 1, 0, 0, 3, 6, 4, 0, 0, 0, 0, 0, 0, 0, 0, 0, 0, 1, 0, 0, 0, 0
16:22:13, 1388.90, 30.54, 32.11, 28.703, 1, 0, 0, 1, 0, 1, 4, 6, 4, 0, 0, 0, 0, 0, 0, 0, 0, 0, 0, 1, 1, 0, 0, 0
16:22:14, 1384.40, 30.54, 32.13, 28.703, 0, 0, 0, 1, 0, 1, 4, 8, 5, 1, 0, 0, 0, 0, 0, 0, 0, 0, 0, 1, 1, 0, 0, 0
16:22:14, 1377.70, 30.54, 32.13, 28.695, 0, 0, 0, 1, 0, 1, 4, 8, 6, 1, 0, 0, 0, 0, 0, 0, 0, 0, 0, 1, 1, 0, 0, 0
16:22:15, 1373.50, 30.54, 32.17, 28.703, 0, 0, 0, 1, 0, 1, 5, 9, 7, 1, 0, 0, 0, 0, 0, 0, 0, 0, 0, 1, 1, 0, 0, 0
16:22:16, 1371.90, 30.53, 32.11, 28.703, 0, 0, 1, 1, 0, 2, 6, 11, 9, 1, 0, 0, 0, 0, 0, 0, 0, 0, 0, 1, 1, 0, 0, 0
16:22:16, 1369.10, 30.53, 32.11, 28.703, 0, 0, 1, 0, 0, 2, 6, 11, 8, 1, 0, 0, 0, 0, 0, 0, 0, 0, 0, 2, 1, 0, 0, 0
16:22:17, 1363.50, 30.53, 32.13, 28.703, 0, 0, 1, 1, 0, 2, 6, 10, 8, 1, 0, 0, 0, 0, 0, 0, 0, 0, 0, 2, 1, 0, 0, 0
16:22:18, 1357.20, 30.52, 32.13, 28.703, 0, 0, 1, 1, 0, 2, 6, 12, 8, 1, 0, 0, 0, 0, 0, 0, 0, 0, 1, 2, 1, 0, 0, 0
16:22:18, 1351.80, 30.52, 32.13, 28.695, 0, 0, 1, 1, 1, 2, 7, 13, 8, 1, 0, 0, 0, 0, 0, 0, 0, 0, 1, 2, 2, 0, 0, 0
16:22:19, 1350.10, 30.51, 32.13, 28.703, 0, 0, 1, 1, 1, 2, 8, 14, 11, 1, 0, 0, 0, 0, 0, 0, 0, 0, 1, 2, 2, 0, 0, 0
16:22:20, 1352.80, 30.50, 32.15, 28.703, 0, 0, 1, 1, 1, 3, 9, 15, 14, 1, 0, 0, 0, 0, 0, 0, 0, 0, 1, 2, 2, 0, 0, 0
16:22:20, 1351.40, 30.50, 32.13, 28.687, 0, 0, 1, 1, 1, 3, 8, 15, 12, 1, 0, 0, 0, 0, 0, 0, 0, 0, 1, 2, 1, 0, 0, 0
16:22:21, 1348.00, 30.50, 32.15, 28.695, 0, 0, 1, 1, 1, 2, 7, 13, 9, 1, 0, 0, 0, 0, 0, 0, 0, 0, 1, 3, 2, 0, 0, 0
16:22:22, 1346.50, 30.50, 32.09, 28.695, 0, 0, 1, 1, 1, 2, 7, 14, 9, 1, 0, 0, 0, 0, 0, 0, 0, 0, 1, 3, 2, 0, 0, 0
16:22:22, 1346.40, 30.49, 32.11, 28.695, 0, 0, 1, 1, 1, 3, 9, 16, 12, 1, 0, 0, 0, 0, 0, 0, 0, 0, 1, 2, 2, 0, 0, 0
16:22:23, 1345.70, 30.48, 32.13, 28.695, 0, 0, 1, 0, 1, 3, 9, 16, 13, 1, 0, 0, 0, 0, 0, 0, 0, 0, 1, 2, 2, 0, 0, 0
16:22:24, 1341.60, 30.48, 32.13, 28.695, 0, 0, 1, 1, 1, 2, 8, 15, 11, 1, 0, 0, 0, 0, 0, 0, 0, 0, 1, 3, 2, 0, 0, 0
16:22:24, 1337.70, 30.47, 32.07, 28.695, 0, 0, 1, 1, 1, 3, 9, 16, 13, 1, 0, 0, 0, 0, 0, 0, 0, 0, 1, 3, 2, 0, 0, 0
16:22:25, 1334.30, 30.47, 32.13, 28.695, 0, 0, 1, 1, 1, 3, 10, 18, 15, 1, 0, 0, 0, 0, 0, 0, 0, 0, 1, 3, 2, 0, 0, 0
16:22:26, 1332.70, 30.46, 32.13, 28.695, 0, 0, 1, 1, 1, 4, 11, 19, 17, 2, 0, 0, 0, 0, 0, 0, 0, 0, 1, 3, 2, 0, 0, 0
16:22:26, 1332.80, 30.46, 32.11, 28.695, 0, 0, 1, 1, 1, 4, 10, 18, 16, 1, 0, 0, 0, 0, 0, 0, 0, 0, 1, 3, 2, 0, 0, 0
16:22:27, 1329.60, 30.46, 32.09, 28.695, 0, 0, 1, 1, 1, 3, 10, 18, 15, 1, 0, 0, 0, 0, 0, 0, 0, 0, 1, 3, 2, 0, 0, 0
16:22:28, 1322.30, 30.47, 32.13, 28.703, 0, 0, 1, 1, 1, 4, 11, 19, 17, 1, 0, 0, 0, 0, 0, 0, 0, 0, 1, 4, 3, 0, 0, 0
16:22:29, 1318.00, 30.47, 32.09, 28.703, 0, 0, 1, 1, 2, 4, 12, 21, 18, 2, 0, 0, 0, 0, 0, 0, 0, 0, 2, 4, 3, 0, 0, 0
16:22:29, 1314.50, 30.47, 32.13, 28.703, 0, 0, 1, 1, 2, 5, 13, 23, 18, 2, 0, 0, 0, 0, 0, 0, 0, 0, 2, 4, 3, 0, 0, 0
16:22:30, 1313.90, 30.47, 32.05, 28.695, 0, 0, 1, 1, 2, 5, 15, 26, 24, 2, 0, 0, 0, 0, 0, 0, 0, 0, 2, 4, 4, 0, 0, 0
16:22:31, 1310.00, 30.47, 32.11, 28.703, 0, 0, 1, 1, 2, 5, 15, 26, 21, 2, 0, 0, 0, 0, 0, 0, 0, 0, 2, 4, 3, 0, 0, 0
16:22:31, 1299.60, 30.47, 32.11, 28.703, 0, 0, 1, 0, 2, 6, 16, 28, 24, 2, 0, 0, 0, 0, 0, 0, 0, 0, 3, 6, 4, 0, 0, 0
16:22:32, 1289.60, 30.47, 32.11, 28.703, 0, 0, 1, 1, 3, 8, 20, 34, 28, 2, 0, 0, 0, 0, 0, 0, 0, 1, 3, 7, 5, 0, 0, 0
16:22:33, 1289.30, 30.47, 32.11, 28.703, 1, 1, 1, 1, 4, 10, 24, 40, 36, 3, 0, 0, 0, 0, 0, 0, 0, 1, 4, 7, 7, 0, 0, 0
16:22:33, 1289.50, 30.47, 32.11, 28.703, 1, 1, 2, 2, 4, 10, 25, 42, 41, 4, 0, 0, 0, 0, 0, 0, 0, 1, 4, 7, 6, 0, 0, 0
16:22:34, 1285.10, 30.47, 32.11, 28.703, 1, 1, 1, 2, 4, 9, 23, 38, 32, 3, 0, 0, 0, 0, 0, 0, 0, 1, 4, 8, 6, 0, 0, 0
16:22:35, 1281.30, 30.47, 32.13, 28.703, 1, 1, 2, 2, 4, 10, 24, 41, 30, 3, 0, 0, 0, 0, 0, 0, 0, 1, 5, 9, 7, 0, 0, 0
16:22:35, 1279.30, 30.47, 32.11, 28.703, 1, 1, 2, 1, 4, 10, 24, 40, 29, 2, 0, 0, 0, 0, 0, 0, 1, 1, 4, 8, 7, 0, 0, 0
16:22:36, 1279.00, 30.46, 32.13, 28.703, 1, 1, 2, 2, 5, 12, 28, 47, 49, 4, 0, 0, 0, 0, 0, 0, 1, 1, 5, 9, 8, 0, 0, 0
16:22:37, 1277.10, 30.46, 32.13, 28.703, 1, 1, 2, 2, 6, 12, 29, 49, 48, 4, 0, 0, 0, 0, 0, 0, 1, 1, 5, 9, 7, 0, 0, 0
16:22:37, 1270.90, 30.46, 32.11, 28.703, 1, 1, 1, 1, 4, 10, 24, 41, 30, 3, 0, 0, 0, 0, 0, 0, 1, 2, 6, 10, 8, 0, 0, 0
16:22:38, 1267.40, 30.46, 32.09, 28.695, 2, 1, 2, 2, 6, 12, 29, 48, 38, 3, 0, 0, 0, 0, 0, 0, 1, 2, 5, 10, 8, 0, 0, 0
16:22:39, 1267.00, 30.45, 32.13, 28.695, 1, 1, 2, 2, 6, 12, 29, 48, 44, 4, 0, 0, 0, 0, 0, 0, 1, 2, 6, 10, 9, 0, 0, 0
16:22:39, 1267.40, 30.45, 32.11, 28.695, 1, 1, 2, 3, 7, 15, 34, 56, 61, 5, 0, 0, 0, 0, 0, 0, 1, 2, 6, 12, 11, 0, 0, 0
16:22:40, 1267.20, 30.45, 32.09, 28.687, 1, 1, 2, 3, 7, 15, 35, 57, 52, 4, 0, 0, 0, 0, 0, 0, 1, 2, 6, 11, 9, 0, 0, 0
16:22:41, 1265.10, 30.45, 32.11, 28.687, 1, 1, 2, 2, 5, 12, 29, 48, 34, 3, 0, 0, 0, 0, 0, 0, 1, 2, 6, 11, 10, 0, 0, 0
16:22:41, 1261.80, 30.45, 32.11, 28.687, 1, 1, 2, 3, 7, 14, 33, 54, 43, 4, 0, 0, 0, 0, 0, 0, 1, 2, 6, 11, 9, 0, 0, 0
16:22:42, 1263.20, 30.45, 32.07, 28.680, 1, 1, 2, 3, 8, 16, 38, 61, 58, 5, 0, 0, 0, 0, 0, 0, 1, 2, 6, 11, 10, 0, 0, 0
16:22:43, 1264.60, 30.44, 32.13, 28.695, 2, 2, 2, 3, 8, 17, 38, 62, 67, 6, 0, 0, 0, 0, 0, 0, 1, 2, 7, 12, 11, 0, 0, 0
16:22:43, 1264.60, 30.44, 32.11, 28.695, 1, 2, 2, 3, 8, 17, 38, 62, 56, 5, 0, 0, 0, 0, 0, 0, 1, 2, 6, 11, 9, 0, 0, 0
16:22:44, 1261.10, 30.44, 32.11, 28.703, 1, 1, 2, 2, 6, 14, 33, 54, 41, 3, 0, 0, 0, 0, 0, 0, 1, 2, 7, 12, 10, 0, 0, 0
16:22:45, 1260.60, 30.44, 32.11, 28.695, 1, 1, 2, 3, 6, 14, 32, 52, 42, 4, 0, 0, 0, 0, 0, 0, 1, 2, 7, 12, 10, 0, 0, 0
16:22:45, 1268.70, 30.44, 32.11, 28.695, 1, 1, 2, 3, 8, 17, 38, 62, 64, 6, 0, 0, 0, 0, 0, 0, 1, 2, 6, 10, 10, 0, 0, 0
16:22:46, 1272.00, 30.44, 32.09, 28.695, 1, 1, 2, 3, 6, 14, 32, 53, 57, 5, 0, 0, 0, 0, 0, 0, 1, 1, 5, 9, 8, 0, 0, 0
16:22:47, 1271.40, 30.44, 32.13, 28.711, 1, 1, 1, 2, 4, 9, 21, 36, 23, 2, 0, 0, 0, 0, 0, 0, 1, 2, 5, 10, 8, 0, 0, 0
16:22:47, 1269.00, 30.44, 32.13, 28.711, 1, 1, 2, 2, 5, 10, 25, 42, 31, 3, 0, 0, 0, 0, 0, 0, 1, 2, 5, 10, 8, 0, 0, 0
16:22:48, 1272.60, 30.43, 32.11, 28.727, 1, 1, 2, 2, 6, 13, 29, 48, 47, 4, 0, 0, 0, 0, 0, 0, 1, 2, 5, 9, 8, 0, 0, 0
16:22:49, 1274.70, 30.43, 32.09, 28.742, 1, 1, 2, 2, 6, 13, 31, 50, 54, 5, 0, 0, 0, 0, 0, 0, 1, 1, 5, 9, 8, 0, 0, 0
16:22:49, 1270.60, 30.43, 32.11, 28.742, 1, 1, 2, 2, 5, 11, 27, 45, 33, 3, 0, 0, 0, 0, 0, 0, 1, 2, 6, 10, 8, 0, 0, 0
16:22:50, 1268.20, 30.43, 32.11, 28.711, 1, 1, 2, 2, 6, 12, 29, 47, 35, 3, 0, 0, 0, 0, 0, 0, 1, 2, 7, 12, 10, 0, 0, 0
16:22:51, 1273.80, 30.43, 32.09, 28.719, 1, 1, 2, 2, 6, 14, 32, 53, 43, 4, 0, 0, 0, 0, 0, 0, 1, 2, 5, 9, 8, 0, 0, 0
16:22:51, 1275.30, 30.42, 32.11, 28.719, 1, 1, 2, 2, 6, 13, 30, 50, 43, 4, 0, 0, 0, 0, 0, 0, 1, 2, 5, 9, 7, 0, 0, 0
16:22:52, 1273.10, 30.42, 32.11, 28.711, 1, 1, 2, 2, 5, 12, 28, 47, 36, 3, 0, 0, 0, 0, 0, 0, 1, 2, 5, 9, 8, 0, 0, 0
16:22:53, 1272.80, 30.41, 32.11, 28.727, 1, 1, 2, 2, 5, 11, 27, 45, 33, 3, 0, 0, 0, 0, 0, 0, 1, 2, 5, 9, 8, 0, 0, 0
16:22:53, 1280.30, 30.40, 32.07, 28.727, 1, 1, 2, 2, 6, 13, 30, 49, 47, 4, 0, 0, 0, 0, 0, 0, 0, 1, 4, 8, 7, 0, 0, 0
16:22:54, 1283.50, 30.40, 32.09, 28.727, 1, 1, 2, 2, 5, 11, 27, 45, 46, 4, 0, 0, 0, 0, 0, 0, 0, 1, 4, 7, 6, 0, 0, 0
16:22:55, 1282.50, 30.40, 32.07, 28.734, 1, 1, 1, 2, 4, 9, 22, 36, 29, 2, 0, 0, 0, 0, 0, 0, 0, 1, 4, 8, 6, 0, 0, 0
16:22:55, 1281.30, 30.40, 32.05, 28.734, 1, 1, 1, 1, 4, 9, 23, 37, 27, 2, 0, 0, 0, 0, 0, 0, 1, 1, 4, 8, 7, 0, 0, 0
16:22:56, 1283.10, 30.39, 32.09, 28.719, 1, 1, 2, 2, 5, 11, 26, 43, 36, 3, 0, 0, 0, 0, 0, 0, 0, 1, 4, 7, 6, 0, 0, 0
16:22:57, 1283.10, 30.39, 32.09, 28.719, 1, 1, 2, 2, 5, 11, 26, 43, 40, 3, 0, 0, 0, 0, 0, 0, 0, 1, 4, 7, 6, 0, 0, 0
16:22:57, 1280.70, 30.39, 32.09, 28.719, 1, 1, 1, 2, 4, 9, 23, 39, 31, 3, 0, 0, 0, 0, 0, 0, 0, 1, 4, 8, 6, 0, 0, 0
16:22:58, 1278.50, 30.39, 32.03, 28.719, 1, 1, 1, 2, 4, 9, 22, 36, 26, 2, 0, 0, 0, 0, 0, 0, 0, 1, 4, 8, 7, 0, 0, 0
16:22:59, 1281.50, 30.39, 32.09, 28.727, 1, 1, 2, 1, 5, 10, 25, 42, 33, 3, 0, 0, 0, 0, 0, 0, 0, 1, 4, 7, 6, 0, 0, 0
16:22:59, 1280.40, 30.39, 32.07, 28.727, 1, 1, 1, 1, 4, 10, 24, 38, 35, 3, 0, 0, 0, 0, 0, 0, 0, 1, 4, 7, 6, 0, 0, 0
16:23:00, 1273.20, 30.39, 32.09, 28.727, 1, 1, 1, 2, 4, 10, 23, 39, 33, 3, 0, 0, 0, 0, 0, 0, 0, 1, 5, 8, 7, 0, 0, 0
16:23:01, 1267.80, 30.39, 32.09, 28.734, 1, 1, 2, 1, 5, 11, 26, 43, 34, 3, 0, 0, 0, 0, 0, 0, 1, 2, 5, 9, 8, 0, 0, 0
16:23:01, 1261.00, 30.39, 32.09, 28.734, 1, 1, 2, 2, 6, 13, 30, 50, 41, 4, 0, 0, 0, 0, 0, 0, 1, 2, 6, 10, 9, 0, 0, 0
16:23:02, 1253.30, 30.39, 32.07, 28.727, 1, 1, 2, 3, 7, 16, 35, 57, 49, 4, 0, 0, 0, 0, 0, 0, 1, 3, 7, 12, 11, 0, 0, 0
16:23:03, 1252.00, 30.39, 32.05, 28.734, 2, 2, 2, 3, 9, 20, 44, 69, 66, 6, 0, 0, 0, 0, 0, 0, 1, 3, 8, 13, 13, 0, 0, 0
16:23:03, 1243.60, 30.39, 32.09, 28.734, 2, 2, 3, 4, 11, 23, 50, 78, 73, 6, 0, 0, 0, 0, 0, 0, 1, 3, 9, 15, 13, 1, 0, 0
16:23:04, 1234.60, 30.39, 32.09, 28.727, 2, 2, 3, 4, 12, 25, 53, 83, 68, 6, 0, 0, 0, 0, 0, 0, 2, 4, 11, 18, 16, 1, 0, 0
16:23:05, 1230.00, 30.39, 32.15, 28.734, 3, 3, 4, 4, 15, 30, 63, 97, 76, 6, 0, 0, 0, 0, 0, 0, 2, 5, 12, 20, 18, 1, 0, 0
16:23:05, 1226.70, 30.39, 32.11, 28.734, 3, 3, 4, 5, 16, 32, 66, 102, 82, 7, 0, 0, 0, 0, 0, 0, 2, 5, 12, 20, 18, 1, 0, 0
16:23:06, 1223.40, 30.39, 32.05, 28.727, 3, 3, 4, 6, 18, 35, 70, 108, 102, 9, 0, 0, 0, 0, 0, 0, 3, 6, 14, 22, 20, 1, 0, 0
16:23:07, 1220.20, 30.39, 32.09, 28.727, 3, 3, 4, 7, 20, 38, 77, 118, 122, 11, 0, 0, 0, 0, 0, 0, 3, 6, 14, 22, 21, 1, 0, 0
16:23:07, 1219.10, 30.39, 32.11, 28.727, 4, 4, 5, 8, 23, 44, 87, 131, 129, 11, 0, 0, 0, 0, 0, 0, 3, 6, 14, 23, 22, 1, 0, 0
16:23:08, 1218.00, 30.39, 32.07, 28.734, 4, 4, 5, 8, 24, 45, 89, 134, 149, 13, 0, 0, 0, 0, 0, 0, 3, 6, 14, 23, 21, 1, 0, 0
16:23:09, 1210.20, 30.39, 32.09, 28.727, 4, 4, 5, 8, 24, 45, 89, 134, 123, 10, 0, 0, 1, 0, 0, 1, 4, 7, 17, 27, 25, 2, 0, 0
16:23:09, 1209.20, 30.39, 32.05, 28.727, 5, 5, 6, 9, 27, 51, 98, 148, 141, 12, 0, 0, 1, 0, 0, 1, 4, 7, 18, 28, 26, 2, 0, 0
16:23:10, 1207.60, 30.39, 32.05, 28.727, 4, 4, 6, 9, 25, 48, 93, 139, 122, 10, 0, 0, 1, 0, 0, 1, 4, 8, 18, 28, 26, 2, 0, 0
16:23:11, 1206.40, 30.39, 32.11, 28.734, 5, 4, 6, 9, 26, 50, 96, 143, 131, 11, 0, 0, 1, 0, 0, 1, 4, 8, 18, 28, 27, 2, 0, 0
16:23:12, 1208.20, 30.39, 32.09, 28.734, 5, 5, 6, 10, 30, 56, 108, 159, 171, 15, 0, 0, 1, 0, 0, 1, 4, 7, 17, 27, 26, 2, 0, 0
16:23:12, 1206.70, 30.39, 32.09, 28.734, 5, 5, 6, 9, 27, 50, 97, 145, 130, 11, 0, 0, 1, 0, 0, 1, 4, 8, 18, 29, 26, 2, 0, 0
16:23:13, 1204.40, 30.39, 32.09, 28.734, 5, 5, 6, 10, 29, 54, 103, 153, 141, 12, 0, 0, 1, 0, 0, 1, 4, 8, 19, 30, 29, 2, 0, 0
16:23:14, 1198.60, 30.39, 32.05, 28.727, 5, 5, 6, 10, 31, 57, 109, 161, 150, 13, 0, 0, 1, 0, 0, 1, 5, 9, 21, 33, 32, 2, 0, 0
16:23:14, 1195.10, 30.39, 32.07, 28.727, 6, 6, 7, 12, 38, 68, 127, 186, 181, 15, 0, 0, 1, 1, 0, 1, 5, 10, 23, 35, 36, 3, 0, 0
16:23:15, 1192.60, 30.39, 32.09, 28.727, 7, 7, 8, 14, 40, 72, 133, 196, 202, 17, 0, 0, 1, 1, 0, 1, 6, 11, 24, 37, 37, 3, 0, 0
16:23:16, 1187.20, 30.39, 32.05, 28.727, 7, 7, 9, 15, 43, 78, 143, 208, 218, 19, 0, 0, 1, 1, 1, 2, 6, 13, 27, 41, 41, 3, 0, 0
16:23:16, 1180.50, 30.38, 32.07, 28.727, 8, 8, 10, 17, 51, 89, 161, 232, 246, 21, 0, 0, 1, 1, 1, 2, 8, 15, 31, 46, 47, 4, 0, 0
16:23:17, 1172.90, 30.38, 32.07, 28.727, 10, 9, 11, 21, 61, 105, 186, 266, 287, 24, 0, 0, 2, 1, 1, 2, 10, 18, 38, 56, 58, 5, 0, 0
16:23:18, 1170.20, 30.38, 32.11, 28.734, 12, 11, 14, 26, 74, 126, 219, 311, 361, 31, 0, 0, 2, 1, 1, 3, 10, 19, 38, 57, 60, 5, 0, 0
16:23:18, 1167.30, 30.37, 32.09, 28.727, 12, 12, 15, 27, 79, 133, 228, 322, 377, 33, 0, 0, 2, 2, 1, 3, 11, 20, 40, 59, 64, 5, 0, 0
16:23:19, 1162.30, 30.37, 32.09, 28.727, 13, 13, 16, 31, 82, 136, 233, 328, 399, 35, 0, 0, 2, 2, 2, 4, 13, 25, 49, 71, 79, 7, 0, 0
16:23:20, 1156.20, 30.36, 32.05, 28.734, 14, 14, 17, 33, 92, 151, 253, 356, 472, 42, 0, 0, 3, 2, 2, 4, 15, 28, 55, 80, 91, 8, 0, 0
16:23:20, 1151.00, 30.36, 32.03, 28.727, 16, 16, 20, 40, 109, 176, 289, 403, 565, 51, 0, 0, 3, 3, 3, 5, 17, 31, 60, 86, 101, 9, 0, 0
16:23:21, 1149.50, 30.35, 32.05, 28.727, 18, 17, 22, 45, 115, 185, 301, 419, 639, 59, 0, 0, 3, 3, 3, 5, 16, 30, 57, 81, 94, 8, 0, 0
16:23:22, 1144.80, 30.35, 32.05, 28.719, 18, 18, 23, 46, 110, 176, 285, 396, 658, 62, 0, 0, 4, 3, 3, 6, 20, 37, 69, 97, 119, 11, 0, 0
16:23:22, 1139.00, 30.34, 32.05, 28.719, 19, 18, 24, 48, 128, 201, 322, 441, 753, 71, 0, 0, 4, 3, 4, 7, 24, 43, 79, 111, 139, 12, 0, 0
16:23:23, 1132.30, 30.34, 32.07, 28.719, 21, 20, 28, 58, 150, 230, 358, 483, 891, 86, 0, 0, 5, 4, 5, 10, 30, 51, 93, 129, 167, 15, 0, 0
16:23:24, 1131.30, 30.34, 32.07, 28.719, 24, 23, 33, 69, 162, 245, 381, 511, 906, 88, 0, 0, 5, 5, 5, 10, 29, 50, 90, 125, 161, 15, 0, 0
16:23:24, 1126.50, 30.34, 32.03, 28.719, 24, 23, 33, 70, 164, 245, 382, 508, 895, 87, 0, 0, 6, 6, 6, 13, 30, 51, 93, 128, 165, 15, 0, 0
16:23:25, 1119.80, 30.35, 32.07, 28.719, 28, 27, 39, 84, 203, 300, 460, 605, 1000, 95, 0, 0, 6, 6, 7, 13, 47, 76, 138, 178, 253, 22, 0, 0
16:23:26, 1112.60, 30.35, 32.03, 28.719, 31, 31, 47, 101, 240, 343, 522, 674, 1187, 116, 0, 0, 7, 6, 7, 14, 47, 76, 133, 175, 249, 22, 0, 0
16:23:26, 1108.60, 30.35, 32.07, 28.719, 37, 37, 58, 125, 290, 408, 607, 781, 1385, 136, 0, 0, 6, 5, 6, 13, 41, 66, 114, 152, 205, 20, 0, 0
16:23:27, 1102.40, 30.36, 32.05, 28.719, 39, 40, 64, 136, 310, 428, 627, 805, 1588, 162, 0, 0, 7, 6, 8, 16, 47, 75, 126, 167, 227, 20, 0, 0
16:23:28, 1096.40, 30.36, 32.07, 28.719, 49, 50, 84, 177, 376, 515, 735, 939, 1946, 201, 0, 0, 8, 7, 10, 20, 57, 89, 147, 193, 272, 25, 0, 0
16:23:28, 1087.70, 30.36, 32.03, 28.734, 58, 60, 103, 216, 427, 575, 802, 1023, 2325, 250, 0, 0, 10, 9, 12, 25, 72, 110, 178, 230, 337, 31, 0, 0
16:23:29, 1080.10, 30.37, 32.09, 28.734, 76, 84, 151, 305, 579, 757, 1019, 1284, 3083, 343, 0, 0, 13, 12, 17, 35, 86, 129, 203, 260, 390, 37, 0, 0
16:23:30, 1072.80, 30.37, 32.05, 28.734, 88, 100, 184, 362, 613, 786, 1045, 1313, 3441, 413, 0, 0, 15, 14, 21, 45, 107, 156, 240, 302, 473, 45, 0, 0
16:23:30, 1065.90, 30.37, 32.05, 28.750, 110, 132, 246, 472, 791, 981, 1305, 1592, 4266, 550, 0, 0, 16, 15, 24, 50, 125, 178, 270, 336, 539, 52, 0, 0
16:23:31, 1055.90, 30.37, 32.07, 28.750, 123, 156, 293, 536, 944, 1150, 1491, 1830, 5125, 701, 0, 0, 20, 19, 32, 66, 158, 218, 320, 393, 667, 66, 0, 0
16:23:32, 1045.50, 30.37, 32.03, 28.750, 192, 273, 512, 849, 1323, 1550, 1931, 2347, 7397, 1209, 0, 0, 27, 28, 49, 99, 213, 283, 404, 489, 872, 90, 0, 0
16:23:32, 1036.90, 30.37, 32.05, 28.750, 251, 377, 687, 1088, 1539, 1745, 2194, 2553, 8772, 1637, 0, 0, 29, 32, 56, 111, 232, 301, 424, 509, 929, 99, 0, 0
16:23:33, 1029.20, 30.37, 32.03, 28.750, 372, 593, 1004, 1453, 2117, 2324, 2830, 3220, 12675, 3008, 0, 0, 37, 44, 81, 151, 279, 350, 480, 568, 1099, 125, 0, 0
16:23:34, 1015.20, 30.37, 32.07, 28.750, 551, 901, 1424, 1926, 2544, 2712, 3245, 3708, 15995, 4739, 0, 0, 70, 97, 169, 284, 455, 548, 712, 824, 1866, 262, 0, 0
16:23:34, 1012.90, 30.37, 32.03, 28.742, 1372, 2029, 2833, 3426, 3931, 4203, 4833, 5415, 24545, 10619, 0, 0, 54, 77, 137, 226, 350, 416, 548, 634, 1414, 180, 0, 0
16:23:35, 1010.60, 30.37, 32.07, 28.742, 1393, 2158, 2961, 3531, 4299, 4422, 5258, 5864, 23216, 9724, 0, 0, 55, 78, 137, 225, 534, 610, 763, 864, 2213, 485, 0, 0
16:23:36, 1010.40, 30.36, 32.03, 28.734, 1460, 2181, 2991, 3606, 4156, 4435, 5086, 5793, 20372, 8396, 0, 0, 1386, 2160, 2813, 3547, 8163, 7921, 10226, 11311, 32626, 17565, 0, 1
16:23:36, 1010.70, 30.34, 32.07, 28.703, 936, 1353, 1812, 2262, 2914, 3181, 3706, 4178, 10464, 4054, 0, 0, 4636, 7741, 10379, 12596, 15553, 16163, 19543, 22064, 36000, 30663, 1, 1
16:23:37, 1010.30, 30.34, 32.07, 28.703, 1542, 2415, 3270, 3886, 4257, 4414, 5049, 5733, 20214, 7739, 0, 0, 1278, 2147, 2750, 3625, 3083, 3427, 4078, 4647, 11901, 5443, 0, 0
16:23:38, 1010.50, 30.35, 32.09, 28.547, 814, 1191, 1560, 2082, 2636, 2900, 3421, 3666, 13141, 5451, 0, 0, 970, 1621, 2057, 2741, 3157, 3543, 4177, 4800, 12253, 5497, 0, 0
