Secchi Depth (cm) = 0101
Forel Ule Scale = 99
pH Colour Scale = 99
SensingSecchi S/N = A016
Latitude (degs N) = 34.24348
Longitude (degs E) = -77.96980
Date = 2026-06-10
Time (UTC), Pressure (mbar) MS5803, Temp (deg C) MS5803, Temp (deg C) 10KTHERM, Temp (deg C) TMP117, ED 415nm, ED 445nm, ED 480nm, ED 515nm, ED 555nm, ED 590nm, ED 630nm, ED 680nm, ED Clear, ED NIR, ED D-SAT, ED A-SAT, EU 415nm, EU 445nm, EU 480nm, EU 515nm, EU 555nm, EU 590nm, EU 630nm, EU 680nm, EU Clear, EU NIR, EU D-SAT, EU A-SAT
18:20:19, 1012.00, 29.04, 30.35, 28.047, 1298, 1934, 2665, 3135, 3722, 3899, 4616, 5243, 22854, 9221, 0, 0, 6140, 10534, 12450, 15897, 14475, 16088, 21433, 26965, 36000, 36000, 1, 1
18:20:19, 1011.80, 29.04, 30.37, 28.062, 1899, 2819, 3873, 4562, 5208, 5507, 6290, 7144, 29359, 11854, 0, 0, 7299, 11803, 15470, 18819, 22094, 25109, 30776, 36000, 36000, 36000, 1, 1
18:20:20, 1012.60, 29.07, 30.35, 28.062, 1685, 2531, 3460, 4080, 5123, 5398, 6221, 6909, 26018, 9770, 0, 0, 6200, 9058, 13527, 14064, 17529, 20450, 26418, 35553, 36000, 36000, 1, 1
18:20:21, 1012.30, 29.06, 30.35, 28.109, 1788, 2638, 3593, 4184, 4988, 5265, 5978, 6622, 24866, 9342, 0, 0, 7469, 10413, 16420, 17057, 23362, 25407, 31005, 36000, 36000, 36000, 1, 1
18:20:21, 1012.50, 29.07, 30.35, 28.180, 1793, 2703, 3641, 4320, 5509, 5746, 6971, 7310, 21368, 7934, 0, 0, 9197, 13348, 20850, 23206, 24378, 25609, 31604, 32720, 36000, 33870, 1, 1
18:20:22, 1012.60, 29.10, 30.39, 28.180, 6280, 10061, 14352, 16621, 16681, 19944, 20429, 28144, 36000, 36000, 1, 1, 1213, 1836, 2755, 3197, 4756, 4989, 6071, 6543, 23865, 8596, 0, 0
18:20:23, 1012.70, 29.07, 30.41, 28.227, 6823, 10373, 14937, 16856, 12528, 14180, 15479, 18518, 26416, 11909, 0, 0, 177, 250, 465, 797, 1060, 1268, 1583, 1668, 3750, 430, 0, 0
18:20:23, 1013.50, 28.98, 30.39, 27.453, 5486, 9109, 12367, 17054, 18745, 21069, 27461, 27483, 35948, 14046, 0, 1, 173, 245, 457, 790, 1370, 1659, 2021, 2167, 4053, 458, 0, 0
18:20:24, 1021.60, 28.90, 30.39, 27.453, 4866, 11005, 12835, 13798, 17765, 17413, 20448, 25724, 34448, 22803, 0, 1, 167, 235, 451, 783, 1400, 1697, 2090, 2223, 4052, 425, 0, 0
18:20:25, 1032.30, 28.83, 30.35, 27.070, 3721, 6694, 10328, 13423, 18931, 21335, 24592, 26937, 36000, 13584, 1, 1, 141, 185, 363, 665, 1180, 1462, 1825, 1938, 3318, 317, 0, 0
18:20:25, 1038.00, 28.78, 30.37, 26.945, 2624, 4590, 7429, 10447, 11905, 13064, 14897, 19770, 35969, 6868, 0, 1, 126, 150, 297, 581, 1174, 1480, 1874, 1992, 3293, 305, 0, 0
18:20:26, 1038.20, 28.73, 30.37, 26.945, 921, 1722, 2468, 4619, 6246, 7027, 11063, 7950, 30841, 5396, 0, 0, 128, 156, 309, 592, 1028, 1304, 1646, 1753, 2849, 260, 0, 0
18:20:27, 1042.50, 28.69, 30.35, 26.859, 1777, 3163, 5666, 6824, 8838, 9314, 11558, 17174, 24868, 5790, 0, 0, 110, 130, 257, 504, 941, 1213, 1533, 1625, 2548, 229, 0, 0
18:20:27, 1048.90, 28.66, 30.35, 26.828, 2136, 3905, 6985, 10997, 11292, 13333, 17064, 19136, 29573, 3800, 0, 0, 105, 119, 231, 470, 960, 1258, 1602, 1704, 2623, 238, 0, 0
18:20:28, 1048.70, 28.63, 30.34, 26.828, 1106, 1890, 3077, 4855, 5066, 7067, 6665, 9925, 8129, 923, 0, 0, 116, 129, 250, 512, 1017, 1338, 1707, 1818, 2733, 247, 0, 0
18:20:29, 1046.00, 28.60, 30.39, 26.828, 1387, 1669, 3293, 4836, 7750, 8724, 10772, 13666, 13173, 1452, 0, 0, 111, 126, 244, 498, 1028, 1345, 1705, 1817, 2929, 270, 0, 0
18:20:29, 1046.00, 28.58, 30.34, 26.828, 1733, 3369, 5762, 8628, 16333, 18430, 24360, 26724, 35355, 5019, 0, 1, 113, 132, 257, 514, 1022, 1331, 1686, 1793, 3009, 280, 0, 0
18:20:30, 1042.50, 28.56, 30.35, 26.828, 1425, 1932, 3509, 5121, 8721, 10075, 11797, 15199, 14085, 1641, 0, 0, 125, 144, 281, 566, 1155, 1496, 1891, 2017, 3173, 291, 0, 0
18:20:31, 1036.60, 28.55, 30.37, 26.836, 1755, 3385, 5583, 8169, 14279, 13723, 18527, 23443, 22715, 2577, 0, 0, 139, 167, 329, 643, 1230, 1570, 1969, 2101, 3372, 314, 0, 0
18:20:31, 1039.60, 28.54, 30.37, 26.852, 3413, 6693, 10953, 16597, 16014, 17341, 22048, 24141, 35587, 6750, 0, 1, 132, 159, 311, 609, 1194, 1525, 1920, 2047, 3298, 306, 0, 0
18:20:32, 1040.10, 28.53, 30.34, 26.852, 1937, 3608, 6167, 9191, 15440, 16543, 20403, 24159, 34853, 6064, 0, 1, 132, 155, 304, 600, 1251, 1599, 2021, 2160, 3454, 323, 0, 0
18:20:33, 1038.50, 28.52, 30.35, 26.852, 1911, 3377, 5201, 7959, 14152, 13905, 16841, 20982, 30406, 4808, 0, 0, 151, 183, 360, 699, 1282, 1626, 2045, 2183, 3596, 338, 0, 0
18:20:33, 1040.70, 28.52, 30.35, 26.867, 2518, 3631, 5932, 8818, 4747, 6912, 6477, 7883, 10764, 1505, 0, 0, 150, 179, 352, 691, 1209, 1542, 1943, 2070, 3474, 326, 0, 0
18:20:34, 1038.80, 28.51, 30.34, 26.867, 2331, 4348, 7680, 11220, 14206, 14551, 19645, 22913, 33340, 4340, 0, 1, 136, 160, 313, 621, 1265, 1624, 2046, 2183, 3472, 323, 0, 0
18:20:35, 1032.20, 28.50, 30.35, 26.867, 2039, 2312, 4534, 5751, 7803, 11684, 9092, 14521, 14463, 2249, 0, 0, 166, 207, 406, 775, 1367, 1724, 2151, 2299, 3787, 362, 0, 0
18:20:35, 1036.10, 28.49, 30.35, 26.891, 2255, 4312, 7167, 10091, 11352, 11078, 14061, 17420, 24938, 3123, 0, 0, 142, 175, 344, 663, 1214, 1538, 1926, 2049, 3524, 335, 0, 0
18:20:36, 1035.70, 28.48, 30.35, 26.891, 1318, 1550, 2802, 3833, 8095, 12139, 10089, 15025, 15207, 2246, 0, 0, 157, 194, 381, 736, 1352, 1709, 2139, 2282, 3923, 378, 0, 0
18:20:37, 1036.40, 28.47, 30.37, 26.891, 1647, 2968, 4809, 6803, 16757, 18127, 20999, 27485, 19961, 2768, 0, 0, 147, 178, 348, 682, 1297, 1654, 2074, 2212, 3612, 339, 0, 0
18:20:37, 1035.10, 28.47, 30.34, 26.906, 2043, 3523, 5277, 7400, 9941, 11276, 12920, 16418, 15781, 2166, 0, 0, 145, 175, 344, 671, 1250, 1597, 1996, 2124, 3402, 316, 0, 0
18:20:38, 1035.00, 28.46, 30.34, 26.906, 2157, 4253, 6933, 10038, 10291, 9873, 13114, 15897, 22433, 2865, 0, 0, 133, 161, 317, 617, 1199, 1532, 1913, 2032, 3363, 317, 0, 0
18:20:39, 1034.60, 28.46, 30.35, 26.914, 1508, 2698, 4463, 6162, 9198, 9738, 12981, 14617, 21278, 3025, 0, 0, 142, 175, 343, 665, 1281, 1628, 2032, 2163, 3704, 357, 0, 0
18:20:39, 1035.60, 28.46, 30.34, 26.922, 1733, 3047, 5099, 7181, 15863, 16716, 21910, 24749, 28837, 3941, 0, 0, 140, 172, 337, 655, 1227, 1565, 1955, 2079, 3522, 336, 0, 0
18:20:40, 1036.20, 28.45, 30.35, 26.922, 2546, 4876, 7936, 11453, 11501, 10229, 13898, 17007, 24317, 2969, 0, 0, 131, 157, 309, 605, 1153, 1476, 1849, 1962, 3149, 290, 0, 0
18:20:41, 1035.10, 28.45, 30.34, 26.922, 2193, 4275, 6928, 9742, 13288, 14473, 17125, 21521, 35612, 5181, 0, 1, 131, 158, 311, 606, 1182, 1509, 1888, 2003, 3208, 295, 0, 0
18:20:41, 1036.40, 28.45, 30.34, 26.922, 3251, 6536, 11328, 16972, 19293, 20713, 24478, 26032, 36000, 7751, 1, 1, 133, 162, 318, 617, 1190, 1521, 1902, 2021, 3340, 312, 0, 0
18:20:42, 1036.60, 28.45, 30.32, 26.922, 2345, 4447, 6869, 9782, 11653, 11265, 16761, 20279, 18146, 2434, 0, 0, 149, 180, 354, 693, 1341, 1707, 2141, 2284, 3812, 362, 0, 0
18:20:43, 1037.00, 28.44, 30.37, 26.922, 1653, 2913, 4515, 7046, 7847, 8669, 11295, 12429, 16815, 2418, 0, 0, 156, 191, 374, 730, 1377, 1749, 2195, 2343, 4090, 394, 0, 0
18:20:43, 1037.40, 28.44, 30.34, 26.922, 1709, 3116, 4946, 7380, 10305, 11227, 15902, 16921, 17541, 2621, 0, 0, 146, 177, 347, 678, 1269, 1618, 2030, 2164, 3774, 362, 0, 0
18:20:44, 1037.30, 28.44, 30.34, 26.922, 2127, 3873, 6848, 9688, 14879, 16545, 20283, 22907, 29792, 4071, 0, 0, 124, 148, 289, 570, 1107, 1427, 1794, 1901, 2994, 272, 0, 0
18:20:45, 1037.30, 28.44, 30.35, 26.914, 1408, 2989, 4463, 5949, 11576, 10646, 13366, 19522, 30702, 4094, 0, 0, 117, 139, 273, 536, 1041, 1337, 1682, 1783, 2754, 247, 0, 0
18:20:45, 1037.40, 28.43, 30.35, 26.914, 2292, 4550, 7745, 9232, 13335, 11945, 16220, 20645, 33369, 4759, 0, 1, 131, 156, 309, 601, 1150, 1467, 1844, 1960, 3131, 286, 0, 0
18:20:46, 1037.50, 28.43, 30.34, 26.891, 2167, 4447, 7256, 10470, 14995, 14734, 21817, 23030, 30381, 4035, 0, 0, 144, 175, 344, 671, 1320, 1682, 2112, 2255, 3722, 351, 0, 0
18:20:47, 1037.60, 28.42, 30.32, 26.891, 2056, 3743, 6284, 9414, 8699, 9684, 13036, 14445, 16878, 2411, 0, 0, 155, 189, 370, 722, 1387, 1764, 2217, 2377, 4103, 397, 0, 0
18:20:47, 1037.40, 28.41, 30.30, 26.891, 1402, 2473, 4200, 6045, 6503, 7065, 8690, 9836, 16132, 2283, 0, 0, 150, 182, 356, 694, 1294, 1654, 2076, 2224, 3797, 364, 0, 0
18:20:48, 1037.50, 28.41, 30.34, 26.875, 1249, 2204, 3719, 5349, 10528, 11809, 15418, 16420, 21298, 2873, 0, 0, 129, 155, 303, 595, 1101, 1419, 1783, 1896, 3127, 294, 0, 0
18:20:49, 1037.30, 28.40, 30.34, 26.859, 1378, 2734, 4357, 6374, 10759, 11341, 14221, 16770, 24396, 3900, 0, 0, 119, 140, 275, 542, 1070, 1378, 1738, 1842, 2879, 260, 0, 0
18:20:49, 1037.10, 28.39, 30.32, 26.859, 1974, 4247, 6623, 8376, 15896, 14562, 19273, 26568, 35521, 6248, 0, 1, 132, 158, 311, 607, 1196, 1529, 1923, 2049, 3298, 306, 0, 0
18:20:50, 1036.00, 28.39, 30.35, 26.844, 2033, 3819, 6495, 9361, 18496, 18506, 24753, 30775, 30212, 3836, 0, 0, 149, 181, 354, 692, 1348, 1716, 2158, 2309, 3770, 357, 0, 0
18:20:51, 1033.50, 28.38, 30.35, 26.828, 2102, 3390, 5187, 7107, 7109, 7698, 9095, 11297, 13139, 1951, 0, 0, 167, 207, 406, 782, 1475, 1866, 2337, 2509, 4275, 415, 0, 0
18:20:51, 1035.40, 28.38, 30.34, 26.828, 2262, 4167, 6833, 9847, 11602, 12206, 16313, 17337, 31470, 5196, 0, 0, 145, 182, 356, 679, 1214, 1544, 1933, 2063, 3609, 348, 0, 0
18:20:52, 1036.10, 28.37, 30.34, 26.812, 1767, 3492, 5180, 7527, 21608, 25618, 25119, 31640, 19485, 2938, 0, 0, 136, 164, 322, 628, 1156, 1484, 1865, 1986, 3150, 287, 0, 0
18:20:53, 1034.10, 28.37, 30.34, 26.812, 1153, 1929, 3030, 4268, 4176, 4655, 5479, 6387, 9124, 1302, 0, 0, 130, 156, 307, 598, 1141, 1465, 1839, 1955, 3117, 285, 0, 0
18:20:53, 1036.30, 28.36, 30.35, 26.812, 931, 1589, 2618, 3633, 5548, 6008, 7508, 8157, 13476, 2047, 0, 0, 130, 158, 308, 600, 1158, 1487, 1864, 1986, 3340, 314, 0, 0
18:20:54, 1037.50, 28.35, 30.34, 26.812, 2042, 3839, 6453, 9244, 13675, 14406, 19339, 20044, 21443, 2868, 0, 0, 139, 167, 328, 642, 1239, 1591, 1998, 2136, 3536, 334, 0, 0
18:20:55, 1036.60, 28.35, 30.35, 26.836, 1514, 2635, 4336, 6546, 6679, 7294, 9400, 10256, 15206, 2075, 0, 0, 141, 169, 332, 651, 1221, 1568, 1969, 2102, 3451, 324, 0, 0
18:20:55, 1036.50, 28.34, 30.34, 26.836, 1480, 2638, 4475, 6360, 10780, 12802, 16151, 18697, 24641, 2935, 0, 0, 125, 150, 294, 576, 1069, 1375, 1732, 1832, 2949, 270, 0, 0
18:20:56, 1037.80, 28.34, 30.32, 26.836, 929, 1613, 2709, 3825, 5560, 5937, 7366, 8560, 13516, 1645, 0, 0, 120, 141, 278, 548, 1083, 1392, 1757, 1868, 2869, 257, 0, 0
18:20:57, 1037.40, 28.34, 30.34, 26.828, 2129, 3951, 7529, 9281, 11114, 9873, 11823, 18211, 29108, 3475, 0, 0, 126, 149, 294, 577, 1137, 1456, 1836, 1955, 3053, 274, 0, 0
18:20:57, 1036.90, 28.34, 30.32, 26.828, 2549, 5662, 8296, 10973, 13176, 14815, 17389, 21637, 33625, 4751, 0, 1, 131, 156, 307, 599, 1177, 1506, 1895, 2014, 3248, 300, 0, 0
18:20:58, 1038.80, 28.33, 30.34, 26.812, 2114, 4238, 7171, 10482, 13686, 14923, 20056, 21950, 28319, 3541, 0, 0, 134, 160, 313, 614, 1173, 1505, 1893, 2017, 3308, 309, 0, 0
18:20:59, 1038.50, 28.33, 30.35, 26.820, 4131, 7831, 14150, 21085, 14506, 15329, 21111, 24424, 29269, 3250, 0, 0, 130, 154, 301, 595, 1158, 1493, 1879, 1999, 3197, 295, 0, 0
18:20:59, 1039.60, 28.32, 30.34, 26.820, 2181, 4207, 7083, 10306, 14877, 16590, 20910, 25200, 29766, 3606, 0, 0, 125, 146, 287, 569, 1104, 1425, 1798, 1910, 3042, 277, 0, 0
18:21:00, 1041.50, 28.31, 30.34, 26.812, 1995, 3926, 6910, 10652, 9712, 10098, 13930, 15815, 22060, 2709, 0, 0, 118, 137, 268, 536, 1068, 1383, 1749, 1858, 2875, 257, 0, 0
18:21:01, 1040.40, 28.31, 30.35, 26.812, 1610, 3254, 5132, 7758, 8776, 8733, 11342, 14175, 19777, 2130, 0, 0, 123, 143, 281, 558, 1121, 1444, 1823, 1940, 3038, 276, 0, 0
18:21:01, 1041.80, 28.30, 30.34, 26.812, 2126, 4329, 6821, 10168, 15166, 16469, 21951, 24810, 30716, 3647, 0, 0, 132, 156, 307, 605, 1189, 1525, 1923, 2045, 3480, 326, 0, 0
18:21:02, 1041.90, 28.30, 30.30, 26.820, 2019, 3928, 6308, 9368, 13348, 14051, 20887, 22019, 19606, 2441, 0, 0, 141, 168, 328, 650, 1255, 1609, 2032, 2167, 3695, 350, 0, 0
18:21:03, 1042.20, 28.30, 30.35, 26.820, 2367, 4132, 7371, 12183, 9404, 10051, 13563, 14689, 17357, 2201, 0, 0, 135, 159, 311, 619, 1191, 1535, 1937, 2066, 3482, 328, 0, 0
18:21:03, 1041.00, 28.30, 30.35, 26.820, 1741, 3248, 5637, 8449, 15174, 14977, 23623, 22969, 18561, 2295, 0, 0, 125, 145, 284, 567, 1108, 1434, 1810, 1925, 3113, 286, 0, 0
18:21:04, 1040.10, 28.30, 30.32, 26.812, 1828, 3583, 6278, 9477, 12467, 13925, 16322, 19104, 27891, 3375, 0, 0, 115, 134, 263, 525, 1046, 1353, 1708, 1811, 2836, 254, 0, 0
18:21:05, 1039.90, 28.30, 30.37, 26.812, 1486, 2724, 4465, 5872, 13947, 11948, 16905, 22721, 31142, 3244, 0, 0, 123, 145, 285, 564, 1125, 1446, 1822, 1938, 3085, 281, 0, 0
18:21:05, 1039.90, 28.29, 30.34, 26.812, 1876, 3599, 6077, 8832, 14594, 15703, 18993, 25916, 26628, 2883, 0, 0, 143, 170, 334, 659, 1304, 1669, 2100, 2240, 3697, 348, 0, 0
18:21:06, 1039.90, 28.29, 30.35, 26.820, 2302, 4318, 6790, 11348, 12491, 13177, 18589, 18398, 17625, 2358, 0, 0, 156, 188, 367, 725, 1393, 1775, 2238, 2388, 4098, 393, 0, 0
18:21:07, 1040.10, 28.28, 30.34, 26.828, 1455, 2612, 4432, 6645, 9221, 10324, 13261, 14435, 17643, 2347, 0, 0, 149, 178, 349, 690, 1296, 1660, 2090, 2232, 3780, 360, 0, 0
18:21:07, 1039.30, 28.28, 30.34, 26.828, 1948, 3833, 5850, 9643, 17737, 17548, 23681, 26543, 24431, 2915, 0, 0, 130, 154, 301, 596, 1123, 1447, 1819, 1931, 3147, 290, 0, 0
18:21:08, 1039.80, 28.28, 30.35, 26.828, 1803, 3514, 6158, 9260, 16168, 16975, 23017, 26396, 34774, 4829, 0, 1, 121, 142, 278, 552, 1095, 1408, 1773, 1879, 2998, 271, 0, 0
18:21:09, 1039.90, 28.28, 30.34, 26.828, 1705, 3431, 5504, 7547, 15594, 13748, 17274, 28633, 35622, 3852, 0, 1, 132, 156, 309, 606, 1192, 1521, 1914, 2036, 3305, 304, 0, 0
18:21:09, 1040.00, 28.28, 30.34, 26.828, 2186, 4535, 7175, 10283, 12812, 12135, 15583, 21201, 31470, 3066, 0, 0, 142, 169, 333, 655, 1291, 1647, 2070, 2206, 3608, 337, 0, 0
18:21:10, 1040.50, 28.28, 30.34, 26.836, 2383, 4671, 7987, 11174, 13130, 13428, 18457, 22813, 22789, 2617, 0, 0, 150, 179, 351, 696, 1358, 1736, 2183, 2330, 3822, 360, 0, 0
18:21:11, 1041.70, 28.28, 30.34, 26.836, 2063, 3618, 6462, 10278, 19456, 19893, 25328, 25236, 20363, 2784, 0, 0, 147, 174, 342, 680, 1300, 1664, 2096, 2237, 3769, 356, 0, 0
18:21:11, 1042.50, 28.27, 30.34, 26.852, 2047, 3578, 6455, 10206, 11105, 12639, 16313, 18412, 22019, 2609, 0, 0, 131, 154, 302, 603, 1182, 1525, 1919, 2042, 3319, 308, 0, 0
18:21:12, 1043.10, 28.27, 30.34, 26.836, 1636, 3071, 4814, 7141, 9606, 9935, 12833, 15846, 15269, 1671, 0, 0, 123, 143, 281, 563, 1035, 1338, 1688, 1783, 2844, 256, 0, 0
18:21:13, 1049.30, 28.27, 30.34, 26.836, 1903, 3452, 6001, 9591, 11416, 12475, 16788, 19210, 35420, 4331, 0, 1, 100, 115, 226, 453, 895, 1157, 1465, 1539, 2584, 233, 0, 0
18:21:13, 1051.60, 28.26, 30.35, 26.828, 1090, 1637, 2767, 4671, 4756, 6679, 8079, 9076, 13236, 1185, 0, 0, 103, 114, 224, 460, 937, 1218, 1547, 1637, 2624, 239, 0, 0
18:21:14, 1056.50, 28.26, 30.34, 26.812, 1217, 2322, 4037, 6450, 9794, 11461, 14260, 16154, 26843, 2767, 0, 0, 96, 106, 207, 430, 865, 1132, 1438, 1519, 2510, 229, 0, 0
18:21:15, 1060.30, 28.26, 30.34, 26.812, 987, 1744, 3313, 5351, 8242, 9587, 12263, 14508, 18462, 1713, 0, 0, 86, 93, 180, 380, 771, 1014, 1293, 1365, 2280, 209, 0, 0
18:21:15, 1060.70, 28.25, 30.34, 26.805, 835, 1391, 2621, 4299, 5111, 5633, 7714, 8693, 9980, 951, 0, 0, 80, 85, 162, 346, 733, 969, 1235, 1303, 2078, 190, 0, 0
18:21:16, 1068.10, 28.24, 30.26, 26.797, 689, 1134, 2135, 3568, 5765, 6689, 8661, 9597, 17395, 1598, 0, 0, 66, 71, 137, 291, 581, 770, 986, 1036, 1780, 161, 0, 0
18:21:17, 1074.60, 28.24, 30.32, 26.797, 464, 684, 1319, 2265, 3931, 4505, 5847, 7051, 8389, 708, 0, 0, 55, 56, 104, 229, 497, 672, 867, 909, 1461, 132, 0, 0
18:21:17, 1079.20, 28.24, 30.34, 26.781, 400, 592, 1183, 2104, 3483, 3957, 5098, 6231, 8437, 668, 0, 0, 51, 50, 92, 205, 458, 625, 807, 845, 1345, 120, 0, 0
18:21:18, 1088.80, 28.23, 30.32, 26.781, 420, 619, 1302, 2351, 3733, 4495, 5872, 6480, 11956, 965, 0, 0, 46, 45, 81, 181, 404, 559, 728, 761, 1225, 109, 0, 0
18:21:19, 1098.50, 28.22, 30.34, 26.781, 306, 410, 823, 1580, 2464, 2942, 3871, 4559, 6219, 477, 0, 0, 39, 36, 62, 143, 345, 486, 640, 670, 1024, 91, 0, 0
18:21:19, 1102.50, 28.21, 30.32, 26.773, 242, 309, 650, 1303, 2261, 2825, 3730, 4261, 6326, 491, 0, 0, 35, 32, 54, 124, 331, 471, 624, 651, 946, 85, 0, 0
18:21:20, 1109.20, 28.21, 30.34, 26.773, 205, 247, 504, 1025, 2269, 2850, 3819, 4276, 6518, 508, 0, 0, 32, 29, 49, 112, 279, 399, 530, 553, 871, 77, 0, 0
18:21:21, 1120.90, 28.21, 30.34, 26.773, 191, 226, 467, 980, 1730, 2230, 2942, 3351, 5091, 397, 0, 0, 27, 24, 39, 90, 230, 337, 453, 473, 724, 64, 0, 0
18:21:21, 1127.60, 28.20, 30.32, 26.773, 136, 144, 278, 605, 1112, 1475, 1933, 2264, 2617, 200, 0, 0, 24, 22, 33, 77, 209, 311, 422, 441, 646, 58, 0, 0
18:21:22, 1132.30, 28.19, 30.35, 26.773, 136, 150, 293, 648, 1181, 1561, 2084, 2412, 3405, 259, 0, 0, 22, 20, 30, 69, 192, 288, 391, 409, 607, 54, 0, 0
18:21:23, 1135.70, 28.19, 30.34, 26.773, 118, 124, 235, 527, 994, 1340, 1771, 2079, 2505, 189, 0, 0, 22, 19, 29, 67, 185, 279, 381, 399, 590, 52, 0, 0
18:21:23, 1141.50, 28.18, 30.32, 26.773, 126, 134, 259, 590, 1131, 1530, 2072, 2351, 3382, 261, 0, 0, 21, 18, 27, 62, 183, 279, 384, 402, 564, 50, 0, 0
18:21:24, 1153.90, 28.18, 30.34, 26.773, 113, 117, 221, 509, 1026, 1419, 1921, 2180, 3598, 284, 0, 0, 18, 16, 22, 51, 150, 233, 324, 340, 486, 43, 0, 0
18:21:25, 1162.50, 28.17, 30.32, 26.773, 83, 81, 141, 328, 747, 1049, 1439, 1659, 2031, 154, 0, 0, 16, 14, 19, 43, 131, 207, 291, 306, 435, 39, 0, 0
18:21:25, 1164.60, 28.17, 30.32, 26.766, 76, 73, 123, 287, 687, 973, 1344, 1557, 1908, 144, 0, 0, 15, 13, 18, 40, 125, 199, 281, 295, 421, 37, 0, 0
18:21:26, 1170.00, 28.16, 30.34, 26.773, 78, 78, 134, 317, 721, 1026, 1425, 1624, 2408, 187, 0, 0, 14, 12, 16, 37, 115, 183, 258, 272, 402, 36, 0, 0
18:21:27, 1176.70, 28.16, 30.34, 26.773, 68, 67, 112, 266, 644, 927, 1302, 1478, 2082, 161, 0, 0, 12, 11, 14, 32, 100, 162, 230, 242, 349, 31, 0, 0
18:21:27, 1182.50, 28.16, 30.32, 26.758, 56, 54, 88, 208, 516, 751, 1054, 1201, 1512, 116, 0, 0, 11, 10, 12, 27, 90, 146, 208, 219, 313, 28, 0, 0
18:21:28, 1188.50, 28.15, 30.32, 26.766, 53, 50, 81, 192, 473, 698, 985, 1118, 1460, 113, 0, 0, 10, 9, 11, 24, 80, 132, 189, 199, 281, 25, 0, 0
18:21:29, 1191.10, 28.15, 30.32, 26.766, 47, 45, 70, 166, 424, 630, 896, 1024, 1268, 98, 0, 0, 9, 8, 10, 22, 78, 129, 186, 195, 269, 24, 0, 0
18:21:29, 1194.20, 28.15, 30.34, 26.766, 45, 43, 66, 155, 431, 643, 916, 1041, 1322, 102, 0, 0, 9, 8, 10, 22, 76, 126, 182, 192, 276, 24, 0, 0
18:21:30, 1197.30, 28.15, 30.32, 26.773, 45, 42, 64, 151, 393, 590, 836, 955, 1181, 91, 0, 0, 9, 8, 10, 22, 75, 126, 182, 191, 272, 24, 0, 0
18:21:31, 1202.30, 28.15, 30.34, 26.773, 46, 44, 67, 159, 395, 598, 854, 969, 1333, 105, 0, 0, 9, 7, 9, 20, 69, 117, 170, 179, 251, 22, 0, 0
18:21:31, 1212.00, 28.15, 30.34, 26.766, 43, 40, 59, 140, 375, 573, 830, 939, 1293, 102, 0, 0, 8, 7, 9, 18, 61, 104, 153, 161, 232, 20, 0, 0
18:21:32, 1213.30, 28.15, 30.34, 26.773, 32, 30, 43, 99, 269, 419, 603, 690, 818, 64, 0, 0, 7, 6, 7, 15, 57, 98, 145, 152, 207, 18, 0, 0
18:21:33, 1214.60, 28.15, 30.35, 26.773, 34, 31, 45, 105, 298, 462, 670, 761, 957, 75, 0, 0, 7, 6, 7, 16, 57, 99, 146, 154, 212, 19, 0, 0
18:21:33, 1219.30, 28.15, 30.32, 26.766, 35, 33, 47, 109, 312, 487, 711, 807, 1089, 87, 0, 0, 7, 6, 8, 16, 57, 99, 146, 155, 220, 19, 0, 0
18:21:34, 1225.50, 28.15, 30.34, 26.773, 34, 33, 46, 107, 290, 457, 670, 765, 1052, 84, 0, 0, 7, 6, 7, 14, 54, 93, 140, 148, 205, 18, 0, 0
18:21:35, 1233.70, 28.14, 30.32, 26.773, 32, 30, 42, 96, 274, 436, 644, 734, 1033, 83, 0, 0, 7, 6, 7, 13, 49, 87, 131, 139, 192, 17, 0, 0
18:21:35, 1231.90, 28.14, 30.32, 26.766, 28, 26, 35, 79, 232, 374, 552, 632, 826, 67, 0, 0, 7, 6, 7, 13, 51, 91, 138, 146, 197, 17, 0, 0
18:21:36, 1234.00, 28.14, 30.35, 26.766, 31, 30, 40, 91, 271, 436, 648, 743, 987, 79, 0, 0, 7, 6, 7, 14, 52, 92, 139, 148, 204, 18, 0, 0
18:21:37, 1238.90, 28.14, 30.32, 26.766, 32, 30, 41, 93, 279, 451, 676, 772, 1065, 86, 0, 0, 7, 6, 7, 14, 51, 92, 139, 148, 207, 18, 0, 0
18:21:37, 1246.40, 28.13, 30.35, 26.766, 31, 29, 38, 84, 259, 424, 636, 730, 923, 74, 0, 0, 7, 6, 7, 13, 50, 89, 137, 145, 204, 18, 0, 0
18:21:38, 1254.60, 28.13, 30.28, 26.766, 28, 27, 35, 75, 221, 368, 555, 641, 778, 62, 0, 0, 6, 5, 6, 11, 44, 81, 125, 133, 177, 16, 0, 0
18:21:39, 1255.10, 28.12, 30.32, 26.766, 26, 24, 31, 67, 195, 329, 493, 570, 662, 53, 0, 0, 6, 5, 6, 12, 45, 83, 129, 138, 180, 16, 0, 0
18:21:39, 1256.70, 28.12, 30.34, 26.766, 28, 27, 35, 75, 228, 382, 583, 669, 894, 73, 0, 0, 6, 5, 6, 11, 44, 81, 126, 134, 175, 15, 0, 0
18:21:40, 1261.70, 28.12, 30.34, 26.766, 27, 25, 33, 70, 223, 374, 570, 654, 821, 66, 0, 0, 6, 5, 6, 11, 44, 80, 125, 134, 188, 16, 0, 0
18:21:41, 1270.60, 28.12, 30.30, 26.766, 24, 23, 29, 62, 184, 313, 479, 551, 698, 57, 0, 0, 5, 4, 5, 9, 35, 65, 101, 109, 146, 13, 0, 0
18:21:41, 1275.30, 28.12, 30.34, 26.758, 20, 18, 23, 47, 149, 258, 398, 458, 586, 48, 0, 0, 4, 3, 4, 7, 30, 56, 88, 94, 122, 11, 0, 0
18:21:42, 1278.50, 28.11, 30.34, 26.758, 17, 16, 20, 39, 136, 235, 364, 417, 537, 44, 0, 0, 4, 3, 3, 7, 27, 51, 80, 86, 117, 10, 0, 0
18:21:43, 1280.70, 28.11, 30.32, 26.758, 15, 14, 17, 35, 112, 196, 300, 344, 413, 34, 0, 0, 3, 3, 3, 6, 25, 47, 74, 79, 107, 9, 0, 0
18:21:43, 1287.50, 28.10, 30.30, 26.750, 14, 13, 17, 34, 107, 188, 291, 333, 440, 36, 0, 0, 3, 2, 3, 5, 21, 40, 63, 68, 91, 8, 0, 0
18:21:44, 1293.10, 28.10, 30.32, 26.750, 12, 11, 14, 28, 90, 159, 248, 284, 367, 30, 0, 0, 3, 2, 2, 4, 18, 35, 56, 60, 78, 7, 0, 0
18:21:45, 1294.80, 28.09, 30.35, 26.750, 11, 10, 13, 24, 81, 144, 226, 258, 311, 25, 0, 0, 3, 2, 2, 4, 18, 35, 57, 61, 79, 7, 0, 0
18:21:45, 1297.50, 28.09, 30.32, 26.742, 11, 11, 14, 26, 88, 157, 247, 283, 366, 30, 0, 0, 3, 2, 2, 4, 19, 36, 59, 63, 83, 7, 0, 0
18:21:46, 1300.10, 28.09, 30.34, 26.742, 12, 11, 14, 26, 91, 162, 255, 293, 375, 31, 0, 0, 3, 2, 2, 4, 19, 37, 60, 64, 85, 7, 0, 0
18:21:47, 1304.60, 28.08, 30.34, 26.742, 12, 11, 14, 26, 92, 165, 262, 301, 393, 33, 0, 0, 3, 2, 2, 4, 19, 36, 59, 63, 84, 7, 0, 0
18:21:47, 1310.20, 28.08, 30.34, 26.742, 11, 11, 13, 25, 84, 153, 244, 279, 361, 30, 0, 0, 2, 2, 2, 4, 17, 33, 55, 59, 77, 7, 0, 0
18:21:48, 1311.80, 28.07, 30.34, 26.742, 10, 10, 12, 22, 75, 138, 221, 254, 316, 26, 0, 0, 2, 2, 2, 3, 16, 32, 53, 57, 74, 6, 0, 0
18:21:49, 1312.10, 28.07, 30.35, 26.727, 10, 9, 12, 21, 74, 137, 218, 250, 301, 25, 0, 0, 2, 2, 2, 4, 17, 33, 55, 59, 77, 7, 0, 0
18:21:49, 1318.10, 28.07, 30.32, 26.727, 11, 10, 12, 23, 80, 146, 236, 270, 344, 29, 0, 0, 2, 2, 2, 4, 17, 34, 56, 61, 83, 7, 0, 0
18:21:50, 1322.30, 28.07, 30.34, 26.727, 10, 9, 11, 20, 66, 124, 199, 229, 268, 22, 0, 0, 2, 2, 2, 3, 15, 30, 50, 54, 68, 6, 0, 0
18:21:51, 1324.50, 28.07, 30.32, 26.727, 9, 9, 11, 19, 65, 122, 196, 226, 256, 21, 0, 0, 2, 2, 2, 3, 15, 30, 51, 55, 70, 6, 0, 0
18:21:51, 1334.00, 28.07, 30.32, 26.727, 9, 9, 11, 18, 65, 122, 200, 230, 316, 27, 0, 0, 2, 1, 2, 3, 13, 27, 45, 49, 64, 5, 0, 0
18:21:52, 1338.60, 28.06, 30.35, 26.727, 8, 7, 9, 16, 53, 101, 167, 191, 232, 19, 0, 0, 2, 1, 1, 2, 12, 24, 40, 44, 55, 4, 0, 0
18:21:53, 1341.90, 28.06, 30.35, 26.719, 7, 7, 8, 13, 51, 97, 159, 183, 222, 18, 0, 0, 1, 1, 1, 2, 11, 23, 39, 42, 54, 4, 0, 0
18:21:53, 1347.80, 28.05, 30.35, 26.719, 7, 6, 8, 14, 49, 92, 152, 175, 229, 19, 0, 0, 1, 1, 1, 2, 10, 20, 35, 37, 48, 4, 0, 0
18:21:54, 1352.50, 28.05, 30.34, 26.719, 6, 6, 7, 11, 42, 81, 135, 154, 195, 16, 0, 0, 1, 1, 1, 2, 9, 18, 31, 33, 42, 3, 0, 0
18:21:55, 1354.50, 28.04, 30.34, 26.711, 5, 5, 6, 9, 35, 69, 114, 131, 146, 12, 0, 0, 1, 1, 1, 1, 8, 17, 30, 32, 42, 3, 0, 0
18:21:55, 1358.70, 28.04, 30.28, 26.711, 5, 5, 6, 10, 36, 70, 117, 134, 166, 14, 0, 0, 1, 0, 1, 1, 8, 16, 27, 30, 38, 3, 0, 0
18:21:56, 1362.20, 28.03, 30.34, 26.711, 4, 4, 6, 8, 31, 62, 104, 119, 141, 12, 0, 0, 1, 0, 0, 1, 7, 14, 25, 27, 34, 2, 0, 0
18:21:57, 1367.20, 28.03, 30.32, 26.711, 4, 4, 5, 8, 28, 56, 95, 109, 137, 12, 0, 0, 1, 0, 0, 1, 6, 13, 22, 24, 31, 2, 0, 0
18:21:57, 1370.00, 28.03, 30.32, 26.703, 3, 3, 4, 7, 25, 50, 84, 96, 117, 10, 0, 0, 1, 0, 0, 1, 5, 12, 20, 22, 27, 2, 0, 0
18:21:58, 1370.70, 28.02, 30.34, 26.703, 3, 3, 4, 7, 24, 47, 80, 92, 110, 9, 0, 0, 1, 0, 0, 1, 5, 12, 20, 22, 27, 2, 0, 0
18:21:59, 1376.40, 28.02, 30.32, 26.687, 3, 3, 4, 7, 25, 49, 84, 97, 128, 11, 0, 0, 1, 0, 0, 1, 5, 12, 21, 22, 29, 2, 0, 0
18:21:59, 1379.80, 28.02, 30.34, 26.672, 3, 3, 4, 5, 22, 45, 78, 89, 101, 8, 0, 0, 1, 0, 0, 1, 5, 11, 20, 22, 27, 2, 0, 0
18:22:00, 1381.80, 28.01, 30.32, 26.672, 3, 3, 4, 6, 23, 46, 79, 90, 103, 9, 0, 0, 1, 0, 0, 1, 5, 11, 20, 22, 27, 2, 0, 0
18:22:01, 1383.60, 28.01, 30.34, 26.625, 3, 3, 4, 6, 23, 47, 81, 93, 105, 9, 0, 0, 1, 0, 0, 1, 5, 12, 21, 23, 29, 2, 0, 0
18:22:01, 1384.40, 27.99, 30.28, 26.625, 3, 3, 4, 7, 24, 49, 84, 98, 116, 10, 0, 0, 1, 0, 0, 1, 5, 12, 21, 23, 28, 2, 0, 0
18:22:02, 1388.10, 27.99, 30.30, 26.594, 3, 3, 4, 7, 24, 49, 84, 98, 113, 9, 0, 0, 1, 0, 0, 1, 6, 12, 22, 24, 30, 2, 0, 0
18:22:03, 1391.40, 27.98, 30.35, 26.570, 3, 3, 4, 7, 24, 48, 84, 97, 120, 10, 0, 0, 1, 0, 0, 1, 5, 11, 20, 22, 27, 2, 0, 0
18:22:03, 1393.50, 27.98, 30.34, 26.570, 3, 3, 4, 5, 21, 44, 77, 89, 103, 9, 0, 0, 1, 0, 0, 1, 5, 10, 19, 21, 25, 2, 0, 0
18:22:04, 1393.90, 27.97, 30.32, 26.562, 3, 3, 4, 6, 20, 41, 70, 81, 93, 8, 0, 0, 0, 0, 0, 1, 5, 10, 18, 20, 24, 1, 0, 0
18:22:05, 1391.00, 27.96, 30.30, 26.555, 3, 2, 3, 5, 18, 38, 65, 76, 85, 7, 0, 0, 1, 0, 0, 1, 5, 10, 18, 20, 24, 2, 0, 0
18:22:05, 1392.80, 27.95, 30.32, 26.555, 4, 2, 4, 5, 19, 40, 69, 80, 94, 8, 0, 0, 1, 0, 0, 1, 4, 9, 17, 19, 23, 2, 0, 0
18:22:06, 1394.90, 27.94, 30.30, 26.555, 3, 2, 3, 5, 18, 38, 66, 76, 90, 8, 0, 0, 0, 0, 0, 0, 4, 9, 17, 18, 21, 1, 0, 0
18:22:07, 1400.30, 27.94, 30.34, 26.555, 2, 2, 3, 5, 18, 37, 64, 74, 94, 8, 0, 0, 0, 0, 0, 0, 4, 8, 15, 17, 21, 1, 0, 0
18:22:07, 1403.20, 27.94, 30.32, 26.555, 2, 2, 3, 4, 16, 33, 58, 67, 76, 6, 0, 0, 0, 0, 0, 0, 3, 8, 14, 16, 19, 1, 0, 0
18:22:08, 1403.40, 27.93, 30.34, 26.555, 2, 2, 3, 3, 15, 31, 54, 61, 70, 6, 0, 0, 0, 0, 0, 1, 3, 7, 14, 15, 18, 1, 0, 0
18:22:09, 1403.40, 27.93, 30.34, 26.562, 2, 2, 3, 3, 13, 28, 49, 55, 64, 5, 0, 0, 0, 0, 0, 0, 3, 7, 12, 14, 17, 1, 0, 0
18:22:09, 1406.60, 27.92, 30.32, 26.562, 2, 2, 2, 4, 12, 26, 45, 52, 63, 5, 0, 0, 0, 0, 0, 0, 2, 6, 10, 11, 14, 1, 0, 0
18:22:10, 1408.80, 27.92, 30.34, 26.555, 1, 1, 2, 3, 10, 20, 36, 41, 45, 4, 0, 0, 0, 0, 0, 0, 2, 5, 9, 9, 11, 0, 0, 0
18:22:11, 1413.40, 27.92, 30.32, 26.547, 1, 1, 2, 3, 8, 18, 32, 37, 43, 4, 0, 0, 0, 0, 0, 0, 2, 4, 7, 8, 10, 0, 0, 0
18:22:11, 1416.80, 27.92, 30.32, 26.547, 1, 1, 2, 2, 7, 16, 29, 33, 40, 3, 0, 0, 0, 0, 0, 0, 1, 3, 7, 7, 9, 0, 0, 0
18:22:12, 1419.50, 27.91, 30.28, 26.539, 1, 1, 1, 2, 7, 15, 26, 30, 35, 3, 0, 0, 0, 0, 0, 0, 1, 3, 6, 7, 9, 0, 0, 0
18:22:13, 1419.70, 27.91, 30.32, 26.547, 1, 1, 1, 2, 6, 14, 24, 28, 32, 3, 0, 0, 0, 0, 0, 0, 1, 3, 6, 7, 8, 0, 0, 0
18:22:13, 1421.70, 27.91, 30.32, 26.547, 1, 1, 1, 2, 6, 14, 25, 27, 30, 3, 0, 0, 0, 0, 0, 0, 1, 3, 6, 7, 8, 0, 0, 0
18:22:14, 1425.80, 27.90, 30.34, 26.531, 1, 1, 1, 2, 6, 14, 25, 28, 30, 3, 0, 0, 0, 0, 0, 0, 1, 3, 6, 7, 9, 0, 0, 0
18:22:15, 1430.90, 27.90, 30.30, 26.539, 1, 1, 1, 2, 6, 14, 26, 30, 38, 3, 0, 0, 0, 0, 0, 0, 1, 3, 6, 7, 8, 0, 0, 0
18:22:15, 1433.90, 27.90, 30.34, 26.539, 1, 1, 1, 2, 6, 13, 23, 26, 30, 3, 0, 0, 0, 0, 0, 0, 1, 3, 6, 7, 8, 0, 0, 0
18:22:16, 1435.50, 27.89, 30.34, 26.523, 0, 0, 1, 2, 5, 12, 22, 25, 30, 3, 0, 0, 0, 0, 0, 0, 1, 3, 6, 6, 8, 0, 0, 0
18:22:17, 1434.60, 27.89, 30.34, 26.531, 0, 0, 1, 1, 5, 12, 22, 25, 26, 2, 0, 0, 0, 0, 0, 0, 1, 3, 6, 7, 8, 0, 0, 0
18:22:17, 1433.30, 27.88, 30.30, 26.531, 0, 1, 1, 1, 5, 12, 23, 26, 27, 2, 0, 0, 0, 0, 0, 0, 1, 3, 6, 7, 8, 0, 0, 0
18:22:18, 1437.10, 27.88, 30.32, 26.523, 1, 1, 1, 1, 6, 13, 24, 27, 36, 3, 0, 0, 0, 0, 0, 0, 1, 3, 6, 6, 8, 0, 0, 0
18:22:19, 1441.50, 27.88, 30.30, 26.523, 0, 1, 1, 2, 5, 12, 22, 25, 33, 3, 0, 0, 0, 0, 0, 0, 1, 3, 5, 6, 7, 0, 0, 0
18:22:19, 1446.20, 27.88, 30.30, 26.523, 0, 0, 1, 2, 5, 11, 20, 22, 28, 2, 0, 0, 0, 0, 0, 0, 1, 2, 5, 6, 7, 0, 0, 0
18:22:20, 1446.90, 27.87, 30.34, 26.523, 0, 0, 1, 2, 5, 11, 20, 22, 25, 2, 0, 0, 0, 0, 0, 0, 1, 3, 5, 6, 7, 0, 0, 0
18:22:21, 1444.10, 27.87, 30.32, 26.531, 0, 0, 1, 2, 5, 10, 20, 22, 22, 2, 0, 0, 0, 0, 0, 0, 1, 3, 6, 6, 7, 0, 0, 0
18:22:21, 1448.60, 27.87, 30.32, 26.531, 0, 1, 1, 2, 5, 12, 23, 26, 33, 3, 0, 0, 0, 0, 0, 0, 1, 3, 6, 7, 9, 0, 0, 0
18:22:22, 1451.10, 27.87, 30.26, 26.523, 0, 1, 1, 2, 5, 12, 23, 26, 33, 3, 0, 0, 0, 0, 0, 0, 1, 3, 6, 6, 8, 0, 0, 0
18:22:23, 1455.50, 27.86, 30.30, 26.531, 0, 0, 1, 2, 5, 11, 22, 24, 29, 2, 0, 0, 0, 0, 0, 0, 1, 3, 6, 6, 7, 0, 0, 0
18:22:23, 1453.70, 27.86, 30.34, 26.531, 0, 0, 1, 2, 4, 10, 20, 23, 22, 2, 0, 0, 0, 0, 0, 0, 1, 3, 7, 7, 8, 0, 0, 0
18:22:24, 1451.30, 27.86, 30.30, 26.531, 1, 1, 1, 2, 5, 13, 24, 27, 27, 2, 0, 0, 0, 0, 0, 0, 2, 4, 7, 8, 9, 0, 0, 0
18:22:25, 1453.50, 27.85, 30.30, 26.531, 1, 1, 2, 2, 7, 15, 28, 32, 39, 3, 0, 0, 0, 0, 0, 0, 2, 4, 7, 8, 10, 0, 0, 0
18:22:25, 1456.70, 27.85, 30.30, 26.531, 1, 1, 2, 2, 6, 15, 28, 31, 36, 3, 0, 0, 0, 0, 0, 0, 2, 4, 8, 9, 10, 0, 0, 0
18:22:26, 1459.10, 27.85, 30.32, 26.531, 1, 1, 2, 2, 7, 16, 29, 34, 38, 3, 0, 0, 0, 0, 0, 0, 2, 4, 7, 9, 10, 0, 0, 0
18:22:27, 1457.90, 27.85, 30.28, 26.531, 1, 1, 2, 2, 7, 14, 27, 31, 31, 3, 0, 0, 0, 0, 0, 0, 2, 4, 8, 9, 10, 0, 0, 0
18:22:27, 1452.70, 27.84, 30.32, 26.531, 1, 1, 1, 2, 6, 14, 26, 30, 32, 3, 0, 0, 0, 0, 0, 0, 2, 4, 9, 10, 11, 0, 0, 0
18:22:28, 1455.00, 27.84, 30.32, 26.531, 1, 1, 2, 1, 7, 17, 32, 37, 45, 4, 0, 0, 0, 0, 0, 0, 2, 4, 8, 9, 11, 0, 0, 0
18:22:29, 1458.80, 27.84, 30.34, 26.531, 1, 1, 2, 1, 7, 17, 31, 35, 40, 3, 0, 0, 0, 0, 0, 0, 2, 4, 8, 9, 11, 0, 0, 0
18:22:29, 1461.70, 27.84, 30.32, 26.531, 1, 1, 2, 2, 7, 15, 29, 33, 35, 3, 0, 0, 0, 0, 0, 0, 2, 4, 8, 9, 10, 0, 0, 0
18:22:30, 1461.90, 27.83, 30.32, 26.531, 1, 1, 2, 2, 6, 14, 27, 31, 32, 3, 0, 0, 0, 0, 0, 0, 2, 4, 8, 9, 10, 0, 0, 0
18:22:31, 1459.30, 27.83, 30.35, 26.531, 1, 1, 1, 1, 6, 13, 25, 29, 33, 3, 0, 0, 0, 0, 0, 0, 2, 4, 8, 9, 11, 0, 0, 0
18:22:31, 1459.10, 27.82, 30.32, 26.531, 1, 1, 1, 1, 6, 13, 25, 29, 31, 3, 0, 0, 0, 0, 0, 0, 2, 4, 8, 10, 11, 0, 0, 0
18:22:32, 1459.90, 27.82, 30.35, 26.531, 1, 1, 2, 1, 7, 16, 31, 35, 41, 4, 0, 0, 0, 0, 0, 0, 2, 4, 8, 9, 10, 0, 0, 0
18:22:33, 1463.60, 27.82, 30.30, 26.531, 1, 1, 2, 1, 7, 15, 29, 34, 39, 3, 0, 0, 0, 0, 0, 0, 2, 4, 8, 9, 10, 0, 0, 0
18:22:34, 1466.90, 27.82, 30.30, 26.539, 1, 1, 2, 1, 7, 15, 29, 34, 40, 3, 0, 0, 0, 0, 0, 0, 1, 4, 7, 8, 10, 0, 0, 0
18:22:34, 1468.10, 27.82, 30.34, 26.539, 1, 1, 1, 2, 6, 14, 26, 30, 33, 3, 0, 0, 0, 0, 0, 0, 1, 4, 7, 8, 9, 0, 0, 0
18:22:35, 1467.00, 27.81, 30.34, 26.539, 1, 1, 1, 2, 5, 12, 22, 26, 26, 2, 0, 0, 0, 0, 0, 0, 2, 4, 8, 9, 9, 0, 0, 0
18:22:36, 1465.80, 27.81, 30.30, 26.531, 0, 0, 1, 1, 5, 11, 22, 24, 27, 2, 0, 0, 0, 0, 0, 0, 2, 4, 8, 9, 10, 0, 0, 0
18:22:36, 1469.20, 27.81, 30.32, 26.539, 1, 1, 1, 2, 6, 14, 27, 32, 37, 3, 0, 0, 0, 0, 0, 0, 1, 3, 7, 8, 9, 0, 0, 0
18:22:37, 1473.70, 27.80, 30.28, 26.539, 1, 1, 2, 2, 6, 14, 27, 30, 37, 3, 0, 0, 0, 0, 0, 0, 1, 3, 7, 8, 9, 0, 0, 0
18:22:38, 1478.50, 27.81, 30.30, 26.539, 1, 1, 1, 2, 5, 13, 24, 28, 31, 3, 0, 0, 0, 0, 0, 0, 1, 3, 6, 7, 8, 0, 0, 0
18:22:38, 1480.20, 27.81, 30.34, 26.539, 0, 0, 1, 2, 4, 10, 20, 22, 24, 2, 0, 0, 0, 0, 0, 0, 1, 3, 6, 7, 8, 0, 0, 0
18:22:39, 1481.20, 27.81, 30.30, 26.539, 0, 0, 1, 1, 4, 9, 18, 20, 22, 2, 0, 0, 0, 0, 0, 0, 1, 3, 6, 7, 8, 0, 0, 0
18:22:40, 1486.30, 27.80, 30.32, 26.523, 0, 0, 1, 1, 5, 11, 22, 25, 28, 2, 0, 0, 0, 0, 0, 0, 1, 3, 5, 6, 8, 0, 0, 0
18:22:40, 1489.20, 27.80, 30.28, 26.539, 0, 0, 1, 1, 4, 11, 21, 24, 27, 2, 0, 0, 0, 0, 0, 0, 1, 2, 5, 6, 7, 0, 0, 0
18:22:41, 1491.90, 27.80, 30.30, 26.539, 0, 0, 1, 2, 4, 10, 20, 22, 25, 2, 0, 0, 0, 0, 0, 0, 1, 2, 5, 6, 7, 0, 0, 0
18:22:42, 1494.10, 27.80, 30.30, 26.531, 0, 0, 1, 0, 4, 9, 18, 21, 24, 2, 0, 0, 0, 0, 0, 0, 1, 2, 5, 6, 7, 0, 0, 0
18:22:42, 1497.60, 27.80, 30.32, 26.539, 0, 0, 1, 0, 4, 9, 18, 20, 22, 2, 0, 0, 0, 0, 0, 0, 1, 2, 5, 6, 7, 0, 0, 0
18:22:43, 1501.40, 27.80, 30.34, 26.539, 0, 0, 1, 0, 3, 9, 17, 20, 22, 2, 0, 0, 0, 0, 0, 0, 1, 2, 5, 5, 7, 0, 0, 0
18:22:44, 1504.40, 27.80, 30.30, 26.531, 0, 0, 1, 0, 3, 8, 17, 20, 23, 2, 0, 0, 0, 0, 0, 0, 1, 2, 4, 5, 6, 0, 0, 0
18:22:44, 1507.30, 27.80, 30.30, 26.531, 0, 0, 1, 0, 3, 8, 16, 17, 21, 2, 0, 0, 0, 0, 0, 0, 1, 2, 4, 5, 6, 0, 0, 0
18:22:45, 1509.90, 27.79, 30.28, 26.531, 0, 0, 1, 1, 3, 8, 16, 18, 22, 2, 0, 0, 0, 0, 0, 0, 1, 2, 4, 5, 6, 0, 0, 0
18:22:46, 1511.80, 27.79, 30.34, 26.516, 0, 0, 1, 1, 3, 7, 15, 17, 19, 2, 0, 0, 0, 0, 0, 0, 1, 2, 4, 5, 5, 0, 0, 0
18:22:46, 1515.00, 27.79, 30.32, 26.508, 0, 0, 1, 0, 3, 7, 14, 16, 17, 2, 0, 0, 0, 0, 0, 0, 1, 2, 4, 5, 5, 0, 0, 0
18:22:47, 1514.30, 27.78, 30.28, 26.508, 0, 0, 1, 1, 3, 7, 14, 16, 17, 2, 0, 0, 0, 0, 0, 0, 1, 2, 4, 5, 5, 0, 0, 0
18:22:48, 1513.30, 27.78, 30.32, 26.500, 0, 0, 1, 0, 3, 7, 15, 16, 19, 2, 0, 0, 0, 0, 0, 0, 1, 2, 4, 5, 6, 0, 0, 0
18:22:48, 1510.70, 27.78, 30.32, 26.492, 0, 0, 1, 1, 3, 8, 15, 17, 19, 2, 0, 0, 0, 0, 0, 0, 1, 2, 4, 5, 6, 0, 0, 0
18:22:49, 1508.40, 27.77, 30.32, 26.492, 0, 0, 1, 1, 3, 7, 14, 17, 16, 1, 0, 0, 0, 0, 0, 0, 1, 2, 4, 5, 6, 0, 0, 0
18:22:50, 1509.30, 27.77, 30.34, 26.484, 0, 0, 1, 1, 3, 7, 15, 17, 20, 2, 0, 0, 0, 0, 0, 0, 1, 2, 4, 5, 6, 0, 0, 0
18:22:50, 1511.20, 27.77, 30.34, 26.484, 0, 0, 1, 1, 3, 7, 15, 18, 21, 2, 0, 0, 0, 0, 0, 0, 1, 2, 4, 5, 6, 0, 0, 0
18:22:51, 1512.80, 27.77, 30.32, 26.484, 0, 0, 1, 0, 3, 7, 15, 17, 20, 2, 0, 0, 0, 0, 0, 0, 1, 2, 4, 5, 5, 0, 0, 0
18:22:52, 1514.50, 27.77, 30.28, 26.484, 0, 0, 1, 1, 3, 7, 14, 16, 18, 2, 0, 0, 0, 0, 0, 0, 1, 2, 4, 5, 5, 0, 0, 0
18:22:52, 1514.90, 27.77, 30.28, 26.484, 0, 0, 1, 0, 3, 7, 14, 16, 17, 2, 0, 0, 0, 0, 0, 0, 1, 2, 4, 5, 5, 0, 0, 0
18:22:53, 1515.40, 27.76, 30.30, 26.484, 0, 0, 1, 1, 3, 7, 14, 16, 18, 2, 0, 0, 0, 0, 0, 0, 1, 2, 4, 5, 5, 0, 0, 0
18:22:54, 1517.00, 27.76, 30.30, 26.484, 0, 0, 1, 0, 3, 7, 14, 15, 20, 2, 0, 0, 0, 0, 0, 0, 1, 2, 3, 4, 5, 0, 0, 0
18:22:54, 1517.90, 27.76, 30.26, 26.484, 0, 0, 1, 1, 2, 6, 12, 13, 15, 1, 0, 0, 0, 0, 0, 0, 1, 1, 3, 4, 4, 0, 0, 0
18:22:55, 1519.20, 27.76, 30.30, 26.500, 0, 0, 1, 1, 2, 5, 11, 12, 12, 1, 0, 0, 0, 0, 0, 0, 0, 1, 3, 4, 4, 0, 0, 0
18:22:56, 1519.20, 27.76, 30.30, 26.516, 0, 0, 1, 0, 2, 5, 10, 12, 12, 1, 0, 0, 0, 0, 0, 0, 0, 1, 3, 3, 4, 0, 0, 0
18:22:56, 1520.90, 27.76, 30.28, 26.516, 0, 0, 1, 0, 2, 5, 10, 11, 14, 1, 0, 0, 0, 0, 0, 0, 0, 1, 2, 3, 3, 0, 0, 0
18:22:57, 1523.20, 27.76, 30.34, 26.523, 0, 0, 1, 1, 2, 4, 10, 10, 12, 1, 0, 0, 0, 0, 0, 0, 0, 1, 2, 3, 3, 0, 0, 0
18:22:58, 1524.80, 27.76, 30.30, 26.539, 0, 0, 1, 1, 1, 4, 8, 9, 9, 1, 0, 0, 0, 0, 0, 0, 0, 1, 2, 3, 3, 0, 0, 0
18:22:58, 1525.60, 27.76, 30.32, 26.539, 0, 0, 1, 0, 1, 4, 8, 9, 9, 1, 0, 0, 0, 0, 0, 0, 0, 1, 2, 3, 3, 0, 0, 0
18:22:59, 1525.40, 27.76, 30.28, 26.531, 0, 0, 1, 1, 1, 4, 8, 9, 11, 1, 0, 0, 0, 0, 0, 0, 0, 1, 2, 3, 3, 0, 0, 0
18:23:00, 1525.40, 27.76, 30.30, 26.531, 0, 0, 1, 1, 1, 3, 8, 9, 10, 1, 0, 0, 0, 0, 0, 0, 0, 1, 2, 2, 2, 0, 0, 0
18:23:00, 1522.90, 27.76, 30.30, 26.531, 0, 0, 1, 1, 1, 3, 6, 7, 7, 1, 0, 0, 0, 0, 0, 0, 0, 1, 2, 2, 2, 0, 0, 0
18:23:01, 1523.30, 27.76, 30.32, 26.531, 0, 0, 1, 1, 1, 3, 7, 7, 8, 1, 0, 0, 0, 0, 0, 0, 0, 1, 1, 2, 2, 0, 0, 0
18:23:02, 1523.30, 27.76, 30.30, 26.539, 0, 0, 1, 1, 1, 3, 6, 6, 9, 1, 0, 0, 0, 0, 0, 0, 0, 0, 1, 2, 2, 0, 0, 0
18:23:02, 1522.50, 27.76, 30.28, 26.539, 0, 0, 1, 1, 1, 3, 6, 6, 7, 1, 0, 0, 0, 0, 0, 0, 0, 1, 2, 2, 2, 0, 0, 0
18:23:03, 1522.20, 27.76, 30.32, 26.531, 0, 0, 1, 1, 1, 3, 6, 7, 7, 1, 0, 0, 0, 0, 0, 0, 0, 1, 2, 2, 2, 0, 0, 0
18:23:04, 1521.90, 27.76, 30.30, 26.531, 0, 0, 1, 1, 1, 3, 7, 7, 10, 1, 0, 0, 0, 0, 0, 0, 0, 1, 2, 3, 3, 0, 0, 0
18:23:04, 1522.00, 27.76, 30.28, 26.531, 0, 0, 1, 1, 1, 3, 7, 8, 8, 1, 0, 0, 0, 0, 0, 0, 0, 1, 2, 3, 3, 0, 0, 0
18:23:05, 1519.30, 27.76, 30.34, 26.516, 0, 0, 1, 1, 1, 3, 7, 8, 8, 1, 0, 0, 0, 0, 0, 0, 0, 1, 2, 3, 3, 0, 0, 0
18:23:06, 1518.30, 27.76, 30.34, 26.523, 0, 0, 1, 0, 1, 3, 8, 9, 9, 1, 0, 0, 0, 0, 0, 0, 0, 1, 3, 3, 3, 0, 0, 0
18:23:06, 1518.80, 27.76, 30.32, 26.523, 0, 0, 1, 1, 1, 4, 8, 9, 10, 1, 0, 0, 0, 0, 0, 0, 0, 1, 3, 3, 4, 0, 0, 0
18:23:07, 1518.40, 27.76, 30.34, 26.516, 0, 0, 1, 1, 1, 4, 9, 9, 10, 1, 0, 0, 0, 0, 0, 0, 0, 1, 3, 4, 4, 0, 0, 0
18:23:08, 1515.60, 27.76, 30.28, 26.523, 0, 0, 1, 1, 1, 4, 9, 10, 11, 1, 0, 0, 0, 0, 0, 0, 0, 1, 3, 4, 4, 0, 0, 0
18:23:08, 1514.60, 27.75, 30.30, 26.523, 0, 0, 1, 0, 2, 5, 10, 11, 13, 1, 0, 0, 0, 0, 0, 0, 1, 1, 3, 4, 5, 0, 0, 0
18:23:09, 1513.90, 27.75, 30.28, 26.516, 0, 0, 1, 1, 2, 5, 11, 12, 12, 1, 0, 0, 0, 0, 0, 0, 1, 2, 4, 5, 5, 0, 0, 0
18:23:10, 1512.10, 27.75, 30.34, 26.531, 0, 0, 1, 1, 2, 5, 11, 13, 13, 1, 0, 0, 0, 0, 0, 0, 1, 2, 4, 5, 5, 0, 0, 0
18:23:10, 1514.90, 27.76, 30.32, 26.531, 0, 0, 1, 0, 2, 6, 13, 15, 16, 1, 0, 0, 0, 0, 0, 0, 1, 2, 4, 5, 5, 0, 0, 0
18:23:11, 1514.10, 27.75, 30.26, 26.523, 0, 0, 1, 1, 2, 6, 12, 13, 13, 1, 0, 0, 0, 0, 0, 0, 1, 2, 4, 5, 5, 0, 0, 0
18:23:12, 1511.30, 27.75, 30.28, 26.531, 0, 0, 1, 0, 2, 6, 12, 14, 15, 1, 0, 0, 0, 0, 0, 0, 1, 2, 5, 5, 6, 0, 0, 0
18:23:12, 1510.50, 27.75, 30.30, 26.531, 0, 0, 1, 0, 2, 6, 12, 14, 16, 1, 0, 0, 0, 0, 0, 0, 1, 2, 4, 5, 5, 0, 0, 0
18:23:13, 1508.00, 27.76, 30.34, 26.531, 0, 0, 1, 1, 2, 6, 12, 14, 13, 1, 0, 0, 0, 0, 0, 0, 1, 2, 5, 6, 6, 0, 0, 0
18:23:14, 1506.50, 27.76, 30.26, 26.531, 0, 0, 1, 0, 2, 6, 13, 14, 15, 1, 0, 0, 0, 0, 0, 0, 1, 2, 5, 6, 6, 0, 0, 0
18:23:14, 1507.40, 27.76, 30.24, 26.531, 0, 0, 1, 1, 3, 7, 14, 16, 18, 2, 0, 0, 0, 0, 0, 0, 1, 2, 4, 5, 6, 0, 0, 0
18:23:15, 1507.40, 27.76, 30.28, 26.531, 0, 0, 1, 1, 2, 6, 12, 14, 13, 1, 0, 0, 0, 0, 0, 0, 1, 2, 5, 6, 6, 0, 0, 0
18:23:16, 1501.70, 27.76, 30.30, 26.531, 0, 0, 1, 1, 2, 5, 11, 12, 12, 1, 0, 0, 0, 0, 0, 0, 1, 2, 5, 6, 6, 0, 0, 0
18:23:16, 1496.80, 27.76, 30.28, 26.531, 0, 0, 1, 1, 2, 6, 12, 14, 15, 1, 0, 0, 0, 0, 0, 0, 1, 2, 5, 6, 7, 0, 0, 0
18:23:17, 1498.00, 27.75, 30.26, 26.523, 0, 0, 1, 1, 3, 7, 14, 15, 17, 1, 0, 0, 0, 0, 0, 0, 1, 2, 5, 6, 6, 0, 0, 0
18:23:18, 1499.70, 27.75, 30.28, 26.531, 0, 0, 1, 1, 3, 8, 16, 18, 23, 2, 0, 0, 0, 0, 0, 0, 1, 2, 5, 5, 6, 0, 0, 0
18:23:18, 1501.50, 27.75, 30.30, 26.531, 0, 0, 1, 1, 3, 7, 15, 16, 18, 2, 0, 0, 0, 0, 0, 0, 1, 2, 4, 5, 6, 0, 0, 0
18:23:19, 1499.50, 27.75, 30.32, 26.523, 0, 0, 1, 0, 2, 6, 12, 13, 12, 1, 0, 0, 0, 0, 0, 0, 1, 2, 5, 5, 6, 0, 0, 0
18:23:20, 1496.40, 27.75, 30.30, 26.531, 0, 0, 1, 0, 2, 6, 12, 13, 14, 1, 0, 0, 0, 0, 0, 0, 1, 2, 5, 5, 6, 0, 0, 0
18:23:20, 1494.00, 27.75, 30.30, 26.531, 0, 0, 1, 1, 2, 6, 12, 14, 16, 1, 0, 0, 0, 0, 0, 0, 1, 2, 4, 5, 6, 0, 0, 0
18:23:21, 1490.40, 27.75, 30.26, 26.531, 0, 0, 1, 0, 2, 5, 11, 13, 11, 1, 0, 0, 0, 0, 0, 0, 1, 2, 5, 6, 6, 0, 0, 0
18:23:22, 1480.20, 27.75, 30.26, 26.531, 0, 0, 1, 1, 2, 5, 10, 12, 11, 1, 0, 0, 0, 0, 0, 0, 1, 3, 5, 6, 6, 0, 0, 0
18:23:22, 1470.30, 27.75, 30.30, 26.531, 0, 0, 1, 0, 2, 6, 12, 14, 15, 1, 0, 0, 0, 0, 0, 0, 1, 3, 6, 7, 7, 0, 0, 0
18:23:23, 1459.50, 27.75, 30.28, 26.531, 0, 0, 1, 1, 3, 7, 13, 14, 14, 1, 0, 0, 0, 0, 0, 0, 2, 4, 8, 9, 9, 0, 0, 0
18:23:24, 1456.50, 27.75, 30.28, 26.531, 0, 0, 1, 1, 4, 9, 17, 20, 19, 2, 0, 0, 0, 0, 0, 0, 2, 4, 7, 8, 9, 0, 0, 0
18:23:24, 1446.60, 27.75, 30.32, 26.531, 0, 0, 1, 0, 4, 9, 17, 18, 24, 2, 0, 0, 0, 0, 0, 0, 2, 5, 10, 11, 12, 1, 0, 0
18:23:25, 1440.90, 27.75, 30.24, 26.523, 0, 0, 1, 1, 4, 9, 16, 19, 18, 2, 0, 0, 0, 0, 0, 0, 2, 6, 11, 12, 13, 0, 0, 0
18:23:26, 1437.90, 27.75, 30.26, 26.523, 1, 1, 1, 2, 6, 15, 27, 31, 34, 3, 0, 0, 0, 0, 0, 0, 2, 6, 11, 12, 13, 0, 0, 0
18:23:26, 1433.70, 27.74, 30.26, 26.531, 1, 1, 1, 2, 6, 15, 27, 31, 30, 3, 0, 0, 0, 0, 0, 0, 3, 6, 12, 13, 14, 1, 0, 0
18:23:27, 1422.20, 27.74, 30.30, 26.523, 1, 1, 1, 2, 5, 12, 22, 25, 26, 2, 0, 0, 1, 0, 0, 1, 4, 10, 18, 19, 19, 1, 0, 0
18:23:28, 1415.90, 27.74, 30.30, 26.523, 1, 1, 1, 2, 5, 12, 23, 25, 21, 2, 0, 0, 1, 0, 0, 1, 5, 12, 22, 24, 24, 2, 0, 0
18:23:28, 1413.50, 27.73, 30.28, 26.523, 1, 1, 2, 2, 7, 15, 27, 31, 25, 2, 0, 0, 1, 0, 0, 1, 5, 12, 21, 23, 24, 2, 0, 0
18:23:29, 1402.30, 27.73, 30.28, 26.539, 1, 1, 2, 3, 8, 18, 33, 36, 31, 3, 0, 0, 1, 0, 0, 1, 6, 13, 24, 26, 27, 2, 0, 0
18:23:30, 1394.00, 27.72, 30.30, 26.539, 1, 1, 2, 3, 9, 19, 33, 37, 33, 3, 0, 0, 1, 1, 1, 1, 7, 15, 27, 29, 29, 2, 0, 0
18:23:30, 1392.50, 27.72, 30.28, 26.531, 2, 1, 2, 2, 11, 23, 40, 46, 49, 4, 0, 0, 1, 0, 0, 1, 6, 12, 22, 24, 27, 2, 0, 0
18:23:31, 1383.30, 27.72, 30.26, 26.539, 1, 1, 2, 3, 9, 21, 36, 40, 45, 4, 0, 0, 1, 1, 1, 1, 7, 16, 28, 30, 32, 2, 0, 0
18:23:32, 1378.40, 27.72, 30.28, 26.539, 1, 1, 2, 3, 11, 24, 41, 46, 46, 4, 0, 0, 1, 1, 1, 1, 8, 16, 29, 31, 32, 2, 0, 0
18:23:32, 1373.30, 27.72, 30.30, 26.547, 2, 1, 2, 3, 12, 24, 42, 48, 42, 4, 0, 0, 1, 1, 1, 1, 7, 16, 27, 29, 31, 2, 0, 0
18:23:33, 1362.80, 27.72, 30.28, 26.555, 1, 1, 2, 3, 10, 22, 37, 41, 43, 4, 0, 0, 1, 1, 1, 2, 9, 19, 33, 36, 36, 3, 0, 0
18:23:34, 1359.90, 27.73, 30.28, 26.555, 1, 1, 2, 3, 11, 24, 40, 45, 43, 4, 0, 0, 1, 1, 1, 2, 9, 19, 34, 36, 39, 3, 0, 0
18:23:34, 1358.90, 27.73, 30.28, 26.570, 2, 2, 3, 4, 14, 30, 50, 56, 74, 6, 0, 0, 1, 1, 1, 1, 8, 17, 29, 31, 36, 3, 0, 0
18:23:35, 1354.60, 27.74, 30.26, 26.594, 2, 2, 3, 4, 12, 24, 40, 45, 41, 4, 0, 0, 1, 1, 1, 2, 10, 20, 34, 37, 38, 3, 0, 0
18:23:36, 1351.10, 27.74, 30.28, 26.594, 2, 1, 2, 4, 13, 27, 45, 51, 47, 4, 0, 0, 1, 1, 1, 1, 8, 16, 28, 29, 33, 2, 0, 0
18:23:36, 1343.60, 27.75, 30.24, 26.617, 2, 2, 3, 5, 16, 31, 52, 56, 77, 7, 0, 0, 1, 1, 1, 1, 8, 16, 28, 30, 35, 3, 0, 0
18:23:37, 1337.50, 27.75, 30.28, 26.641, 2, 2, 3, 4, 13, 26, 42, 46, 43, 4, 0, 0, 1, 1, 1, 2, 10, 20, 34, 36, 38, 3, 0, 0
18:23:38, 1332.40, 27.76, 30.26, 26.641, 2, 2, 3, 5, 17, 33, 54, 59, 59, 5, 0, 0, 1, 1, 1, 2, 8, 17, 28, 30, 34, 3, 0, 0
18:23:38, 1322.60, 27.76, 30.26, 26.641, 2, 2, 3, 4, 16, 31, 49, 55, 60, 5, 0, 0, 2, 1, 1, 2, 11, 22, 37, 39, 42, 3, 0, 0
18:23:39, 1319.30, 27.77, 30.28, 26.664, 3, 2, 4, 6, 21, 41, 65, 71, 73, 6, 0, 0, 1, 1, 1, 2, 10, 19, 31, 33, 39, 3, 0, 0
18:23:40, 1308.70, 27.77, 30.30, 26.664, 2, 2, 3, 5, 18, 35, 55, 59, 70, 6, 0, 0, 2, 1, 2, 3, 15, 29, 47, 49, 53, 4, 0, 0
18:23:40, 1309.00, 27.78, 30.28, 26.680, 3, 3, 4, 7, 25, 47, 74, 81, 84, 7, 0, 0, 1, 1, 1, 2, 12, 24, 39, 40, 45, 4, 0, 0
18:23:41, 1300.40, 27.78, 30.26, 26.703, 3, 2, 4, 5, 20, 38, 58, 64, 66, 6, 0, 0, 2, 2, 2, 4, 18, 34, 55, 56, 63, 5, 0, 0
18:23:42, 1302.60, 27.78, 30.26, 26.703, 3, 2, 4, 5, 23, 44, 68, 74, 77, 7, 0, 0, 2, 1, 1, 3, 14, 27, 44, 46, 52, 4, 0, 0
18:23:42, 1294.80, 27.79, 30.26, 26.711, 4, 3, 5, 7, 26, 49, 76, 83, 106, 9, 0, 0, 2, 1, 2, 3, 17, 32, 51, 53, 64, 5, 0, 0
18:23:43, 1293.40, 27.79, 30.26, 26.719, 3, 3, 4, 7, 25, 46, 70, 76, 77, 6, 0, 0, 3, 2, 2, 4, 17, 34, 53, 56, 62, 5, 0, 0
18:23:44, 1290.90, 27.79, 30.26, 26.719, 4, 4, 5, 8, 31, 57, 88, 97, 92, 8, 0, 0, 2, 2, 2, 4, 18, 35, 55, 57, 64, 5, 0, 0
18:23:44, 1283.90, 27.80, 30.26, 26.719, 4, 4, 5, 9, 31, 58, 87, 96, 119, 10, 0, 0, 3, 2, 2, 4, 20, 38, 61, 63, 76, 7, 0, 0
18:23:45, 1282.30, 27.80, 30.26, 26.719, 4, 4, 5, 9, 32, 58, 87, 97, 103, 9, 0, 0, 3, 2, 3, 5, 21, 40, 63, 65, 74, 6, 0, 0
18:23:46, 1279.90, 27.80, 30.26, 26.719, 6, 5, 7, 12, 46, 82, 123, 136, 152, 13, 0, 0, 2, 2, 2, 4, 19, 36, 56, 58, 72, 6, 0, 0
18:23:46, 1271.30, 27.81, 30.26, 26.711, 5, 5, 7, 13, 38, 69, 104, 113, 146, 12, 0, 0, 3, 3, 3, 6, 26, 49, 76, 78, 94, 8, 0, 0
18:23:47, 1272.70, 27.81, 30.26, 26.719, 6, 5, 7, 12, 46, 82, 122, 134, 157, 13, 0, 0, 3, 2, 3, 5, 21, 39, 60, 63, 79, 7, 0, 0
18:23:48, 1270.40, 27.81, 30.26, 26.719, 8, 7, 9, 18, 60, 105, 156, 172, 216, 18, 0, 0, 3, 2, 2, 5, 22, 41, 63, 65, 81, 7, 0, 0
18:23:48, 1259.40, 27.81, 30.30, 26.711, 7, 6, 8, 16, 47, 83, 123, 135, 152, 13, 0, 0, 4, 3, 4, 8, 33, 60, 92, 95, 109, 9, 0, 0
18:23:49, 1259.30, 27.82, 30.28, 26.719, 6, 5, 7, 14, 52, 91, 135, 147, 186, 16, 0, 0, 4, 3, 4, 7, 30, 54, 82, 85, 110, 10, 0, 0
18:23:50, 1256.00, 27.82, 30.28, 26.719, 7, 6, 8, 16, 53, 92, 135, 149, 181, 15, 0, 0, 4, 3, 4, 8, 33, 60, 92, 95, 109, 9, 0, 0
18:23:50, 1249.70, 27.82, 30.28, 26.719, 7, 6, 9, 16, 56, 96, 141, 156, 164, 14, 0, 0, 5, 4, 4, 8, 36, 64, 98, 101, 118, 10, 0, 0
18:23:51, 1248.20, 27.82, 30.24, 26.727, 8, 7, 10, 20, 72, 124, 180, 199, 242, 20, 0, 0, 4, 3, 4, 8, 32, 58, 89, 92, 112, 10, 0, 0
18:23:52, 1239.80, 27.82, 30.24, 26.727, 9, 8, 11, 22, 60, 103, 150, 165, 185, 15, 0, 0, 6, 5, 6, 11, 48, 85, 129, 133, 159, 14, 0, 0
18:23:52, 1238.80, 27.82, 30.26, 26.719, 8, 7, 9, 19, 61, 105, 151, 166, 204, 17, 0, 0, 6, 5, 6, 12, 47, 83, 125, 130, 146, 13, 0, 0
18:23:53, 1238.70, 27.82, 30.26, 26.727, 8, 7, 10, 20, 66, 112, 162, 179, 183, 15, 0, 0, 6, 5, 5, 11, 43, 76, 115, 119, 140, 12, 0, 0
18:23:54, 1238.30, 27.82, 30.28, 26.727, 8, 7, 10, 21, 65, 111, 159, 174, 219, 18, 0, 0, 5, 5, 5, 11, 42, 74, 112, 116, 137, 12, 0, 0
18:23:54, 1232.60, 27.82, 30.26, 26.727, 9, 7, 11, 21, 66, 112, 161, 177, 184, 15, 0, 0, 6, 5, 6, 12, 49, 86, 129, 134, 154, 13, 0, 0
18:23:55, 1233.20, 27.82, 30.26, 26.727, 12, 10, 14, 30, 94, 155, 224, 246, 324, 27, 0, 0, 5, 4, 5, 11, 42, 73, 110, 114, 149, 13, 0, 0
18:23:56, 1228.50, 27.82, 30.28, 26.727, 10, 9, 12, 26, 74, 124, 176, 194, 222, 18, 0, 0, 7, 6, 7, 14, 55, 96, 142, 148, 166, 15, 0, 0
18:23:56, 1227.30, 27.82, 30.26, 26.727, 11, 9, 13, 27, 83, 137, 195, 215, 226, 19, 0, 0, 6, 5, 6, 13, 47, 82, 122, 127, 155, 14, 0, 0
18:23:57, 1227.40, 27.82, 30.24, 26.727, 16, 14, 20, 45, 131, 212, 306, 336, 511, 43, 0, 0, 5, 4, 5, 11, 43, 75, 111, 116, 157, 14, 0, 0
18:23:58, 1221.10, 27.82, 30.28, 26.727, 13, 11, 16, 34, 92, 151, 213, 235, 255, 21, 0, 0, 8, 6, 8, 16, 63, 109, 159, 167, 189, 17, 0, 0
18:23:58, 1221.80, 27.83, 30.24, 26.727, 11, 9, 13, 27, 82, 135, 192, 210, 210, 17, 0, 0, 8, 7, 8, 16, 55, 96, 142, 147, 177, 16, 0, 0
18:23:59, 1221.80, 27.83, 30.26, 26.727, 16, 14, 20, 45, 129, 209, 296, 325, 447, 37, 0, 0, 6, 5, 6, 12, 46, 80, 120, 124, 166, 15, 0, 0
18:24:00, 1212.10, 27.83, 30.26, 26.727, 15, 13, 18, 41, 115, 185, 259, 287, 316, 26, 0, 0, 8, 7, 8, 17, 67, 115, 168, 175, 207, 18, 0, 0
18:24:01, 1209.50, 27.83, 30.26, 26.742, 16, 13, 20, 44, 121, 194, 270, 298, 344, 28, 0, 0, 9, 7, 9, 19, 66, 112, 164, 169, 221, 20, 0, 0
18:24:01, 1215.10, 27.84, 30.24, 26.742, 23, 21, 30, 71, 183, 287, 403, 449, 580, 47, 0, 0, 7, 6, 7, 14, 52, 90, 132, 138, 179, 16, 0, 0
18:24:02, 1215.40, 27.84, 30.26, 26.766, 17, 15, 22, 49, 145, 228, 325, 358, 374, 30, 0, 0, 7, 6, 7, 15, 53, 91, 133, 139, 180, 16, 0, 0
18:24:03, 1215.60, 27.84, 30.26, 26.766, 19, 17, 25, 55, 173, 272, 384, 428, 533, 43, 0, 0, 6, 5, 6, 14, 51, 87, 129, 134, 185, 16, 0, 0
18:24:03, 1215.80, 27.84, 30.26, 26.766, 20, 18, 26, 62, 168, 266, 377, 416, 615, 51, 0, 0, 7, 5, 7, 14, 52, 89, 132, 137, 183, 16, 0, 0
18:24:04, 1213.60, 27.85, 30.24, 26.781, 20, 18, 26, 58, 163, 257, 363, 404, 448, 36, 0, 0, 7, 6, 7, 15, 55, 95, 140, 146, 189, 17, 0, 0
18:24:05, 1212.10, 27.85, 30.22, 26.797, 19, 18, 26, 58, 164, 257, 366, 406, 441, 36, 0, 0, 7, 6, 7, 15, 57, 98, 144, 150, 190, 17, 0, 0
18:24:05, 1210.40, 27.85, 30.30, 26.797, 21, 18, 27, 62, 174, 273, 384, 425, 608, 50, 0, 0, 7, 6, 7, 15, 57, 97, 143, 149, 211, 19, 0, 0
18:24:06, 1211.00, 27.85, 30.24, 26.781, 21, 19, 28, 65, 167, 263, 369, 410, 550, 45, 0, 0, 7, 6, 7, 15, 57, 97, 143, 149, 193, 17, 0, 0
18:24:07, 1211.10, 27.85, 30.26, 26.773, 20, 18, 26, 59, 159, 247, 351, 388, 407, 33, 0, 0, 8, 7, 8, 17, 61, 105, 153, 161, 212, 19, 0, 0
18:24:07, 1209.10, 27.85, 30.22, 26.773, 20, 18, 26, 58, 145, 227, 322, 355, 369, 30, 0, 0, 8, 7, 8, 18, 60, 103, 152, 158, 199, 18, 0, 0
18:24:08, 1205.20, 27.85, 30.24, 26.773, 20, 18, 26, 60, 167, 263, 367, 408, 530, 43, 0, 0, 8, 7, 9, 18, 66, 113, 165, 172, 222, 20, 0, 0
18:24:09, 1202.30, 27.85, 30.26, 26.789, 20, 17, 25, 57, 154, 242, 337, 375, 428, 35, 0, 0, 9, 7, 9, 18, 66, 113, 165, 173, 220, 19, 0, 0
18:24:09, 1191.40, 27.85, 30.24, 26.789, 20, 18, 26, 60, 156, 245, 339, 372, 507, 42, 0, 0, 11, 9, 12, 25, 93, 154, 225, 233, 309, 28, 0, 0
18:24:10, 1187.50, 27.85, 30.28, 26.781, 18, 16, 23, 55, 152, 237, 323, 355, 460, 38, 0, 0, 13, 11, 14, 31, 107, 177, 257, 268, 329, 29, 0, 0
18:24:11, 1188.10, 27.85, 30.26, 26.789, 28, 24, 38, 88, 227, 343, 471, 524, 604, 49, 0, 0, 12, 10, 13, 27, 89, 149, 217, 230, 306, 27, 0, 0
18:24:11, 1177.10, 27.85, 30.24, 26.789, 28, 25, 38, 90, 230, 349, 476, 525, 702, 57, 0, 0, 13, 11, 14, 31, 119, 193, 280, 291, 379, 34, 0, 0
18:24:12, 1175.10, 27.86, 30.26, 26.781, 23, 19, 30, 72, 180, 273, 364, 401, 492, 41, 0, 0, 17, 15, 20, 43, 124, 201, 287, 300, 377, 34, 0, 0
18:24:13, 1175.80, 27.86, 30.26, 26.797, 28, 24, 38, 90, 247, 370, 500, 552, 704, 57, 0, 0, 13, 12, 15, 32, 108, 175, 252, 264, 372, 33, 0, 0
18:24:13, 1175.40, 27.86, 30.26, 26.797, 28, 26, 41, 99, 248, 368, 507, 545, 912, 78, 0, 0, 15, 13, 17, 37, 122, 197, 283, 295, 404, 36, 0, 0
18:24:14, 1168.30, 27.86, 30.22, 26.805, 27, 23, 37, 87, 218, 326, 435, 481, 549, 45, 0, 0, 19, 16, 21, 46, 154, 247, 347, 362, 444, 40, 0, 0
18:24:15, 1173.90, 27.86, 30.26, 26.820, 34, 30, 49, 113, 336, 492, 663, 739, 955, 77, 0, 0, 13, 11, 15, 32, 106, 173, 247, 260, 369, 33, 0, 0
18:24:15, 1171.90, 27.86, 30.24, 26.820, 33, 29, 47, 112, 298, 441, 592, 660, 856, 69, 0, 0, 14, 12, 16, 34, 124, 201, 286, 300, 382, 34, 0, 0
18:24:16, 1163.40, 27.87, 30.22, 26.820, 29, 26, 42, 98, 240, 349, 475, 521, 543, 44, 0, 0, 20, 17, 23, 51, 160, 256, 359, 376, 468, 42, 0, 0
18:24:17, 1158.80, 27.87, 30.22, 26.828, 31, 27, 45, 106, 252, 369, 489, 541, 640, 53, 0, 0, 22, 19, 26, 57, 167, 262, 370, 385, 512, 46, 0, 0
18:24:17, 1156.30, 27.88, 30.22, 26.828, 38, 34, 57, 135, 287, 419, 556, 615, 786, 64, 0, 0, 22, 19, 26, 57, 187, 295, 416, 438, 565, 51, 0, 0
18:24:18, 1154.50, 27.88, 30.24, 26.828, 31, 27, 46, 107, 261, 382, 504, 555, 729, 60, 0, 0, 25, 22, 30, 67, 204, 318, 449, 473, 643, 57, 0, 0
18:24:19, 1155.90, 27.88, 30.22, 26.828, 38, 34, 58, 139, 318, 460, 608, 672, 894, 73, 0, 0, 22, 20, 27, 59, 178, 281, 398, 421, 540, 48, 0, 0
18:24:19, 1159.20, 27.88, 30.22, 26.828, 50, 46, 79, 183, 497, 703, 948, 1068, 1399, 111, 0, 0, 18, 16, 21, 47, 150, 238, 339, 362, 508, 45, 0, 0
18:24:20, 1156.90, 27.88, 30.26, 26.828, 42, 38, 64, 153, 391, 562, 749, 828, 1215, 100, 0, 0, 19, 17, 23, 50, 163, 258, 369, 394, 551, 49, 0, 0
18:24:21, 1152.60, 27.88, 30.26, 26.836, 36, 32, 54, 127, 290, 420, 552, 613, 734, 60, 0, 0, 25, 22, 30, 66, 203, 318, 445, 470, 580, 52, 0, 0
18:24:21, 1154.60, 27.88, 30.19, 26.836, 38, 33, 57, 133, 316, 454, 598, 661, 810, 66, 0, 0, 21, 19, 25, 57, 157, 246, 348, 368, 509, 46, 0, 0
18:24:22, 1154.40, 27.88, 30.24, 26.836, 55, 52, 91, 214, 433, 616, 815, 908, 1210, 98, 0, 0, 19, 17, 23, 51, 158, 249, 351, 373, 500, 45, 0, 0
18:24:23, 1155.40, 27.88, 30.24, 26.836, 62, 60, 106, 247, 577, 805, 1086, 1220, 1671, 133, 0, 0, 20, 17, 23, 51, 171, 269, 383, 409, 553, 50, 0, 0
18:24:23, 1149.60, 27.88, 30.24, 26.836, 54, 50, 88, 209, 358, 515, 683, 757, 1095, 91, 0, 0, 27, 24, 33, 73, 219, 341, 486, 524, 688, 62, 0, 0
18:24:24, 1153.30, 27.88, 30.24, 26.820, 40, 36, 61, 140, 330, 470, 632, 710, 822, 67, 0, 0, 26, 23, 31, 67, 185, 295, 427, 469, 598, 54, 0, 0
18:24:25, 1155.10, 27.88, 30.26, 26.820, 52, 49, 85, 198, 464, 658, 894, 1010, 1464, 119, 0, 0, 21, 18, 24, 52, 176, 279, 408, 447, 597, 54, 0, 0
18:24:25, 1158.00, 27.88, 30.21, 26.820, 49, 46, 79, 188, 400, 571, 758, 843, 1208, 99, 0, 0, 21, 19, 25, 55, 154, 246, 357, 391, 519, 47, 0, 0
18:24:26, 1161.30, 27.87, 30.24, 26.789, 58, 57, 99, 231, 510, 722, 984, 1105, 1451, 117, 0, 0, 18, 16, 21, 45, 138, 223, 325, 359, 489, 44, 0, 0
18:24:27, 1162.00, 27.87, 30.26, 26.789, 48, 46, 78, 182, 426, 606, 821, 922, 1139, 91, 0, 0, 18, 16, 21, 44, 135, 218, 319, 353, 489, 44, 0, 0
18:24:27, 1167.90, 27.87, 30.21, 26.789, 52, 51, 88, 206, 466, 666, 913, 1027, 1811, 151, 0, 0, 17, 15, 19, 42, 122, 197, 292, 326, 470, 42, 0, 0
18:24:28, 1176.70, 27.87, 30.22, 26.773, 43, 42, 69, 163, 390, 564, 786, 884, 1412, 116, 0, 0, 14, 12, 15, 32, 96, 159, 240, 269, 375, 34, 0, 0
18:24:29, 1182.20, 27.87, 30.22, 26.773, 33, 32, 50, 117, 277, 413, 579, 659, 929, 76, 0, 0, 11, 10, 12, 25, 82, 139, 212, 240, 302, 27, 0, 0
18:24:29, 1194.90, 27.87, 30.22, 26.766, 25, 23, 36, 82, 244, 367, 517, 586, 693, 56, 0, 0, 10, 8, 10, 21, 71, 121, 188, 216, 311, 28, 0, 0
18:24:30, 1208.00, 27.86, 30.22, 26.758, 23, 21, 32, 73, 171, 266, 386, 444, 587, 48, 0, 0, 6, 5, 6, 12, 41, 73, 118, 139, 178, 16, 0, 0
18:24:31, 1221.50, 27.86, 30.19, 26.758, 15, 14, 20, 44, 112, 180, 269, 314, 444, 37, 0, 0, 5, 4, 4, 8, 29, 53, 89, 107, 132, 12, 0, 0
18:24:31, 1234.30, 27.86, 30.22, 26.742, 10, 10, 13, 29, 77, 129, 199, 231, 300, 25, 0, 0, 4, 3, 3, 6, 21, 40, 69, 87, 100, 9, 0, 0
18:24:32, 1245.60, 27.85, 30.24, 26.719, 6, 6, 8, 15, 46, 80, 127, 151, 184, 15, 0, 0, 2, 2, 2, 4, 12, 22, 41, 53, 66, 6, 0, 0
18:24:33, 1244.00, 27.84, 30.21, 26.719, 4, 4, 5, 10, 24, 43, 70, 85, 85, 7, 0, 0, 0, 0, 0, 0, 0, 0, 0, 1, 0, 0, 0, 0
18:24:33, 1244.40, 27.84, 30.26, 26.695, 4, 4, 6, 11, 31, 55, 89, 107, 112, 9, 0, 0, 0, 0, 0, 0, 0, 0, 0, 0, 0, 0, 0, 0
18:24:34, 1239.50, 27.83, 30.24, 26.680, 3, 3, 4, 8, 26, 46, 74, 88, 85, 7, 0, 0, 0, 0, 0, 0, 0, 0, 0, 0, 1, 0, 0, 0
18:24:35, 1238.70, 27.83, 30.24, 26.680, 4, 4, 6, 11, 38, 65, 104, 125, 141, 12, 0, 0, 0, 0, 0, 0, 0, 0, 0, 0, 0, 0, 0, 0
18:24:35, 1238.20, 27.83, 30.26, 26.672, 4, 4, 5, 10, 31, 54, 87, 103, 106, 9, 0, 0, 0, 0, 0, 0, 0, 0, 0, 0, 0, 0, 0, 0
18:24:36, 1232.70, 27.83, 30.22, 26.672, 3, 3, 4, 7, 25, 44, 70, 82, 77, 6, 0, 0, 0, 0, 0, 0, 0, 0, 0, 0, 0, 0, 0, 0
18:24:37, 1226.70, 27.83, 30.21, 26.672, 4, 4, 6, 10, 26, 45, 71, 86, 71, 6, 0, 0, 0, 0, 0, 0, 0, 0, 0, 0, 0, 0, 0, 0
18:24:37, 1216.80, 27.83, 30.21, 26.664, 5, 5, 7, 13, 41, 69, 107, 125, 136, 11, 0, 0, 0, 0, 0, 0, 2, 4, 7, 10, 14, 1, 0, 0
18:24:38, 1213.50, 27.83, 30.21, 26.672, 6, 6, 8, 17, 48, 80, 122, 142, 171, 14, 0, 0, 1, 1, 0, 2, 7, 13, 23, 29, 38, 3, 0, 0
18:24:39, 1197.20, 27.83, 30.19, 26.672, 6, 6, 9, 19, 58, 93, 141, 162, 207, 17, 0, 0, 2, 1, 1, 3, 14, 26, 44, 55, 75, 6, 0, 0
18:24:39, 1184.40, 27.84, 30.19, 26.680, 9, 9, 13, 29, 83, 129, 190, 217, 323, 27, 0, 0, 3, 3, 3, 6, 25, 45, 72, 87, 119, 10, 0, 0
18:24:40, 1173.60, 27.84, 30.22, 26.687, 12, 12, 18, 41, 114, 172, 247, 280, 478, 40, 0, 0, 5, 4, 5, 10, 37, 63, 100, 117, 166, 15, 0, 0
18:24:41, 1165.10, 27.84, 30.17, 26.687, 15, 14, 23, 54, 134, 199, 278, 315, 618, 53, 0, 0, 6, 5, 6, 14, 46, 78, 121, 140, 200, 18, 0, 0
18:24:41, 1154.50, 27.84, 30.17, 26.695, 18, 17, 29, 69, 174, 252, 347, 388, 777, 65, 0, 0, 8, 6, 8, 17, 59, 97, 147, 167, 243, 22, 0, 0
18:24:42, 1151.40, 27.84, 30.19, 26.711, 19, 19, 33, 78, 189, 269, 364, 407, 873, 75, 0, 0, 9, 8, 10, 21, 70, 114, 170, 190, 287, 25, 0, 0
18:24:43, 1143.10, 27.85, 30.21, 26.711, 21, 21, 36, 85, 210, 298, 398, 444, 931, 78, 0, 0, 9, 8, 10, 22, 73, 118, 173, 192, 286, 25, 0, 0
18:24:43, 1138.90, 27.85, 30.19, 26.727, 26, 25, 46, 109, 243, 338, 448, 498, 1118, 95, 0, 0, 11, 9, 13, 29, 91, 143, 207, 227, 352, 32, 0, 0
18:24:44, 1139.10, 27.85, 30.19, 26.750, 29, 30, 56, 131, 283, 389, 519, 579, 1345, 117, 0, 0, 14, 12, 17, 37, 113, 177, 254, 278, 447, 40, 0, 0
18:24:45, 1133.00, 27.86, 30.22, 26.750, 33, 34, 63, 150, 337, 463, 622, 678, 1470, 121, 0, 0, 14, 12, 17, 39, 121, 187, 267, 290, 446, 40, 0, 0
18:24:45, 1129.90, 27.86, 30.17, 26.766, 37, 38, 71, 166, 343, 473, 621, 701, 1480, 124, 0, 0, 15, 13, 19, 42, 126, 195, 279, 301, 443, 40, 0, 0
18:24:46, 1127.40, 27.87, 30.19, 26.797, 39, 39, 73, 169, 379, 523, 688, 780, 1560, 129, 0, 0, 17, 15, 22, 49, 150, 231, 329, 355, 536, 48, 0, 0
18:24:47, 1125.00, 27.87, 30.21, 26.797, 50, 52, 99, 227, 487, 671, 886, 999, 2297, 192, 0, 0, 23, 20, 29, 66, 202, 308, 436, 470, 751, 67, 0, 0
18:24:47, 1123.60, 27.88, 30.21, 26.820, 57, 60, 112, 258, 500, 686, 908, 1027, 2590, 226, 0, 0, 27, 24, 35, 77, 221, 338, 479, 516, 823, 74, 0, 0
18:24:48, 1123.00, 27.88, 30.19, 26.859, 55, 58, 107, 244, 478, 659, 856, 987, 2266, 196, 0, 0, 24, 22, 31, 69, 196, 303, 430, 460, 679, 60, 0, 0
18:24:49, 1123.60, 27.89, 30.21, 26.859, 61, 63, 120, 273, 543, 749, 968, 1108, 2368, 197, 0, 0, 24, 21, 30, 67, 204, 314, 444, 475, 734, 65, 0, 0
18:24:49, 1125.30, 27.90, 30.21, 26.852, 64, 69, 128, 293, 583, 806, 1057, 1225, 3090, 270, 0, 0, 28, 25, 36, 81, 236, 361, 509, 546, 884, 79, 0, 0
18:24:50, 1128.30, 27.91, 30.22, 26.914, 64, 67, 125, 290, 632, 875, 1154, 1325, 3103, 259, 0, 0, 24, 22, 31, 68, 194, 300, 425, 454, 695, 62, 0, 0
18:24:51, 1131.40, 27.92, 30.17, 26.914, 64, 66, 124, 283, 556, 767, 995, 1158, 2284, 190, 0, 0, 20, 17, 24, 54, 161, 251, 357, 380, 560, 49, 0, 0
18:24:51, 1137.90, 27.92, 30.24, 26.937, 63, 66, 124, 285, 513, 712, 923, 1117, 2713, 246, 0, 0, 27, 24, 34, 75, 230, 357, 503, 542, 906, 82, 0, 0
18:24:52, 1140.00, 27.93, 30.19, 26.953, 81, 84, 157, 367, 817, 1138, 1554, 1752, 3543, 279, 0, 0, 22, 19, 26, 59, 180, 280, 398, 426, 672, 59, 0, 0
18:24:53, 1140.90, 27.93, 30.19, 26.953, 86, 91, 164, 386, 822, 1150, 1578, 1803, 3611, 290, 0, 0, 22, 19, 27, 60, 179, 279, 399, 428, 663, 59, 0, 0
18:24:53, 1132.50, 27.93, 30.21, 26.906, 75, 77, 137, 322, 754, 1049, 1435, 1675, 2718, 214, 0, 0, 23, 20, 28, 62, 189, 292, 416, 444, 652, 58, 0, 0
18:24:54, 1113.10, 27.93, 30.19, 26.875, 122, 129, 254, 579, 1421, 1923, 2610, 2903, 5519, 424, 0, 0, 31, 27, 41, 92, 286, 427, 592, 630, 1007, 89, 0, 0
18:24:55, 1100.90, 27.92, 30.19, 26.875, 262, 304, 638, 1366, 2526, 3303, 4383, 4894, 10386, 800, 0, 0, 44, 40, 65, 147, 417, 603, 820, 868, 1458, 129, 0, 0
18:24:55, 1095.10, 27.92, 30.21, 26.859, 307, 385, 804, 1658, 3333, 4302, 5520, 6544, 13941, 1151, 0, 0, 59, 55, 92, 207, 534, 761, 1026, 1085, 1845, 163, 0, 0
18:24:56, 1095.10, 27.92, 30.19, 26.906, 385, 488, 1031, 2055, 4514, 5822, 7602, 8813, 18490, 1501, 0, 0, 60, 56, 93, 209, 522, 751, 1019, 1086, 1826, 160, 0, 0
18:24:57, 1086.90, 27.93, 30.19, 26.906, 406, 527, 1085, 2218, 3103, 4023, 5146, 6044, 13561, 1072, 0, 0, 56, 53, 85, 193, 513, 735, 993, 1055, 1598, 142, 0, 0
18:24:57, 1074.40, 27.93, 30.19, 26.922, 546, 747, 1612, 3100, 5325, 6697, 8675, 9409, 16070, 1302, 0, 0, 70, 68, 119, 264, 696, 964, 1277, 1349, 2087, 185, 0, 0
18:24:58, 1063.90, 27.94, 30.22, 26.945, 604, 900, 1844, 3380, 8785, 10318, 13912, 15692, 25191, 2180, 0, 0, 97, 98, 181, 394, 934, 1256, 1638, 1727, 2956, 262, 0, 0
18:24:59, 1052.60, 27.94, 30.17, 26.945, 1079, 1660, 3454, 5538, 13434, 16170, 19663, 22394, 36000, 5347, 1, 1, 122, 133, 256, 533, 1143, 1488, 1912, 2013, 3880, 349, 0, 0
18:24:59, 1044.10, 27.95, 30.19, 26.953, 1689, 2902, 5736, 8852, 15394, 18619, 23582, 24910, 36000, 5051, 1, 1, 111, 122, 236, 485, 1113, 1427, 1824, 1911, 3757, 348, 0, 0
18:25:00, 1037.60, 27.95, 30.21, 26.977, 2566, 4764, 8390, 12942, 22834, 25950, 30135, 31875, 36000, 11622, 1, 1, 190, 230, 457, 888, 1835, 2296, 2871, 3055, 6430, 600, 0, 0
18:25:01, 1024.40, 27.96, 30.17, 26.977, 3304, 5603, 10366, 13674, 20706, 21518, 28957, 30062, 36000, 13998, 1, 1, 262, 343, 673, 1229, 2182, 2670, 3295, 3513, 7714, 769, 0, 0
18:25:01, 1019.90, 27.97, 30.19, 26.992, 6976, 9597, 18266, 20233, 27780, 31293, 33796, 34669, 36000, 29596, 1, 1, 291, 403, 769, 1348, 2210, 2654, 3309, 3496, 7874, 821, 0, 0
18:25:02, 1019.40, 27.97, 30.17, 26.992, 6720, 12681, 17812, 21863, 25550, 26413, 28357, 29369, 36000, 25407, 1, 1, 283, 386, 739, 1311, 2171, 2636, 3264, 3468, 7727, 806, 0, 0
18:25:03, 1014.40, 27.98, 30.19, 27.016, 10870, 17095, 22958, 29688, 31299, 34612, 35684, 35639, 36000, 35094, 1, 1, 312, 432, 823, 1440, 2477, 2982, 3663, 3917, 8647, 931, 0, 0
18:25:03, 1011.40, 27.98, 30.19, 27.023, 13102, 20825, 30441, 30047, 36000, 36000, 36000, 36000, 36000, 36000, 1, 1, 1814, 2870, 4170, 5474, 6611, 7161, 8454, 9583, 31059, 9975, 0, 0
18:25:04, 1010.00, 27.90, 30.19, 27.023, 9201, 16363, 23623, 28986, 31744, 28169, 34034, 36000, 36000, 36000, 1, 1, 4100, 6650, 9383, 11827, 21197, 22529, 27446, 30015, 36000, 18244, 1, 1
18:25:05, 1010.80, 27.94, 30.21, 27.047, 9235, 14093, 21720, 25063, 18584, 18482, 23563, 29543, 36000, 25206, 1, 1, 19364, 31849, 36000, 36000, 36000, 36000, 36000, 36000, 36000, 36000, 1, 1
18:25:05, 1011.00, 27.98, 30.22, 26.969, 1647, 4142, 3848, 9882, 8482, 5270, 19676, 6749, 11754, 6599, 0, 0, 10706, 18040, 24247, 30095, 36000, 36000, 36000, 36000, 36000, 36000, 1, 1
18:25:06, 1011.30, 27.98, 30.19, 26.969, 1902, 3831, 5940, 8813, 14643, 6104, 25036, 10442, 14549, 7744, 0, 0, 8584, 14228, 19523, 24174, 27717, 30421, 35390, 36000, 36000, 36000, 1, 1
