Secchi Depth (cm) = 0126
Forel Ule Scale = 20
pH Colour Scale = 99
SensingSecchi S/N = A016
Latitude (degs N) = 34.33548
Longitude (degs E) = -78.05277
Date = 2026-06-03
Time (UTC), Pressure (mbar) MS5803, Temp (deg C) MS5803, Temp (deg C) 10KTHERM, Temp (deg C) TMP117, ED 415nm, ED 445nm, ED 480nm, ED 515nm, ED 555nm, ED 590nm, ED 630nm, ED 680nm, ED Clear, ED NIR, ED D-SAT, ED A-SAT, EU 415nm, EU 445nm, EU 480nm, EU 515nm, EU 555nm, EU 590nm, EU 630nm, EU 680nm, EU Clear, EU NIR, EU D-SAT, EU A-SAT
17:41:00, 1018.40, 27.46, 27.35, 27.367, 77, 89, 101, 135, 167, 247, 442, 669, 1801, 1330, 0, 0, 3293, 5091, 6301, 8093, 8738, 11154, 14038, 19104, 36000, 36000, 1, 1
17:41:00, 1018.30, 27.46, 27.33, 27.367, 73, 84, 97, 129, 153, 227, 399, 591, 1605, 1187, 0, 0, 3409, 5276, 6549, 8403, 9949, 12796, 15653, 21335, 36000, 36000, 1, 1
17:41:01, 1018.40, 27.46, 27.33, 27.328, 87, 98, 111, 151, 222, 346, 624, 922, 2292, 1622, 0, 0, 3944, 6080, 7462, 9674, 10991, 14059, 17296, 23773, 36000, 36000, 1, 1
17:41:02, 1029.80, 27.39, 27.33, 27.305, 99, 111, 125, 169, 386, 583, 1025, 1496, 3984, 2885, 0, 0, 10895, 16037, 20630, 25957, 36000, 36000, 36000, 36000, 36000, 36000, 1, 1
17:41:02, 1013.20, 27.28, 27.35, 27.305, 242, 376, 514, 606, 885, 1038, 1334, 1812, 3714, 2240, 0, 0, 36000, 36000, 36000, 36000, 36000, 36000, 36000, 36000, 36000, 36000, 1, 1
17:41:03, 1016.60, 27.45, 27.37, 27.297, 699, 1167, 1620, 2080, 2961, 3239, 4021, 4871, 15740, 7789, 0, 0, 36000, 36000, 36000, 36000, 36000, 36000, 36000, 36000, 36000, 36000, 1, 1
17:41:04, 1018.00, 27.43, 27.30, 27.398, 217, 256, 309, 400, 636, 915, 1768, 2550, 6501, 4127, 0, 0, 4225, 6028, 7885, 9569, 10659, 14033, 17675, 24656, 36000, 36000, 1, 1
17:41:04, 1018.80, 27.44, 27.33, 27.398, 534, 774, 955, 1099, 1956, 2125, 2070, 2533, 19104, 9828, 0, 0, 4898, 7204, 9980, 11772, 13878, 16431, 20925, 26910, 36000, 36000, 1, 1
17:41:05, 1017.90, 27.44, 27.33, 27.414, 531, 776, 947, 1103, 1163, 1213, 1652, 1919, 8270, 4426, 0, 0, 4513, 6542, 9127, 10563, 13786, 15941, 20812, 26267, 36000, 36000, 1, 1
17:41:06, 1018.20, 27.50, 27.30, 27.422, 540, 769, 970, 1140, 1347, 1381, 1596, 1743, 7059, 2372, 0, 0, 4628, 6828, 10391, 11670, 22083, 23680, 27382, 31195, 36000, 36000, 1, 1
17:41:06, 1019.80, 27.50, 27.33, 27.422, 9291, 15560, 19507, 25247, 36000, 36000, 36000, 36000, 36000, 36000, 1, 1, 283, 423, 759, 1227, 2803, 3225, 3909, 4494, 11764, 2207, 0, 0
17:41:07, 1020.10, 27.43, 27.32, 26.867, 13241, 23518, 31629, 35729, 34511, 36000, 36000, 36000, 36000, 36000, 1, 1, 251, 381, 704, 1164, 1853, 2151, 2759, 3102, 6961, 797, 0, 0
17:41:08, 1025.90, 27.40, 27.30, 26.289, 14533, 22029, 32835, 36000, 36000, 36000, 36000, 36000, 36000, 36000, 1, 1, 197, 286, 534, 931, 1455, 1740, 2242, 2590, 4597, 515, 0, 0
17:41:08, 1034.30, 27.38, 27.35, 26.289, 9121, 13838, 19374, 21952, 17691, 19350, 21567, 22533, 19958, 4915, 0, 0, 157, 213, 407, 748, 1285, 1570, 2057, 2351, 4085, 425, 0, 0
17:41:09, 1036.60, 27.38, 27.33, 26.055, 13267, 26068, 35143, 35850, 24597, 25641, 27661, 28938, 36000, 19386, 1, 1, 171, 228, 441, 809, 1435, 1761, 2300, 2660, 5119, 514, 0, 0
17:41:10, 1037.90, 27.38, 27.33, 25.992, 8017, 9998, 22646, 23079, 30939, 33404, 35438, 36000, 36000, 21996, 1, 1, 176, 232, 454, 828, 1414, 1731, 2275, 2611, 5249, 516, 0, 0
17:41:10, 1038.20, 27.38, 27.35, 25.992, 6176, 7958, 16673, 18118, 32626, 34487, 34386, 34858, 36000, 23940, 1, 1, 156, 203, 396, 735, 1312, 1617, 2129, 2470, 4575, 459, 0, 0
17:41:11, 1037.70, 27.38, 27.35, 25.953, 4259, 9005, 13894, 20382, 24212, 26020, 32004, 32173, 36000, 12859, 1, 1, 149, 190, 366, 692, 1224, 1524, 2018, 2348, 3824, 391, 0, 0
17:41:12, 1038.70, 27.38, 27.33, 25.937, 1040, 1925, 3207, 4338, 6030, 6610, 7808, 8835, 18363, 2658, 0, 0, 144, 186, 360, 678, 1218, 1509, 2001, 2300, 3864, 389, 0, 0
17:41:12, 1040.70, 27.38, 27.30, 25.937, 9692, 17472, 25129, 31737, 31796, 32940, 35728, 35915, 36000, 24797, 1, 1, 164, 216, 421, 774, 1313, 1622, 2142, 2470, 4622, 463, 0, 0
17:41:13, 1042.30, 27.38, 27.30, 25.914, 6892, 11945, 22370, 28921, 31759, 33465, 35745, 35461, 36000, 19253, 1, 1, 159, 202, 392, 736, 1307, 1630, 2158, 2518, 4634, 457, 0, 0
17:41:14, 1042.40, 27.37, 27.32, 25.922, 4258, 7208, 11722, 20532, 27829, 30649, 34814, 33009, 36000, 23055, 1, 1, 162, 202, 392, 741, 1353, 1687, 2235, 2602, 4821, 470, 0, 0
17:41:14, 1040.60, 27.37, 27.35, 25.922, 7381, 12413, 22047, 29127, 24360, 26720, 28660, 28109, 36000, 20036, 1, 1, 172, 217, 425, 788, 1441, 1783, 2350, 2724, 5306, 514, 0, 0
17:41:15, 1040.10, 27.37, 27.30, 25.914, 6142, 8593, 18620, 20630, 28288, 31057, 33008, 33618, 36000, 21181, 1, 1, 171, 219, 430, 792, 1394, 1717, 2268, 2614, 5204, 503, 0, 0
17:41:16, 1038.50, 27.36, 27.28, 25.914, 9514, 17034, 20982, 29303, 31521, 31230, 35343, 35150, 36000, 22600, 1, 1, 172, 223, 435, 802, 1417, 1742, 2298, 2642, 5329, 522, 0, 0
17:41:16, 1036.90, 27.36, 27.32, 25.922, 3397, 6888, 10070, 17269, 28542, 27547, 34477, 33791, 36000, 19654, 1, 1, 175, 230, 450, 823, 1443, 1764, 2320, 2665, 5437, 534, 0, 0
17:41:17, 1032.90, 27.36, 27.30, 25.914, 3838, 8681, 12634, 19283, 34871, 34543, 35982, 35756, 36000, 30592, 1, 1, 193, 262, 511, 911, 1558, 1885, 2467, 2819, 5859, 589, 0, 0
17:41:18, 1033.20, 27.35, 27.26, 25.914, 7872, 14666, 23631, 31221, 34775, 35489, 35065, 36000, 36000, 33584, 1, 1, 195, 267, 520, 923, 1519, 1837, 2408, 2752, 5597, 570, 0, 0
17:41:18, 1033.30, 27.34, 27.28, 25.914, 7858, 13215, 25656, 28796, 33531, 35047, 36000, 36000, 36000, 28739, 1, 1, 195, 269, 520, 923, 1544, 1859, 2442, 2785, 5769, 588, 0, 0
17:41:19, 1033.50, 27.34, 27.26, 25.914, 7290, 14037, 22977, 32810, 32076, 34184, 35719, 35979, 36000, 27553, 1, 1, 182, 248, 480, 861, 1514, 1825, 2396, 2739, 5658, 578, 0, 0
17:41:20, 1031.90, 27.34, 27.32, 25.914, 6628, 12913, 20870, 28522, 30261, 31548, 35496, 35975, 36000, 23516, 1, 1, 185, 253, 490, 878, 1517, 1828, 2393, 2740, 5608, 579, 0, 0
17:41:20, 1033.20, 27.33, 27.30, 25.914, 11941, 16963, 26997, 31067, 31107, 30382, 34641, 35811, 36000, 23875, 1, 1, 179, 246, 473, 849, 1448, 1747, 2286, 2624, 5329, 552, 0, 0
17:41:21, 1034.70, 27.33, 27.28, 25.906, 7328, 16053, 22589, 31764, 34602, 35159, 36000, 36000, 36000, 26068, 1, 1, 176, 240, 465, 836, 1444, 1745, 2295, 2626, 5439, 556, 0, 0
17:41:22, 1034.10, 27.33, 27.28, 25.906, 5551, 11069, 15367, 20265, 23549, 24793, 27925, 30085, 36000, 17222, 1, 1, 177, 239, 464, 841, 1512, 1824, 2397, 2738, 5718, 578, 0, 0
17:41:22, 1033.00, 27.33, 27.30, 25.906, 8378, 12448, 21439, 24362, 35704, 35440, 36000, 36000, 36000, 29764, 1, 1, 184, 252, 488, 880, 1457, 1761, 2302, 2642, 5267, 546, 0, 0
17:41:23, 1035.10, 27.32, 27.26, 25.906, 20188, 30634, 35726, 36000, 29626, 30395, 34428, 35422, 36000, 20178, 1, 1, 170, 229, 444, 811, 1408, 1713, 2247, 2584, 5058, 519, 0, 0
17:41:24, 1034.20, 27.32, 27.24, 25.906, 8062, 9778, 20250, 21148, 30305, 32306, 34460, 35129, 36000, 26411, 1, 1, 178, 239, 464, 838, 1517, 1835, 2412, 2754, 5659, 571, 0, 0
17:41:24, 1032.10, 27.32, 27.30, 25.898, 8578, 12295, 22563, 27898, 33229, 36000, 36000, 36000, 36000, 32708, 1, 1, 196, 271, 526, 929, 1526, 1835, 2400, 2734, 5703, 587, 0, 0
17:41:25, 1034.40, 27.31, 27.28, 25.906, 9865, 21259, 27733, 35489, 34564, 35376, 36000, 36000, 36000, 31596, 1, 1, 170, 230, 446, 810, 1388, 1681, 2211, 2528, 5119, 520, 0, 0
17:41:26, 1035.50, 27.31, 27.26, 25.906, 8728, 10170, 20271, 22713, 28063, 33454, 36000, 36000, 36000, 21159, 1, 1, 169, 228, 444, 808, 1409, 1712, 2257, 2575, 5295, 528, 0, 0
17:41:26, 1033.80, 27.31, 27.26, 25.898, 11006, 13706, 22644, 26041, 30849, 33326, 36000, 36000, 36000, 23674, 1, 1, 179, 244, 474, 850, 1463, 1770, 2322, 2646, 5498, 553, 0, 0
17:41:27, 1035.40, 27.30, 27.28, 25.914, 12458, 18459, 27694, 32403, 34232, 35776, 36000, 36000, 36000, 24907, 1, 1, 167, 226, 442, 799, 1386, 1678, 2202, 2513, 5198, 520, 0, 0
17:41:28, 1037.70, 27.30, 27.26, 25.914, 8901, 10227, 20622, 23216, 29068, 30775, 32813, 34038, 36000, 23810, 1, 1, 153, 204, 399, 730, 1259, 1535, 2022, 2313, 4713, 465, 0, 0
17:41:28, 1036.20, 27.30, 27.28, 25.914, 7203, 13122, 25894, 30260, 30959, 34853, 34951, 35802, 36000, 22612, 1, 1, 153, 204, 399, 729, 1280, 1554, 2042, 2327, 4793, 471, 0, 0
17:41:29, 1034.60, 27.29, 27.28, 25.914, 5056, 9480, 17551, 22069, 29672, 33940, 35108, 36000, 36000, 21786, 1, 1, 158, 215, 420, 753, 1248, 1508, 1970, 2247, 4637, 466, 0, 0
17:41:30, 1037.50, 27.29, 27.28, 25.914, 5665, 9447, 19779, 24010, 26036, 27094, 28840, 30409, 36000, 17223, 1, 1, 136, 183, 357, 653, 1096, 1334, 1753, 1999, 4049, 399, 0, 0
17:41:30, 1037.60, 27.29, 27.24, 25.914, 7695, 9360, 16792, 18757, 19767, 21951, 27847, 32502, 36000, 14322, 1, 1, 123, 164, 322, 591, 1039, 1259, 1653, 1876, 3874, 379, 0, 0
17:41:31, 1035.50, 27.28, 27.24, 25.922, 5258, 9937, 18100, 22161, 18187, 21064, 25245, 27964, 36000, 13503, 1, 1, 117, 158, 310, 562, 962, 1162, 1513, 1715, 3533, 349, 0, 0
17:41:32, 1036.70, 27.28, 27.26, 25.922, 6439, 9587, 17886, 19858, 20938, 22372, 22984, 24959, 36000, 16784, 1, 1, 112, 152, 298, 547, 949, 1146, 1494, 1695, 3447, 344, 0, 0
17:41:32, 1037.20, 27.27, 27.26, 25.922, 4887, 6408, 12646, 15891, 19315, 21573, 26609, 29000, 36000, 14585, 1, 1, 125, 168, 331, 604, 1070, 1295, 1694, 1920, 3996, 392, 0, 0
17:41:33, 1035.90, 27.27, 27.26, 25.922, 6948, 9232, 16714, 20891, 24932, 27809, 32937, 35458, 36000, 18464, 1, 1, 134, 182, 357, 651, 1102, 1328, 1733, 1962, 4087, 403, 0, 0
17:41:34, 1039.20, 27.27, 27.24, 25.922, 4606, 8988, 14267, 18978, 23341, 25699, 28073, 32110, 36000, 15095, 1, 1, 107, 143, 283, 525, 884, 1073, 1398, 1585, 3193, 311, 0, 0
17:41:34, 1040.40, 27.26, 27.28, 25.930, 4716, 6106, 12891, 14630, 31317, 33342, 35593, 35867, 36000, 23008, 1, 1, 94, 124, 247, 461, 818, 992, 1295, 1460, 2994, 284, 0, 0
17:41:35, 1036.40, 27.26, 27.24, 25.969, 3494, 6254, 11229, 15408, 27775, 30850, 34072, 34696, 36000, 19215, 1, 1, 99, 135, 268, 487, 837, 1002, 1297, 1452, 3041, 290, 0, 0
17:41:36, 1038.30, 27.26, 27.26, 25.969, 3988, 6483, 12452, 14415, 19227, 20040, 22827, 26130, 36000, 12233, 1, 1, 78, 106, 210, 389, 649, 779, 1002, 1124, 2272, 218, 0, 0
17:41:36, 1041.20, 27.25, 27.23, 26.000, 2631, 3838, 7737, 9340, 10850, 12313, 15185, 16406, 36000, 6297, 1, 1, 62, 83, 169, 313, 524, 631, 810, 902, 1865, 175, 0, 0
17:41:37, 1041.50, 27.25, 27.28, 26.031, 2062, 2974, 5904, 7326, 13847, 15619, 20544, 21314, 36000, 8351, 1, 1, 55, 73, 149, 279, 497, 599, 768, 854, 1771, 165, 0, 0
17:41:38, 1039.50, 27.25, 27.23, 26.031, 1914, 3664, 5979, 9856, 14253, 15874, 19988, 20680, 36000, 7570, 1, 1, 70, 95, 190, 351, 634, 763, 978, 1096, 2293, 215, 0, 0
17:41:38, 1041.30, 27.24, 27.24, 26.031, 3744, 6031, 11905, 14514, 13105, 15550, 20672, 23471, 36000, 8871, 1, 1, 87, 115, 230, 430, 776, 942, 1222, 1379, 2824, 265, 0, 0
17:41:39, 1042.90, 27.24, 27.26, 26.055, 2627, 4914, 9191, 13012, 16838, 19908, 19159, 24447, 36000, 9262, 1, 1, 101, 129, 259, 487, 901, 1101, 1434, 1623, 3301, 310, 0, 0
17:41:40, 1041.10, 27.24, 27.19, 26.055, 2189, 4375, 7119, 10168, 21486, 22045, 24378, 27762, 36000, 13496, 1, 1, 109, 142, 285, 527, 949, 1151, 1491, 1680, 3483, 326, 0, 0
17:41:40, 1042.80, 27.24, 27.23, 26.055, 3283, 6486, 11103, 15605, 14125, 19764, 17087, 25929, 36000, 10662, 1, 1, 89, 117, 235, 439, 732, 891, 1152, 1303, 2577, 246, 0, 0
17:41:41, 1044.80, 27.23, 27.26, 26.055, 2800, 4463, 8639, 12198, 20129, 22009, 26495, 27563, 36000, 10110, 1, 1, 85, 109, 219, 414, 728, 890, 1164, 1314, 2633, 245, 0, 0
17:41:42, 1042.50, 27.23, 27.24, 26.055, 4361, 6412, 13407, 17459, 14430, 17608, 22540, 25013, 36000, 8582, 1, 1, 100, 130, 260, 488, 887, 1080, 1411, 1590, 3255, 306, 0, 0
17:41:42, 1042.10, 27.23, 27.24, 26.062, 2716, 4374, 8320, 11722, 21899, 24660, 25051, 26790, 36000, 15020, 1, 1, 108, 141, 282, 530, 879, 1072, 1398, 1580, 3161, 301, 0, 0
17:41:43, 1046.70, 27.22, 27.23, 26.062, 2390, 5162, 8293, 12643, 27480, 26993, 28915, 30442, 36000, 17317, 1, 1, 85, 107, 214, 412, 718, 880, 1153, 1305, 2612, 245, 0, 0
17:41:44, 1043.40, 27.22, 27.24, 26.070, 2498, 3553, 7795, 9545, 19414, 23153, 26593, 27273, 36000, 10171, 1, 1, 73, 93, 187, 358, 674, 818, 1066, 1191, 2482, 228, 0, 0
17:41:44, 1039.90, 27.22, 27.21, 26.047, 3459, 6438, 11953, 16641, 15432, 17434, 17787, 21868, 36000, 10232, 1, 1, 80, 109, 220, 404, 676, 809, 1041, 1161, 2421, 226, 0, 0
17:41:45, 1047.10, 27.22, 27.21, 26.047, 2280, 3873, 7802, 10161, 12565, 12991, 14771, 16915, 35747, 5827, 0, 1, 65, 83, 168, 322, 555, 678, 881, 991, 1972, 184, 0, 0
17:41:46, 1046.90, 27.22, 27.23, 26.055, 1890, 3511, 6406, 10855, 10061, 11212, 14291, 14597, 36000, 4334, 1, 1, 60, 75, 153, 297, 544, 667, 865, 972, 1972, 181, 0, 0
17:41:46, 1041.80, 27.21, 27.24, 26.055, 2764, 5879, 8885, 16008, 11979, 13213, 15884, 16369, 35165, 5876, 0, 1, 67, 88, 179, 334, 590, 708, 909, 1010, 2132, 198, 0, 0
17:41:47, 1044.40, 27.21, 27.23, 26.055, 1624, 2886, 5641, 7399, 12861, 13637, 17289, 19484, 33385, 6080, 0, 1, 57, 74, 151, 288, 514, 622, 800, 893, 1791, 167, 0, 0
17:41:48, 1046.40, 27.21, 27.24, 26.039, 2769, 3907, 7937, 10965, 7975, 9143, 11479, 12579, 32673, 3761, 0, 1, 57, 72, 146, 281, 527, 640, 833, 927, 1888, 173, 0, 0
17:41:48, 1041.50, 27.21, 27.26, 26.023, 1760, 2848, 5543, 7697, 9918, 11245, 13027, 14540, 36000, 5007, 1, 1, 68, 89, 180, 339, 628, 760, 980, 1103, 2184, 208, 0, 0
17:41:49, 1042.60, 27.20, 27.24, 26.023, 3857, 8010, 13898, 17970, 14569, 18086, 21208, 22339, 35021, 6606, 0, 1, 79, 101, 202, 386, 684, 840, 1088, 1240, 2199, 217, 0, 0
17:41:50, 1047.70, 27.20, 27.24, 26.023, 3432, 6723, 11782, 17322, 16479, 15701, 22691, 22355, 35931, 6352, 0, 1, 88, 110, 217, 425, 777, 961, 1260, 1446, 2661, 256, 0, 0
17:41:50, 1042.50, 27.19, 27.23, 26.031, 1986, 4118, 7275, 11689, 21279, 25271, 29335, 31350, 36000, 12119, 1, 1, 104, 131, 263, 502, 918, 1127, 1474, 1684, 3224, 308, 0, 0
17:41:51, 1037.10, 27.19, 27.23, 26.031, 8945, 17896, 26324, 31352, 36000, 36000, 36000, 36000, 36000, 29314, 1, 1, 122, 163, 321, 597, 1029, 1248, 1614, 1847, 3436, 346, 0, 0
17:41:52, 1039.90, 27.19, 27.23, 26.023, 9026, 18018, 27232, 33300, 23371, 26109, 30852, 32130, 36000, 8178, 1, 1, 113, 149, 294, 556, 990, 1204, 1561, 1786, 3346, 333, 0, 0
17:41:52, 1040.20, 27.19, 27.24, 26.039, 7048, 12482, 18924, 25390, 19778, 20083, 26474, 27144, 36000, 7863, 1, 1, 106, 139, 274, 521, 893, 1084, 1408, 1606, 3051, 300, 0, 0
17:41:53, 1035.20, 27.19, 27.24, 26.039, 6282, 12547, 19767, 28551, 18871, 19583, 24559, 24981, 35787, 10985, 0, 1, 98, 133, 264, 487, 817, 977, 1256, 1422, 2770, 275, 0, 0
17:41:54, 1032.50, 27.19, 27.24, 26.031, 8185, 18633, 25411, 29100, 26987, 31046, 33032, 35988, 36000, 23772, 1, 1, 104, 149, 292, 521, 839, 995, 1266, 1428, 2814, 286, 0, 0
17:41:54, 1036.80, 27.18, 27.24, 26.047, 2814, 6485, 11313, 16887, 15647, 17289, 20492, 23835, 33729, 6153, 0, 1, 91, 125, 247, 456, 792, 945, 1210, 1366, 2739, 271, 0, 0
17:41:55, 1037.00, 27.18, 27.23, 26.047, 3494, 6803, 11693, 16248, 23203, 24124, 28138, 28737, 36000, 12635, 1, 1, 93, 127, 251, 464, 814, 974, 1250, 1409, 2873, 281, 0, 0
17:41:56, 1036.90, 27.18, 27.24, 26.039, 2302, 4316, 8394, 9975, 29243, 30331, 34237, 34610, 36000, 22581, 1, 1, 90, 122, 243, 449, 766, 917, 1176, 1323, 2696, 264, 0, 0
17:41:56, 1038.70, 27.18, 27.24, 26.047, 2864, 4678, 8915, 10598, 15188, 16009, 21610, 24919, 36000, 9429, 1, 1, 82, 112, 225, 415, 688, 824, 1059, 1187, 2395, 232, 0, 0
17:41:57, 1042.20, 27.18, 27.19, 26.047, 1902, 3199, 5928, 8214, 13850, 14737, 18965, 22195, 36000, 7325, 1, 1, 69, 91, 184, 346, 594, 717, 922, 1034, 2087, 197, 0, 0
17:41:58, 1037.90, 27.18, 27.21, 26.047, 2457, 3926, 7729, 10402, 8277, 9323, 11629, 12316, 35791, 4612, 0, 1, 68, 92, 187, 343, 600, 711, 908, 1005, 2152, 203, 0, 0
17:41:58, 1036.70, 27.18, 27.23, 26.047, 3375, 4549, 8598, 10678, 13646, 15452, 16983, 18785, 36000, 8865, 1, 1, 60, 83, 169, 307, 499, 588, 742, 817, 1733, 166, 0, 0
17:41:59, 1035.10, 27.18, 27.24, 26.047, 2265, 4051, 7081, 9108, 10860, 12035, 12484, 13911, 36000, 7699, 1, 1, 50, 72, 146, 260, 392, 455, 565, 616, 1349, 130, 0, 0
17:42:00, 1036.90, 27.17, 27.23, 26.047, 1380, 2717, 4193, 5846, 6157, 6469, 8637, 8974, 23269, 3270, 0, 0, 35, 50, 102, 186, 310, 359, 443, 481, 1058, 100, 0, 0
17:42:00, 1034.50, 27.17, 27.24, 26.062, 1893, 3081, 5536, 7138, 8910, 10340, 11811, 12407, 35450, 5755, 0, 1, 37, 56, 113, 199, 324, 373, 459, 498, 1104, 106, 0, 0
17:42:01, 1040.70, 27.17, 27.26, 26.062, 1403, 2784, 4932, 5919, 7683, 8197, 8661, 10986, 25187, 3800, 0, 0, 36, 50, 103, 190, 313, 367, 456, 498, 1037, 98, 0, 0
17:42:02, 1048.70, 27.17, 27.24, 26.047, 953, 1914, 3459, 4756, 5354, 5747, 7526, 7930, 19211, 2220, 0, 0, 30, 39, 81, 156, 276, 329, 416, 456, 942, 85, 0, 0
17:42:02, 1048.30, 27.16, 27.21, 26.062, 914, 1482, 3027, 4195, 5446, 6239, 7436, 8177, 23501, 2449, 0, 0, 29, 38, 80, 154, 276, 329, 414, 452, 945, 84, 0, 0
17:42:03, 1050.80, 27.16, 27.26, 26.062, 784, 1433, 2790, 4000, 4682, 5102, 6346, 7044, 18059, 1928, 0, 0, 26, 33, 69, 134, 248, 296, 373, 406, 844, 75, 0, 0
17:42:04, 1056.60, 27.16, 27.23, 26.055, 521, 979, 1863, 2734, 3651, 4081, 4706, 5549, 11680, 1231, 0, 0, 20, 25, 52, 105, 200, 243, 310, 339, 683, 60, 0, 0
17:42:04, 1057.30, 27.16, 27.26, 26.062, 536, 891, 1863, 2822, 4455, 5226, 6477, 6734, 18993, 1682, 0, 0, 21, 26, 54, 110, 201, 245, 312, 341, 691, 60, 0, 0
17:42:05, 1058.80, 27.16, 27.23, 26.062, 532, 886, 1855, 2832, 3975, 4500, 5921, 6125, 18070, 1532, 0, 0, 22, 26, 54, 110, 197, 241, 308, 338, 683, 59, 0, 0
17:42:06, 1064.70, 27.15, 27.19, 26.062, 401, 691, 1445, 2299, 3862, 4528, 5265, 5919, 16239, 1420, 0, 0, 18, 21, 44, 91, 170, 212, 274, 303, 592, 51, 0, 0
17:42:06, 1066.20, 27.15, 27.19, 26.070, 380, 589, 1279, 2132, 3086, 3698, 4550, 5128, 13804, 1121, 0, 0, 17, 19, 39, 83, 166, 209, 271, 301, 575, 50, 0, 0
17:42:07, 1065.30, 27.15, 27.23, 26.070, 362, 625, 1273, 2179, 3437, 4017, 4993, 5791, 16115, 1317, 0, 0, 19, 21, 44, 92, 180, 224, 289, 320, 622, 54, 0, 0
17:42:08, 1070.10, 27.15, 27.21, 26.070, 293, 473, 1002, 1674, 2513, 2949, 3512, 4102, 10131, 922, 0, 0, 17, 18, 37, 80, 162, 204, 266, 296, 563, 48, 0, 0
17:42:08, 1072.70, 27.15, 27.23, 26.070, 340, 507, 1117, 1933, 2593, 3126, 3987, 4428, 11481, 929, 0, 0, 16, 17, 35, 76, 149, 189, 248, 277, 521, 45, 0, 0
17:42:09, 1076.10, 27.14, 27.21, 26.078, 248, 385, 836, 1480, 2900, 3507, 4499, 4970, 11580, 924, 0, 0, 14, 15, 29, 65, 137, 176, 232, 260, 482, 41, 0, 0
17:42:10, 1079.00, 27.14, 27.23, 26.086, 274, 399, 879, 1589, 2374, 2866, 3528, 4052, 9484, 785, 0, 0, 13, 13, 26, 58, 122, 158, 210, 236, 431, 37, 0, 0
17:42:10, 1084.00, 27.14, 27.23, 26.086, 208, 294, 648, 1189, 1793, 2188, 2699, 3220, 7302, 609, 0, 0, 12, 12, 23, 52, 112, 147, 198, 224, 403, 34, 0, 0
17:42:11, 1086.10, 27.14, 27.21, 26.086, 194, 262, 581, 1103, 1849, 2311, 2900, 3346, 7946, 619, 0, 0, 11, 11, 21, 48, 106, 141, 190, 216, 380, 32, 0, 0
17:42:12, 1088.10, 27.14, 27.24, 26.086, 187, 266, 574, 1115, 1645, 2079, 2559, 3069, 7406, 578, 0, 0, 11, 11, 20, 46, 99, 132, 179, 204, 355, 30, 0, 0
17:42:12, 1092.50, 27.14, 27.24, 26.086, 175, 234, 508, 1004, 1527, 1981, 2429, 2974, 6770, 539, 0, 0, 10, 10, 18, 41, 91, 122, 167, 191, 328, 28, 0, 0
17:42:13, 1101.20, 27.14, 27.21, 26.078, 152, 195, 417, 853, 1337, 1738, 2186, 2644, 5836, 454, 0, 0, 9, 8, 15, 35, 78, 108, 149, 172, 287, 24, 0, 0
17:42:14, 1102.40, 27.13, 27.21, 26.070, 122, 151, 321, 679, 1148, 1473, 2042, 2327, 4963, 372, 0, 0, 9, 8, 14, 32, 78, 107, 150, 173, 286, 24, 0, 0
17:42:14, 1103.50, 27.13, 27.19, 26.070, 132, 166, 345, 732, 1261, 1662, 2151, 2613, 5616, 419, 0, 0, 8, 8, 13, 32, 75, 103, 144, 167, 276, 23, 0, 0
17:42:15, 1108.70, 27.13, 27.23, 26.062, 107, 129, 265, 554, 1075, 1420, 1828, 2263, 4471, 350, 0, 0, 8, 7, 11, 27, 67, 94, 133, 156, 251, 21, 0, 0
17:42:16, 1112.60, 27.13, 27.23, 26.062, 110, 127, 261, 569, 991, 1307, 1765, 2065, 4196, 311, 0, 0, 7, 6, 10, 25, 62, 88, 126, 147, 234, 20, 0, 0
17:42:16, 1115.00, 27.13, 27.21, 26.062, 101, 117, 238, 524, 887, 1185, 1603, 1911, 3862, 287, 0, 0, 7, 6, 10, 24, 60, 85, 122, 143, 227, 19, 0, 0
17:42:17, 1119.40, 27.12, 27.19, 26.062, 85, 97, 191, 425, 857, 1168, 1548, 1905, 3696, 280, 0, 0, 6, 6, 9, 21, 54, 78, 113, 133, 208, 17, 0, 0
17:42:18, 1123.90, 27.12, 27.19, 26.047, 86, 96, 188, 424, 831, 1149, 1539, 1909, 3670, 273, 0, 0, 6, 5, 8, 19, 49, 71, 104, 123, 189, 16, 0, 0
17:42:18, 1126.80, 27.12, 27.26, 26.047, 76, 83, 158, 356, 700, 963, 1335, 1603, 3017, 226, 0, 0, 5, 5, 7, 17, 47, 69, 101, 120, 183, 15, 0, 0
17:42:19, 1130.30, 27.11, 27.21, 26.031, 73, 80, 151, 345, 665, 931, 1261, 1583, 2939, 223, 0, 0, 5, 4, 6, 16, 42, 62, 92, 110, 164, 14, 0, 0
17:42:20, 1135.30, 27.11, 27.21, 26.023, 64, 67, 125, 289, 578, 809, 1127, 1377, 2540, 192, 0, 0, 5, 4, 6, 14, 38, 58, 86, 104, 154, 13, 0, 0
17:42:20, 1141.40, 27.11, 27.23, 26.023, 58, 60, 109, 253, 533, 759, 1072, 1321, 2335, 175, 0, 0, 4, 4, 5, 12, 35, 53, 80, 97, 141, 12, 0, 0
17:42:21, 1143.50, 27.11, 27.23, 26.008, 55, 57, 101, 236, 496, 713, 1022, 1259, 2253, 167, 0, 0, 4, 3, 5, 12, 33, 50, 77, 93, 135, 11, 0, 0
17:42:22, 1146.30, 27.10, 27.19, 26.000, 49, 51, 89, 210, 455, 656, 935, 1168, 2091, 157, 0, 0, 4, 3, 4, 11, 31, 47, 72, 88, 126, 10, 0, 0
17:42:22, 1149.10, 27.10, 27.19, 26.000, 46, 48, 82, 192, 422, 615, 882, 1105, 1875, 141, 0, 0, 4, 3, 4, 10, 29, 46, 70, 86, 123, 10, 0, 0
17:42:23, 1150.10, 27.10, 27.26, 25.992, 46, 47, 80, 188, 419, 611, 881, 1102, 1889, 143, 0, 0, 3, 3, 4, 10, 29, 44, 68, 84, 118, 10, 0, 0
17:42:24, 1154.20, 27.09, 27.21, 25.992, 44, 45, 76, 179, 382, 559, 805, 1016, 1697, 129, 0, 0, 3, 3, 4, 9, 26, 41, 64, 79, 110, 9, 0, 0
17:42:24, 1161.60, 27.09, 27.19, 25.992, 39, 40, 64, 151, 341, 506, 736, 936, 1549, 118, 0, 0, 3, 2, 3, 8, 23, 37, 58, 73, 100, 8, 0, 0
17:42:25, 1166.10, 27.09, 27.19, 25.992, 34, 34, 54, 128, 300, 453, 676, 858, 1411, 106, 0, 0, 3, 2, 3, 7, 21, 34, 54, 68, 91, 7, 0, 0
17:42:26, 1168.90, 27.08, 27.21, 26.000, 32, 33, 50, 118, 282, 427, 641, 819, 1353, 103, 0, 0, 3, 2, 3, 6, 20, 33, 53, 66, 88, 7, 0, 0
17:42:26, 1171.80, 27.08, 27.21, 26.000, 30, 31, 47, 111, 274, 416, 629, 794, 1269, 96, 0, 0, 2, 2, 2, 6, 19, 31, 50, 63, 84, 7, 0, 0
17:42:27, 1175.10, 27.08, 27.21, 25.984, 29, 29, 43, 101, 253, 385, 591, 741, 1154, 87, 0, 0, 2, 2, 2, 5, 18, 30, 49, 61, 82, 7, 0, 0
17:42:28, 1175.60, 27.08, 27.23, 25.953, 28, 28, 42, 99, 241, 370, 566, 725, 1164, 89, 0, 0, 2, 2, 2, 6, 18, 30, 48, 61, 80, 6, 0, 0
17:42:28, 1178.20, 27.07, 27.21, 25.953, 27, 27, 40, 93, 233, 360, 545, 712, 1150, 89, 0, 0, 2, 2, 2, 5, 17, 28, 46, 58, 75, 6, 0, 0
17:42:29, 1181.50, 27.07, 27.21, 25.930, 26, 26, 38, 87, 225, 347, 537, 684, 1058, 80, 0, 0, 2, 2, 2, 5, 16, 27, 44, 56, 72, 6, 0, 0
17:42:30, 1185.60, 27.07, 27.21, 25.922, 25, 24, 36, 82, 211, 329, 517, 656, 981, 74, 0, 0, 2, 2, 2, 5, 16, 26, 43, 56, 71, 6, 0, 0
17:42:30, 1190.00, 27.06, 27.21, 25.922, 24, 24, 33, 75, 202, 318, 501, 645, 979, 74, 0, 0, 2, 2, 2, 4, 15, 26, 43, 55, 70, 5, 0, 0
17:42:31, 1192.50, 27.06, 27.26, 25.914, 24, 24, 34, 78, 210, 333, 537, 682, 1043, 79, 0, 0, 2, 2, 2, 4, 15, 26, 43, 56, 71, 6, 0, 0
17:42:32, 1194.30, 27.06, 27.21, 25.922, 25, 25, 34, 77, 230, 362, 611, 758, 1117, 84, 0, 0, 2, 1, 2, 4, 15, 25, 43, 56, 70, 5, 0, 0
17:42:32, 1196.60, 27.06, 27.21, 25.922, 24, 24, 32, 72, 200, 318, 525, 663, 963, 73, 0, 0, 2, 1, 2, 4, 14, 24, 40, 53, 66, 5, 0, 0
17:42:33, 1199.90, 27.05, 27.23, 25.914, 21, 21, 29, 62, 172, 275, 450, 574, 812, 62, 0, 0, 2, 1, 1, 4, 13, 22, 37, 49, 60, 5, 0, 0
17:42:34, 1202.50, 27.05, 27.21, 25.914, 19, 19, 26, 58, 159, 255, 421, 533, 743, 57, 0, 0, 2, 1, 1, 3, 12, 20, 35, 45, 56, 4, 0, 0
17:42:34, 1204.50, 27.04, 27.21, 25.906, 17, 17, 23, 50, 146, 236, 391, 500, 687, 52, 0, 0, 1, 1, 1, 3, 11, 19, 32, 42, 51, 4, 0, 0
17:42:35, 1206.20, 27.04, 27.21, 25.898, 17, 17, 23, 49, 140, 227, 377, 482, 634, 48, 0, 0, 1, 1, 1, 3, 10, 18, 31, 41, 50, 4, 0, 0
17:42:36, 1208.40, 27.04, 27.23, 25.898, 16, 16, 22, 47, 131, 215, 356, 459, 626, 48, 0, 0, 1, 1, 1, 3, 10, 17, 30, 39, 47, 4, 0, 0
17:42:36, 1212.20, 27.04, 27.21, 25.891, 16, 15, 21, 44, 121, 200, 332, 433, 591, 45, 0, 0, 1, 1, 1, 2, 9, 16, 28, 37, 44, 3, 0, 0
17:42:37, 1216.80, 27.03, 27.17, 25.891, 14, 14, 19, 39, 113, 187, 314, 405, 494, 38, 0, 0, 1, 1, 1, 2, 8, 15, 26, 35, 41, 3, 0, 0
17:42:38, 1220.70, 27.03, 27.21, 25.891, 13, 12, 16, 33, 99, 165, 282, 364, 411, 31, 0, 0, 1, 1, 1, 2, 7, 13, 24, 32, 36, 3, 0, 0
17:42:38, 1223.30, 27.03, 27.21, 25.891, 12, 12, 15, 31, 91, 153, 262, 339, 369, 28, 0, 0, 1, 0, 1, 2, 7, 12, 22, 30, 35, 2, 0, 0
17:42:39, 1225.20, 27.03, 27.23, 25.883, 11, 11, 14, 30, 89, 150, 258, 334, 358, 27, 0, 0, 1, 0, 0, 2, 7, 12, 22, 29, 34, 2, 0, 0
17:42:40, 1228.10, 27.02, 27.21, 25.883, 11, 10, 14, 27, 82, 139, 239, 315, 329, 26, 0, 0, 1, 0, 0, 1, 6, 11, 21, 28, 32, 2, 0, 0
17:42:40, 1229.90, 27.02, 27.19, 25.883, 10, 10, 13, 25, 78, 133, 231, 303, 300, 23, 0, 0, 1, 0, 0, 1, 6, 11, 20, 27, 31, 2, 0, 0
17:42:41, 1233.60, 27.02, 27.23, 25.883, 10, 10, 12, 24, 74, 126, 220, 288, 290, 23, 0, 0, 1, 0, 0, 1, 6, 10, 19, 26, 29, 2, 0, 0
17:42:42, 1236.80, 27.01, 27.24, 25.883, 9, 9, 11, 22, 69, 119, 209, 275, 266, 21, 0, 0, 1, 0, 0, 1, 5, 10, 18, 25, 28, 2, 0, 0
17:42:42, 1239.20, 27.01, 27.24, 25.883, 9, 9, 11, 20, 64, 112, 198, 260, 248, 19, 0, 0, 1, 0, 0, 1, 5, 9, 17, 24, 27, 2, 0, 0
17:42:43, 1242.70, 27.01, 27.21, 25.883, 8, 8, 10, 19, 61, 107, 189, 251, 255, 20, 0, 0, 1, 0, 0, 1, 5, 9, 16, 23, 25, 2, 0, 0
17:42:44, 1246.20, 27.00, 27.23, 25.883, 8, 8, 10, 18, 57, 101, 179, 239, 241, 19, 0, 0, 1, 0, 0, 1, 4, 8, 16, 22, 24, 2, 0, 0
17:42:44, 1250.00, 27.00, 27.19, 25.883, 7, 7, 9, 17, 54, 96, 172, 229, 237, 18, 0, 0, 0, 0, 0, 1, 4, 8, 15, 21, 23, 2, 0, 0
17:42:45, 1251.90, 27.00, 27.19, 25.883, 7, 7, 9, 16, 51, 91, 164, 221, 217, 17, 0, 0, 0, 0, 0, 1, 4, 7, 15, 20, 23, 2, 0, 0
17:42:46, 1256.10, 26.99, 27.21, 25.883, 7, 7, 8, 15, 48, 86, 155, 209, 228, 18, 0, 0, 0, 0, 0, 1, 4, 7, 14, 19, 21, 1, 0, 0
17:42:46, 1260.60, 26.99, 27.21, 25.867, 6, 6, 8, 13, 45, 81, 148, 200, 233, 18, 0, 0, 0, 0, 0, 1, 3, 7, 13, 18, 20, 1, 0, 0
17:42:47, 1263.20, 26.99, 27.23, 25.867, 6, 6, 7, 13, 42, 75, 140, 188, 195, 15, 0, 0, 0, 0, 0, 1, 3, 6, 12, 17, 19, 1, 0, 0
17:42:48, 1263.10, 26.99, 27.23, 25.867, 6, 6, 7, 13, 41, 74, 138, 186, 193, 15, 0, 0, 0, 0, 0, 1, 3, 6, 12, 17, 19, 1, 0, 0
17:42:48, 1265.10, 26.99, 27.23, 25.859, 6, 6, 7, 13, 40, 73, 135, 183, 200, 16, 0, 0, 0, 0, 0, 0, 3, 6, 12, 17, 18, 1, 0, 0
17:42:49, 1266.90, 26.98, 27.17, 25.859, 5, 5, 7, 12, 39, 71, 131, 178, 179, 14, 0, 0, 0, 0, 0, 0, 3, 6, 12, 17, 18, 1, 0, 0
17:42:50, 1269.70, 26.98, 27.21, 25.859, 5, 5, 7, 11, 37, 68, 127, 173, 183, 14, 0, 0, 0, 0, 0, 0, 3, 6, 11, 16, 17, 1, 0, 0
17:42:50, 1274.30, 26.98, 27.23, 25.867, 5, 5, 6, 11, 33, 62, 116, 159, 176, 14, 0, 0, 0, 0, 0, 0, 3, 5, 10, 15, 16, 1, 0, 0
17:42:51, 1274.00, 26.98, 27.19, 25.867, 5, 5, 6, 9, 32, 60, 114, 155, 154, 12, 0, 0, 0, 0, 0, 0, 3, 5, 10, 15, 15, 1, 0, 0
17:42:52, 1276.40, 26.97, 27.24, 25.867, 5, 5, 6, 10, 32, 60, 114, 156, 161, 13, 0, 0, 0, 0, 0, 0, 3, 5, 10, 15, 16, 1, 0, 0
17:42:52, 1279.70, 26.97, 27.21, 25.867, 5, 5, 6, 10, 31, 59, 112, 154, 163, 13, 0, 0, 0, 0, 0, 0, 3, 5, 10, 15, 16, 1, 0, 0
17:42:53, 1281.90, 26.97, 27.19, 25.867, 5, 5, 6, 10, 35, 66, 128, 178, 170, 13, 0, 0, 0, 0, 0, 0, 3, 6, 13, 19, 19, 1, 0, 0
17:42:54, 1284.30, 26.97, 27.21, 25.867, 7, 7, 8, 12, 47, 90, 176, 245, 227, 18, 0, 0, 0, 0, 0, 1, 4, 8, 17, 24, 25, 2, 0, 0
17:42:54, 1285.70, 26.97, 27.21, 25.867, 9, 9, 10, 16, 56, 106, 209, 293, 278, 22, 0, 0, 1, 0, 0, 1, 5, 9, 20, 29, 30, 2, 0, 0
17:42:55, 1286.10, 26.96, 27.19, 25.859, 10, 10, 12, 18, 62, 118, 232, 329, 297, 24, 0, 0, 1, 0, 0, 1, 5, 10, 21, 31, 32, 2, 0, 0
17:42:56, 1287.60, 26.96, 27.19, 25.859, 10, 10, 12, 18, 67, 128, 254, 356, 352, 27, 0, 0, 1, 1, 0, 1, 5, 10, 22, 32, 34, 2, 0, 0
17:42:56, 1289.10, 26.96, 27.21, 25.852, 11, 11, 13, 19, 66, 127, 253, 360, 339, 27, 0, 0, 1, 0, 0, 1, 5, 10, 22, 32, 33, 2, 0, 0
17:42:57, 1291.80, 26.96, 27.19, 25.859, 10, 10, 12, 17, 59, 113, 227, 317, 332, 26, 0, 0, 1, 0, 0, 1, 4, 9, 19, 28, 28, 2, 0, 0
17:42:58, 1293.70, 26.96, 27.19, 25.859, 8, 8, 9, 13, 45, 87, 177, 248, 268, 21, 0, 0, 1, 0, 0, 1, 3, 6, 14, 21, 21, 1, 0, 0
17:42:58, 1294.80, 26.95, 27.19, 25.844, 6, 6, 7, 11, 32, 61, 123, 174, 176, 14, 0, 0, 0, 0, 0, 0, 2, 4, 10, 15, 15, 1, 0, 0
17:42:59, 1298.50, 26.95, 27.23, 25.844, 4, 4, 5, 8, 24, 46, 92, 129, 144, 11, 0, 0, 0, 0, 0, 0, 2, 4, 8, 12, 12, 1, 0, 0
17:43:00, 1301.20, 26.95, 27.23, 25.844, 3, 3, 4, 6, 20, 39, 79, 111, 113, 9, 0, 0, 0, 0, 0, 0, 2, 3, 7, 11, 11, 0, 0, 0
17:43:00, 1301.10, 26.95, 27.19, 25.836, 3, 3, 4, 6, 20, 39, 77, 109, 109, 9, 0, 0, 0, 0, 0, 0, 2, 3, 7, 10, 11, 0, 0, 0
17:43:01, 1303.20, 26.95, 27.17, 25.836, 3, 3, 4, 6, 19, 38, 75, 106, 115, 9, 0, 0, 0, 0, 0, 0, 1, 3, 7, 10, 11, 0, 0, 0
17:43:02, 1305.60, 26.94, 27.19, 25.836, 3, 3, 4, 6, 18, 35, 70, 99, 99, 8, 0, 0, 0, 0, 0, 0, 1, 3, 6, 10, 10, 0, 0, 0
17:43:02, 1305.90, 26.94, 27.21, 25.844, 3, 3, 4, 5, 17, 34, 69, 97, 101, 8, 0, 0, 0, 0, 0, 0, 1, 3, 6, 9, 10, 0, 0, 0
17:43:03, 1307.10, 26.94, 27.21, 25.844, 3, 3, 4, 4, 17, 34, 68, 96, 98, 8, 0, 0, 0, 0, 0, 0, 1, 3, 6, 9, 10, 0, 0, 0
17:43:04, 1308.90, 26.94, 27.23, 25.844, 2, 3, 3, 5, 17, 33, 68, 96, 99, 8, 0, 0, 0, 0, 0, 0, 1, 3, 6, 9, 9, 0, 0, 0
17:43:05, 1311.50, 26.94, 27.19, 25.844, 2, 2, 3, 4, 16, 32, 65, 92, 97, 8, 0, 0, 0, 0, 0, 0, 1, 2, 6, 9, 9, 0, 0, 0
17:43:05, 1314.90, 26.93, 27.23, 25.844, 2, 2, 3, 5, 15, 30, 62, 88, 84, 7, 0, 0, 0, 0, 0, 0, 1, 2, 5, 9, 9, 0, 0, 0
17:43:06, 1316.90, 26.93, 27.21, 25.844, 2, 2, 3, 4, 14, 29, 59, 85, 83, 7, 0, 0, 0, 0, 0, 0, 1, 2, 5, 8, 8, 0, 0, 0
17:43:07, 1320.40, 26.93, 27.17, 25.828, 2, 2, 3, 4, 14, 27, 57, 82, 81, 7, 0, 0, 0, 0, 0, 0, 1, 2, 5, 8, 8, 0, 0, 0
17:43:07, 1323.90, 26.93, 27.17, 25.828, 2, 2, 3, 4, 12, 25, 53, 77, 71, 6, 0, 0, 0, 0, 0, 0, 1, 2, 5, 7, 7, 0, 0, 0
17:43:08, 1327.30, 26.92, 27.19, 25.820, 2, 2, 3, 4, 12, 24, 50, 72, 67, 5, 0, 0, 0, 0, 0, 0, 1, 2, 4, 7, 7, 0, 0, 0
17:43:09, 1330.00, 26.92, 27.21, 25.812, 2, 2, 2, 4, 11, 22, 47, 69, 63, 5, 0, 0, 0, 0, 0, 0, 1, 2, 4, 7, 7, 0, 0, 0
17:43:09, 1332.60, 26.92, 27.26, 25.812, 1, 2, 2, 3, 10, 21, 45, 65, 61, 5, 0, 0, 0, 0, 0, 0, 1, 2, 4, 6, 6, 0, 0, 0
17:43:10, 1335.60, 26.92, 27.21, 25.805, 1, 2, 2, 2, 10, 20, 43, 63, 58, 5, 0, 0, 0, 0, 0, 0, 1, 1, 4, 6, 6, 0, 0, 0
17:43:11, 1339.50, 26.91, 27.21, 25.805, 1, 1, 2, 3, 9, 19, 41, 61, 57, 5, 0, 0, 0, 0, 0, 0, 1, 1, 4, 6, 6, 0, 0, 0
17:43:11, 1341.80, 26.91, 27.21, 25.805, 1, 1, 2, 2, 9, 18, 39, 58, 53, 4, 0, 0, 0, 0, 0, 0, 1, 1, 3, 6, 5, 0, 0, 0
17:43:12, 1342.30, 26.91, 27.23, 25.812, 1, 1, 2, 2, 9, 18, 40, 58, 54, 4, 0, 0, 0, 0, 0, 0, 1, 1, 3, 6, 6, 0, 0, 0
17:43:13, 1347.40, 26.91, 27.23, 25.812, 1, 1, 2, 2, 8, 17, 37, 55, 58, 5, 0, 0, 0, 0, 0, 0, 0, 1, 3, 5, 5, 0, 0, 0
17:43:13, 1354.10, 26.90, 27.19, 25.812, 1, 1, 2, 3, 7, 15, 34, 50, 54, 4, 0, 0, 0, 0, 0, 0, 0, 1, 3, 5, 5, 0, 0, 0
17:43:14, 1359.80, 26.90, 27.21, 25.812, 1, 1, 2, 1, 6, 14, 31, 46, 46, 4, 0, 0, 0, 0, 0, 0, 0, 1, 2, 4, 4, 0, 0, 0
17:43:15, 1364.00, 26.90, 27.23, 25.812, 1, 1, 2, 1, 6, 12, 28, 41, 40, 3, 0, 0, 0, 0, 0, 0, 0, 1, 2, 4, 4, 0, 0, 0
17:43:15, 1369.30, 26.90, 27.21, 25.812, 1, 1, 1, 2, 5, 11, 26, 39, 37, 3, 0, 0, 0, 0, 0, 0, 0, 0, 2, 4, 3, 0, 0, 0
17:43:16, 1371.60, 26.89, 27.23, 25.812, 1, 1, 1, 1, 5, 10, 24, 37, 33, 3, 0, 0, 0, 0, 0, 0, 0, 0, 2, 3, 3, 0, 0, 0
17:43:17, 1373.60, 26.89, 27.19, 25.812, 1, 1, 1, 1, 4, 10, 23, 36, 31, 3, 0, 0, 0, 0, 0, 0, 0, 0, 2, 3, 3, 0, 0, 0
17:43:17, 1377.80, 26.89, 27.21, 25.812, 0, 1, 1, 1, 4, 9, 22, 33, 31, 3, 0, 0, 0, 0, 0, 0, 0, 0, 2, 3, 3, 0, 0, 0
17:43:18, 1384.10, 26.89, 27.19, 25.812, 0, 1, 1, 1, 4, 9, 21, 31, 30, 2, 0, 0, 0, 0, 0, 0, 0, 0, 1, 3, 3, 0, 0, 0
17:43:19, 1387.80, 26.88, 27.19, 25.820, 0, 0, 1, 1, 3, 8, 20, 29, 26, 2, 0, 0, 0, 0, 0, 0, 0, 0, 1, 3, 3, 0, 0, 0
17:43:19, 1392.00, 26.88, 27.19, 25.820, 0, 0, 1, 1, 3, 8, 20, 30, 27, 2, 0, 0, 0, 0, 0, 0, 0, 0, 1, 3, 3, 0, 0, 0
17:43:20, 1398.10, 26.88, 27.23, 25.805, 0, 0, 1, 1, 3, 8, 19, 29, 27, 2, 0, 0, 0, 0, 0, 0, 0, 0, 1, 3, 2, 0, 0, 0
17:43:21, 1401.50, 26.88, 27.19, 25.812, 0, 0, 1, 1, 3, 8, 20, 29, 27, 2, 0, 0, 0, 0, 0, 0, 0, 0, 1, 3, 2, 0, 0, 0
17:43:21, 1403.30, 26.88, 27.21, 25.812, 0, 0, 1, 1, 3, 8, 20, 32, 28, 2, 0, 0, 0, 0, 0, 0, 0, 0, 1, 3, 3, 0, 0, 0
17:43:22, 1408.10, 26.88, 27.23, 25.812, 0, 0, 1, 0, 3, 8, 19, 30, 30, 3, 0, 0, 0, 0, 0, 0, 0, 0, 1, 3, 2, 0, 0, 0
17:43:23, 1412.40, 26.87, 27.23, 25.805, 0, 0, 1, 1, 3, 7, 18, 29, 29, 2, 0, 0, 0, 0, 0, 0, 0, 0, 1, 3, 2, 0, 0, 0
17:43:23, 1413.90, 26.87, 27.21, 25.805, 0, 0, 1, 0, 3, 7, 17, 27, 27, 2, 0, 0, 0, 0, 0, 0, 0, 0, 1, 2, 2, 0, 0, 0
17:43:24, 1420.60, 26.87, 27.21, 25.812, 0, 0, 1, 0, 2, 6, 16, 25, 26, 2, 0, 0, 0, 0, 0, 0, 0, 0, 1, 2, 2, 0, 0, 0
17:43:25, 1428.00, 26.87, 27.24, 25.812, 0, 0, 1, 1, 2, 5, 15, 24, 22, 2, 0, 0, 0, 0, 0, 0, 0, 0, 1, 2, 2, 0, 0, 0
17:43:25, 1431.00, 26.86, 27.19, 25.812, 0, 0, 1, 0, 2, 6, 15, 25, 23, 2, 0, 0, 0, 0, 0, 0, 0, 0, 1, 2, 2, 0, 0, 0
17:43:26, 1433.60, 26.86, 27.17, 25.805, 0, 0, 1, 1, 2, 6, 16, 26, 25, 2, 0, 0, 0, 0, 0, 0, 0, 0, 1, 3, 2, 0, 0, 0
17:43:27, 1436.90, 26.86, 27.21, 25.805, 0, 0, 1, 0, 2, 6, 17, 28, 26, 2, 0, 0, 0, 0, 0, 0, 0, 0, 1, 2, 2, 0, 0, 0
17:43:27, 1442.90, 26.86, 27.21, 25.805, 0, 0, 1, 1, 2, 5, 15, 24, 24, 2, 0, 0, 0, 0, 0, 0, 0, 0, 1, 2, 2, 0, 0, 0
17:43:28, 1451.80, 26.85, 27.21, 25.805, 0, 0, 1, 0, 2, 4, 13, 20, 21, 2, 0, 0, 0, 0, 0, 0, 0, 0, 1, 2, 1, 0, 0, 0
17:43:29, 1457.40, 26.85, 27.23, 25.805, 0, 0, 1, 1, 1, 4, 12, 18, 17, 1, 0, 0, 0, 0, 0, 0, 0, 0, 0, 2, 1, 0, 0, 0
17:43:29, 1463.40, 26.85, 27.24, 25.805, 0, 0, 1, 1, 1, 3, 11, 17, 15, 1, 0, 0, 0, 0, 0, 0, 0, 0, 0, 1, 1, 0, 0, 0
17:43:30, 1466.80, 26.85, 27.21, 25.812, 0, 0, 1, 0, 1, 3, 11, 18, 15, 1, 0, 0, 0, 0, 0, 0, 0, 0, 0, 2, 1, 0, 0, 0
17:43:31, 1471.30, 26.84, 27.23, 25.812, 0, 0, 1, 0, 1, 4, 11, 18, 16, 1, 0, 0, 0, 0, 0, 0, 0, 0, 1, 2, 1, 0, 0, 0
17:43:31, 1477.70, 26.84, 27.19, 25.805, 0, 0, 1, 1, 1, 4, 12, 20, 16, 1, 0, 0, 0, 0, 0, 0, 0, 0, 0, 2, 1, 0, 0, 0
17:43:32, 1482.60, 26.84, 27.21, 25.797, 0, 0, 1, 0, 1, 4, 12, 20, 17, 1, 0, 0, 0, 0, 0, 0, 0, 0, 1, 2, 1, 0, 0, 0
17:43:33, 1486.80, 26.84, 27.24, 25.797, 0, 0, 1, 1, 1, 4, 11, 19, 16, 1, 0, 0, 0, 0, 0, 0, 0, 0, 0, 2, 1, 0, 0, 0
17:43:33, 1492.50, 26.83, 27.23, 25.789, 0, 0, 1, 0, 1, 3, 10, 17, 14, 1, 0, 0, 0, 0, 0, 0, 0, 0, 0, 1, 1, 0, 0, 0
17:43:34, 1499.60, 26.83, 27.23, 25.797, 0, 0, 1, 0, 1, 2, 8, 13, 11, 1, 0, 0, 0, 0, 0, 0, 0, 0, 0, 1, 1, 0, 0, 0
17:43:35, 1503.30, 26.83, 27.21, 25.797, 0, 0, 1, 1, 0, 2, 7, 11, 9, 1, 0, 0, 0, 0, 0, 0, 0, 0, 0, 1, 0, 0, 0, 0
17:43:35, 1509.30, 26.83, 27.26, 25.789, 0, 0, 1, 0, 0, 2, 7, 12, 10, 1, 0, 0, 0, 0, 0, 0, 0, 0, 0, 1, 1, 0, 0, 0
17:43:36, 1515.10, 26.82, 27.26, 25.789, 0, 0, 1, 0, 1, 2, 8, 12, 10, 1, 0, 0, 0, 0, 0, 0, 0, 0, 0, 1, 1, 0, 0, 0
17:43:37, 1520.00, 26.82, 27.19, 25.789, 0, 0, 1, 1, 1, 2, 9, 15, 12, 1, 0, 0, 0, 0, 0, 0, 0, 0, 0, 1, 1, 0, 0, 0
17:43:37, 1523.00, 26.82, 27.24, 25.781, 0, 0, 1, 0, 1, 3, 10, 18, 14, 1, 0, 0, 0, 0, 0, 0, 0, 0, 0, 2, 1, 0, 0, 0
17:43:38, 1524.90, 26.82, 27.19, 25.789, 0, 0, 1, 0, 1, 3, 11, 20, 15, 1, 0, 0, 0, 0, 0, 0, 0, 0, 0, 2, 1, 0, 0, 0
17:43:39, 1527.90, 26.81, 27.19, 25.789, 0, 0, 1, 1, 1, 3, 12, 20, 17, 1, 0, 0, 0, 0, 0, 0, 0, 0, 1, 2, 1, 0, 0, 0
17:43:39, 1531.80, 26.81, 27.21, 25.789, 0, 0, 1, 0, 1, 3, 11, 21, 16, 1, 0, 0, 0, 0, 0, 0, 0, 0, 1, 2, 1, 0, 0, 0
17:43:40, 1536.40, 26.81, 27.21, 25.797, 0, 0, 1, 0, 1, 3, 11, 19, 16, 1, 0, 0, 0, 0, 0, 0, 0, 0, 0, 2, 1, 0, 0, 0
17:43:41, 1542.20, 26.81, 27.23, 25.797, 0, 0, 1, 0, 1, 3, 10, 17, 15, 1, 0, 0, 0, 0, 0, 0, 0, 0, 0, 2, 1, 0, 0, 0
17:43:41, 1548.10, 26.81, 27.23, 25.789, 0, 0, 1, 1, 1, 2, 9, 17, 14, 1, 0, 0, 0, 0, 0, 0, 0, 0, 0, 1, 1, 0, 0, 0
17:43:42, 1552.90, 26.81, 27.23, 25.797, 0, 0, 1, 0, 1, 2, 8, 15, 12, 1, 0, 0, 0, 0, 0, 0, 0, 0, 0, 1, 1, 0, 0, 0
17:43:43, 1558.00, 26.80, 27.23, 25.797, 0, 0, 1, 0, 0, 2, 8, 13, 11, 1, 0, 0, 0, 0, 0, 0, 0, 0, 0, 1, 1, 0, 0, 0
17:43:43, 1562.80, 26.80, 27.19, 25.789, 0, 0, 1, 0, 0, 2, 7, 12, 10, 1, 0, 0, 0, 0, 0, 0, 0, 0, 0, 1, 1, 0, 0, 0
17:43:44, 1564.80, 26.80, 27.21, 25.797, 0, 0, 1, 1, 0, 1, 7, 12, 10, 1, 0, 0, 0, 0, 0, 0, 0, 0, 0, 1, 0, 0, 0, 0
17:43:45, 1569.50, 26.80, 27.19, 25.797, 0, 0, 1, 0, 0, 1, 6, 12, 9, 1, 0, 0, 0, 0, 0, 0, 0, 0, 0, 1, 0, 0, 0, 0
17:43:45, 1575.10, 26.80, 27.23, 25.789, 0, 0, 1, 0, 0, 1, 6, 11, 8, 1, 0, 0, 0, 0, 0, 0, 0, 0, 0, 1, 0, 0, 0, 0
17:43:46, 1579.20, 26.79, 27.24, 25.797, 0, 0, 1, 0, 0, 1, 5, 10, 8, 1, 0, 0, 0, 0, 0, 0, 0, 0, 0, 1, 0, 0, 0, 0
17:43:47, 1583.50, 26.79, 27.21, 25.797, 0, 0, 0, 1, 0, 1, 5, 9, 7, 1, 0, 0, 0, 0, 0, 0, 0, 0, 0, 1, 0, 0, 0, 0
17:43:47, 1587.70, 26.79, 27.19, 25.797, 0, 0, 0, 1, 0, 1, 5, 9, 7, 1, 0, 0, 0, 0, 0, 0, 0, 0, 0, 1, 0, 0, 0, 0
17:43:48, 1593.90, 26.79, 27.23, 25.797, 0, 0, 0, 0, 0, 1, 4, 7, 6, 1, 0, 0, 0, 0, 0, 0, 0, 0, 0, 0, 0, 0, 0, 0
17:43:49, 1597.00, 26.79, 27.21, 25.797, 0, 0, 0, 0, 0, 1, 4, 7, 6, 1, 0, 0, 0, 0, 0, 0, 0, 0, 0, 0, 0, 0, 0, 0
17:43:49, 1598.50, 26.79, 27.23, 25.789, 0, 0, 0, 1, 0, 1, 4, 6, 6, 1, 0, 0, 0, 0, 0, 0, 0, 0, 0, 0, 0, 0, 0, 0
17:43:50, 1599.90, 26.79, 27.19, 25.797, 0, 0, 0, 1, 0, 1, 4, 7, 6, 1, 0, 0, 0, 0, 0, 0, 0, 0, 0, 0, 0, 0, 0, 0
17:43:51, 1600.80, 26.79, 27.23, 25.797, 0, 0, 0, 0, 0, 1, 4, 6, 6, 1, 0, 0, 0, 0, 0, 0, 0, 0, 0, 0, 0, 0, 0, 0
17:43:51, 1600.70, 26.79, 27.19, 25.789, 0, 0, 0, 0, 0, 1, 4, 6, 5, 1, 0, 0, 0, 0, 0, 0, 0, 0, 0, 0, 0, 0, 0, 0
17:43:52, 1602.00, 26.79, 27.21, 25.789, 0, 0, 0, 0, 0, 1, 4, 7, 6, 1, 0, 0, 0, 0, 0, 0, 0, 0, 0, 0, 0, 0, 0, 0
17:43:53, 1604.40, 26.78, 27.21, 25.789, 0, 0, 0, 1, 0, 0, 3, 7, 5, 1, 0, 0, 0, 0, 0, 0, 0, 0, 0, 0, 0, 0, 0, 0
17:43:53, 1604.20, 26.78, 27.21, 25.789, 0, 0, 0, 1, 0, 0, 3, 7, 5, 0, 0, 0, 0, 0, 0, 0, 0, 0, 0, 0, 0, 0, 0, 0
17:43:54, 1604.00, 26.78, 27.21, 25.797, 0, 0, 0, 0, 0, 0, 3, 6, 5, 1, 0, 0, 0, 0, 0, 0, 0, 0, 0, 0, 0, 0, 0, 0
17:43:55, 1606.00, 26.78, 27.23, 25.797, 0, 0, 0, 0, 0, 0, 3, 6, 5, 1, 0, 0, 0, 0, 0, 0, 0, 0, 0, 0, 0, 0, 0, 0
17:43:55, 1606.40, 26.78, 27.21, 25.789, 0, 0, 0, 0, 0, 0, 3, 6, 5, 0, 0, 0, 0, 0, 0, 0, 0, 0, 0, 0, 0, 0, 0, 0
17:43:56, 1605.80, 26.78, 27.21, 25.789, 0, 0, 0, 0, 0, 0, 3, 6, 5, 0, 0, 0, 0, 0, 0, 0, 0, 0, 0, 0, 0, 0, 0, 0
17:43:57, 1606.50, 26.78, 27.23, 25.789, 0, 0, 0, 0, 0, 0, 3, 6, 5, 1, 0, 0, 0, 0, 0, 0, 0, 0, 0, 0, 0, 0, 0, 0
17:43:57, 1604.60, 26.78, 27.24, 25.789, 0, 0, 0, 0, 0, 0, 3, 6, 5, 0, 0, 0, 0, 0, 0, 0, 0, 0, 0, 0, 0, 0, 0, 0
17:43:58, 1599.60, 26.78, 27.23, 25.789, 0, 0, 0, 0, 0, 1, 4, 6, 5, 0, 0, 0, 0, 0, 0, 0, 0, 0, 0, 0, 0, 0, 0, 0
17:43:59, 1594.80, 26.78, 27.23, 25.789, 0, 0, 0, 0, 0, 1, 4, 6, 5, 1, 0, 0, 0, 0, 0, 0, 0, 0, 0, 0, 0, 0, 0, 0
17:43:59, 1593.10, 26.78, 27.26, 25.789, 0, 0, 0, 0, 0, 1, 4, 8, 6, 1, 0, 0, 0, 0, 0, 0, 0, 0, 0, 0, 0, 0, 0, 0
17:44:00, 1589.40, 26.78, 27.21, 25.789, 0, 0, 0, 1, 0, 1, 4, 7, 6, 1, 0, 0, 0, 0, 0, 0, 0, 0, 0, 0, 0, 0, 0, 0
17:44:01, 1586.60, 26.78, 27.19, 25.789, 0, 0, 0, 0, 0, 1, 4, 7, 6, 1, 0, 0, 0, 0, 0, 0, 0, 0, 0, 0, 0, 0, 0, 0
17:44:01, 1584.70, 26.78, 27.21, 25.789, 0, 0, 0, 0, 0, 1, 4, 7, 5, 0, 0, 0, 0, 0, 0, 0, 0, 0, 0, 0, 0, 0, 0, 0
17:44:02, 1583.10, 26.78, 27.23, 25.789, 0, 0, 0, 1, 0, 1, 4, 6, 5, 1, 0, 0, 0, 0, 0, 0, 0, 0, 0, 0, 0, 0, 0, 0
17:44:03, 1580.10, 26.78, 27.21, 25.789, 0, 0, 0, 0, 0, 1, 4, 7, 5, 0, 0, 0, 0, 0, 0, 0, 0, 0, 0, 0, 0, 0, 0, 0
17:44:03, 1576.10, 26.78, 27.23, 25.789, 0, 0, 0, 0, 0, 1, 4, 6, 5, 0, 0, 0, 0, 0, 0, 0, 0, 0, 0, 0, 0, 0, 0, 0
17:44:04, 1574.70, 26.78, 27.21, 25.789, 0, 0, 0, 0, 0, 1, 4, 6, 5, 1, 0, 0, 0, 0, 0, 0, 0, 0, 0, 0, 0, 0, 0, 0
17:44:05, 1573.70, 26.78, 27.24, 25.789, 0, 0, 0, 1, 0, 1, 4, 6, 5, 1, 0, 0, 0, 0, 0, 0, 0, 0, 0, 0, 0, 0, 0, 0
17:44:05, 1570.20, 26.78, 27.21, 25.789, 0, 0, 0, 1, 0, 0, 3, 5, 5, 0, 0, 0, 0, 0, 0, 0, 0, 0, 0, 0, 0, 0, 0, 0
17:44:06, 1568.10, 26.78, 27.24, 25.789, 0, 0, 0, 0, 0, 0, 3, 6, 4, 0, 0, 0, 0, 0, 0, 0, 0, 0, 0, 0, 0, 0, 0, 0
17:44:07, 1569.10, 26.78, 27.23, 25.789, 0, 0, 0, 0, 0, 0, 3, 4, 4, 0, 0, 0, 0, 0, 0, 0, 0, 0, 0, 0, 0, 0, 0, 0
17:44:07, 1566.00, 26.78, 27.24, 25.805, 0, 0, 0, 0, 0, 0, 3, 5, 4, 0, 0, 0, 0, 0, 0, 0, 0, 0, 0, 0, 0, 0, 0, 0
17:44:08, 1563.40, 26.78, 27.23, 25.805, 0, 0, 0, 0, 0, 1, 3, 5, 5, 0, 0, 0, 0, 0, 0, 0, 0, 0, 0, 0, 0, 0, 0, 0
17:44:09, 1561.00, 26.78, 27.21, 25.805, 0, 0, 0, 1, 0, 1, 4, 7, 6, 1, 0, 0, 0, 0, 0, 0, 0, 0, 0, 1, 0, 0, 0, 0
17:44:09, 1560.90, 26.78, 27.26, 25.805, 0, 0, 0, 0, 0, 1, 5, 8, 7, 1, 0, 0, 0, 0, 0, 0, 0, 0, 0, 1, 0, 0, 0, 0
17:44:10, 1557.30, 26.78, 27.21, 25.805, 0, 0, 0, 1, 0, 1, 5, 8, 7, 1, 0, 0, 0, 0, 0, 0, 0, 0, 0, 1, 0, 0, 0, 0
17:44:11, 1553.60, 26.78, 27.24, 25.805, 0, 0, 1, 0, 0, 1, 5, 10, 8, 1, 0, 0, 0, 0, 0, 0, 0, 0, 0, 1, 0, 0, 0, 0
17:44:11, 1551.60, 26.78, 27.24, 25.812, 0, 0, 1, 0, 0, 1, 5, 9, 8, 1, 0, 0, 0, 0, 0, 0, 0, 0, 0, 1, 0, 0, 0, 0
17:44:12, 1548.30, 26.78, 27.21, 25.812, 0, 0, 1, 0, 0, 1, 6, 9, 8, 1, 0, 0, 0, 0, 0, 0, 0, 0, 0, 1, 0, 0, 0, 0
17:44:13, 1542.20, 26.78, 27.23, 25.812, 0, 0, 1, 0, 0, 1, 6, 11, 9, 1, 0, 0, 0, 0, 0, 0, 0, 0, 0, 1, 0, 0, 0, 0
17:44:13, 1540.50, 26.78, 27.23, 25.820, 0, 0, 1, 0, 0, 2, 7, 13, 10, 1, 0, 0, 0, 0, 0, 0, 0, 0, 0, 1, 1, 0, 0, 0
17:44:14, 1537.80, 26.78, 27.21, 25.820, 0, 0, 1, 0, 0, 2, 8, 14, 12, 1, 0, 0, 0, 0, 0, 0, 0, 0, 0, 1, 1, 0, 0, 0
17:44:15, 1534.90, 26.78, 27.23, 25.820, 0, 0, 1, 0, 1, 2, 9, 16, 13, 1, 0, 0, 0, 0, 0, 0, 0, 0, 0, 1, 1, 0, 0, 0
17:44:15, 1529.70, 26.78, 27.23, 25.820, 0, 0, 1, 0, 1, 3, 10, 18, 14, 1, 0, 0, 0, 0, 0, 0, 0, 0, 0, 2, 1, 0, 0, 0
17:44:16, 1526.80, 26.78, 27.24, 25.820, 0, 0, 1, 1, 1, 3, 11, 19, 15, 1, 0, 0, 0, 0, 0, 0, 0, 0, 0, 2, 1, 0, 0, 0
17:44:17, 1523.20, 26.78, 27.26, 25.820, 0, 0, 1, 1, 1, 3, 11, 21, 16, 1, 0, 0, 0, 0, 0, 0, 0, 0, 0, 2, 1, 0, 0, 0
17:44:17, 1518.20, 26.78, 27.23, 25.828, 0, 0, 1, 0, 1, 4, 12, 21, 18, 1, 0, 0, 0, 0, 0, 0, 0, 0, 1, 2, 1, 0, 0, 0
17:44:18, 1514.80, 26.78, 27.19, 25.828, 0, 0, 1, 0, 1, 4, 13, 22, 19, 2, 0, 0, 0, 0, 0, 0, 0, 0, 1, 2, 2, 0, 0, 0
17:44:19, 1511.70, 26.78, 27.21, 25.828, 0, 0, 1, 1, 1, 4, 14, 24, 20, 2, 0, 0, 0, 0, 0, 0, 0, 0, 1, 2, 2, 0, 0, 0
17:44:19, 1509.00, 26.78, 27.24, 25.828, 0, 0, 1, 1, 2, 4, 14, 25, 21, 2, 0, 0, 0, 0, 0, 0, 0, 0, 1, 2, 2, 0, 0, 0
17:44:20, 1506.20, 26.78, 27.23, 25.828, 0, 0, 1, 1, 2, 5, 15, 26, 21, 2, 0, 0, 0, 0, 0, 0, 0, 0, 1, 2, 2, 0, 0, 0
17:44:21, 1502.60, 26.78, 27.23, 25.828, 0, 0, 1, 0, 2, 5, 16, 26, 22, 2, 0, 0, 0, 0, 0, 0, 0, 0, 1, 3, 2, 0, 0, 0
17:44:21, 1497.70, 26.78, 27.24, 25.828, 0, 0, 1, 0, 2, 5, 17, 30, 24, 2, 0, 0, 0, 0, 0, 0, 0, 0, 1, 3, 2, 0, 0, 0
17:44:22, 1493.10, 26.79, 27.21, 25.828, 0, 0, 1, 1, 2, 5, 18, 31, 24, 2, 0, 0, 0, 0, 0, 0, 0, 0, 1, 3, 2, 0, 0, 0
17:44:23, 1487.60, 26.79, 27.21, 25.820, 0, 0, 1, 1, 2, 6, 20, 33, 27, 2, 0, 0, 0, 0, 0, 0, 0, 0, 1, 3, 2, 0, 0, 0
17:44:23, 1484.00, 26.79, 27.23, 25.836, 0, 1, 1, 0, 3, 7, 21, 36, 29, 2, 0, 0, 0, 0, 0, 0, 0, 0, 1, 3, 3, 0, 0, 0
17:44:24, 1479.40, 26.79, 27.24, 25.836, 0, 1, 1, 1, 3, 7, 22, 37, 30, 2, 0, 0, 0, 0, 0, 0, 0, 0, 2, 4, 3, 0, 0, 0
17:44:25, 1474.70, 26.79, 27.21, 25.828, 1, 1, 1, 1, 3, 8, 24, 40, 33, 3, 0, 0, 0, 0, 0, 0, 0, 0, 2, 4, 3, 0, 0, 0
17:44:25, 1469.20, 26.79, 27.19, 25.828, 1, 1, 1, 1, 3, 9, 26, 43, 36, 3, 0, 0, 0, 0, 0, 0, 0, 0, 2, 4, 3, 0, 0, 0
17:44:26, 1462.50, 26.79, 27.23, 25.828, 1, 1, 2, 2, 4, 10, 29, 47, 40, 3, 0, 0, 0, 0, 0, 0, 0, 0, 2, 4, 4, 0, 0, 0
17:44:27, 1458.90, 26.79, 27.21, 25.836, 1, 1, 2, 1, 5, 11, 32, 52, 45, 4, 0, 0, 0, 0, 0, 0, 0, 0, 2, 5, 4, 0, 0, 0
17:44:28, 1457.80, 26.79, 27.21, 25.836, 1, 1, 2, 1, 5, 11, 32, 53, 46, 4, 0, 0, 0, 0, 0, 0, 0, 1, 2, 5, 4, 0, 0, 0
17:44:28, 1455.20, 26.79, 27.24, 25.836, 1, 1, 2, 2, 5, 11, 33, 53, 46, 4, 0, 0, 0, 0, 0, 0, 0, 1, 3, 5, 4, 0, 0, 0
17:44:29, 1452.80, 26.79, 27.23, 25.836, 1, 1, 2, 1, 5, 12, 34, 56, 49, 4, 0, 0, 0, 0, 0, 0, 0, 1, 3, 5, 4, 0, 0, 0
17:44:30, 1449.80, 26.79, 27.26, 25.836, 1, 1, 2, 1, 5, 13, 36, 58, 51, 4, 0, 0, 0, 0, 0, 0, 0, 1, 3, 6, 5, 0, 0, 0
17:44:30, 1446.40, 26.79, 27.23, 25.836, 1, 1, 2, 2, 6, 13, 37, 61, 53, 4, 0, 0, 0, 0, 0, 0, 0, 1, 3, 6, 5, 0, 0, 0
17:44:31, 1441.60, 26.79, 27.23, 25.828, 1, 1, 2, 1, 6, 14, 39, 64, 55, 4, 0, 0, 0, 0, 0, 0, 0, 1, 3, 6, 5, 0, 0, 0
17:44:32, 1437.00, 26.79, 27.21, 25.828, 1, 1, 2, 1, 7, 15, 42, 69, 59, 5, 0, 0, 0, 0, 0, 0, 0, 1, 4, 7, 6, 0, 0, 0
17:44:32, 1433.90, 26.79, 27.23, 25.836, 1, 1, 2, 2, 7, 16, 44, 72, 63, 5, 0, 0, 0, 0, 0, 0, 0, 1, 4, 7, 6, 0, 0, 0
17:44:33, 1428.90, 26.79, 27.21, 25.836, 2, 2, 2, 3, 8, 18, 48, 77, 68, 5, 0, 0, 0, 0, 0, 0, 0, 1, 4, 7, 7, 0, 0, 0
17:44:34, 1425.20, 26.79, 27.24, 25.836, 2, 2, 2, 3, 8, 18, 49, 79, 70, 6, 0, 0, 0, 0, 0, 0, 0, 1, 4, 8, 7, 0, 0, 0
17:44:34, 1422.00, 26.79, 27.28, 25.836, 2, 2, 3, 3, 8, 20, 52, 82, 72, 6, 0, 0, 0, 0, 0, 0, 1, 1, 4, 8, 7, 0, 0, 0
17:44:35, 1418.10, 26.79, 27.26, 25.836, 2, 2, 3, 3, 9, 21, 55, 87, 78, 6, 0, 0, 0, 0, 0, 0, 1, 1, 5, 9, 7, 0, 0, 0
17:44:36, 1411.10, 26.79, 27.23, 25.836, 2, 2, 3, 2, 10, 23, 60, 95, 84, 7, 0, 0, 0, 0, 0, 0, 1, 2, 5, 10, 8, 0, 0, 0
17:44:36, 1407.50, 26.79, 27.23, 25.836, 2, 2, 3, 4, 11, 25, 65, 101, 90, 7, 0, 0, 0, 0, 0, 0, 1, 2, 6, 10, 9, 0, 0, 0
17:44:37, 1406.00, 26.79, 27.19, 25.836, 2, 2, 3, 3, 11, 26, 66, 103, 93, 7, 0, 0, 0, 0, 0, 0, 1, 2, 6, 10, 9, 0, 0, 0
17:44:38, 1401.50, 26.79, 27.24, 25.836, 3, 3, 3, 3, 12, 28, 71, 110, 99, 8, 0, 0, 0, 0, 0, 0, 1, 2, 6, 11, 10, 0, 0, 0
17:44:38, 1396.00, 26.79, 27.23, 25.828, 3, 3, 4, 4, 13, 29, 74, 115, 103, 8, 0, 0, 0, 0, 0, 0, 1, 2, 7, 12, 11, 0, 0, 0
17:44:39, 1392.80, 26.79, 27.21, 25.836, 3, 3, 4, 4, 14, 31, 78, 121, 113, 9, 0, 0, 0, 0, 0, 0, 1, 2, 7, 12, 11, 0, 0, 0
17:44:40, 1388.50, 26.79, 27.23, 25.836, 3, 3, 4, 5, 15, 33, 82, 126, 117, 9, 0, 0, 0, 0, 0, 0, 1, 3, 8, 13, 12, 0, 0, 0
17:44:40, 1383.70, 26.80, 27.24, 25.828, 3, 3, 4, 5, 16, 36, 88, 135, 125, 10, 0, 0, 0, 0, 0, 0, 1, 3, 9, 14, 13, 1, 0, 0
17:44:41, 1379.70, 26.80, 27.21, 25.836, 4, 3, 4, 4, 18, 38, 92, 140, 131, 10, 0, 0, 0, 0, 0, 0, 1, 3, 9, 15, 13, 1, 0, 0
17:44:42, 1374.20, 26.80, 27.24, 25.836, 4, 4, 4, 5, 19, 41, 97, 148, 139, 11, 0, 0, 0, 0, 0, 0, 2, 4, 10, 16, 15, 1, 0, 0
17:44:42, 1368.90, 26.80, 27.21, 25.828, 4, 4, 5, 6, 20, 44, 104, 157, 149, 12, 0, 0, 0, 0, 0, 0, 2, 4, 10, 17, 16, 1, 0, 0
17:44:43, 1363.90, 26.80, 27.19, 25.836, 4, 4, 5, 6, 23, 48, 113, 169, 161, 13, 0, 0, 0, 0, 0, 0, 2, 4, 11, 19, 17, 1, 0, 0
17:44:44, 1360.10, 26.80, 27.24, 25.836, 5, 4, 5, 6, 24, 50, 116, 174, 165, 13, 0, 0, 0, 0, 0, 0, 2, 5, 12, 19, 18, 1, 0, 0
17:44:44, 1357.20, 26.80, 27.23, 25.828, 5, 5, 6, 7, 25, 53, 122, 182, 174, 14, 0, 0, 0, 0, 0, 0, 2, 5, 12, 20, 18, 1, 0, 0
17:44:45, 1352.40, 26.80, 27.23, 25.836, 5, 5, 6, 7, 26, 55, 126, 186, 176, 14, 0, 0, 0, 0, 0, 0, 2, 5, 13, 21, 20, 1, 0, 0
17:44:46, 1348.10, 26.80, 27.21, 25.836, 5, 5, 6, 8, 28, 57, 129, 191, 181, 14, 0, 0, 0, 0, 0, 0, 3, 5, 14, 22, 20, 1, 0, 0
17:44:46, 1344.50, 26.80, 27.26, 25.828, 5, 5, 6, 8, 29, 60, 134, 197, 190, 15, 0, 0, 0, 0, 0, 0, 3, 6, 14, 23, 21, 1, 0, 0
17:44:47, 1340.30, 26.80, 27.24, 25.828, 6, 6, 7, 9, 31, 64, 141, 206, 196, 15, 0, 0, 1, 0, 0, 1, 3, 6, 15, 24, 23, 1, 0, 0
17:44:48, 1338.10, 26.80, 27.19, 25.828, 6, 6, 7, 8, 31, 64, 141, 207, 197, 16, 0, 0, 0, 0, 0, 1, 3, 6, 16, 25, 23, 2, 0, 0
17:44:48, 1334.10, 26.80, 27.23, 25.820, 6, 6, 7, 9, 33, 68, 147, 215, 202, 16, 0, 0, 1, 0, 0, 1, 3, 7, 17, 26, 25, 2, 0, 0
17:44:49, 1330.50, 26.80, 27.23, 25.828, 6, 6, 7, 10, 35, 71, 153, 222, 212, 17, 0, 0, 1, 0, 0, 1, 3, 7, 17, 27, 26, 2, 0, 0
17:44:50, 1324.50, 26.80, 27.24, 25.828, 7, 7, 8, 11, 37, 76, 162, 234, 225, 18, 0, 0, 1, 0, 0, 1, 4, 8, 19, 29, 28, 2, 0, 0
17:44:50, 1320.00, 26.80, 27.23, 25.812, 7, 7, 8, 12, 41, 83, 174, 250, 246, 19, 0, 0, 1, 0, 0, 1, 4, 9, 20, 31, 30, 2, 0, 0
17:44:51, 1315.40, 26.80, 27.21, 25.820, 8, 7, 9, 12, 44, 87, 181, 259, 253, 20, 0, 0, 1, 0, 0, 1, 4, 9, 22, 33, 32, 2, 0, 0
17:44:52, 1310.70, 26.80, 27.24, 25.820, 8, 8, 9, 13, 45, 90, 185, 264, 257, 20, 0, 0, 1, 0, 0, 1, 5, 10, 23, 35, 33, 2, 0, 0
17:44:52, 1304.40, 26.80, 27.21, 25.812, 8, 8, 9, 14, 48, 95, 194, 276, 269, 21, 0, 0, 1, 1, 1, 1, 5, 11, 24, 37, 36, 3, 0, 0
17:44:53, 1301.20, 26.80, 27.23, 25.820, 9, 9, 10, 14, 52, 102, 205, 290, 289, 23, 0, 0, 1, 1, 1, 1, 6, 12, 26, 39, 38, 3, 0, 0
17:44:54, 1297.70, 26.80, 27.19, 25.820, 9, 9, 10, 15, 53, 104, 208, 293, 287, 23, 0, 0, 1, 1, 1, 1, 6, 12, 27, 40, 39, 3, 0, 0
17:44:54, 1293.80, 26.80, 27.21, 25.812, 9, 9, 11, 17, 56, 108, 214, 302, 297, 24, 0, 0, 1, 1, 1, 1, 6, 13, 28, 42, 41, 3, 0, 0
17:44:55, 1289.60, 26.80, 27.23, 25.828, 10, 10, 11, 18, 62, 118, 231, 324, 318, 25, 0, 0, 1, 1, 1, 2, 7, 14, 30, 45, 45, 3, 0, 0
17:44:56, 1285.50, 26.80, 27.24, 25.828, 10, 10, 12, 18, 64, 121, 234, 329, 317, 25, 0, 0, 1, 1, 1, 2, 7, 15, 32, 47, 47, 4, 0, 0
17:44:56, 1282.10, 26.80, 27.24, 25.820, 11, 10, 12, 19, 67, 126, 243, 341, 335, 26, 0, 0, 1, 1, 1, 2, 8, 16, 33, 49, 48, 4, 0, 0
17:44:57, 1278.40, 26.80, 27.21, 25.820, 11, 11, 13, 21, 71, 133, 254, 354, 343, 27, 0, 0, 2, 1, 1, 2, 8, 17, 35, 52, 51, 4, 0, 0
17:44:58, 1271.90, 26.80, 27.24, 25.820, 12, 11, 14, 22, 77, 144, 273, 379, 360, 28, 0, 0, 2, 1, 1, 2, 9, 19, 39, 56, 56, 4, 0, 0
17:44:58, 1266.30, 26.80, 27.21, 25.820, 13, 12, 15, 24, 86, 158, 298, 409, 398, 31, 0, 0, 2, 1, 1, 2, 10, 20, 41, 60, 59, 5, 0, 0
17:44:59, 1254.60, 26.80, 27.21, 25.828, 15, 14, 17, 29, 100, 181, 334, 457, 426, 33, 0, 0, 2, 2, 2, 3, 12, 25, 49, 71, 71, 6, 0, 0
17:45:00, 1249.10, 26.80, 27.24, 25.828, 17, 16, 20, 36, 115, 205, 371, 504, 464, 36, 0, 0, 3, 2, 2, 3, 13, 26, 53, 75, 75, 6, 0, 0
17:45:00, 1243.00, 26.80, 27.23, 25.820, 18, 17, 21, 38, 124, 217, 390, 527, 479, 37, 0, 0, 3, 2, 2, 4, 14, 28, 55, 79, 77, 6, 0, 0
17:45:01, 1235.00, 26.80, 27.23, 25.820, 19, 18, 22, 41, 135, 234, 413, 559, 492, 38, 0, 0, 3, 2, 2, 4, 17, 32, 61, 87, 85, 7, 0, 0
17:45:02, 1228.70, 26.80, 27.21, 25.820, 22, 21, 26, 50, 165, 281, 490, 655, 593, 45, 0, 0, 3, 3, 3, 5, 19, 37, 70, 97, 96, 8, 0, 0
17:45:02, 1224.30, 26.80, 27.21, 25.820, 25, 24, 29, 58, 181, 307, 529, 704, 654, 49, 0, 0, 4, 3, 3, 6, 21, 40, 76, 105, 105, 9, 0, 0
17:45:03, 1220.10, 26.81, 27.24, 25.820, 28, 26, 33, 67, 205, 343, 585, 773, 775, 58, 0, 0, 4, 3, 3, 6, 23, 43, 81, 112, 113, 10, 0, 0
17:45:04, 1215.00, 26.80, 27.23, 25.820, 30, 29, 36, 74, 228, 377, 642, 838, 828, 62, 0, 0, 4, 4, 4, 7, 26, 48, 89, 123, 128, 11, 0, 0
17:45:04, 1208.40, 26.80, 27.23, 25.820, 32, 30, 39, 81, 246, 406, 684, 886, 869, 65, 0, 0, 5, 4, 5, 8, 29, 54, 98, 135, 141, 12, 0, 0
17:45:05, 1202.80, 26.80, 27.24, 25.820, 36, 34, 44, 95, 273, 441, 737, 945, 994, 75, 0, 0, 5, 5, 5, 9, 32, 58, 105, 143, 150, 13, 0, 0
17:45:06, 1199.60, 26.81, 27.23, 25.820, 37, 35, 47, 102, 291, 465, 763, 979, 1058, 80, 0, 0, 6, 5, 5, 10, 33, 61, 109, 148, 159, 14, 0, 0
17:45:06, 1194.10, 26.80, 27.23, 25.820, 38, 36, 49, 106, 305, 489, 795, 1011, 1067, 79, 0, 0, 6, 5, 6, 11, 37, 66, 117, 159, 170, 15, 0, 0
17:45:07, 1189.70, 26.80, 27.24, 25.820, 42, 40, 55, 123, 345, 542, 880, 1109, 1207, 90, 0, 0, 7, 6, 6, 12, 40, 72, 126, 170, 183, 16, 0, 0
17:45:08, 1186.40, 26.80, 27.24, 25.820, 44, 42, 58, 129, 363, 566, 910, 1145, 1251, 93, 0, 0, 7, 6, 7, 12, 42, 74, 131, 175, 188, 16, 0, 0
17:45:08, 1182.80, 26.80, 27.23, 25.828, 44, 42, 59, 134, 363, 563, 898, 1127, 1186, 87, 0, 0, 7, 6, 7, 13, 43, 76, 133, 178, 188, 16, 0, 0
17:45:09, 1177.90, 26.80, 27.26, 25.828, 43, 41, 59, 133, 359, 552, 870, 1092, 1107, 81, 0, 0, 7, 6, 7, 14, 45, 79, 136, 181, 189, 16, 0, 0
17:45:10, 1173.30, 26.80, 27.24, 25.812, 43, 41, 60, 137, 359, 546, 852, 1066, 1071, 78, 0, 0, 8, 7, 7, 14, 46, 81, 139, 184, 190, 17, 0, 0
17:45:10, 1171.20, 26.80, 27.24, 25.828, 43, 42, 61, 141, 363, 547, 842, 1054, 1112, 82, 0, 0, 7, 6, 7, 14, 47, 82, 142, 187, 193, 17, 0, 0
17:45:11, 1164.70, 26.80, 27.23, 25.828, 46, 44, 66, 153, 428, 642, 991, 1190, 1335, 94, 0, 0, 9, 8, 9, 17, 56, 96, 163, 213, 229, 20, 0, 0
17:45:12, 1161.20, 26.80, 27.21, 25.828, 69, 66, 104, 250, 595, 876, 1368, 1605, 2163, 150, 0, 0, 10, 9, 10, 21, 66, 113, 188, 246, 287, 25, 0, 0
17:45:12, 1153.80, 26.80, 27.26, 25.828, 108, 98, 166, 367, 1022, 1629, 2560, 3093, 4351, 313, 0, 0, 12, 11, 13, 26, 83, 138, 228, 296, 367, 33, 0, 0
17:45:13, 1143.80, 26.80, 27.24, 25.828, 189, 195, 318, 770, 1220, 1793, 2645, 3179, 4838, 359, 0, 0, 15, 13, 17, 34, 105, 172, 277, 356, 464, 42, 0, 0
17:45:14, 1139.00, 26.80, 27.21, 25.820, 169, 171, 295, 722, 1130, 1681, 2448, 3082, 4623, 356, 0, 0, 15, 13, 17, 36, 104, 168, 269, 345, 454, 41, 0, 0
17:45:14, 1133.70, 26.80, 27.24, 25.828, 121, 125, 228, 539, 939, 1316, 1887, 2219, 3405, 258, 0, 0, 16, 14, 18, 39, 114, 182, 288, 367, 490, 45, 0, 0
17:45:15, 1129.90, 26.80, 27.23, 25.828, 103, 105, 199, 457, 1174, 1619, 2337, 2719, 4385, 324, 0, 0, 17, 16, 21, 43, 122, 194, 305, 387, 523, 47, 0, 0
17:45:16, 1126.30, 26.80, 27.26, 25.820, 235, 233, 432, 970, 1673, 2345, 3565, 4220, 6541, 490, 0, 0, 19, 17, 23, 48, 136, 214, 334, 423, 568, 52, 0, 0
17:45:16, 1121.10, 26.80, 27.23, 25.828, 258, 274, 488, 1161, 2164, 3045, 4500, 5512, 8504, 648, 0, 0, 21, 19, 26, 56, 154, 240, 370, 466, 630, 57, 0, 0
17:45:17, 1118.00, 26.80, 27.23, 25.828, 272, 259, 536, 1105, 1764, 2481, 3441, 4205, 7216, 531, 0, 0, 21, 19, 26, 57, 154, 238, 365, 458, 621, 56, 0, 0
17:45:18, 1111.70, 26.80, 27.23, 25.828, 284, 311, 561, 1301, 1460, 1988, 2665, 3149, 5311, 387, 0, 0, 22, 20, 28, 62, 164, 252, 383, 479, 610, 55, 0, 0
17:45:18, 1106.50, 26.80, 27.23, 25.836, 216, 225, 481, 981, 2786, 3869, 5677, 6740, 10951, 793, 0, 0, 24, 22, 32, 70, 181, 274, 412, 511, 647, 58, 0, 0
17:45:19, 1104.50, 26.80, 27.24, 25.836, 219, 257, 529, 1154, 2683, 3608, 5153, 6167, 12203, 762, 0, 0, 25, 23, 34, 73, 188, 282, 424, 521, 660, 59, 0, 0
17:45:20, 1101.50, 26.80, 27.24, 25.828, 571, 558, 1181, 2505, 4129, 5604, 8364, 9651, 19874, 1233, 0, 0, 26, 24, 37, 80, 199, 295, 441, 538, 703, 62, 0, 0
17:45:20, 1093.70, 26.80, 27.24, 25.828, 798, 892, 1885, 3777, 7950, 10795, 14360, 16966, 30261, 2324, 0, 0, 29, 27, 42, 92, 234, 342, 504, 612, 806, 71, 0, 0
17:45:21, 1088.50, 26.80, 27.23, 25.828, 794, 789, 1814, 3437, 8983, 12398, 17245, 20024, 36000, 2887, 1, 1, 33, 32, 51, 110, 252, 363, 533, 643, 844, 75, 0, 0
17:45:22, 1083.30, 26.81, 27.24, 25.828, 771, 1057, 2296, 4486, 12349, 14965, 24024, 28790, 36000, 3780, 1, 1, 34, 33, 54, 115, 267, 382, 555, 670, 863, 77, 0, 0
17:45:22, 1075.20, 26.81, 27.26, 25.836, 891, 1049, 2446, 4385, 9304, 11935, 17183, 19027, 33124, 3203, 0, 1, 38, 37, 63, 135, 312, 436, 626, 749, 992, 89, 0, 0
17:45:23, 1071.80, 26.81, 27.21, 25.836, 1939, 2913, 5941, 11170, 16067, 17961, 24895, 25878, 36000, 4907, 1, 1, 43, 43, 77, 160, 340, 467, 663, 785, 1101, 98, 0, 0
17:45:24, 1067.60, 26.81, 27.21, 25.836, 2000, 2844, 6327, 10632, 23389, 28437, 33139, 33638, 36000, 9015, 1, 1, 45, 47, 84, 174, 366, 499, 702, 832, 1171, 105, 0, 0
17:45:24, 1060.60, 26.81, 27.21, 25.844, 2600, 3352, 8365, 11674, 12043, 15292, 20980, 23111, 36000, 4457, 1, 1, 49, 51, 92, 191, 406, 551, 767, 904, 1301, 117, 0, 0
17:45:25, 1053.10, 26.81, 27.19, 25.844, 4129, 5411, 13217, 17649, 13185, 17001, 20371, 21681, 33010, 5403, 0, 1, 60, 65, 121, 244, 485, 644, 876, 1024, 1591, 145, 0, 0
17:45:26, 1051.50, 26.81, 27.23, 25.844, 2958, 3605, 7411, 9204, 3938, 4423, 5086, 6089, 13755, 1563, 0, 0, 53, 59, 110, 220, 410, 549, 746, 872, 1362, 125, 0, 0
17:45:26, 1045.00, 26.81, 27.23, 25.844, 3496, 5259, 10975, 16391, 14945, 18265, 24279, 28215, 34878, 7635, 0, 1, 54, 60, 110, 221, 416, 557, 758, 889, 1239, 115, 0, 0
17:45:27, 1038.00, 26.81, 27.24, 25.844, 9368, 12436, 24806, 27551, 15980, 16725, 19459, 22577, 35906, 7674, 0, 1, 50, 57, 106, 208, 399, 531, 711, 834, 1145, 106, 0, 0
17:45:28, 1036.10, 26.81, 27.23, 25.836, 583, 1088, 1744, 2291, 2815, 2893, 3551, 3882, 8099, 1207, 0, 0, 52, 60, 113, 217, 426, 559, 748, 873, 1233, 113, 0, 0
17:45:28, 1034.90, 26.81, 27.23, 25.844, 383, 698, 1090, 1347, 1637, 1641, 1930, 2068, 5520, 819, 0, 0, 55, 65, 120, 232, 425, 558, 748, 872, 1217, 112, 0, 0
17:45:29, 1036.30, 26.81, 27.24, 25.844, 1574, 2745, 4219, 5866, 21575, 21766, 28088, 29430, 36000, 16746, 1, 1, 60, 75, 139, 258, 453, 587, 781, 902, 1415, 138, 0, 0
17:45:30, 1037.90, 26.81, 27.21, 25.844, 6238, 11237, 17593, 26617, 28485, 27315, 35428, 34168, 36000, 17614, 1, 1, 52, 60, 111, 213, 372, 489, 668, 769, 1130, 104, 0, 0
17:45:30, 1037.10, 26.81, 27.24, 25.852, 240, 450, 723, 902, 917, 925, 1060, 1033, 2813, 359, 0, 0, 44, 49, 89, 176, 313, 419, 571, 668, 867, 79, 0, 0
17:45:31, 1032.30, 26.81, 27.23, 25.852, 218, 404, 637, 779, 859, 865, 986, 976, 2887, 378, 0, 0, 39, 43, 79, 153, 322, 428, 577, 682, 817, 76, 0, 0
17:45:32, 1029.80, 26.81, 27.24, 25.859, 396, 681, 1017, 1179, 1460, 1414, 1623, 1740, 4683, 754, 0, 0, 56, 67, 125, 236, 441, 573, 764, 887, 1275, 121, 0, 0
17:45:32, 1023.50, 26.81, 27.26, 25.859, 554, 891, 1312, 1528, 1937, 1938, 2235, 2447, 6106, 1099, 0, 0, 78, 99, 185, 342, 599, 761, 993, 1160, 1738, 179, 0, 0
17:45:33, 1018.20, 26.81, 27.24, 25.867, 1142, 1801, 2384, 2606, 2634, 2643, 2873, 3247, 10357, 2924, 0, 0, 150, 215, 353, 567, 1113, 1256, 1527, 1711, 4578, 1631, 0, 0
17:45:34, 1018.20, 26.81, 27.26, 25.844, 1234, 1917, 2502, 2713, 2989, 3068, 3421, 3804, 12867, 3995, 0, 0, 583, 854, 1184, 1444, 1659, 1820, 2070, 2345, 6472, 1722, 0, 0
17:45:34, 1018.30, 26.81, 27.24, 25.844, 1360, 2103, 2808, 3143, 3388, 3451, 3983, 4410, 14832, 4897, 0, 0, 639, 1027, 1361, 1735, 2061, 2329, 2631, 3044, 7626, 2020, 0, 0
17:45:35, 1017.90, 26.79, 27.26, 25.680, 1357, 2232, 2870, 3244, 16892, 17469, 18270, 18568, 27130, 18451, 0, 0, 1255, 1976, 2784, 3294, 4621, 4579, 5529, 5927, 12371, 3856, 0, 0
