Secchi Depth (cm) = 9999
Forel Ule Scale = 99
pH Colour Scale = 99
SensingSecchi S/N = A017
Latitude (degs N) = 34.33552
Longitude (degs E) = -78.05375
Date = 2026-06-18
Time (UTC), Pressure (mbar) MS5803, Temp (deg C) MS5803, Temp (deg C) 10KTHERM, Temp (deg C) TMP117, ED 415nm, ED 445nm, ED 480nm, ED 515nm, ED 555nm, ED 590nm, ED 630nm, ED 680nm, ED Clear, ED NIR, ED D-SAT, ED A-SAT, EU 415nm, EU 445nm, EU 480nm, EU 515nm, EU 555nm, EU 590nm, EU 630nm, EU 680nm, EU Clear, EU NIR, EU D-SAT, EU A-SAT
16:26:30, 1004.90, 30.40, 32.58, 31.625, 1344, 2011, 2773, 3133, 4129, 4115, 4849, 5337, 25657, 10434, 0, 0, 9482, 13619, 18185, 22276, 24318, 29130, 31817, 36000, 36000, 36000, 1, 1
16:26:30, 1004.70, 30.41, 32.62, 31.664, 1217, 1802, 2494, 2827, 3156, 3230, 3735, 4115, 20895, 8511, 0, 0, 9212, 12793, 16757, 19632, 28115, 32754, 36000, 36000, 36000, 36000, 1, 1
16:26:31, 1004.70, 30.41, 32.60, 31.664, 997, 1429, 1948, 2249, 2294, 2521, 2851, 3257, 13781, 6131, 0, 0, 6879, 10205, 13776, 17278, 22315, 23924, 27928, 32277, 36000, 36000, 1, 1
16:26:32, 1004.50, 30.42, 32.62, 31.703, 751, 1128, 1521, 1725, 2026, 2093, 2329, 2667, 13231, 5833, 0, 0, 4826, 7207, 9747, 12195, 6564, 6861, 8482, 9188, 21666, 7130, 0, 0
16:26:32, 1004.40, 30.42, 32.64, 31.727, 3168, 4315, 6676, 6994, 24889, 25917, 27033, 30337, 30153, 20017, 0, 0, 1287, 1871, 2698, 3414, 2600, 2775, 3500, 3783, 10239, 4126, 0, 0
16:26:33, 1012.20, 30.43, 32.66, 31.727, 1783, 2732, 3679, 4190, 4145, 4251, 4825, 5450, 19393, 6660, 0, 0, 292, 341, 546, 743, 1165, 1307, 1706, 1883, 6727, 2361, 0, 0
16:26:34, 1012.10, 30.42, 32.62, 31.398, 1677, 2736, 3752, 4453, 18817, 19711, 22755, 23735, 33718, 15287, 0, 1, 215, 278, 530, 946, 1989, 2423, 3329, 3781, 5661, 629, 0, 0
16:26:34, 1010.40, 30.38, 32.58, 30.219, 8922, 10546, 17168, 16716, 11059, 12922, 10768, 16028, 22196, 5404, 0, 0, 238, 307, 601, 1079, 1658, 1988, 2725, 3039, 4151, 434, 0, 0
16:26:35, 1013.90, 30.36, 32.60, 30.219, 913, 1378, 1883, 2224, 2322, 2354, 2761, 3004, 7702, 1817, 0, 0, 91, 102, 200, 371, 773, 969, 1372, 1569, 1858, 189, 0, 0
16:26:36, 1011.10, 30.32, 32.58, 29.586, 1587, 2428, 3863, 4500, 17700, 19456, 20365, 22274, 29288, 8190, 0, 0, 224, 293, 563, 978, 2648, 3125, 4159, 4685, 7620, 927, 0, 0
16:26:36, 1013.80, 30.28, 32.58, 29.586, 3619, 5971, 8512, 10941, 8923, 8976, 11202, 12525, 18516, 4641, 0, 0, 279, 368, 715, 1243, 1801, 2179, 2956, 3366, 4226, 424, 0, 0
16:26:37, 1015.20, 30.23, 32.55, 29.281, 2157, 3660, 5352, 6146, 3351, 3527, 4051, 4557, 9733, 1990, 0, 0, 176, 211, 421, 782, 1164, 1428, 2051, 2290, 2371, 233, 0, 0
16:26:38, 1016.20, 30.19, 32.51, 29.086, 649, 1088, 1564, 1891, 2670, 2722, 3163, 3572, 8793, 1749, 0, 0, 135, 162, 323, 606, 1259, 1537, 2154, 2417, 2590, 249, 0, 0
16:26:38, 1021.20, 30.16, 32.51, 29.086, 761, 1274, 1929, 2370, 3290, 3296, 3985, 4526, 6929, 1653, 0, 0, 289, 360, 712, 1278, 1683, 2103, 2910, 3313, 4614, 467, 0, 0
16:26:39, 1016.20, 30.14, 32.49, 28.977, 3142, 4228, 7417, 8639, 8390, 9806, 9025, 13311, 11803, 2332, 0, 0, 290, 349, 697, 1296, 2556, 3081, 4284, 4791, 6871, 769, 0, 0
16:26:40, 1015.30, 30.12, 32.51, 28.906, 1418, 1956, 2904, 3890, 2566, 2922, 3204, 3692, 8198, 1675, 0, 0, 414, 556, 1070, 1879, 2675, 3228, 4476, 4993, 7560, 876, 0, 0
16:26:40, 1015.60, 30.09, 32.47, 28.906, 2593, 2489, 4336, 5612, 4260, 5234, 5362, 6419, 10620, 2554, 0, 0, 355, 452, 885, 1598, 2747, 3364, 4665, 5252, 7265, 766, 0, 0
16:26:41, 1013.20, 30.06, 32.45, 28.867, 1554, 1874, 3221, 3902, 4246, 5032, 5310, 6414, 10413, 2782, 0, 0, 388, 494, 958, 1699, 2729, 3305, 4581, 5136, 7963, 912, 0, 0
16:26:42, 1015.20, 30.05, 32.51, 28.844, 747, 1040, 1652, 2226, 2319, 2709, 2977, 3437, 6706, 1352, 0, 0, 383, 503, 977, 1732, 2687, 3268, 4527, 5065, 7838, 879, 0, 0
16:26:42, 1015.70, 30.04, 32.49, 28.844, 2946, 2882, 5216, 6254, 7803, 10882, 8634, 13046, 12613, 3396, 0, 0, 309, 377, 741, 1354, 2521, 3084, 4285, 4806, 6963, 758, 0, 0
16:26:43, 1019.20, 30.04, 32.43, 28.828, 1139, 1498, 2437, 3170, 3153, 3757, 4054, 4750, 9004, 1903, 0, 0, 299, 390, 769, 1393, 2216, 2671, 3710, 4096, 6582, 722, 0, 0
16:26:43, 1021.50, 30.03, 32.43, 28.820, 686, 1030, 1661, 2443, 2717, 3228, 3724, 4145, 9596, 1667, 0, 0, 243, 301, 605, 1143, 1957, 2407, 3389, 3777, 5695, 590, 0, 0
16:26:44, 1016.50, 30.03, 32.45, 28.820, 877, 1089, 1849, 2561, 3813, 5215, 5117, 6044, 11185, 1979, 0, 0, 260, 322, 648, 1211, 2249, 2723, 3773, 4187, 6726, 744, 0, 0
16:26:45, 1021.30, 30.03, 32.43, 28.812, 1080, 1413, 2269, 2995, 2871, 3389, 3692, 4316, 7362, 1517, 0, 0, 280, 345, 696, 1295, 1890, 2322, 3247, 3608, 5567, 598, 0, 0
16:26:45, 1021.60, 30.03, 32.39, 28.828, 3630, 3289, 6029, 9909, 18572, 19570, 20636, 24267, 26156, 4069, 0, 0, 202, 230, 469, 914, 2021, 2499, 3464, 3870, 5420, 549, 0, 0
16:26:46, 1015.30, 30.03, 32.43, 28.828, 2029, 1997, 3878, 4489, 6506, 9520, 7391, 10715, 13190, 2541, 0, 0, 271, 328, 663, 1240, 2423, 2949, 4020, 4452, 6527, 672, 0, 0
16:26:47, 1014.50, 30.04, 32.39, 28.828, 1468, 1984, 3289, 4123, 4879, 5570, 6193, 7198, 13474, 3011, 0, 0, 316, 406, 809, 1459, 2506, 3008, 4101, 4520, 7258, 791, 0, 0
16:26:47, 1017.20, 30.04, 32.41, 28.836, 1277, 1633, 2553, 3663, 5224, 7795, 7888, 8535, 19269, 4054, 0, 0, 273, 354, 712, 1312, 2350, 2822, 3872, 4258, 6921, 765, 0, 0
16:26:48, 1013.40, 30.03, 32.41, 28.836, 1244, 1546, 2562, 3319, 3769, 4517, 4760, 5560, 9411, 2166, 0, 0, 303, 389, 782, 1418, 2470, 2977, 4037, 4452, 6914, 738, 0, 0
16:26:49, 1018.10, 30.03, 32.38, 28.844, 1695, 1998, 3208, 4177, 4797, 6271, 6282, 7158, 14771, 3006, 0, 0, 291, 379, 758, 1380, 2761, 3309, 4518, 4961, 8094, 892, 0, 0
16:26:49, 1019.70, 30.04, 32.39, 28.852, 2755, 2958, 4602, 9090, 27413, 32340, 34706, 35015, 36000, 21688, 1, 1, 206, 262, 534, 1007, 1897, 2310, 3185, 3526, 5952, 630, 0, 0
16:26:50, 1019.10, 30.03, 32.38, 28.852, 1037, 1307, 2154, 3018, 3488, 4240, 4550, 5313, 9525, 2013, 0, 0, 246, 308, 629, 1175, 2092, 2544, 3516, 3891, 6068, 643, 0, 0
16:26:51, 1020.30, 30.04, 32.36, 28.844, 1193, 1462, 2554, 3348, 5874, 8223, 7017, 9488, 13281, 2531, 0, 0, 219, 256, 522, 1010, 1977, 2431, 3392, 3759, 5578, 581, 0, 0
16:26:51, 1019.90, 30.04, 32.36, 28.852, 1929, 1825, 3290, 4264, 4457, 7172, 6120, 7401, 13042, 2581, 0, 0, 298, 374, 760, 1406, 2347, 2860, 3950, 4382, 6679, 698, 0, 0
16:26:52, 1021.10, 30.04, 32.38, 28.852, 1955, 1912, 3289, 4678, 4469, 5833, 6006, 6986, 14164, 2919, 0, 0, 246, 304, 615, 1164, 1942, 2389, 3335, 3695, 5774, 600, 0, 0
16:26:53, 1022.10, 30.04, 32.36, 28.852, 1960, 2075, 3338, 5409, 6295, 12753, 9851, 11431, 18960, 3928, 0, 0, 257, 315, 642, 1222, 2307, 2807, 3887, 4289, 6869, 727, 0, 0
16:26:53, 1025.50, 30.04, 32.38, 28.844, 2065, 2110, 3693, 6398, 15787, 17634, 21525, 26452, 33765, 4744, 0, 1, 177, 204, 413, 812, 1505, 1871, 2589, 2886, 5090, 516, 0, 0
16:26:54, 1022.10, 30.03, 32.38, 28.844, 3733, 7743, 10986, 14403, 23592, 23178, 28433, 29858, 36000, 30640, 1, 1, 199, 246, 499, 947, 1620, 2018, 2791, 3135, 5427, 571, 0, 0
16:26:55, 1020.70, 30.03, 32.36, 28.844, 4540, 4175, 7913, 11129, 2563, 3151, 3334, 4009, 6558, 1306, 0, 0, 318, 388, 787, 1474, 2177, 2663, 3699, 4103, 6081, 627, 0, 0
16:26:55, 1014.40, 30.03, 32.34, 28.852, 2457, 1945, 3576, 4685, 3555, 4370, 4571, 5386, 9387, 2170, 0, 0, 304, 390, 786, 1429, 2218, 2702, 3692, 4097, 6376, 680, 0, 0
16:26:56, 1017.70, 30.03, 32.36, 28.852, 1308, 1546, 2544, 3435, 2648, 3147, 3491, 3970, 8187, 1683, 0, 0, 322, 434, 869, 1557, 2329, 2776, 3819, 4186, 6795, 752, 0, 0
16:26:57, 1021.30, 30.03, 32.38, 28.836, 1020, 1279, 2154, 2829, 2617, 2997, 3297, 3894, 6516, 1488, 0, 0, 284, 345, 703, 1314, 1994, 2458, 3410, 3798, 5531, 572, 0, 0
16:26:57, 1025.60, 30.02, 32.38, 28.852, 3266, 2093, 4759, 5335, 18244, 21739, 20217, 25622, 23641, 3490, 0, 0, 183, 208, 418, 821, 1453, 1833, 2551, 2879, 4798, 488, 0, 0
16:26:58, 1020.20, 30.02, 32.34, 28.852, 3323, 4371, 9307, 8897, 10715, 13302, 12360, 16152, 36000, 29236, 1, 1, 229, 316, 637, 1098, 1739, 2079, 2737, 3059, 5693, 620, 0, 0
16:26:59, 1024.50, 30.02, 32.34, 28.844, 2364, 4944, 6517, 10648, 6021, 7538, 11901, 8336, 33851, 7126, 0, 1, 225, 295, 594, 1120, 1750, 2150, 2993, 3317, 5673, 579, 0, 0
16:26:59, 1025.50, 30.02, 32.34, 28.844, 4111, 4943, 7623, 14018, 6063, 9750, 10731, 11677, 20774, 2458, 0, 0, 179, 212, 438, 855, 1649, 2053, 2872, 3212, 4637, 463, 0, 0
16:27:00, 1027.40, 30.02, 32.34, 28.852, 1483, 1340, 2871, 3167, 8359, 9298, 9497, 13575, 10939, 1730, 0, 0, 173, 188, 379, 762, 1436, 1829, 2565, 2895, 3911, 385, 0, 0
16:27:01, 1029.50, 30.01, 32.36, 28.844, 1701, 3491, 6164, 8362, 13824, 15703, 19158, 19723, 26615, 4412, 0, 0, 164, 189, 379, 744, 1412, 1748, 2367, 2654, 4485, 448, 0, 0
16:27:01, 1024.00, 30.01, 32.32, 28.844, 3642, 3164, 7366, 7565, 22990, 23122, 26240, 33352, 36000, 21385, 1, 1, 175, 210, 426, 822, 1835, 2251, 3084, 3416, 6339, 627, 0, 0
16:27:02, 1028.50, 30.00, 32.34, 28.852, 383, 662, 1055, 1616, 2570, 2864, 3899, 3729, 12214, 2195, 0, 0, 213, 265, 537, 1039, 1633, 2035, 2860, 3190, 5409, 539, 0, 0
16:27:03, 1032.00, 30.00, 32.30, 28.844, 4343, 8606, 14689, 22116, 24425, 24220, 26670, 31730, 36000, 30183, 1, 1, 188, 235, 477, 874, 1558, 1931, 2610, 2976, 4646, 465, 0, 0
16:27:03, 1026.60, 29.99, 32.32, 28.844, 2746, 4906, 8425, 11492, 3218, 4454, 4324, 5382, 7403, 1325, 0, 0, 293, 331, 665, 1290, 2118, 2675, 3786, 4293, 5964, 605, 0, 0
16:27:04, 1027.70, 29.99, 32.32, 28.828, 4548, 5872, 9985, 14703, 10812, 13903, 15044, 19792, 20134, 2342, 0, 0, 188, 211, 420, 828, 1456, 1846, 2613, 2967, 4809, 500, 0, 0
16:27:05, 1026.00, 29.98, 32.36, 28.836, 2220, 2780, 5761, 6136, 7959, 7585, 9022, 11374, 35294, 16237, 0, 1, 156, 202, 415, 761, 1371, 1723, 2407, 2716, 4582, 459, 0, 0
16:27:05, 1033.40, 29.98, 32.34, 28.836, 1683, 1752, 2789, 5790, 7780, 9487, 12943, 12453, 34609, 6076, 0, 1, 135, 164, 337, 649, 711, 901, 1251, 1407, 2000, 196, 0, 0
16:27:06, 1041.30, 29.98, 32.36, 28.828, 1391, 1996, 4017, 4585, 14942, 17753, 19280, 25937, 36000, 15824, 1, 1, 119, 123, 239, 495, 1069, 1415, 2064, 2379, 3019, 294, 0, 0
16:27:07, 1046.60, 29.97, 32.32, 28.828, 1493, 2561, 4311, 7738, 5903, 6596, 8585, 10326, 7798, 832, 0, 0, 144, 140, 260, 559, 1186, 1599, 2359, 2729, 3244, 303, 0, 0
16:27:07, 1048.80, 29.96, 32.32, 28.828, 828, 1429, 2664, 4915, 7986, 9095, 11961, 12909, 14588, 1448, 0, 0, 115, 112, 207, 444, 937, 1259, 1837, 2128, 3173, 294, 0, 0
16:27:08, 1049.90, 29.96, 32.36, 28.828, 2235, 1933, 5613, 5899, 9735, 13178, 11938, 19433, 36000, 13465, 1, 1, 113, 112, 218, 465, 929, 1249, 1829, 2112, 3368, 315, 0, 0
16:27:09, 1058.50, 29.95, 32.32, 28.844, 1549, 2924, 5268, 8618, 8301, 9531, 14122, 17174, 34466, 6004, 0, 1, 124, 123, 231, 500, 866, 1194, 1782, 2073, 3128, 285, 0, 0
16:27:09, 1061.60, 29.95, 32.36, 28.844, 1190, 2108, 3354, 6969, 8549, 8897, 10517, 17122, 35974, 5148, 0, 1, 94, 89, 166, 363, 781, 1072, 1582, 1835, 2737, 244, 0, 0
16:27:10, 1065.50, 29.94, 32.30, 28.828, 1692, 2505, 5020, 10545, 12456, 14741, 19892, 23615, 36000, 3594, 1, 1, 88, 80, 138, 308, 704, 996, 1525, 1785, 2403, 220, 0, 0
16:27:11, 1068.20, 29.94, 32.34, 28.844, 959, 1335, 2739, 5476, 12776, 16182, 21577, 26164, 36000, 3785, 1, 1, 77, 69, 117, 262, 642, 922, 1422, 1674, 2263, 205, 0, 0
16:27:11, 1065.20, 29.94, 32.34, 28.844, 885, 748, 1443, 2870, 3068, 5317, 5539, 7306, 7611, 668, 0, 0, 95, 85, 146, 325, 773, 1098, 1685, 1965, 2492, 230, 0, 0
16:27:12, 1067.80, 29.94, 32.32, 28.859, 903, 1049, 1816, 3347, 14093, 16359, 25116, 29929, 26505, 1870, 0, 0, 84, 75, 125, 281, 672, 965, 1484, 1748, 2303, 213, 0, 0
16:27:13, 1069.20, 29.93, 32.32, 28.859, 638, 822, 1460, 2836, 10314, 10968, 16227, 22486, 22104, 1562, 0, 0, 88, 78, 129, 287, 716, 1038, 1613, 1910, 2478, 230, 0, 0
16:27:13, 1070.70, 29.93, 32.34, 28.859, 824, 438, 954, 1836, 2913, 5450, 5207, 7332, 6871, 631, 0, 0, 100, 88, 146, 324, 770, 1117, 1751, 2071, 2581, 241, 0, 0
16:27:14, 1074.80, 29.93, 32.32, 28.844, 709, 511, 1075, 1899, 4329, 6311, 7304, 11115, 7637, 634, 0, 0, 93, 82, 131, 290, 709, 1039, 1644, 1958, 2532, 235, 0, 0
16:27:15, 1080.60, 29.92, 32.30, 28.828, 738, 684, 1153, 2554, 4440, 5976, 8530, 11198, 17820, 1297, 0, 0, 81, 71, 112, 248, 646, 958, 1534, 1837, 2458, 224, 0, 0
16:27:15, 1085.20, 29.92, 32.32, 28.828, 551, 598, 996, 2030, 5666, 6533, 10014, 13791, 13625, 948, 0, 0, 68, 59, 87, 190, 489, 748, 1222, 1486, 1833, 167, 0, 0
16:27:16, 1086.20, 29.92, 32.32, 28.812, 554, 673, 1223, 2530, 4444, 5486, 8118, 11078, 10022, 725, 0, 0, 68, 58, 87, 189, 494, 754, 1233, 1497, 1858, 170, 0, 0
16:27:17, 1085.00, 29.91, 32.32, 28.820, 685, 819, 1581, 3152, 6078, 7816, 10262, 15304, 21199, 1898, 0, 0, 66, 58, 87, 193, 502, 763, 1236, 1501, 2033, 178, 0, 0
16:27:17, 1081.50, 29.91, 32.32, 28.820, 660, 790, 1520, 3224, 6122, 7416, 10552, 15608, 20371, 1669, 0, 0, 73, 64, 98, 215, 574, 862, 1397, 1685, 2157, 199, 0, 0
16:27:18, 1080.40, 29.91, 32.28, 28.789, 595, 508, 878, 1785, 2258, 3598, 4262, 6126, 5758, 468, 0, 0, 87, 75, 114, 248, 648, 973, 1582, 1907, 2256, 210, 0, 0
16:27:19, 1084.90, 29.90, 32.32, 28.789, 540, 365, 681, 1376, 2994, 4890, 6179, 8752, 8034, 621, 0, 0, 73, 64, 95, 206, 533, 807, 1320, 1599, 2075, 189, 0, 0
16:27:19, 1089.20, 29.90, 32.32, 28.789, 476, 549, 1042, 2333, 5542, 7929, 11471, 12579, 26224, 1731, 0, 0, 58, 50, 74, 159, 417, 644, 1059, 1305, 1708, 153, 0, 0
16:27:20, 1089.00, 29.89, 32.34, 28.766, 522, 607, 1120, 2357, 4119, 5207, 7770, 10759, 8909, 654, 0, 0, 66, 56, 81, 173, 474, 737, 1229, 1513, 1729, 161, 0, 0
16:27:21, 1089.70, 29.89, 32.30, 28.742, 405, 443, 706, 1553, 3288, 4135, 6722, 8829, 5713, 460, 0, 0, 62, 53, 75, 159, 450, 706, 1185, 1467, 1586, 146, 0, 0
16:27:21, 1088.50, 29.88, 32.32, 28.742, 319, 322, 551, 1178, 2527, 3593, 5129, 6760, 4249, 357, 0, 0, 71, 60, 86, 181, 482, 754, 1265, 1567, 1662, 154, 0, 0
16:27:22, 1091.40, 29.87, 32.32, 28.711, 439, 318, 594, 1014, 1954, 2795, 3537, 5182, 4341, 352, 0, 0, 68, 58, 83, 174, 459, 720, 1217, 1508, 1740, 161, 0, 0
16:27:23, 1095.00, 29.87, 32.32, 28.703, 396, 450, 766, 1577, 5491, 7159, 11058, 13956, 19177, 1426, 0, 0, 56, 48, 67, 141, 396, 627, 1059, 1327, 1747, 156, 0, 0
16:27:23, 1096.50, 29.86, 32.32, 28.703, 470, 538, 980, 2143, 4449, 5967, 8898, 11076, 19345, 1302, 0, 0, 54, 47, 65, 135, 377, 601, 1024, 1285, 1565, 142, 0, 0
16:27:24, 1099.50, 29.86, 32.30, 28.695, 304, 323, 521, 1138, 3290, 4240, 6651, 9392, 5767, 452, 0, 0, 54, 46, 63, 131, 352, 565, 966, 1210, 1350, 124, 0, 0
16:27:25, 1104.40, 29.86, 32.30, 28.695, 378, 412, 700, 1532, 3773, 5129, 8286, 9890, 13008, 923, 0, 0, 46, 39, 53, 110, 311, 503, 864, 1089, 1310, 117, 0, 0
16:27:25, 1106.30, 29.85, 32.28, 28.695, 431, 459, 813, 1758, 4291, 5815, 8800, 11414, 16368, 1198, 0, 0, 45, 38, 51, 106, 300, 487, 839, 1056, 1278, 114, 0, 0
16:27:26, 1108.70, 29.85, 32.34, 28.711, 451, 463, 792, 2009, 3482, 5213, 8632, 9396, 19254, 1310, 0, 0, 43, 37, 50, 103, 296, 480, 824, 1039, 1290, 113, 0, 0
16:27:27, 1111.20, 29.84, 32.30, 28.711, 421, 411, 706, 1853, 3577, 5411, 8428, 9308, 17049, 1103, 0, 0, 40, 34, 45, 93, 274, 446, 768, 967, 1195, 105, 0, 0
16:27:27, 1112.40, 29.83, 32.28, 28.711, 445, 441, 745, 1828, 3246, 4455, 7164, 8841, 12359, 837, 0, 0, 39, 33, 43, 88, 264, 435, 762, 957, 1082, 98, 0, 0
16:27:28, 1119.10, 29.82, 32.34, 28.742, 252, 257, 362, 790, 2228, 3035, 5006, 6993, 4607, 346, 0, 0, 38, 32, 41, 82, 241, 403, 712, 903, 967, 88, 0, 0
16:27:28, 1122.40, 29.81, 32.28, 28.742, 246, 257, 391, 918, 1721, 2478, 3849, 4907, 4507, 335, 0, 0, 33, 28, 36, 70, 216, 363, 648, 823, 863, 78, 0, 0
16:27:29, 1124.90, 29.81, 32.30, 28.750, 229, 236, 349, 783, 2346, 3350, 5827, 7186, 7831, 534, 0, 0, 31, 27, 34, 66, 203, 344, 614, 782, 883, 79, 0, 0
16:27:30, 1127.90, 29.80, 32.30, 28.766, 225, 225, 351, 811, 2092, 2986, 4927, 6084, 8787, 601, 0, 0, 29, 25, 31, 61, 186, 317, 567, 722, 836, 74, 0, 0
16:27:30, 1129.30, 29.80, 32.32, 28.766, 219, 216, 333, 777, 2002, 2918, 4953, 6022, 7635, 534, 0, 0, 29, 24, 30, 58, 183, 314, 567, 725, 798, 72, 0, 0
16:27:31, 1132.30, 29.79, 32.32, 28.773, 188, 185, 239, 502, 1202, 1764, 2877, 4095, 2690, 207, 0, 0, 30, 25, 31, 60, 186, 319, 578, 737, 748, 68, 0, 0
16:27:32, 1136.00, 29.79, 32.30, 28.797, 206, 218, 306, 704, 1703, 2536, 4453, 5500, 4700, 348, 0, 0, 25, 21, 27, 50, 155, 270, 493, 633, 709, 63, 0, 0
16:27:32, 1140.30, 29.79, 32.32, 28.797, 201, 201, 294, 664, 1858, 2835, 4643, 5903, 8977, 589, 0, 0, 25, 21, 26, 50, 162, 280, 509, 655, 788, 68, 0, 0
16:27:33, 1137.30, 29.79, 32.28, 28.797, 197, 199, 285, 671, 1444, 2130, 3381, 4910, 5778, 439, 0, 0, 27, 23, 29, 54, 178, 307, 561, 715, 768, 70, 0, 0
16:27:34, 1139.70, 29.79, 32.30, 28.812, 166, 110, 164, 289, 786, 1303, 1837, 2892, 1879, 150, 0, 0, 28, 23, 29, 54, 170, 295, 546, 699, 691, 63, 0, 0
16:27:34, 1144.80, 29.79, 32.30, 28.812, 158, 137, 178, 339, 1099, 1663, 2816, 3942, 3117, 225, 0, 0, 23, 20, 24, 44, 142, 249, 465, 601, 671, 59, 0, 0
16:27:35, 1145.90, 29.79, 32.30, 28.812, 194, 204, 275, 571, 1485, 2285, 3641, 5206, 6800, 523, 0, 0, 22, 19, 23, 43, 141, 249, 465, 603, 685, 60, 0, 0
16:27:36, 1148.20, 29.79, 32.30, 28.820, 157, 158, 208, 439, 1493, 2231, 3991, 5372, 5067, 352, 0, 0, 23, 19, 23, 41, 133, 237, 449, 587, 638, 57, 0, 0
16:27:36, 1149.80, 29.79, 32.30, 28.820, 158, 164, 212, 434, 1224, 1803, 3120, 4502, 4012, 287, 0, 0, 22, 19, 23, 40, 130, 233, 444, 581, 606, 55, 0, 0
16:27:37, 1149.50, 29.79, 32.30, 28.781, 140, 140, 181, 375, 1029, 1577, 2714, 3840, 2916, 210, 0, 0, 22, 19, 22, 39, 130, 234, 447, 585, 604, 54, 0, 0
16:27:38, 1148.90, 29.79, 32.30, 28.781, 151, 152, 188, 388, 1173, 1769, 3161, 4554, 3274, 233, 0, 0, 23, 19, 23, 41, 134, 240, 456, 596, 642, 57, 0, 0
16:27:38, 1151.20, 29.78, 32.32, 28.781, 145, 148, 189, 382, 1198, 1793, 2996, 4541, 5062, 383, 0, 0, 20, 17, 20, 37, 119, 213, 403, 526, 613, 54, 0, 0
16:27:39, 1152.40, 29.78, 32.30, 28.789, 137, 138, 183, 387, 949, 1447, 2425, 3400, 3588, 259, 0, 0, 20, 17, 21, 37, 119, 213, 405, 526, 553, 49, 0, 0
16:27:40, 1156.60, 29.78, 32.32, 28.797, 138, 142, 169, 342, 947, 1445, 2612, 3581, 2530, 183, 0, 0, 17, 14, 17, 30, 99, 179, 343, 448, 462, 41, 0, 0
16:27:40, 1155.30, 29.78, 32.30, 28.797, 100, 97, 125, 263, 752, 1170, 2034, 2809, 2207, 159, 0, 0, 14, 12, 14, 26, 79, 143, 273, 354, 366, 33, 0, 0
16:27:41, 1155.30, 29.78, 32.32, 28.797, 59, 56, 69, 141, 382, 593, 999, 1409, 1203, 88, 0, 0, 9, 7, 9, 16, 49, 88, 166, 214, 227, 20, 0, 0
16:27:42, 1156.90, 29.77, 32.32, 28.805, 42, 42, 54, 115, 380, 594, 990, 1331, 1695, 127, 0, 0, 6, 5, 6, 12, 40, 71, 135, 175, 199, 17, 0, 0
16:27:42, 1157.50, 29.77, 32.28, 28.805, 37, 36, 46, 98, 274, 428, 721, 991, 1110, 82, 0, 0, 6, 5, 6, 12, 39, 70, 134, 174, 186, 16, 0, 0
16:27:43, 1156.10, 29.77, 32.28, 28.781, 35, 31, 38, 75, 204, 339, 553, 796, 691, 52, 0, 0, 7, 5, 7, 13, 45, 80, 154, 199, 202, 18, 0, 0
16:27:44, 1158.00, 29.77, 32.30, 28.789, 34, 32, 38, 77, 249, 392, 664, 938, 942, 68, 0, 0, 7, 6, 8, 13, 46, 83, 160, 209, 230, 20, 0, 0
16:27:44, 1159.40, 29.77, 32.32, 28.789, 47, 48, 60, 122, 331, 516, 875, 1229, 1446, 108, 0, 0, 8, 6, 8, 14, 47, 87, 170, 225, 245, 21, 0, 0
16:27:45, 1160.70, 29.76, 32.32, 28.750, 44, 42, 53, 111, 374, 584, 1024, 1372, 1549, 112, 0, 0, 7, 6, 7, 13, 44, 81, 160, 213, 226, 20, 0, 0
16:27:46, 1159.40, 29.76, 32.30, 28.727, 51, 50, 64, 134, 417, 658, 1146, 1542, 1536, 110, 0, 0, 11, 9, 11, 18, 67, 124, 246, 329, 332, 29, 0, 0
16:27:46, 1159.80, 29.75, 32.32, 28.727, 85, 86, 106, 213, 546, 862, 1495, 2087, 1931, 139, 0, 0, 13, 11, 13, 22, 72, 133, 263, 352, 358, 32, 0, 0
16:27:47, 1159.70, 29.75, 32.28, 28.719, 73, 72, 91, 189, 619, 953, 1711, 2390, 2296, 166, 0, 0, 13, 11, 13, 23, 74, 136, 267, 356, 390, 34, 0, 0
16:27:48, 1160.80, 29.75, 32.30, 28.711, 66, 65, 77, 154, 391, 632, 1082, 1532, 1804, 131, 0, 0, 12, 10, 12, 21, 71, 131, 258, 345, 369, 32, 0, 0
16:27:48, 1161.60, 29.74, 32.28, 28.711, 66, 62, 73, 143, 467, 739, 1280, 1919, 1818, 128, 0, 0, 12, 10, 12, 20, 62, 115, 228, 306, 317, 28, 0, 0
16:27:49, 1162.80, 29.74, 32.28, 28.711, 41, 39, 46, 93, 268, 428, 749, 1042, 1016, 74, 0, 0, 6, 5, 6, 11, 34, 63, 126, 169, 173, 15, 0, 0
16:27:50, 1164.90, 29.73, 32.30, 28.711, 31, 31, 38, 78, 244, 386, 687, 922, 1007, 73, 0, 0, 5, 4, 5, 9, 30, 56, 112, 151, 158, 13, 0, 0
16:27:50, 1164.20, 29.73, 32.28, 28.711, 31, 30, 37, 77, 220, 353, 613, 835, 947, 70, 0, 0, 5, 4, 5, 9, 30, 56, 112, 150, 154, 13, 0, 0
16:27:51, 1165.50, 29.73, 32.30, 28.703, 28, 27, 33, 69, 192, 311, 546, 730, 767, 56, 0, 0, 4, 3, 4, 7, 25, 48, 97, 131, 130, 11, 0, 0
16:27:52, 1164.20, 29.73, 32.30, 28.703, 20, 19, 24, 45, 123, 204, 348, 493, 445, 34, 0, 0, 4, 4, 5, 8, 26, 48, 98, 132, 131, 11, 0, 0
16:27:52, 1164.00, 29.72, 32.30, 28.711, 21, 20, 24, 49, 158, 257, 459, 616, 625, 46, 0, 0, 4, 3, 4, 7, 24, 45, 92, 126, 131, 11, 0, 0
16:27:53, 1162.90, 29.72, 32.30, 28.711, 25, 25, 31, 66, 193, 309, 536, 709, 947, 70, 0, 0, 4, 3, 4, 7, 24, 45, 92, 124, 132, 11, 0, 0
16:27:54, 1162.80, 29.72, 32.28, 28.711, 26, 25, 31, 67, 198, 324, 554, 724, 896, 66, 0, 0, 4, 3, 4, 7, 23, 44, 88, 119, 125, 10, 0, 0
16:27:54, 1161.60, 29.71, 32.32, 28.711, 24, 23, 30, 63, 179, 289, 504, 664, 744, 55, 0, 0, 4, 3, 4, 7, 26, 49, 99, 132, 127, 11, 0, 0
16:27:55, 1160.90, 29.72, 32.34, 28.711, 18, 15, 18, 35, 103, 171, 286, 410, 323, 25, 0, 0, 5, 4, 5, 9, 30, 56, 112, 150, 135, 12, 0, 0
16:27:56, 1161.90, 29.71, 32.30, 28.711, 16, 13, 16, 29, 92, 155, 263, 374, 291, 23, 0, 0, 5, 4, 5, 9, 29, 54, 108, 142, 132, 11, 0, 0
16:27:56, 1166.00, 29.70, 32.28, 28.703, 17, 15, 18, 36, 121, 199, 346, 478, 546, 41, 0, 0, 4, 3, 4, 7, 25, 46, 92, 122, 135, 11, 0, 0
16:27:57, 1169.40, 29.70, 32.28, 28.727, 17, 16, 18, 38, 113, 189, 326, 453, 543, 41, 0, 0, 4, 3, 4, 7, 22, 41, 83, 111, 116, 10, 0, 0
16:27:58, 1171.20, 29.69, 32.32, 28.727, 19, 18, 20, 41, 132, 217, 374, 521, 555, 41, 0, 0, 3, 2, 3, 6, 21, 39, 80, 106, 108, 9, 0, 0
16:27:58, 1170.60, 29.69, 32.30, 28.734, 22, 21, 25, 52, 159, 259, 458, 619, 646, 47, 0, 0, 3, 3, 3, 6, 22, 41, 82, 109, 111, 9, 0, 0
16:27:59, 1172.10, 29.69, 32.26, 28.750, 24, 23, 28, 57, 176, 287, 518, 683, 735, 54, 0, 0, 3, 3, 3, 6, 22, 42, 83, 110, 113, 9, 0, 0
16:28:00, 1172.30, 29.69, 32.26, 28.750, 22, 21, 26, 53, 164, 267, 468, 635, 676, 50, 0, 0, 3, 3, 4, 6, 24, 44, 89, 117, 117, 10, 0, 0
16:28:00, 1173.80, 29.69, 32.30, 28.758, 21, 19, 23, 43, 144, 237, 415, 590, 484, 36, 0, 0, 4, 3, 4, 7, 24, 44, 89, 117, 113, 9, 0, 0
16:28:01, 1176.00, 29.69, 32.30, 28.781, 19, 18, 21, 40, 122, 204, 356, 509, 478, 35, 0, 0, 4, 3, 4, 7, 23, 44, 89, 118, 124, 11, 0, 0
16:28:02, 1181.50, 29.69, 32.28, 28.781, 19, 18, 21, 41, 130, 217, 387, 542, 634, 48, 0, 0, 3, 2, 3, 6, 20, 39, 79, 106, 111, 9, 0, 0
16:28:02, 1183.40, 29.69, 32.28, 28.766, 17, 16, 18, 35, 117, 198, 355, 514, 518, 38, 0, 0, 4, 3, 4, 6, 22, 43, 90, 121, 122, 10, 0, 0
16:28:03, 1187.00, 29.69, 32.26, 28.750, 18, 16, 18, 33, 117, 199, 364, 533, 468, 34, 0, 0, 3, 3, 3, 5, 18, 36, 77, 104, 102, 9, 0, 0
16:28:04, 1188.20, 29.68, 32.30, 28.750, 14, 12, 14, 25, 84, 146, 262, 382, 363, 27, 0, 0, 3, 2, 3, 5, 17, 33, 70, 96, 91, 8, 0, 0
16:28:04, 1188.10, 29.68, 32.30, 28.734, 12, 10, 11, 20, 66, 118, 213, 312, 278, 21, 0, 0, 3, 2, 3, 5, 16, 32, 68, 93, 91, 7, 0, 0
16:28:05, 1190.00, 29.68, 32.26, 28.734, 12, 12, 13, 23, 77, 133, 247, 352, 403, 31, 0, 0, 2, 2, 2, 4, 14, 28, 61, 84, 88, 7, 0, 0
16:28:06, 1189.60, 29.68, 32.32, 28.734, 12, 11, 12, 22, 70, 122, 224, 323, 338, 26, 0, 0, 2, 2, 2, 4, 13, 26, 57, 79, 78, 6, 0, 0
16:28:06, 1189.40, 29.67, 32.28, 28.727, 12, 12, 13, 24, 77, 135, 246, 355, 328, 25, 0, 0, 2, 2, 2, 4, 13, 25, 55, 77, 74, 6, 0, 0
16:28:07, 1191.20, 29.67, 32.30, 28.734, 12, 11, 13, 23, 78, 134, 247, 350, 346, 26, 0, 0, 2, 2, 2, 3, 12, 24, 53, 74, 73, 6, 0, 0
16:28:08, 1192.70, 29.67, 32.26, 28.734, 11, 11, 12, 22, 73, 127, 235, 335, 338, 25, 0, 0, 2, 1, 2, 3, 12, 23, 51, 71, 70, 5, 0, 0
16:28:08, 1193.00, 29.66, 32.30, 28.719, 10, 10, 10, 19, 66, 116, 212, 308, 281, 21, 0, 0, 2, 1, 2, 3, 12, 25, 54, 75, 70, 6, 0, 0
16:28:09, 1191.80, 29.66, 32.30, 28.719, 10, 10, 10, 18, 60, 107, 195, 285, 243, 18, 0, 0, 2, 2, 2, 4, 13, 26, 56, 78, 72, 6, 0, 0
16:28:10, 1193.30, 29.66, 32.28, 28.719, 11, 10, 11, 20, 66, 116, 215, 307, 324, 25, 0, 0, 2, 2, 2, 3, 12, 25, 54, 74, 76, 6, 0, 0
16:28:10, 1195.40, 29.66, 32.28, 28.719, 10, 10, 10, 19, 60, 106, 196, 279, 325, 25, 0, 0, 2, 2, 2, 3, 12, 25, 53, 74, 74, 6, 0, 0
16:28:11, 1196.60, 29.65, 32.28, 28.727, 10, 10, 11, 19, 64, 113, 208, 299, 302, 23, 0, 0, 2, 1, 2, 3, 11, 23, 49, 68, 66, 5, 0, 0
16:28:12, 1198.00, 29.65, 32.30, 28.727, 12, 12, 13, 26, 89, 157, 287, 383, 459, 34, 0, 0, 1, 1, 1, 3, 10, 20, 43, 60, 60, 4, 0, 0
16:28:12, 1198.10, 29.65, 32.34, 28.734, 10, 10, 11, 20, 66, 116, 217, 305, 305, 23, 0, 0, 1, 1, 2, 3, 10, 21, 46, 64, 61, 5, 0, 0
16:28:13, 1197.20, 29.65, 32.30, 28.734, 9, 9, 9, 16, 54, 97, 179, 259, 235, 18, 0, 0, 1, 1, 2, 3, 10, 21, 47, 65, 61, 5, 0, 0
16:28:13, 1195.90, 29.65, 32.24, 28.727, 9, 9, 10, 17, 59, 105, 199, 282, 266, 20, 0, 0, 2, 1, 2, 3, 10, 21, 46, 65, 64, 5, 0, 0
16:28:14, 1197.00, 29.64, 32.30, 28.727, 10, 10, 11, 21, 69, 120, 226, 314, 382, 29, 0, 0, 1, 1, 2, 3, 10, 20, 45, 63, 65, 5, 0, 0
16:28:15, 1194.60, 29.64, 32.24, 28.727, 10, 10, 11, 20, 65, 114, 212, 299, 327, 25, 0, 0, 1, 1, 2, 3, 11, 22, 49, 68, 65, 5, 0, 0
16:28:15, 1192.90, 29.64, 32.28, 28.711, 8, 8, 8, 14, 44, 80, 146, 212, 179, 14, 0, 0, 2, 2, 2, 4, 12, 25, 54, 75, 68, 6, 0, 0
16:28:16, 1196.60, 29.64, 32.30, 28.703, 9, 8, 9, 16, 56, 100, 187, 267, 244, 19, 0, 0, 2, 1, 2, 3, 10, 21, 45, 63, 63, 5, 0, 0
16:28:17, 1197.40, 29.64, 32.26, 28.703, 11, 11, 12, 24, 81, 141, 256, 358, 458, 36, 0, 0, 1, 1, 2, 3, 10, 21, 46, 64, 66, 5, 0, 0
16:28:17, 1195.10, 29.63, 32.22, 28.695, 12, 12, 13, 26, 82, 143, 264, 366, 427, 32, 0, 0, 1, 1, 2, 3, 10, 21, 46, 64, 61, 5, 0, 0
16:28:18, 1194.00, 29.63, 32.28, 28.695, 10, 9, 10, 18, 54, 95, 175, 250, 190, 15, 0, 0, 2, 2, 2, 3, 13, 25, 55, 76, 64, 5, 0, 0
16:28:19, 1198.10, 29.63, 32.30, 28.695, 7, 7, 7, 12, 41, 72, 135, 194, 135, 11, 0, 0, 2, 2, 2, 4, 11, 23, 49, 68, 59, 5, 0, 0
16:28:19, 1203.50, 29.63, 32.30, 28.695, 10, 9, 10, 18, 63, 111, 209, 293, 301, 23, 0, 0, 1, 1, 1, 2, 8, 17, 37, 51, 52, 4, 0, 0
16:28:20, 1206.60, 29.62, 32.30, 28.742, 10, 10, 10, 19, 65, 115, 218, 304, 356, 27, 0, 0, 1, 1, 1, 2, 7, 15, 34, 47, 46, 3, 0, 0
16:28:21, 1207.60, 29.62, 32.30, 28.742, 9, 8, 9, 16, 49, 89, 167, 240, 207, 16, 0, 0, 1, 1, 1, 2, 8, 17, 39, 53, 46, 3, 0, 0
16:28:21, 1210.90, 29.62, 32.26, 28.766, 6, 6, 6, 10, 34, 63, 122, 176, 130, 10, 0, 0, 1, 1, 1, 2, 8, 16, 37, 52, 43, 3, 0, 0
16:28:22, 1215.20, 29.62, 32.28, 28.766, 6, 5, 5, 9, 31, 58, 111, 163, 126, 10, 0, 0, 1, 1, 1, 2, 7, 15, 35, 49, 45, 3, 0, 0
16:28:23, 1222.50, 29.62, 32.26, 28.766, 7, 7, 7, 12, 49, 91, 175, 243, 291, 22, 0, 0, 1, 0, 1, 1, 5, 12, 27, 38, 39, 3, 0, 0
16:28:23, 1223.70, 29.62, 32.32, 28.781, 8, 8, 8, 14, 48, 90, 174, 242, 286, 22, 0, 0, 1, 0, 1, 1, 5, 12, 27, 39, 38, 3, 0, 0
16:28:24, 1224.20, 29.62, 32.26, 28.773, 7, 7, 8, 13, 44, 80, 155, 224, 224, 17, 0, 0, 0, 0, 1, 1, 5, 11, 27, 38, 34, 2, 0, 0
16:28:25, 1226.40, 29.62, 32.30, 28.773, 4, 4, 4, 7, 22, 42, 83, 124, 88, 7, 0, 0, 1, 1, 1, 2, 6, 13, 31, 43, 35, 2, 0, 0
16:28:25, 1229.60, 29.62, 32.26, 28.773, 4, 4, 3, 5, 19, 37, 74, 112, 80, 6, 0, 0, 1, 0, 1, 1, 5, 11, 28, 39, 34, 2, 0, 0
16:28:26, 1234.40, 29.61, 32.30, 28.773, 5, 5, 4, 7, 28, 53, 108, 157, 163, 13, 0, 0, 0, 0, 1, 1, 4, 10, 23, 34, 34, 2, 0, 0
16:28:27, 1238.20, 29.61, 32.28, 28.773, 5, 5, 5, 8, 31, 60, 121, 173, 190, 15, 0, 0, 0, 0, 0, 1, 3, 8, 20, 29, 28, 2, 0, 0
16:28:27, 1238.40, 29.61, 32.28, 28.734, 5, 6, 5, 9, 32, 61, 122, 180, 181, 14, 0, 0, 0, 0, 0, 1, 3, 8, 20, 29, 26, 1, 0, 0
16:28:28, 1238.60, 29.61, 32.28, 28.727, 5, 5, 5, 8, 27, 52, 105, 154, 136, 10, 0, 0, 0, 0, 0, 1, 4, 9, 22, 32, 26, 2, 0, 0
16:28:29, 1241.30, 29.61, 32.26, 28.727, 3, 3, 3, 5, 17, 34, 69, 105, 74, 6, 0, 0, 0, 0, 0, 1, 3, 8, 21, 30, 25, 1, 0, 0
16:28:29, 1243.10, 29.61, 32.30, 28.711, 4, 4, 3, 5, 19, 37, 75, 113, 94, 7, 0, 0, 0, 0, 0, 1, 3, 8, 20, 29, 26, 2, 0, 0
16:28:30, 1248.20, 29.60, 32.24, 28.734, 4, 4, 4, 6, 25, 48, 99, 145, 157, 12, 0, 0, 0, 0, 0, 1, 2, 6, 16, 24, 23, 1, 0, 0
16:28:31, 1251.40, 29.60, 32.26, 28.734, 5, 5, 4, 7, 26, 52, 105, 149, 181, 14, 0, 0, 0, 0, 0, 1, 3, 7, 18, 26, 25, 1, 0, 0
16:28:31, 1251.00, 29.60, 32.32, 28.734, 4, 5, 4, 7, 22, 44, 90, 135, 119, 9, 0, 0, 0, 0, 0, 1, 3, 7, 18, 26, 22, 1, 0, 0
16:28:32, 1252.00, 29.59, 32.28, 28.734, 3, 3, 2, 3, 11, 23, 49, 75, 49, 4, 0, 0, 0, 0, 0, 1, 3, 7, 19, 29, 23, 1, 0, 0
16:28:33, 1255.20, 29.59, 32.28, 28.734, 2, 3, 2, 3, 11, 23, 47, 75, 51, 4, 0, 0, 0, 0, 0, 1, 3, 7, 18, 27, 23, 1, 0, 0
16:28:33, 1261.00, 29.59, 32.26, 28.719, 3, 4, 3, 5, 21, 42, 88, 130, 139, 11, 0, 0, 0, 0, 0, 0, 2, 5, 15, 22, 21, 1, 0, 0
16:28:34, 1261.20, 29.59, 32.28, 28.727, 4, 4, 4, 6, 22, 44, 93, 136, 151, 12, 0, 0, 0, 0, 0, 1, 2, 5, 15, 22, 21, 1, 0, 0
16:28:35, 1260.50, 29.59, 32.28, 28.727, 4, 4, 3, 5, 17, 34, 72, 110, 82, 6, 0, 0, 0, 0, 0, 1, 2, 6, 17, 26, 21, 1, 0, 0
16:28:35, 1263.00, 29.59, 32.26, 28.727, 3, 3, 2, 3, 14, 28, 59, 92, 61, 5, 0, 0, 0, 0, 0, 1, 2, 6, 17, 26, 21, 1, 0, 0
16:28:36, 1264.40, 29.58, 32.28, 28.719, 3, 4, 3, 5, 19, 37, 82, 126, 98, 8, 0, 0, 0, 0, 0, 1, 2, 6, 17, 26, 23, 1, 0, 0
16:28:37, 1265.70, 29.58, 32.30, 28.719, 5, 5, 5, 7, 30, 60, 129, 185, 219, 16, 0, 0, 0, 0, 0, 1, 3, 7, 19, 29, 27, 2, 0, 0
16:28:37, 1266.50, 29.58, 32.30, 28.719, 6, 6, 6, 8, 32, 63, 135, 203, 202, 15, 0, 0, 0, 0, 0, 1, 3, 8, 21, 32, 28, 2, 0, 0
16:28:38, 1265.90, 29.57, 32.26, 28.719, 7, 7, 7, 10, 38, 76, 168, 255, 194, 15, 0, 0, 1, 1, 1, 2, 6, 14, 37, 55, 45, 3, 0, 0
16:28:39, 1265.30, 29.57, 32.28, 28.734, 9, 9, 9, 12, 48, 97, 218, 335, 225, 17, 0, 0, 1, 1, 2, 2, 8, 17, 45, 68, 54, 4, 0, 0
16:28:39, 1264.40, 29.58, 32.26, 28.742, 9, 9, 9, 12, 40, 81, 182, 289, 192, 15, 0, 0, 1, 1, 1, 2, 6, 15, 38, 57, 48, 4, 0, 0
16:28:40, 1268.90, 29.57, 32.28, 28.742, 8, 8, 8, 11, 42, 85, 189, 274, 297, 22, 0, 0, 0, 0, 1, 1, 4, 8, 23, 35, 32, 2, 0, 0
16:28:41, 1265.10, 29.57, 32.26, 28.734, 6, 6, 6, 9, 31, 61, 135, 206, 208, 16, 0, 0, 0, 0, 0, 1, 3, 8, 22, 34, 29, 2, 0, 0
16:28:41, 1263.20, 29.57, 32.28, 28.742, 5, 5, 5, 7, 27, 54, 118, 184, 129, 10, 0, 0, 1, 0, 1, 1, 4, 10, 28, 42, 34, 2, 0, 0
16:28:42, 1262.30, 29.57, 32.28, 28.742, 5, 6, 5, 7, 27, 54, 123, 189, 130, 10, 0, 0, 0, 0, 1, 1, 3, 8, 22, 34, 28, 2, 0, 0
16:28:43, 1263.90, 29.57, 32.28, 28.742, 5, 5, 4, 6, 27, 53, 117, 175, 184, 14, 0, 0, 0, 0, 0, 1, 3, 6, 18, 27, 25, 1, 0, 0
16:28:43, 1265.60, 29.57, 32.30, 28.727, 4, 5, 4, 6, 24, 48, 105, 158, 162, 12, 0, 0, 0, 0, 0, 1, 2, 5, 15, 23, 21, 1, 0, 0
16:28:44, 1264.50, 29.56, 32.26, 28.727, 4, 4, 3, 5, 19, 39, 83, 126, 109, 8, 0, 0, 0, 0, 0, 0, 2, 5, 15, 22, 18, 1, 0, 0
16:28:45, 1264.30, 29.56, 32.26, 28.719, 3, 3, 3, 4, 14, 28, 62, 96, 66, 5, 0, 0, 0, 0, 0, 0, 2, 5, 15, 23, 18, 1, 0, 0
16:28:45, 1267.50, 29.56, 32.24, 28.719, 2, 3, 2, 3, 13, 27, 58, 90, 67, 5, 0, 0, 0, 0, 0, 0, 2, 4, 13, 19, 16, 1, 0, 0
16:28:46, 1272.40, 29.56, 32.22, 28.719, 3, 3, 2, 4, 16, 32, 71, 105, 113, 9, 0, 0, 0, 0, 0, 0, 1, 4, 11, 17, 16, 1, 0, 0
16:28:47, 1271.50, 29.56, 32.26, 28.719, 3, 3, 2, 4, 15, 31, 67, 99, 110, 9, 0, 0, 0, 0, 0, 0, 1, 3, 10, 16, 14, 0, 0, 0
16:28:47, 1273.30, 29.56, 32.28, 28.734, 2, 2, 2, 2, 9, 19, 41, 66, 47, 4, 0, 0, 0, 0, 0, 0, 1, 4, 11, 17, 13, 0, 0, 0
16:28:48, 1276.00, 29.56, 32.24, 28.734, 1, 2, 1, 2, 7, 16, 35, 56, 38, 3, 0, 0, 0, 0, 0, 0, 1, 3, 10, 15, 12, 0, 0, 0
16:28:49, 1279.80, 29.56, 32.24, 28.734, 2, 2, 1, 2, 9, 19, 43, 67, 59, 5, 0, 0, 0, 0, 0, 0, 1, 2, 8, 12, 11, 0, 0, 0
16:28:49, 1279.30, 29.55, 32.26, 28.727, 2, 2, 2, 3, 10, 22, 49, 73, 84, 7, 0, 0, 0, 0, 0, 0, 1, 3, 8, 13, 12, 0, 0, 0
16:28:50, 1276.70, 29.55, 32.30, 28.727, 2, 2, 2, 3, 10, 21, 47, 73, 68, 5, 0, 0, 0, 0, 0, 0, 1, 3, 9, 14, 11, 0, 0, 0
16:28:51, 1277.90, 29.55, 32.28, 28.695, 1, 2, 1, 2, 7, 16, 35, 56, 43, 4, 0, 0, 0, 0, 0, 0, 1, 3, 9, 14, 11, 0, 0, 0
16:28:51, 1277.70, 29.55, 32.26, 28.687, 1, 2, 1, 2, 7, 15, 34, 54, 41, 3, 0, 0, 0, 0, 0, 0, 1, 2, 8, 13, 11, 0, 0, 0
16:28:52, 1279.30, 29.54, 32.24, 28.687, 1, 2, 1, 2, 7, 16, 36, 57, 45, 4, 0, 0, 0, 0, 0, 0, 1, 2, 7, 12, 10, 0, 0, 0
16:28:53, 1279.10, 29.54, 32.24, 28.680, 2, 2, 1, 2, 9, 19, 43, 66, 65, 5, 0, 0, 0, 0, 0, 0, 1, 2, 7, 12, 10, 0, 0, 0
16:28:53, 1278.40, 29.54, 32.28, 28.687, 2, 2, 1, 2, 9, 19, 43, 67, 63, 5, 0, 0, 0, 0, 0, 0, 1, 2, 7, 12, 10, 0, 0, 0
16:28:54, 1273.90, 29.54, 32.26, 28.687, 2, 2, 1, 2, 8, 18, 40, 63, 51, 4, 0, 0, 0, 0, 0, 0, 1, 3, 9, 14, 11, 0, 0, 0
16:28:55, 1273.00, 29.54, 32.28, 28.687, 1, 2, 1, 2, 7, 15, 33, 53, 40, 3, 0, 0, 0, 0, 0, 0, 1, 3, 9, 15, 12, 0, 0, 0
16:28:55, 1273.70, 29.53, 32.32, 28.687, 1, 2, 1, 2, 7, 16, 34, 55, 38, 3, 0, 0, 0, 0, 0, 0, 1, 3, 9, 14, 11, 0, 0, 0
16:28:56, 1278.10, 29.53, 32.30, 28.687, 2, 2, 2, 2, 10, 21, 47, 71, 73, 6, 0, 0, 0, 0, 0, 0, 1, 2, 8, 13, 12, 0, 0, 0
16:28:57, 1277.60, 29.53, 32.28, 28.680, 2, 2, 3, 2, 10, 21, 46, 71, 78, 6, 0, 0, 0, 0, 0, 0, 1, 2, 8, 12, 11, 0, 0, 0
16:28:57, 1277.70, 29.53, 32.24, 28.680, 1, 2, 1, 2, 6, 14, 31, 49, 42, 4, 0, 0, 0, 0, 0, 0, 1, 3, 8, 13, 11, 0, 0, 0
16:28:58, 1277.70, 29.53, 32.22, 28.680, 1, 2, 1, 1, 6, 13, 30, 48, 36, 3, 0, 0, 0, 0, 0, 0, 1, 2, 8, 13, 10, 0, 0, 0
16:28:59, 1279.70, 29.53, 32.26, 28.672, 1, 2, 1, 2, 8, 17, 39, 62, 54, 4, 0, 0, 0, 0, 0, 0, 0, 2, 7, 12, 10, 0, 0, 0
16:28:59, 1279.60, 29.52, 32.26, 28.672, 2, 2, 1, 2, 8, 18, 39, 63, 59, 5, 0, 0, 0, 0, 0, 0, 1, 2, 7, 12, 11, 0, 0, 0
16:29:00, 1280.00, 29.52, 32.28, 28.672, 1, 2, 1, 2, 8, 18, 40, 63, 59, 5, 0, 0, 0, 0, 0, 0, 0, 2, 7, 12, 10, 0, 0, 0
16:29:00, 1280.00, 29.52, 32.24, 28.672, 1, 2, 1, 2, 7, 15, 33, 53, 43, 4, 0, 0, 0, 0, 0, 0, 1, 2, 7, 12, 10, 0, 0, 0
16:29:01, 1282.90, 29.52, 32.24, 28.672, 1, 2, 1, 2, 8, 18, 39, 62, 55, 4, 0, 0, 0, 0, 0, 0, 1, 2, 7, 12, 10, 0, 0, 0
16:29:02, 1283.20, 29.52, 32.26, 28.672, 1, 2, 1, 2, 8, 17, 37, 59, 51, 4, 0, 0, 0, 0, 0, 0, 0, 2, 7, 12, 10, 0, 0, 0
16:29:02, 1281.50, 29.52, 32.26, 28.672, 1, 2, 1, 2, 7, 15, 32, 52, 43, 4, 0, 0, 0, 0, 0, 0, 1, 2, 8, 13, 10, 0, 0, 0
16:29:03, 1279.40, 29.52, 32.26, 28.672, 1, 1, 1, 1, 6, 13, 30, 48, 37, 3, 0, 0, 0, 0, 0, 0, 1, 2, 8, 13, 10, 0, 0, 0
16:29:04, 1281.30, 29.51, 32.24, 28.672, 1, 2, 1, 2, 8, 17, 39, 61, 54, 4, 0, 0, 0, 0, 0, 0, 0, 2, 8, 12, 11, 0, 0, 0
16:29:04, 1279.80, 29.51, 32.24, 28.664, 2, 2, 1, 2, 9, 18, 40, 64, 71, 6, 0, 0, 0, 0, 0, 0, 1, 2, 8, 12, 11, 0, 0, 0
16:29:05, 1279.50, 29.51, 32.22, 28.664, 1, 2, 1, 2, 7, 15, 34, 54, 43, 4, 0, 0, 0, 0, 0, 0, 1, 2, 8, 13, 11, 0, 0, 0
16:29:06, 1279.70, 29.51, 32.24, 28.664, 1, 2, 1, 2, 7, 16, 35, 57, 44, 4, 0, 0, 0, 0, 0, 0, 1, 2, 8, 13, 10, 0, 0, 0
16:29:06, 1282.30, 29.51, 32.24, 28.656, 1, 2, 1, 2, 8, 16, 37, 58, 46, 4, 0, 0, 0, 0, 0, 0, 1, 2, 7, 12, 10, 0, 0, 0
16:29:07, 1283.50, 29.50, 32.26, 28.656, 1, 2, 1, 2, 7, 14, 32, 52, 45, 4, 0, 0, 0, 0, 0, 0, 0, 2, 7, 12, 10, 0, 0, 0
16:29:08, 1286.20, 29.50, 32.22, 28.664, 1, 2, 1, 2, 8, 17, 38, 61, 60, 5, 0, 0, 0, 0, 0, 0, 0, 2, 7, 11, 9, 0, 0, 0
16:29:08, 1287.70, 29.50, 32.28, 28.664, 1, 2, 1, 2, 8, 17, 39, 62, 60, 5, 0, 0, 0, 0, 0, 0, 0, 2, 7, 11, 9, 0, 0, 0
16:29:09, 1289.10, 29.50, 32.28, 28.664, 1, 2, 1, 2, 8, 17, 39, 61, 57, 5, 0, 0, 0, 0, 0, 0, 0, 2, 6, 10, 9, 0, 0, 0
16:29:10, 1290.20, 29.50, 32.22, 28.664, 1, 2, 1, 1, 6, 13, 29, 47, 35, 3, 0, 0, 0, 0, 0, 0, 0, 2, 6, 11, 8, 0, 0, 0
16:29:10, 1289.60, 29.50, 32.26, 28.687, 1, 2, 1, 1, 6, 13, 30, 49, 35, 3, 0, 0, 0, 0, 0, 0, 0, 2, 7, 10, 8, 0, 0, 0
16:29:11, 1291.00, 29.49, 32.22, 28.687, 1, 2, 1, 2, 7, 15, 34, 55, 46, 4, 0, 0, 0, 0, 0, 0, 0, 2, 6, 10, 9, 0, 0, 0
16:29:12, 1293.20, 29.49, 32.24, 28.703, 1, 2, 1, 2, 8, 17, 39, 60, 63, 5, 0, 0, 0, 0, 0, 0, 0, 1, 6, 10, 8, 0, 0, 0
16:29:12, 1293.90, 29.49, 32.22, 28.711, 1, 2, 1, 2, 7, 15, 34, 55, 46, 4, 0, 0, 0, 0, 0, 0, 0, 2, 6, 10, 8, 0, 0, 0
16:29:13, 1295.30, 29.49, 32.24, 28.711, 1, 1, 1, 1, 5, 11, 24, 40, 27, 2, 0, 0, 0, 0, 0, 0, 0, 2, 6, 10, 8, 0, 0, 0
16:29:14, 1297.30, 29.49, 32.22, 28.711, 1, 1, 1, 1, 4, 10, 23, 38, 25, 2, 0, 0, 0, 0, 0, 0, 0, 2, 6, 10, 7, 0, 0, 0
16:29:14, 1301.10, 29.49, 32.28, 28.711, 1, 2, 1, 1, 7, 15, 34, 52, 53, 4, 0, 0, 0, 0, 0, 0, 0, 1, 5, 9, 8, 0, 0, 0
16:29:15, 1301.10, 29.49, 32.22, 28.711, 1, 2, 1, 2, 6, 14, 33, 52, 54, 4, 0, 0, 0, 0, 0, 0, 0, 1, 5, 9, 8, 0, 0, 0
16:29:16, 1302.40, 29.49, 32.26, 28.703, 1, 2, 1, 1, 6, 14, 32, 51, 48, 4, 0, 0, 0, 0, 0, 0, 0, 1, 5, 8, 7, 0, 0, 0
16:29:16, 1300.30, 29.49, 32.24, 28.719, 1, 2, 1, 1, 5, 11, 26, 43, 32, 3, 0, 0, 0, 0, 0, 0, 0, 2, 6, 10, 8, 0, 0, 0
16:29:17, 1302.80, 29.49, 32.24, 28.719, 1, 1, 0, 1, 3, 7, 16, 27, 17, 2, 0, 0, 0, 0, 0, 0, 0, 2, 6, 10, 7, 0, 0, 0
16:29:18, 1308.80, 29.49, 32.22, 28.719, 1, 1, 1, 1, 5, 12, 28, 45, 37, 3, 0, 0, 0, 0, 0, 0, 0, 1, 5, 8, 6, 0, 0, 0
16:29:18, 1307.70, 29.49, 32.20, 28.734, 1, 1, 1, 1, 6, 13, 31, 49, 51, 4, 0, 0, 0, 0, 0, 0, 0, 1, 5, 8, 7, 0, 0, 0
16:29:19, 1310.30, 29.50, 32.24, 28.734, 1, 1, 1, 1, 4, 8, 20, 33, 29, 3, 0, 0, 0, 0, 0, 0, 0, 1, 5, 9, 7, 0, 0, 0
16:29:20, 1315.10, 29.50, 32.24, 28.727, 0, 1, 0, 0, 2, 6, 14, 24, 17, 2, 0, 0, 0, 0, 0, 0, 0, 1, 5, 8, 7, 0, 0, 0
16:29:20, 1318.30, 29.50, 32.22, 28.734, 1, 1, 1, 1, 5, 11, 26, 43, 36, 3, 0, 0, 0, 0, 0, 0, 0, 1, 5, 8, 6, 0, 0, 0
16:29:21, 1320.20, 29.50, 32.24, 28.734, 1, 1, 1, 1, 5, 12, 30, 49, 46, 4, 0, 0, 0, 0, 0, 0, 0, 1, 4, 8, 6, 0, 0, 0
16:29:22, 1319.90, 29.49, 32.22, 28.727, 1, 1, 1, 1, 5, 11, 27, 44, 36, 3, 0, 0, 0, 0, 0, 0, 0, 1, 4, 8, 6, 0, 0, 0
16:29:22, 1319.90, 29.49, 32.22, 28.727, 1, 1, 0, 1, 4, 8, 20, 35, 23, 2, 0, 0, 0, 0, 0, 0, 0, 1, 5, 8, 6, 0, 0, 0
16:29:23, 1318.10, 29.49, 32.26, 28.727, 1, 1, 0, 1, 4, 8, 21, 34, 24, 2, 0, 0, 0, 0, 0, 0, 0, 1, 4, 7, 5, 0, 0, 0
16:29:24, 1322.10, 29.49, 32.20, 28.727, 1, 1, 0, 1, 4, 9, 22, 34, 38, 3, 0, 0, 0, 0, 0, 0, 0, 1, 4, 6, 5, 0, 0, 0
16:29:24, 1319.30, 29.49, 32.26, 28.734, 1, 1, 0, 1, 2, 5, 13, 22, 19, 2, 0, 0, 0, 0, 0, 0, 0, 1, 4, 8, 6, 0, 0, 0
16:29:25, 1318.80, 29.49, 32.22, 28.734, 0, 1, 0, 0, 2, 6, 14, 25, 19, 2, 0, 0, 0, 0, 0, 0, 0, 1, 4, 7, 5, 0, 0, 0
16:29:26, 1316.30, 29.49, 32.24, 28.719, 0, 1, 0, 0, 2, 6, 15, 25, 18, 2, 0, 0, 0, 0, 0, 0, 0, 1, 4, 6, 5, 0, 0, 0
16:29:26, 1314.50, 29.49, 32.22, 28.727, 0, 1, 0, 1, 3, 8, 18, 31, 24, 2, 0, 0, 0, 0, 0, 0, 0, 0, 4, 6, 5, 0, 0, 0
16:29:27, 1305.90, 29.49, 32.22, 28.727, 0, 1, 0, 0, 2, 5, 11, 19, 16, 2, 0, 0, 0, 0, 0, 0, 0, 1, 5, 9, 7, 0, 0, 0
16:29:28, 1300.80, 29.49, 32.22, 28.719, 0, 1, 1, 0, 2, 6, 13, 22, 15, 1, 0, 0, 0, 0, 0, 0, 0, 1, 6, 9, 7, 0, 0, 0
16:29:28, 1296.10, 29.49, 32.26, 28.727, 0, 1, 0, 0, 2, 6, 13, 23, 18, 2, 0, 0, 0, 0, 0, 0, 0, 2, 6, 10, 8, 0, 0, 0
16:29:29, 1295.10, 29.49, 32.24, 28.727, 0, 1, 0, 0, 2, 6, 13, 23, 18, 2, 0, 0, 0, 0, 0, 0, 0, 1, 6, 10, 8, 0, 0, 0
16:29:30, 1285.90, 29.48, 32.24, 28.719, 1, 1, 0, 1, 3, 7, 15, 27, 19, 2, 0, 0, 0, 0, 0, 0, 1, 2, 8, 13, 10, 0, 0, 0
16:29:30, 1285.70, 29.48, 32.22, 28.727, 0, 1, 0, 0, 2, 6, 14, 23, 14, 1, 0, 0, 0, 0, 0, 0, 1, 2, 8, 12, 9, 0, 0, 0
16:29:31, 1284.20, 29.48, 32.22, 28.727, 1, 1, 0, 1, 4, 8, 19, 32, 21, 2, 0, 0, 0, 0, 0, 0, 1, 2, 8, 13, 10, 0, 0, 0
16:29:32, 1283.00, 29.48, 32.24, 28.711, 1, 1, 0, 1, 3, 7, 16, 28, 21, 2, 0, 0, 0, 0, 0, 0, 1, 2, 8, 13, 11, 0, 0, 0
16:29:32, 1286.10, 29.48, 32.20, 28.719, 1, 1, 1, 1, 5, 10, 23, 39, 33, 3, 0, 0, 0, 0, 0, 0, 0, 2, 6, 11, 9, 0, 0, 0
16:29:33, 1282.00, 29.48, 32.24, 28.719, 1, 2, 1, 1, 6, 13, 28, 47, 36, 3, 0, 0, 0, 0, 0, 0, 1, 2, 8, 12, 10, 0, 0, 0
16:29:34, 1284.30, 29.48, 32.22, 28.719, 1, 1, 1, 1, 4, 10, 22, 37, 31, 3, 0, 0, 0, 0, 0, 0, 1, 2, 8, 13, 11, 0, 0, 0
16:29:34, 1290.40, 29.47, 32.22, 28.719, 1, 1, 1, 1, 5, 11, 25, 41, 34, 3, 0, 0, 0, 0, 0, 0, 1, 2, 7, 12, 10, 0, 0, 0
16:29:35, 1291.60, 29.47, 32.20, 28.719, 1, 1, 1, 1, 4, 10, 22, 37, 26, 2, 0, 0, 0, 0, 0, 0, 0, 2, 8, 12, 10, 0, 0, 0
16:29:36, 1295.80, 29.48, 32.22, 28.719, 1, 1, 1, 1, 4, 10, 23, 38, 32, 3, 0, 0, 0, 0, 0, 0, 0, 2, 7, 11, 9, 0, 0, 0
16:29:36, 1298.40, 29.48, 32.22, 28.719, 1, 2, 1, 1, 5, 12, 28, 45, 38, 3, 0, 0, 0, 0, 0, 0, 0, 2, 7, 11, 9, 0, 0, 0
16:29:37, 1296.10, 29.47, 32.24, 28.727, 1, 1, 1, 1, 4, 8, 19, 32, 22, 2, 0, 0, 0, 0, 0, 0, 1, 2, 8, 13, 10, 0, 0, 0
16:29:38, 1300.30, 29.47, 32.22, 28.727, 1, 1, 0, 0, 3, 7, 16, 27, 19, 2, 0, 0, 0, 0, 0, 0, 0, 2, 7, 11, 9, 0, 0, 0
16:29:38, 1302.40, 29.47, 32.20, 28.727, 1, 1, 0, 1, 3, 8, 19, 33, 26, 2, 0, 0, 0, 0, 0, 0, 0, 2, 6, 11, 8, 0, 0, 0
16:29:39, 1300.80, 29.47, 32.24, 28.727, 1, 1, 0, 1, 3, 8, 17, 30, 21, 2, 0, 0, 0, 0, 0, 0, 0, 2, 7, 12, 9, 0, 0, 0
16:29:40, 1302.90, 29.47, 32.24, 28.727, 1, 1, 0, 1, 4, 9, 22, 35, 24, 2, 0, 0, 0, 0, 0, 0, 0, 2, 7, 11, 8, 0, 0, 0
16:29:40, 1304.30, 29.47, 32.20, 28.727, 1, 1, 1, 1, 5, 10, 25, 41, 31, 3, 0, 0, 0, 0, 0, 0, 0, 2, 7, 12, 10, 0, 0, 0
16:29:41, 1307.10, 29.47, 32.19, 28.727, 1, 1, 0, 1, 3, 7, 17, 29, 26, 2, 0, 0, 0, 0, 0, 0, 0, 2, 6, 10, 9, 0, 0, 0
16:29:42, 1306.30, 29.47, 32.22, 28.727, 1, 1, 0, 1, 4, 9, 20, 35, 24, 2, 0, 0, 0, 0, 0, 0, 0, 2, 7, 11, 8, 0, 0, 0
16:29:42, 1306.30, 29.47, 32.20, 28.727, 1, 1, 1, 1, 5, 12, 28, 46, 32, 3, 0, 0, 0, 0, 0, 0, 0, 2, 6, 10, 8, 0, 0, 0
16:29:43, 1304.10, 29.47, 32.26, 28.734, 1, 1, 1, 1, 5, 11, 27, 45, 35, 3, 0, 0, 0, 0, 0, 0, 1, 2, 8, 12, 11, 0, 0, 0
16:29:44, 1305.00, 29.47, 32.20, 28.734, 1, 1, 1, 1, 5, 13, 30, 50, 44, 4, 0, 0, 0, 0, 0, 0, 1, 2, 8, 13, 11, 0, 0, 0
16:29:44, 1304.70, 29.47, 32.22, 28.734, 1, 2, 1, 2, 7, 15, 36, 59, 45, 4, 0, 0, 0, 0, 0, 0, 0, 2, 7, 12, 10, 0, 0, 0
16:29:45, 1300.90, 29.47, 32.22, 28.734, 2, 2, 1, 2, 8, 18, 44, 70, 62, 5, 0, 0, 0, 0, 0, 0, 0, 2, 7, 11, 10, 0, 0, 0
16:29:46, 1292.90, 29.47, 32.22, 28.727, 1, 2, 1, 1, 5, 13, 29, 48, 43, 4, 0, 0, 0, 0, 0, 0, 1, 3, 9, 15, 12, 0, 0, 0
16:29:46, 1290.50, 29.47, 32.20, 28.727, 1, 2, 1, 1, 6, 13, 30, 50, 35, 3, 0, 0, 0, 0, 0, 0, 1, 3, 10, 15, 12, 0, 0, 0
16:29:47, 1290.30, 29.47, 32.22, 28.719, 2, 2, 1, 2, 8, 18, 41, 66, 53, 4, 0, 0, 0, 0, 0, 0, 1, 3, 9, 14, 12, 0, 0, 0
16:29:48, 1288.70, 29.47, 32.22, 28.719, 1, 2, 1, 2, 6, 14, 32, 53, 46, 4, 0, 0, 0, 0, 0, 0, 1, 3, 9, 15, 13, 0, 0, 0
16:29:48, 1283.00, 29.46, 32.22, 28.719, 1, 2, 1, 2, 6, 14, 30, 50, 37, 3, 0, 0, 0, 0, 0, 0, 1, 4, 11, 17, 14, 1, 0, 0
16:29:49, 1282.30, 29.46, 32.22, 28.719, 1, 2, 1, 2, 7, 16, 35, 58, 42, 3, 0, 0, 0, 0, 0, 0, 1, 3, 10, 16, 13, 0, 0, 0
16:29:50, 1282.10, 29.46, 32.24, 28.727, 2, 2, 1, 2, 7, 16, 35, 58, 46, 4, 0, 0, 0, 0, 0, 0, 1, 3, 11, 17, 14, 1, 0, 0
16:29:50, 1280.60, 29.45, 32.20, 28.727, 2, 2, 1, 2, 8, 17, 39, 64, 59, 5, 0, 0, 0, 0, 0, 0, 1, 4, 12, 18, 16, 0, 0, 0
16:29:51, 1280.80, 29.45, 32.20, 28.719, 2, 2, 1, 2, 7, 16, 36, 60, 49, 4, 0, 0, 0, 0, 0, 0, 1, 3, 10, 16, 14, 1, 0, 0
16:29:52, 1278.00, 29.46, 32.20, 28.719, 2, 2, 2, 2, 9, 20, 45, 72, 59, 5, 0, 0, 0, 0, 0, 0, 1, 3, 11, 17, 14, 0, 0, 0
16:29:52, 1274.40, 29.46, 32.24, 28.719, 2, 2, 1, 2, 9, 19, 42, 68, 56, 5, 0, 0, 0, 0, 0, 0, 2, 4, 12, 19, 17, 1, 0, 0
16:29:53, 1277.30, 29.45, 32.20, 28.711, 2, 2, 2, 3, 12, 25, 57, 90, 82, 6, 0, 0, 0, 0, 0, 0, 1, 3, 10, 16, 14, 0, 0, 0
16:29:54, 1275.40, 29.45, 32.22, 28.727, 2, 3, 2, 3, 12, 25, 55, 87, 77, 6, 0, 0, 0, 0, 0, 0, 1, 4, 11, 17, 15, 0, 0, 0
16:29:54, 1270.10, 29.45, 32.20, 28.727, 2, 2, 2, 3, 10, 22, 48, 78, 57, 5, 0, 0, 0, 0, 0, 0, 2, 4, 13, 21, 16, 1, 0, 0
16:29:55, 1272.20, 29.45, 32.22, 28.719, 2, 2, 2, 2, 10, 22, 47, 76, 59, 5, 0, 0, 0, 0, 0, 0, 1, 4, 12, 19, 17, 1, 0, 0
16:29:56, 1274.70, 29.45, 32.19, 28.727, 2, 3, 3, 3, 13, 27, 61, 95, 100, 8, 0, 0, 0, 0, 0, 0, 2, 4, 13, 19, 18, 1, 0, 0
16:29:56, 1272.40, 29.45, 32.24, 28.727, 2, 2, 2, 2, 9, 19, 43, 69, 55, 4, 0, 0, 0, 0, 0, 0, 2, 5, 13, 21, 17, 1, 0, 0
16:29:57, 1274.70, 29.45, 32.20, 28.727, 2, 2, 1, 2, 9, 19, 42, 67, 52, 4, 0, 0, 0, 0, 0, 0, 1, 4, 12, 18, 15, 1, 0, 0
16:29:58, 1276.70, 29.45, 32.20, 28.734, 2, 3, 2, 3, 12, 24, 55, 87, 75, 6, 0, 0, 0, 0, 0, 0, 1, 3, 11, 17, 15, 1, 0, 0
16:29:58, 1270.80, 29.45, 32.20, 28.734, 2, 3, 2, 3, 12, 25, 56, 88, 78, 6, 0, 0, 0, 0, 0, 0, 2, 4, 13, 19, 17, 1, 0, 0
16:29:59, 1268.40, 29.45, 32.19, 28.734, 2, 2, 2, 3, 12, 24, 54, 86, 68, 5, 0, 0, 0, 0, 0, 0, 2, 4, 13, 20, 17, 1, 0, 0
16:30:00, 1263.80, 29.45, 32.20, 28.734, 2, 2, 2, 2, 10, 21, 46, 76, 58, 5, 0, 0, 0, 0, 0, 1, 2, 5, 15, 24, 20, 1, 0, 0
16:30:00, 1263.50, 29.46, 32.19, 28.734, 2, 3, 2, 3, 13, 27, 59, 94, 84, 7, 0, 0, 0, 0, 0, 0, 2, 5, 14, 22, 19, 1, 0, 0
16:30:01, 1260.90, 29.46, 32.22, 28.719, 3, 4, 3, 5, 19, 40, 86, 127, 131, 10, 0, 0, 0, 0, 0, 0, 2, 5, 14, 22, 19, 1, 0, 0
16:30:02, 1254.60, 29.45, 32.20, 28.711, 3, 3, 3, 4, 12, 25, 53, 85, 67, 5, 0, 0, 0, 0, 0, 1, 3, 7, 20, 30, 24, 1, 0, 0
16:30:02, 1256.70, 29.45, 32.15, 28.711, 2, 2, 2, 3, 11, 23, 49, 80, 53, 4, 0, 0, 0, 0, 0, 1, 3, 6, 18, 27, 22, 1, 0, 0
16:30:03, 1258.60, 29.45, 32.20, 28.711, 2, 3, 2, 3, 12, 25, 55, 87, 74, 6, 0, 0, 0, 0, 0, 1, 2, 6, 16, 25, 23, 1, 0, 0
16:30:04, 1264.50, 29.45, 32.24, 28.719, 2, 2, 2, 3, 13, 28, 61, 94, 101, 8, 0, 0, 0, 0, 0, 1, 2, 5, 13, 21, 19, 1, 0, 0
16:30:04, 1265.60, 29.45, 32.22, 28.719, 3, 4, 3, 5, 19, 39, 85, 124, 140, 11, 0, 0, 0, 0, 0, 0, 2, 5, 13, 20, 18, 1, 0, 0
16:30:05, 1264.00, 29.45, 32.20, 28.711, 3, 4, 3, 5, 18, 36, 80, 122, 110, 8, 0, 0, 0, 0, 0, 0, 2, 5, 14, 22, 18, 1, 0, 0
16:30:06, 1263.00, 29.45, 32.22, 28.711, 3, 3, 3, 4, 14, 30, 65, 102, 70, 6, 0, 0, 0, 0, 0, 0, 2, 6, 16, 24, 19, 1, 0, 0
16:30:06, 1259.20, 29.45, 32.19, 28.711, 3, 3, 3, 4, 13, 28, 61, 97, 64, 5, 0, 0, 0, 0, 0, 1, 3, 7, 19, 28, 23, 1, 0, 0
16:30:07, 1261.00, 29.45, 32.22, 28.711, 3, 3, 3, 4, 17, 35, 78, 122, 96, 7, 0, 0, 0, 0, 0, 1, 3, 7, 20, 30, 27, 2, 0, 0
16:30:08, 1262.00, 29.45, 32.19, 28.711, 4, 4, 4, 6, 22, 44, 98, 153, 139, 11, 0, 0, 0, 0, 0, 1, 3, 7, 19, 29, 27, 2, 0, 0
16:30:08, 1262.60, 29.45, 32.15, 28.711, 4, 4, 4, 5, 19, 38, 82, 129, 107, 8, 0, 0, 0, 0, 0, 1, 2, 6, 16, 25, 22, 1, 0, 0
16:30:09, 1262.50, 29.44, 32.20, 28.711, 4, 4, 4, 5, 20, 41, 90, 138, 126, 10, 0, 0, 0, 0, 0, 1, 2, 5, 15, 23, 21, 1, 0, 0
16:30:01, 1260.80, 29.44, 32.19, 28.711, 3, 4, 3, 5, 17, 34, 75, 117, 101, 8, 0, 0, 0, 0, 0, 1, 2, 6, 16, 24, 21, 1, 0, 0
16:30:10, 1256.50, 29.45, 32.20, 28.703, 3, 3, 2, 4, 13, 27, 59, 94, 74, 6, 0, 0, 0, 0, 0, 1, 3, 6, 18, 27, 24, 1, 0, 0
16:30:11, 1256.90, 29.44, 32.19, 28.711, 3, 3, 2, 3, 15, 30, 64, 102, 88, 7, 0, 0, 0, 0, 0, 1, 2, 6, 16, 25, 22, 1, 0, 0
16:30:11, 1253.90, 29.44, 32.15, 28.711, 3, 3, 3, 4, 17, 34, 73, 114, 94, 7, 0, 0, 0, 0, 0, 1, 2, 6, 16, 25, 21, 1, 0, 0
16:30:12, 1251.40, 29.44, 32.20, 28.711, 3, 4, 3, 5, 20, 40, 88, 133, 123, 9, 0, 0, 0, 0, 0, 1, 2, 6, 16, 24, 22, 1, 0, 0
16:30:13, 1246.00, 29.44, 32.19, 28.711, 3, 4, 3, 5, 18, 37, 78, 121, 119, 9, 0, 0, 0, 0, 0, 1, 3, 6, 17, 26, 24, 1, 0, 0
16:30:13, 1244.10, 29.44, 32.20, 28.711, 4, 4, 3, 5, 21, 42, 90, 137, 117, 9, 0, 0, 0, 0, 0, 1, 3, 7, 18, 27, 24, 1, 0, 0
16:30:14, 1241.80, 29.44, 32.20, 28.711, 4, 4, 4, 6, 21, 42, 88, 135, 116, 9, 0, 0, 0, 0, 0, 1, 3, 7, 19, 28, 25, 1, 0, 0
16:30:15, 1235.00, 29.44, 32.17, 28.711, 4, 4, 5, 6, 22, 43, 89, 138, 114, 9, 0, 0, 0, 0, 0, 1, 3, 8, 21, 32, 27, 2, 0, 0
16:30:15, 1229.80, 29.44, 32.19, 28.711, 4, 4, 4, 6, 20, 39, 79, 124, 99, 8, 0, 0, 1, 0, 1, 1, 5, 11, 26, 39, 35, 2, 0, 0
16:30:16, 1231.50, 29.44, 32.20, 28.703, 5, 5, 5, 7, 26, 50, 101, 156, 142, 11, 0, 0, 0, 0, 1, 1, 4, 10, 24, 36, 33, 2, 0, 0
16:30:17, 1224.50, 29.44, 32.17, 28.711, 4, 4, 4, 6, 22, 44, 89, 138, 115, 9, 0, 0, 1, 0, 1, 1, 5, 12, 28, 42, 37, 3, 0, 0
16:30:17, 1226.50, 29.44, 32.22, 28.711, 4, 4, 4, 5, 22, 44, 86, 134, 103, 8, 0, 0, 1, 0, 1, 1, 4, 10, 25, 36, 33, 2, 0, 0
16:30:18, 1222.90, 29.44, 32.20, 28.703, 6, 6, 6, 10, 34, 64, 129, 192, 178, 13, 0, 0, 1, 0, 1, 1, 5, 11, 26, 38, 35, 2, 0, 0
16:30:19, 1219.60, 29.44, 32.19, 28.711, 5, 5, 5, 8, 27, 52, 103, 159, 129, 10, 0, 0, 1, 0, 1, 1, 5, 12, 29, 43, 38, 3, 0, 0
16:30:19, 1220.60, 29.44, 32.17, 28.711, 6, 5, 5, 8, 31, 59, 117, 178, 161, 12, 0, 0, 1, 0, 1, 1, 5, 11, 26, 39, 37, 3, 0, 0
16:30:20, 1216.90, 29.44, 32.17, 28.695, 5, 5, 5, 7, 23, 45, 91, 135, 132, 10, 0, 0, 1, 1, 1, 2, 6, 13, 31, 46, 42, 3, 0, 0
16:30:21, 1216.70, 29.44, 32.17, 28.711, 5, 5, 4, 7, 26, 49, 97, 150, 110, 9, 0, 0, 1, 0, 1, 2, 6, 12, 30, 45, 38, 3, 0, 0
16:30:21, 1212.90, 29.44, 32.20, 28.711, 6, 5, 5, 8, 29, 56, 110, 168, 136, 10, 0, 0, 1, 1, 1, 2, 7, 14, 34, 49, 46, 3, 0, 0
16:30:22, 1204.40, 29.44, 32.19, 28.695, 6, 6, 6, 11, 33, 62, 120, 180, 167, 13, 0, 0, 1, 1, 1, 2, 9, 18, 42, 59, 55, 4, 0, 0
16:30:23, 1202.80, 29.44, 32.15, 28.703, 7, 7, 7, 11, 33, 64, 121, 180, 163, 13, 0, 0, 1, 1, 2, 3, 9, 20, 45, 64, 60, 5, 0, 0
16:30:23, 1204.40, 29.43, 32.20, 28.703, 8, 8, 9, 15, 53, 95, 184, 268, 243, 18, 0, 0, 1, 1, 1, 2, 7, 16, 36, 52, 49, 3, 0, 0
16:30:24, 1199.30, 29.43, 32.22, 28.695, 9, 10, 10, 18, 63, 111, 216, 306, 303, 22, 0, 0, 1, 1, 1, 2, 9, 18, 41, 58, 55, 4, 0, 0
16:30:25, 1191.70, 29.43, 32.20, 28.703, 9, 9, 9, 17, 53, 95, 176, 261, 235, 18, 0, 0, 2, 1, 2, 3, 12, 25, 55, 76, 72, 6, 0, 0
16:30:25, 1190.90, 29.43, 32.15, 28.703, 10, 10, 10, 18, 58, 104, 191, 284, 230, 17, 0, 0, 2, 2, 2, 4, 13, 25, 55, 77, 72, 6, 0, 0
16:30:26, 1192.50, 29.43, 32.13, 28.695, 11, 10, 11, 19, 63, 113, 209, 308, 281, 21, 0, 0, 2, 2, 2, 4, 13, 26, 58, 82, 80, 7, 0, 0
16:30:27, 1191.80, 29.43, 32.19, 28.711, 16, 16, 17, 31, 118, 206, 390, 583, 569, 42, 0, 0, 4, 3, 4, 6, 25, 50, 111, 157, 155, 13, 0, 0
16:30:27, 1189.20, 29.43, 32.19, 28.711, 34, 33, 36, 61, 209, 365, 701, 1103, 1032, 72, 0, 0, 7, 6, 7, 10, 36, 71, 157, 224, 218, 19, 0, 0
16:30:28, 1184.70, 29.43, 32.15, 28.703, 41, 40, 45, 76, 254, 437, 833, 1249, 1032, 76, 0, 0, 8, 7, 8, 12, 44, 86, 188, 268, 247, 22, 0, 0
16:30:29, 1183.30, 29.43, 32.19, 28.711, 51, 50, 56, 97, 287, 491, 929, 1385, 1035, 77, 0, 0, 10, 8, 10, 14, 47, 92, 200, 284, 276, 24, 0, 0
16:30:29, 1179.80, 29.43, 32.17, 28.711, 56, 56, 64, 113, 345, 585, 1091, 1670, 1752, 130, 0, 0, 11, 9, 10, 16, 55, 106, 226, 320, 331, 29, 0, 0
16:30:30, 1177.70, 29.43, 32.19, 28.695, 57, 56, 65, 115, 413, 688, 1307, 1897, 1801, 132, 0, 0, 10, 8, 10, 15, 53, 102, 218, 306, 305, 27, 0, 0
16:30:31, 1174.90, 29.43, 32.19, 28.703, 72, 74, 87, 154, 436, 718, 1354, 1955, 1772, 129, 0, 0, 10, 9, 10, 15, 52, 100, 210, 294, 301, 26, 0, 0
16:30:31, 1172.20, 29.43, 32.19, 28.703, 67, 67, 81, 157, 451, 753, 1362, 1894, 2411, 171, 0, 0, 9, 7, 9, 14, 47, 90, 186, 259, 271, 24, 0, 0
16:30:32, 1167.20, 29.43, 32.15, 28.703, 63, 62, 75, 145, 481, 777, 1403, 2071, 2075, 156, 0, 0, 10, 9, 10, 16, 56, 106, 218, 301, 307, 27, 0, 0
16:30:33, 1161.00, 29.43, 32.17, 28.711, 62, 60, 71, 132, 369, 613, 1073, 1576, 1428, 104, 0, 0, 13, 11, 13, 21, 74, 139, 282, 384, 384, 34, 0, 0
16:30:33, 1157.60, 29.43, 32.15, 28.711, 76, 65, 78, 143, 424, 707, 1185, 1789, 1373, 103, 0, 0, 14, 12, 14, 24, 77, 144, 290, 393, 390, 35, 0, 0
16:30:34, 1154.20, 29.43, 32.15, 28.703, 95, 97, 119, 237, 776, 1220, 2225, 2968, 3269, 227, 0, 0, 13, 11, 13, 22, 81, 149, 295, 398, 416, 37, 0, 0
16:30:35, 1152.00, 29.43, 32.19, 28.703, 88, 88, 112, 229, 885, 1371, 2453, 3175, 3964, 272, 0, 0, 14, 11, 14, 23, 76, 139, 273, 368, 402, 35, 0, 0
16:30:35, 1144.80, 29.43, 32.17, 28.703, 82, 82, 107, 226, 425, 704, 1146, 1706, 1377, 102, 0, 0, 16, 13, 16, 28, 91, 162, 314, 413, 412, 37, 0, 0
16:30:36, 1144.70, 29.43, 32.15, 28.711, 47, 32, 43, 77, 222, 384, 590, 859, 666, 56, 0, 0, 18, 15, 19, 33, 104, 186, 360, 473, 449, 41, 0, 0
16:30:37, 1144.90, 29.43, 32.15, 28.711, 79, 67, 85, 155, 412, 671, 1076, 1634, 1159, 88, 0, 0, 14, 12, 14, 25, 79, 143, 277, 367, 376, 34, 0, 0
16:30:37, 1147.80, 29.42, 32.20, 28.711, 63, 56, 69, 139, 407, 644, 1086, 1543, 1750, 125, 0, 0, 12, 10, 12, 21, 67, 121, 234, 312, 349, 31, 0, 0
16:30:38, 1145.10, 29.42, 32.19, 28.711, 79, 80, 101, 204, 455, 728, 1218, 1751, 1800, 125, 0, 0, 13, 11, 13, 23, 71, 127, 246, 327, 335, 30, 0, 0
16:30:39, 1141.20, 29.42, 32.19, 28.711, 60, 57, 71, 142, 362, 568, 920, 1350, 1007, 75, 0, 0, 11, 10, 12, 21, 71, 126, 242, 319, 329, 30, 0, 0
16:30:39, 1142.90, 29.42, 32.19, 28.711, 86, 88, 117, 252, 810, 1225, 2077, 2736, 3227, 232, 0, 0, 14, 12, 14, 26, 87, 154, 294, 392, 446, 39, 0, 0
16:30:40, 1137.10, 29.42, 32.17, 28.703, 126, 125, 175, 445, 1164, 1847, 3071, 3886, 5876, 391, 0, 0, 20, 17, 20, 36, 128, 227, 433, 575, 638, 57, 0, 0
16:30:41, 1133.70, 29.42, 32.15, 28.703, 134, 90, 126, 250, 661, 1171, 1682, 2531, 1841, 140, 0, 0, 26, 22, 27, 49, 159, 279, 527, 693, 672, 62, 0, 0
16:30:41, 1134.80, 29.43, 32.15, 28.711, 147, 149, 199, 435, 1059, 1618, 2887, 3730, 2335, 176, 0, 0, 24, 20, 25, 45, 138, 243, 462, 611, 603, 55, 0, 0
16:30:42, 1135.50, 29.43, 32.13, 28.703, 156, 162, 219, 454, 1356, 2013, 3391, 4488, 5041, 357, 0, 0, 21, 17, 21, 39, 123, 216, 407, 541, 603, 53, 0, 0
16:30:43, 1130.00, 29.43, 32.15, 28.703, 140, 145, 197, 414, 1004, 1499, 2433, 3593, 3722, 261, 0, 0, 25, 21, 26, 47, 149, 260, 488, 642, 684, 62, 0, 0
16:30:43, 1129.00, 29.43, 32.15, 28.703, 134, 132, 170, 355, 1268, 1828, 3116, 4337, 3034, 210, 0, 0, 23, 20, 24, 45, 134, 235, 442, 581, 581, 52, 0, 0
16:30:44, 1127.50, 29.43, 32.17, 28.703, 133, 133, 187, 398, 1147, 1631, 2752, 3710, 2931, 206, 0, 0, 21, 18, 22, 41, 125, 217, 406, 531, 538, 48, 0, 0
16:30:45, 1126.00, 29.43, 32.13, 28.703, 112, 110, 167, 379, 861, 1270, 2067, 2579, 2611, 183, 0, 0, 21, 18, 22, 42, 130, 225, 420, 548, 560, 50, 0, 0
16:30:45, 1119.20, 29.43, 32.13, 28.711, 96, 92, 139, 315, 740, 1074, 1690, 2202, 1909, 138, 0, 0, 24, 20, 25, 48, 150, 257, 475, 613, 607, 55, 0, 0
16:30:46, 1114.10, 29.43, 32.15, 28.711, 95, 90, 137, 303, 772, 1104, 1704, 2206, 1757, 129, 0, 0, 24, 20, 26, 49, 148, 252, 460, 593, 576, 52, 0, 0
16:30:47, 1109.20, 29.43, 32.13, 28.711, 117, 118, 191, 439, 1077, 1507, 2402, 2932, 2488, 177, 0, 0, 25, 21, 27, 54, 156, 260, 469, 602, 590, 53, 0, 0
16:30:47, 1103.40, 29.43, 32.13, 28.703, 125, 126, 218, 510, 971, 1349, 2060, 2533, 2146, 157, 0, 0, 26, 22, 29, 57, 164, 273, 489, 623, 623, 56, 0, 0
16:30:48, 1092.00, 29.43, 32.11, 28.703, 123, 125, 213, 468, 1167, 1540, 2296, 3020, 2343, 167, 0, 0, 33, 27, 38, 76, 226, 364, 634, 799, 763, 69, 0, 0
16:30:49, 1087.80, 29.43, 32.15, 28.703, 352, 438, 776, 1645, 4442, 5697, 10100, 11661, 9419, 593, 0, 0, 35, 30, 42, 86, 246, 391, 670, 843, 828, 76, 0, 0
16:30:49, 1081.20, 29.43, 32.15, 28.703, 381, 449, 859, 1825, 4453, 5821, 9149, 10478, 14245, 904, 0, 0, 34, 29, 41, 85, 240, 376, 641, 804, 797, 73, 0, 0
16:30:50, 1076.10, 29.43, 32.19, 28.711, 325, 395, 810, 1763, 6022, 8139, 10752, 14414, 19323, 1658, 0, 0, 36, 31, 45, 94, 275, 423, 711, 881, 882, 80, 0, 0
16:30:51, 1068.40, 29.43, 32.13, 28.711, 743, 932, 1947, 3810, 5070, 6415, 9683, 10705, 14301, 1036, 0, 0, 47, 41, 63, 134, 360, 540, 891, 1095, 1137, 107, 0, 0
16:30:51, 1062.60, 29.43, 32.15, 28.695, 747, 1027, 2171, 4016, 6831, 8173, 11375, 13380, 21854, 1544, 0, 0, 45, 40, 64, 135, 335, 492, 800, 978, 1086, 102, 0, 0
16:30:52, 1054.70, 29.43, 32.15, 28.703, 555, 849, 1692, 2926, 10397, 10343, 14485, 22405, 26184, 2095, 0, 0, 57, 52, 86, 182, 452, 646, 1026, 1242, 1354, 129, 0, 0
16:30:53, 1051.40, 29.43, 32.20, 28.703, 1024, 1716, 3528, 6165, 11965, 14732, 22461, 21413, 25472, 2746, 0, 0, 68, 62, 106, 225, 502, 714, 1106, 1344, 1361, 126, 0, 0
16:30:53, 1045.70, 29.43, 32.11, 28.695, 969, 1505, 3109, 5251, 3221, 3572, 5186, 5483, 5709, 501, 0, 0, 69, 64, 111, 237, 542, 758, 1178, 1412, 1304, 116, 0, 0
16:30:54, 1048.20, 29.43, 32.15, 28.703, 403, 699, 1405, 2206, 3580, 4235, 5170, 5866, 13920, 1173, 0, 0, 26, 25, 44, 89, 197, 277, 427, 516, 623, 58, 0, 0
16:30:55, 1041.70, 29.43, 32.17, 28.703, 1206, 2094, 4116, 8193, 14078, 13249, 18285, 23999, 18284, 1825, 0, 0, 79, 76, 140, 289, 582, 795, 1215, 1449, 1491, 140, 0, 0
16:30:55, 1033.70, 29.43, 32.15, 28.695, 2444, 4443, 9170, 14350, 5672, 6146, 11284, 10436, 6098, 717, 0, 0, 73, 71, 131, 269, 585, 793, 1179, 1415, 1360, 123, 0, 0
16:30:56, 1026.10, 29.43, 32.13, 28.695, 311, 607, 1019, 1452, 1799, 1952, 2371, 2655, 4899, 616, 0, 0, 55, 54, 102, 198, 362, 492, 723, 868, 1100, 104, 0, 0
16:30:57, 1019.60, 29.43, 32.11, 28.695, 227, 417, 672, 817, 813, 857, 937, 1179, 2502, 395, 0, 0, 46, 47, 88, 171, 335, 450, 661, 780, 1256, 122, 0, 0
16:30:57, 1014.60, 29.43, 32.15, 28.687, 562, 894, 1295, 1588, 2410, 2547, 2855, 2973, 11932, 2418, 0, 0, 64, 76, 141, 259, 515, 655, 950, 1088, 2440, 271, 0, 0
16:30:58, 1016.00, 29.43, 32.15, 28.695, 1323, 2386, 3128, 3802, 3621, 4093, 4587, 5441, 20391, 4569, 0, 0, 91, 104, 198, 354, 589, 763, 1083, 1264, 2601, 303, 0, 0
16:30:59, 1014.30, 29.43, 32.13, 28.695, 514, 912, 1247, 1404, 1481, 1476, 1624, 1912, 5460, 1030, 0, 0, 51, 56, 103, 203, 380, 501, 761, 854, 1051, 101, 0, 0
16:30:59, 1011.30, 29.43, 32.11, 28.695, 399, 674, 891, 956, 1099, 1007, 1172, 1403, 2480, 699, 0, 0, 54, 61, 113, 220, 467, 594, 915, 1016, 1022, 100, 0, 0
16:31:00, 1011.30, 29.43, 32.13, 28.703, 402, 691, 895, 988, 1108, 1025, 1252, 1392, 1954, 560, 0, 0, 57, 62, 117, 222, 427, 548, 833, 949, 963, 95, 0, 0
16:31:01, 1010.70, 29.43, 32.13, 28.703, 273, 459, 595, 699, 809, 778, 990, 1001, 1500, 492, 0, 0, 50, 53, 99, 186, 387, 503, 755, 873, 965, 94, 0, 0
16:31:01, 1008.00, 29.43, 32.15, 28.687, 479, 822, 1063, 1295, 2032, 1953, 2387, 2493, 4203, 1129, 0, 0, 61, 68, 127, 236, 460, 591, 861, 987, 1316, 132, 0, 0
16:31:02, 1008.70, 29.43, 32.13, 28.695, 13639, 22931, 33311, 33563, 36000, 36000, 36000, 36000, 36000, 36000, 1, 1, 2311, 3345, 4901, 6135, 7320, 7628, 9173, 10080, 34082, 15254, 0, 1
16:31:03, 1008.60, 29.43, 32.15, 28.695, 1827, 2589, 3487, 4280, 3131, 3415, 3898, 4383, 16868, 6431, 0, 0, 10667, 17493, 23599, 29214, 24898, 25380, 31130, 32315, 36000, 36000, 1, 1
16:31:03, 1008.60, 29.43, 32.15, 28.641, 790, 1246, 1519, 1992, 2129, 2094, 2619, 2646, 12069, 4013, 0, 0, 8233, 12539, 17331, 20992, 28806, 29888, 34804, 35945, 36000, 36000, 1, 1
16:31:04, 1008.60, 29.44, 32.13, 28.531, 1415, 1995, 2789, 2906, 3154, 3248, 3603, 4264, 21241, 7253, 0, 0, 10006, 15261, 21332, 25353, 33392, 34187, 36000, 36000, 36000, 36000, 1, 1
16:31:05, 1008.30, 29.43, 32.15, 28.531, 573, 651, 1041, 1057, 1043, 1128, 1441, 1482, 10600, 4645, 0, 0, 12141, 18722, 26039, 30907, 34288, 35433, 36000, 36000, 36000, 36000, 1, 1
16:31:05, 1008.60, 29.43, 32.15, 28.445, 73, 93, 110, 153, 558, 649, 1252, 1359, 5161, 2373, 0, 0, 7686, 11596, 16066, 19258, 4278, 4929, 7027, 7612, 15943, 7415, 0, 0
