Secchi Depth (cm) = 9999
Forel Ule Scale = 99
pH Colour Scale = 99
SensingSecchi S/N = A017
Latitude (degs N) = 34.33561
Longitude (degs E) = -78.05139
Date = 2026-07-09
Time (UTC), Pressure (mbar) MS5803, Temp (deg C) MS5803, Temp (deg C) 10KTHERM, Temp (deg C) TMP117, ED 415nm, ED 445nm, ED 480nm, ED 515nm, ED 555nm, ED 590nm, ED 630nm, ED 680nm, ED Clear, ED NIR, ED D-SAT, ED A-SAT, EU 415nm, EU 445nm, EU 480nm, EU 515nm, EU 555nm, EU 590nm, EU 630nm, EU 680nm, EU Clear, EU NIR, EU D-SAT, EU A-SAT
17:17:30, 1010.30, 34.15, 36.78, 38.875, 712, 988, 1373, 1459, 1682, 1639, 1874, 2140, 13194, 6305, 0, 0, 8894, 10494, 11514, 13030, 12541, 15379, 17816, 28315, 36000, 36000, 1, 1
17:17:30, 1010.10, 34.16, 36.76, 38.898, 678, 944, 1302, 1395, 1667, 1609, 1840, 2099, 12938, 6208, 0, 0, 8554, 10560, 11326, 13248, 12060, 14590, 16150, 24651, 36000, 36000, 1, 1
17:17:31, 1010.20, 34.16, 36.72, 38.898, 3253, 3541, 5926, 5800, 7015, 8175, 7260, 10043, 23133, 19367, 0, 0, 10188, 13180, 18391, 23615, 30254, 32102, 35803, 36000, 36000, 36000, 1, 1
17:17:32, 1010.30, 34.17, 36.76, 38.867, 13079, 19901, 30748, 33442, 16936, 19887, 19860, 26065, 29823, 11974, 0, 1, 5826, 7707, 11634, 13307, 13372, 14455, 15685, 19957, 35387, 15850, 0, 1
17:17:32, 1010.40, 34.17, 36.74, 38.742, 13738, 20349, 30665, 34951, 35761, 35648, 36000, 36000, 36000, 35540, 1, 1, 4186, 7066, 9000, 11268, 8269, 8673, 9475, 11329, 25714, 12417, 0, 0
17:17:33, 1010.40, 34.17, 36.76, 38.742, 9200, 16820, 22404, 27512, 31009, 35483, 36000, 36000, 36000, 36000, 1, 1, 4911, 6987, 9930, 11661, 15210, 15240, 17971, 18413, 35993, 20066, 0, 1
17:17:34, 1010.40, 34.18, 36.72, 38.633, 11299, 20160, 26978, 33677, 36000, 36000, 36000, 36000, 36000, 36000, 1, 1, 1168, 1729, 2649, 3116, 14070, 14322, 15129, 15371, 21713, 14758, 0, 0
17:17:34, 1012.30, 34.18, 36.74, 38.492, 12514, 19452, 26791, 35096, 4027, 4369, 4901, 5242, 10745, 4031, 0, 1, 127, 169, 325, 558, 860, 1032, 1410, 1658, 3102, 397, 0, 0
17:17:35, 1016.40, 34.17, 36.72, 38.492, 11485, 19713, 27857, 33596, 36000, 36000, 36000, 36000, 36000, 36000, 1, 1, 127, 166, 325, 560, 868, 1045, 1438, 1698, 3363, 421, 0, 0
17:17:36, 1016.60, 34.15, 36.72, 35.672, 10817, 16689, 22431, 25699, 33618, 33890, 35432, 35603, 36000, 34769, 1, 1, 148, 212, 408, 689, 1132, 1324, 1796, 2069, 4600, 551, 0, 0
17:17:36, 1020.60, 34.13, 36.72, 34.234, 11850, 16994, 21559, 22789, 23919, 23882, 25848, 26473, 34255, 19182, 0, 1, 117, 153, 301, 530, 954, 1138, 1565, 1823, 3946, 455, 0, 0
17:17:37, 1019.90, 34.11, 36.70, 34.234, 8727, 17236, 27349, 30201, 35642, 35894, 35540, 36000, 36000, 35833, 1, 1, 130, 174, 339, 591, 928, 1116, 1547, 1814, 3772, 447, 0, 0
17:17:38, 1018.40, 34.09, 36.68, 33.289, 6421, 12807, 21762, 22607, 33473, 34046, 32434, 36000, 36000, 32772, 1, 1, 129, 172, 334, 589, 1019, 1219, 1674, 1954, 4183, 490, 0, 0
17:17:38, 1014.00, 34.07, 36.68, 32.719, 6240, 13258, 18419, 19604, 35344, 35336, 36000, 36000, 36000, 36000, 1, 1, 153, 214, 410, 692, 1130, 1327, 1797, 2078, 4633, 572, 0, 0
17:17:39, 1013.20, 34.06, 36.68, 32.719, 11600, 23303, 35989, 33263, 36000, 36000, 36000, 36000, 36000, 36000, 1, 1, 147, 205, 393, 661, 1046, 1222, 1645, 1910, 4358, 553, 0, 0
17:17:40, 1014.70, 34.05, 36.68, 32.313, 12563, 24321, 33074, 36000, 36000, 36000, 36000, 36000, 36000, 36000, 1, 1, 131, 178, 342, 583, 873, 1044, 1434, 1689, 3318, 426, 0, 0
17:17:40, 1016.60, 34.04, 36.68, 32.133, 12592, 23303, 31766, 34101, 35479, 35327, 35907, 35835, 35593, 23796, 0, 1, 110, 137, 266, 470, 782, 946, 1304, 1549, 2840, 363, 0, 0
17:17:41, 1017.90, 34.03, 36.68, 32.133, 7653, 16288, 20405, 23010, 28607, 28171, 29720, 29979, 32604, 17434, 0, 1, 109, 135, 264, 472, 736, 903, 1254, 1499, 2631, 333, 0, 0
17:17:42, 1017.70, 34.02, 36.66, 31.992, 8574, 19070, 28791, 30267, 35774, 35920, 36000, 36000, 36000, 10698, 1, 1, 107, 131, 256, 461, 756, 926, 1293, 1534, 2639, 331, 0, 0
17:17:42, 1018.60, 34.02, 36.64, 31.875, 8546, 16946, 26582, 35341, 35113, 35287, 36000, 36000, 36000, 12638, 1, 1, 100, 124, 240, 435, 725, 888, 1254, 1481, 2357, 288, 0, 0
17:17:43, 1019.20, 34.01, 36.66, 31.875, 791, 1339, 1906, 2173, 6499, 7198, 8094, 8189, 14749, 3886, 0, 0, 91, 112, 217, 395, 692, 848, 1203, 1422, 2260, 274, 0, 0
17:17:44, 1018.10, 34.00, 36.64, 31.805, 12534, 16315, 24446, 35752, 36000, 36000, 36000, 36000, 36000, 31340, 1, 1, 96, 121, 233, 421, 726, 880, 1242, 1464, 2422, 299, 0, 0
17:17:44, 1018.10, 33.99, 36.60, 31.773, 17389, 16466, 23834, 35731, 36000, 36000, 36000, 36000, 36000, 27935, 1, 1, 103, 134, 259, 461, 749, 903, 1260, 1487, 2695, 340, 0, 0
17:17:45, 1020.40, 33.98, 36.62, 31.773, 18845, 15391, 19255, 33591, 34900, 36000, 36000, 35582, 36000, 31631, 1, 1, 103, 134, 259, 457, 784, 941, 1305, 1542, 2965, 368, 0, 0
17:17:46, 1017.40, 33.98, 36.57, 31.742, 13857, 13893, 17765, 27027, 35676, 35989, 36000, 35988, 36000, 30983, 1, 1, 102, 131, 255, 449, 701, 843, 1173, 1390, 2586, 335, 0, 0
17:17:46, 1017.00, 33.97, 36.60, 31.711, 23488, 20016, 23443, 34327, 33711, 36000, 36000, 34534, 36000, 33443, 1, 1, 112, 141, 274, 473, 805, 960, 1319, 1559, 3026, 389, 0, 0
17:17:47, 1017.40, 33.96, 36.62, 31.711, 12228, 16897, 22813, 30851, 36000, 36000, 36000, 36000, 36000, 35866, 1, 1, 115, 152, 296, 511, 902, 1069, 1460, 1713, 3486, 440, 0, 0
17:17:48, 1018.00, 33.95, 36.60, 31.687, 9974, 13412, 18138, 21741, 24049, 25099, 26450, 26425, 35832, 22537, 0, 1, 115, 154, 299, 518, 806, 961, 1323, 1559, 3154, 395, 0, 0
17:17:48, 1019.70, 33.94, 36.60, 31.672, 12997, 19430, 32353, 33113, 29317, 27790, 32656, 35105, 36000, 26616, 1, 1, 107, 139, 271, 475, 824, 982, 1353, 1589, 3241, 400, 0, 0
17:17:49, 1022.80, 33.93, 36.57, 31.672, 11547, 14851, 23861, 30061, 33766, 33704, 34164, 34216, 36000, 20708, 1, 1, 94, 117, 231, 417, 794, 955, 1319, 1550, 3096, 369, 0, 0
17:17:50, 1022.80, 33.93, 36.57, 31.656, 6542, 11723, 27903, 24649, 31946, 34413, 34974, 34017, 36000, 16676, 1, 1, 86, 107, 211, 383, 663, 801, 1115, 1319, 2543, 306, 0, 0
17:17:50, 1022.40, 33.92, 36.57, 31.648, 10116, 14476, 26457, 30704, 34764, 35344, 35991, 36000, 36000, 14270, 1, 1, 81, 101, 199, 365, 614, 746, 1046, 1235, 2190, 264, 0, 0
17:17:51, 1022.50, 33.91, 36.55, 31.648, 13388, 12216, 16247, 28173, 29588, 30460, 31156, 30224, 35929, 15916, 0, 1, 81, 101, 198, 366, 606, 739, 1044, 1232, 2110, 253, 0, 0
17:17:52, 1022.70, 33.90, 36.57, 31.641, 12035, 13746, 17389, 33424, 34316, 36000, 36000, 35056, 36000, 16089, 1, 1, 83, 102, 200, 370, 632, 773, 1091, 1290, 2174, 259, 0, 0
17:17:52, 1022.40, 33.89, 36.60, 31.641, 7222, 11967, 19632, 28920, 35166, 36000, 36000, 35979, 36000, 16283, 1, 1, 83, 103, 202, 374, 627, 767, 1081, 1278, 2124, 252, 0, 0
17:17:53, 1022.70, 33.89, 36.57, 31.641, 6946, 10884, 16804, 22858, 35709, 36000, 36000, 36000, 35865, 11553, 1, 1, 79, 96, 188, 350, 597, 734, 1035, 1226, 1995, 237, 0, 0
17:17:54, 1022.40, 33.88, 36.57, 31.633, 10991, 11217, 16687, 28943, 33897, 34985, 35524, 36000, 36000, 16617, 1, 1, 78, 95, 186, 347, 601, 739, 1045, 1235, 1967, 234, 0, 0
17:17:54, 1018.70, 33.87, 36.55, 31.633, 11670, 14056, 17244, 30549, 35724, 36000, 36000, 36000, 36000, 19925, 1, 1, 87, 109, 214, 388, 663, 799, 1119, 1311, 2180, 290, 0, 0
17:17:55, 1020.40, 33.87, 36.53, 31.633, 20155, 16026, 21378, 35922, 36000, 36000, 36000, 36000, 36000, 26887, 1, 1, 91, 116, 228, 410, 670, 811, 1135, 1334, 2222, 272, 0, 0
17:17:56, 1021.30, 33.86, 36.53, 31.625, 12435, 13944, 20780, 32789, 30505, 33582, 34061, 32518, 36000, 19539, 1, 1, 84, 106, 208, 380, 625, 762, 1079, 1272, 2063, 247, 0, 0
17:17:56, 1022.50, 33.85, 36.55, 31.625, 9070, 13844, 22076, 28306, 32803, 35406, 35831, 34640, 36000, 16826, 1, 1, 86, 108, 212, 387, 655, 799, 1124, 1326, 2282, 270, 0, 0
17:17:57, 1022.80, 33.84, 36.55, 31.609, 9393, 12971, 19383, 32348, 35383, 36000, 36000, 36000, 36000, 18795, 1, 1, 88, 111, 218, 396, 714, 865, 1209, 1423, 2580, 306, 0, 0
17:17:58, 1022.90, 33.83, 36.55, 31.609, 16360, 15854, 19388, 33582, 35934, 36000, 36000, 36000, 36000, 18230, 1, 1, 89, 112, 221, 404, 701, 848, 1185, 1396, 2570, 307, 0, 0
17:17:58, 1022.90, 33.82, 36.60, 31.609, 13645, 12292, 16342, 28075, 36000, 36000, 36000, 36000, 36000, 19599, 1, 1, 86, 107, 211, 385, 656, 797, 1119, 1320, 2361, 282, 0, 0
17:17:59, 1023.50, 33.81, 36.51, 31.617, 13875, 13977, 18699, 30590, 32212, 34268, 34189, 32130, 36000, 18352, 1, 1, 81, 100, 197, 363, 633, 773, 1086, 1285, 2259, 267, 0, 0
17:18:00, 1023.70, 33.81, 36.57, 31.617, 9377, 9273, 12834, 22042, 35575, 36000, 36000, 35960, 36000, 16193, 1, 1, 79, 97, 191, 354, 626, 765, 1080, 1278, 2191, 258, 0, 0
17:18:00, 1023.80, 33.80, 36.53, 31.617, 12624, 10753, 15280, 29567, 35919, 36000, 36000, 36000, 36000, 17428, 1, 1, 81, 100, 197, 366, 627, 766, 1080, 1277, 2177, 256, 0, 0
17:18:01, 1022.80, 33.79, 36.51, 31.617, 13925, 12266, 16787, 31104, 36000, 36000, 36000, 36000, 36000, 17518, 1, 1, 83, 103, 202, 373, 640, 780, 1098, 1298, 2293, 273, 0, 0
17:18:02, 1015.20, 33.79, 36.53, 31.617, 18670, 16584, 20666, 35634, 36000, 36000, 36000, 36000, 36000, 35396, 1, 1, 109, 146, 284, 493, 840, 984, 1341, 1544, 3062, 394, 0, 0
17:18:02, 1021.70, 33.78, 36.53, 31.617, 17969, 21646, 27366, 32627, 27031, 29219, 29527, 28536, 33819, 22383, 0, 1, 98, 128, 250, 443, 722, 868, 1208, 1415, 2665, 322, 0, 0
17:18:03, 1020.70, 33.77, 36.51, 31.617, 9159, 10581, 15408, 21922, 33280, 35978, 35785, 34378, 36000, 31451, 1, 1, 104, 137, 268, 472, 774, 928, 1290, 1509, 2895, 355, 0, 0
17:18:04, 1031.90, 33.76, 36.53, 31.617, 11039, 13876, 16532, 26637, 25221, 27840, 28259, 26517, 33990, 13700, 0, 1, 82, 96, 189, 357, 596, 747, 1066, 1280, 2243, 254, 0, 0
17:18:04, 1040.20, 33.76, 36.49, 31.617, 4647, 4638, 7695, 15038, 23821, 24883, 28688, 31150, 34989, 8417, 0, 1, 64, 68, 131, 263, 514, 663, 969, 1180, 1994, 213, 0, 0
17:18:05, 1041.50, 33.75, 36.55, 31.609, 2519, 4152, 10739, 11238, 17720, 19178, 25891, 29733, 35606, 6780, 0, 1, 62, 66, 127, 254, 461, 601, 885, 1084, 1783, 191, 0, 0
17:18:06, 1052.10, 33.74, 36.51, 31.625, 2520, 4640, 8788, 13464, 14499, 17266, 24186, 25138, 36000, 5862, 1, 1, 50, 49, 90, 185, 380, 511, 777, 966, 1434, 148, 0, 0
17:18:06, 1066.00, 33.73, 36.51, 31.625, 1461, 2163, 4386, 7244, 12413, 14852, 24893, 24875, 32141, 4527, 0, 0, 35, 33, 55, 115, 247, 352, 560, 723, 1019, 101, 0, 0
17:18:07, 1075.80, 33.73, 36.51, 31.641, 1237, 1073, 1989, 4762, 6292, 10888, 12881, 12726, 23871, 2013, 0, 0, 27, 25, 38, 80, 185, 274, 453, 598, 820, 81, 0, 0
17:18:08, 1082.80, 33.72, 36.51, 31.656, 1074, 1093, 2098, 3994, 5234, 8393, 11059, 11981, 19833, 1632, 0, 0, 24, 21, 32, 66, 144, 218, 370, 496, 669, 65, 0, 0
17:18:08, 1090.30, 33.71, 36.51, 31.656, 811, 643, 1112, 2639, 6070, 7982, 12702, 16872, 16295, 1639, 0, 0, 19, 17, 24, 49, 117, 181, 316, 429, 549, 53, 0, 0
17:18:09, 1097.50, 33.70, 36.55, 31.641, 522, 432, 763, 1880, 3230, 5052, 7226, 7928, 10399, 843, 0, 0, 15, 14, 18, 37, 96, 152, 273, 378, 463, 44, 0, 0
17:18:10, 1109.70, 33.69, 36.53, 31.625, 387, 330, 545, 1309, 3083, 4482, 9064, 10094, 12097, 1016, 0, 0, 12, 10, 13, 26, 66, 108, 202, 287, 338, 32, 0, 0
17:18:10, 1118.50, 33.68, 36.51, 31.625, 231, 244, 456, 757, 1639, 2560, 3967, 4934, 5084, 416, 0, 0, 9, 8, 10, 19, 50, 85, 164, 238, 271, 25, 0, 0
17:18:11, 1130.10, 33.68, 36.51, 31.602, 239, 197, 261, 620, 1311, 2179, 3517, 4367, 4155, 344, 0, 0, 7, 6, 7, 14, 38, 67, 133, 196, 212, 19, 0, 0
17:18:12, 1141.10, 33.67, 36.49, 31.586, 185, 145, 180, 417, 945, 1605, 2791, 3544, 3327, 272, 0, 0, 5, 5, 6, 10, 28, 50, 104, 158, 169, 15, 0, 0
17:18:12, 1149.80, 33.65, 36.51, 31.586, 122, 103, 124, 273, 610, 1043, 1820, 2498, 2168, 172, 0, 0, 4, 4, 5, 8, 22, 40, 85, 132, 138, 12, 0, 0
17:18:13, 1164.40, 33.64, 36.49, 31.570, 94, 80, 99, 202, 554, 1019, 1960, 2528, 2371, 188, 0, 0, 3, 2, 3, 5, 14, 27, 61, 97, 96, 8, 0, 0
17:18:14, 1175.30, 33.63, 36.49, 31.570, 58, 54, 62, 114, 286, 513, 982, 1458, 1207, 94, 0, 0, 2, 2, 2, 3, 10, 20, 48, 78, 76, 6, 0, 0
17:18:14, 1187.10, 33.62, 36.51, 31.570, 48, 44, 47, 83, 208, 386, 773, 1156, 899, 70, 0, 0, 1, 1, 2, 2, 7, 15, 37, 61, 59, 5, 0, 0
17:18:15, 1199.90, 33.60, 36.53, 31.578, 29, 28, 31, 49, 149, 279, 614, 927, 738, 58, 0, 0, 1, 1, 1, 2, 5, 10, 27, 46, 43, 3, 0, 0
17:18:16, 1210.30, 33.59, 36.49, 31.578, 22, 21, 22, 34, 99, 194, 436, 671, 575, 43, 0, 0, 0, 0, 1, 1, 3, 8, 21, 37, 34, 2, 0, 0
17:18:16, 1219.10, 33.57, 36.47, 31.578, 18, 17, 18, 26, 81, 163, 375, 585, 476, 37, 0, 0, 0, 0, 0, 1, 2, 6, 17, 31, 27, 2, 0, 0
17:18:17, 1226.20, 33.56, 36.49, 31.562, 13, 13, 14, 18, 62, 128, 300, 485, 389, 30, 0, 0, 0, 0, 0, 1, 2, 4, 14, 26, 23, 1, 0, 0
17:18:18, 1237.00, 33.55, 36.47, 31.555, 12, 11, 12, 16, 47, 96, 231, 383, 312, 24, 0, 0, 0, 0, 0, 0, 1, 3, 11, 21, 18, 1, 0, 0
17:18:18, 1246.10, 33.54, 36.51, 31.555, 8, 9, 9, 11, 35, 72, 180, 311, 224, 17, 0, 0, 0, 0, 0, 0, 1, 2, 9, 17, 14, 0, 0, 0
17:18:19, 1254.60, 33.52, 36.51, 31.547, 7, 7, 7, 8, 28, 59, 151, 261, 189, 15, 0, 0, 0, 0, 0, 0, 0, 2, 7, 14, 12, 0, 0, 0
17:18:20, 1260.40, 33.51, 36.49, 31.547, 5, 6, 6, 6, 22, 46, 122, 215, 164, 13, 0, 0, 0, 0, 0, 0, 0, 1, 6, 12, 10, 0, 0, 0
17:18:20, 1274.20, 33.50, 36.51, 31.547, 4, 5, 5, 5, 16, 34, 96, 171, 132, 10, 0, 0, 0, 0, 0, 0, 0, 1, 4, 9, 7, 0, 0, 0
17:18:21, 1288.00, 33.49, 36.49, 31.539, 3, 3, 4, 3, 10, 23, 65, 121, 93, 7, 0, 0, 0, 0, 0, 0, 0, 0, 3, 7, 5, 0, 0, 0
17:18:22, 1293.80, 33.48, 36.51, 31.547, 2, 3, 2, 2, 9, 19, 56, 109, 80, 6, 0, 0, 0, 0, 0, 0, 0, 0, 2, 6, 5, 0, 0, 0
17:18:22, 1303.90, 33.47, 36.47, 31.547, 2, 2, 3, 2, 7, 16, 47, 91, 67, 5, 0, 0, 0, 0, 0, 0, 0, 0, 2, 5, 4, 0, 0, 0
17:18:23, 1316.20, 33.46, 36.47, 31.531, 1, 2, 2, 1, 5, 10, 32, 64, 45, 4, 0, 0, 0, 0, 0, 0, 0, 0, 1, 3, 3, 0, 0, 0
17:18:24, 1327.50, 33.45, 36.51, 31.539, 1, 1, 1, 1, 3, 8, 25, 49, 32, 3, 0, 0, 0, 0, 0, 0, 0, 0, 1, 3, 2, 0, 0, 0
17:18:24, 1339.50, 33.44, 36.51, 31.539, 1, 1, 1, 1, 2, 6, 19, 39, 26, 2, 0, 0, 0, 0, 0, 0, 0, 0, 0, 2, 1, 0, 0, 0
17:18:25, 1352.90, 33.42, 36.47, 31.531, 0, 1, 1, 0, 1, 4, 14, 28, 19, 2, 0, 0, 0, 0, 0, 0, 0, 0, 0, 1, 1, 0, 0, 0
17:18:26, 1363.60, 33.41, 36.45, 31.539, 0, 1, 1, 0, 1, 3, 10, 21, 14, 1, 0, 0, 0, 0, 0, 0, 0, 0, 0, 1, 0, 0, 0, 0
17:18:26, 1379.20, 33.40, 36.47, 31.539, 0, 1, 1, 0, 1, 2, 8, 16, 12, 1, 0, 0, 0, 0, 0, 0, 0, 0, 0, 0, 0, 0, 0, 0
17:18:27, 1388.20, 33.40, 36.49, 31.531, 0, 0, 1, 0, 0, 1, 6, 12, 8, 1, 0, 0, 0, 0, 0, 0, 0, 0, 0, 0, 0, 0, 0, 0
17:18:28, 1393.70, 33.39, 36.49, 31.531, 0, 0, 1, 0, 0, 1, 5, 10, 6, 1, 0, 0, 0, 0, 0, 0, 0, 0, 0, 0, 0, 0, 0, 0
17:18:28, 1399.50, 33.38, 36.51, 31.531, 0, 0, 1, 0, 0, 1, 4, 9, 5, 1, 0, 0, 0, 0, 0, 0, 0, 0, 0, 0, 0, 0, 0, 0
17:18:29, 1401.40, 33.37, 36.47, 31.531, 0, 0, 1, 0, 0, 1, 4, 8, 5, 1, 0, 0, 0, 0, 0, 0, 0, 0, 0, 0, 0, 0, 0, 0
17:18:30, 1405.60, 33.36, 36.49, 31.531, 0, 0, 1, 0, 0, 1, 3, 7, 4, 1, 0, 0, 0, 0, 0, 0, 0, 0, 0, 0, 0, 0, 0, 0
17:18:30, 1410.90, 33.36, 36.45, 31.531, 0, 0, 1, 0, 0, 1, 3, 6, 4, 1, 0, 0, 0, 0, 0, 0, 0, 0, 0, 0, 0, 0, 0, 0
17:18:31, 1419.80, 33.35, 36.47, 31.523, 0, 0, 0, 0, 0, 1, 2, 6, 3, 1, 0, 0, 0, 0, 0, 0, 0, 0, 0, 0, 0, 0, 0, 0
17:18:32, 1430.20, 33.34, 36.49, 31.523, 0, 0, 1, 0, 0, 1, 2, 4, 2, 0, 0, 0, 0, 0, 0, 0, 0, 0, 0, 0, 0, 0, 0, 0
17:18:32, 1441.10, 33.33, 36.47, 31.523, 0, 0, 0, 0, 0, 0, 1, 3, 2, 0, 0, 0, 0, 0, 0, 0, 0, 0, 0, 0, 0, 0, 0, 0
17:18:33, 1449.20, 33.32, 36.47, 31.523, 0, 0, 0, 0, 0, 0, 2, 2, 1, 0, 0, 0, 0, 0, 0, 0, 0, 0, 0, 0, 0, 0, 0, 0
17:18:34, 1453.90, 33.32, 36.49, 31.531, 0, 0, 0, 0, 0, 0, 1, 2, 1, 0, 0, 0, 0, 0, 0, 0, 0, 0, 0, 0, 0, 0, 0, 0
17:18:34, 1461.30, 33.30, 36.49, 31.531, 0, 0, 0, 0, 0, 0, 1, 2, 1, 0, 0, 0, 0, 0, 0, 0, 0, 0, 0, 0, 0, 0, 0, 0
17:18:35, 1471.20, 33.29, 36.43, 31.523, 0, 0, 0, 0, 0, 0, 1, 1, 1, 0, 0, 0, 0, 0, 0, 0, 0, 0, 0, 0, 0, 0, 0, 0
17:18:36, 1481.60, 33.29, 36.47, 31.523, 0, 0, 0, 0, 0, 0, 1, 1, 0, 0, 0, 0, 0, 0, 0, 0, 0, 0, 0, 0, 0, 0, 0, 0
17:18:36, 1492.40, 33.28, 36.49, 31.523, 0, 0, 0, 0, 0, 0, 1, 1, 0, 0, 0, 0, 0, 0, 0, 0, 0, 0, 0, 0, 0, 0, 0, 0
17:18:37, 1504.90, 33.27, 36.43, 31.523, 0, 0, 0, 0, 0, 0, 1, 0, 0, 0, 0, 0, 0, 0, 0, 0, 0, 0, 0, 0, 0, 0, 0, 0
17:18:38, 1513.30, 33.26, 36.49, 31.523, 0, 0, 0, 0, 0, 0, 1, 0, 0, 0, 0, 0, 0, 0, 0, 0, 0, 0, 0, 0, 0, 0, 0, 0
17:18:38, 1523.10, 33.25, 36.47, 31.523, 0, 0, 0, 0, 0, 0, 1, 0, 0, 0, 0, 0, 0, 0, 0, 0, 0, 0, 0, 0, 0, 0, 0, 0
17:18:39, 1530.50, 33.24, 36.49, 31.516, 0, 0, 0, 0, 0, 0, 1, 0, 0, 0, 0, 0, 0, 0, 0, 0, 0, 0, 0, 0, 0, 0, 0, 0
17:18:40, 1537.80, 33.23, 36.49, 31.523, 0, 0, 0, 0, 0, 0, 1, 0, 0, 0, 0, 0, 0, 0, 0, 0, 0, 0, 0, 0, 0, 0, 0, 0
17:18:40, 1546.30, 33.22, 36.49, 31.523, 0, 0, 0, 0, 0, 0, 0, 0, 0, 0, 0, 0, 0, 0, 0, 0, 0, 0, 0, 0, 0, 0, 0, 0
17:18:41, 1557.50, 33.21, 36.47, 31.516, 0, 0, 0, 0, 0, 0, 0, 0, 0, 0, 0, 0, 0, 0, 0, 0, 0, 0, 0, 0, 0, 0, 0, 0
17:18:42, 1564.60, 33.20, 36.41, 31.523, 0, 0, 0, 0, 0, 0, 0, 0, 0, 0, 0, 0, 0, 0, 0, 0, 0, 0, 0, 0, 0, 0, 0, 0
17:18:42, 1575.30, 33.20, 36.43, 31.523, 0, 0, 0, 0, 0, 0, 0, 0, 0, 0, 0, 0, 0, 0, 0, 0, 0, 0, 0, 0, 0, 0, 0, 0
17:18:43, 1587.30, 33.18, 36.45, 31.523, 0, 0, 0, 0, 0, 0, 0, 0, 0, 0, 0, 0, 0, 0, 0, 0, 0, 0, 0, 0, 0, 0, 0, 0
17:18:44, 1595.70, 33.18, 36.45, 31.523, 0, 0, 0, 0, 0, 0, 0, 0, 0, 0, 0, 0, 0, 0, 0, 0, 0, 0, 0, 0, 0, 0, 0, 0
17:18:44, 1606.10, 33.17, 36.43, 31.523, 0, 0, 0, 0, 0, 0, 0, 0, 0, 0, 0, 0, 0, 0, 0, 0, 0, 0, 0, 0, 0, 0, 0, 0
17:18:45, 1609.80, 33.16, 36.45, 31.523, 0, 0, 0, 0, 0, 0, 0, 0, 0, 0, 0, 0, 0, 0, 0, 0, 0, 0, 0, 0, 0, 0, 0, 0
17:18:46, 1613.20, 33.15, 36.43, 31.523, 0, 0, 0, 0, 0, 0, 0, 0, 0, 0, 0, 0, 0, 0, 0, 0, 0, 0, 0, 0, 0, 0, 0, 0
17:18:46, 1613.30, 33.15, 36.47, 31.508, 0, 0, 0, 0, 0, 0, 0, 0, 0, 0, 0, 0, 0, 0, 0, 0, 0, 0, 0, 0, 0, 0, 0, 0
17:18:47, 1613.10, 33.14, 36.47, 31.508, 0, 0, 0, 0, 0, 0, 0, 0, 0, 0, 0, 0, 0, 0, 0, 0, 0, 0, 0, 0, 0, 0, 0, 0
17:18:48, 1613.50, 33.13, 36.43, 31.508, 0, 0, 0, 0, 0, 0, 0, 0, 0, 0, 0, 0, 0, 0, 0, 0, 0, 0, 0, 0, 0, 0, 0, 0
17:18:48, 1610.70, 33.13, 36.47, 31.516, 0, 0, 0, 0, 0, 0, 0, 0, 0, 0, 0, 0, 0, 0, 0, 0, 0, 0, 0, 0, 0, 0, 0, 0
17:18:49, 1603.90, 33.12, 36.49, 31.516, 0, 0, 0, 0, 0, 0, 0, 0, 0, 0, 0, 0, 0, 0, 0, 0, 0, 0, 0, 0, 0, 0, 0, 0
17:18:50, 1597.60, 33.12, 36.45, 31.516, 0, 0, 0, 0, 0, 0, 0, 0, 0, 0, 0, 0, 0, 0, 0, 0, 0, 0, 0, 0, 0, 0, 0, 0
17:18:50, 1594.40, 33.11, 36.49, 31.516, 0, 0, 0, 0, 0, 0, 0, 0, 0, 0, 0, 0, 0, 0, 0, 0, 0, 0, 0, 0, 0, 0, 0, 0
17:18:51, 1589.60, 33.11, 36.47, 31.516, 0, 0, 0, 0, 0, 0, 0, 0, 0, 0, 0, 0, 0, 0, 0, 0, 0, 0, 0, 0, 0, 0, 0, 0
17:18:52, 1576.40, 33.11, 36.47, 31.516, 0, 0, 0, 0, 0, 0, 0, 0, 0, 0, 0, 0, 0, 0, 0, 0, 0, 0, 0, 0, 0, 0, 0, 0
17:18:52, 1564.40, 33.10, 36.47, 31.516, 0, 0, 0, 0, 0, 0, 0, 0, 0, 0, 0, 0, 0, 0, 0, 0, 0, 0, 0, 0, 0, 0, 0, 0
17:18:53, 1556.40, 33.10, 36.47, 31.516, 0, 0, 0, 0, 0, 0, 0, 0, 0, 0, 0, 0, 0, 0, 0, 0, 0, 0, 0, 0, 0, 0, 0, 0
17:18:54, 1546.90, 33.09, 36.47, 31.516, 0, 0, 0, 0, 0, 0, 0, 0, 0, 0, 0, 0, 0, 0, 0, 0, 0, 0, 0, 0, 0, 0, 0, 0
17:18:54, 1534.30, 33.09, 36.43, 31.508, 0, 0, 0, 0, 0, 0, 1, 0, 0, 0, 0, 0, 0, 0, 0, 0, 0, 0, 0, 0, 0, 0, 0, 0
17:18:55, 1525.80, 33.09, 36.43, 31.516, 0, 0, 0, 0, 0, 0, 1, 0, 0, 0, 0, 0, 0, 0, 0, 0, 0, 0, 0, 0, 0, 0, 0, 0
17:18:56, 1518.00, 33.09, 36.43, 31.516, 0, 0, 0, 0, 0, 0, 1, 0, 0, 0, 0, 0, 0, 0, 0, 0, 0, 0, 0, 0, 0, 0, 0, 0
17:18:56, 1507.80, 33.09, 36.43, 31.508, 0, 0, 0, 0, 0, 0, 1, 0, 0, 0, 0, 0, 0, 0, 0, 0, 0, 0, 0, 0, 0, 0, 0, 0
17:18:57, 1499.50, 33.08, 36.45, 31.508, 0, 0, 0, 0, 0, 0, 1, 0, 0, 0, 0, 0, 0, 0, 0, 0, 0, 0, 0, 0, 0, 0, 0, 0
17:18:58, 1491.50, 33.08, 36.45, 31.508, 0, 0, 0, 0, 0, 0, 1, 0, 0, 0, 0, 0, 0, 0, 0, 0, 0, 0, 0, 0, 0, 0, 0, 0
17:18:58, 1482.10, 33.08, 36.41, 31.508, 0, 0, 0, 0, 0, 0, 0, 0, 0, 0, 0, 0, 0, 0, 0, 0, 0, 0, 0, 0, 0, 0, 0, 0
17:18:59, 1473.50, 33.08, 36.45, 31.508, 0, 0, 0, 0, 0, 0, 1, 1, 0, 0, 0, 0, 0, 0, 0, 0, 0, 0, 0, 0, 0, 0, 0, 0
17:18:59, 1466.90, 33.08, 36.43, 31.508, 0, 0, 0, 0, 0, 0, 1, 1, 0, 0, 0, 0, 0, 0, 0, 0, 0, 0, 0, 0, 0, 0, 0, 0
17:19:00, 1457.90, 33.08, 36.45, 31.508, 0, 0, 0, 0, 0, 0, 0, 1, 0, 0, 0, 0, 0, 0, 0, 0, 0, 0, 0, 0, 0, 0, 0, 0
17:19:01, 1445.60, 33.07, 36.43, 31.508, 0, 0, 0, 0, 0, 0, 0, 2, 1, 0, 0, 0, 0, 0, 0, 0, 0, 0, 0, 0, 0, 0, 0, 0
17:19:01, 1438.30, 33.07, 36.43, 31.508, 0, 0, 0, 0, 0, 0, 2, 3, 1, 0, 0, 0, 0, 0, 0, 0, 0, 0, 0, 0, 0, 0, 0, 0
17:19:02, 1426.40, 33.07, 36.45, 31.508, 0, 0, 0, 0, 0, 0, 2, 3, 2, 0, 0, 0, 0, 0, 0, 0, 0, 0, 0, 0, 0, 0, 0, 0
17:19:03, 1414.20, 33.07, 36.41, 31.516, 0, 0, 0, 0, 0, 1, 2, 4, 3, 1, 0, 0, 0, 0, 0, 0, 0, 0, 0, 0, 0, 0, 0, 0
17:19:03, 1407.20, 33.07, 36.49, 31.516, 0, 0, 0, 0, 0, 1, 2, 6, 4, 1, 0, 0, 0, 0, 0, 0, 0, 0, 0, 0, 0, 0, 0, 0
17:19:04, 1396.30, 33.07, 36.41, 31.516, 0, 0, 0, 0, 0, 1, 3, 6, 4, 1, 0, 0, 0, 0, 0, 0, 0, 0, 0, 0, 0, 0, 0, 0
17:19:05, 1386.30, 33.07, 36.43, 31.508, 0, 0, 1, 0, 0, 1, 3, 8, 6, 1, 0, 0, 0, 0, 0, 0, 0, 0, 0, 0, 0, 0, 0, 0
17:19:05, 1377.10, 33.07, 36.45, 31.508, 0, 0, 1, 0, 0, 1, 5, 10, 7, 1, 0, 0, 0, 0, 0, 0, 0, 0, 0, 1, 0, 0, 0, 0
17:19:06, 1370.00, 33.06, 36.45, 31.508, 0, 0, 0, 0, 0, 2, 5, 13, 8, 1, 0, 0, 0, 0, 0, 0, 0, 0, 0, 1, 0, 0, 0, 0
17:19:07, 1360.70, 33.06, 36.39, 31.516, 0, 1, 1, 0, 1, 2, 7, 15, 9, 1, 0, 0, 0, 0, 0, 0, 0, 0, 0, 1, 1, 0, 0, 0
17:19:07, 1351.90, 33.06, 36.45, 31.516, 0, 1, 1, 0, 1, 2, 7, 19, 11, 1, 0, 0, 0, 0, 0, 0, 0, 0, 0, 1, 1, 0, 0, 0
17:19:08, 1340.40, 33.06, 36.41, 31.508, 0, 1, 0, 0, 1, 3, 10, 23, 15, 1, 0, 0, 0, 0, 0, 0, 0, 0, 0, 2, 1, 0, 0, 0
17:19:09, 1331.50, 33.06, 36.41, 31.523, 0, 1, 1, 0, 2, 4, 14, 30, 21, 2, 0, 0, 0, 0, 0, 0, 0, 0, 1, 2, 2, 0, 0, 0
17:19:09, 1321.50, 33.06, 36.43, 31.523, 1, 1, 1, 0, 2, 5, 16, 37, 24, 2, 0, 0, 0, 0, 0, 0, 0, 0, 1, 3, 2, 0, 0, 0
17:19:10, 1305.80, 33.06, 36.41, 31.508, 1, 1, 2, 1, 3, 7, 23, 50, 31, 3, 0, 0, 0, 0, 0, 0, 0, 0, 2, 4, 3, 0, 0, 0
17:19:11, 1292.70, 33.06, 36.43, 31.523, 1, 2, 2, 1, 5, 12, 36, 75, 43, 4, 0, 0, 0, 0, 0, 0, 0, 0, 2, 6, 4, 0, 0, 0
17:19:11, 1282.00, 33.06, 36.43, 31.523, 2, 3, 2, 2, 8, 17, 52, 102, 58, 5, 0, 0, 0, 0, 0, 0, 0, 0, 3, 7, 6, 0, 0, 0
17:19:12, 1273.70, 33.06, 36.47, 31.516, 3, 3, 3, 3, 10, 22, 64, 123, 72, 6, 0, 0, 0, 0, 0, 0, 0, 1, 4, 9, 7, 0, 0, 0
17:19:13, 1255.60, 33.06, 36.43, 31.523, 3, 4, 4, 4, 15, 30, 86, 165, 89, 7, 0, 0, 0, 0, 0, 0, 0, 1, 6, 13, 10, 0, 0, 0
17:19:13, 1242.60, 33.06, 36.43, 31.523, 5, 6, 5, 7, 23, 45, 120, 233, 134, 10, 0, 0, 0, 0, 0, 0, 1, 2, 9, 18, 14, 0, 0, 0
17:19:14, 1233.80, 33.06, 36.43, 31.523, 7, 8, 9, 10, 32, 62, 165, 299, 170, 13, 0, 0, 0, 0, 0, 0, 1, 3, 11, 21, 18, 1, 0, 0
17:19:15, 1223.00, 33.06, 36.45, 31.531, 9, 10, 10, 12, 40, 74, 185, 348, 200, 15, 0, 0, 0, 0, 0, 1, 2, 5, 15, 27, 23, 1, 0, 0
17:19:15, 1211.70, 33.06, 36.41, 31.531, 11, 11, 12, 15, 49, 92, 212, 399, 322, 23, 0, 0, 0, 0, 0, 1, 3, 7, 20, 36, 34, 2, 0, 0
17:19:16, 1202.50, 33.06, 36.43, 31.523, 15, 17, 18, 23, 82, 150, 330, 619, 593, 46, 0, 0, 0, 0, 1, 1, 4, 10, 26, 46, 44, 3, 0, 0
17:19:17, 1191.20, 33.06, 36.43, 31.516, 23, 25, 26, 39, 100, 182, 388, 705, 738, 59, 0, 0, 1, 1, 1, 2, 7, 14, 37, 62, 61, 5, 0, 0
17:19:17, 1180.70, 33.06, 36.43, 31.516, 23, 26, 28, 42, 150, 274, 553, 1049, 1258, 103, 0, 0, 2, 1, 2, 3, 10, 20, 48, 80, 82, 6, 0, 0
17:19:18, 1168.60, 33.05, 36.43, 31.508, 37, 42, 45, 70, 206, 365, 703, 1262, 1577, 126, 0, 0, 2, 2, 3, 4, 14, 26, 61, 99, 104, 8, 0, 0
17:19:19, 1157.00, 33.05, 36.43, 31.508, 41, 47, 51, 86, 250, 421, 838, 1410, 1834, 152, 0, 0, 4, 3, 4, 6, 20, 38, 83, 131, 142, 12, 0, 0
17:19:19, 1147.40, 33.06, 36.43, 31.508, 50, 64, 63, 122, 305, 502, 966, 1522, 2141, 177, 0, 0, 5, 4, 5, 8, 25, 46, 100, 154, 171, 14, 0, 0
17:19:20, 1140.00, 33.05, 36.41, 31.500, 50, 45, 49, 111, 319, 624, 1110, 1552, 2257, 141, 0, 0, 6, 5, 6, 10, 31, 55, 115, 175, 192, 17, 0, 0
17:19:21, 1129.30, 33.05, 36.43, 31.500, 84, 63, 74, 161, 342, 673, 1142, 1485, 1977, 137, 0, 0, 8, 7, 8, 15, 44, 77, 155, 228, 259, 23, 0, 0
17:19:21, 1119.90, 33.06, 36.41, 31.500, 116, 118, 141, 273, 699, 1072, 1807, 2817, 3165, 208, 0, 0, 9, 8, 10, 19, 56, 96, 187, 271, 305, 28, 0, 0
17:19:22, 1110.80, 33.06, 36.43, 31.500, 149, 145, 186, 367, 1001, 1474, 2450, 3783, 3240, 220, 0, 0, 11, 10, 13, 24, 70, 116, 219, 312, 358, 34, 0, 0
17:19:23, 1100.20, 33.06, 36.41, 31.508, 240, 277, 332, 650, 1889, 2487, 4026, 6498, 4270, 309, 0, 0, 15, 13, 17, 33, 94, 151, 273, 380, 445, 42, 0, 0
17:19:24, 1085.50, 33.06, 36.43, 31.508, 306, 373, 512, 1040, 2208, 3102, 4682, 7193, 5035, 374, 0, 0, 21, 19, 27, 54, 151, 231, 398, 534, 693, 68, 0, 0
17:19:24, 1076.00, 33.06, 36.41, 31.516, 559, 638, 966, 1795, 2768, 3666, 5403, 7591, 9806, 650, 0, 0, 30, 27, 43, 90, 209, 307, 507, 663, 952, 92, 0, 0
17:19:25, 1070.80, 33.06, 36.41, 31.531, 629, 800, 1547, 2726, 6354, 8272, 10165, 17662, 25408, 2907, 0, 0, 34, 31, 51, 108, 260, 372, 599, 769, 1155, 108, 0, 0
17:19:26, 1058.10, 33.07, 36.43, 31.531, 649, 1075, 1552, 3184, 4397, 5437, 9009, 8900, 27378, 3669, 0, 0, 50, 51, 91, 192, 415, 562, 861, 1069, 1749, 165, 0, 0
17:19:26, 1044.60, 33.07, 36.45, 31.555, 869, 1568, 2233, 4612, 7999, 10178, 14145, 17283, 34712, 8045, 0, 1, 69, 76, 146, 294, 541, 704, 1041, 1263, 2236, 231, 0, 0
17:19:27, 1033.70, 33.07, 36.41, 31.570, 2566, 5295, 9222, 11909, 13785, 15954, 20159, 28286, 36000, 12329, 1, 1, 86, 103, 203, 389, 700, 871, 1246, 1479, 2866, 310, 0, 0
17:19:28, 1022.20, 33.08, 36.39, 31.570, 3360, 6752, 11484, 12954, 18531, 20178, 24198, 30131, 36000, 23507, 1, 1, 116, 158, 313, 550, 877, 1045, 1430, 1664, 3533, 409, 0, 0
17:19:28, 1018.30, 33.08, 36.41, 31.570, 11738, 19073, 30490, 28640, 36000, 36000, 36000, 36000, 36000, 36000, 1, 1, 124, 169, 327, 541, 858, 1033, 1373, 1610, 3420, 422, 0, 0
17:19:29, 1016.80, 33.08, 36.41, 31.586, 13694, 23516, 31950, 35724, 36000, 36000, 36000, 36000, 36000, 36000, 1, 1, 128, 179, 340, 573, 888, 1052, 1409, 1633, 3776, 474, 0, 0
17:19:30, 1015.60, 33.08, 36.43, 31.586, 13486, 23761, 33184, 36000, 36000, 36000, 36000, 36000, 36000, 36000, 1, 1, 155, 226, 428, 703, 1186, 1359, 1809, 2060, 4974, 624, 0, 0
17:19:30, 1018.10, 33.09, 36.39, 31.586, 14056, 22751, 35283, 36000, 36000, 36000, 36000, 36000, 36000, 36000, 1, 1, 169, 249, 472, 776, 1161, 1351, 1812, 2074, 4936, 591, 0, 0
17:19:31, 1014.90, 33.09, 36.41, 31.594, 12214, 18251, 23073, 28673, 31068, 35969, 36000, 36000, 36000, 35996, 1, 1, 158, 227, 439, 735, 1058, 1242, 1666, 1923, 4489, 539, 0, 0
17:19:32, 1014.30, 33.09, 36.41, 31.594, 14375, 21342, 33559, 36000, 36000, 36000, 36000, 36000, 36000, 36000, 1, 1, 2916, 4470, 6239, 8169, 20038, 21036, 25262, 26785, 36000, 29341, 1, 1
17:19:32, 1014.10, 33.09, 36.43, 31.562, 11455, 20512, 30831, 36000, 36000, 33770, 36000, 34958, 36000, 36000, 1, 1, 5028, 7668, 11493, 13188, 12206, 13089, 15101, 17838, 36000, 18986, 1, 1
