Secchi Depth (cm) = 9999
Forel Ule Scale = 99
pH Colour Scale = 99
SensingSecchi S/N = A017
Latitude (degs N) = 34.19262
Longitude (degs E) = -77.95740
Date = 2026-07-02
Time (UTC), Pressure (mbar) MS5803, Temp (deg C) MS5803, Temp (deg C) 10KTHERM, Temp (deg C) TMP117, ED 415nm, ED 445nm, ED 480nm, ED 515nm, ED 555nm, ED 590nm, ED 630nm, ED 680nm, ED Clear, ED NIR, ED D-SAT, ED A-SAT, EU 415nm, EU 445nm, EU 480nm, EU 515nm, EU 555nm, EU 590nm, EU 630nm, EU 680nm, EU Clear, EU NIR, EU D-SAT, EU A-SAT
17:27:02, 1010.60, 30.69, 32.97, 29.000, 2177, 2965, 4011, 5025, 4992, 5819, 6542, 6586, 26765, 9636, 0, 0, 11111, 15942, 22775, 28801, 32637, 36000, 36000, 36000, 36000, 36000, 1, 1
17:27:02, 1010.40, 30.69, 32.98, 29.000, 2108, 2850, 3886, 4793, 6494, 8061, 8885, 8748, 34611, 12302, 0, 1, 13390, 19862, 27987, 33905, 36000, 36000, 36000, 36000, 36000, 36000, 1, 1
17:27:03, 1010.30, 30.69, 32.98, 29.000, 3212, 5198, 6652, 10096, 11505, 11810, 18417, 14027, 34590, 11100, 0, 1, 19439, 27900, 36000, 36000, 36000, 36000, 36000, 36000, 36000, 36000, 1, 1
17:27:04, 1010.20, 30.70, 32.97, 28.922, 10652, 17238, 26326, 27028, 35027, 36000, 36000, 36000, 36000, 31185, 1, 1, 18485, 31660, 36000, 36000, 36000, 36000, 36000, 36000, 36000, 36000, 1, 1
17:27:04, 1010.20, 30.70, 32.97, 28.922, 9973, 17730, 24572, 27342, 36000, 36000, 36000, 36000, 36000, 36000, 1, 1, 18782, 30443, 35739, 36000, 32265, 35380, 36000, 36000, 36000, 35840, 1, 1
17:27:05, 1010.20, 30.70, 33.02, 28.789, 7221, 13318, 17005, 21263, 32761, 34384, 35901, 36000, 36000, 36000, 1, 1, 4454, 6517, 10318, 12821, 30282, 31191, 32945, 32893, 36000, 32048, 1, 1
17:27:06, 1010.10, 30.70, 32.98, 28.703, 13073, 21050, 29550, 35999, 36000, 36000, 36000, 36000, 36000, 36000, 1, 1, 3462, 6164, 8415, 12521, 9790, 9940, 12088, 11537, 34584, 12419, 0, 1
17:27:06, 1014.80, 30.70, 33.00, 28.703, 8136, 15088, 19879, 23273, 28865, 30779, 33980, 36000, 36000, 36000, 1, 1, 321, 437, 903, 1714, 3111, 3538, 3827, 3566, 8634, 837, 0, 0
17:27:07, 1019.70, 30.70, 32.98, 28.969, 10521, 18677, 26077, 29298, 36000, 36000, 36000, 36000, 36000, 36000, 1, 1, 312, 432, 886, 1666, 3159, 3583, 3886, 3654, 9033, 855, 0, 0
17:27:08, 1020.50, 30.70, 32.98, 29.797, 14292, 20819, 25761, 27506, 32027, 31639, 34283, 35004, 36000, 31946, 1, 1, 272, 363, 757, 1445, 2845, 3258, 3499, 3289, 7556, 725, 0, 0
17:27:08, 1021.90, 30.70, 33.00, 29.797, 18435, 27657, 32768, 34308, 24616, 25239, 26927, 26312, 34324, 20623, 0, 1, 240, 308, 654, 1292, 2588, 2990, 3190, 2992, 6276, 586, 0, 0
17:27:09, 1020.70, 30.71, 33.06, 30.187, 10220, 15626, 18972, 22265, 22138, 28527, 25276, 32703, 27446, 5222, 0, 1, 278, 366, 779, 1539, 2841, 3271, 3523, 3240, 6148, 553, 0, 0
17:27:10, 1024.80, 30.73, 33.04, 30.430, 6947, 13932, 14366, 24832, 30035, 32838, 32998, 36000, 17940, 3778, 1, 1, 272, 348, 747, 1513, 2869, 3306, 3559, 3246, 6549, 603, 0, 0
17:27:10, 1028.40, 30.74, 32.97, 30.430, 5808, 11256, 26310, 20025, 29000, 24804, 29072, 35476, 36000, 17352, 1, 1, 285, 371, 794, 1567, 2798, 3221, 3468, 3198, 7065, 654, 0, 0
17:27:11, 1025.90, 30.76, 32.98, 30.555, 4148, 6720, 9160, 12887, 7669, 8380, 9501, 11751, 10337, 1465, 0, 0, 297, 368, 805, 1641, 3222, 3727, 3997, 3665, 6963, 621, 0, 0
17:27:12, 1025.90, 30.77, 32.97, 30.656, 4931, 5251, 9703, 9415, 23030, 26384, 18141, 32297, 18481, 3665, 0, 0, 269, 336, 731, 1484, 2697, 3133, 3357, 3063, 5967, 542, 0, 0
17:27:12, 1028.70, 30.79, 32.98, 30.656, 8929, 11912, 17193, 22692, 21001, 19107, 23181, 32616, 36000, 17361, 1, 1, 266, 360, 757, 1457, 2501, 2889, 3088, 2860, 5695, 517, 0, 0
17:27:13, 1024.50, 30.80, 33.00, 30.687, 3995, 4220, 7586, 8257, 5800, 9354, 6501, 8672, 13566, 2969, 0, 0, 344, 450, 958, 1871, 3441, 3932, 4258, 3973, 7329, 662, 0, 0
17:27:14, 1020.80, 30.82, 32.98, 30.727, 4883, 9570, 12126, 15561, 21457, 22524, 25636, 32710, 15245, 2942, 0, 1, 271, 353, 759, 1519, 2918, 3342, 3613, 3323, 6062, 535, 0, 0
17:27:14, 1025.80, 30.84, 32.98, 30.727, 11684, 20502, 29301, 29607, 15548, 11689, 16814, 21239, 15142, 2591, 0, 0, 290, 376, 808, 1619, 2966, 3400, 3663, 3366, 7148, 659, 0, 0
17:27:15, 1022.10, 30.85, 33.00, 30.734, 5462, 8892, 15611, 16327, 23336, 26146, 25531, 29084, 25694, 4652, 0, 0, 289, 366, 794, 1611, 3424, 3937, 4241, 3900, 7068, 616, 0, 0
17:27:16, 1021.30, 30.86, 33.04, 30.758, 4587, 4593, 9238, 6825, 19298, 23962, 24099, 26615, 15608, 3017, 0, 0, 295, 378, 816, 1636, 3020, 3483, 3739, 3416, 6602, 595, 0, 0
17:27:16, 1023.70, 30.87, 33.02, 30.758, 4533, 4014, 8279, 7733, 7411, 12360, 6920, 11598, 13713, 3230, 0, 0, 313, 403, 868, 1719, 3088, 3564, 3826, 3512, 6759, 603, 0, 0
17:27:17, 1021.90, 30.89, 33.00, 30.766, 5218, 9138, 12553, 15767, 17527, 17353, 14980, 23717, 12328, 2549, 0, 0, 310, 397, 858, 1715, 3210, 3688, 3972, 3648, 6721, 592, 0, 0
17:27:18, 1022.80, 30.90, 33.00, 30.781, 6532, 8536, 17106, 13645, 16135, 10281, 18310, 18163, 12866, 2596, 0, 0, 314, 412, 879, 1753, 3225, 3698, 3986, 3638, 7083, 635, 0, 0
17:27:18, 1021.20, 30.91, 32.98, 30.781, 2743, 4641, 6633, 10069, 5718, 5179, 7584, 6263, 10378, 2221, 0, 0, 337, 446, 949, 1869, 3177, 3652, 3930, 3591, 6795, 604, 0, 0
17:27:19, 1021.60, 30.92, 32.97, 30.781, 8971, 7693, 14449, 11280, 14647, 18109, 12083, 20001, 15419, 5216, 0, 0, 347, 452, 973, 1903, 3447, 3942, 4254, 3945, 7888, 726, 0, 0
17:27:20, 1022.10, 30.93, 33.00, 30.797, 5462, 3127, 6204, 6800, 5662, 10706, 6407, 8915, 14493, 3036, 0, 0, 318, 412, 888, 1747, 3211, 3691, 3968, 3661, 7460, 689, 0, 0
17:27:20, 1021.30, 30.94, 33.02, 30.797, 4116, 2770, 5176, 6320, 6030, 15139, 7294, 11616, 13226, 2809, 0, 0, 326, 432, 916, 1767, 3066, 3522, 3793, 3511, 6925, 639, 0, 0
17:27:21, 1027.10, 30.96, 32.97, 30.789, 5392, 9829, 12228, 16512, 18937, 19983, 25453, 24448, 30930, 6100, 0, 0, 289, 389, 828, 1616, 3173, 3614, 3886, 3636, 7440, 684, 0, 0
17:27:22, 1019.10, 30.96, 33.00, 30.797, 4777, 4665, 8744, 8610, 3169, 3819, 3487, 4168, 8083, 2338, 0, 0, 400, 545, 1129, 2125, 3397, 3873, 4185, 3893, 7202, 649, 0, 0
17:27:22, 1019.60, 30.97, 33.00, 30.797, 3953, 3749, 7458, 5907, 6948, 7102, 7371, 9429, 9104, 1509, 0, 0, 334, 436, 933, 1838, 3357, 3845, 4142, 3818, 7051, 625, 0, 0
17:27:23, 1020.80, 30.98, 33.00, 30.789, 1068, 1642, 2380, 2586, 2699, 2613, 2895, 3001, 6600, 952, 0, 0, 326, 421, 905, 1809, 3460, 3970, 4268, 3924, 7255, 638, 0, 0
17:27:24, 1021.30, 31.00, 32.98, 30.805, 5310, 3577, 7497, 6101, 6490, 8536, 6861, 9127, 13979, 3604, 0, 0, 324, 422, 900, 1755, 3070, 3537, 3799, 3485, 6923, 634, 0, 0
17:27:24, 1023.70, 31.01, 33.00, 30.805, 8029, 11847, 16923, 18280, 22621, 20161, 23931, 27018, 17663, 3340, 0, 0, 288, 366, 798, 1606, 3075, 3544, 3814, 3497, 6905, 622, 0, 0
17:27:25, 1025.00, 31.02, 33.00, 30.805, 3439, 2639, 4912, 5007, 4448, 5023, 4557, 5756, 8529, 1627, 0, 0, 300, 377, 821, 1661, 3173, 3667, 3941, 3592, 6684, 584, 0, 0
17:27:26, 1020.60, 31.03, 33.02, 30.805, 1160, 1806, 2867, 3233, 5704, 4509, 6004, 5936, 8561, 1183, 0, 0, 309, 401, 862, 1711, 3146, 3606, 3888, 3559, 6626, 584, 0, 0
17:27:26, 1022.40, 31.03, 32.98, 30.805, 3608, 8006, 9702, 16422, 10908, 6927, 22133, 9444, 14564, 2792, 0, 0, 345, 456, 978, 1933, 3568, 4088, 4398, 4044, 7473, 652, 0, 0
17:27:27, 1020.70, 31.04, 32.97, 30.797, 2297, 2525, 4665, 4236, 9582, 10181, 7553, 12246, 11021, 2392, 0, 0, 315, 406, 869, 1707, 3170, 3646, 3920, 3599, 7106, 653, 0, 0
17:27:28, 1019.00, 31.05, 33.00, 30.797, 4913, 2760, 4855, 6045, 4544, 6713, 5599, 6590, 14009, 3240, 0, 0, 372, 505, 1058, 2007, 3597, 4081, 4425, 4128, 8966, 874, 0, 0
17:27:28, 1026.50, 31.05, 32.98, 30.797, 5174, 4546, 6775, 12435, 19016, 21332, 22501, 24986, 29551, 6077, 0, 0, 272, 351, 759, 1497, 2655, 3079, 3286, 3033, 6248, 571, 0, 0
17:27:29, 1022.80, 31.06, 33.02, 30.781, 8497, 16579, 22130, 26841, 25546, 25721, 25674, 29643, 22233, 4224, 0, 0, 320, 415, 889, 1751, 3630, 4133, 4492, 4168, 7827, 716, 0, 0
17:27:29, 1022.60, 31.07, 33.00, 30.797, 3004, 2844, 5383, 5098, 12315, 14150, 14924, 18011, 15343, 2427, 0, 0, 273, 349, 760, 1528, 2924, 3361, 3623, 3317, 6259, 556, 0, 0
17:27:30, 1023.60, 31.08, 32.98, 30.797, 7584, 7781, 14942, 11880, 9011, 8281, 7430, 9317, 11942, 2535, 0, 0, 312, 400, 864, 1727, 3450, 3965, 4267, 3906, 7066, 609, 0, 0
17:27:31, 1020.10, 31.09, 32.98, 30.797, 4540, 7786, 11133, 14590, 10091, 9793, 10025, 12641, 12717, 2137, 0, 0, 339, 440, 942, 1839, 3316, 3803, 4098, 3779, 7095, 634, 0, 0
17:27:31, 1021.40, 31.10, 32.98, 30.805, 8104, 6199, 13480, 9916, 10716, 15666, 7481, 15455, 13237, 3321, 0, 0, 330, 426, 917, 1810, 3413, 3917, 4213, 3864, 7426, 663, 0, 0
17:27:32, 1022.10, 31.10, 32.97, 30.805, 5527, 9597, 12821, 15151, 25707, 27441, 29008, 32204, 19144, 4049, 0, 0, 280, 352, 768, 1551, 3295, 3788, 4079, 3748, 7185, 648, 0, 0
17:27:33, 1021.80, 31.11, 33.00, 30.797, 6610, 3725, 8409, 6623, 9274, 11546, 7038, 12298, 11822, 2561, 0, 0, 323, 418, 895, 1771, 3308, 3803, 4091, 3733, 6946, 612, 0, 0
17:27:33, 1021.90, 31.12, 32.98, 30.789, 1594, 2433, 4350, 4272, 8990, 5526, 10520, 8204, 7936, 1491, 0, 0, 336, 438, 943, 1869, 3344, 3839, 4138, 3778, 7061, 620, 0, 0
17:27:34, 1019.90, 31.12, 33.00, 30.789, 2507, 2616, 4679, 3998, 12207, 11354, 11136, 14535, 9419, 2352, 0, 0, 322, 416, 887, 1741, 3143, 3615, 3886, 3543, 6957, 641, 0, 0
17:27:35, 1024.50, 31.13, 33.04, 30.789, 5257, 6550, 10167, 11984, 18178, 17724, 19660, 24250, 24624, 4094, 0, 0, 274, 345, 752, 1502, 2868, 3314, 3553, 3247, 6575, 604, 0, 0
17:27:35, 1025.70, 31.13, 33.02, 30.789, 3054, 2852, 4652, 5558, 3857, 4596, 4273, 5093, 9964, 2154, 0, 0, 335, 436, 939, 1848, 3231, 3715, 4012, 3678, 6945, 613, 0, 0
17:27:36, 1028.30, 31.14, 33.02, 30.805, 4873, 4842, 9232, 8222, 8386, 8750, 9785, 13450, 10299, 1489, 0, 0, 266, 335, 737, 1508, 2816, 3249, 3504, 3177, 6220, 553, 0, 0
17:27:37, 1019.60, 31.15, 32.97, 30.797, 1811, 3217, 4613, 6121, 9978, 9193, 9106, 11225, 11201, 2159, 0, 0, 292, 377, 808, 1606, 3004, 3458, 3722, 3389, 6433, 577, 0, 0
17:27:37, 1024.40, 31.15, 33.00, 30.797, 5633, 3894, 9744, 6009, 17327, 18950, 20399, 23492, 16898, 3293, 0, 0, 277, 351, 766, 1547, 2867, 3312, 3559, 3236, 6380, 576, 0, 0
17:27:38, 1021.20, 31.16, 33.00, 30.797, 1131, 1426, 2255, 2568, 3396, 4064, 3690, 4521, 7928, 2231, 0, 0, 359, 473, 1008, 1950, 3550, 4054, 4382, 4043, 7781, 707, 0, 0
17:27:39, 1022.70, 31.16, 32.98, 30.797, 3551, 2894, 6539, 4696, 10211, 8887, 10139, 11564, 9818, 1802, 0, 0, 306, 393, 852, 1705, 3273, 3764, 4054, 3704, 6844, 598, 0, 0
17:27:39, 1023.60, 31.17, 32.97, 30.797, 1562, 2238, 3838, 3667, 17019, 13200, 18379, 17533, 11239, 2679, 0, 0, 312, 402, 871, 1747, 3146, 3622, 3902, 3545, 6728, 591, 0, 0
17:27:40, 1027.30, 31.17, 33.02, 30.805, 4677, 5244, 9611, 8396, 19577, 21310, 14416, 26665, 13700, 2974, 0, 0, 291, 371, 810, 1621, 3057, 3526, 3800, 3477, 6666, 592, 0, 0
17:27:41, 1027.40, 31.18, 33.02, 30.805, 1645, 1785, 3046, 3448, 7576, 12090, 7936, 11854, 14491, 3747, 0, 0, 292, 368, 809, 1633, 2953, 3411, 3678, 3342, 6505, 581, 0, 0
17:27:41, 1025.60, 31.18, 33.02, 30.805, 2038, 4089, 5635, 8607, 14022, 14816, 18963, 23324, 27352, 4180, 0, 0, 270, 344, 747, 1499, 2949, 3407, 3670, 3341, 6316, 560, 0, 0
17:27:42, 1028.60, 31.19, 32.98, 30.797, 8078, 8493, 15939, 13965, 32730, 33399, 34946, 35475, 24506, 4489, 0, 1, 266, 338, 739, 1497, 2764, 3191, 3443, 3142, 6409, 581, 0, 0
17:27:43, 1026.90, 31.19, 33.00, 30.805, 3959, 4750, 8488, 8463, 7359, 9422, 6765, 10444, 11329, 2533, 0, 0, 318, 407, 888, 1773, 3253, 3742, 4047, 3697, 6820, 594, 0, 0
17:27:43, 1025.90, 31.19, 33.00, 30.805, 2089, 3637, 4910, 6633, 19498, 21586, 22217, 24668, 12832, 2252, 0, 0, 287, 365, 796, 1608, 3018, 3480, 3752, 3398, 6365, 555, 0, 0
17:27:44, 1025.80, 31.20, 33.02, 30.797, 3837, 6823, 9557, 11166, 28804, 33572, 32754, 35452, 27749, 4489, 0, 1, 278, 357, 777, 1562, 2972, 3422, 3695, 3351, 6371, 564, 0, 0
17:27:45, 1028.20, 31.20, 33.02, 30.797, 6148, 4327, 11070, 6971, 10048, 11040, 8707, 14184, 10540, 2080, 0, 0, 277, 347, 764, 1551, 2782, 3218, 3459, 3156, 6390, 576, 0, 0
17:27:45, 1026.70, 31.20, 33.02, 30.797, 8610, 12225, 17526, 26698, 34318, 35261, 35428, 35488, 36000, 11003, 1, 1, 238, 300, 651, 1313, 2463, 2866, 3065, 2795, 5648, 512, 0, 0
17:27:46, 1027.30, 31.21, 33.00, 30.797, 4398, 2974, 5825, 6044, 8418, 14362, 9431, 13538, 16692, 4263, 0, 0, 300, 383, 836, 1673, 2955, 3417, 3683, 3346, 6424, 568, 0, 0
17:27:47, 1025.70, 31.21, 32.98, 30.789, 3546, 4828, 8282, 9380, 12330, 13254, 13057, 18896, 19526, 3148, 0, 0, 262, 329, 718, 1461, 2839, 3279, 3533, 3198, 5955, 523, 0, 0
17:27:47, 1028.50, 31.22, 33.00, 30.789, 10344, 17430, 17980, 23775, 13817, 16275, 15770, 18562, 16963, 2549, 0, 0, 269, 340, 742, 1506, 2739, 3164, 3408, 3086, 6346, 576, 0, 0
17:27:48, 1026.50, 31.22, 33.00, 30.789, 9069, 12197, 18297, 28867, 36000, 36000, 36000, 36000, 36000, 33700, 1, 1, 247, 308, 673, 1375, 2924, 3384, 3641, 3304, 6454, 578, 0, 0
17:27:49, 1028.20, 31.22, 33.00, 30.797, 2188, 1867, 3165, 3675, 4723, 8302, 5792, 7415, 12161, 2087, 0, 0, 270, 344, 750, 1506, 2677, 3107, 3329, 3043, 6247, 565, 0, 0
17:27:49, 1033.30, 31.23, 33.04, 30.797, 6729, 13880, 17230, 22872, 21945, 22003, 25767, 27242, 31481, 5084, 0, 0, 229, 283, 620, 1275, 2448, 2846, 3041, 2786, 5562, 495, 0, 0
17:27:50, 1036.40, 31.23, 32.98, 30.797, 6901, 14884, 22300, 22973, 33110, 34077, 35272, 35669, 36000, 17250, 1, 1, 219, 263, 583, 1227, 2425, 2842, 3047, 2740, 5367, 474, 0, 0
17:27:51, 1046.40, 31.23, 33.02, 30.797, 3724, 7516, 12114, 15934, 13939, 18304, 14191, 23061, 12935, 1929, 0, 0, 281, 337, 752, 1569, 2779, 3266, 3519, 3137, 5811, 504, 0, 0
17:27:51, 1050.80, 31.23, 33.06, 30.797, 3584, 7679, 12535, 20116, 27728, 33331, 35098, 34585, 36000, 9071, 1, 1, 174, 198, 447, 975, 2050, 2444, 2614, 2308, 4600, 400, 0, 0
17:27:52, 1058.50, 31.23, 33.04, 30.789, 2689, 4050, 6753, 9925, 16594, 17648, 20992, 25810, 24912, 2077, 0, 0, 173, 192, 437, 966, 1929, 2304, 2460, 2197, 4410, 375, 0, 0
17:27:53, 1062.80, 31.23, 33.04, 30.750, 4480, 6477, 11886, 21201, 22766, 25168, 33346, 32169, 36000, 3783, 1, 1, 164, 175, 398, 906, 1933, 2330, 2501, 2182, 4262, 366, 0, 0
17:27:53, 1064.90, 31.23, 33.06, 30.750, 2403, 4047, 7783, 13348, 20031, 21311, 30025, 30271, 24743, 2026, 0, 0, 157, 165, 376, 861, 1898, 2290, 2463, 2136, 4157, 358, 0, 0
17:27:54, 1069.00, 31.23, 33.02, 30.648, 1534, 2516, 4507, 7172, 16528, 16921, 23488, 25974, 18829, 1520, 0, 0, 152, 157, 358, 829, 1815, 2203, 2363, 2042, 3958, 340, 0, 0
17:27:55, 1076.80, 31.23, 33.00, 30.594, 1546, 3420, 6117, 9408, 13700, 14770, 17313, 23586, 36000, 4912, 1, 1, 134, 141, 320, 736, 1550, 1898, 2030, 1744, 3511, 299, 0, 0
17:27:55, 1083.80, 31.22, 33.02, 30.594, 1062, 1507, 3009, 5067, 12128, 13209, 16578, 18580, 20876, 1481, 0, 0, 125, 124, 278, 666, 1501, 1851, 1975, 1687, 3380, 286, 0, 0
17:27:56, 1091.00, 31.22, 33.06, 30.461, 1175, 2042, 4725, 7419, 12878, 15679, 18364, 19296, 34885, 2545, 0, 1, 113, 108, 241, 590, 1380, 1721, 1835, 1545, 3076, 261, 0, 0
17:27:57, 1094.60, 31.21, 33.02, 30.289, 892, 1452, 3085, 5730, 8943, 10011, 12884, 13557, 17445, 1159, 0, 0, 104, 97, 215, 535, 1307, 1641, 1746, 1461, 2885, 245, 0, 0
17:27:57, 1098.20, 31.21, 32.98, 30.289, 706, 647, 1510, 2594, 3619, 4769, 4648, 5437, 6474, 500, 0, 0, 110, 102, 225, 561, 1251, 1572, 1671, 1402, 2810, 237, 0, 0
17:27:58, 1104.90, 31.20, 33.06, 30.109, 1002, 1558, 3564, 6806, 9736, 11627, 13803, 15279, 27804, 1958, 0, 0, 93, 86, 188, 473, 1138, 1443, 1530, 1267, 2523, 213, 0, 0
17:27:59, 1108.60, 31.19, 33.02, 30.008, 790, 1181, 2597, 5255, 7204, 8345, 10606, 10822, 12874, 878, 0, 0, 90, 81, 172, 444, 1132, 1442, 1530, 1257, 2434, 206, 0, 0
17:27:59, 1117.70, 31.17, 33.00, 30.008, 768, 1033, 2368, 4967, 8016, 10192, 11928, 11934, 25105, 1678, 0, 0, 80, 72, 154, 395, 985, 1268, 1339, 1097, 2224, 186, 0, 0
17:28:00, 1121.30, 31.16, 33.02, 29.922, 557, 740, 1683, 3608, 6152, 7375, 9337, 9204, 12134, 812, 0, 0, 75, 65, 134, 353, 960, 1243, 1312, 1061, 2089, 176, 0, 0
17:28:01, 1127.20, 31.14, 33.04, 29.852, 573, 747, 1710, 3713, 6468, 8037, 9716, 9248, 15678, 1044, 0, 0, 71, 61, 127, 335, 890, 1157, 1219, 989, 2024, 170, 0, 0
17:28:01, 1132.30, 31.12, 33.06, 29.852, 401, 494, 1113, 2427, 4536, 5511, 6703, 6843, 8079, 543, 0, 0, 69, 59, 120, 320, 854, 1117, 1175, 946, 1905, 161, 0, 0
17:28:02, 1139.70, 31.11, 33.00, 29.805, 437, 554, 1290, 2921, 5184, 6567, 7907, 7459, 13628, 901, 0, 0, 60, 51, 101, 273, 780, 1031, 1083, 863, 1735, 146, 0, 0
17:28:03, 1142.90, 31.09, 33.04, 29.781, 380, 455, 1033, 2393, 4576, 5687, 7013, 6766, 9822, 654, 0, 0, 56, 47, 93, 251, 733, 972, 1019, 806, 1649, 139, 0, 0
17:28:03, 1142.30, 31.08, 32.98, 29.781, 331, 389, 888, 2031, 4625, 5801, 7088, 6842, 9543, 640, 0, 0, 58, 49, 96, 260, 756, 1002, 1051, 833, 1704, 144, 0, 0
17:28:04, 1143.50, 31.07, 33.02, 29.734, 347, 411, 929, 2130, 4438, 5552, 6696, 6500, 8828, 599, 0, 0, 58, 49, 96, 260, 745, 986, 1034, 823, 1700, 143, 0, 0
17:28:05, 1142.60, 31.05, 33.04, 29.711, 352, 414, 970, 2231, 4244, 5298, 6365, 6175, 9622, 649, 0, 0, 58, 48, 95, 258, 757, 1003, 1053, 834, 1676, 141, 0, 0
17:28:05, 1145.00, 31.04, 33.04, 29.711, 370, 436, 999, 2272, 4543, 5674, 6764, 6667, 10427, 704, 0, 0, 57, 48, 95, 257, 738, 977, 1021, 809, 1672, 140, 0, 0
17:28:06, 1150.00, 31.03, 33.02, 29.695, 385, 445, 1043, 2389, 4826, 6097, 7337, 7129, 12056, 807, 0, 0, 56, 47, 92, 249, 714, 951, 996, 789, 1657, 139, 0, 0
17:28:07, 1152.00, 31.02, 33.04, 29.687, 289, 330, 759, 1756, 3524, 4428, 5230, 5144, 7412, 502, 0, 0, 53, 44, 85, 233, 692, 923, 965, 759, 1548, 130, 0, 0
17:28:07, 1156.20, 31.02, 33.02, 29.687, 320, 361, 834, 1955, 3724, 4704, 5615, 5386, 9056, 612, 0, 0, 51, 42, 81, 222, 657, 880, 919, 722, 1508, 126, 0, 0
17:28:08, 1158.20, 31.00, 33.02, 29.680, 297, 332, 761, 1802, 3464, 4372, 5236, 5039, 7936, 537, 0, 0, 49, 40, 76, 209, 634, 853, 889, 693, 1446, 121, 0, 0
17:28:09, 1160.00, 31.00, 33.02, 29.672, 314, 347, 779, 1864, 3813, 4825, 5923, 5739, 8194, 548, 0, 0, 48, 40, 75, 206, 622, 837, 870, 676, 1406, 118, 0, 0
17:28:09, 1163.90, 30.99, 33.02, 29.672, 269, 296, 679, 1623, 3451, 4400, 5309, 5018, 8198, 550, 0, 0, 48, 39, 73, 201, 614, 828, 863, 673, 1402, 118, 0, 0
17:28:10, 1167.30, 30.98, 33.06, 29.656, 241, 261, 581, 1420, 2973, 3773, 4530, 4314, 6711, 454, 0, 0, 44, 36, 66, 183, 567, 769, 797, 616, 1295, 108, 0, 0
17:28:11, 1166.50, 30.97, 33.00, 29.656, 255, 275, 614, 1498, 3081, 3930, 4795, 4549, 7043, 470, 0, 0, 45, 36, 66, 184, 581, 789, 820, 633, 1315, 111, 0, 0
17:28:11, 1177.10, 30.96, 33.06, 29.648, 231, 248, 554, 1362, 2886, 3695, 4423, 4152, 7408, 497, 0, 0, 41, 34, 62, 171, 524, 716, 740, 568, 1205, 101, 0, 0
17:28:12, 1194.70, 30.95, 33.02, 29.641, 206, 213, 453, 1140, 2448, 3184, 3848, 3617, 5597, 377, 0, 0, 33, 26, 46, 129, 412, 575, 591, 443, 928, 78, 0, 0
17:28:13, 1201.20, 30.95, 33.06, 29.641, 151, 148, 304, 793, 1948, 2571, 3118, 2884, 4415, 299, 0, 0, 28, 22, 38, 107, 370, 521, 535, 397, 837, 70, 0, 0
17:28:13, 1205.20, 30.94, 33.02, 29.641, 130, 126, 254, 670, 1661, 2203, 2631, 2418, 3742, 255, 0, 0, 27, 21, 35, 99, 351, 496, 509, 377, 788, 66, 0, 0
17:28:14, 1211.20, 30.93, 33.04, 29.625, 134, 130, 258, 682, 1755, 2334, 2806, 2558, 4463, 304, 0, 0, 25, 20, 34, 93, 327, 464, 474, 350, 750, 63, 0, 0
17:28:15, 1221.90, 30.92, 33.04, 29.625, 120, 115, 226, 605, 1551, 2089, 2501, 2250, 4019, 273, 0, 0, 22, 17, 29, 80, 285, 409, 417, 305, 660, 55, 0, 0
17:28:15, 1232.00, 30.91, 33.04, 29.625, 99, 92, 171, 458, 1253, 1688, 2007, 1828, 3065, 209, 0, 0, 20, 15, 25, 69, 253, 365, 371, 269, 581, 49, 0, 0
17:28:16, 1234.50, 30.90, 33.10, 29.617, 86, 79, 145, 395, 1059, 1446, 1703, 1548, 2621, 181, 0, 0, 18, 14, 23, 63, 241, 350, 356, 256, 555, 46, 0, 0
17:28:17, 1235.30, 30.89, 33.02, 29.617, 86, 80, 148, 403, 1074, 1464, 1724, 1548, 2571, 177, 0, 0, 18, 14, 22, 61, 237, 345, 350, 251, 541, 45, 0, 0
17:28:17, 1240.80, 30.89, 33.06, 29.609, 92, 86, 159, 433, 1166, 1591, 1887, 1693, 2775, 190, 0, 0, 17, 13, 22, 60, 230, 335, 339, 244, 528, 44, 0, 0
17:28:18, 1254.30, 30.88, 33.04, 29.609, 80, 74, 135, 373, 1013, 1401, 1660, 1463, 2467, 170, 0, 0, 15, 11, 18, 49, 190, 281, 285, 201, 436, 36, 0, 0
17:28:19, 1260.70, 30.87, 33.00, 29.609, 64, 58, 101, 281, 825, 1154, 1352, 1176, 2039, 142, 0, 0, 13, 10, 16, 42, 173, 258, 260, 182, 400, 33, 0, 0
17:28:19, 1263.70, 30.87, 33.04, 29.602, 60, 55, 94, 262, 772, 1083, 1268, 1097, 1902, 132, 0, 0, 12, 9, 15, 40, 166, 248, 250, 174, 382, 32, 0, 0
17:28:20, 1271.30, 30.86, 33.06, 29.602, 59, 53, 90, 249, 758, 1066, 1256, 1086, 1860, 129, 0, 0, 12, 9, 14, 37, 154, 231, 232, 161, 357, 30, 0, 0
17:28:21, 1282.90, 30.85, 33.04, 29.602, 49, 44, 72, 200, 609, 867, 1010, 862, 1505, 105, 0, 0, 10, 7, 11, 30, 132, 199, 200, 136, 302, 25, 0, 0
17:28:21, 1285.00, 30.85, 33.04, 29.586, 44, 39, 63, 174, 561, 805, 938, 793, 1417, 99, 0, 0, 9, 7, 10, 28, 126, 191, 191, 130, 289, 24, 0, 0
17:28:22, 1279.50, 30.84, 33.04, 29.586, 44, 39, 64, 177, 573, 819, 956, 811, 1427, 100, 0, 0, 10, 7, 11, 30, 134, 204, 204, 140, 312, 26, 0, 0
17:28:23, 1279.20, 30.84, 33.08, 29.586, 47, 42, 68, 189, 609, 867, 1011, 863, 1534, 107, 0, 0, 10, 8, 12, 32, 138, 208, 209, 143, 317, 26, 0, 0
17:28:23, 1293.30, 30.83, 33.06, 29.578, 45, 41, 66, 183, 566, 813, 950, 801, 1414, 99, 0, 0, 9, 6, 10, 27, 117, 178, 179, 121, 273, 22, 0, 0
17:28:24, 1297.20, 30.83, 33.02, 29.570, 38, 34, 54, 149, 498, 721, 839, 699, 1297, 91, 0, 0, 8, 6, 9, 24, 110, 168, 168, 114, 258, 21, 0, 0
17:28:25, 1298.00, 30.82, 33.06, 29.570, 37, 33, 52, 143, 477, 692, 804, 668, 1244, 87, 0, 0, 8, 6, 9, 23, 108, 166, 166, 112, 254, 21, 0, 0
17:28:25, 1296.10, 30.81, 33.04, 29.562, 37, 33, 52, 145, 489, 707, 822, 685, 1343, 95, 0, 0, 8, 6, 9, 24, 111, 171, 171, 115, 260, 21, 0, 0
17:28:26, 1301.20, 30.81, 32.98, 29.562, 38, 34, 55, 149, 488, 707, 821, 683, 1194, 84, 0, 0, 8, 6, 9, 23, 106, 164, 163, 110, 243, 20, 0, 0
17:28:27, 1307.30, 30.80, 33.00, 29.562, 35, 31, 48, 132, 446, 650, 754, 622, 1100, 77, 0, 0, 7, 5, 8, 21, 98, 151, 151, 101, 227, 18, 0, 0
17:28:27, 1313.90, 30.80, 33.04, 29.547, 32, 29, 44, 121, 414, 606, 702, 574, 1039, 73, 0, 0, 7, 5, 8, 19, 91, 141, 141, 93, 211, 17, 0, 0
17:28:28, 1317.30, 30.79, 33.08, 29.547, 30, 27, 40, 111, 388, 572, 661, 539, 994, 70, 0, 0, 6, 5, 7, 18, 87, 136, 135, 89, 202, 17, 0, 0
17:28:29, 1317.80, 30.79, 33.04, 29.547, 29, 26, 39, 106, 377, 556, 640, 520, 958, 67, 0, 0, 6, 4, 7, 18, 86, 135, 134, 88, 199, 16, 0, 0
17:28:29, 1324.00, 30.78, 33.04, 29.539, 29, 26, 39, 107, 377, 556, 640, 520, 967, 68, 0, 0, 6, 4, 7, 17, 85, 132, 131, 87, 197, 16, 0, 0
17:28:30, 1336.30, 30.77, 33.08, 29.531, 25, 23, 33, 91, 322, 479, 550, 441, 836, 59, 0, 0, 5, 4, 5, 14, 70, 110, 110, 71, 162, 13, 0, 0
17:28:31, 1344.30, 30.77, 33.06, 29.531, 22, 20, 29, 78, 285, 428, 490, 388, 748, 53, 0, 0, 4, 3, 5, 13, 63, 100, 100, 64, 147, 12, 0, 0
17:28:31, 1348.80, 30.76, 33.02, 29.523, 20, 18, 25, 68, 259, 391, 447, 352, 668, 47, 0, 0, 4, 3, 4, 11, 59, 94, 94, 60, 138, 11, 0, 0
17:28:32, 1348.30, 30.75, 33.02, 29.523, 19, 17, 24, 65, 251, 380, 434, 341, 653, 46, 0, 0, 4, 3, 4, 11, 59, 94, 93, 60, 138, 11, 0, 0
17:28:33, 1353.90, 30.75, 32.98, 29.523, 19, 17, 25, 66, 255, 385, 439, 346, 659, 47, 0, 0, 4, 3, 4, 11, 57, 91, 90, 58, 134, 11, 0, 0
17:28:33, 1367.70, 30.74, 33.02, 29.523, 17, 15, 21, 57, 216, 329, 375, 291, 566, 40, 0, 0, 3, 2, 4, 9, 48, 77, 76, 48, 111, 9, 0, 0
17:28:34, 1377.40, 30.74, 33.06, 29.516, 14, 13, 18, 46, 185, 285, 323, 248, 483, 34, 0, 0, 3, 2, 3, 8, 42, 68, 67, 42, 98, 8, 0, 0
17:28:35, 1382.80, 30.73, 33.06, 29.516, 13, 11, 15, 40, 167, 259, 292, 222, 436, 31, 0, 0, 2, 2, 3, 7, 39, 64, 63, 39, 91, 7, 0, 0
17:28:35, 1386.60, 30.73, 33.04, 29.500, 12, 11, 15, 38, 161, 250, 282, 214, 423, 30, 0, 0, 2, 2, 3, 7, 37, 61, 60, 38, 89, 7, 0, 0
17:28:36, 1401.00, 30.72, 33.08, 29.500, 11, 10, 13, 34, 143, 223, 250, 188, 396, 29, 0, 0, 2, 1, 2, 6, 31, 52, 51, 31, 74, 6, 0, 0
17:28:37, 1414.00, 30.71, 33.06, 29.500, 9, 8, 10, 26, 115, 182, 203, 150, 301, 22, 0, 0, 1, 1, 2, 4, 26, 44, 43, 26, 62, 4, 0, 0
17:28:37, 1417.00, 30.71, 33.04, 29.484, 8, 7, 9, 23, 106, 169, 188, 138, 277, 20, 0, 0, 1, 1, 2, 4, 25, 43, 42, 25, 60, 4, 0, 0
17:28:38, 1430.40, 30.70, 33.04, 29.484, 7, 7, 9, 22, 98, 156, 174, 127, 271, 20, 0, 0, 1, 1, 1, 4, 22, 37, 36, 22, 53, 4, 0, 0
17:28:39, 1444.10, 30.69, 33.02, 29.484, 6, 6, 7, 17, 79, 128, 141, 101, 213, 16, 0, 0, 1, 0, 1, 3, 18, 31, 30, 18, 44, 3, 0, 0
17:28:39, 1453.70, 30.69, 33.04, 29.469, 5, 5, 6, 14, 69, 112, 124, 88, 184, 14, 0, 0, 1, 0, 1, 2, 16, 28, 27, 16, 39, 2, 0, 0
17:28:40, 1458.90, 30.68, 33.04, 29.453, 5, 4, 5, 13, 64, 105, 115, 81, 171, 13, 0, 0, 1, 0, 1, 2, 15, 26, 25, 15, 37, 2, 0, 0
17:28:41, 1472.10, 30.67, 33.04, 29.453, 4, 4, 5, 11, 57, 94, 103, 72, 156, 12, 0, 0, 0, 0, 1, 2, 13, 23, 22, 13, 32, 2, 0, 0
17:28:41, 1486.50, 30.66, 33.08, 29.437, 3, 3, 4, 9, 47, 78, 85, 58, 125, 9, 0, 0, 0, 0, 0, 1, 10, 19, 18, 10, 26, 1, 0, 0
17:28:42, 1490.30, 30.66, 33.02, 29.437, 3, 3, 3, 8, 42, 70, 77, 52, 113, 8, 0, 0, 0, 0, 0, 1, 10, 18, 17, 10, 24, 1, 0, 0
17:28:43, 1495.80, 30.65, 33.04, 29.437, 3, 3, 3, 7, 41, 69, 74, 51, 110, 8, 0, 0, 0, 0, 0, 1, 9, 17, 16, 9, 23, 1, 0, 0
17:28:43, 1506.50, 30.64, 33.04, 29.422, 3, 3, 3, 7, 36, 61, 66, 44, 99, 7, 0, 0, 0, 0, 0, 1, 8, 15, 14, 8, 21, 1, 0, 0
17:28:44, 1517.50, 30.64, 33.06, 29.422, 2, 2, 2, 6, 32, 54, 58, 39, 86, 7, 0, 0, 0, 0, 0, 1, 7, 13, 13, 7, 18, 1, 0, 0
17:28:45, 1524.00, 30.63, 33.04, 29.422, 2, 2, 3, 5, 28, 48, 52, 34, 76, 6, 0, 0, 0, 0, 0, 1, 6, 12, 11, 6, 16, 1, 0, 0
17:28:45, 1526.50, 30.62, 33.00, 29.414, 2, 2, 2, 4, 27, 46, 49, 32, 73, 6, 0, 0, 0, 0, 0, 1, 6, 12, 11, 6, 16, 1, 0, 0
17:28:46, 1536.90, 30.62, 33.02, 29.414, 2, 2, 2, 4, 25, 44, 47, 30, 72, 6, 0, 0, 0, 0, 0, 1, 6, 10, 10, 6, 15, 0, 0, 0
17:28:47, 1553.20, 30.61, 33.02, 29.414, 1, 2, 1, 3, 21, 36, 38, 25, 57, 4, 0, 0, 0, 0, 0, 0, 4, 8, 8, 4, 12, 0, 0, 0
17:28:47, 1562.00, 30.61, 33.04, 29.414, 1, 1, 1, 3, 18, 31, 33, 21, 49, 4, 0, 0, 0, 0, 0, 0, 4, 7, 7, 4, 10, 0, 0, 0
17:28:48, 1566.70, 30.61, 33.06, 29.414, 1, 1, 2, 2, 16, 29, 30, 19, 44, 4, 0, 0, 0, 0, 0, 0, 4, 7, 7, 4, 10, 0, 0, 0
17:28:49, 1577.40, 30.60, 33.08, 29.422, 1, 1, 1, 2, 15, 27, 28, 18, 42, 3, 0, 0, 0, 0, 0, 0, 3, 6, 6, 3, 9, 0, 0, 0
17:28:49, 1592.60, 30.60, 33.06, 29.430, 1, 1, 1, 2, 13, 23, 24, 15, 35, 3, 0, 0, 0, 0, 0, 0, 2, 5, 5, 2, 7, 0, 0, 0
17:28:50, 1600.60, 30.59, 33.06, 29.430, 1, 1, 0, 1, 11, 19, 20, 12, 28, 2, 0, 0, 0, 0, 0, 0, 2, 4, 4, 2, 6, 0, 0, 0
17:28:51, 1604.50, 30.59, 33.06, 29.422, 0, 1, 0, 1, 10, 18, 19, 11, 27, 2, 0, 0, 0, 0, 0, 0, 2, 4, 4, 2, 6, 0, 0, 0
17:28:51, 1609.60, 30.59, 33.06, 29.406, 0, 1, 0, 1, 9, 17, 18, 11, 26, 2, 0, 0, 0, 0, 0, 0, 2, 4, 4, 2, 6, 0, 0, 0
17:28:52, 1612.10, 30.58, 33.06, 29.406, 0, 1, 0, 1, 9, 17, 17, 11, 24, 2, 0, 0, 0, 0, 0, 0, 2, 4, 4, 2, 6, 0, 0, 0
17:28:53, 1628.20, 30.57, 33.06, 29.391, 0, 1, 0, 1, 8, 15, 15, 9, 23, 2, 0, 0, 0, 0, 0, 0, 1, 3, 3, 2, 5, 0, 0, 0
17:28:53, 1636.50, 30.57, 33.06, 29.383, 0, 1, 0, 1, 7, 13, 13, 7, 19, 2, 0, 0, 0, 0, 0, 0, 1, 3, 3, 1, 4, 0, 0, 0
17:28:54, 1640.90, 30.56, 33.08, 29.383, 0, 1, 0, 1, 6, 12, 12, 7, 18, 2, 0, 0, 0, 0, 0, 0, 1, 2, 3, 1, 4, 0, 0, 0
17:28:55, 1654.20, 30.55, 33.02, 29.383, 0, 1, 0, 0, 6, 11, 11, 6, 16, 1, 0, 0, 0, 0, 0, 0, 1, 2, 2, 1, 3, 0, 0, 0
17:28:55, 1666.40, 30.55, 33.06, 29.367, 0, 1, 0, 0, 5, 9, 9, 5, 13, 1, 0, 0, 0, 0, 0, 0, 0, 2, 2, 1, 3, 0, 0, 0
17:28:56, 1674.00, 30.54, 33.06, 29.367, 0, 0, 0, 0, 4, 8, 8, 4, 11, 1, 0, 0, 0, 0, 0, 0, 0, 1, 2, 1, 2, 0, 0, 0
17:28:57, 1678.10, 30.53, 33.04, 29.344, 0, 0, 0, 0, 4, 8, 7, 4, 11, 1, 0, 0, 0, 0, 0, 0, 0, 1, 1, 1, 2, 0, 0, 0
17:28:57, 1682.70, 30.53, 33.06, 29.328, 0, 0, 0, 0, 4, 7, 7, 4, 10, 1, 0, 0, 0, 0, 0, 0, 0, 1, 1, 1, 2, 0, 0, 0
17:28:58, 1693.30, 30.52, 33.08, 29.328, 0, 0, 0, 0, 3, 7, 6, 3, 9, 1, 0, 0, 0, 0, 0, 0, 0, 1, 1, 1, 2, 0, 0, 0
17:28:58, 1702.40, 30.52, 33.04, 29.312, 0, 0, 0, 0, 3, 6, 6, 3, 8, 1, 0, 0, 0, 0, 0, 0, 0, 1, 1, 0, 2, 0, 0, 0
17:28:59, 1708.60, 30.51, 33.02, 29.320, 0, 0, 0, 0, 2, 5, 5, 3, 7, 1, 0, 0, 0, 0, 0, 0, 0, 1, 1, 0, 1, 0, 0, 0
17:29:00, 1710.50, 30.51, 33.06, 29.320, 0, 0, 1, 0, 2, 5, 5, 2, 7, 1, 0, 0, 0, 0, 0, 0, 0, 1, 1, 0, 1, 0, 0, 0
17:29:00, 1720.60, 30.50, 33.00, 29.297, 0, 0, 0, 0, 2, 5, 4, 2, 7, 1, 0, 0, 0, 0, 0, 0, 0, 1, 1, 0, 1, 0, 0, 0
17:29:01, 1730.80, 30.50, 33.00, 29.289, 0, 0, 0, 0, 2, 4, 4, 2, 5, 1, 0, 0, 0, 0, 0, 0, 0, 0, 1, 0, 1, 0, 0, 0
17:29:02, 1736.70, 30.49, 33.06, 29.289, 0, 0, 0, 0, 2, 4, 3, 2, 5, 1, 0, 0, 0, 0, 0, 0, 0, 0, 0, 0, 1, 0, 0, 0
17:29:02, 1740.20, 30.49, 33.06, 29.281, 0, 0, 0, 0, 2, 4, 3, 2, 5, 1, 0, 0, 0, 0, 0, 0, 0, 0, 0, 0, 1, 0, 0, 0
17:29:03, 1742.30, 30.48, 33.06, 29.273, 0, 0, 0, 0, 2, 4, 3, 2, 5, 1, 0, 0, 0, 0, 0, 0, 0, 0, 0, 0, 1, 0, 0, 0
17:29:04, 1752.10, 30.48, 33.04, 29.273, 0, 0, 0, 0, 1, 3, 3, 1, 5, 1, 0, 0, 0, 0, 0, 0, 0, 0, 0, 0, 1, 0, 0, 0
17:29:04, 1761.80, 30.47, 33.04, 29.266, 0, 0, 0, 0, 1, 3, 2, 1, 4, 1, 0, 0, 0, 0, 0, 0, 0, 0, 0, 0, 1, 0, 0, 0
17:29:05, 1768.20, 30.47, 33.04, 29.273, 0, 0, 0, 0, 1, 3, 2, 1, 3, 1, 0, 0, 0, 0, 0, 0, 0, 0, 0, 0, 1, 0, 0, 0
17:29:06, 1771.70, 30.46, 33.06, 29.273, 0, 0, 0, 0, 1, 3, 2, 1, 3, 1, 0, 0, 0, 0, 0, 0, 0, 0, 0, 0, 0, 0, 0, 0
17:29:06, 1779.10, 30.45, 33.02, 29.258, 0, 0, 0, 0, 1, 3, 2, 1, 3, 1, 0, 0, 0, 0, 0, 0, 0, 0, 0, 0, 0, 0, 0, 0
17:29:07, 1790.10, 30.45, 33.02, 29.258, 0, 0, 0, 0, 1, 2, 2, 1, 2, 0, 0, 0, 0, 0, 0, 0, 0, 0, 0, 0, 0, 0, 0, 0
17:29:08, 1798.80, 30.44, 33.08, 29.258, 0, 0, 0, 0, 1, 2, 2, 1, 2, 0, 0, 0, 0, 0, 0, 0, 0, 0, 0, 0, 0, 0, 0, 0
17:29:08, 1807.20, 30.44, 33.06, 29.258, 0, 0, 0, 0, 1, 2, 1, 0, 2, 0, 0, 0, 0, 0, 0, 0, 0, 0, 0, 0, 0, 0, 0, 0
17:29:09, 1807.90, 30.43, 33.08, 29.258, 0, 0, 0, 0, 0, 2, 2, 0, 2, 0, 0, 0, 0, 0, 0, 0, 0, 0, 0, 0, 0, 0, 0, 0
17:29:10, 1817.30, 30.43, 33.04, 29.258, 0, 0, 0, 0, 0, 2, 1, 0, 2, 0, 0, 0, 0, 0, 0, 0, 0, 0, 0, 0, 0, 0, 0, 0
17:29:10, 1828.30, 30.42, 33.06, 29.250, 0, 0, 0, 0, 0, 2, 1, 0, 1, 0, 0, 0, 0, 0, 0, 0, 0, 0, 0, 0, 0, 0, 0, 0
17:29:11, 1833.70, 30.42, 33.08, 29.258, 0, 0, 0, 0, 0, 1, 1, 0, 1, 0, 0, 0, 0, 0, 0, 0, 0, 0, 0, 0, 0, 0, 0, 0
17:29:12, 1838.10, 30.41, 33.08, 29.258, 0, 0, 0, 0, 0, 1, 1, 0, 1, 0, 0, 0, 0, 0, 0, 0, 0, 0, 0, 0, 0, 0, 0, 0
17:29:12, 1836.90, 30.41, 33.06, 29.258, 0, 0, 0, 0, 0, 1, 1, 0, 1, 0, 0, 0, 0, 0, 0, 0, 0, 0, 0, 0, 0, 0, 0, 0
17:29:13, 1845.70, 30.41, 33.02, 29.258, 0, 0, 0, 0, 0, 1, 1, 0, 1, 0, 0, 0, 0, 0, 0, 0, 0, 0, 0, 0, 0, 0, 0, 0
17:29:14, 1854.50, 30.40, 33.06, 29.258, 0, 0, 0, 0, 0, 1, 0, 0, 1, 0, 0, 0, 0, 0, 0, 0, 0, 0, 0, 0, 0, 0, 0, 0
17:29:14, 1860.80, 30.40, 33.04, 29.258, 0, 0, 0, 0, 0, 1, 0, 0, 1, 0, 0, 0, 0, 0, 0, 0, 0, 0, 0, 0, 0, 0, 0, 0
17:29:15, 1863.20, 30.40, 33.08, 29.266, 0, 0, 0, 0, 0, 1, 0, 0, 1, 0, 0, 0, 0, 0, 0, 0, 0, 0, 0, 0, 0, 0, 0, 0
17:29:16, 1859.00, 30.40, 33.02, 29.266, 0, 0, 0, 0, 0, 1, 0, 0, 1, 0, 0, 0, 0, 0, 0, 0, 0, 0, 0, 0, 0, 0, 0, 0
17:29:16, 1867.50, 30.39, 33.04, 29.266, 0, 0, 0, 0, 0, 1, 0, 0, 1, 0, 0, 0, 0, 0, 0, 0, 0, 0, 0, 0, 0, 0, 0, 0
17:29:17, 1879.70, 30.39, 33.08, 29.266, 0, 0, 0, 0, 0, 1, 0, 0, 0, 0, 0, 0, 0, 0, 0, 0, 0, 0, 0, 0, 0, 0, 0, 0
17:29:18, 1885.80, 30.39, 33.04, 29.266, 0, 0, 0, 0, 0, 1, 0, 0, 0, 0, 0, 0, 0, 0, 0, 0, 0, 0, 0, 0, 0, 0, 0, 0
17:29:18, 1885.50, 30.38, 33.06, 29.266, 0, 0, 0, 0, 0, 1, 0, 0, 0, 0, 0, 0, 0, 0, 0, 0, 0, 0, 0, 0, 0, 0, 0, 0
17:29:19, 1888.60, 30.38, 33.04, 29.266, 0, 0, 0, 0, 0, 1, 0, 0, 0, 0, 0, 0, 0, 0, 0, 0, 0, 0, 0, 0, 0, 0, 0, 0
17:29:20, 1897.00, 30.38, 33.02, 29.266, 0, 0, 0, 0, 0, 1, 0, 0, 0, 0, 0, 0, 0, 0, 0, 0, 0, 0, 0, 0, 0, 0, 0, 0
17:29:20, 1905.30, 30.38, 33.00, 29.266, 0, 0, 0, 0, 0, 1, 0, 0, 0, 0, 0, 0, 0, 0, 0, 0, 0, 0, 0, 0, 0, 0, 0, 0
17:29:21, 1912.30, 30.38, 33.04, 29.266, 0, 0, 0, 0, 0, 1, 0, 0, 0, 0, 0, 0, 0, 0, 0, 0, 0, 0, 0, 0, 0, 0, 0, 0
17:29:22, 1913.60, 30.37, 33.04, 29.266, 0, 0, 0, 0, 0, 1, 0, 0, 0, 0, 0, 0, 0, 0, 0, 0, 0, 0, 0, 0, 0, 0, 0, 0
17:29:22, 1916.70, 30.37, 33.04, 29.273, 0, 0, 0, 0, 0, 1, 0, 0, 0, 0, 0, 0, 0, 0, 0, 0, 0, 0, 0, 0, 0, 0, 0, 0
17:29:23, 1926.80, 30.37, 33.08, 29.273, 0, 0, 0, 0, 0, 1, 0, 0, 0, 0, 0, 0, 0, 0, 0, 0, 0, 0, 0, 0, 0, 0, 0, 0
17:29:24, 1936.10, 30.36, 33.00, 29.266, 0, 0, 0, 0, 0, 1, 1, 0, 0, 0, 0, 0, 0, 0, 0, 0, 0, 0, 0, 0, 0, 0, 0, 0
17:29:24, 1943.00, 30.36, 33.04, 29.273, 0, 0, 0, 0, 0, 1, 0, 0, 0, 0, 0, 0, 0, 0, 0, 0, 0, 0, 0, 0, 0, 0, 0, 0
17:29:25, 1945.00, 30.36, 33.04, 29.273, 0, 0, 0, 0, 0, 0, 0, 0, 0, 0, 0, 0, 0, 0, 0, 0, 0, 0, 0, 0, 0, 0, 0, 0
17:29:26, 1948.80, 30.36, 33.00, 29.266, 0, 0, 0, 0, 0, 0, 0, 0, 0, 0, 0, 0, 0, 0, 0, 0, 0, 0, 0, 0, 0, 0, 0, 0
17:29:26, 1964.00, 30.35, 33.08, 29.273, 0, 0, 0, 0, 0, 0, 0, 0, 0, 0, 0, 0, 0, 0, 0, 0, 0, 0, 0, 0, 0, 0, 0, 0
17:29:27, 1976.00, 30.35, 33.02, 29.273, 0, 0, 0, 0, 0, 0, 0, 0, 0, 0, 0, 0, 0, 0, 0, 0, 0, 0, 0, 0, 0, 0, 0, 0
17:29:28, 1977.70, 30.34, 33.04, 29.273, 0, 0, 0, 0, 0, 0, 0, 0, 0, 0, 0, 0, 0, 0, 0, 0, 0, 0, 0, 0, 0, 0, 0, 0
17:29:28, 1986.30, 30.34, 32.98, 29.273, 0, 0, 0, 0, 0, 0, 0, 0, 0, 0, 0, 0, 0, 0, 0, 0, 0, 0, 0, 0, 0, 0, 0, 0
17:29:29, 1993.00, 30.34, 33.04, 29.273, 0, 0, 0, 0, 0, 0, 0, 0, 0, 0, 0, 0, 0, 0, 0, 0, 0, 0, 0, 0, 0, 0, 0, 0
17:29:30, 2000.00, 30.33, 33.06, 29.266, 0, 0, 0, 0, 0, 0, 0, 0, 0, 0, 0, 0, 0, 0, 0, 0, 0, 0, 0, 0, 0, 0, 0, 0
17:29:30, 2002.00, 30.33, 33.04, 29.273, 0, 0, 0, 0, 0, 0, 0, 0, 0, 0, 0, 0, 0, 0, 0, 0, 0, 0, 0, 0, 0, 0, 0, 0
17:29:31, 2002.40, 30.33, 33.04, 29.273, 0, 0, 0, 0, 0, 0, 0, 0, 0, 0, 0, 0, 0, 0, 0, 0, 0, 0, 0, 0, 0, 0, 0, 0
17:29:32, 2007.20, 30.33, 33.02, 29.273, 0, 0, 0, 0, 0, 0, 0, 0, 0, 0, 0, 0, 0, 0, 0, 0, 0, 0, 0, 0, 0, 0, 0, 0
17:29:32, 2009.80, 30.32, 33.02, 29.273, 0, 0, 0, 0, 0, 0, 0, 0, 0, 0, 0, 0, 0, 0, 0, 0, 0, 0, 0, 0, 0, 0, 0, 0
17:29:33, 2011.50, 30.32, 33.00, 29.273, 0, 0, 0, 0, 0, 0, 0, 0, 0, 0, 0, 0, 0, 0, 0, 0, 0, 0, 0, 0, 0, 0, 0, 0
17:29:34, 2010.60, 30.32, 33.02, 29.273, 0, 0, 0, 0, 0, 0, 0, 0, 0, 0, 0, 0, 0, 0, 0, 0, 0, 0, 0, 0, 0, 0, 0, 0
17:29:34, 2017.10, 30.32, 33.06, 29.281, 0, 0, 0, 0, 0, 0, 0, 0, 0, 0, 0, 0, 0, 0, 0, 0, 0, 0, 0, 0, 0, 0, 0, 0
17:29:35, 2030.20, 30.32, 33.04, 29.281, 0, 0, 0, 0, 0, 0, 0, 0, 0, 0, 0, 0, 0, 0, 0, 0, 0, 0, 0, 0, 0, 0, 0, 0
17:29:36, 2033.30, 30.32, 33.06, 29.273, 0, 0, 0, 0, 0, 0, 0, 0, 0, 0, 0, 0, 0, 0, 0, 0, 0, 0, 0, 0, 0, 0, 0, 0
17:29:36, 2029.00, 30.32, 33.06, 29.266, 0, 0, 0, 0, 0, 0, 0, 0, 0, 0, 0, 0, 0, 0, 0, 0, 0, 0, 0, 0, 0, 0, 0, 0
17:29:37, 2038.20, 30.31, 33.02, 29.266, 0, 0, 0, 0, 0, 0, 0, 0, 0, 0, 0, 0, 0, 0, 0, 0, 0, 0, 0, 0, 0, 0, 0, 0
17:29:38, 2049.00, 30.31, 33.04, 29.266, 0, 0, 0, 0, 0, 0, 0, 0, 0, 0, 0, 0, 0, 0, 0, 0, 0, 0, 0, 0, 0, 0, 0, 0
17:29:38, 2051.00, 30.31, 33.02, 29.273, 0, 0, 0, 0, 0, 0, 0, 0, 0, 0, 0, 0, 0, 0, 0, 0, 0, 0, 0, 0, 0, 0, 0, 0
17:29:39, 2058.90, 30.31, 33.00, 29.273, 0, 0, 0, 0, 0, 0, 0, 0, 0, 0, 0, 0, 0, 0, 0, 0, 0, 0, 0, 0, 0, 0, 0, 0
17:29:40, 2070.90, 30.30, 33.04, 29.266, 0, 0, 0, 0, 0, 0, 0, 0, 0, 0, 0, 0, 0, 0, 0, 0, 0, 0, 0, 0, 0, 0, 0, 0
17:29:40, 2070.50, 30.30, 33.00, 29.273, 0, 0, 0, 0, 0, 0, 0, 0, 0, 0, 0, 0, 0, 0, 0, 0, 0, 0, 0, 0, 0, 0, 0, 0
17:29:41, 2072.40, 30.30, 33.08, 29.273, 0, 0, 0, 0, 0, 0, 0, 0, 0, 0, 0, 0, 0, 0, 0, 0, 0, 0, 0, 0, 0, 0, 0, 0
17:29:42, 2079.40, 30.29, 33.04, 29.273, 0, 0, 0, 0, 0, 0, 0, 0, 0, 0, 0, 0, 0, 0, 0, 0, 0, 0, 0, 0, 0, 0, 0, 0
17:29:42, 2090.20, 30.29, 33.02, 29.281, 0, 0, 0, 0, 0, 0, 0, 0, 0, 0, 0, 0, 0, 0, 0, 0, 0, 0, 0, 0, 0, 0, 0, 0
17:29:43, 2096.00, 30.29, 33.04, 29.281, 0, 0, 0, 0, 0, 0, 0, 0, 0, 0, 0, 0, 0, 0, 0, 0, 0, 0, 0, 0, 0, 0, 0, 0
17:29:44, 2090.00, 30.29, 33.02, 29.281, 0, 0, 0, 0, 0, 0, 0, 0, 0, 0, 0, 0, 0, 0, 0, 0, 0, 0, 0, 0, 0, 0, 0, 0
17:29:44, 2092.80, 30.28, 33.08, 29.273, 0, 0, 0, 0, 0, 0, 0, 0, 0, 0, 0, 0, 0, 0, 0, 0, 0, 0, 0, 0, 0, 0, 0, 0
17:29:45, 2102.80, 30.28, 33.00, 29.273, 0, 0, 0, 0, 0, 0, 0, 0, 0, 0, 0, 0, 0, 0, 0, 0, 0, 0, 0, 0, 0, 0, 0, 0
17:29:46, 2108.30, 30.28, 33.00, 29.273, 0, 0, 0, 0, 0, 0, 0, 0, 0, 0, 0, 0, 0, 0, 0, 0, 0, 0, 0, 0, 0, 0, 0, 0
17:29:46, 2106.10, 30.28, 33.04, 29.281, 0, 0, 0, 0, 0, 0, 0, 0, 0, 0, 0, 0, 0, 0, 0, 0, 0, 0, 0, 0, 0, 0, 0, 0
17:29:47, 2104.60, 30.27, 33.04, 29.281, 0, 0, 0, 0, 0, 0, 0, 0, 0, 0, 0, 0, 0, 0, 0, 0, 0, 0, 0, 0, 0, 0, 0, 0
17:29:48, 2111.60, 30.27, 33.04, 29.273, 0, 0, 0, 0, 0, 0, 0, 0, 0, 0, 0, 0, 0, 0, 0, 0, 0, 0, 0, 0, 0, 0, 0, 0
17:29:48, 2118.30, 30.27, 33.02, 29.281, 0, 0, 0, 0, 0, 0, 0, 0, 0, 0, 0, 0, 0, 0, 0, 0, 0, 0, 0, 0, 0, 0, 0, 0
17:29:49, 2117.70, 30.27, 33.08, 29.281, 0, 0, 0, 0, 0, 0, 0, 0, 0, 0, 0, 0, 0, 0, 0, 0, 0, 0, 0, 0, 0, 0, 0, 0
17:29:50, 2122.40, 30.27, 33.02, 29.273, 0, 0, 0, 0, 0, 0, 0, 0, 0, 0, 0, 0, 0, 0, 0, 0, 0, 0, 0, 0, 0, 0, 0, 0
17:29:50, 2122.20, 30.26, 33.06, 29.273, 0, 0, 0, 0, 0, 0, 0, 0, 0, 0, 0, 0, 0, 0, 0, 0, 0, 0, 0, 0, 0, 0, 0, 0
17:29:51, 2121.90, 30.26, 33.04, 29.273, 0, 0, 0, 0, 0, 0, 0, 0, 0, 0, 0, 0, 0, 0, 0, 0, 0, 0, 0, 0, 0, 0, 0, 0
17:29:52, 2131.30, 30.26, 33.04, 29.273, 0, 0, 0, 0, 0, 0, 0, 0, 0, 0, 0, 0, 0, 0, 0, 0, 0, 0, 0, 0, 0, 0, 0, 0
17:29:52, 2142.30, 30.26, 33.02, 29.281, 0, 0, 0, 0, 0, 0, 0, 0, 0, 0, 0, 0, 0, 0, 0, 0, 0, 0, 0, 0, 0, 0, 0, 0
17:29:53, 2145.60, 30.26, 33.04, 29.281, 0, 0, 0, 0, 0, 0, 0, 0, 0, 0, 0, 0, 0, 0, 0, 0, 0, 0, 0, 0, 0, 0, 0, 0
17:29:54, 2143.80, 30.25, 33.02, 29.273, 0, 0, 0, 0, 0, 0, 0, 0, 0, 0, 0, 0, 0, 0, 0, 0, 0, 0, 0, 0, 0, 0, 0, 0
17:29:54, 2143.70, 30.25, 33.04, 29.281, 0, 0, 0, 0, 0, 0, 0, 0, 0, 0, 0, 0, 0, 0, 0, 0, 0, 0, 0, 0, 0, 0, 0, 0
17:29:55, 2125.80, 30.25, 33.00, 29.281, 0, 0, 0, 0, 0, 0, 0, 0, 0, 0, 0, 0, 0, 0, 0, 0, 0, 0, 0, 0, 0, 0, 0, 0
17:29:56, 2106.50, 30.25, 33.00, 29.273, 0, 0, 0, 0, 0, 0, 0, 0, 0, 0, 0, 0, 0, 0, 0, 0, 0, 0, 0, 0, 0, 0, 0, 0
17:29:56, 2109.20, 30.25, 33.02, 29.273, 0, 0, 0, 0, 0, 0, 0, 0, 0, 0, 0, 0, 0, 0, 0, 0, 0, 0, 0, 0, 0, 0, 0, 0
17:29:57, 2120.50, 30.25, 33.06, 29.273, 0, 0, 0, 0, 0, 0, 0, 0, 0, 0, 0, 0, 0, 0, 0, 0, 0, 0, 0, 0, 0, 0, 0, 0
17:29:58, 2119.30, 30.24, 33.02, 29.273, 0, 0, 0, 0, 0, 0, 0, 0, 0, 0, 0, 0, 0, 0, 0, 0, 0, 0, 0, 0, 0, 0, 0, 0
17:29:58, 2117.90, 30.24, 33.06, 29.273, 0, 0, 0, 0, 0, 0, 0, 0, 0, 0, 0, 0, 0, 0, 0, 0, 0, 0, 0, 0, 0, 0, 0, 0
17:29:59, 2114.60, 30.24, 33.04, 29.281, 0, 0, 0, 0, 0, 0, 0, 0, 0, 0, 0, 0, 0, 0, 0, 0, 0, 0, 0, 0, 0, 0, 0, 0
17:30:00, 2113.80, 30.24, 33.08, 29.273, 0, 0, 0, 0, 0, 0, 0, 0, 0, 0, 0, 0, 0, 0, 0, 0, 0, 0, 0, 0, 0, 0, 0, 0
17:30:00, 2115.50, 30.24, 33.00, 29.273, 0, 0, 0, 0, 0, 0, 0, 0, 0, 0, 0, 0, 0, 0, 0, 0, 0, 0, 0, 0, 0, 0, 0, 0
17:30:01, 2126.10, 30.23, 33.02, 29.273, 0, 0, 0, 0, 0, 0, 0, 0, 0, 0, 0, 0, 0, 0, 0, 0, 0, 0, 0, 0, 0, 0, 0, 0
17:30:02, 2125.30, 30.23, 33.06, 29.273, 0, 0, 0, 0, 0, 0, 0, 0, 0, 0, 0, 0, 0, 0, 0, 0, 0, 0, 0, 0, 0, 0, 0, 0
17:30:02, 2131.20, 30.23, 33.02, 29.273, 0, 0, 0, 0, 0, 0, 0, 0, 0, 0, 0, 0, 0, 0, 0, 0, 0, 0, 0, 0, 0, 0, 0, 0
17:30:03, 2134.50, 30.23, 33.00, 29.273, 0, 0, 0, 0, 0, 0, 0, 0, 0, 0, 0, 0, 0, 0, 0, 0, 0, 0, 0, 0, 0, 0, 0, 0
17:30:04, 2141.20, 30.23, 33.04, 29.273, 0, 0, 0, 0, 0, 0, 0, 0, 0, 0, 0, 0, 0, 0, 0, 0, 0, 0, 0, 0, 0, 0, 0, 0
17:30:04, 2141.90, 30.23, 33.02, 29.273, 0, 0, 0, 0, 0, 0, 0, 0, 0, 0, 0, 0, 0, 0, 0, 0, 0, 0, 0, 0, 0, 0, 0, 0
17:30:05, 2143.10, 30.22, 33.02, 29.266, 0, 0, 0, 0, 0, 0, 0, 0, 0, 0, 0, 0, 0, 0, 0, 0, 0, 0, 0, 0, 0, 0, 0, 0
17:30:06, 2146.50, 30.22, 33.06, 29.273, 0, 0, 0, 0, 0, 0, 0, 0, 0, 0, 0, 0, 0, 0, 0, 0, 0, 0, 0, 0, 0, 0, 0, 0
17:30:06, 2148.70, 30.22, 33.02, 29.273, 0, 0, 0, 0, 0, 0, 0, 0, 0, 0, 0, 0, 0, 0, 0, 0, 0, 0, 0, 0, 0, 0, 0, 0
17:30:07, 2158.10, 30.22, 33.02, 29.273, 0, 0, 0, 0, 0, 0, 0, 0, 0, 0, 0, 0, 0, 0, 0, 0, 0, 0, 0, 0, 0, 0, 0, 0
17:30:08, 2163.40, 30.22, 33.04, 29.273, 0, 0, 0, 0, 0, 0, 0, 0, 0, 0, 0, 0, 0, 0, 0, 0, 0, 0, 0, 0, 0, 0, 0, 0
17:30:08, 2162.90, 30.22, 33.00, 29.273, 0, 0, 0, 0, 0, 0, 0, 0, 0, 0, 0, 0, 0, 0, 0, 0, 0, 0, 0, 0, 0, 0, 0, 0
17:30:09, 2167.50, 30.22, 33.06, 29.266, 0, 0, 0, 0, 0, 0, 0, 0, 0, 0, 0, 0, 0, 0, 0, 0, 0, 0, 0, 0, 0, 0, 0, 0
17:30:10, 2173.10, 30.21, 33.02, 29.273, 0, 0, 0, 0, 0, 0, 0, 0, 0, 0, 0, 0, 0, 0, 0, 0, 0, 0, 0, 0, 0, 0, 0, 0
17:30:10, 2173.70, 30.21, 32.98, 29.273, 0, 0, 0, 0, 0, 0, 0, 0, 0, 0, 0, 0, 0, 0, 0, 0, 0, 0, 0, 0, 0, 0, 0, 0
17:30:11, 2174.00, 30.21, 33.02, 29.273, 0, 0, 0, 0, 0, 0, 0, 0, 0, 0, 0, 0, 0, 0, 0, 0, 0, 0, 0, 0, 0, 0, 0, 0
17:30:12, 2175.10, 30.21, 33.00, 29.281, 0, 0, 0, 0, 0, 0, 0, 0, 0, 0, 0, 0, 0, 0, 0, 0, 0, 0, 0, 0, 0, 0, 0, 0
17:30:12, 2179.20, 30.21, 32.98, 29.281, 0, 0, 0, 0, 0, 0, 0, 0, 0, 0, 0, 0, 0, 0, 0, 0, 0, 0, 0, 0, 0, 0, 0, 0
17:30:13, 2182.40, 30.21, 32.98, 29.273, 0, 0, 0, 0, 0, 0, 0, 0, 0, 0, 0, 0, 0, 0, 0, 0, 0, 0, 0, 0, 0, 0, 0, 0
17:30:14, 2185.70, 30.21, 32.98, 29.273, 0, 0, 0, 0, 0, 0, 0, 0, 0, 0, 0, 0, 0, 0, 0, 0, 0, 0, 0, 0, 0, 0, 0, 0
17:30:14, 2189.40, 30.20, 33.00, 29.273, 0, 0, 0, 0, 0, 0, 0, 0, 0, 0, 0, 0, 0, 0, 0, 0, 0, 0, 0, 0, 0, 0, 0, 0
17:30:15, 2194.80, 30.20, 33.06, 29.273, 0, 0, 0, 0, 0, 0, 0, 0, 0, 0, 0, 0, 0, 0, 0, 0, 0, 0, 0, 0, 0, 0, 0, 0
17:30:16, 2198.90, 30.20, 33.06, 29.273, 0, 0, 0, 0, 0, 0, 0, 0, 0, 0, 0, 0, 0, 0, 0, 0, 0, 0, 0, 0, 0, 0, 0, 0
17:30:16, 2199.10, 30.20, 32.98, 29.273, 0, 0, 0, 0, 0, 0, 0, 0, 0, 0, 0, 0, 0, 0, 0, 0, 0, 0, 0, 0, 0, 0, 0, 0
17:30:17, 2206.60, 30.20, 32.98, 29.266, 0, 0, 0, 0, 0, 0, 0, 0, 0, 0, 0, 0, 0, 0, 0, 0, 0, 0, 0, 0, 0, 0, 0, 0
17:30:18, 2215.00, 30.19, 33.02, 29.273, 0, 0, 0, 0, 0, 0, 0, 0, 0, 0, 0, 0, 0, 0, 0, 0, 0, 0, 0, 0, 0, 0, 0, 0
17:30:18, 2217.10, 30.19, 32.98, 29.273, 0, 0, 0, 0, 0, 0, 0, 0, 0, 0, 0, 0, 0, 0, 0, 0, 0, 0, 0, 0, 0, 0, 0, 0
17:30:19, 2223.00, 30.19, 33.00, 29.273, 0, 0, 0, 0, 0, 0, 0, 0, 0, 0, 0, 0, 0, 0, 0, 0, 0, 0, 0, 0, 0, 0, 0, 0
17:30:20, 2225.90, 30.19, 33.02, 29.281, 0, 0, 0, 0, 0, 0, 0, 0, 0, 0, 0, 0, 0, 0, 0, 0, 0, 0, 0, 0, 0, 0, 0, 0
17:30:20, 2232.50, 30.18, 33.00, 29.281, 0, 0, 0, 0, 0, 0, 0, 0, 0, 0, 0, 0, 0, 0, 0, 0, 0, 0, 0, 0, 0, 0, 0, 0
17:30:21, 2237.30, 30.18, 33.00, 29.266, 0, 0, 0, 0, 0, 0, 0, 0, 0, 0, 0, 0, 0, 0, 0, 0, 0, 0, 0, 0, 0, 0, 0, 0
17:30:22, 2240.70, 30.18, 33.06, 29.273, 0, 0, 0, 0, 0, 0, 0, 0, 0, 0, 0, 0, 0, 0, 0, 0, 0, 0, 0, 0, 0, 0, 0, 0
17:30:22, 2244.50, 30.18, 32.98, 29.273, 0, 0, 0, 0, 0, 0, 0, 0, 0, 0, 0, 0, 0, 0, 0, 0, 0, 0, 0, 0, 0, 0, 0, 0
17:30:23, 2250.20, 30.18, 33.02, 29.266, 0, 0, 0, 0, 0, 0, 0, 0, 0, 0, 0, 0, 0, 0, 0, 0, 0, 0, 0, 0, 0, 0, 0, 0
17:30:24, 2256.50, 30.17, 33.00, 29.273, 0, 0, 0, 0, 0, 0, 0, 0, 0, 0, 0, 0, 0, 0, 0, 0, 0, 0, 0, 0, 0, 0, 0, 0
17:30:24, 2259.60, 30.17, 33.02, 29.273, 0, 0, 0, 0, 0, 0, 0, 0, 0, 0, 0, 0, 0, 0, 0, 0, 0, 0, 0, 0, 0, 0, 0, 0
17:30:25, 2267.00, 30.17, 33.04, 29.266, 0, 0, 0, 0, 0, 0, 0, 0, 0, 0, 0, 0, 0, 0, 0, 0, 0, 0, 0, 0, 0, 0, 0, 0
17:30:26, 2269.50, 30.17, 33.04, 29.273, 0, 0, 0, 0, 0, 0, 0, 0, 0, 0, 0, 0, 0, 0, 0, 0, 0, 0, 0, 0, 0, 0, 0, 0
17:30:26, 2272.90, 30.16, 33.04, 29.273, 0, 0, 0, 0, 0, 0, 0, 0, 0, 0, 0, 0, 0, 0, 0, 0, 0, 0, 0, 0, 0, 0, 0, 0
17:30:27, 2280.20, 30.16, 33.00, 29.266, 0, 0, 0, 0, 0, 0, 0, 0, 0, 0, 0, 0, 0, 0, 0, 0, 0, 0, 0, 0, 0, 0, 0, 0
17:30:28, 2282.60, 30.16, 33.00, 29.273, 0, 0, 0, 0, 0, 0, 0, 0, 0, 0, 0, 0, 0, 0, 0, 0, 0, 0, 0, 0, 0, 0, 0, 0
17:30:28, 2285.20, 30.16, 32.98, 29.273, 0, 0, 0, 0, 0, 0, 0, 0, 0, 0, 0, 0, 0, 0, 0, 0, 0, 0, 0, 0, 0, 0, 0, 0
17:30:29, 2292.30, 30.16, 32.97, 29.266, 0, 0, 0, 0, 0, 0, 0, 0, 0, 0, 0, 0, 0, 0, 0, 0, 0, 0, 0, 0, 0, 0, 0, 0
17:30:30, 2296.50, 30.16, 33.00, 29.273, 0, 0, 0, 0, 0, 0, 0, 0, 0, 0, 0, 0, 0, 0, 0, 0, 0, 0, 0, 0, 0, 0, 0, 0
17:30:30, 2299.60, 30.15, 33.02, 29.273, 0, 0, 0, 0, 0, 0, 0, 0, 0, 0, 0, 0, 0, 0, 0, 0, 0, 0, 0, 0, 0, 0, 0, 0
17:30:31, 2304.40, 30.15, 32.98, 29.266, 0, 0, 0, 0, 0, 0, 0, 0, 0, 0, 0, 0, 0, 0, 0, 0, 0, 0, 0, 0, 0, 0, 0, 0
17:30:32, 2311.60, 30.15, 33.04, 29.273, 0, 0, 0, 0, 0, 0, 0, 0, 0, 0, 0, 0, 0, 0, 0, 0, 0, 0, 0, 0, 0, 0, 0, 0
17:30:32, 2318.30, 30.15, 33.00, 29.273, 0, 0, 0, 0, 0, 0, 0, 0, 0, 0, 0, 0, 0, 0, 0, 0, 0, 0, 0, 0, 0, 0, 0, 0
17:30:33, 2318.90, 30.14, 33.02, 29.273, 0, 0, 0, 0, 0, 0, 0, 0, 0, 0, 0, 0, 0, 0, 0, 0, 0, 0, 0, 0, 0, 0, 0, 0
17:30:34, 2323.10, 30.14, 33.00, 29.273, 0, 0, 0, 0, 0, 0, 0, 0, 0, 0, 0, 0, 0, 0, 0, 0, 0, 0, 0, 0, 0, 0, 0, 0
17:30:34, 2322.00, 30.14, 32.98, 29.273, 0, 0, 0, 0, 0, 0, 0, 0, 0, 0, 0, 0, 0, 0, 0, 0, 0, 0, 0, 0, 0, 0, 0, 0
17:30:35, 2322.50, 30.14, 32.98, 29.266, 0, 0, 0, 0, 0, 0, 0, 0, 0, 0, 0, 0, 0, 0, 0, 0, 0, 0, 0, 0, 0, 0, 0, 0
17:30:36, 2324.70, 30.14, 32.97, 29.273, 0, 0, 0, 0, 0, 0, 0, 0, 0, 0, 0, 0, 0, 0, 0, 0, 0, 0, 0, 0, 0, 0, 0, 0
17:30:36, 2324.70, 30.14, 33.00, 29.273, 0, 0, 0, 0, 0, 0, 0, 0, 0, 0, 0, 0, 0, 0, 0, 0, 0, 0, 0, 0, 0, 0, 0, 0
17:30:37, 2329.50, 30.14, 33.02, 29.266, 0, 0, 0, 0, 0, 0, 0, 0, 0, 0, 0, 0, 0, 0, 0, 0, 0, 0, 0, 0, 0, 0, 0, 0
17:30:38, 2335.90, 30.14, 33.00, 29.273, 0, 0, 0, 0, 0, 0, 0, 0, 0, 0, 0, 0, 0, 0, 0, 0, 0, 0, 0, 0, 0, 0, 0, 0
17:30:38, 2339.20, 30.14, 33.02, 29.273, 0, 0, 0, 0, 0, 0, 0, 0, 0, 0, 0, 0, 0, 0, 0, 0, 0, 0, 0, 0, 0, 0, 0, 0
17:30:39, 2342.70, 30.14, 33.04, 29.273, 0, 0, 0, 0, 0, 0, 0, 0, 0, 0, 0, 0, 0, 0, 0, 0, 0, 0, 0, 0, 0, 0, 0, 0
17:30:40, 2341.00, 30.14, 32.98, 29.273, 0, 0, 0, 0, 0, 0, 0, 0, 0, 0, 0, 0, 0, 0, 0, 0, 0, 0, 0, 0, 0, 0, 0, 0
17:30:40, 2341.10, 30.14, 33.02, 29.266, 0, 0, 0, 0, 0, 0, 0, 0, 0, 0, 0, 0, 0, 0, 0, 0, 0, 0, 0, 0, 0, 0, 0, 0
17:30:41, 2348.40, 30.13, 33.00, 29.266, 0, 0, 0, 0, 0, 0, 0, 0, 0, 0, 0, 0, 0, 0, 0, 0, 0, 0, 0, 0, 0, 0, 0, 0
17:30:42, 2371.10, 30.13, 33.00, 29.266, 0, 0, 0, 0, 0, 0, 0, 0, 0, 0, 0, 0, 0, 0, 0, 0, 0, 0, 0, 0, 0, 0, 0, 0
17:30:42, 2387.00, 30.13, 32.98, 29.273, 0, 0, 0, 0, 0, 0, 0, 0, 0, 0, 0, 0, 0, 0, 0, 0, 0, 0, 0, 0, 0, 0, 0, 0
17:30:43, 2387.10, 30.13, 33.02, 29.266, 0, 0, 0, 0, 0, 0, 0, 0, 0, 0, 0, 0, 0, 0, 0, 0, 0, 0, 0, 0, 0, 0, 0, 0
17:30:44, 2387.10, 30.12, 32.98, 29.266, 0, 0, 0, 0, 0, 0, 0, 0, 0, 0, 0, 0, 0, 0, 0, 0, 0, 0, 0, 0, 0, 0, 0, 0
17:30:44, 2386.60, 30.12, 32.98, 29.266, 0, 0, 0, 0, 0, 0, 0, 0, 0, 0, 0, 0, 0, 0, 0, 0, 0, 0, 0, 0, 0, 0, 0, 0
17:30:45, 2387.00, 30.11, 32.98, 29.273, 0, 0, 0, 0, 0, 0, 0, 0, 0, 0, 0, 0, 0, 0, 0, 0, 0, 0, 0, 0, 0, 0, 0, 0
17:30:46, 2386.80, 30.11, 33.02, 29.273, 0, 0, 0, 0, 0, 0, 0, 0, 0, 0, 0, 0, 0, 0, 0, 0, 0, 0, 0, 0, 0, 0, 0, 0
17:30:46, 2386.40, 30.11, 32.97, 29.273, 0, 0, 0, 0, 0, 0, 0, 0, 0, 0, 0, 0, 0, 0, 0, 0, 0, 0, 0, 0, 0, 0, 0, 0
17:30:47, 2386.70, 30.11, 32.97, 29.266, 0, 0, 0, 0, 0, 0, 0, 0, 0, 0, 0, 0, 0, 0, 0, 0, 0, 0, 0, 0, 0, 0, 0, 0
17:30:48, 2386.60, 30.11, 32.98, 29.266, 0, 0, 0, 0, 0, 0, 0, 0, 0, 0, 0, 0, 0, 0, 0, 0, 0, 0, 0, 0, 0, 0, 0, 0
17:30:48, 2386.50, 30.11, 32.98, 29.273, 0, 0, 0, 0, 0, 0, 0, 0, 0, 0, 0, 0, 0, 0, 0, 0, 0, 0, 0, 0, 0, 0, 0, 0
17:30:49, 2385.30, 30.11, 32.97, 29.273, 0, 0, 0, 0, 0, 0, 0, 0, 0, 0, 0, 0, 0, 0, 0, 0, 0, 0, 0, 0, 0, 0, 0, 0
17:30:50, 2385.30, 30.11, 32.98, 29.273, 0, 0, 0, 0, 0, 0, 0, 0, 0, 0, 0, 0, 0, 0, 0, 0, 0, 0, 0, 0, 0, 0, 0, 0
17:30:50, 2384.70, 30.12, 33.00, 29.266, 0, 0, 0, 0, 0, 0, 0, 0, 0, 0, 0, 0, 0, 0, 0, 0, 0, 0, 0, 0, 0, 0, 0, 0
17:30:51, 2384.80, 30.11, 32.98, 29.266, 0, 0, 0, 0, 0, 0, 0, 0, 0, 0, 0, 0, 0, 0, 0, 0, 0, 0, 0, 0, 0, 0, 0, 0
17:30:52, 2384.80, 30.11, 33.00, 29.266, 0, 0, 0, 0, 0, 0, 0, 0, 0, 0, 0, 0, 0, 0, 0, 0, 0, 0, 0, 0, 0, 0, 0, 0
17:30:52, 2384.90, 30.11, 33.00, 29.258, 0, 0, 0, 0, 0, 0, 0, 0, 0, 0, 0, 0, 0, 0, 0, 0, 0, 0, 0, 0, 0, 0, 0, 0
17:30:53, 2384.80, 30.11, 32.98, 29.258, 0, 0, 0, 0, 0, 0, 0, 0, 0, 0, 0, 0, 0, 0, 0, 0, 0, 0, 0, 0, 0, 0, 0, 0
17:30:54, 2384.80, 30.11, 32.98, 29.258, 0, 0, 0, 0, 0, 0, 0, 0, 0, 0, 0, 0, 0, 0, 0, 0, 0, 0, 0, 0, 0, 0, 0, 0
17:30:54, 2384.80, 30.11, 32.98, 29.242, 0, 0, 0, 0, 0, 0, 0, 0, 0, 0, 0, 0, 0, 0, 0, 0, 0, 0, 0, 0, 0, 0, 0, 0
17:30:55, 2385.00, 30.12, 32.98, 29.250, 0, 0, 0, 0, 0, 0, 0, 0, 0, 0, 0, 0, 0, 0, 0, 0, 0, 0, 0, 0, 0, 0, 0, 0
17:30:56, 2384.90, 30.12, 33.00, 29.250, 0, 0, 0, 0, 0, 0, 0, 0, 0, 0, 0, 0, 0, 0, 0, 0, 0, 0, 0, 0, 0, 0, 0, 0
17:30:56, 2384.90, 30.12, 32.98, 29.242, 0, 0, 0, 0, 0, 0, 0, 0, 0, 0, 0, 0, 0, 0, 0, 0, 0, 0, 0, 0, 0, 0, 0, 0
17:30:57, 2385.00, 30.12, 32.98, 29.250, 0, 0, 0, 0, 0, 0, 0, 0, 0, 0, 0, 0, 0, 0, 0, 0, 0, 0, 0, 0, 0, 0, 0, 0
17:30:58, 2384.70, 30.12, 32.98, 29.250, 0, 0, 0, 0, 0, 0, 0, 0, 0, 0, 0, 0, 0, 0, 0, 0, 0, 0, 0, 0, 0, 0, 0, 0
17:30:58, 2384.40, 30.12, 32.97, 29.242, 0, 0, 0, 0, 0, 0, 0, 0, 0, 0, 0, 0, 0, 0, 0, 0, 0, 0, 0, 0, 0, 0, 0, 0
17:30:59, 2384.80, 30.12, 33.00, 29.242, 0, 0, 0, 0, 0, 0, 0, 0, 0, 0, 0, 0, 0, 0, 0, 0, 0, 0, 0, 0, 0, 0, 0, 0
17:31:00, 2384.80, 30.12, 32.98, 29.242, 0, 0, 0, 0, 0, 0, 0, 0, 0, 0, 0, 0, 0, 0, 0, 0, 0, 0, 0, 0, 0, 0, 0, 0
17:31:00, 2384.40, 30.13, 33.00, 29.242, 0, 0, 0, 0, 0, 0, 0, 0, 0, 0, 0, 0, 0, 0, 0, 0, 0, 0, 0, 0, 0, 0, 0, 0
17:31:01, 2384.00, 30.13, 32.98, 29.242, 0, 0, 0, 0, 0, 0, 0, 0, 0, 0, 0, 0, 0, 0, 0, 0, 0, 0, 0, 0, 0, 0, 0, 0
17:31:02, 2383.60, 30.13, 32.98, 29.242, 0, 0, 0, 0, 0, 0, 0, 0, 0, 0, 0, 0, 0, 0, 0, 0, 0, 0, 0, 0, 0, 0, 0, 0
17:31:02, 2384.70, 30.13, 32.98, 29.234, 0, 0, 0, 0, 0, 0, 0, 0, 0, 0, 0, 0, 0, 0, 0, 0, 0, 0, 0, 0, 0, 0, 0, 0
17:31:03, 2384.60, 30.13, 32.98, 29.242, 0, 0, 0, 0, 0, 0, 0, 0, 0, 0, 0, 0, 0, 0, 0, 0, 0, 0, 0, 0, 0, 0, 0, 0
17:31:04, 2384.60, 30.13, 33.00, 29.242, 0, 0, 0, 0, 0, 0, 0, 0, 0, 0, 0, 0, 0, 0, 0, 0, 0, 0, 0, 0, 0, 0, 0, 0
17:31:04, 2383.10, 30.13, 32.97, 29.242, 0, 0, 0, 0, 0, 0, 0, 0, 0, 0, 0, 0, 0, 0, 0, 0, 0, 0, 0, 0, 0, 0, 0, 0
17:31:05, 2382.60, 30.14, 32.97, 29.242, 0, 0, 0, 0, 0, 0, 0, 0, 0, 0, 0, 0, 0, 0, 0, 0, 0, 0, 0, 0, 0, 0, 0, 0
17:31:06, 2381.90, 30.14, 32.95, 29.242, 0, 0, 0, 0, 0, 0, 0, 0, 0, 0, 0, 0, 0, 0, 0, 0, 0, 0, 0, 0, 0, 0, 0, 0
17:31:06, 2380.80, 30.14, 32.97, 29.242, 0, 0, 0, 0, 0, 0, 0, 0, 0, 0, 0, 0, 0, 0, 0, 0, 0, 0, 0, 0, 0, 0, 0, 0
17:31:07, 2381.10, 30.13, 32.98, 29.250, 0, 0, 0, 0, 0, 0, 0, 0, 0, 0, 0, 0, 0, 0, 0, 0, 0, 0, 0, 0, 0, 0, 0, 0
17:31:08, 2381.60, 30.13, 32.97, 29.250, 0, 0, 0, 0, 0, 0, 0, 0, 0, 0, 0, 0, 0, 0, 0, 0, 0, 0, 0, 0, 0, 0, 0, 0
17:31:08, 2379.60, 30.13, 32.98, 29.250, 0, 0, 0, 0, 0, 0, 0, 0, 0, 0, 0, 0, 0, 0, 0, 0, 0, 0, 0, 0, 0, 0, 0, 0
17:31:09, 2380.20, 30.13, 32.95, 29.250, 0, 0, 0, 0, 0, 0, 0, 0, 0, 0, 0, 0, 0, 0, 0, 0, 0, 0, 0, 0, 0, 0, 0, 0
17:31:10, 2381.10, 30.12, 32.97, 29.250, 0, 0, 0, 0, 0, 0, 0, 0, 0, 0, 0, 0, 0, 0, 0, 0, 0, 0, 0, 0, 0, 0, 0, 0
17:31:10, 2380.00, 30.12, 32.97, 29.250, 0, 0, 0, 0, 0, 0, 0, 0, 0, 0, 0, 0, 0, 0, 0, 0, 0, 0, 0, 0, 0, 0, 0, 0
17:31:11, 2378.00, 30.12, 32.97, 29.258, 0, 0, 0, 0, 0, 0, 0, 0, 0, 0, 0, 0, 0, 0, 0, 0, 0, 0, 0, 0, 0, 0, 0, 0
17:31:12, 2377.30, 30.11, 32.98, 29.258, 0, 0, 0, 0, 0, 0, 0, 0, 0, 0, 0, 0, 0, 0, 0, 0, 0, 0, 0, 0, 0, 0, 0, 0
17:31:12, 2377.40, 30.11, 33.00, 29.250, 0, 0, 0, 0, 0, 0, 0, 0, 0, 0, 0, 0, 0, 0, 0, 0, 0, 0, 0, 0, 0, 0, 0, 0
17:31:13, 2377.90, 30.11, 32.98, 29.258, 0, 0, 0, 0, 0, 0, 0, 0, 0, 0, 0, 0, 0, 0, 0, 0, 0, 0, 0, 0, 0, 0, 0, 0
17:31:14, 2378.40, 30.11, 32.98, 29.258, 0, 0, 0, 0, 0, 0, 0, 0, 0, 0, 0, 0, 0, 0, 0, 0, 0, 0, 0, 0, 0, 0, 0, 0
17:31:14, 2377.90, 30.10, 32.98, 29.250, 0, 0, 0, 0, 0, 0, 0, 0, 0, 0, 0, 0, 0, 0, 0, 0, 0, 0, 0, 0, 0, 0, 0, 0
17:31:15, 2380.80, 30.10, 32.97, 29.258, 0, 0, 0, 0, 0, 0, 0, 0, 0, 0, 0, 0, 0, 0, 0, 0, 0, 0, 0, 0, 0, 0, 0, 0
17:31:16, 2373.80, 30.10, 32.95, 29.258, 0, 0, 0, 0, 0, 0, 0, 0, 0, 0, 0, 0, 0, 0, 0, 0, 0, 0, 0, 0, 0, 0, 0, 0
17:31:16, 2366.80, 30.09, 32.93, 29.258, 0, 0, 0, 0, 0, 0, 0, 0, 0, 0, 0, 0, 0, 0, 0, 0, 0, 0, 0, 0, 0, 0, 0, 0
17:31:17, 2374.40, 30.09, 32.97, 29.266, 0, 0, 0, 0, 0, 0, 0, 0, 0, 0, 0, 0, 0, 0, 0, 0, 0, 0, 0, 0, 0, 0, 0, 0
17:31:18, 2374.70, 30.09, 32.98, 29.266, 0, 0, 0, 0, 0, 0, 0, 0, 0, 0, 0, 0, 0, 0, 0, 0, 0, 0, 0, 0, 0, 0, 0, 0
17:31:18, 2375.00, 30.08, 32.95, 29.258, 0, 0, 0, 0, 0, 0, 0, 0, 0, 0, 0, 0, 0, 0, 0, 0, 0, 0, 0, 0, 0, 0, 0, 0
17:31:19, 2374.60, 30.08, 32.93, 29.258, 0, 0, 0, 0, 0, 0, 0, 0, 0, 0, 0, 0, 0, 0, 0, 0, 0, 0, 0, 0, 0, 0, 0, 0
17:31:20, 2372.20, 30.07, 32.98, 29.258, 0, 0, 0, 0, 0, 0, 0, 0, 0, 0, 0, 0, 0, 0, 0, 0, 0, 0, 0, 0, 0, 0, 0, 0
17:31:20, 2373.20, 30.07, 32.97, 29.258, 0, 0, 0, 0, 0, 0, 0, 0, 0, 0, 0, 0, 0, 0, 0, 0, 0, 0, 0, 0, 0, 0, 0, 0
17:31:21, 2367.50, 30.07, 32.97, 29.266, 0, 0, 0, 0, 0, 0, 0, 0, 0, 0, 0, 0, 0, 0, 0, 0, 0, 0, 0, 0, 0, 0, 0, 0
17:31:22, 2369.40, 30.07, 32.97, 29.266, 0, 0, 0, 0, 0, 0, 0, 0, 0, 0, 0, 0, 0, 0, 0, 0, 0, 0, 0, 0, 0, 0, 0, 0
17:31:22, 2362.90, 30.07, 33.00, 29.266, 0, 0, 0, 0, 0, 0, 0, 0, 0, 0, 0, 0, 0, 0, 0, 0, 0, 0, 0, 0, 0, 0, 0, 0
17:31:23, 2363.20, 30.07, 32.97, 29.266, 0, 0, 0, 0, 0, 0, 0, 0, 0, 0, 0, 0, 0, 0, 0, 0, 0, 0, 0, 0, 0, 0, 0, 0
17:31:24, 2357.00, 30.07, 32.95, 29.266, 0, 0, 0, 0, 0, 0, 0, 0, 0, 0, 0, 0, 0, 0, 0, 0, 0, 0, 0, 0, 0, 0, 0, 0
17:31:24, 2352.30, 30.07, 32.93, 29.258, 0, 0, 0, 0, 0, 0, 0, 0, 0, 0, 0, 0, 0, 0, 0, 0, 0, 0, 0, 0, 0, 0, 0, 0
17:31:25, 2355.10, 30.06, 32.98, 29.258, 0, 0, 0, 0, 0, 0, 0, 0, 0, 0, 0, 0, 0, 0, 0, 0, 0, 0, 0, 0, 0, 0, 0, 0
17:31:26, 2343.90, 30.07, 32.97, 29.266, 0, 0, 0, 0, 0, 0, 0, 0, 0, 0, 0, 0, 0, 0, 0, 0, 0, 0, 0, 0, 0, 0, 0, 0
17:31:26, 2348.00, 30.06, 32.95, 29.250, 0, 0, 0, 0, 0, 0, 0, 0, 0, 0, 0, 0, 0, 0, 0, 0, 0, 0, 0, 0, 0, 0, 0, 0
17:31:27, 2344.00, 30.07, 32.97, 29.250, 0, 0, 0, 0, 0, 0, 0, 0, 0, 0, 0, 0, 0, 0, 0, 0, 0, 0, 0, 0, 0, 0, 0, 0
17:31:28, 2342.40, 30.06, 32.91, 29.258, 0, 0, 0, 0, 0, 0, 0, 0, 0, 0, 0, 0, 0, 0, 0, 0, 0, 0, 0, 0, 0, 0, 0, 0
17:31:28, 2340.90, 30.06, 32.98, 29.266, 0, 0, 0, 0, 0, 0, 0, 0, 0, 0, 0, 0, 0, 0, 0, 0, 0, 0, 0, 0, 0, 0, 0, 0
17:31:29, 2336.10, 30.06, 32.93, 29.266, 0, 0, 0, 0, 0, 0, 0, 0, 0, 0, 0, 0, 0, 0, 0, 0, 0, 0, 0, 0, 0, 0, 0, 0
17:31:30, 2335.90, 30.06, 32.98, 29.266, 0, 0, 0, 0, 0, 0, 0, 0, 0, 0, 0, 0, 0, 0, 0, 0, 0, 0, 0, 0, 0, 0, 0, 0
17:31:30, 2331.00, 30.06, 32.95, 29.266, 0, 0, 0, 0, 0, 0, 0, 0, 0, 0, 0, 0, 0, 0, 0, 0, 0, 0, 0, 0, 0, 0, 0, 0
17:31:31, 2325.60, 30.06, 32.93, 29.266, 0, 0, 0, 0, 0, 0, 0, 0, 0, 0, 0, 0, 0, 0, 0, 0, 0, 0, 0, 0, 0, 0, 0, 0
17:31:32, 2325.60, 30.06, 32.95, 29.266, 0, 0, 0, 0, 0, 0, 0, 0, 0, 0, 0, 0, 0, 0, 0, 0, 0, 0, 0, 0, 0, 0, 0, 0
17:31:32, 2322.90, 30.06, 32.91, 29.266, 0, 0, 0, 0, 0, 0, 0, 0, 0, 0, 0, 0, 0, 0, 0, 0, 0, 0, 0, 0, 0, 0, 0, 0
17:31:33, 2317.20, 30.06, 32.97, 29.266, 0, 0, 0, 0, 0, 0, 0, 0, 0, 0, 0, 0, 0, 0, 0, 0, 0, 0, 0, 0, 0, 0, 0, 0
17:31:34, 2317.60, 30.06, 32.95, 29.266, 0, 0, 0, 0, 0, 0, 0, 0, 0, 0, 0, 0, 0, 0, 0, 0, 0, 0, 0, 0, 0, 0, 0, 0
17:31:34, 2312.60, 30.06, 32.97, 29.266, 0, 0, 0, 0, 0, 0, 0, 0, 0, 0, 0, 0, 0, 0, 0, 0, 0, 0, 0, 0, 0, 0, 0, 0
17:31:35, 2310.70, 30.06, 32.95, 29.266, 0, 0, 0, 0, 0, 0, 0, 0, 0, 0, 0, 0, 0, 0, 0, 0, 0, 0, 0, 0, 0, 0, 0, 0
17:31:36, 2310.20, 30.06, 32.95, 29.266, 0, 0, 0, 0, 0, 0, 0, 0, 0, 0, 0, 0, 0, 0, 0, 0, 0, 0, 0, 0, 0, 0, 0, 0
17:31:36, 2303.00, 30.06, 32.95, 29.266, 0, 0, 0, 0, 0, 0, 0, 0, 0, 0, 0, 0, 0, 0, 0, 0, 0, 0, 0, 0, 0, 0, 0, 0
17:31:37, 2300.10, 30.06, 32.97, 29.266, 0, 0, 0, 0, 0, 0, 0, 0, 0, 0, 0, 0, 0, 0, 0, 0, 0, 0, 0, 0, 0, 0, 0, 0
17:31:38, 2294.00, 30.06, 32.97, 29.266, 0, 0, 0, 0, 0, 0, 0, 0, 0, 0, 0, 0, 0, 0, 0, 0, 0, 0, 0, 0, 0, 0, 0, 0
17:31:38, 2288.40, 30.06, 32.93, 29.266, 0, 0, 0, 0, 0, 0, 0, 0, 0, 0, 0, 0, 0, 0, 0, 0, 0, 0, 0, 0, 0, 0, 0, 0
17:31:39, 2285.50, 30.06, 32.95, 29.266, 0, 0, 0, 0, 0, 0, 0, 0, 0, 0, 0, 0, 0, 0, 0, 0, 0, 0, 0, 0, 0, 0, 0, 0
17:31:40, 2276.10, 30.06, 32.95, 29.266, 0, 0, 0, 0, 0, 0, 0, 0, 0, 0, 0, 0, 0, 0, 0, 0, 0, 0, 0, 0, 0, 0, 0, 0
17:31:40, 2261.40, 30.06, 32.95, 29.266, 0, 0, 0, 0, 0, 0, 0, 0, 0, 0, 0, 0, 0, 0, 0, 0, 0, 0, 0, 0, 0, 0, 0, 0
17:31:41, 2262.20, 30.06, 32.97, 29.266, 0, 0, 0, 0, 0, 0, 0, 0, 0, 0, 0, 0, 0, 0, 0, 0, 0, 0, 0, 0, 0, 0, 0, 0
17:31:42, 2257.80, 30.06, 32.91, 29.258, 0, 0, 0, 0, 0, 0, 0, 0, 0, 0, 0, 0, 0, 0, 0, 0, 0, 0, 0, 0, 0, 0, 0, 0
17:31:42, 2257.50, 30.05, 32.93, 29.266, 0, 0, 0, 0, 0, 0, 0, 0, 0, 0, 0, 0, 0, 0, 0, 0, 0, 0, 0, 0, 0, 0, 0, 0
17:31:43, 2248.30, 30.05, 32.93, 29.266, 0, 0, 0, 0, 0, 0, 0, 0, 0, 0, 0, 0, 0, 0, 0, 0, 0, 0, 0, 0, 0, 0, 0, 0
17:31:44, 2240.50, 30.05, 32.93, 29.266, 0, 0, 0, 0, 0, 0, 0, 0, 0, 0, 0, 0, 0, 0, 0, 0, 0, 0, 0, 0, 0, 0, 0, 0
17:31:44, 2233.50, 30.05, 32.93, 29.273, 0, 0, 0, 0, 0, 0, 0, 0, 0, 0, 0, 0, 0, 0, 0, 0, 0, 0, 0, 0, 0, 0, 0, 0
17:31:45, 2226.30, 30.05, 32.93, 29.273, 0, 0, 0, 0, 0, 0, 0, 0, 0, 0, 0, 0, 0, 0, 0, 0, 0, 0, 0, 0, 0, 0, 0, 0
17:31:46, 2218.00, 30.05, 32.91, 29.266, 0, 0, 0, 0, 0, 0, 0, 0, 0, 0, 0, 0, 0, 0, 0, 0, 0, 0, 0, 0, 0, 0, 0, 0
17:31:46, 2216.60, 30.05, 32.97, 29.266, 0, 0, 0, 0, 0, 0, 0, 0, 0, 0, 0, 0, 0, 0, 0, 0, 0, 0, 0, 0, 0, 0, 0, 0
17:31:47, 2208.50, 30.05, 32.95, 29.266, 0, 0, 0, 0, 0, 0, 0, 0, 0, 0, 0, 0, 0, 0, 0, 0, 0, 0, 0, 0, 0, 0, 0, 0
17:31:48, 2201.10, 30.05, 32.97, 29.266, 0, 0, 0, 0, 0, 0, 0, 0, 0, 0, 0, 0, 0, 0, 0, 0, 0, 0, 0, 0, 0, 0, 0, 0
17:31:48, 2197.20, 30.05, 32.95, 29.273, 0, 0, 0, 0, 0, 0, 0, 0, 0, 0, 0, 0, 0, 0, 0, 0, 0, 0, 0, 0, 0, 0, 0, 0
17:31:49, 2192.60, 30.05, 32.95, 29.273, 0, 0, 0, 0, 0, 0, 0, 0, 0, 0, 0, 0, 0, 0, 0, 0, 0, 0, 0, 0, 0, 0, 0, 0
17:31:50, 2186.10, 30.05, 32.93, 29.266, 0, 0, 0, 0, 0, 0, 0, 0, 0, 0, 0, 0, 0, 0, 0, 0, 0, 0, 0, 0, 0, 0, 0, 0
17:31:50, 2184.00, 30.05, 32.91, 29.273, 0, 0, 0, 0, 0, 0, 0, 0, 0, 0, 0, 0, 0, 0, 0, 0, 0, 0, 0, 0, 0, 0, 0, 0
17:31:51, 2179.40, 30.05, 32.91, 29.273, 0, 0, 0, 0, 0, 0, 0, 0, 0, 0, 0, 0, 0, 0, 0, 0, 0, 0, 0, 0, 0, 0, 0, 0
17:31:52, 2168.70, 30.05, 32.93, 29.266, 0, 0, 0, 0, 0, 0, 0, 0, 0, 0, 0, 0, 0, 0, 0, 0, 0, 0, 0, 0, 0, 0, 0, 0
17:31:52, 2165.40, 30.05, 32.93, 29.266, 0, 0, 0, 0, 0, 0, 0, 0, 0, 0, 0, 0, 0, 0, 0, 0, 0, 0, 0, 0, 0, 0, 0, 0
17:31:53, 2162.80, 30.06, 32.91, 29.266, 0, 0, 0, 0, 0, 0, 0, 0, 0, 0, 0, 0, 0, 0, 0, 0, 0, 0, 0, 0, 0, 0, 0, 0
17:31:53, 2156.30, 30.06, 32.93, 29.266, 0, 0, 0, 0, 0, 0, 0, 0, 0, 0, 0, 0, 0, 0, 0, 0, 0, 0, 0, 0, 0, 0, 0, 0
17:31:54, 2152.60, 30.05, 32.93, 29.273, 0, 0, 0, 0, 0, 0, 0, 0, 0, 0, 0, 0, 0, 0, 0, 0, 0, 0, 0, 0, 0, 0, 0, 0
17:31:55, 2147.00, 30.05, 32.91, 29.273, 0, 0, 0, 0, 0, 0, 0, 0, 0, 0, 0, 0, 0, 0, 0, 0, 0, 0, 0, 0, 0, 0, 0, 0
17:31:55, 2137.90, 30.06, 32.89, 29.266, 0, 0, 0, 0, 0, 0, 0, 0, 0, 0, 0, 0, 0, 0, 0, 0, 0, 0, 0, 0, 0, 0, 0, 0
17:31:56, 2133.70, 30.05, 32.91, 29.273, 0, 0, 0, 0, 0, 0, 0, 0, 0, 0, 0, 0, 0, 0, 0, 0, 0, 0, 0, 0, 0, 0, 0, 0
17:31:57, 2125.60, 30.05, 32.93, 29.273, 0, 0, 0, 0, 0, 0, 0, 0, 0, 0, 0, 0, 0, 0, 0, 0, 0, 0, 0, 0, 0, 0, 0, 0
17:31:57, 2115.70, 30.06, 32.89, 29.266, 0, 0, 0, 0, 0, 0, 0, 0, 0, 0, 0, 0, 0, 0, 0, 0, 0, 0, 0, 0, 0, 0, 0, 0
17:31:58, 2111.90, 30.05, 32.93, 29.273, 0, 0, 0, 0, 0, 0, 0, 0, 0, 0, 0, 0, 0, 0, 0, 0, 0, 0, 0, 0, 0, 0, 0, 0
17:31:59, 2104.40, 30.06, 32.91, 29.273, 0, 0, 0, 0, 0, 0, 0, 0, 0, 0, 0, 0, 0, 0, 0, 0, 0, 0, 0, 0, 0, 0, 0, 0
17:31:59, 2093.10, 30.06, 32.89, 29.266, 0, 0, 0, 0, 0, 0, 0, 0, 0, 0, 0, 0, 0, 0, 0, 0, 0, 0, 0, 0, 0, 0, 0, 0
17:32:00, 2090.00, 30.06, 32.93, 29.273, 0, 0, 0, 0, 0, 0, 0, 0, 0, 0, 0, 0, 0, 0, 0, 0, 0, 0, 0, 0, 0, 0, 0, 0
17:32:01, 2078.00, 30.06, 32.93, 29.273, 0, 0, 0, 0, 0, 0, 0, 0, 0, 0, 0, 0, 0, 0, 0, 0, 0, 0, 0, 0, 0, 0, 0, 0
17:32:01, 2070.30, 30.06, 32.89, 29.266, 0, 0, 0, 0, 0, 0, 0, 0, 0, 0, 0, 0, 0, 0, 0, 0, 0, 0, 0, 0, 0, 0, 0, 0
17:32:02, 2063.60, 30.06, 32.91, 29.266, 0, 0, 0, 0, 0, 0, 0, 0, 0, 0, 0, 0, 0, 0, 0, 0, 0, 0, 0, 0, 0, 0, 0, 0
17:32:03, 2051.20, 30.05, 32.89, 29.266, 0, 0, 0, 0, 0, 0, 0, 0, 0, 0, 0, 0, 0, 0, 0, 0, 0, 0, 0, 0, 0, 0, 0, 0
17:32:03, 2045.70, 30.05, 32.95, 29.266, 0, 0, 0, 0, 0, 0, 0, 0, 0, 0, 0, 0, 0, 0, 0, 0, 0, 0, 0, 0, 0, 0, 0, 0
17:32:04, 2035.60, 30.05, 32.91, 29.273, 0, 0, 0, 0, 0, 0, 0, 0, 0, 0, 0, 0, 0, 0, 0, 0, 0, 0, 0, 0, 0, 0, 0, 0
17:32:05, 2022.60, 30.05, 32.89, 29.273, 0, 0, 0, 0, 0, 0, 0, 0, 0, 0, 0, 0, 0, 0, 0, 0, 0, 0, 0, 0, 0, 0, 0, 0
17:32:05, 2019.20, 30.05, 32.89, 29.266, 0, 0, 0, 0, 0, 0, 0, 0, 0, 0, 0, 0, 0, 0, 0, 0, 0, 0, 0, 0, 0, 0, 0, 0
17:32:06, 2006.30, 30.05, 32.93, 29.273, 0, 0, 0, 0, 0, 0, 0, 0, 0, 0, 0, 0, 0, 0, 0, 0, 0, 0, 0, 0, 0, 0, 0, 0
17:32:07, 1996.20, 30.05, 32.87, 29.273, 0, 0, 0, 0, 0, 0, 0, 0, 0, 0, 0, 0, 0, 0, 0, 0, 0, 0, 0, 0, 0, 0, 0, 0
17:32:07, 1989.50, 30.05, 32.89, 29.273, 0, 0, 0, 0, 0, 0, 0, 0, 0, 0, 0, 0, 0, 0, 0, 0, 0, 0, 0, 0, 0, 0, 0, 0
17:32:08, 1976.90, 30.05, 32.89, 29.273, 0, 0, 0, 0, 0, 0, 0, 0, 0, 0, 0, 0, 0, 0, 0, 0, 0, 0, 0, 0, 0, 0, 0, 0
17:32:09, 1969.50, 30.05, 32.91, 29.273, 0, 0, 0, 0, 0, 0, 0, 0, 0, 0, 0, 0, 0, 0, 0, 0, 0, 0, 0, 0, 0, 0, 0, 0
17:32:09, 1960.60, 30.05, 32.87, 29.273, 0, 0, 0, 0, 0, 0, 0, 0, 0, 0, 0, 0, 0, 0, 0, 0, 0, 0, 0, 0, 0, 0, 0, 0
17:32:10, 1949.70, 30.06, 32.91, 29.273, 0, 0, 0, 0, 0, 0, 0, 0, 0, 0, 0, 0, 0, 0, 0, 0, 0, 0, 0, 0, 0, 0, 0, 0
17:32:11, 1943.50, 30.06, 32.89, 29.273, 0, 0, 0, 0, 0, 0, 0, 0, 0, 0, 0, 0, 0, 0, 0, 0, 0, 0, 0, 0, 0, 0, 0, 0
17:32:11, 1937.10, 30.06, 32.87, 29.266, 0, 0, 0, 0, 0, 0, 0, 0, 0, 0, 0, 0, 0, 0, 0, 0, 0, 0, 0, 0, 0, 0, 0, 0
17:32:12, 1932.20, 30.06, 32.87, 29.266, 0, 0, 0, 0, 0, 0, 0, 0, 0, 0, 0, 0, 0, 0, 0, 0, 0, 0, 0, 0, 0, 0, 0, 0
17:32:13, 1928.10, 30.06, 32.91, 29.273, 0, 0, 0, 0, 0, 0, 0, 0, 0, 0, 0, 0, 0, 0, 0, 0, 0, 0, 0, 0, 0, 0, 0, 0
17:32:13, 1918.50, 30.06, 32.89, 29.273, 0, 0, 0, 0, 0, 0, 0, 0, 0, 0, 0, 0, 0, 0, 0, 0, 0, 0, 0, 0, 0, 0, 0, 0
17:32:14, 1907.70, 30.06, 32.89, 29.273, 0, 0, 0, 0, 0, 0, 1, 0, 0, 0, 0, 0, 0, 0, 0, 0, 0, 0, 0, 0, 0, 0, 0, 0
17:32:15, 1903.90, 30.06, 32.91, 29.273, 0, 0, 0, 0, 0, 1, 0, 0, 0, 0, 0, 0, 0, 0, 0, 0, 0, 0, 0, 0, 0, 0, 0, 0
17:32:15, 1893.40, 30.06, 32.89, 29.273, 0, 0, 0, 0, 0, 1, 0, 0, 0, 0, 0, 0, 0, 0, 0, 0, 0, 0, 0, 0, 0, 0, 0, 0
17:32:16, 1885.10, 30.07, 32.89, 29.273, 0, 0, 0, 0, 0, 1, 0, 0, 0, 0, 0, 0, 0, 0, 0, 0, 0, 0, 0, 0, 0, 0, 0, 0
17:32:17, 1878.30, 30.07, 32.89, 29.273, 0, 0, 0, 0, 0, 1, 0, 0, 0, 0, 0, 0, 0, 0, 0, 0, 0, 0, 0, 0, 0, 0, 0, 0
17:32:17, 1869.50, 30.07, 32.87, 29.273, 0, 0, 0, 0, 0, 1, 0, 0, 0, 0, 0, 0, 0, 0, 0, 0, 0, 0, 0, 0, 0, 0, 0, 0
17:32:18, 1862.60, 30.07, 32.91, 29.273, 0, 0, 0, 0, 0, 1, 0, 0, 0, 0, 0, 0, 0, 0, 0, 0, 0, 0, 0, 0, 0, 0, 0, 0
17:32:19, 1852.00, 30.06, 32.89, 29.266, 0, 0, 0, 0, 0, 1, 0, 0, 0, 0, 0, 0, 0, 0, 0, 0, 0, 0, 0, 0, 0, 0, 0, 0
17:32:19, 1842.70, 30.06, 32.89, 29.273, 0, 0, 0, 0, 0, 1, 0, 0, 1, 0, 0, 0, 0, 0, 0, 0, 0, 0, 0, 0, 0, 0, 0, 0
17:32:20, 1840.30, 30.06, 32.89, 29.273, 0, 0, 0, 0, 0, 1, 0, 0, 1, 0, 0, 0, 0, 0, 0, 0, 0, 0, 0, 0, 0, 0, 0, 0
17:32:21, 1838.90, 30.06, 32.87, 29.273, 0, 0, 0, 0, 0, 1, 0, 0, 1, 0, 0, 0, 0, 0, 0, 0, 0, 0, 0, 0, 0, 0, 0, 0
17:32:21, 1838.50, 30.06, 32.87, 29.273, 0, 0, 0, 0, 0, 1, 0, 0, 1, 0, 0, 0, 0, 0, 0, 0, 0, 0, 0, 0, 0, 0, 0, 0
17:32:22, 1830.60, 30.06, 32.83, 29.273, 0, 0, 0, 0, 0, 1, 0, 0, 1, 0, 0, 0, 0, 0, 0, 0, 0, 0, 0, 0, 0, 0, 0, 0
17:32:23, 1816.70, 30.07, 32.89, 29.266, 0, 0, 0, 0, 0, 1, 1, 0, 1, 0, 0, 0, 0, 0, 0, 0, 0, 0, 0, 0, 0, 0, 0, 0
17:32:23, 1806.30, 30.07, 32.89, 29.273, 0, 0, 0, 0, 0, 1, 1, 0, 1, 0, 0, 0, 0, 0, 0, 0, 0, 0, 0, 0, 0, 0, 0, 0
17:32:24, 1799.90, 30.07, 32.89, 29.273, 0, 0, 0, 0, 0, 2, 1, 0, 1, 0, 0, 0, 0, 0, 0, 0, 0, 0, 0, 0, 0, 0, 0, 0
17:32:25, 1790.90, 30.07, 32.87, 29.266, 0, 0, 0, 0, 0, 2, 1, 0, 2, 0, 0, 0, 0, 0, 0, 0, 0, 0, 0, 0, 0, 0, 0, 0
17:32:25, 1784.50, 30.07, 32.89, 29.273, 0, 0, 0, 0, 1, 2, 1, 1, 2, 0, 0, 0, 0, 0, 0, 0, 0, 0, 0, 0, 0, 0, 0, 0
17:32:26, 1767.40, 30.07, 32.87, 29.273, 0, 0, 0, 0, 1, 2, 1, 1, 2, 0, 0, 0, 0, 0, 0, 0, 0, 0, 0, 0, 0, 0, 0, 0
17:32:27, 1764.70, 30.07, 32.87, 29.258, 0, 0, 0, 0, 1, 2, 2, 1, 2, 0, 0, 0, 0, 0, 0, 0, 0, 0, 0, 0, 1, 0, 0, 0
17:32:27, 1754.20, 30.07, 32.87, 29.258, 0, 0, 0, 0, 1, 2, 2, 1, 2, 0, 0, 0, 0, 0, 0, 0, 0, 0, 0, 0, 1, 0, 0, 0
17:32:28, 1743.50, 30.06, 32.89, 29.258, 0, 0, 0, 0, 1, 3, 2, 1, 3, 1, 0, 0, 0, 0, 0, 0, 0, 0, 0, 0, 1, 0, 0, 0
17:32:29, 1740.90, 30.06, 32.87, 29.250, 0, 0, 0, 0, 1, 3, 3, 1, 4, 1, 0, 0, 0, 0, 0, 0, 0, 0, 0, 0, 1, 0, 0, 0
17:32:29, 1733.60, 30.06, 32.89, 29.258, 0, 0, 0, 0, 1, 3, 2, 1, 4, 1, 0, 0, 0, 0, 0, 0, 0, 0, 1, 0, 1, 0, 0, 0
17:32:30, 1722.60, 30.06, 32.87, 29.258, 0, 0, 0, 0, 1, 3, 4, 1, 4, 1, 0, 0, 0, 0, 0, 0, 0, 0, 1, 0, 1, 0, 0, 0
17:32:31, 1719.60, 30.05, 32.87, 29.258, 0, 0, 0, 0, 2, 4, 3, 2, 4, 1, 0, 0, 0, 0, 0, 0, 0, 0, 1, 0, 1, 0, 0, 0
17:32:31, 1712.10, 30.06, 32.89, 29.266, 0, 0, 0, 0, 2, 4, 3, 2, 5, 1, 0, 0, 0, 0, 0, 0, 0, 1, 1, 0, 1, 0, 0, 0
17:32:32, 1700.70, 30.06, 32.87, 29.266, 0, 0, 0, 0, 2, 4, 3, 2, 5, 1, 0, 0, 0, 0, 0, 0, 0, 1, 1, 0, 1, 0, 0, 0
17:32:33, 1700.00, 30.06, 32.81, 29.258, 0, 0, 0, 0, 2, 5, 4, 2, 6, 1, 0, 0, 0, 0, 0, 0, 0, 1, 1, 0, 1, 0, 0, 0
17:32:33, 1688.40, 30.06, 32.87, 29.273, 0, 0, 0, 0, 2, 5, 4, 2, 5, 1, 0, 0, 0, 0, 0, 0, 0, 1, 1, 0, 2, 0, 0, 0
17:32:34, 1682.20, 30.06, 32.85, 29.273, 0, 0, 0, 0, 2, 5, 5, 3, 7, 1, 0, 0, 0, 0, 0, 0, 0, 1, 1, 1, 2, 0, 0, 0
17:32:35, 1670.90, 30.06, 32.81, 29.273, 0, 0, 0, 0, 3, 6, 5, 3, 7, 1, 0, 0, 0, 0, 0, 0, 0, 1, 1, 1, 2, 0, 0, 0
17:32:35, 1663.80, 30.06, 32.85, 29.281, 0, 0, 0, 0, 3, 7, 6, 3, 9, 1, 0, 0, 0, 0, 0, 0, 0, 1, 1, 1, 2, 0, 0, 0
17:32:36, 1650.10, 30.06, 32.87, 29.281, 0, 0, 0, 0, 3, 7, 6, 4, 9, 1, 0, 0, 0, 0, 0, 0, 1, 2, 2, 1, 3, 0, 0, 0
17:32:37, 1642.40, 30.06, 32.85, 29.281, 0, 0, 0, 0, 4, 8, 8, 4, 11, 1, 0, 0, 0, 0, 0, 0, 1, 2, 2, 1, 3, 0, 0, 0
17:32:37, 1634.70, 30.06, 32.87, 29.305, 0, 0, 0, 0, 4, 9, 8, 5, 12, 1, 0, 0, 0, 0, 0, 0, 1, 2, 2, 1, 3, 0, 0, 0
17:32:38, 1623.70, 30.06, 32.87, 29.305, 0, 0, 0, 0, 5, 9, 9, 5, 12, 1, 0, 0, 0, 0, 0, 0, 1, 2, 2, 1, 4, 0, 0, 0
17:32:39, 1622.30, 30.07, 32.87, 29.305, 0, 1, 0, 0, 5, 10, 10, 6, 15, 1, 0, 0, 0, 0, 0, 0, 1, 2, 2, 1, 4, 0, 0, 0
17:32:39, 1612.80, 30.07, 32.87, 29.328, 0, 1, 0, 0, 5, 10, 10, 6, 14, 1, 0, 0, 0, 0, 0, 0, 1, 3, 3, 1, 4, 0, 0, 0
17:32:40, 1600.20, 30.07, 32.81, 29.328, 0, 1, 0, 0, 6, 11, 11, 7, 15, 1, 0, 0, 0, 0, 0, 0, 1, 3, 4, 2, 5, 0, 0, 0
17:32:41, 1599.20, 30.07, 32.83, 29.336, 0, 1, 0, 1, 7, 14, 14, 8, 20, 2, 0, 0, 0, 0, 0, 0, 1, 3, 3, 2, 5, 0, 0, 0
17:32:41, 1591.70, 30.07, 32.87, 29.352, 0, 1, 0, 1, 7, 13, 13, 8, 19, 2, 0, 0, 0, 0, 0, 0, 2, 4, 4, 2, 5, 0, 0, 0
17:32:42, 1580.70, 30.08, 32.83, 29.352, 0, 1, 0, 1, 7, 14, 14, 9, 21, 2, 0, 0, 0, 0, 0, 0, 2, 4, 4, 2, 6, 0, 0, 0
17:32:43, 1574.70, 30.08, 32.83, 29.359, 0, 1, 0, 1, 9, 16, 16, 10, 24, 2, 0, 0, 0, 0, 0, 0, 2, 5, 4, 2, 7, 0, 0, 0
17:32:43, 1570.70, 30.08, 32.83, 29.375, 0, 1, 0, 1, 9, 17, 18, 11, 28, 2, 0, 0, 0, 0, 0, 0, 2, 5, 5, 2, 7, 0, 0, 0
17:32:44, 1556.90, 30.08, 32.85, 29.375, 0, 1, 0, 1, 9, 17, 18, 11, 29, 2, 0, 0, 0, 0, 0, 0, 3, 6, 6, 3, 8, 0, 0, 0
17:32:45, 1551.60, 30.09, 32.81, 29.375, 1, 1, 0, 1, 11, 19, 20, 13, 33, 3, 0, 0, 0, 0, 0, 0, 3, 6, 6, 3, 9, 0, 0, 0
17:32:45, 1547.00, 30.09, 32.83, 29.398, 1, 1, 1, 2, 12, 21, 22, 14, 35, 3, 0, 0, 0, 0, 0, 0, 3, 6, 6, 3, 9, 0, 0, 0
17:32:46, 1533.70, 30.09, 32.87, 29.398, 1, 1, 0, 1, 11, 20, 21, 13, 32, 3, 0, 0, 0, 0, 0, 0, 4, 8, 7, 4, 11, 0, 0, 0
17:32:47, 1526.80, 30.10, 32.81, 29.398, 1, 1, 1, 2, 14, 24, 25, 16, 38, 3, 0, 0, 0, 0, 0, 0, 4, 8, 8, 4, 11, 0, 0, 0
17:32:47, 1520.40, 30.10, 32.87, 29.422, 1, 1, 1, 2, 15, 26, 27, 18, 42, 3, 0, 0, 0, 0, 0, 0, 4, 9, 8, 4, 12, 0, 0, 0
17:32:48, 1510.30, 30.10, 32.83, 29.422, 1, 1, 1, 2, 16, 28, 30, 19, 48, 4, 0, 0, 0, 0, 0, 0, 5, 10, 9, 5, 13, 0, 0, 0
17:32:49, 1503.80, 30.10, 32.83, 29.422, 1, 1, 1, 3, 18, 31, 34, 22, 54, 4, 0, 0, 0, 0, 0, 1, 6, 10, 10, 6, 15, 1, 0, 0
17:32:49, 1498.50, 30.11, 32.85, 29.430, 1, 2, 1, 3, 19, 34, 36, 24, 60, 5, 0, 0, 0, 0, 0, 1, 6, 11, 11, 6, 16, 0, 0, 0
17:32:50, 1485.60, 30.11, 32.85, 29.430, 1, 2, 1, 3, 20, 35, 37, 25, 62, 5, 0, 0, 0, 0, 0, 1, 7, 13, 13, 7, 18, 1, 0, 0
17:32:51, 1476.40, 30.11, 32.79, 29.422, 2, 2, 1, 4, 24, 41, 43, 29, 73, 6, 0, 0, 0, 0, 0, 1, 8, 15, 14, 8, 20, 1, 0, 0
17:32:51, 1474.00, 30.11, 32.83, 29.430, 2, 2, 2, 5, 26, 45, 48, 33, 85, 7, 0, 0, 0, 0, 0, 1, 8, 15, 14, 8, 21, 1, 0, 0
17:32:52, 1460.70, 30.12, 32.77, 29.430, 2, 2, 2, 5, 27, 46, 50, 34, 85, 7, 0, 0, 0, 0, 0, 1, 10, 17, 17, 10, 25, 1, 0, 0
17:32:53, 1453.60, 30.12, 32.81, 29.430, 2, 2, 2, 5, 31, 52, 56, 39, 96, 7, 0, 0, 0, 0, 0, 1, 11, 19, 18, 11, 27, 2, 0, 0
17:32:53, 1445.70, 30.12, 32.85, 29.430, 2, 3, 3, 6, 34, 57, 62, 43, 106, 8, 0, 0, 0, 0, 0, 2, 12, 21, 20, 12, 29, 2, 0, 0
17:32:54, 1436.70, 30.12, 32.85, 29.430, 3, 3, 3, 7, 38, 63, 69, 48, 119, 9, 0, 0, 0, 0, 1, 2, 13, 23, 22, 13, 33, 2, 0, 0
17:32:55, 1426.00, 30.12, 32.81, 29.430, 3, 3, 3, 8, 43, 70, 76, 54, 134, 10, 0, 0, 0, 0, 1, 2, 15, 26, 25, 15, 37, 2, 0, 0
17:32:55, 1416.40, 30.12, 32.81, 29.437, 4, 4, 4, 10, 51, 83, 90, 65, 162, 12, 0, 0, 1, 0, 1, 2, 17, 29, 29, 17, 42, 3, 0, 0
17:32:56, 1408.70, 30.13, 32.79, 29.437, 4, 4, 5, 12, 57, 93, 102, 74, 186, 14, 0, 0, 1, 0, 1, 3, 19, 32, 31, 19, 47, 3, 0, 0
17:32:57, 1393.10, 30.13, 32.81, 29.445, 5, 4, 5, 14, 66, 106, 117, 85, 219, 16, 0, 0, 1, 1, 1, 3, 23, 38, 37, 23, 56, 4, 0, 0
17:32:57, 1384.00, 30.13, 32.81, 29.453, 5, 5, 6, 16, 74, 118, 132, 98, 258, 19, 0, 0, 1, 1, 2, 4, 25, 43, 42, 26, 63, 5, 0, 0
17:32:58, 1376.30, 30.14, 32.83, 29.453, 6, 6, 7, 18, 83, 131, 147, 109, 285, 21, 0, 0, 2, 1, 2, 5, 28, 46, 46, 28, 69, 5, 0, 0
17:32:59, 1367.10, 30.14, 32.83, 29.469, 7, 6, 8, 21, 94, 148, 166, 124, 318, 23, 0, 0, 2, 1, 2, 5, 31, 51, 50, 31, 75, 6, 0, 0
17:32:59, 1352.70, 30.14, 32.79, 29.469, 8, 7, 10, 25, 110, 171, 193, 146, 373, 27, 0, 0, 2, 1, 3, 6, 37, 60, 59, 37, 90, 7, 0, 0
17:33:00, 1345.10, 30.14, 32.79, 29.492, 10, 9, 12, 32, 129, 199, 224, 172, 443, 33, 0, 0, 2, 2, 3, 8, 42, 68, 67, 43, 103, 8, 0, 0
17:33:01, 1335.40, 30.15, 32.79, 29.492, 11, 10, 13, 36, 144, 220, 250, 194, 496, 36, 0, 0, 3, 2, 3, 9, 47, 75, 75, 48, 115, 9, 0, 0
17:33:01, 1322.40, 30.15, 32.81, 29.492, 12, 11, 15, 42, 166, 251, 286, 224, 579, 42, 0, 0, 3, 3, 4, 10, 55, 88, 88, 57, 136, 11, 0, 0
17:33:02, 1316.10, 30.15, 32.81, 29.508, 14, 13, 18, 51, 187, 280, 321, 254, 664, 49, 0, 0, 4, 3, 5, 12, 60, 96, 95, 63, 148, 12, 0, 0
17:33:03, 1307.50, 30.15, 32.81, 29.516, 15, 14, 20, 56, 206, 308, 354, 279, 734, 53, 0, 0, 5, 3, 5, 13, 67, 106, 106, 70, 165, 13, 0, 0
17:33:03, 1297.30, 30.16, 32.83, 29.516, 17, 16, 23, 66, 235, 347, 402, 321, 839, 61, 0, 0, 5, 4, 6, 15, 76, 118, 118, 79, 185, 15, 0, 0
17:33:04, 1282.30, 30.16, 32.81, 29.516, 20, 18, 28, 80, 275, 401, 465, 375, 984, 71, 0, 0, 6, 5, 7, 19, 91, 141, 141, 96, 224, 18, 0, 0
17:33:05, 1273.10, 30.17, 32.79, 29.516, 24, 22, 35, 100, 330, 477, 556, 454, 1177, 84, 0, 0, 7, 5, 8, 23, 104, 158, 159, 109, 254, 21, 0, 0
17:33:05, 1265.30, 30.17, 32.79, 29.516, 26, 24, 39, 111, 358, 513, 600, 492, 1295, 93, 0, 0, 8, 6, 10, 26, 116, 176, 177, 122, 286, 24, 0, 0
17:33:06, 1251.00, 30.18, 32.81, 29.516, 31, 28, 47, 135, 417, 590, 691, 577, 1566, 113, 0, 0, 10, 7, 12, 32, 139, 209, 212, 148, 347, 29, 0, 0
17:33:07, 1238.40, 30.18, 32.77, 29.508, 35, 32, 56, 160, 468, 656, 779, 655, 1837, 132, 0, 0, 12, 9, 14, 39, 162, 241, 245, 173, 405, 33, 0, 0
17:33:07, 1227.20, 30.18, 32.81, 29.508, 40, 37, 67, 191, 547, 756, 905, 766, 2143, 153, 0, 0, 13, 10, 16, 45, 182, 268, 272, 194, 453, 38, 0, 0
17:33:08, 1220.50, 30.18, 32.79, 29.516, 47, 44, 82, 234, 654, 902, 1085, 926, 2513, 175, 0, 0, 15, 11, 18, 50, 197, 288, 293, 210, 493, 41, 0, 0
17:33:09, 1208.40, 30.19, 32.81, 29.516, 51, 49, 94, 267, 732, 998, 1198, 1022, 2816, 196, 0, 0, 17, 13, 21, 59, 230, 332, 338, 246, 578, 48, 0, 0
17:33:09, 1198.00, 30.19, 32.79, 29.516, 65, 64, 127, 354, 864, 1165, 1412, 1235, 3398, 237, 0, 0, 19, 15, 25, 69, 262, 375, 383, 281, 663, 55, 0, 0
17:33:10, 1181.40, 30.19, 32.79, 29.531, 81, 82, 169, 467, 1183, 1556, 1896, 1703, 4675, 325, 0, 0, 24, 19, 33, 91, 327, 461, 474, 353, 838, 69, 0, 0
17:33:11, 1170.20, 30.20, 32.77, 29.547, 105, 114, 240, 643, 1551, 1991, 2457, 2284, 6285, 438, 0, 0, 28, 22, 40, 112, 377, 524, 540, 407, 974, 81, 0, 0
17:33:11, 1153.70, 30.20, 32.81, 29.547, 147, 172, 368, 940, 2200, 2764, 3355, 3312, 8177, 567, 0, 0, 33, 26, 49, 135, 449, 614, 634, 489, 1163, 97, 0, 0
17:33:12, 1137.70, 30.21, 32.79, 29.562, 276, 352, 767, 1868, 3894, 4872, 5913, 5854, 13000, 873, 0, 0, 40, 33, 65, 177, 560, 749, 781, 610, 1435, 118, 0, 0
17:33:13, 1114.00, 30.21, 32.77, 29.609, 348, 443, 991, 2385, 4241, 5194, 6695, 6455, 21559, 1500, 0, 0, 66, 58, 121, 318, 928, 1200, 1276, 1043, 2403, 193, 0, 0
17:33:13, 1097.00, 30.22, 32.81, 29.609, 259, 410, 852, 1738, 3133, 3285, 4907, 4318, 15102, 1404, 0, 0, 85, 79, 172, 434, 1094, 1389, 1485, 1234, 2721, 219, 0, 0
17:33:14, 1093.70, 30.22, 32.81, 29.703, 310, 542, 993, 2175, 3479, 4002, 5470, 5328, 13170, 1135, 0, 0, 77, 73, 161, 399, 916, 1158, 1223, 1001, 2000, 164, 0, 0
17:33:15, 1088.80, 30.23, 32.83, 29.828, 530, 814, 1823, 3394, 4155, 4689, 5633, 6208, 8368, 578, 0, 0, 76, 71, 153, 387, 1020, 1288, 1369, 1115, 2029, 169, 0, 0
17:33:15, 1078.20, 30.24, 32.79, 29.828, 585, 696, 1448, 2601, 3849, 4780, 4832, 6052, 4966, 389, 0, 0, 93, 88, 194, 480, 1189, 1477, 1564, 1298, 2273, 188, 0, 0
17:33:16, 1065.80, 30.25, 32.79, 30.055, 1048, 1868, 3436, 6356, 9707, 10094, 13354, 15466, 10643, 862, 0, 0, 107, 108, 243, 580, 1360, 1658, 1758, 1492, 2701, 224, 0, 0
17:33:17, 1056.90, 30.26, 32.81, 30.203, 1495, 3002, 5279, 10380, 11269, 14506, 16331, 18801, 11781, 1061, 0, 0, 135, 143, 322, 748, 1701, 2045, 2192, 1892, 3278, 271, 0, 0
17:33:17, 1045.30, 30.28, 32.81, 30.203, 1465, 2482, 4308, 6351, 6013, 6305, 7357, 8374, 8762, 788, 0, 0, 155, 173, 390, 879, 1844, 2192, 2354, 2033, 3409, 281, 0, 0
17:33:18, 1036.50, 30.30, 32.79, 30.336, 3238, 6438, 10374, 14237, 16235, 16926, 20103, 24869, 36000, 3998, 1, 1, 140, 161, 360, 786, 1617, 1914, 2040, 1761, 3039, 256, 0, 0
17:33:19, 1026.50, 30.33, 32.74, 30.516, 5059, 10526, 17536, 18983, 24214, 24271, 24958, 28101, 35900, 18092, 0, 1, 169, 212, 459, 944, 1961, 2279, 2442, 2176, 3927, 342, 0, 0
17:33:19, 1019.60, 30.35, 32.79, 30.516, 5510, 8343, 12598, 16237, 14760, 21710, 25182, 25148, 36000, 7550, 1, 1, 243, 330, 687, 1328, 2602, 2979, 3230, 2949, 5486, 515, 0, 0
17:33:20, 1020.70, 30.37, 32.77, 30.648, 2748, 3733, 4617, 9218, 12942, 16084, 18331, 17546, 35086, 11478, 0, 1, 222, 295, 624, 1219, 2338, 2693, 2888, 2636, 5179, 483, 0, 0
17:33:21, 1019.80, 30.40, 32.79, 30.758, 3118, 3968, 4039, 13554, 18967, 20959, 30916, 24668, 36000, 28649, 1, 1, 208, 283, 585, 1130, 2096, 2406, 2589, 2342, 4404, 410, 0, 0
17:33:21, 1017.90, 30.42, 32.79, 30.758, 8654, 16394, 24084, 24169, 22959, 23048, 32557, 29974, 36000, 36000, 1, 1, 228, 317, 646, 1224, 2147, 2461, 2641, 2405, 4738, 465, 0, 0
17:33:22, 1019.80, 30.45, 32.77, 30.805, 8396, 14983, 16498, 24108, 24487, 24030, 28867, 33701, 35951, 26022, 0, 1, 242, 333, 693, 1314, 2262, 2588, 2774, 2549, 5208, 509, 0, 0
17:33:23, 1015.00, 30.46, 32.79, 30.852, 7901, 8223, 11066, 18593, 22634, 25356, 29721, 34460, 36000, 21373, 1, 1, 235, 322, 664, 1254, 2283, 2604, 2812, 2559, 4999, 497, 0, 0
17:33:23, 1014.30, 30.49, 32.79, 30.852, 11017, 21863, 31054, 34888, 3237, 3116, 3356, 3659, 11409, 3021, 0, 1, 1623, 2528, 3747, 4940, 8035, 8618, 9154, 10356, 22419, 6002, 0, 0
17:33:24, 1014.10, 30.50, 32.81, 30.805, 1176, 1944, 2487, 2917, 2694, 2651, 2981, 3190, 10434, 2640, 0, 0, 7404, 11760, 17398, 21342, 36000, 36000, 36000, 36000, 36000, 36000, 1, 1
17:33:25, 1014.10, 30.52, 32.81, 30.570, 9776, 25657, 24390, 32646, 36000, 36000, 36000, 36000, 36000, 36000, 1, 1, 18931, 33160, 36000, 36000, 36000, 36000, 36000, 36000, 36000, 36000, 1, 1
17:33:25, 1014.20, 30.53, 32.79, 30.570, 18984, 21990, 31354, 36000, 35176, 34875, 36000, 36000, 36000, 36000, 1, 1, 2365, 3559, 5172, 6595, 12058, 12618, 15181, 16822, 36000, 20293, 1, 1
