Secchi Depth (cm) = 9999
Forel Ule Scale = 99
pH Colour Scale = 99
SensingSecchi S/N = A017
Latitude (degs N) = 34.31585
Longitude (degs E) = -77.95382
Date = 2026-07-09
Time (UTC), Pressure (mbar) MS5803, Temp (deg C) MS5803, Temp (deg C) 10KTHERM, Temp (deg C) TMP117, ED 415nm, ED 445nm, ED 480nm, ED 515nm, ED 555nm, ED 590nm, ED 630nm, ED 680nm, ED Clear, ED NIR, ED D-SAT, ED A-SAT, EU 415nm, EU 445nm, EU 480nm, EU 515nm, EU 555nm, EU 590nm, EU 630nm, EU 680nm, EU Clear, EU NIR, EU D-SAT, EU A-SAT
15:13:25, 1010.50, 29.95, 31.13, 36.188, 646, 997, 1228, 1317, 1323, 1210, 1349, 1264, 6201, 1013, 0, 0, 12442, 21157, 29534, 36000, 36000, 36000, 36000, 36000, 36000, 36000, 1, 1
15:13:25, 1010.50, 29.96, 31.19, 36.188, 658, 1010, 1242, 1331, 1329, 1219, 1370, 1286, 6175, 1011, 0, 0, 12994, 22166, 30879, 36000, 36000, 36000, 36000, 36000, 36000, 36000, 1, 1
15:13:26, 1010.40, 29.97, 31.19, 36.227, 655, 1005, 1235, 1324, 1319, 1212, 1359, 1279, 6100, 998, 0, 0, 12785, 21524, 29673, 36000, 36000, 36000, 36000, 36000, 36000, 36000, 1, 1
15:13:27, 1010.30, 29.97, 31.21, 36.258, 707, 1069, 1318, 1399, 1722, 1582, 1766, 1751, 9083, 2406, 0, 0, 14317, 23835, 33531, 36000, 36000, 36000, 36000, 36000, 36000, 36000, 1, 1
15:13:27, 1010.30, 29.98, 31.23, 36.258, 3062, 3530, 6022, 5330, 14097, 12491, 17439, 17792, 36000, 36000, 1, 1, 11230, 19175, 26615, 34592, 35795, 36000, 36000, 36000, 36000, 36000, 1, 1
15:13:28, 1010.50, 29.98, 31.19, 36.195, 6098, 12465, 16268, 19989, 28915, 30977, 35352, 36000, 36000, 36000, 1, 1, 11228, 17315, 24892, 29700, 35040, 36000, 36000, 36000, 36000, 36000, 1, 1
15:13:29, 1010.40, 29.99, 31.25, 36.063, 4493, 5932, 7647, 11633, 19172, 21844, 25033, 30733, 36000, 20547, 1, 1, 5710, 9901, 13189, 18681, 11334, 11607, 18295, 14999, 28989, 10518, 0, 0
15:13:29, 1010.40, 30.00, 31.19, 36.063, 4232, 6860, 9612, 10574, 18098, 16772, 26277, 21670, 27688, 8283, 0, 0, 1394, 2084, 3072, 3753, 3103, 3409, 4216, 4678, 12835, 2116, 0, 0
15:13:30, 1012.20, 30.01, 31.17, 35.953, 7983, 12539, 19029, 19303, 26223, 24750, 30553, 30861, 35923, 33360, 0, 1, 79, 100, 189, 348, 641, 773, 1127, 1228, 1659, 166, 0, 0
15:13:31, 1014.40, 30.03, 31.15, 33.820, 3605, 6822, 5887, 17002, 11369, 20692, 23456, 18906, 36000, 16934, 1, 1, 137, 173, 334, 593, 1016, 1239, 1742, 1980, 2801, 349, 0, 0
15:13:31, 1020.10, 30.05, 31.17, 33.820, 4196, 4014, 7427, 7224, 11325, 10990, 11816, 14889, 9299, 2016, 0, 0, 142, 174, 339, 614, 1064, 1323, 1842, 2120, 3774, 444, 0, 0
15:13:32, 1021.00, 30.06, 31.13, 32.664, 3833, 4031, 7573, 6479, 4607, 4371, 4960, 5829, 7363, 1437, 0, 0, 98, 112, 211, 391, 663, 853, 1214, 1402, 2418, 276, 0, 0
15:13:33, 1018.00, 30.07, 31.15, 31.922, 5207, 3680, 8792, 8333, 12158, 32067, 14104, 27257, 21305, 5877, 0, 0, 58, 69, 130, 238, 407, 525, 764, 879, 1253, 127, 0, 0
15:13:33, 1021.70, 30.08, 31.12, 31.922, 539, 943, 1282, 1413, 1538, 1433, 1554, 1551, 5357, 606, 0, 0, 61, 70, 133, 249, 448, 585, 843, 976, 1348, 133, 0, 0
15:13:34, 1021.10, 30.09, 31.12, 31.445, 454, 857, 1209, 1383, 1468, 1383, 1489, 1501, 5344, 639, 0, 0, 59, 66, 125, 236, 447, 586, 862, 995, 1224, 116, 0, 0
15:13:35, 1020.40, 30.09, 31.08, 31.180, 393, 678, 968, 1126, 1315, 1323, 1390, 1442, 4067, 464, 0, 0, 67, 75, 143, 265, 510, 663, 953, 1104, 1364, 132, 0, 0
15:13:35, 1024.20, 30.10, 31.02, 31.180, 1020, 1941, 2848, 3299, 10015, 10578, 11680, 15213, 28838, 9463, 0, 0, 80, 91, 175, 325, 616, 793, 1127, 1316, 1702, 177, 0, 0
15:13:36, 1020.40, 30.11, 31.04, 31.016, 1651, 2075, 2925, 5545, 6264, 7073, 8409, 10157, 25103, 3583, 0, 0, 70, 76, 145, 271, 482, 632, 907, 1061, 1269, 122, 0, 0
15:13:37, 1022.50, 30.11, 31.04, 30.930, 431, 739, 1016, 1163, 1335, 1293, 1375, 1366, 4711, 520, 0, 0, 55, 62, 119, 220, 459, 600, 834, 980, 1286, 124, 0, 0
15:13:37, 1021.50, 30.12, 31.04, 30.930, 502, 939, 1316, 1506, 1596, 1585, 1716, 1785, 5257, 637, 0, 0, 55, 62, 117, 220, 433, 566, 831, 966, 1233, 122, 0, 0
15:13:38, 1020.20, 30.12, 31.08, 30.867, 2688, 4702, 6458, 8383, 23002, 20930, 24763, 31175, 28493, 4238, 0, 0, 77, 89, 169, 314, 527, 670, 968, 1110, 1807, 216, 0, 0
15:13:39, 1022.50, 30.12, 31.02, 30.828, 2369, 2498, 4304, 5743, 12184, 11843, 13424, 17385, 26959, 4560, 0, 0, 109, 134, 255, 459, 811, 1021, 1422, 1657, 3117, 388, 0, 0
15:13:39, 1021.50, 30.13, 31.02, 30.828, 2245, 2421, 4232, 5700, 5374, 10932, 7339, 10490, 14472, 2369, 0, 0, 87, 99, 190, 347, 703, 891, 1267, 1472, 2347, 290, 0, 0
15:13:40, 1018.90, 30.13, 31.02, 30.781, 4805, 5162, 8729, 11643, 13604, 16923, 18433, 20946, 32192, 6816, 0, 0, 89, 108, 206, 364, 573, 728, 1038, 1189, 1705, 201, 0, 0
15:13:41, 1022.40, 30.13, 31.00, 30.773, 2312, 2922, 3899, 7276, 1937, 1927, 2118, 2289, 7101, 987, 0, 0, 55, 60, 117, 218, 407, 533, 763, 887, 1061, 99, 0, 0
15:13:41, 1019.40, 30.14, 30.98, 30.773, 379, 713, 1002, 1124, 1127, 1093, 1155, 1180, 3438, 374, 0, 0, 48, 53, 102, 190, 389, 510, 732, 852, 1037, 99, 0, 0
15:13:42, 1017.50, 30.14, 31.00, 30.758, 2006, 3916, 5757, 5766, 25053, 22143, 24152, 31525, 36000, 22502, 1, 1, 90, 117, 219, 380, 610, 753, 1034, 1190, 2324, 318, 0, 0
15:13:43, 1017.30, 30.14, 31.00, 30.758, 1629, 1478, 2365, 2918, 2963, 4549, 3354, 4332, 8578, 1942, 0, 0, 71, 83, 159, 284, 574, 726, 1032, 1185, 1892, 229, 0, 0
15:13:43, 1015.90, 30.15, 30.97, 30.758, 4338, 6579, 9040, 10433, 22755, 22421, 23961, 29853, 21447, 4064, 0, 0, 130, 160, 309, 534, 886, 1090, 1494, 1725, 3352, 439, 0, 0
15:13:44, 1018.60, 30.15, 30.98, 30.742, 5806, 3801, 8861, 8666, 6216, 16342, 7919, 13180, 14784, 3599, 0, 0, 125, 156, 301, 523, 890, 1099, 1517, 1761, 3162, 414, 0, 0
15:13:45, 1017.80, 30.15, 30.98, 30.742, 4612, 5074, 6525, 13107, 13272, 14063, 17185, 17171, 34301, 15095, 0, 1, 119, 161, 307, 514, 761, 918, 1256, 1455, 2695, 366, 0, 0
15:13:45, 1018.20, 30.16, 31.00, 30.742, 2420, 2766, 3013, 10369, 894, 947, 975, 983, 2380, 299, 0, 0, 53, 64, 123, 217, 369, 470, 678, 787, 938, 88, 0, 0
15:13:46, 1019.20, 30.16, 30.97, 30.727, 373, 609, 842, 914, 973, 917, 1016, 982, 2283, 270, 0, 0, 49, 56, 108, 192, 357, 457, 642, 756, 913, 86, 0, 0
15:13:47, 1016.80, 30.17, 30.98, 30.727, 235, 402, 536, 607, 555, 528, 580, 581, 1090, 133, 0, 0, 37, 42, 79, 146, 254, 336, 495, 578, 740, 70, 0, 0
15:13:47, 1018.30, 30.17, 30.95, 30.727, 292, 464, 626, 690, 957, 895, 969, 947, 2991, 328, 0, 0, 45, 54, 102, 188, 460, 580, 835, 940, 1733, 188, 0, 0
15:13:48, 1018.50, 30.17, 30.93, 30.727, 835, 1403, 1955, 2163, 10067, 5786, 10903, 9725, 9432, 2086, 0, 0, 81, 98, 187, 333, 729, 904, 1288, 1468, 3142, 390, 0, 0
15:13:49, 1017.10, 30.18, 30.98, 30.727, 2075, 4007, 5300, 10029, 13599, 12075, 26695, 13526, 23048, 7315, 0, 0, 137, 173, 321, 557, 970, 1204, 1714, 1952, 4189, 529, 0, 0
15:13:49, 1017.60, 30.18, 30.97, 30.727, 1828, 3653, 4999, 9028, 8607, 6001, 14497, 8622, 14145, 2683, 0, 0, 132, 161, 296, 536, 967, 1235, 1767, 2027, 3314, 377, 0, 0
15:13:50, 1016.50, 30.18, 31.00, 30.727, 1716, 1756, 3279, 2797, 1698, 1682, 1787, 1878, 5527, 736, 0, 0, 73, 84, 161, 296, 514, 661, 951, 1084, 1428, 139, 0, 0
15:13:51, 1016.80, 30.19, 30.98, 30.727, 620, 1077, 1364, 1476, 1521, 1370, 1491, 1500, 6380, 1050, 0, 0, 50, 60, 115, 206, 355, 453, 658, 753, 996, 92, 0, 0
15:13:51, 1020.20, 30.19, 30.97, 30.719, 482, 823, 1069, 1134, 1135, 1108, 1139, 1159, 4377, 543, 0, 0, 40, 46, 89, 163, 344, 434, 639, 731, 786, 71, 0, 0
15:13:52, 1019.10, 30.20, 30.93, 30.711, 196, 327, 443, 494, 479, 474, 483, 493, 1154, 124, 0, 0, 29, 32, 61, 112, 259, 339, 492, 575, 714, 66, 0, 0
15:13:53, 1022.30, 30.20, 30.97, 30.711, 243, 406, 558, 604, 840, 793, 857, 835, 2803, 318, 0, 0, 64, 75, 143, 263, 431, 552, 785, 901, 1453, 147, 0, 0
15:13:53, 1024.40, 30.20, 30.93, 30.711, 2651, 4738, 7053, 8747, 14695, 15371, 19318, 21261, 17514, 2829, 0, 0, 112, 135, 258, 470, 700, 882, 1260, 1451, 3139, 382, 0, 0
15:13:54, 1021.90, 30.20, 30.93, 30.711, 1699, 3383, 5010, 7724, 17720, 13072, 26764, 18477, 20960, 3124, 0, 0, 127, 155, 287, 523, 938, 1194, 1714, 1974, 3578, 431, 0, 0
15:13:55, 1024.80, 30.20, 30.93, 30.711, 1127, 1447, 2351, 2414, 5294, 5080, 5088, 6582, 8191, 2078, 0, 0, 77, 87, 165, 308, 441, 569, 823, 940, 1403, 143, 0, 0
15:13:55, 1033.20, 30.21, 30.93, 30.711, 286, 526, 787, 951, 1018, 979, 1063, 1029, 4523, 499, 0, 0, 39, 43, 84, 159, 337, 450, 662, 770, 961, 86, 0, 0
15:13:56, 1035.30, 30.21, 30.95, 30.719, 179, 362, 604, 794, 851, 861, 935, 935, 3004, 284, 0, 0, 49, 50, 92, 187, 449, 615, 935, 1085, 1436, 128, 0, 0
15:13:57, 1041.70, 30.21, 30.95, 30.719, 125, 250, 435, 590, 714, 742, 844, 872, 2188, 207, 0, 0, 76, 75, 137, 283, 535, 732, 1114, 1298, 1507, 137, 0, 0
15:13:57, 1045.90, 30.22, 30.91, 30.711, 156, 309, 575, 815, 1124, 1175, 1369, 1431, 4005, 364, 0, 0, 60, 58, 109, 221, 495, 681, 1035, 1218, 1486, 135, 0, 0
15:13:58, 1049.00, 30.22, 30.95, 30.711, 185, 283, 532, 899, 1219, 1503, 1910, 1928, 4253, 403, 0, 0, 149, 152, 279, 573, 1445, 1948, 2917, 3447, 5140, 505, 0, 0
15:13:59, 1054.80, 30.22, 30.95, 30.711, 101, 123, 237, 427, 839, 1092, 1327, 1517, 2445, 288, 0, 0, 142, 138, 246, 510, 1019, 1411, 2179, 2604, 3379, 329, 0, 0
15:13:59, 1062.20, 30.22, 30.93, 30.695, 593, 755, 1409, 2605, 6420, 7644, 9972, 13479, 24873, 2438, 0, 0, 81, 77, 134, 283, 643, 897, 1356, 1636, 2299, 212, 0, 0
15:14:00, 1064.50, 30.22, 30.93, 30.687, 545, 891, 1687, 2957, 4909, 5618, 8138, 9743, 28755, 3270, 0, 0, 92, 88, 153, 324, 708, 998, 1531, 1858, 2785, 255, 0, 0
15:14:01, 1066.30, 30.22, 30.93, 30.687, 494, 682, 1391, 2369, 4206, 4838, 6817, 8277, 25979, 2738, 0, 0, 90, 85, 144, 307, 699, 999, 1552, 1888, 2796, 254, 0, 0
15:14:01, 1072.80, 30.22, 30.93, 30.687, 350, 571, 1068, 2078, 4099, 4742, 7218, 8514, 23504, 2626, 0, 0, 81, 75, 125, 267, 625, 896, 1389, 1702, 2451, 222, 0, 0
15:14:02, 1075.40, 30.23, 30.97, 30.687, 360, 412, 920, 1528, 2792, 3144, 4612, 5072, 20251, 2323, 0, 0, 79, 73, 121, 258, 558, 814, 1289, 1582, 2232, 201, 0, 0
15:14:03, 1081.40, 30.23, 30.91, 30.687, 313, 437, 823, 1644, 2663, 3262, 4760, 5668, 13150, 1236, 0, 0, 67, 61, 96, 205, 496, 737, 1180, 1457, 2028, 181, 0, 0
15:14:03, 1082.20, 30.23, 30.93, 30.687, 281, 393, 741, 1493, 2628, 3220, 4865, 5621, 12987, 1236, 0, 0, 65, 59, 92, 197, 486, 725, 1176, 1449, 1946, 176, 0, 0
15:14:04, 1088.30, 30.23, 30.95, 30.687, 258, 314, 576, 1222, 2535, 3247, 4599, 5739, 10394, 853, 0, 0, 56, 49, 74, 158, 401, 609, 993, 1234, 1630, 146, 0, 0
15:14:05, 1092.40, 30.23, 30.95, 30.687, 248, 314, 602, 1228, 2313, 2855, 4279, 5140, 13213, 1211, 0, 0, 56, 49, 75, 160, 407, 618, 1005, 1253, 1705, 150, 0, 0
15:14:05, 1090.40, 30.23, 30.95, 30.680, 204, 252, 454, 980, 1338, 1826, 2692, 3055, 5840, 463, 0, 0, 58, 52, 77, 163, 426, 651, 1078, 1334, 1674, 153, 0, 0
15:14:06, 1098.50, 30.23, 30.95, 30.687, 93, 91, 161, 359, 812, 1139, 1625, 1895, 3197, 269, 0, 0, 51, 45, 66, 139, 319, 496, 833, 1041, 1269, 115, 0, 0
15:14:07, 1103.70, 30.23, 30.93, 30.687, 212, 251, 458, 972, 1752, 2313, 3408, 4256, 8092, 672, 0, 0, 43, 37, 53, 111, 302, 473, 793, 1003, 1321, 116, 0, 0
15:14:07, 1102.50, 30.24, 30.91, 30.687, 155, 177, 320, 690, 1491, 1971, 2951, 3608, 7311, 610, 0, 0, 39, 34, 48, 98, 277, 438, 747, 942, 1162, 104, 0, 0
15:14:08, 1105.80, 30.24, 30.91, 30.687, 107, 103, 176, 402, 877, 1260, 1815, 2152, 3484, 273, 0, 0, 43, 38, 54, 111, 284, 449, 768, 964, 1149, 104, 0, 0
15:14:09, 1112.70, 30.24, 30.93, 30.687, 154, 173, 302, 660, 1300, 1770, 2604, 3250, 6427, 514, 0, 0, 35, 30, 42, 86, 236, 378, 644, 816, 1050, 91, 0, 0
15:14:09, 1113.80, 30.24, 30.97, 30.680, 129, 143, 241, 536, 1065, 1467, 2228, 2765, 4641, 363, 0, 0, 30, 26, 36, 72, 208, 335, 581, 734, 867, 77, 0, 0
15:14:10, 1113.20, 30.24, 30.95, 30.695, 98, 91, 147, 337, 724, 1060, 1569, 1928, 2927, 223, 0, 0, 32, 28, 38, 77, 225, 363, 631, 794, 906, 82, 0, 0
15:14:11, 1114.20, 30.25, 30.97, 30.695, 119, 113, 188, 417, 864, 1240, 1814, 2307, 3050, 226, 0, 0, 31, 26, 36, 72, 202, 328, 572, 724, 809, 73, 0, 0
15:14:11, 1118.60, 30.25, 30.95, 30.687, 125, 128, 215, 471, 995, 1367, 2074, 2667, 4167, 321, 0, 0, 26, 23, 30, 61, 174, 284, 498, 638, 785, 70, 0, 0
15:14:12, 1117.90, 30.25, 30.93, 30.695, 107, 114, 188, 425, 947, 1322, 2038, 2565, 4408, 348, 0, 0, 26, 22, 30, 59, 177, 291, 516, 664, 794, 71, 0, 0
15:14:13, 1114.50, 30.25, 30.97, 30.695, 80, 79, 123, 287, 649, 939, 1452, 1751, 2877, 221, 0, 0, 32, 28, 37, 74, 224, 364, 640, 817, 943, 86, 0, 0
15:14:13, 1118.80, 30.25, 30.95, 30.680, 105, 102, 163, 371, 1002, 1394, 2111, 2742, 3988, 303, 0, 0, 25, 21, 28, 56, 160, 264, 469, 607, 718, 63, 0, 0
15:14:14, 1117.90, 30.25, 30.95, 30.687, 102, 110, 182, 403, 880, 1236, 1897, 2416, 4217, 335, 0, 0, 23, 20, 27, 53, 155, 256, 456, 590, 705, 62, 0, 0
15:14:15, 1111.80, 30.26, 30.95, 30.687, 75, 70, 109, 249, 462, 690, 1030, 1286, 1804, 144, 0, 0, 33, 28, 38, 75, 215, 348, 617, 788, 858, 79, 0, 0
15:14:15, 1106.70, 30.26, 30.95, 30.680, 82, 71, 117, 252, 588, 885, 1241, 1638, 1891, 150, 0, 0, 33, 28, 39, 76, 220, 356, 630, 808, 844, 78, 0, 0
15:14:16, 1108.40, 30.26, 30.95, 30.680, 88, 75, 124, 265, 565, 827, 1197, 1533, 1871, 148, 0, 0, 36, 31, 43, 86, 212, 342, 602, 774, 894, 81, 0, 0
15:14:17, 1112.80, 30.26, 30.91, 30.680, 107, 121, 199, 443, 1022, 1379, 2174, 2695, 5813, 495, 0, 0, 27, 23, 31, 63, 179, 293, 518, 672, 832, 74, 0, 0
15:14:17, 1115.80, 30.26, 30.95, 30.664, 86, 92, 149, 336, 795, 1115, 1719, 2177, 3610, 284, 0, 0, 25, 22, 29, 57, 161, 265, 475, 614, 706, 63, 0, 0
15:14:18, 1112.90, 30.27, 30.91, 30.672, 106, 100, 158, 345, 617, 917, 1344, 1749, 2113, 160, 0, 0, 28, 24, 32, 62, 179, 294, 528, 681, 723, 66, 0, 0
15:14:19, 1117.00, 30.27, 30.93, 30.672, 90, 75, 123, 261, 530, 796, 1155, 1495, 1811, 141, 0, 0, 27, 23, 31, 60, 158, 261, 469, 610, 698, 63, 0, 0
15:14:19, 1121.00, 30.27, 30.95, 30.664, 81, 86, 142, 312, 701, 957, 1509, 1851, 3965, 339, 0, 0, 23, 20, 26, 51, 142, 237, 425, 555, 670, 59, 0, 0
15:14:20, 1120.90, 30.27, 30.98, 30.672, 82, 87, 140, 313, 730, 1042, 1609, 2074, 3598, 285, 0, 0, 20, 17, 22, 43, 133, 223, 406, 530, 589, 53, 0, 0
15:14:21, 1117.20, 30.27, 30.97, 30.672, 65, 55, 86, 186, 440, 665, 961, 1269, 1423, 112, 0, 0, 28, 24, 31, 61, 179, 294, 531, 682, 694, 64, 0, 0
15:14:21, 1121.30, 30.27, 30.95, 30.664, 65, 54, 85, 180, 440, 659, 965, 1266, 1375, 108, 0, 0, 25, 22, 28, 55, 146, 244, 440, 569, 625, 56, 0, 0
15:14:22, 1124.90, 30.27, 30.93, 30.672, 73, 74, 114, 262, 554, 799, 1270, 1555, 2596, 203, 0, 0, 22, 19, 25, 48, 148, 247, 446, 577, 673, 60, 0, 0
15:14:23, 1124.70, 30.27, 30.93, 30.672, 49, 44, 65, 149, 357, 544, 833, 1058, 1418, 111, 0, 0, 23, 19, 25, 48, 145, 244, 445, 574, 607, 55, 0, 0
15:14:23, 1122.10, 30.27, 30.95, 30.664, 61, 51, 78, 169, 397, 607, 899, 1172, 1358, 106, 0, 0, 26, 23, 30, 58, 168, 280, 506, 651, 690, 63, 0, 0
15:14:24, 1129.20, 30.27, 30.93, 30.672, 77, 75, 114, 257, 588, 856, 1338, 1708, 2511, 192, 0, 0, 20, 17, 22, 42, 121, 204, 372, 485, 560, 50, 0, 0
15:14:25, 1130.40, 30.28, 30.97, 30.672, 71, 74, 115, 259, 580, 819, 1323, 1646, 3015, 247, 0, 0, 19, 16, 20, 39, 116, 197, 361, 469, 535, 47, 0, 0
15:14:25, 1124.70, 30.28, 30.95, 30.664, 59, 52, 79, 177, 390, 598, 889, 1146, 1343, 104, 0, 0, 23, 20, 26, 49, 155, 259, 469, 602, 605, 55, 0, 0
15:14:26, 1122.90, 30.28, 30.95, 30.680, 66, 54, 86, 181, 423, 639, 926, 1212, 1254, 98, 0, 0, 29, 25, 32, 63, 187, 308, 550, 699, 729, 66, 0, 0
15:14:27, 1130.60, 30.28, 30.95, 30.680, 70, 67, 102, 239, 623, 893, 1408, 1688, 2858, 222, 0, 0, 22, 19, 25, 50, 147, 244, 437, 558, 667, 59, 0, 0
15:14:27, 1134.00, 30.28, 30.93, 30.672, 65, 67, 104, 241, 524, 754, 1200, 1444, 2509, 197, 0, 0, 21, 18, 24, 46, 135, 229, 415, 530, 592, 53, 0, 0
15:14:28, 1131.30, 30.28, 30.97, 30.680, 68, 61, 91, 204, 454, 686, 1033, 1330, 1521, 115, 0, 0, 21, 18, 23, 44, 138, 233, 421, 537, 556, 50, 0, 0
15:14:29, 1131.10, 30.28, 30.97, 30.680, 76, 62, 97, 212, 493, 753, 1106, 1422, 1689, 128, 0, 0, 23, 20, 26, 50, 143, 240, 430, 549, 623, 56, 0, 0
15:14:29, 1131.10, 30.28, 30.95, 30.680, 71, 72, 112, 258, 599, 860, 1371, 1664, 2867, 225, 0, 0, 21, 18, 24, 47, 147, 247, 442, 563, 660, 58, 0, 0
15:14:30, 1128.10, 30.28, 30.97, 30.687, 66, 66, 98, 230, 626, 911, 1417, 1777, 2623, 197, 0, 0, 24, 21, 27, 53, 180, 298, 533, 673, 750, 68, 0, 0
15:14:31, 1132.20, 30.28, 30.98, 30.687, 69, 60, 91, 208, 561, 838, 1288, 1613, 2199, 162, 0, 0, 22, 19, 25, 48, 148, 249, 449, 570, 631, 56, 0, 0
15:14:31, 1133.80, 30.29, 30.98, 30.680, 55, 50, 72, 164, 406, 617, 967, 1214, 1709, 130, 0, 0, 21, 18, 23, 44, 136, 229, 419, 536, 584, 52, 0, 0
15:14:32, 1135.20, 30.29, 30.95, 30.687, 56, 50, 71, 162, 431, 656, 1029, 1316, 1787, 134, 0, 0, 18, 15, 20, 38, 109, 186, 341, 442, 493, 43, 0, 0
15:14:33, 1133.30, 30.29, 30.95, 30.687, 60, 57, 82, 184, 412, 627, 999, 1275, 1765, 133, 0, 0, 19, 16, 21, 40, 126, 214, 392, 505, 561, 50, 0, 0
15:14:33, 1134.20, 30.29, 30.95, 30.687, 51, 48, 69, 157, 376, 569, 905, 1149, 1613, 122, 0, 0, 20, 17, 22, 41, 118, 201, 372, 484, 534, 48, 0, 0
15:14:34, 1135.60, 30.29, 30.97, 30.680, 52, 50, 73, 165, 391, 587, 947, 1183, 1789, 137, 0, 0, 18, 15, 20, 37, 107, 184, 341, 446, 511, 45, 0, 0
15:14:35, 1134.70, 30.30, 30.93, 30.680, 62, 63, 96, 218, 520, 760, 1207, 1538, 2625, 204, 0, 0, 15, 13, 17, 32, 97, 168, 314, 414, 470, 42, 0, 0
15:14:35, 1134.70, 30.30, 30.95, 30.672, 54, 55, 80, 178, 448, 662, 1065, 1379, 2075, 161, 0, 0, 16, 14, 17, 32, 98, 170, 318, 421, 465, 41, 0, 0
15:14:36, 1133.20, 30.29, 30.97, 30.664, 57, 56, 81, 180, 444, 660, 1045, 1383, 1818, 136, 0, 0, 16, 14, 18, 33, 97, 168, 316, 418, 449, 40, 0, 0
15:14:37, 1136.10, 30.29, 30.98, 30.664, 60, 60, 89, 196, 487, 718, 1150, 1495, 2117, 161, 0, 0, 15, 13, 16, 30, 91, 157, 295, 392, 439, 39, 0, 0
15:14:37, 1140.20, 30.29, 30.97, 30.656, 56, 57, 85, 189, 448, 658, 1048, 1357, 1907, 144, 0, 0, 14, 12, 15, 27, 82, 144, 272, 362, 391, 35, 0, 0
15:14:38, 1142.00, 30.29, 30.97, 30.656, 52, 48, 69, 149, 318, 493, 777, 1028, 1119, 84, 0, 0, 15, 12, 15, 28, 88, 154, 291, 386, 378, 34, 0, 0
15:14:39, 1148.20, 30.29, 30.95, 30.656, 42, 36, 52, 106, 287, 442, 703, 948, 858, 65, 0, 0, 14, 12, 15, 26, 73, 129, 246, 329, 333, 30, 0, 0
15:14:39, 1152.60, 30.30, 30.98, 30.656, 39, 38, 52, 114, 263, 409, 670, 868, 1141, 87, 0, 0, 12, 10, 13, 23, 73, 130, 250, 332, 362, 32, 0, 0
15:14:40, 1155.90, 30.30, 30.98, 30.656, 35, 34, 46, 101, 255, 398, 647, 840, 1084, 82, 0, 0, 11, 9, 12, 21, 68, 121, 232, 305, 310, 27, 0, 0
15:14:41, 1159.40, 30.30, 30.95, 30.672, 32, 28, 38, 79, 221, 354, 567, 742, 840, 63, 0, 0, 11, 9, 12, 21, 61, 110, 210, 276, 292, 26, 0, 0
15:14:41, 1160.10, 30.30, 30.97, 30.672, 39, 37, 50, 110, 248, 392, 646, 831, 1104, 83, 0, 0, 11, 10, 12, 21, 65, 116, 223, 293, 316, 28, 0, 0
15:14:42, 1157.70, 30.30, 30.95, 30.672, 31, 29, 37, 82, 208, 333, 552, 709, 936, 71, 0, 0, 12, 10, 12, 22, 69, 123, 235, 309, 326, 29, 0, 0
15:14:43, 1159.50, 30.30, 30.93, 30.680, 32, 29, 38, 83, 234, 370, 607, 791, 1017, 77, 0, 0, 11, 9, 11, 20, 62, 111, 213, 282, 303, 27, 0, 0
15:14:43, 1160.20, 30.31, 30.97, 30.680, 30, 29, 37, 81, 203, 322, 539, 696, 934, 72, 0, 0, 11, 9, 12, 20, 62, 112, 217, 288, 302, 27, 0, 0
15:14:44, 1158.80, 30.31, 30.97, 30.680, 34, 33, 44, 96, 242, 379, 629, 824, 1053, 79, 0, 0, 11, 9, 11, 20, 67, 119, 232, 308, 317, 28, 0, 0
15:14:45, 1160.40, 30.31, 30.95, 30.672, 31, 30, 39, 84, 222, 351, 581, 754, 994, 76, 0, 0, 11, 9, 11, 20, 60, 107, 208, 278, 296, 26, 0, 0
15:14:45, 1157.80, 30.31, 31.00, 30.672, 34, 33, 44, 97, 223, 349, 586, 756, 1081, 84, 0, 0, 12, 10, 12, 22, 71, 127, 245, 327, 357, 31, 0, 0
15:14:46, 1154.70, 30.31, 30.97, 30.672, 27, 25, 33, 71, 182, 294, 489, 632, 830, 64, 0, 0, 12, 11, 13, 23, 71, 126, 245, 326, 338, 30, 0, 0
15:14:47, 1151.50, 30.31, 31.00, 30.664, 31, 27, 36, 76, 209, 334, 544, 727, 815, 62, 0, 0, 12, 10, 13, 22, 73, 130, 253, 338, 338, 30, 0, 0
15:14:47, 1149.60, 30.31, 30.98, 30.664, 30, 27, 36, 78, 207, 327, 540, 697, 910, 70, 0, 0, 14, 12, 15, 26, 83, 146, 280, 373, 415, 37, 0, 0
15:14:48, 1148.80, 30.32, 31.00, 30.664, 31, 30, 39, 88, 243, 374, 634, 800, 1253, 100, 0, 0, 13, 11, 14, 25, 79, 140, 267, 357, 397, 35, 0, 0
15:14:49, 1147.40, 30.32, 31.00, 30.664, 33, 32, 43, 94, 257, 398, 656, 848, 1168, 89, 0, 0, 13, 11, 13, 24, 76, 134, 258, 345, 368, 33, 0, 0
15:14:49, 1144.20, 30.32, 30.97, 30.656, 39, 36, 48, 105, 304, 473, 774, 1014, 1286, 96, 0, 0, 13, 11, 14, 26, 83, 145, 275, 365, 395, 35, 0, 0
15:14:50, 1143.00, 30.32, 30.95, 30.656, 38, 37, 51, 115, 289, 435, 730, 914, 1457, 116, 0, 0, 15, 13, 16, 30, 92, 161, 303, 401, 466, 41, 0, 0
15:14:51, 1151.20, 30.32, 30.98, 30.656, 34, 33, 45, 102, 240, 372, 617, 773, 1172, 92, 0, 0, 16, 14, 17, 31, 83, 146, 277, 366, 406, 36, 0, 0
15:14:51, 1171.70, 30.32, 30.93, 30.664, 30, 27, 38, 80, 145, 229, 369, 489, 881, 75, 0, 0, 12, 10, 12, 21, 50, 91, 178, 242, 285, 25, 0, 0
15:14:52, 1188.50, 30.31, 30.97, 30.664, 19, 19, 24, 50, 136, 219, 379, 505, 770, 61, 0, 0, 4, 4, 4, 7, 22, 43, 89, 125, 128, 11, 0, 0
15:14:53, 1187.60, 30.32, 30.98, 30.664, 14, 13, 16, 32, 97, 162, 285, 386, 457, 35, 0, 0, 4, 4, 4, 7, 25, 48, 102, 140, 138, 12, 0, 0
15:14:53, 1191.90, 30.32, 30.97, 30.672, 14, 13, 15, 31, 98, 164, 289, 392, 468, 36, 0, 0, 4, 3, 4, 6, 20, 39, 83, 116, 113, 9, 0, 0
15:14:54, 1191.40, 30.32, 30.98, 30.672, 13, 12, 14, 27, 80, 137, 241, 331, 337, 26, 0, 0, 4, 3, 4, 6, 21, 40, 85, 118, 111, 9, 0, 0
15:14:55, 1193.50, 30.32, 31.02, 30.672, 14, 13, 15, 29, 97, 163, 287, 394, 391, 29, 0, 0, 3, 3, 4, 6, 20, 39, 82, 114, 112, 9, 0, 0
15:14:55, 1192.30, 30.32, 31.02, 30.672, 14, 14, 16, 32, 98, 165, 292, 394, 464, 35, 0, 0, 4, 3, 4, 6, 22, 43, 90, 125, 127, 11, 0, 0
15:14:56, 1191.50, 30.32, 30.98, 30.672, 13, 12, 14, 28, 89, 151, 265, 354, 442, 34, 0, 0, 4, 3, 4, 7, 24, 46, 96, 133, 133, 11, 0, 0
15:14:57, 1193.80, 30.32, 30.97, 30.664, 16, 16, 19, 39, 121, 203, 356, 470, 598, 45, 0, 0, 4, 3, 4, 6, 21, 41, 85, 119, 119, 10, 0, 0
15:14:57, 1195.10, 30.32, 30.98, 30.680, 14, 14, 17, 33, 99, 165, 294, 397, 479, 37, 0, 0, 4, 3, 4, 6, 22, 43, 92, 127, 123, 10, 0, 0
15:14:58, 1200.50, 30.32, 31.00, 30.680, 12, 11, 13, 24, 79, 136, 242, 332, 359, 27, 0, 0, 3, 2, 3, 5, 17, 33, 71, 100, 96, 8, 0, 0
15:14:59, 1200.50, 30.32, 30.98, 30.664, 12, 11, 13, 25, 82, 139, 250, 342, 381, 29, 0, 0, 3, 2, 3, 5, 16, 33, 71, 100, 93, 8, 0, 0
15:14:59, 1202.60, 30.32, 31.02, 30.672, 12, 11, 13, 24, 79, 135, 240, 330, 342, 26, 0, 0, 3, 2, 3, 5, 15, 31, 67, 95, 91, 7, 0, 0
15:15:00, 1204.50, 30.32, 31.00, 30.672, 11, 11, 12, 23, 71, 122, 219, 301, 336, 26, 0, 0, 2, 2, 3, 4, 15, 30, 65, 92, 85, 7, 0, 0
15:15:01, 1206.30, 30.32, 30.98, 30.656, 9, 9, 11, 19, 63, 109, 197, 272, 292, 22, 0, 0, 2, 2, 3, 4, 14, 28, 62, 87, 84, 7, 0, 0
15:15:01, 1208.50, 30.32, 30.98, 30.664, 10, 10, 12, 21, 70, 120, 220, 301, 363, 28, 0, 0, 2, 2, 2, 4, 13, 26, 57, 81, 80, 7, 0, 0
15:15:02, 1207.10, 30.32, 30.98, 30.664, 10, 10, 11, 21, 68, 118, 215, 295, 337, 26, 0, 0, 2, 2, 2, 4, 14, 28, 62, 87, 81, 7, 0, 0
15:15:03, 1211.90, 30.32, 31.00, 30.664, 10, 9, 10, 20, 65, 112, 205, 282, 312, 24, 0, 0, 2, 2, 2, 4, 11, 24, 52, 75, 73, 6, 0, 0
15:15:03, 1212.10, 30.32, 31.00, 30.664, 9, 9, 10, 18, 56, 98, 179, 250, 265, 20, 0, 0, 2, 1, 2, 3, 12, 24, 54, 77, 70, 6, 0, 0
15:15:04, 1215.10, 30.32, 31.00, 30.664, 8, 8, 8, 15, 53, 94, 171, 239, 234, 18, 0, 0, 2, 1, 2, 3, 10, 21, 47, 68, 64, 5, 0, 0
15:15:05, 1213.60, 30.32, 31.00, 30.656, 8, 8, 8, 16, 48, 85, 158, 219, 240, 18, 0, 0, 2, 1, 2, 3, 11, 23, 51, 74, 67, 5, 0, 0
15:15:05, 1216.00, 30.33, 31.00, 30.664, 6, 5, 5, 10, 35, 64, 119, 167, 184, 14, 0, 0, 2, 1, 2, 3, 9, 20, 45, 66, 61, 5, 0, 0
15:15:06, 1220.00, 30.33, 30.98, 30.664, 6, 6, 6, 11, 38, 67, 126, 179, 193, 15, 0, 0, 1, 1, 1, 2, 8, 16, 38, 55, 52, 4, 0, 0
15:15:07, 1223.30, 30.33, 31.00, 30.648, 6, 6, 6, 12, 36, 65, 122, 173, 174, 13, 0, 0, 1, 1, 1, 2, 7, 15, 34, 50, 47, 3, 0, 0
15:15:07, 1228.10, 30.33, 30.98, 30.656, 5, 5, 5, 9, 31, 56, 107, 152, 196, 16, 0, 0, 1, 0, 1, 2, 5, 12, 28, 42, 40, 3, 0, 0
15:15:08, 1229.20, 30.33, 30.97, 30.656, 4, 4, 4, 7, 20, 38, 73, 106, 106, 8, 0, 0, 1, 1, 1, 2, 6, 13, 32, 48, 43, 3, 0, 0
15:15:09, 1234.70, 30.33, 31.02, 30.648, 4, 4, 4, 7, 25, 47, 91, 129, 148, 12, 0, 0, 0, 0, 1, 1, 4, 9, 23, 34, 32, 2, 0, 0
15:15:09, 1232.40, 30.33, 30.98, 30.648, 3, 4, 3, 6, 20, 38, 74, 109, 102, 8, 0, 0, 1, 0, 1, 1, 5, 10, 26, 38, 32, 2, 0, 0
15:15:10, 1234.60, 30.33, 31.00, 30.648, 4, 4, 4, 6, 23, 43, 85, 123, 130, 10, 0, 0, 0, 0, 1, 1, 4, 9, 23, 34, 32, 2, 0, 0
15:15:11, 1235.20, 30.33, 31.00, 30.641, 4, 4, 4, 6, 22, 41, 81, 115, 146, 12, 0, 0, 0, 0, 1, 1, 4, 9, 23, 34, 33, 2, 0, 0
15:15:11, 1238.30, 30.33, 31.00, 30.648, 3, 4, 4, 6, 22, 41, 80, 115, 138, 11, 0, 0, 1, 0, 1, 1, 4, 9, 22, 33, 31, 2, 0, 0
15:15:12, 1239.80, 30.33, 31.00, 30.648, 3, 3, 3, 5, 20, 38, 74, 107, 135, 11, 0, 0, 0, 0, 1, 1, 3, 8, 20, 30, 28, 2, 0, 0
15:15:13, 1244.40, 30.33, 31.00, 30.648, 3, 3, 3, 5, 15, 29, 57, 84, 85, 7, 0, 0, 0, 0, 1, 1, 3, 8, 20, 31, 27, 2, 0, 0
15:15:13, 1248.60, 30.33, 31.00, 30.648, 3, 3, 3, 5, 17, 33, 65, 93, 112, 9, 0, 0, 0, 0, 0, 1, 3, 6, 17, 26, 24, 1, 0, 0
15:15:14, 1253.20, 30.33, 30.98, 30.648, 3, 3, 2, 4, 16, 30, 61, 89, 92, 7, 0, 0, 0, 0, 0, 1, 2, 6, 16, 24, 21, 1, 0, 0
15:15:15, 1262.70, 30.33, 30.97, 30.648, 2, 3, 2, 4, 14, 27, 55, 80, 95, 8, 0, 0, 0, 0, 0, 1, 2, 5, 15, 22, 22, 1, 0, 0
15:15:15, 1269.20, 30.33, 31.02, 30.656, 2, 2, 2, 3, 13, 25, 50, 73, 82, 7, 0, 0, 0, 0, 0, 0, 1, 4, 11, 17, 16, 1, 0, 0
15:15:16, 1279.60, 30.33, 31.00, 30.656, 1, 2, 1, 2, 10, 20, 40, 59, 68, 6, 0, 0, 0, 0, 0, 0, 1, 3, 10, 16, 15, 1, 0, 0
15:15:17, 1286.10, 30.33, 31.02, 30.656, 1, 2, 1, 2, 8, 16, 34, 50, 56, 5, 0, 0, 0, 0, 0, 0, 1, 2, 7, 12, 10, 0, 0, 0
15:15:17, 1295.50, 30.33, 31.00, 30.656, 1, 1, 1, 1, 6, 12, 25, 37, 40, 3, 0, 0, 0, 0, 0, 0, 0, 2, 6, 10, 9, 0, 0, 0
15:15:18, 1298.70, 30.33, 31.00, 30.656, 1, 1, 0, 1, 5, 10, 20, 31, 37, 3, 0, 0, 0, 0, 0, 0, 0, 1, 5, 8, 7, 0, 0, 0
15:15:19, 1303.10, 30.34, 31.00, 30.648, 1, 1, 0, 1, 4, 8, 17, 26, 26, 2, 0, 0, 0, 0, 0, 0, 0, 1, 5, 8, 7, 0, 0, 0
15:15:19, 1310.60, 30.33, 31.00, 30.648, 0, 1, 0, 1, 3, 8, 17, 25, 27, 2, 0, 0, 0, 0, 0, 0, 0, 1, 4, 7, 6, 0, 0, 0
15:15:20, 1315.20, 30.33, 31.02, 30.648, 0, 1, 0, 0, 3, 7, 15, 22, 23, 2, 0, 0, 0, 0, 0, 0, 0, 1, 3, 6, 5, 0, 0, 0
15:15:20, 1321.20, 30.33, 31.00, 30.648, 0, 1, 0, 0, 2, 6, 12, 19, 21, 2, 0, 0, 0, 0, 0, 0, 0, 0, 3, 5, 5, 0, 0, 0
15:15:21, 1321.80, 30.33, 31.04, 30.641, 0, 1, 0, 0, 2, 5, 11, 17, 17, 2, 0, 0, 0, 0, 0, 0, 0, 0, 3, 4, 4, 0, 0, 0
15:15:22, 1320.00, 30.33, 31.00, 30.641, 0, 0, 0, 0, 1, 3, 5, 9, 8, 1, 0, 0, 0, 0, 0, 0, 0, 1, 4, 7, 5, 0, 0, 0
15:15:22, 1322.60, 30.34, 31.02, 30.641, 0, 0, 0, 0, 1, 3, 5, 9, 7, 1, 0, 0, 0, 0, 0, 0, 0, 0, 3, 6, 4, 0, 0, 0
15:15:23, 1320.70, 30.33, 31.02, 30.641, 0, 1, 0, 0, 1, 3, 7, 12, 9, 1, 0, 0, 0, 0, 0, 0, 0, 1, 3, 5, 4, 0, 0, 0
15:15:24, 1321.40, 30.34, 31.00, 30.648, 0, 1, 0, 0, 2, 4, 9, 15, 13, 1, 0, 0, 0, 0, 0, 0, 0, 0, 3, 5, 4, 0, 0, 0
15:15:24, 1321.70, 30.34, 31.04, 30.641, 0, 1, 0, 0, 2, 4, 10, 15, 15, 1, 0, 0, 0, 0, 0, 0, 0, 0, 3, 5, 4, 0, 0, 0
15:15:25, 1319.40, 30.34, 31.00, 30.641, 0, 1, 0, 0, 1, 3, 7, 11, 9, 1, 0, 0, 0, 0, 0, 0, 0, 0, 3, 6, 4, 0, 0, 0
15:15:26, 1318.50, 30.34, 31.02, 30.648, 0, 0, 0, 0, 1, 3, 5, 9, 7, 1, 0, 0, 0, 0, 0, 0, 0, 1, 3, 6, 4, 0, 0, 0
15:15:26, 1324.30, 30.34, 31.04, 30.641, 0, 0, 0, 0, 1, 3, 6, 10, 8, 1, 0, 0, 0, 0, 0, 0, 0, 0, 3, 5, 4, 0, 0, 0
15:15:27, 1321.60, 30.34, 31.04, 30.641, 0, 1, 0, 0, 1, 3, 6, 10, 10, 1, 0, 0, 0, 0, 0, 0, 0, 0, 2, 4, 4, 0, 0, 0
15:15:28, 1316.40, 30.34, 31.00, 30.641, 0, 0, 0, 0, 1, 3, 6, 10, 8, 1, 0, 0, 0, 0, 0, 0, 0, 0, 3, 5, 4, 0, 0, 0
15:15:28, 1316.40, 30.34, 31.00, 30.641, 0, 1, 0, 0, 1, 3, 7, 12, 9, 1, 0, 0, 0, 0, 0, 0, 0, 0, 2, 4, 3, 0, 0, 0
15:15:29, 1309.30, 30.34, 31.00, 30.641, 0, 1, 0, 0, 1, 3, 6, 11, 9, 1, 0, 0, 0, 0, 0, 0, 0, 1, 3, 6, 5, 0, 0, 0
15:15:30, 1306.80, 30.35, 31.04, 30.648, 0, 1, 0, 0, 1, 4, 8, 12, 13, 1, 0, 0, 0, 0, 0, 0, 0, 1, 3, 6, 5, 0, 0, 0
15:15:30, 1301.60, 30.35, 31.02, 30.648, 0, 1, 0, 0, 2, 5, 11, 18, 17, 2, 0, 0, 0, 0, 0, 0, 0, 1, 4, 6, 5, 0, 0, 0
15:15:31, 1292.60, 30.35, 31.02, 30.648, 0, 1, 1, 0, 2, 5, 10, 16, 13, 1, 0, 0, 0, 0, 0, 0, 0, 1, 5, 9, 7, 0, 0, 0
15:15:32, 1292.40, 30.35, 31.04, 30.648, 0, 1, 0, 0, 3, 6, 14, 21, 18, 2, 0, 0, 0, 0, 0, 0, 0, 1, 5, 8, 7, 0, 0, 0
15:15:32, 1286.60, 30.35, 31.04, 30.648, 0, 1, 1, 0, 3, 7, 15, 22, 20, 2, 0, 0, 0, 0, 0, 0, 1, 2, 7, 11, 10, 0, 0, 0
15:15:33, 1285.20, 30.36, 31.02, 30.648, 0, 1, 0, 1, 3, 7, 14, 23, 21, 2, 0, 0, 0, 0, 0, 0, 0, 2, 7, 11, 9, 0, 0, 0
15:15:34, 1278.50, 30.36, 31.04, 30.648, 1, 1, 0, 1, 4, 9, 19, 29, 27, 2, 0, 0, 0, 0, 0, 0, 1, 3, 8, 13, 11, 0, 0, 0
15:15:34, 1276.90, 30.36, 31.04, 30.648, 1, 1, 0, 1, 4, 8, 17, 26, 22, 2, 0, 0, 0, 0, 0, 0, 1, 3, 10, 15, 12, 0, 0, 0
15:15:35, 1279.90, 30.37, 31.00, 30.648, 1, 1, 1, 1, 5, 11, 23, 35, 31, 3, 0, 0, 0, 0, 0, 0, 1, 3, 8, 14, 12, 0, 0, 0
15:15:36, 1278.60, 30.37, 31.00, 30.641, 1, 1, 0, 1, 4, 9, 19, 29, 30, 3, 0, 0, 0, 0, 0, 0, 1, 3, 10, 15, 14, 0, 0, 0
15:15:36, 1280.30, 30.37, 31.00, 30.648, 1, 1, 0, 1, 5, 11, 22, 34, 31, 3, 0, 0, 0, 0, 0, 0, 1, 3, 9, 15, 13, 0, 0, 0
15:15:37, 1282.20, 30.37, 31.02, 30.648, 1, 1, 1, 1, 6, 12, 25, 38, 36, 3, 0, 0, 0, 0, 0, 0, 1, 3, 8, 13, 11, 0, 0, 0
15:15:38, 1276.70, 30.37, 31.04, 30.648, 1, 1, 1, 1, 5, 12, 24, 37, 38, 3, 0, 0, 0, 0, 0, 0, 1, 3, 10, 16, 14, 1, 0, 0
15:15:38, 1276.60, 30.37, 31.04, 30.648, 1, 1, 1, 1, 5, 11, 24, 36, 36, 3, 0, 0, 0, 0, 0, 0, 1, 3, 9, 14, 12, 0, 0, 0
15:15:39, 1270.40, 30.37, 31.04, 30.648, 1, 2, 1, 2, 7, 14, 30, 45, 48, 4, 0, 0, 0, 0, 0, 0, 1, 3, 10, 16, 14, 0, 0, 0
15:15:40, 1265.60, 30.37, 31.02, 30.648, 1, 1, 0, 1, 4, 10, 20, 30, 27, 2, 0, 0, 0, 0, 0, 0, 2, 5, 14, 21, 17, 1, 0, 0
15:15:40, 1268.10, 30.37, 31.04, 30.648, 1, 1, 1, 1, 6, 13, 27, 41, 36, 3, 0, 0, 0, 0, 0, 0, 1, 3, 10, 16, 13, 1, 0, 0
15:15:41, 1264.70, 30.37, 31.06, 30.648, 1, 1, 1, 2, 7, 14, 28, 43, 43, 4, 0, 0, 0, 0, 0, 0, 1, 4, 11, 18, 16, 1, 0, 0
15:15:42, 1262.70, 30.37, 31.04, 30.648, 1, 2, 1, 2, 7, 14, 29, 43, 44, 4, 0, 0, 0, 0, 0, 0, 2, 5, 13, 21, 18, 1, 0, 0
15:15:42, 1265.40, 30.37, 31.02, 30.648, 1, 2, 1, 2, 8, 16, 33, 48, 48, 4, 0, 0, 0, 0, 0, 0, 2, 4, 12, 19, 17, 1, 0, 0
15:15:43, 1262.40, 30.38, 31.04, 30.648, 1, 1, 1, 1, 6, 12, 25, 38, 36, 3, 0, 0, 0, 0, 0, 0, 2, 6, 15, 24, 20, 1, 0, 0
15:15:44, 1264.70, 30.38, 31.02, 30.648, 1, 1, 1, 1, 6, 12, 25, 38, 31, 3, 0, 0, 0, 0, 0, 1, 2, 5, 13, 21, 17, 1, 0, 0
15:15:44, 1260.20, 30.38, 31.04, 30.656, 1, 2, 1, 2, 7, 14, 28, 43, 40, 3, 0, 0, 0, 0, 0, 1, 2, 6, 16, 24, 22, 1, 0, 0
15:15:45, 1259.60, 30.38, 31.10, 30.656, 1, 1, 1, 2, 6, 13, 27, 41, 38, 3, 0, 0, 0, 0, 0, 1, 2, 6, 16, 24, 20, 1, 0, 0
15:15:46, 1257.10, 30.38, 31.02, 30.656, 2, 2, 1, 2, 8, 17, 35, 53, 50, 4, 0, 0, 0, 0, 0, 1, 2, 6, 16, 25, 22, 1, 0, 0
15:15:46, 1255.60, 30.38, 31.04, 30.656, 1, 2, 1, 2, 8, 16, 32, 47, 46, 4, 0, 0, 0, 0, 0, 1, 3, 7, 18, 27, 23, 1, 0, 0
15:15:47, 1255.50, 30.38, 31.02, 30.656, 2, 2, 1, 2, 9, 19, 38, 57, 51, 4, 0, 0, 0, 0, 0, 1, 3, 7, 20, 29, 26, 2, 0, 0
15:15:48, 1254.10, 30.38, 31.06, 30.648, 1, 2, 1, 2, 7, 15, 30, 44, 43, 4, 0, 0, 0, 0, 0, 1, 4, 9, 23, 34, 29, 2, 0, 0
15:15:48, 1255.00, 30.38, 31.06, 30.664, 2, 2, 1, 2, 9, 18, 37, 54, 46, 4, 0, 0, 0, 0, 0, 1, 3, 8, 20, 30, 25, 1, 0, 0
15:15:49, 1248.20, 30.38, 31.10, 30.664, 2, 2, 1, 2, 9, 17, 34, 52, 44, 4, 0, 0, 1, 0, 1, 1, 5, 12, 30, 43, 36, 2, 0, 0
15:15:50, 1251.80, 30.38, 31.06, 30.656, 2, 2, 1, 2, 11, 22, 43, 64, 54, 4, 0, 0, 0, 0, 0, 1, 3, 8, 21, 31, 26, 2, 0, 0
15:15:50, 1246.60, 30.38, 31.06, 30.656, 2, 2, 2, 3, 11, 21, 43, 61, 57, 5, 0, 0, 1, 1, 1, 1, 6, 13, 31, 45, 41, 3, 0, 0
15:15:51, 1247.60, 30.38, 31.08, 30.656, 2, 2, 1, 3, 11, 21, 43, 61, 60, 5, 0, 0, 1, 0, 1, 1, 5, 10, 26, 38, 33, 2, 0, 0
15:15:52, 1246.20, 30.38, 31.12, 30.656, 3, 3, 2, 4, 14, 27, 53, 78, 67, 5, 0, 0, 0, 0, 1, 1, 4, 10, 25, 37, 31, 2, 0, 0
15:15:52, 1243.60, 30.39, 31.10, 30.664, 2, 2, 2, 3, 11, 21, 41, 61, 59, 5, 0, 0, 1, 1, 1, 2, 5, 12, 30, 44, 40, 3, 0, 0
15:15:53, 1247.50, 30.38, 31.08, 30.664, 2, 3, 2, 4, 16, 31, 61, 88, 98, 8, 0, 0, 0, 0, 1, 1, 4, 8, 21, 31, 28, 2, 0, 0
15:15:54, 1241.20, 30.39, 31.10, 30.664, 3, 3, 2, 4, 14, 28, 54, 79, 72, 6, 0, 0, 1, 1, 1, 2, 6, 14, 34, 49, 41, 3, 0, 0
15:15:54, 1244.90, 30.38, 31.04, 30.664, 3, 3, 2, 4, 16, 30, 58, 85, 81, 6, 0, 0, 1, 0, 1, 1, 5, 11, 27, 39, 35, 2, 0, 0
15:15:55, 1242.50, 30.39, 31.06, 30.664, 3, 3, 4, 5, 19, 36, 71, 100, 105, 8, 0, 0, 1, 0, 1, 1, 5, 12, 28, 41, 38, 3, 0, 0
15:15:56, 1237.60, 30.39, 31.08, 30.664, 3, 3, 3, 4, 14, 28, 54, 80, 77, 6, 0, 0, 1, 1, 1, 2, 6, 13, 31, 46, 40, 3, 0, 0
15:15:56, 1234.80, 30.40, 31.10, 30.664, 3, 3, 3, 5, 19, 37, 71, 104, 98, 8, 0, 0, 1, 0, 1, 2, 6, 12, 30, 44, 38, 3, 0, 0
15:15:57, 1228.00, 30.40, 31.13, 30.664, 3, 3, 3, 5, 17, 33, 63, 92, 90, 7, 0, 0, 1, 1, 1, 2, 8, 17, 41, 59, 55, 4, 0, 0
15:15:58, 1229.10, 30.40, 31.06, 30.664, 3, 3, 3, 6, 21, 40, 77, 109, 117, 9, 0, 0, 1, 1, 1, 2, 7, 16, 38, 55, 51, 4, 0, 0
15:15:58, 1226.40, 30.40, 31.12, 30.664, 4, 4, 4, 7, 26, 47, 91, 131, 131, 10, 0, 0, 1, 1, 1, 2, 7, 15, 37, 54, 47, 4, 0, 0
15:15:59, 1217.80, 30.40, 31.06, 30.664, 4, 4, 4, 6, 22, 42, 78, 114, 105, 8, 0, 0, 2, 1, 2, 3, 9, 20, 46, 67, 58, 5, 0, 0
15:16:00, 1216.70, 30.40, 31.13, 30.656, 5, 5, 5, 10, 32, 59, 112, 158, 164, 13, 0, 0, 1, 1, 2, 3, 9, 19, 44, 64, 61, 5, 0, 0
15:16:00, 1207.80, 30.40, 31.10, 30.648, 5, 5, 5, 9, 31, 58, 108, 153, 161, 13, 0, 0, 2, 2, 2, 3, 13, 26, 59, 85, 80, 7, 0, 0
15:16:01, 1207.10, 30.40, 31.10, 30.648, 6, 6, 6, 11, 40, 72, 135, 187, 225, 18, 0, 0, 2, 2, 2, 4, 14, 27, 61, 87, 89, 7, 0, 0
15:16:02, 1205.80, 30.40, 31.06, 30.656, 6, 6, 7, 13, 44, 78, 145, 199, 247, 19, 0, 0, 2, 2, 2, 4, 14, 28, 62, 89, 87, 7, 0, 0
15:16:02, 1202.70, 30.41, 31.06, 30.656, 7, 7, 7, 13, 44, 79, 143, 201, 210, 16, 0, 0, 3, 2, 3, 4, 14, 28, 63, 89, 82, 7, 0, 0
15:16:03, 1199.50, 30.41, 31.10, 30.656, 8, 8, 9, 16, 51, 90, 162, 227, 234, 18, 0, 0, 3, 2, 3, 4, 15, 30, 66, 93, 90, 7, 0, 0
15:16:04, 1194.10, 30.41, 31.04, 30.656, 8, 8, 8, 16, 51, 90, 163, 223, 268, 21, 0, 0, 3, 3, 3, 5, 18, 36, 78, 110, 110, 9, 0, 0
15:16:04, 1190.60, 30.41, 31.10, 30.656, 10, 9, 10, 20, 67, 116, 209, 286, 337, 26, 0, 0, 3, 3, 4, 6, 20, 39, 83, 117, 114, 10, 0, 0
15:16:05, 1187.20, 30.41, 31.06, 30.656, 12, 12, 13, 26, 87, 147, 261, 358, 416, 32, 0, 0, 3, 3, 4, 6, 21, 40, 85, 119, 116, 10, 0, 0
15:16:06, 1180.40, 30.41, 31.08, 30.656, 12, 11, 13, 25, 79, 133, 237, 319, 414, 32, 0, 0, 5, 4, 5, 8, 29, 55, 114, 159, 162, 14, 0, 0
15:16:06, 1180.00, 30.41, 31.08, 30.656, 11, 11, 12, 24, 80, 136, 239, 323, 396, 31, 0, 0, 5, 4, 5, 8, 30, 57, 118, 164, 163, 14, 0, 0
15:16:07, 1178.20, 30.41, 31.10, 30.656, 15, 14, 18, 33, 110, 183, 321, 433, 502, 38, 0, 0, 5, 4, 5, 8, 29, 55, 116, 160, 157, 14, 0, 0
15:16:08, 1173.10, 30.41, 31.06, 30.648, 13, 12, 14, 27, 75, 129, 223, 303, 351, 28, 0, 0, 7, 6, 7, 11, 37, 70, 143, 196, 196, 17, 0, 0
15:16:08, 1172.30, 30.41, 31.08, 30.664, 14, 13, 15, 30, 95, 160, 275, 373, 426, 33, 0, 0, 6, 5, 6, 11, 34, 63, 130, 178, 177, 15, 0, 0
15:16:09, 1167.60, 30.42, 31.08, 30.664, 18, 17, 20, 42, 109, 182, 311, 420, 486, 37, 0, 0, 7, 6, 7, 12, 43, 79, 161, 220, 225, 20, 0, 0
15:16:10, 1164.10, 30.42, 31.13, 30.656, 17, 15, 19, 39, 112, 186, 316, 421, 515, 40, 0, 0, 8, 7, 9, 15, 47, 87, 174, 237, 237, 21, 0, 0
15:16:10, 1163.10, 30.42, 31.13, 30.656, 21, 18, 23, 46, 135, 223, 373, 508, 530, 40, 0, 0, 8, 7, 8, 14, 44, 81, 164, 223, 220, 19, 0, 0
15:16:11, 1156.50, 30.42, 31.10, 30.656, 18, 16, 20, 41, 103, 171, 290, 382, 494, 39, 0, 0, 12, 10, 12, 21, 65, 117, 228, 308, 336, 30, 0, 0
15:16:12, 1158.80, 30.42, 31.12, 30.656, 22, 21, 26, 55, 157, 251, 430, 558, 782, 61, 0, 0, 9, 7, 9, 16, 48, 87, 172, 234, 250, 22, 0, 0
15:16:12, 1150.70, 30.42, 31.08, 30.656, 30, 30, 40, 86, 192, 304, 510, 669, 895, 69, 0, 0, 10, 9, 11, 19, 64, 114, 223, 300, 319, 28, 0, 0
15:16:13, 1147.10, 30.42, 31.12, 30.656, 26, 24, 31, 66, 164, 264, 433, 570, 701, 55, 0, 0, 13, 11, 14, 25, 77, 137, 265, 355, 366, 33, 0, 0
15:16:14, 1148.60, 30.42, 31.06, 30.656, 30, 27, 36, 78, 194, 308, 504, 660, 828, 64, 0, 0, 12, 10, 13, 23, 71, 126, 243, 327, 345, 31, 0, 0
15:16:14, 1145.90, 30.42, 31.12, 30.656, 28, 26, 34, 75, 210, 329, 546, 702, 1001, 78, 0, 0, 12, 10, 13, 22, 73, 129, 248, 333, 360, 32, 0, 0
15:16:15, 1140.30, 30.42, 31.08, 30.656, 31, 28, 38, 83, 216, 342, 558, 718, 948, 73, 0, 0, 15, 13, 16, 29, 89, 155, 295, 392, 417, 37, 0, 0
15:16:16, 1139.30, 30.42, 31.10, 30.656, 39, 36, 50, 110, 282, 435, 695, 899, 1180, 90, 0, 0, 15, 13, 16, 29, 93, 161, 303, 400, 437, 39, 0, 0
15:16:16, 1129.80, 30.43, 31.12, 30.664, 39, 37, 51, 116, 298, 453, 738, 914, 1410, 110, 0, 0, 19, 16, 21, 40, 135, 229, 422, 550, 614, 55, 0, 0
15:16:17, 1131.30, 30.42, 31.15, 30.664, 43, 38, 55, 122, 363, 555, 857, 1106, 1352, 103, 0, 0, 19, 16, 21, 39, 112, 191, 355, 465, 487, 44, 0, 0
15:16:18, 1123.40, 30.42, 31.12, 30.656, 57, 51, 77, 167, 424, 650, 989, 1294, 1601, 120, 0, 0, 21, 18, 24, 45, 149, 250, 459, 596, 631, 57, 0, 0
15:16:19, 1119.90, 30.43, 31.13, 30.664, 49, 44, 65, 143, 327, 496, 765, 972, 1327, 106, 0, 0, 27, 24, 31, 60, 165, 274, 495, 644, 732, 66, 0, 0
15:16:19, 1117.20, 30.42, 31.12, 30.664, 60, 58, 89, 206, 442, 646, 1012, 1234, 2008, 158, 0, 0, 26, 22, 29, 57, 174, 289, 522, 678, 778, 70, 0, 0
15:16:20, 1113.50, 30.42, 31.10, 30.656, 63, 57, 85, 195, 407, 615, 938, 1175, 1622, 129, 0, 0, 31, 27, 37, 72, 204, 332, 592, 761, 829, 76, 0, 0
15:16:21, 1115.90, 30.42, 31.17, 30.656, 75, 67, 106, 236, 490, 728, 1083, 1367, 1869, 146, 0, 0, 30, 26, 35, 68, 189, 312, 556, 720, 841, 76, 0, 0
15:16:21, 1114.10, 30.42, 31.13, 30.656, 69, 69, 104, 245, 543, 768, 1251, 1479, 2748, 225, 0, 0, 29, 25, 34, 67, 195, 318, 560, 722, 875, 78, 0, 0
15:16:22, 1109.00, 30.42, 31.12, 30.656, 82, 86, 136, 317, 672, 949, 1468, 1771, 3053, 241, 0, 0, 31, 27, 37, 74, 218, 352, 618, 791, 924, 83, 0, 0
15:16:23, 1105.40, 30.42, 31.10, 30.664, 99, 94, 155, 348, 760, 1102, 1629, 2034, 2897, 221, 0, 0, 36, 31, 42, 85, 240, 385, 670, 855, 1009, 92, 0, 0
15:16:23, 1101.60, 30.43, 31.15, 30.664, 91, 85, 139, 317, 620, 901, 1321, 1614, 2451, 197, 0, 0, 43, 38, 53, 108, 313, 495, 853, 1078, 1261, 116, 0, 0
15:16:24, 1101.90, 30.42, 31.13, 30.664, 84, 78, 127, 285, 636, 927, 1350, 1666, 2419, 195, 0, 0, 45, 39, 54, 111, 287, 455, 786, 994, 1127, 103, 0, 0
15:16:25, 1101.40, 30.43, 31.12, 30.664, 107, 96, 160, 360, 703, 1026, 1487, 1786, 2784, 222, 0, 0, 42, 37, 52, 107, 291, 461, 789, 998, 1219, 110, 0, 0
15:16:25, 1099.70, 30.43, 31.15, 30.664, 90, 91, 151, 351, 660, 915, 1390, 1609, 2971, 246, 0, 0, 47, 42, 60, 124, 323, 507, 861, 1082, 1344, 121, 0, 0
15:16:26, 1096.20, 30.43, 31.13, 30.664, 102, 100, 164, 379, 832, 1190, 1781, 2086, 3611, 286, 0, 0, 51, 45, 64, 134, 355, 552, 936, 1173, 1419, 130, 0, 0
15:16:27, 1093.80, 30.43, 31.12, 30.664, 106, 106, 177, 405, 837, 1156, 1717, 2029, 3598, 292, 0, 0, 49, 43, 62, 128, 362, 562, 954, 1197, 1419, 131, 0, 0
15:16:27, 1090.80, 30.43, 31.10, 30.672, 139, 127, 222, 491, 973, 1411, 1941, 2390, 3340, 266, 0, 0, 54, 47, 69, 142, 380, 585, 985, 1232, 1451, 134, 0, 0
15:16:28, 1087.90, 30.43, 31.10, 30.664, 154, 151, 267, 597, 1221, 1722, 2450, 2859, 4869, 382, 0, 0, 62, 55, 82, 172, 452, 688, 1142, 1416, 1769, 162, 0, 0
15:16:29, 1085.50, 30.43, 31.15, 30.664, 182, 186, 333, 748, 1288, 1808, 2583, 2946, 5439, 432, 0, 0, 63, 56, 85, 181, 474, 714, 1171, 1447, 1871, 171, 0, 0
15:16:29, 1082.00, 30.43, 31.17, 30.672, 166, 176, 313, 706, 1265, 1749, 2507, 2851, 5267, 434, 0, 0, 74, 66, 102, 217, 534, 799, 1307, 1606, 2044, 188, 0, 0
15:16:30, 1080.70, 30.43, 31.13, 30.672, 230, 254, 454, 1026, 1463, 2022, 2848, 3182, 6125, 496, 0, 0, 72, 64, 101, 215, 538, 800, 1297, 1584, 2024, 187, 0, 0
15:16:31, 1076.30, 30.43, 31.13, 30.672, 276, 254, 481, 1016, 1804, 2618, 3409, 4121, 6056, 474, 0, 0, 73, 65, 102, 219, 580, 855, 1377, 1671, 2090, 192, 0, 0
15:16:31, 1074.70, 30.43, 31.12, 30.672, 202, 209, 388, 839, 1172, 1567, 2122, 2402, 4434, 398, 0, 0, 97, 89, 146, 313, 760, 1101, 1750, 2107, 2722, 254, 0, 0
15:16:32, 1075.90, 30.43, 31.17, 30.672, 229, 227, 430, 908, 1864, 2613, 3450, 4024, 6480, 518, 0, 0, 80, 72, 115, 246, 638, 935, 1503, 1827, 2313, 215, 0, 0
15:16:33, 1070.10, 30.44, 31.19, 30.672, 192, 198, 369, 790, 1339, 1849, 2496, 2843, 4979, 436, 0, 0, 102, 95, 156, 335, 816, 1175, 1859, 2249, 3018, 282, 0, 0
15:16:33, 1071.00, 30.44, 31.15, 30.680, 190, 210, 390, 819, 1456, 1986, 2639, 2968, 5399, 467, 0, 0, 93, 85, 139, 296, 746, 1075, 1716, 2071, 2457, 230, 0, 0
15:16:34, 1073.00, 30.44, 31.15, 30.680, 291, 304, 568, 1112, 2360, 3004, 4223, 5320, 8362, 671, 0, 0, 64, 58, 93, 198, 493, 725, 1165, 1423, 1848, 168, 0, 0
15:16:35, 1068.50, 30.45, 31.19, 30.680, 55, 57, 114, 227, 325, 417, 525, 608, 852, 75, 0, 0, 82, 76, 124, 267, 613, 891, 1422, 1721, 2202, 202, 0, 0
15:16:35, 1065.10, 30.45, 31.13, 30.672, 38, 49, 105, 194, 323, 379, 477, 538, 720, 57, 0, 0, 66, 59, 96, 205, 414, 607, 986, 1197, 1293, 118, 0, 0
15:16:36, 1058.50, 30.45, 31.15, 30.672, 54, 79, 170, 303, 491, 571, 714, 810, 1223, 96, 0, 0, 54, 48, 79, 166, 442, 642, 1036, 1250, 1372, 125, 0, 0
15:16:37, 1048.60, 30.46, 31.15, 30.672, 50, 70, 148, 256, 413, 483, 595, 675, 958, 79, 0, 0, 70, 66, 112, 235, 527, 747, 1180, 1403, 1696, 154, 0, 0
15:16:37, 1050.20, 30.46, 31.17, 30.672, 73, 118, 237, 388, 637, 715, 874, 971, 1589, 132, 0, 0, 45, 41, 71, 147, 315, 451, 713, 853, 979, 88, 0, 0
15:16:38, 1044.60, 30.46, 31.17, 30.672, 123, 223, 444, 713, 1074, 1195, 1429, 1570, 3651, 335, 0, 0, 35, 33, 59, 121, 340, 475, 740, 872, 1038, 94, 0, 0
15:16:39, 1036.10, 30.46, 31.15, 30.672, 175, 281, 522, 820, 1719, 1918, 2344, 2805, 6638, 747, 0, 0, 47, 47, 87, 174, 364, 493, 749, 871, 1133, 103, 0, 0
15:16:39, 1029.00, 30.46, 31.15, 30.672, 710, 1374, 2610, 3343, 2708, 2415, 4170, 3440, 19754, 4114, 0, 0, 74, 87, 165, 302, 691, 859, 1199, 1378, 2256, 248, 0, 0
15:16:40, 1020.10, 30.46, 31.17, 30.680, 1327, 2507, 4412, 5057, 9515, 5622, 14470, 9400, 36000, 21727, 1, 1, 126, 175, 345, 608, 1039, 1244, 1719, 1930, 3505, 419, 0, 0
15:16:41, 1018.50, 30.46, 31.13, 30.680, 1418, 4261, 5571, 8716, 15273, 9161, 21142, 10681, 35319, 28033, 0, 1, 156, 221, 433, 745, 1156, 1389, 1912, 2147, 3691, 429, 0, 0
15:16:41, 1017.00, 30.46, 31.12, 30.680, 1610, 3023, 3660, 6310, 4660, 5570, 9524, 5512, 26440, 7373, 0, 0, 192, 264, 525, 913, 1469, 1756, 2414, 2722, 4453, 520, 0, 0
15:16:42, 1015.30, 30.46, 31.19, 30.680, 4701, 8354, 7146, 17507, 8450, 13510, 19823, 10896, 35941, 10993, 0, 1, 205, 279, 549, 956, 1632, 1945, 2658, 3016, 5158, 635, 0, 0
15:16:43, 1014.60, 30.46, 31.17, 30.680, 4858, 5750, 5835, 16244, 10397, 17830, 21623, 16438, 35371, 13019, 0, 1, 230, 314, 612, 1066, 1761, 2094, 2884, 3277, 5924, 758, 0, 0
15:16:43, 1010.50, 30.46, 31.17, 30.687, 2044, 6851, 8482, 14915, 17701, 11223, 26276, 19057, 36000, 36000, 1, 1, 239, 343, 658, 1122, 2028, 2376, 3255, 3663, 7022, 929, 0, 0
15:16:44, 1011.00, 30.47, 31.17, 30.680, 9125, 15366, 18624, 30633, 2130, 1966, 2226, 2091, 11593, 2257, 0, 0, 8698, 14600, 20565, 24719, 35976, 36000, 36000, 36000, 36000, 36000, 1, 1
15:16:45, 1010.90, 30.47, 31.17, 30.680, 4409, 3434, 8337, 5489, 6705, 5509, 8077, 6667, 20163, 13087, 0, 0, 15065, 25493, 34332, 36000, 33419, 33569, 35077, 36000, 36000, 36000, 1, 1
15:16:45, 1010.40, 30.47, 31.19, 30.625, 8871, 17103, 26672, 34401, 2115, 1995, 2129, 2113, 8838, 1365, 0, 1, 1856, 2205, 3326, 3602, 5706, 5964, 6641, 6945, 13198, 3552, 0, 0
