Secchi Depth (cm) = 9999
Forel Ule Scale = 99
pH Colour Scale = 99
SensingSecchi S/N = A017
Latitude (degs N) = 34.22151
Longitude (degs E) = -77.97771
Date = 2026-07-16
Time (UTC), Pressure (mbar) MS5803, Temp (deg C) MS5803, Temp (deg C) 10KTHERM, Temp (deg C) TMP117, ED 415nm, ED 445nm, ED 480nm, ED 515nm, ED 555nm, ED 590nm, ED 630nm, ED 680nm, ED Clear, ED NIR, ED D-SAT, ED A-SAT, EU 415nm, EU 445nm, EU 480nm, EU 515nm, EU 555nm, EU 590nm, EU 630nm, EU 680nm, EU Clear, EU NIR, EU D-SAT, EU A-SAT
16:52:54, 1011.20, 30.73, 33.48, 35.508, 3018, 4460, 6608, 7058, 8425, 8129, 9754, 10945, 36000, 23021, 1, 1, 10163, 16143, 21885, 26128, 30786, 31403, 36000, 36000, 36000, 36000, 1, 1
16:52:54, 1011.30, 30.74, 33.52, 35.445, 3110, 4527, 6724, 7187, 9000, 8779, 10261, 11679, 36000, 26225, 1, 1, 10150, 16127, 21725, 26048, 30275, 31014, 36000, 36000, 36000, 36000, 1, 1
16:52:55, 1011.30, 30.74, 33.52, 35.422, 3068, 4495, 6701, 7103, 8807, 8543, 10042, 11328, 36000, 25146, 1, 1, 9957, 15783, 21265, 25463, 29714, 30448, 36000, 36000, 36000, 36000, 1, 1
16:52:56, 1011.00, 30.74, 33.52, 35.422, 3191, 4558, 6926, 7242, 9124, 8861, 10242, 11661, 36000, 27828, 1, 1, 9644, 15353, 20625, 24747, 28673, 29473, 35546, 36000, 36000, 36000, 1, 1
16:52:56, 1011.40, 30.74, 33.54, 35.398, 3856, 5113, 8038, 8130, 9842, 9796, 10988, 12638, 36000, 33743, 1, 1, 11646, 18962, 25527, 31392, 36000, 36000, 36000, 36000, 36000, 36000, 1, 1
16:52:57, 1011.20, 30.74, 33.54, 35.398, 2745, 4053, 5639, 6732, 8762, 9959, 12121, 11189, 31884, 9877, 0, 0, 7037, 11674, 16367, 20883, 13286, 13696, 16724, 17371, 35033, 8463, 0, 1
16:52:58, 1011.30, 30.74, 33.52, 35.398, 7654, 12308, 17103, 20984, 10732, 11156, 12084, 15355, 24397, 7260, 0, 0, 5687, 8895, 13060, 16045, 21657, 22930, 28033, 28272, 36000, 26330, 1, 1
16:52:58, 1011.40, 30.74, 33.54, 35.258, 6628, 11454, 14949, 18165, 28479, 31166, 35022, 36000, 36000, 23480, 1, 1, 1386, 2181, 3382, 4608, 9701, 10550, 12517, 12870, 18775, 5513, 0, 0
16:52:59, 1011.60, 30.74, 33.52, 35.188, 8721, 15950, 24047, 23834, 32803, 32766, 35294, 36000, 36000, 36000, 1, 1, 961, 1392, 2326, 3441, 4619, 5145, 5810, 5852, 12563, 2018, 0, 0
16:53:00, 1018.40, 30.75, 33.48, 35.188, 10715, 13967, 19478, 26035, 33487, 33413, 35486, 35326, 36000, 35265, 1, 1, 436, 594, 1204, 2240, 3751, 4354, 5008, 4795, 9731, 988, 0, 0
16:53:00, 1021.40, 30.76, 33.50, 34.195, 4945, 7461, 10728, 14706, 22838, 23663, 25244, 27441, 35352, 17798, 0, 1, 397, 519, 1072, 2073, 3772, 4413, 5088, 4860, 9428, 932, 0, 0
16:53:01, 1023.50, 30.77, 33.50, 33.469, 6708, 12293, 26802, 23272, 18210, 21107, 23962, 36000, 36000, 9257, 1, 1, 384, 499, 1034, 2011, 3447, 4046, 4663, 4460, 8799, 870, 0, 0
16:53:02, 1023.10, 30.78, 33.48, 33.469, 10562, 12192, 16580, 23441, 23234, 25064, 27743, 32925, 35955, 8974, 0, 1, 347, 441, 922, 1829, 3399, 3998, 4615, 4403, 8194, 785, 0, 0
16:53:02, 1015.60, 30.79, 33.48, 32.945, 7634, 12984, 23575, 20177, 30220, 35565, 34970, 35935, 34996, 8379, 0, 1, 408, 545, 1113, 2099, 3700, 4284, 4934, 4715, 9637, 957, 0, 0
16:53:03, 1017.50, 30.80, 33.44, 32.656, 7426, 14337, 20060, 25882, 32681, 31976, 36000, 36000, 36000, 17765, 1, 1, 410, 549, 1123, 2112, 3714, 4291, 4962, 4722, 9987, 984, 0, 0
16:53:04, 1020.70, 30.82, 33.44, 32.656, 4140, 8215, 11335, 13554, 23739, 24694, 25735, 27768, 36000, 24986, 1, 1, 433, 594, 1204, 2244, 3653, 4241, 4903, 4677, 10802, 1066, 0, 0
16:53:04, 1018.40, 30.83, 33.46, 32.484, 5963, 12203, 17129, 17936, 25964, 23229, 27990, 35351, 36000, 28091, 1, 1, 449, 620, 1253, 2327, 3946, 4558, 5264, 5049, 11900, 1196, 0, 0
16:53:05, 1023.00, 30.84, 33.44, 32.391, 7391, 14292, 19967, 25135, 28006, 28096, 32961, 35098, 36000, 22694, 1, 1, 388, 520, 1068, 2031, 3530, 4118, 4753, 4546, 10578, 1032, 0, 0
16:53:06, 1022.40, 30.86, 33.46, 32.391, 4440, 8451, 11947, 13850, 21132, 19709, 22496, 32261, 36000, 12876, 1, 1, 384, 508, 1052, 2029, 3687, 4304, 4979, 4760, 10939, 1066, 0, 0
16:53:06, 1021.70, 30.87, 33.43, 32.305, 4824, 8862, 12416, 13938, 22793, 20551, 25250, 33853, 36000, 13052, 1, 1, 402, 539, 1109, 2116, 3669, 4274, 4944, 4731, 10914, 1074, 0, 0
16:53:07, 1023.80, 30.88, 33.44, 32.273, 6466, 11505, 18086, 21671, 29000, 29527, 32858, 34563, 36000, 20466, 1, 1, 375, 491, 1017, 1968, 3549, 4159, 4820, 4598, 10439, 1016, 0, 0
16:53:08, 1021.00, 30.90, 33.44, 32.273, 4664, 9333, 14747, 16263, 26645, 24182, 29436, 33427, 36000, 11802, 1, 1, 400, 525, 1086, 2097, 3801, 4438, 5149, 4915, 10914, 1074, 0, 0
16:53:08, 1020.10, 30.91, 33.41, 32.250, 5953, 12656, 15331, 19527, 26903, 23822, 30801, 36000, 36000, 10010, 1, 1, 427, 567, 1165, 2212, 3888, 4521, 5239, 5005, 11070, 1100, 0, 0
16:53:09, 1021.90, 30.92, 33.39, 32.242, 7945, 14368, 20783, 23547, 29614, 29255, 35314, 36000, 36000, 13409, 1, 1, 392, 510, 1056, 2044, 3709, 4340, 5023, 4778, 10064, 975, 0, 0
16:53:10, 1020.30, 30.93, 33.43, 32.242, 5926, 12593, 16796, 22307, 26086, 22818, 33566, 35918, 31892, 5739, 0, 1, 397, 514, 1067, 2064, 3737, 4365, 5042, 4799, 9671, 931, 0, 0
16:53:10, 1021.90, 30.95, 33.41, 32.219, 5373, 11889, 17969, 30188, 27271, 28128, 36000, 35863, 34304, 7009, 1, 1, 378, 490, 1014, 1963, 3499, 4091, 4715, 4492, 9293, 903, 0, 0
16:53:11, 1023.00, 30.96, 33.37, 32.203, 4770, 8959, 14210, 19512, 24438, 25590, 33906, 32648, 35094, 6589, 0, 1, 371, 471, 984, 1933, 3528, 4141, 4779, 4543, 9060, 866, 0, 0
16:53:12, 1025.10, 30.97, 33.41, 32.203, 5194, 10016, 15963, 22557, 24446, 25367, 35132, 34154, 35999, 7972, 0, 1, 362, 459, 957, 1886, 3415, 4019, 4642, 4417, 9106, 876, 0, 0
16:53:12, 1025.60, 30.98, 33.43, 32.180, 4579, 9004, 13964, 19080, 26212, 26696, 34426, 33618, 35815, 7339, 0, 1, 359, 447, 938, 1877, 3532, 4173, 4834, 4583, 9140, 865, 0, 0
16:53:13, 1025.80, 30.99, 33.39, 32.164, 4483, 9417, 13512, 18539, 26246, 27457, 34365, 34761, 36000, 6908, 1, 1, 371, 467, 977, 1938, 3543, 4180, 4843, 4604, 9673, 929, 0, 0
16:53:14, 1028.60, 31.00, 33.41, 32.164, 4857, 10211, 14686, 19562, 28348, 28133, 32264, 34796, 36000, 8246, 1, 1, 360, 451, 944, 1886, 3464, 4098, 4754, 4524, 9879, 948, 0, 0
16:53:14, 1028.60, 31.01, 33.37, 32.133, 3987, 8037, 12976, 16654, 19058, 19620, 25353, 31111, 36000, 5132, 1, 1, 350, 430, 908, 1842, 3467, 4116, 4783, 4525, 9572, 907, 0, 0
16:53:15, 1025.50, 31.02, 33.39, 32.094, 4348, 9003, 12100, 16187, 15435, 14984, 17909, 21470, 33586, 4957, 0, 1, 375, 476, 997, 1973, 3592, 4226, 4905, 4660, 10044, 969, 0, 0
16:53:16, 1026.60, 31.03, 33.37, 32.094, 3691, 7149, 10974, 13373, 27242, 27713, 33135, 34075, 36000, 10738, 1, 1, 350, 442, 924, 1835, 3371, 3977, 4613, 4375, 9432, 905, 0, 0
16:53:16, 1024.80, 31.04, 33.37, 32.086, 4419, 9293, 13666, 18211, 26365, 27545, 34015, 35537, 36000, 6463, 1, 1, 350, 438, 917, 1831, 3457, 4077, 4723, 4482, 9301, 893, 0, 0
16:53:17, 1024.00, 31.05, 33.35, 32.086, 4741, 10429, 15461, 23014, 22177, 20983, 34997, 34457, 31148, 5282, 0, 1, 367, 465, 970, 1907, 3499, 4113, 4751, 4526, 9332, 903, 0, 0
16:53:18, 1025.40, 31.06, 33.39, 32.086, 4819, 10496, 16573, 26397, 19923, 20325, 31128, 29191, 30326, 4968, 0, 0, 364, 456, 954, 1896, 3484, 4112, 4750, 4520, 9197, 883, 0, 0
16:53:18, 1024.20, 31.07, 33.37, 32.086, 3246, 6846, 10360, 16778, 22864, 24479, 31412, 32340, 25788, 4339, 0, 0, 375, 469, 983, 1958, 3614, 4260, 4925, 4686, 9279, 887, 0, 0
16:53:19, 1023.60, 31.08, 33.35, 32.086, 4371, 9740, 14592, 25375, 25242, 24938, 34246, 33083, 31356, 5482, 0, 1, 377, 476, 993, 1962, 3615, 4257, 4923, 4691, 9535, 920, 0, 0
16:53:20, 1022.20, 31.08, 33.41, 32.078, 4616, 10054, 12697, 19958, 24220, 22376, 33162, 35275, 26950, 4791, 0, 1, 393, 501, 1042, 2040, 3732, 4380, 5066, 4835, 10091, 986, 0, 0
16:53:20, 1020.70, 31.09, 33.37, 32.070, 5850, 12836, 18785, 24979, 32308, 30680, 35999, 36000, 36000, 7656, 1, 1, 411, 532, 1100, 2131, 3858, 4512, 5224, 4989, 10502, 1032, 0, 0
16:53:21, 1019.70, 31.10, 33.37, 32.070, 6205, 13178, 18455, 22993, 24636, 24405, 28503, 31512, 36000, 10128, 1, 1, 423, 552, 1137, 2186, 3957, 4620, 5351, 5111, 10851, 1071, 0, 0
16:53:22, 1018.50, 31.11, 33.35, 32.086, 6302, 12949, 15488, 20765, 28522, 25688, 34175, 36000, 36000, 7689, 1, 1, 449, 592, 1215, 2315, 4090, 4764, 5513, 5275, 11184, 1111, 0, 0
16:53:22, 1019.10, 31.12, 33.39, 32.094, 7547, 15825, 21483, 26666, 30516, 29986, 34484, 36000, 36000, 12836, 1, 1, 437, 573, 1176, 2248, 3999, 4667, 5402, 5166, 10906, 1080, 0, 0
16:53:23, 1018.40, 31.13, 33.35, 32.094, 7736, 17508, 22939, 29022, 23703, 23936, 31888, 32801, 35725, 8191, 0, 1, 437, 570, 1172, 2246, 4063, 4742, 5484, 5247, 10895, 1078, 0, 0
16:53:24, 1018.10, 31.14, 33.37, 32.125, 7492, 15057, 19859, 28663, 27597, 27539, 30722, 32443, 30503, 7338, 0, 1, 442, 578, 1186, 2266, 3997, 4668, 5387, 5161, 10572, 1046, 0, 0
16:53:24, 1019.40, 31.15, 33.35, 32.141, 6810, 14223, 20500, 27632, 20249, 20953, 28190, 26157, 30283, 8940, 0, 0, 429, 556, 1143, 2200, 3929, 4598, 5300, 5078, 10389, 1026, 0, 0
16:53:25, 1019.00, 31.16, 33.37, 32.141, 5068, 10716, 15231, 19530, 20276, 24200, 28366, 28832, 22599, 4664, 0, 0, 432, 557, 1151, 2228, 4011, 4697, 5418, 5184, 10241, 997, 0, 0
16:53:26, 1018.30, 31.17, 33.35, 32.141, 5709, 12963, 18694, 29639, 28011, 31013, 34650, 34544, 27409, 6303, 0, 1, 443, 577, 1186, 2275, 4028, 4706, 5429, 5199, 10506, 1033, 0, 0
16:53:26, 1018.90, 31.17, 33.35, 32.133, 7805, 15698, 23157, 31342, 25908, 25208, 34078, 33250, 36000, 9734, 1, 1, 433, 564, 1160, 2226, 3990, 4664, 5387, 5150, 10639, 1049, 0, 0
16:53:27, 1018.30, 31.18, 33.37, 32.133, 6399, 13556, 17785, 24954, 32916, 28011, 36000, 36000, 34258, 7291, 1, 1, 445, 582, 1196, 2288, 4060, 4739, 5479, 5241, 11064, 1099, 0, 0
16:53:28, 1018.90, 31.19, 33.33, 32.117, 8165, 17731, 22714, 28737, 28775, 27359, 32713, 34276, 36000, 9212, 1, 1, 445, 586, 1200, 2285, 4032, 4703, 5441, 5207, 11292, 1129, 0, 0
16:53:28, 1019.20, 31.20, 33.37, 32.125, 10691, 18002, 23869, 26471, 23793, 23695, 26636, 28888, 36000, 15310, 1, 1, 437, 574, 1177, 2251, 4031, 4709, 5454, 5210, 11179, 1110, 0, 0
16:53:29, 1020.10, 31.20, 33.35, 32.125, 4329, 8589, 11584, 14655, 29385, 29430, 31046, 31307, 36000, 15016, 1, 1, 425, 556, 1142, 2188, 3916, 4576, 5298, 5065, 10909, 1083, 0, 0
16:53:30, 1021.30, 31.21, 33.39, 32.141, 9091, 18122, 23952, 27778, 28474, 28646, 34639, 35090, 36000, 8445, 1, 1, 404, 520, 1075, 2087, 3802, 4462, 5164, 4928, 10326, 1011, 0, 0
16:53:30, 1020.30, 31.22, 33.33, 32.141, 5039, 10311, 13282, 19414, 22182, 19906, 28631, 30092, 28112, 5113, 0, 0, 414, 533, 1103, 2139, 3850, 4515, 5221, 4984, 10270, 1005, 0, 0
16:53:31, 1019.90, 31.23, 33.37, 32.141, 6554, 14918, 20850, 29519, 25234, 24315, 32312, 35289, 26049, 5304, 0, 1, 424, 547, 1131, 2186, 3894, 4562, 5270, 5034, 10170, 993, 0, 0
16:53:32, 1020.40, 31.24, 33.35, 32.148, 5873, 12258, 18396, 27111, 24829, 24178, 30704, 30059, 31262, 7051, 0, 0, 422, 542, 1122, 2174, 3922, 4602, 5316, 5075, 10226, 995, 0, 0
16:53:32, 1021.00, 31.24, 33.35, 32.172, 5534, 12176, 17608, 22705, 31546, 31328, 35430, 35020, 36000, 12007, 1, 1, 409, 524, 1085, 2110, 3857, 4531, 5239, 4998, 10243, 1000, 0, 0
16:53:33, 1020.40, 31.25, 33.35, 32.172, 5124, 10126, 12723, 17761, 30204, 26380, 35704, 36000, 29902, 5890, 1, 1, 412, 531, 1096, 2120, 3820, 4480, 5180, 4949, 10244, 1007, 0, 0
16:53:34, 1021.00, 31.26, 33.35, 32.180, 4628, 9525, 14097, 19112, 18434, 18417, 23550, 22733, 33019, 9419, 0, 1, 396, 506, 1048, 2040, 3759, 4417, 5116, 4876, 9704, 937, 0, 0
16:53:34, 1024.70, 31.27, 33.35, 32.180, 3494, 7208, 9785, 15845, 28584, 29780, 32829, 32380, 32019, 7997, 0, 1, 378, 483, 1000, 1951, 3491, 4110, 4753, 4540, 9649, 946, 0, 0
16:53:35, 1032.00, 31.27, 33.39, 32.180, 7032, 12740, 20140, 23622, 29298, 29635, 35774, 35632, 36000, 10800, 1, 1, 337, 411, 862, 1753, 3285, 3930, 4567, 4317, 9021, 854, 0, 0
16:53:36, 1040.20, 31.28, 33.37, 32.172, 3170, 6372, 10493, 14037, 20874, 21041, 26208, 30086, 36000, 8683, 1, 1, 303, 352, 745, 1576, 3004, 3651, 4264, 4010, 8490, 783, 0, 0
16:53:36, 1048.70, 31.29, 33.33, 32.039, 2215, 4218, 7409, 10584, 14239, 15203, 19059, 22087, 36000, 4717, 1, 1, 252, 277, 589, 1300, 2579, 3181, 3749, 3508, 7344, 659, 0, 0
16:53:37, 1054.30, 31.29, 33.35, 32.039, 1742, 3158, 5759, 8770, 10916, 11923, 14992, 17323, 31797, 3001, 0, 0, 219, 231, 492, 1113, 2282, 2846, 3381, 3156, 6470, 574, 0, 0
16:53:38, 1060.50, 31.29, 33.35, 31.867, 1448, 2486, 4711, 7678, 10989, 12530, 16390, 17862, 33573, 2879, 0, 1, 185, 188, 398, 918, 1976, 2495, 2986, 2780, 5520, 484, 0, 0
16:53:38, 1067.80, 31.29, 33.37, 31.719, 997, 1631, 3120, 5219, 8668, 9858, 12912, 14910, 24029, 2028, 0, 0, 168, 165, 344, 810, 1769, 2265, 2730, 2539, 4942, 430, 0, 0
16:53:39, 1076.50, 31.29, 33.35, 31.719, 764, 1142, 2220, 3918, 6407, 7389, 9462, 11219, 18398, 1495, 0, 0, 151, 143, 292, 704, 1588, 2068, 2517, 2339, 4398, 381, 0, 0
16:53:40, 1085.00, 31.29, 33.37, 31.562, 586, 804, 1617, 3024, 5619, 6622, 8562, 9979, 16592, 1293, 0, 0, 133, 123, 245, 599, 1382, 1825, 2236, 2080, 3960, 340, 0, 0
16:53:40, 1090.60, 31.28, 33.35, 31.344, 492, 649, 1329, 2602, 4750, 5725, 7346, 8428, 14182, 1071, 0, 0, 117, 106, 207, 511, 1230, 1643, 2024, 1881, 3512, 302, 0, 0
16:53:41, 1099.10, 31.27, 33.31, 31.344, 468, 619, 1283, 2579, 4710, 5841, 7571, 8260, 15579, 1146, 0, 0, 101, 90, 172, 427, 1040, 1408, 1746, 1625, 3009, 257, 0, 0
16:53:42, 1105.90, 31.27, 33.31, 31.156, 321, 379, 770, 1611, 2989, 3741, 4780, 5440, 9120, 671, 0, 0, 91, 79, 146, 368, 942, 1295, 1622, 1507, 2707, 232, 0, 0
16:53:42, 1113.00, 31.26, 33.37, 30.953, 283, 338, 691, 1491, 2893, 3655, 4752, 5330, 10153, 760, 0, 0, 80, 69, 125, 316, 827, 1150, 1448, 1346, 2409, 206, 0, 0
16:53:43, 1122.10, 31.25, 33.33, 30.953, 267, 306, 619, 1398, 2774, 3606, 4706, 5139, 9575, 692, 0, 0, 65, 55, 97, 246, 666, 942, 1194, 1109, 1954, 167, 0, 0
16:53:44, 1129.90, 31.25, 33.33, 30.664, 191, 204, 400, 918, 1968, 2569, 3362, 3734, 6484, 471, 0, 0, 56, 47, 80, 203, 562, 805, 1026, 951, 1655, 141, 0, 0
16:53:44, 1135.40, 31.24, 33.33, 30.437, 169, 181, 354, 825, 1679, 2217, 2939, 3255, 5539, 400, 0, 0, 49, 41, 68, 171, 503, 730, 935, 863, 1453, 125, 0, 0
16:53:45, 1140.10, 31.23, 33.37, 30.437, 155, 162, 312, 733, 1586, 2102, 2799, 3091, 5546, 403, 0, 0, 47, 39, 64, 163, 474, 691, 887, 820, 1426, 122, 0, 0
16:53:46, 1145.90, 31.22, 33.33, 30.242, 135, 140, 264, 630, 1406, 1886, 2522, 2764, 4971, 361, 0, 0, 42, 34, 55, 140, 425, 627, 807, 745, 1272, 109, 0, 0
16:53:46, 1150.70, 31.21, 33.35, 30.125, 122, 124, 230, 558, 1272, 1723, 2301, 2512, 4466, 324, 0, 0, 39, 32, 51, 128, 392, 582, 751, 692, 1180, 101, 0, 0
16:53:47, 1156.60, 31.20, 33.35, 30.125, 111, 112, 205, 502, 1162, 1588, 2134, 2325, 4139, 300, 0, 0, 35, 28, 45, 112, 349, 522, 676, 622, 1048, 89, 0, 0
16:53:48, 1161.50, 31.20, 33.37, 30.039, 97, 96, 172, 425, 1017, 1403, 1889, 2054, 3593, 260, 0, 0, 32, 26, 40, 99, 319, 481, 625, 573, 954, 81, 0, 0
16:53:48, 1166.30, 31.19, 33.29, 29.992, 90, 87, 155, 383, 922, 1281, 1727, 1877, 3219, 232, 0, 0, 29, 23, 36, 89, 288, 438, 571, 522, 859, 73, 0, 0
16:53:49, 1173.60, 31.18, 33.35, 29.992, 79, 75, 130, 324, 808, 1128, 1527, 1657, 2852, 206, 0, 0, 26, 21, 32, 79, 256, 393, 515, 469, 771, 66, 0, 0
16:53:50, 1175.60, 31.17, 33.33, 29.969, 70, 66, 111, 277, 714, 1007, 1353, 1466, 2328, 168, 0, 0, 25, 20, 30, 74, 249, 383, 503, 457, 738, 63, 0, 0
16:53:50, 1182.90, 31.16, 33.33, 29.937, 67, 64, 108, 270, 690, 976, 1324, 1430, 2413, 175, 0, 0, 23, 18, 27, 66, 221, 343, 452, 411, 675, 57, 0, 0
16:53:51, 1188.60, 31.15, 33.31, 29.937, 59, 55, 91, 228, 602, 862, 1169, 1255, 2039, 148, 0, 0, 20, 16, 24, 57, 200, 313, 413, 374, 613, 52, 0, 0
16:53:52, 1195.00, 31.14, 33.31, 29.922, 54, 50, 82, 206, 552, 796, 1084, 1157, 1926, 140, 0, 0, 18, 14, 21, 51, 177, 280, 370, 335, 549, 47, 0, 0
16:53:52, 1199.00, 31.14, 33.35, 29.914, 49, 45, 72, 180, 486, 706, 958, 1023, 1682, 123, 0, 0, 17, 14, 19, 46, 166, 263, 349, 315, 514, 44, 0, 0
16:53:53, 1202.80, 31.13, 33.37, 29.914, 46, 43, 68, 171, 465, 679, 928, 986, 1624, 119, 0, 0, 16, 12, 18, 43, 155, 247, 329, 297, 480, 41, 0, 0
16:53:54, 1206.20, 31.12, 33.29, 29.906, 43, 40, 62, 158, 438, 642, 879, 932, 1527, 112, 0, 0, 15, 12, 17, 40, 147, 235, 313, 282, 453, 38, 0, 0
16:53:54, 1212.00, 31.11, 33.33, 29.906, 41, 38, 58, 145, 412, 606, 832, 880, 1421, 104, 0, 0, 14, 11, 16, 37, 134, 216, 288, 259, 418, 35, 0, 0
16:53:55, 1221.80, 31.10, 33.35, 29.906, 35, 32, 49, 122, 344, 512, 707, 743, 1192, 87, 0, 0, 12, 9, 13, 30, 112, 183, 246, 220, 348, 29, 0, 0
16:53:56, 1228.10, 31.09, 33.33, 29.922, 29, 27, 39, 97, 294, 442, 612, 641, 992, 73, 0, 0, 10, 8, 11, 26, 100, 164, 221, 197, 307, 26, 0, 0
16:53:56, 1236.40, 31.08, 33.35, 29.930, 26, 24, 35, 86, 261, 396, 551, 574, 877, 64, 0, 0, 9, 7, 10, 22, 86, 143, 194, 173, 268, 23, 0, 0
16:53:57, 1242.50, 31.08, 33.33, 29.930, 23, 21, 29, 72, 227, 348, 485, 503, 757, 55, 0, 0, 8, 6, 9, 19, 77, 130, 176, 157, 242, 20, 0, 0
16:53:58, 1254.90, 31.07, 33.35, 29.930, 20, 19, 25, 62, 194, 300, 419, 433, 678, 50, 0, 0, 6, 5, 7, 16, 63, 107, 147, 130, 200, 17, 0, 0
16:53:58, 1262.30, 31.06, 33.33, 29.937, 16, 15, 20, 48, 157, 247, 345, 355, 531, 39, 0, 0, 5, 4, 6, 13, 56, 96, 132, 117, 177, 15, 0, 0
16:53:59, 1265.90, 31.05, 33.31, 29.937, 15, 14, 19, 42, 144, 228, 320, 327, 484, 36, 0, 0, 5, 4, 6, 12, 52, 90, 125, 110, 167, 14, 0, 0
16:54:00, 1277.30, 31.05, 33.33, 29.914, 14, 13, 16, 39, 131, 209, 295, 300, 472, 35, 0, 0, 4, 3, 5, 10, 43, 76, 106, 93, 143, 12, 0, 0
16:54:00, 1284.20, 31.04, 33.31, 29.906, 11, 10, 13, 30, 109, 176, 249, 252, 374, 28, 0, 0, 4, 3, 4, 8, 38, 67, 94, 83, 125, 10, 0, 0
16:54:01, 1290.30, 31.03, 33.33, 29.906, 10, 10, 12, 27, 100, 163, 232, 234, 350, 26, 0, 0, 3, 2, 3, 8, 34, 60, 85, 75, 113, 9, 0, 0
16:54:02, 1301.60, 31.02, 33.31, 29.883, 9, 9, 10, 24, 89, 146, 207, 209, 317, 24, 0, 0, 3, 2, 3, 6, 29, 52, 73, 64, 98, 8, 0, 0
16:54:02, 1309.30, 31.02, 33.33, 29.859, 7, 7, 9, 19, 71, 118, 168, 169, 244, 18, 0, 0, 2, 2, 2, 5, 24, 45, 64, 56, 83, 7, 0, 0
16:54:03, 1314.50, 31.01, 33.29, 29.859, 7, 6, 7, 17, 64, 108, 154, 154, 225, 17, 0, 0, 2, 1, 2, 5, 22, 41, 59, 52, 77, 6, 0, 0
16:54:04, 1323.10, 31.00, 33.31, 29.844, 6, 6, 7, 15, 58, 99, 141, 140, 210, 16, 0, 0, 2, 1, 2, 4, 20, 37, 53, 46, 70, 5, 0, 0
16:54:04, 1335.60, 30.99, 33.35, 29.820, 5, 5, 5, 12, 47, 81, 116, 115, 168, 13, 0, 0, 1, 1, 1, 3, 15, 29, 43, 37, 55, 4, 0, 0
16:54:05, 1340.90, 30.98, 33.35, 29.820, 4, 4, 4, 9, 40, 70, 100, 99, 145, 11, 0, 0, 1, 1, 1, 3, 14, 26, 39, 34, 50, 4, 0, 0
16:54:06, 1349.60, 30.98, 33.33, 29.789, 4, 4, 4, 9, 37, 64, 93, 92, 138, 11, 0, 0, 1, 1, 1, 2, 12, 23, 34, 30, 44, 3, 0, 0
16:54:06, 1360.00, 30.97, 33.29, 29.773, 3, 3, 4, 7, 29, 52, 75, 74, 107, 8, 0, 0, 0, 0, 1, 2, 10, 19, 28, 25, 36, 2, 0, 0
16:54:07, 1363.20, 30.96, 33.35, 29.773, 3, 3, 4, 6, 26, 47, 68, 66, 97, 7, 0, 0, 0, 0, 1, 1, 9, 18, 27, 23, 34, 2, 0, 0
16:54:08, 1365.40, 30.95, 33.27, 29.758, 2, 3, 2, 5, 25, 44, 65, 63, 95, 7, 0, 0, 0, 0, 1, 2, 9, 17, 26, 23, 33, 2, 0, 0
16:54:08, 1376.60, 30.94, 33.29, 29.750, 2, 3, 2, 5, 23, 42, 61, 60, 95, 7, 0, 0, 0, 0, 1, 1, 7, 15, 23, 20, 30, 2, 0, 0
16:54:09, 1385.10, 30.94, 33.29, 29.750, 2, 2, 2, 4, 19, 34, 50, 49, 73, 6, 0, 0, 0, 0, 0, 1, 6, 13, 19, 17, 25, 1, 0, 0
16:54:10, 1393.60, 30.93, 33.31, 29.734, 2, 2, 1, 3, 16, 30, 44, 42, 63, 5, 0, 0, 0, 0, 0, 1, 5, 11, 17, 15, 21, 1, 0, 0
16:54:10, 1400.70, 30.92, 33.33, 29.734, 1, 2, 1, 3, 14, 26, 38, 37, 55, 4, 0, 0, 0, 0, 0, 1, 4, 9, 15, 13, 19, 1, 0, 0
16:54:11, 1406.90, 30.91, 33.35, 29.734, 1, 2, 1, 2, 12, 24, 35, 33, 50, 4, 0, 0, 0, 0, 0, 1, 4, 8, 13, 12, 17, 1, 0, 0
16:54:12, 1414.80, 30.91, 33.31, 29.734, 1, 1, 1, 2, 11, 21, 31, 29, 44, 4, 0, 0, 0, 0, 0, 0, 3, 7, 12, 10, 15, 0, 0, 0
16:54:12, 1426.50, 30.90, 33.29, 29.734, 1, 1, 2, 2, 9, 17, 25, 24, 37, 3, 0, 0, 0, 0, 0, 0, 2, 6, 10, 9, 12, 0, 0, 0
16:54:13, 1436.50, 30.89, 33.31, 29.734, 1, 1, 0, 1, 7, 14, 21, 20, 30, 3, 0, 0, 0, 0, 0, 0, 2, 5, 8, 7, 11, 0, 0, 0
16:54:14, 1448.40, 30.88, 33.33, 29.727, 0, 1, 0, 1, 6, 12, 17, 17, 25, 2, 0, 0, 0, 0, 0, 0, 1, 4, 7, 6, 9, 0, 0, 0
16:54:14, 1462.50, 30.88, 33.33, 29.727, 0, 1, 0, 1, 5, 10, 15, 14, 21, 2, 0, 0, 0, 0, 0, 0, 1, 3, 6, 5, 7, 0, 0, 0
16:54:15, 1470.40, 30.87, 33.33, 29.734, 0, 1, 0, 0, 4, 8, 11, 11, 16, 1, 0, 0, 0, 0, 0, 0, 1, 3, 5, 5, 7, 0, 0, 0
16:54:16, 1480.40, 30.86, 33.31, 29.727, 0, 1, 0, 0, 3, 7, 10, 9, 14, 1, 0, 0, 0, 0, 0, 0, 1, 2, 4, 4, 5, 0, 0, 0
16:54:16, 1485.60, 30.85, 33.35, 29.727, 0, 0, 0, 0, 2, 6, 8, 8, 11, 1, 0, 0, 0, 0, 0, 0, 0, 2, 4, 4, 5, 0, 0, 0
16:54:17, 1492.60, 30.84, 33.31, 29.727, 0, 0, 1, 0, 2, 5, 7, 7, 10, 1, 0, 0, 0, 0, 0, 0, 0, 2, 4, 4, 5, 0, 0, 0
16:54:18, 1500.30, 30.84, 33.33, 29.727, 0, 0, 0, 0, 2, 4, 6, 6, 9, 1, 0, 0, 0, 0, 0, 0, 0, 1, 3, 3, 4, 0, 0, 0
16:54:18, 1507.60, 30.83, 33.31, 29.727, 0, 0, 0, 0, 1, 4, 5, 5, 8, 1, 0, 0, 0, 0, 0, 0, 0, 1, 3, 3, 3, 0, 0, 0
16:54:19, 1516.10, 30.82, 33.31, 29.727, 0, 0, 1, 0, 1, 3, 5, 4, 7, 1, 0, 0, 0, 0, 0, 0, 0, 0, 1, 1, 2, 0, 0, 0
16:54:20, 1515.40, 30.82, 33.33, 29.727, 0, 0, 1, 0, 0, 2, 2, 2, 3, 1, 0, 0, 0, 0, 0, 0, 0, 0, 1, 1, 2, 0, 0, 0
16:54:20, 1515.70, 30.81, 33.35, 29.727, 0, 0, 0, 0, 0, 2, 2, 2, 3, 1, 0, 0, 0, 0, 0, 0, 0, 0, 1, 1, 2, 0, 0, 0
16:54:21, 1515.70, 30.81, 33.33, 29.727, 0, 0, 0, 0, 0, 2, 2, 2, 3, 1, 0, 0, 0, 0, 0, 0, 0, 0, 1, 2, 2, 0, 0, 0
16:54:22, 1515.40, 30.80, 33.35, 29.727, 0, 0, 0, 0, 0, 2, 2, 2, 3, 1, 0, 0, 0, 0, 0, 0, 0, 0, 1, 2, 2, 0, 0, 0
16:54:22, 1514.20, 30.79, 33.31, 29.727, 0, 0, 0, 0, 1, 2, 2, 2, 3, 1, 0, 0, 0, 0, 0, 0, 0, 0, 2, 2, 3, 0, 0, 0
16:54:23, 1516.30, 30.79, 33.31, 29.727, 0, 0, 0, 0, 0, 1, 2, 1, 2, 0, 0, 0, 0, 0, 0, 0, 0, 0, 1, 2, 3, 0, 0, 0
16:54:24, 1512.00, 30.79, 33.31, 29.719, 0, 0, 0, 0, 0, 1, 1, 1, 1, 0, 0, 0, 0, 0, 0, 0, 1, 3, 7, 6, 9, 0, 0, 0
16:54:24, 1515.00, 30.78, 33.31, 29.719, 0, 0, 0, 0, 0, 1, 1, 1, 1, 0, 0, 0, 0, 0, 0, 0, 0, 1, 2, 2, 3, 0, 0, 0
16:54:25, 1515.80, 30.78, 33.29, 29.719, 0, 0, 0, 0, 0, 2, 2, 2, 3, 1, 0, 0, 0, 0, 0, 0, 0, 0, 1, 1, 1, 0, 0, 0
16:54:26, 1516.60, 30.78, 33.33, 29.727, 0, 0, 0, 0, 0, 1, 1, 1, 2, 1, 0, 0, 0, 0, 0, 0, 0, 0, 0, 1, 1, 0, 0, 0
16:54:26, 1515.10, 30.77, 33.33, 29.727, 0, 0, 0, 0, 0, 1, 1, 1, 2, 1, 0, 0, 0, 0, 0, 0, 0, 0, 1, 1, 2, 0, 0, 0
16:54:27, 1515.70, 30.77, 33.29, 29.719, 0, 0, 0, 0, 0, 1, 1, 1, 2, 0, 0, 0, 0, 0, 0, 0, 0, 0, 1, 1, 1, 0, 0, 0
16:54:28, 1511.80, 30.76, 33.27, 29.719, 0, 0, 1, 0, 0, 2, 2, 2, 3, 1, 0, 0, 0, 0, 0, 0, 0, 1, 3, 4, 5, 0, 0, 0
16:54:28, 1511.20, 30.76, 33.29, 29.719, 0, 0, 0, 0, 0, 1, 1, 1, 1, 0, 0, 0, 0, 0, 0, 0, 0, 1, 3, 4, 5, 0, 0, 0
16:54:29, 1511.10, 30.75, 33.35, 29.719, 0, 0, 0, 0, 0, 1, 0, 0, 1, 0, 0, 0, 0, 0, 0, 0, 1, 2, 5, 5, 7, 0, 0, 0
16:54:30, 1513.00, 30.75, 33.29, 29.719, 0, 0, 0, 0, 0, 1, 0, 0, 1, 0, 0, 0, 0, 0, 0, 0, 0, 1, 2, 3, 3, 0, 0, 0
16:54:30, 1512.40, 30.75, 33.27, 29.719, 0, 0, 0, 0, 0, 1, 2, 1, 2, 0, 0, 0, 0, 0, 0, 0, 0, 0, 1, 1, 1, 0, 0, 0
16:54:31, 1510.70, 30.74, 33.29, 29.719, 0, 0, 0, 0, 1, 2, 3, 3, 4, 1, 0, 0, 0, 0, 0, 0, 0, 0, 1, 1, 2, 0, 0, 0
16:54:32, 1511.70, 30.74, 33.29, 29.719, 0, 0, 1, 0, 1, 3, 4, 4, 5, 1, 0, 0, 0, 0, 0, 0, 0, 0, 2, 2, 2, 0, 0, 0
16:54:32, 1510.00, 30.74, 33.29, 29.719, 0, 0, 0, 0, 1, 3, 4, 4, 5, 1, 0, 0, 0, 0, 0, 0, 0, 0, 2, 2, 2, 0, 0, 0
16:54:33, 1507.10, 30.73, 33.31, 29.719, 0, 0, 0, 0, 1, 4, 5, 5, 6, 1, 0, 0, 0, 0, 0, 0, 0, 1, 3, 3, 3, 0, 0, 0
16:54:34, 1505.20, 30.73, 33.33, 29.719, 0, 0, 0, 0, 2, 4, 5, 5, 7, 1, 0, 0, 0, 0, 0, 0, 0, 1, 3, 3, 3, 0, 0, 0
16:54:34, 1502.20, 30.73, 33.33, 29.719, 0, 0, 0, 0, 2, 4, 6, 5, 8, 1, 0, 0, 0, 0, 0, 0, 0, 1, 3, 3, 4, 0, 0, 0
16:54:35, 1497.70, 30.72, 33.33, 29.711, 0, 0, 0, 0, 2, 4, 6, 6, 8, 1, 0, 0, 0, 0, 0, 0, 0, 1, 3, 3, 4, 0, 0, 0
16:54:36, 1492.30, 30.72, 33.31, 29.719, 0, 0, 0, 0, 2, 5, 6, 6, 9, 1, 0, 0, 0, 0, 0, 0, 0, 2, 4, 3, 4, 0, 0, 0
16:54:36, 1486.80, 30.72, 33.27, 29.719, 0, 0, 0, 0, 2, 5, 7, 7, 9, 1, 0, 0, 0, 0, 0, 0, 0, 2, 4, 4, 4, 0, 0, 0
16:54:37, 1482.00, 30.71, 33.33, 29.719, 0, 0, 0, 0, 2, 5, 8, 7, 10, 1, 0, 0, 0, 0, 0, 0, 0, 2, 4, 4, 5, 0, 0, 0
16:54:38, 1476.90, 30.71, 33.29, 29.719, 0, 0, 0, 0, 3, 6, 8, 8, 11, 1, 0, 0, 0, 0, 0, 0, 1, 2, 4, 4, 5, 0, 0, 0
16:54:38, 1471.60, 30.71, 33.29, 29.719, 0, 1, 0, 0, 3, 6, 9, 9, 12, 1, 0, 0, 0, 0, 0, 0, 1, 2, 5, 5, 6, 0, 0, 0
16:54:39, 1468.40, 30.71, 33.31, 29.711, 0, 1, 0, 0, 3, 7, 10, 10, 13, 1, 0, 0, 0, 0, 0, 0, 1, 3, 5, 5, 6, 0, 0, 0
16:54:40, 1467.30, 30.70, 33.27, 29.719, 0, 1, 0, 0, 3, 7, 11, 10, 15, 1, 0, 0, 0, 0, 0, 0, 1, 3, 5, 5, 6, 0, 0, 0
16:54:40, 1458.80, 30.70, 33.31, 29.719, 0, 1, 1, 0, 3, 7, 11, 10, 14, 1, 0, 0, 0, 0, 0, 0, 1, 3, 6, 5, 7, 0, 0, 0
16:54:41, 1456.20, 30.70, 33.29, 29.711, 0, 1, 0, 0, 4, 8, 12, 12, 16, 1, 0, 0, 0, 0, 0, 0, 1, 3, 6, 6, 7, 0, 0, 0
16:54:42, 1458.30, 30.69, 33.29, 29.719, 0, 1, 0, 0, 4, 9, 13, 13, 18, 2, 0, 0, 0, 0, 0, 0, 1, 3, 6, 5, 7, 0, 0, 0
16:54:42, 1456.80, 30.69, 33.31, 29.719, 0, 1, 0, 0, 4, 9, 14, 12, 17, 2, 0, 0, 0, 0, 0, 0, 1, 3, 6, 5, 7, 0, 0, 0
16:54:43, 1451.60, 30.69, 33.33, 29.711, 0, 1, 0, 1, 4, 9, 14, 13, 18, 2, 0, 0, 0, 0, 0, 0, 1, 3, 6, 6, 8, 0, 0, 0
16:54:44, 1445.80, 30.69, 33.31, 29.719, 0, 1, 0, 1, 5, 10, 15, 14, 19, 2, 0, 0, 0, 0, 0, 0, 1, 4, 7, 6, 8, 0, 0, 0
16:54:44, 1440.10, 30.68, 33.27, 29.719, 0, 1, 0, 1, 5, 11, 17, 16, 21, 2, 0, 0, 0, 0, 0, 0, 2, 4, 8, 7, 10, 0, 0, 0
16:54:45, 1437.60, 30.68, 33.27, 29.703, 0, 1, 0, 1, 6, 12, 18, 18, 25, 2, 0, 0, 0, 0, 0, 0, 2, 5, 8, 7, 10, 0, 0, 0
16:54:46, 1433.40, 30.68, 33.33, 29.719, 0, 1, 0, 1, 6, 13, 20, 18, 25, 2, 0, 0, 0, 0, 0, 0, 2, 5, 9, 8, 10, 0, 0, 0
16:54:46, 1427.30, 30.68, 33.27, 29.719, 1, 1, 0, 1, 7, 14, 21, 20, 28, 2, 0, 0, 0, 0, 0, 0, 2, 6, 10, 8, 12, 0, 0, 0
16:54:47, 1420.90, 30.68, 33.33, 29.711, 1, 1, 0, 1, 8, 16, 25, 23, 31, 3, 0, 0, 0, 0, 0, 0, 3, 6, 11, 9, 13, 0, 0, 0
16:54:48, 1417.60, 30.68, 33.31, 29.719, 1, 1, 1, 2, 9, 18, 26, 26, 36, 3, 0, 0, 0, 0, 0, 0, 3, 7, 11, 10, 14, 0, 0, 0
16:54:48, 1415.40, 30.67, 33.31, 29.719, 1, 1, 1, 2, 9, 18, 28, 26, 37, 3, 0, 0, 0, 0, 0, 0, 3, 7, 11, 10, 14, 0, 0, 0
16:54:49, 1409.80, 30.67, 33.29, 29.711, 1, 1, 1, 2, 10, 19, 29, 28, 39, 3, 0, 0, 0, 0, 0, 0, 3, 8, 13, 11, 15, 1, 0, 0
16:54:50, 1402.50, 30.67, 33.29, 29.711, 1, 1, 1, 2, 11, 22, 32, 31, 42, 3, 0, 0, 0, 0, 0, 0, 4, 9, 14, 13, 17, 1, 0, 0
16:54:50, 1397.80, 30.67, 33.27, 29.711, 1, 2, 1, 2, 13, 25, 36, 36, 49, 4, 0, 0, 0, 0, 0, 1, 4, 10, 15, 14, 19, 1, 0, 0
16:54:51, 1392.60, 30.67, 33.29, 29.711, 1, 2, 2, 3, 14, 26, 38, 37, 51, 4, 0, 0, 0, 0, 0, 1, 5, 11, 17, 15, 21, 1, 0, 0
16:54:52, 1388.90, 30.67, 33.25, 29.711, 1, 2, 1, 3, 15, 28, 41, 40, 57, 5, 0, 0, 0, 0, 0, 1, 5, 11, 18, 16, 23, 1, 0, 0
16:54:52, 1382.00, 30.66, 33.29, 29.711, 2, 2, 2, 3, 16, 30, 44, 43, 59, 5, 0, 0, 0, 0, 0, 1, 6, 13, 20, 18, 25, 1, 0, 0
16:54:53, 1377.80, 30.66, 33.29, 29.711, 2, 2, 2, 4, 19, 35, 51, 50, 69, 5, 0, 0, 0, 0, 0, 1, 7, 14, 22, 19, 27, 2, 0, 0
16:54:54, 1371.90, 30.66, 33.31, 29.719, 2, 2, 2, 4, 20, 37, 54, 53, 73, 6, 0, 0, 0, 0, 0, 1, 8, 16, 24, 21, 30, 2, 0, 0
16:54:54, 1364.10, 30.66, 33.29, 29.719, 2, 2, 2, 5, 23, 41, 60, 59, 84, 7, 0, 0, 0, 0, 1, 1, 9, 18, 27, 24, 34, 2, 0, 0
16:54:55, 1358.30, 30.66, 33.27, 29.711, 3, 3, 3, 5, 26, 47, 68, 67, 98, 8, 0, 0, 1, 0, 1, 2, 10, 19, 29, 26, 37, 3, 0, 0
16:54:56, 1354.60, 30.66, 33.29, 29.711, 3, 3, 3, 6, 28, 50, 73, 73, 103, 8, 0, 0, 1, 0, 1, 2, 10, 20, 31, 27, 39, 2, 0, 0
16:54:56, 1343.10, 30.66, 33.29, 29.711, 3, 3, 3, 7, 31, 54, 78, 78, 108, 8, 0, 0, 1, 0, 1, 2, 12, 24, 35, 31, 44, 3, 0, 0
16:54:57, 1333.30, 30.66, 33.29, 29.711, 4, 4, 4, 9, 38, 66, 95, 95, 135, 10, 0, 0, 1, 1, 1, 3, 15, 28, 41, 36, 52, 4, 0, 0
16:54:58, 1329.70, 30.65, 33.27, 29.711, 4, 4, 4, 10, 41, 70, 102, 101, 150, 11, 0, 0, 1, 1, 1, 3, 15, 29, 42, 37, 55, 4, 0, 0
16:54:58, 1326.80, 30.65, 33.29, 29.711, 4, 4, 4, 10, 43, 73, 105, 104, 155, 12, 0, 0, 1, 1, 1, 3, 16, 30, 43, 38, 56, 4, 0, 0
16:54:59, 1317.90, 30.65, 33.29, 29.719, 4, 4, 5, 11, 44, 75, 108, 108, 150, 11, 0, 0, 1, 1, 2, 3, 18, 33, 48, 42, 62, 5, 0, 0
16:55:00, 1312.00, 30.65, 33.29, 29.719, 5, 5, 6, 13, 53, 89, 127, 127, 178, 13, 0, 0, 2, 1, 2, 4, 20, 37, 53, 47, 68, 5, 0, 0
16:55:00, 1306.00, 30.65, 33.29, 29.727, 6, 6, 6, 15, 60, 100, 143, 143, 198, 15, 0, 0, 2, 1, 2, 5, 23, 41, 59, 52, 75, 6, 0, 0
16:55:01, 1298.10, 30.65, 33.33, 29.734, 7, 6, 7, 17, 66, 110, 156, 157, 220, 16, 0, 0, 2, 2, 2, 5, 25, 45, 65, 57, 83, 7, 0, 0
16:55:02, 1286.70, 30.65, 33.29, 29.734, 7, 7, 8, 19, 72, 119, 168, 169, 246, 18, 0, 0, 3, 2, 3, 6, 31, 55, 78, 69, 104, 8, 0, 0
16:55:02, 1279.20, 30.65, 33.27, 29.742, 9, 8, 11, 23, 89, 144, 202, 206, 308, 23, 0, 0, 3, 2, 3, 7, 35, 61, 86, 75, 112, 9, 0, 0
16:55:03, 1273.40, 30.65, 33.27, 29.758, 10, 9, 12, 27, 101, 163, 229, 234, 333, 25, 0, 0, 4, 3, 4, 9, 39, 68, 95, 84, 125, 10, 0, 0
16:55:04, 1267.80, 30.65, 33.29, 29.758, 11, 11, 14, 32, 115, 185, 261, 268, 381, 28, 0, 0, 4, 3, 5, 10, 44, 77, 107, 95, 139, 11, 0, 0
16:55:04, 1260.90, 30.65, 33.29, 29.766, 13, 12, 16, 38, 134, 213, 301, 310, 448, 33, 0, 0, 5, 4, 5, 12, 52, 89, 123, 109, 162, 14, 0, 0
16:55:05, 1255.30, 30.65, 33.31, 29.781, 15, 14, 18, 44, 154, 242, 341, 353, 521, 39, 0, 0, 6, 4, 6, 13, 58, 100, 138, 123, 186, 16, 0, 0
16:55:06, 1248.60, 30.65, 33.27, 29.781, 17, 15, 21, 50, 173, 270, 377, 393, 577, 43, 0, 0, 7, 5, 7, 16, 67, 114, 157, 140, 214, 18, 0, 0
16:55:06, 1242.40, 30.65, 33.29, 29.805, 20, 18, 24, 59, 195, 302, 421, 441, 641, 47, 0, 0, 7, 6, 8, 18, 74, 125, 172, 154, 231, 19, 0, 0
16:55:07, 1238.00, 30.65, 33.31, 29.812, 22, 20, 27, 67, 225, 345, 482, 506, 724, 53, 0, 0, 8, 6, 9, 20, 82, 137, 187, 168, 252, 21, 0, 0
16:55:08, 1244.70, 30.65, 33.27, 29.812, 24, 22, 30, 74, 236, 361, 505, 530, 803, 59, 0, 0, 8, 6, 9, 20, 79, 133, 182, 164, 267, 22, 0, 0
16:55:08, 1238.50, 30.65, 33.27, 29.828, 20, 18, 25, 61, 202, 314, 442, 460, 662, 48, 0, 0, 7, 6, 8, 18, 79, 133, 182, 164, 244, 21, 0, 0
16:55:09, 1224.10, 30.65, 33.27, 29.828, 24, 22, 30, 74, 247, 375, 521, 548, 804, 59, 0, 0, 10, 8, 11, 25, 106, 174, 237, 213, 324, 28, 0, 0
16:55:10, 1222.80, 30.65, 33.25, 29.828, 29, 26, 38, 94, 303, 453, 626, 662, 1013, 74, 0, 0, 11, 9, 13, 29, 108, 177, 241, 218, 337, 29, 0, 0
16:55:10, 1223.60, 30.65, 33.29, 29.828, 31, 28, 41, 102, 307, 459, 638, 674, 1033, 76, 0, 0, 10, 8, 12, 27, 105, 171, 232, 210, 324, 27, 0, 0
16:55:11, 1226.70, 30.65, 33.29, 29.836, 30, 28, 40, 100, 302, 451, 626, 661, 980, 72, 0, 0, 10, 8, 12, 27, 101, 166, 225, 204, 320, 27, 0, 0
16:55:12, 1228.50, 30.65, 33.31, 29.836, 27, 25, 36, 90, 273, 412, 575, 604, 888, 65, 0, 0, 9, 7, 10, 24, 94, 155, 211, 190, 290, 24, 0, 0
16:55:12, 1229.90, 30.65, 33.29, 29.828, 27, 25, 36, 89, 274, 413, 575, 603, 876, 64, 0, 0, 9, 7, 10, 24, 92, 152, 207, 186, 288, 24, 0, 0
16:55:13, 1226.80, 30.65, 33.31, 29.836, 26, 24, 34, 84, 259, 392, 546, 571, 814, 59, 0, 0, 9, 7, 10, 23, 94, 154, 210, 188, 287, 24, 0, 0
16:55:14, 1218.10, 30.65, 33.27, 29.836, 28, 25, 36, 90, 292, 436, 603, 635, 914, 67, 0, 0, 11, 9, 12, 28, 110, 179, 242, 218, 337, 29, 0, 0
16:55:14, 1199.10, 30.65, 33.29, 29.828, 33, 30, 44, 110, 349, 513, 697, 740, 1082, 79, 0, 0, 15, 12, 17, 41, 160, 253, 339, 308, 483, 41, 0, 0
16:55:15, 1194.50, 30.65, 33.31, 29.836, 44, 40, 63, 158, 461, 666, 903, 966, 1432, 104, 0, 0, 18, 14, 20, 49, 177, 280, 373, 339, 520, 45, 0, 0
16:55:16, 1185.60, 30.65, 33.27, 29.836, 51, 47, 75, 188, 530, 762, 1039, 1112, 1619, 117, 0, 0, 20, 16, 23, 56, 208, 324, 431, 392, 598, 51, 0, 0
16:55:16, 1174.90, 30.65, 33.29, 29.836, 63, 59, 98, 245, 672, 952, 1293, 1394, 2041, 147, 0, 0, 24, 19, 29, 69, 251, 387, 511, 466, 718, 62, 0, 0
16:55:17, 1161.40, 30.65, 33.29, 29.836, 79, 74, 127, 314, 832, 1161, 1553, 1692, 2507, 181, 0, 0, 32, 26, 40, 98, 338, 510, 668, 614, 972, 84, 0, 0
16:55:18, 1155.60, 30.65, 33.31, 29.836, 98, 93, 166, 404, 1025, 1408, 1869, 2046, 3164, 228, 0, 0, 38, 31, 49, 121, 384, 573, 748, 691, 1131, 97, 0, 0
16:55:18, 1153.60, 30.65, 33.27, 29.828, 114, 111, 202, 490, 1110, 1516, 2006, 2214, 3470, 251, 0, 0, 39, 32, 51, 126, 390, 581, 757, 699, 1132, 97, 0, 0
16:55:19, 1140.00, 30.65, 33.31, 29.828, 115, 111, 203, 488, 1127, 1535, 2007, 2221, 3228, 233, 0, 0, 46, 38, 60, 152, 495, 724, 940, 869, 1362, 117, 0, 0
16:55:20, 1127.60, 30.65, 33.25, 29.828, 153, 150, 287, 666, 1506, 2004, 2578, 2893, 4202, 304, 0, 0, 63, 52, 88, 223, 675, 964, 1244, 1155, 1840, 160, 0, 0
16:55:20, 1125.30, 30.65, 33.27, 29.820, 189, 192, 375, 847, 1924, 2512, 3272, 3683, 5276, 380, 0, 0, 66, 55, 95, 239, 674, 957, 1228, 1144, 1866, 161, 0, 0
16:55:21, 1117.50, 30.65, 33.27, 29.836, 208, 221, 437, 987, 2027, 2633, 3432, 3865, 5489, 395, 0, 0, 71, 59, 103, 259, 775, 1094, 1403, 1305, 2080, 180, 0, 0
16:55:22, 1105.20, 30.65, 33.29, 29.836, 234, 240, 485, 1047, 2072, 2680, 3312, 3804, 5389, 398, 0, 0, 98, 84, 152, 381, 1080, 1487, 1893, 1767, 2803, 244, 0, 0
16:55:22, 1096.50, 30.66, 33.29, 29.844, 286, 297, 617, 1260, 2347, 2964, 3587, 4117, 5519, 417, 0, 0, 119, 104, 195, 484, 1234, 1671, 2110, 1974, 3146, 274, 0, 0
16:55:23, 1094.70, 30.66, 33.29, 29.875, 418, 521, 1068, 2212, 4141, 5083, 6644, 7494, 12337, 914, 0, 0, 112, 100, 190, 470, 1215, 1642, 2063, 1939, 3422, 296, 0, 0
16:55:24, 1083.10, 30.66, 33.27, 29.875, 264, 291, 596, 1255, 2092, 2678, 3257, 3425, 7044, 570, 0, 0, 160, 147, 290, 705, 1743, 2302, 2872, 2710, 4946, 433, 0, 0
16:55:24, 1072.90, 30.67, 33.29, 30.055, 418, 466, 953, 1861, 2976, 3837, 4417, 4939, 8887, 732, 0, 0, 176, 167, 343, 815, 1817, 2357, 2915, 2744, 4879, 429, 0, 0
16:55:25, 1069.20, 30.67, 33.27, 30.211, 768, 1128, 2204, 3960, 6705, 7721, 9895, 11688, 18349, 1468, 0, 0, 168, 163, 338, 797, 1825, 2347, 2880, 2712, 5021, 439, 0, 0
16:55:26, 1059.80, 30.67, 33.31, 30.211, 879, 1351, 2612, 4494, 7380, 8350, 10575, 12730, 20644, 1697, 0, 0, 190, 189, 397, 921, 2144, 2714, 3306, 3116, 5961, 523, 0, 0
16:55:26, 1048.60, 30.68, 33.29, 30.398, 1266, 2020, 3628, 5791, 9143, 10132, 12502, 15212, 26830, 2462, 0, 0, 246, 266, 571, 1262, 2624, 3239, 3898, 3687, 7309, 654, 0, 0
16:55:27, 1044.30, 30.69, 33.29, 30.555, 1768, 3102, 5182, 7929, 13190, 14001, 17578, 22593, 28279, 2853, 0, 0, 266, 295, 636, 1380, 2758, 3371, 4036, 3814, 7517, 679, 0, 0
16:55:28, 1037.70, 30.70, 33.25, 30.555, 1926, 3553, 6126, 9045, 14627, 15160, 19462, 24731, 29380, 3141, 0, 0, 289, 326, 702, 1505, 3071, 3721, 4428, 4184, 8121, 745, 0, 0
16:55:28, 1030.20, 30.71, 33.29, 30.789, 3290, 5759, 8408, 11372, 14968, 15019, 18566, 24377, 26166, 3305, 0, 0, 332, 394, 839, 1739, 3368, 4026, 4741, 4494, 9000, 847, 0, 0
16:55:29, 1022.50, 30.72, 33.29, 31.172, 3501, 6020, 8600, 11112, 18178, 17323, 21344, 27981, 23593, 3840, 0, 0, 400, 499, 1046, 2074, 3828, 4512, 5275, 5029, 9793, 941, 0, 0
16:55:30, 1022.40, 30.73, 33.27, 31.172, 5444, 11227, 17008, 24530, 26829, 28017, 35660, 34913, 36000, 8482, 1, 1, 361, 451, 941, 1868, 3571, 4215, 4913, 4691, 8848, 846, 0, 0
16:55:30, 1021.50, 30.75, 33.29, 31.469, 2334, 4184, 6308, 7710, 8077, 8158, 9464, 10141, 25158, 4177, 0, 0, 369, 464, 963, 1898, 3550, 4185, 4872, 4655, 8922, 865, 0, 0
16:55:31, 1022.00, 30.77, 33.29, 31.719, 6341, 15369, 15881, 26448, 27844, 30565, 34794, 35110, 25831, 5670, 0, 1, 389, 494, 1022, 1994, 3592, 4220, 4914, 4698, 9746, 972, 0, 0
16:55:32, 1022.10, 30.79, 33.29, 31.719, 8470, 16034, 24162, 28874, 18104, 18366, 26323, 26165, 29751, 4893, 0, 0, 373, 466, 974, 1938, 3701, 4359, 5095, 4849, 9786, 948, 0, 0
16:55:32, 1018.70, 30.81, 33.29, 31.906, 4935, 10190, 13172, 17006, 29715, 30333, 34530, 36000, 36000, 9558, 1, 1, 423, 551, 1130, 2182, 3998, 4665, 5446, 5206, 11261, 1138, 0, 0
16:55:33, 1011.60, 30.83, 33.29, 32.039, 7258, 15220, 20974, 25802, 27439, 26793, 31317, 33643, 36000, 20729, 1, 1, 421, 557, 1131, 2158, 3996, 4629, 5406, 5171, 11470, 1191, 0, 0
16:55:34, 1012.90, 30.84, 33.27, 32.039, 8836, 16973, 26481, 27662, 36000, 35553, 36000, 36000, 36000, 31299, 1, 1, 4775, 7311, 11084, 14220, 21073, 22754, 27193, 29166, 36000, 23537, 1, 1
16:55:34, 1012.80, 30.86, 33.27, 32.102, 8973, 18271, 26803, 28007, 35541, 35658, 36000, 36000, 36000, 36000, 1, 1, 5164, 7888, 11289, 15286, 17889, 19081, 23687, 24698, 36000, 20160, 1, 1
