Secchi Depth (cm) = 9999
Forel Ule Scale = 99
pH Colour Scale = 99
SensingSecchi S/N = A017
Latitude (degs N) = 34.14158
Longitude (degs E) = -77.94680
Date = 2026-07-02
Time (UTC), Pressure (mbar) MS5803, Temp (deg C) MS5803, Temp (deg C) 10KTHERM, Temp (deg C) TMP117, ED 415nm, ED 445nm, ED 480nm, ED 515nm, ED 555nm, ED 590nm, ED 630nm, ED 680nm, ED Clear, ED NIR, ED D-SAT, ED A-SAT, EU 415nm, EU 445nm, EU 480nm, EU 515nm, EU 555nm, EU 590nm, EU 630nm, EU 680nm, EU Clear, EU NIR, EU D-SAT, EU A-SAT
16:06:55, 1007.10, 32.17, 33.56, 31.094, 1814, 2517, 3651, 3951, 4039, 4082, 4653, 4510, 27123, 11064, 0, 0, 10669, 13715, 16077, 19725, 24355, 35294, 36000, 36000, 36000, 36000, 1, 1
16:06:55, 1007.70, 32.18, 33.54, 31.094, 2922, 3598, 5925, 5562, 7897, 7429, 8685, 9445, 36000, 36000, 1, 1, 12386, 16846, 20331, 25016, 29539, 36000, 36000, 36000, 36000, 36000, 1, 1
16:06:56, 1007.30, 32.18, 33.60, 31.094, 2432, 3311, 5114, 5213, 6302, 5905, 6929, 7810, 36000, 23971, 1, 1, 11309, 14934, 17912, 21865, 22740, 33774, 36000, 36000, 36000, 36000, 1, 1
16:06:57, 1007.50, 32.18, 33.58, 31.117, 1838, 2920, 3981, 4541, 4770, 3947, 5988, 4774, 35040, 15985, 0, 1, 9152, 10653, 11906, 13850, 17146, 30741, 36000, 36000, 36000, 36000, 1, 1
16:06:57, 1007.20, 32.18, 33.56, 31.070, 1996, 3237, 4440, 5100, 6355, 4861, 8689, 6121, 36000, 26195, 1, 1, 9532, 11435, 12904, 15197, 20801, 31097, 36000, 36000, 36000, 36000, 1, 1
16:06:58, 1007.00, 32.18, 33.58, 31.070, 2205, 4190, 5041, 7839, 20598, 20240, 28874, 28623, 36000, 36000, 1, 1, 24152, 36000, 36000, 36000, 36000, 36000, 36000, 36000, 36000, 36000, 1, 1
16:06:59, 1007.10, 32.18, 33.60, 31.094, 10965, 21734, 29470, 32958, 29426, 29854, 32511, 36000, 36000, 33086, 1, 1, 33390, 36000, 36000, 36000, 36000, 36000, 36000, 36000, 36000, 36000, 1, 1
16:06:59, 1007.30, 32.18, 33.62, 31.109, 9536, 17939, 24181, 27576, 36000, 35455, 36000, 36000, 36000, 19471, 1, 1, 29275, 36000, 36000, 36000, 36000, 36000, 36000, 36000, 36000, 36000, 1, 1
16:07:00, 1007.30, 32.18, 33.60, 31.109, 10541, 20083, 26945, 35533, 36000, 36000, 36000, 36000, 36000, 26576, 1, 1, 30170, 36000, 36000, 36000, 36000, 36000, 36000, 36000, 36000, 36000, 1, 1
16:07:01, 1007.10, 32.18, 33.60, 31.109, 11671, 18427, 30100, 28095, 35667, 36000, 36000, 36000, 36000, 32635, 1, 1, 15145, 25756, 34786, 36000, 36000, 36000, 36000, 36000, 36000, 36000, 1, 1
16:07:01, 1007.20, 32.18, 33.60, 31.086, 16563, 22413, 36000, 36000, 36000, 36000, 36000, 36000, 36000, 36000, 1, 1, 10730, 17201, 25180, 30827, 25307, 22920, 32230, 29092, 35730, 17824, 0, 1
16:07:02, 1007.40, 32.19, 33.56, 31.086, 9666, 23336, 24446, 30757, 36000, 33800, 36000, 36000, 36000, 36000, 1, 1, 3957, 6432, 9468, 11749, 11138, 11446, 13561, 14840, 36000, 22597, 1, 1
16:07:03, 1016.10, 32.19, 33.58, 31.070, 10443, 22565, 24267, 35661, 34601, 36000, 36000, 36000, 36000, 36000, 1, 1, 349, 527, 1023, 1747, 3280, 3584, 3654, 3402, 9426, 895, 0, 0
16:07:03, 1020.60, 32.18, 33.56, 30.859, 9232, 19607, 20846, 30508, 33509, 30286, 36000, 36000, 36000, 36000, 1, 1, 357, 520, 1072, 1919, 3231, 3547, 3615, 3323, 9090, 816, 0, 0
16:07:04, 1028.70, 32.18, 33.54, 30.859, 4278, 7232, 10015, 12605, 17416, 18194, 17757, 21997, 36000, 13427, 1, 1, 307, 442, 933, 1737, 3593, 3972, 4039, 3730, 9760, 824, 0, 0
16:07:05, 1026.80, 32.17, 33.58, 30.477, 1628, 2034, 3717, 3599, 10477, 8372, 11888, 9881, 35962, 23934, 0, 1, 351, 511, 1056, 1929, 3363, 3701, 3782, 3478, 9139, 773, 0, 0
16:07:05, 1022.50, 32.14, 33.54, 30.273, 6156, 7374, 13920, 10684, 16071, 8177, 18120, 13403, 36000, 33858, 1, 1, 375, 564, 1143, 2050, 3613, 3943, 4075, 3779, 9969, 866, 0, 0
16:07:06, 1022.20, 32.10, 33.56, 30.273, 1964, 4766, 5706, 12069, 11574, 8715, 22727, 10093, 36000, 29110, 1, 1, 326, 487, 1006, 1820, 2933, 3202, 3278, 2960, 7462, 683, 0, 0
16:07:07, 1024.60, 32.07, 33.54, 30.164, 1835, 3629, 5122, 5752, 1497, 1511, 1701, 1728, 2401, 302, 0, 0, 203, 262, 592, 1195, 2259, 2532, 2514, 2174, 4071, 319, 0, 0
16:07:07, 1019.40, 32.03, 33.54, 30.086, 6201, 4450, 7094, 10702, 5568, 9901, 6334, 8698, 15069, 4185, 0, 0, 324, 468, 987, 1813, 3170, 3466, 3557, 3191, 6544, 577, 0, 0
16:07:08, 1024.30, 31.99, 33.54, 30.086, 4542, 3654, 7524, 5511, 14831, 13022, 12687, 16249, 17957, 6323, 0, 0, 304, 420, 918, 1772, 3152, 3469, 3536, 3114, 6439, 548, 0, 0
16:07:09, 1020.10, 31.96, 33.52, 30.039, 2164, 3157, 6630, 5078, 8646, 5063, 10336, 7514, 10662, 2443, 0, 0, 315, 438, 939, 1793, 3193, 3515, 3577, 3149, 6484, 557, 0, 0
16:07:09, 1028.90, 31.93, 33.54, 30.039, 2114, 2021, 3821, 2993, 24107, 25207, 25531, 27721, 20404, 5517, 0, 0, 266, 360, 792, 1534, 2734, 3033, 3061, 2712, 6192, 551, 0, 0
16:07:10, 1026.10, 31.90, 33.56, 30.039, 2324, 2723, 4660, 4861, 3810, 4512, 4280, 5579, 10632, 1740, 0, 0, 317, 441, 958, 1811, 3202, 3519, 3603, 3203, 7493, 687, 0, 0
16:07:11, 1032.30, 31.87, 33.56, 30.016, 3806, 5549, 7663, 10225, 19800, 17826, 21801, 25827, 34550, 6510, 0, 1, 223, 293, 655, 1274, 2083, 2312, 2289, 2002, 4290, 380, 0, 0
16:07:11, 1027.00, 31.85, 33.54, 30.000, 3993, 7162, 7955, 16087, 2467, 3326, 4115, 3183, 12440, 1980, 0, 0, 298, 430, 918, 1722, 2870, 3158, 3233, 2883, 7164, 633, 0, 0
16:07:12, 1029.10, 31.82, 33.52, 30.000, 6262, 11567, 15323, 15977, 29875, 28461, 31029, 32570, 35966, 14652, 0, 1, 246, 325, 728, 1424, 2582, 2877, 2867, 2536, 5385, 466, 0, 0
16:07:13, 1025.50, 31.80, 33.54, 29.984, 5172, 6070, 8372, 15437, 4411, 7697, 6761, 6812, 15616, 2335, 0, 0, 298, 419, 907, 1715, 2920, 3232, 3276, 2914, 6558, 590, 0, 0
16:07:13, 1025.80, 31.79, 33.52, 29.977, 6139, 12374, 17564, 20789, 24969, 25006, 30590, 29650, 35456, 12203, 0, 1, 244, 332, 722, 1398, 2551, 2845, 2851, 2519, 5380, 469, 0, 0
16:07:14, 1022.90, 31.77, 33.52, 29.977, 6982, 6887, 13180, 12240, 28240, 30319, 25979, 34578, 26016, 5733, 0, 1, 272, 366, 806, 1566, 3156, 3484, 3550, 3141, 6624, 582, 0, 0
16:07:15, 1027.80, 31.76, 33.50, 29.977, 9658, 12767, 18280, 19716, 24282, 23979, 28991, 28453, 21673, 4456, 0, 0, 267, 367, 798, 1547, 2969, 3268, 3326, 2942, 6860, 615, 0, 0
16:07:15, 1024.00, 31.74, 33.52, 29.969, 8837, 10071, 13517, 19405, 11047, 11371, 13765, 14586, 17404, 2957, 0, 0, 302, 408, 894, 1729, 3264, 3611, 3661, 3235, 6663, 572, 0, 0
16:07:16, 1026.10, 31.73, 33.56, 29.969, 4120, 2758, 5881, 4595, 8970, 12589, 7282, 13983, 12290, 2777, 0, 0, 282, 383, 839, 1613, 2840, 3150, 3182, 2807, 6389, 573, 0, 0
16:07:17, 1025.60, 31.72, 33.54, 29.953, 4471, 9728, 12420, 16999, 13691, 16918, 15909, 20635, 23446, 3720, 0, 0, 299, 411, 902, 1719, 3100, 3418, 3478, 3090, 7257, 656, 0, 0
16:07:17, 1026.90, 31.71, 33.52, 29.945, 8710, 15117, 19979, 22751, 31166, 29238, 33150, 34327, 36000, 16261, 1, 1, 250, 338, 742, 1424, 2605, 2897, 2897, 2572, 5842, 521, 0, 0
16:07:18, 1029.10, 31.70, 33.52, 29.945, 5382, 6590, 10243, 13196, 9644, 16173, 16130, 18439, 24691, 3846, 0, 0, 257, 346, 766, 1487, 2572, 2868, 2864, 2521, 5317, 459, 0, 0
16:07:19, 1022.40, 31.68, 33.54, 29.930, 19329, 22305, 27689, 31841, 32973, 33084, 35776, 35717, 36000, 22482, 1, 1, 253, 349, 759, 1458, 3129, 3434, 3516, 3138, 6617, 587, 0, 0
16:07:19, 1026.70, 31.67, 33.54, 29.914, 1976, 2129, 3382, 3548, 8380, 12359, 7658, 12315, 15054, 3446, 0, 0, 289, 390, 861, 1668, 2913, 3228, 3267, 2851, 6058, 525, 0, 0
16:07:20, 1023.80, 31.67, 33.50, 29.914, 3441, 3738, 6273, 6277, 10755, 11921, 11527, 16309, 24071, 5279, 0, 0, 279, 379, 837, 1618, 2983, 3289, 3347, 2952, 6122, 524, 0, 0
16:07:21, 1021.80, 31.66, 33.50, 29.906, 6359, 5405, 11456, 8027, 10633, 9769, 9673, 13111, 22101, 5595, 0, 0, 298, 406, 885, 1703, 3130, 3451, 3502, 3080, 6367, 546, 0, 0
16:07:21, 1025.10, 31.65, 33.48, 29.914, 3559, 6286, 7889, 10280, 25414, 27242, 29510, 31269, 35189, 11326, 0, 1, 275, 376, 826, 1597, 2904, 3211, 3253, 2840, 6036, 523, 0, 0
16:07:22, 1021.60, 31.63, 33.46, 29.914, 10051, 4254, 11495, 9040, 5371, 9392, 5434, 8313, 11359, 2727, 0, 0, 332, 459, 992, 1859, 3481, 3818, 3896, 3487, 7768, 704, 0, 0
16:07:23, 1026.90, 31.62, 33.46, 29.898, 3994, 2937, 4795, 5967, 8483, 14394, 10248, 15911, 16059, 3054, 0, 0, 273, 369, 812, 1567, 2800, 3108, 3127, 2761, 6291, 558, 0, 0
16:07:23, 1024.20, 31.61, 33.52, 29.906, 4698, 6244, 9111, 11767, 10076, 18122, 11626, 19826, 18416, 3265, 0, 0, 300, 413, 903, 1712, 3047, 3362, 3412, 3034, 6837, 611, 0, 0
16:07:24, 1025.00, 31.62, 33.52, 29.906, 8488, 8776, 14615, 21266, 9185, 20131, 10235, 18313, 21665, 5170, 0, 0, 296, 406, 885, 1689, 3025, 3350, 3385, 2984, 6387, 558, 0, 0
16:07:25, 1026.90, 31.61, 33.54, 29.914, 7413, 12661, 18303, 22772, 34155, 35375, 35600, 35495, 36000, 23826, 1, 1, 236, 331, 709, 1352, 2318, 2576, 2590, 2275, 4926, 434, 0, 0
16:07:25, 1021.30, 31.60, 33.48, 29.922, 5574, 3684, 8781, 6289, 5467, 7910, 5589, 7794, 10958, 2832, 0, 0, 323, 450, 970, 1818, 3189, 3505, 3574, 3189, 6713, 596, 0, 0
16:07:26, 1033.60, 31.59, 33.50, 29.922, 6713, 9000, 12821, 14092, 30655, 29834, 32986, 34112, 32110, 16850, 0, 1, 274, 394, 844, 1599, 2784, 3068, 3096, 2758, 5666, 471, 0, 0
16:07:26, 1033.40, 31.58, 33.52, 29.930, 3196, 6156, 8616, 10880, 18772, 18732, 22638, 27668, 35162, 5057, 0, 1, 213, 275, 619, 1244, 2477, 2775, 2774, 2413, 5276, 458, 0, 0
16:07:27, 1044.10, 31.58, 33.48, 29.930, 5023, 4588, 8466, 11071, 20899, 20559, 24386, 26887, 32005, 4368, 0, 0, 216, 278, 632, 1277, 2440, 2731, 2715, 2382, 5284, 449, 0, 0
16:07:28, 1049.60, 31.57, 33.54, 29.930, 3945, 7463, 13163, 16815, 27550, 26826, 29432, 32563, 36000, 8558, 1, 1, 202, 253, 586, 1217, 2407, 2715, 2712, 2300, 5295, 447, 0, 0
16:07:28, 1051.70, 31.56, 33.54, 29.914, 2468, 3621, 6036, 8791, 8772, 12001, 11912, 14482, 18930, 1668, 0, 0, 219, 272, 635, 1326, 2526, 2846, 2849, 2412, 5545, 470, 0, 0
16:07:29, 1058.10, 31.55, 33.52, 29.914, 2758, 5467, 9576, 13276, 26098, 26548, 32871, 34345, 36000, 5669, 1, 1, 188, 227, 532, 1143, 2310, 2622, 2607, 2193, 5262, 437, 0, 0
16:07:30, 1060.90, 31.54, 33.48, 29.914, 1809, 3279, 5728, 8362, 10201, 12303, 14332, 15322, 32928, 2227, 0, 1, 198, 238, 562, 1218, 2612, 2955, 2971, 2494, 5924, 493, 0, 0
16:07:30, 1068.50, 31.53, 33.48, 29.906, 1745, 2315, 4060, 7051, 21775, 21607, 26251, 30052, 36000, 4301, 1, 1, 168, 195, 464, 1023, 2163, 2461, 2437, 2057, 5006, 403, 0, 0
16:07:31, 1065.50, 31.53, 33.54, 29.906, 1878, 3688, 6961, 10045, 8220, 10368, 11178, 12578, 19990, 1365, 0, 0, 191, 218, 520, 1159, 2842, 3231, 3246, 2686, 6086, 519, 0, 0
16:07:32, 1076.70, 31.52, 33.50, 29.891, 215, 313, 617, 997, 2498, 3147, 3144, 3295, 6536, 628, 0, 0, 168, 185, 442, 1014, 1989, 2294, 2249, 1826, 4269, 350, 0, 0
16:07:32, 1078.70, 31.51, 33.48, 29.898, 2233, 3891, 7878, 14475, 18776, 22734, 26997, 25155, 36000, 4484, 1, 1, 151, 167, 399, 918, 1923, 2224, 2178, 1773, 4273, 345, 0, 0
16:07:33, 1084.70, 31.50, 33.48, 29.898, 891, 1037, 2076, 3673, 3712, 5009, 4988, 5071, 9735, 800, 0, 0, 163, 175, 418, 982, 2061, 2390, 2355, 1892, 4398, 363, 0, 0
16:07:34, 1087.60, 31.49, 33.46, 29.898, 1431, 2632, 5577, 9117, 14320, 15550, 18100, 18778, 36000, 2891, 1, 1, 139, 147, 351, 832, 1827, 2129, 2076, 1679, 4117, 332, 0, 0
16:07:34, 1089.30, 31.49, 33.46, 29.914, 1534, 2772, 5924, 9876, 13022, 13971, 16599, 17417, 32175, 2313, 0, 0, 135, 138, 330, 798, 1948, 2273, 2233, 1782, 4134, 344, 0, 0
16:07:35, 1090.70, 31.48, 33.48, 29.914, 371, 443, 960, 1655, 2870, 3637, 3576, 3709, 6448, 514, 0, 0, 151, 153, 365, 886, 2156, 2517, 2487, 1978, 4497, 377, 0, 0
16:07:36, 1095.30, 31.47, 33.50, 29.883, 404, 471, 998, 1791, 2365, 2968, 2988, 3022, 5832, 489, 0, 0, 153, 154, 368, 893, 1910, 2238, 2190, 1729, 3915, 326, 0, 0
16:07:36, 1098.10, 31.46, 33.50, 29.891, 1021, 1510, 3060, 5288, 10932, 11687, 14188, 15322, 19790, 1276, 0, 0, 119, 118, 279, 697, 1655, 1950, 1887, 1495, 3549, 288, 0, 0
16:07:37, 1096.90, 31.46, 33.52, 29.891, 1114, 1989, 4284, 7518, 10114, 10790, 12815, 13942, 20254, 1304, 0, 0, 122, 121, 286, 711, 1705, 2006, 1947, 1528, 3493, 289, 0, 0
16:07:38, 1098.40, 31.45, 33.46, 29.875, 885, 1308, 2693, 4729, 8725, 9603, 11041, 12529, 16556, 1054, 0, 0, 124, 122, 290, 722, 1686, 1987, 1931, 1521, 3519, 291, 0, 0
16:07:38, 1098.80, 31.44, 33.48, 29.875, 825, 961, 2164, 3597, 5130, 6325, 6053, 7289, 8162, 591, 0, 0, 124, 121, 287, 717, 1710, 2016, 1957, 1534, 3417, 284, 0, 0
16:07:39, 1101.80, 31.44, 33.52, 29.875, 996, 1353, 2817, 4814, 7819, 8996, 10122, 11747, 9280, 674, 0, 0, 120, 115, 272, 688, 1655, 1958, 1893, 1479, 3254, 269, 0, 0
16:07:40, 1103.90, 31.43, 33.48, 29.859, 732, 986, 2081, 3721, 5446, 5884, 6729, 7117, 6470, 494, 0, 0, 125, 120, 282, 714, 1753, 2073, 2012, 1562, 3257, 270, 0, 0
16:07:40, 1108.70, 31.42, 33.46, 29.852, 465, 548, 1286, 2109, 4854, 5532, 6033, 6509, 6648, 476, 0, 0, 110, 104, 244, 627, 1500, 1789, 1721, 1346, 3169, 260, 0, 0
16:07:41, 1106.70, 31.42, 33.44, 29.852, 824, 1379, 3120, 5774, 10072, 10965, 13037, 13499, 24771, 1640, 0, 0, 109, 104, 244, 624, 1562, 1856, 1800, 1406, 3352, 272, 0, 0
16:07:42, 1106.50, 31.41, 33.50, 29.844, 533, 671, 1413, 2846, 4385, 5600, 6203, 5858, 12724, 843, 0, 0, 113, 109, 257, 652, 1587, 1885, 1828, 1426, 3400, 277, 0, 0
16:07:42, 1107.80, 31.40, 33.52, 29.836, 675, 952, 2031, 3782, 7746, 8565, 10003, 10782, 16820, 1048, 0, 0, 110, 105, 245, 628, 1528, 1821, 1757, 1367, 3179, 261, 0, 0
16:07:43, 1110.20, 31.40, 33.50, 29.836, 775, 1016, 2190, 3927, 4955, 6157, 5955, 6969, 7841, 559, 0, 0, 114, 107, 250, 639, 1537, 1831, 1763, 1358, 2991, 248, 0, 0
16:07:44, 1113.80, 31.39, 33.48, 29.836, 747, 1142, 2431, 4664, 8098, 8975, 11031, 11374, 11408, 765, 0, 0, 104, 96, 224, 583, 1434, 1720, 1651, 1273, 2989, 247, 0, 0
16:07:44, 1114.70, 31.39, 33.46, 29.836, 699, 892, 1973, 3653, 4510, 5329, 5434, 6065, 6683, 476, 0, 0, 109, 100, 233, 606, 1498, 1794, 1728, 1320, 2889, 240, 0, 0
16:07:45, 1117.60, 31.38, 33.46, 29.836, 466, 454, 1111, 1846, 3046, 3537, 3595, 3839, 4568, 353, 0, 0, 109, 100, 230, 603, 1449, 1741, 1672, 1272, 2794, 232, 0, 0
16:07:46, 1119.90, 31.37, 33.48, 29.828, 514, 634, 1422, 2654, 4329, 4918, 5401, 5730, 5743, 413, 0, 0, 106, 96, 223, 585, 1480, 1779, 1712, 1302, 2783, 231, 0, 0
16:07:46, 1125.20, 31.36, 33.46, 29.828, 523, 604, 1409, 2542, 4744, 5489, 5912, 6374, 6787, 469, 0, 0, 93, 84, 191, 508, 1270, 1536, 1465, 1108, 2623, 215, 0, 0
16:07:47, 1124.60, 31.35, 33.48, 29.828, 797, 1207, 2890, 5722, 8541, 9762, 11643, 11063, 20772, 1299, 0, 0, 91, 82, 188, 500, 1316, 1591, 1527, 1159, 2741, 224, 0, 0
16:07:48, 1123.30, 31.34, 33.46, 29.828, 390, 433, 961, 2063, 2714, 3436, 3751, 3393, 7675, 538, 0, 0, 99, 92, 211, 554, 1420, 1713, 1653, 1263, 3099, 251, 0, 0
16:07:48, 1124.50, 31.34, 33.50, 29.812, 343, 435, 947, 2081, 3803, 4938, 5838, 5055, 12853, 816, 0, 0, 96, 88, 204, 538, 1360, 1642, 1580, 1204, 2935, 236, 0, 0
16:07:49, 1129.90, 31.33, 33.46, 29.812, 518, 653, 1445, 2971, 7282, 8131, 9489, 10004, 17465, 1143, 0, 0, 89, 80, 184, 489, 1297, 1569, 1495, 1137, 2821, 226, 0, 0
16:07:50, 1130.00, 31.33, 33.50, 29.812, 621, 922, 2199, 4450, 7738, 8679, 10247, 10513, 17592, 1145, 0, 0, 86, 77, 174, 467, 1284, 1557, 1493, 1115, 2605, 216, 0, 0
16:07:50, 1135.00, 31.32, 33.48, 29.812, 331, 324, 772, 1560, 4232, 5277, 5502, 5944, 7782, 516, 0, 0, 84, 74, 167, 452, 1187, 1447, 1381, 1033, 2506, 204, 0, 0
16:07:51, 1137.10, 31.32, 33.50, 29.812, 598, 882, 2083, 4213, 7196, 8162, 9636, 9396, 16572, 1069, 0, 0, 79, 70, 156, 426, 1159, 1416, 1350, 1004, 2417, 197, 0, 0
16:07:52, 1140.40, 31.31, 33.48, 29.812, 560, 675, 1506, 3133, 5606, 6486, 7464, 7611, 12607, 796, 0, 0, 76, 67, 148, 407, 1107, 1358, 1289, 947, 2301, 188, 0, 0
16:07:52, 1143.20, 31.31, 33.48, 29.812, 426, 532, 1228, 2574, 5611, 6565, 7506, 7691, 10951, 698, 0, 0, 76, 66, 145, 399, 1075, 1323, 1252, 919, 2223, 182, 0, 0
16:07:53, 1144.10, 31.30, 33.48, 29.812, 416, 540, 1251, 2642, 4306, 5039, 5606, 5747, 8017, 522, 0, 0, 75, 65, 143, 395, 1083, 1334, 1268, 928, 2188, 180, 0, 0
16:07:54, 1145.20, 31.30, 33.50, 29.805, 406, 452, 1053, 2192, 3498, 4271, 4438, 4629, 5874, 398, 0, 0, 76, 65, 142, 395, 1091, 1344, 1277, 928, 2121, 176, 0, 0
16:07:54, 1148.90, 31.29, 33.52, 29.812, 373, 391, 918, 1867, 4013, 4759, 5281, 5460, 5938, 402, 0, 0, 72, 61, 134, 372, 1025, 1270, 1201, 874, 2088, 172, 0, 0
16:07:55, 1150.90, 31.28, 33.52, 29.812, 373, 449, 1036, 2228, 3980, 4694, 5263, 5250, 6274, 417, 0, 0, 70, 59, 128, 359, 1024, 1272, 1204, 869, 2001, 166, 0, 0
16:07:56, 1152.20, 31.28, 33.52, 29.812, 302, 284, 690, 1408, 2360, 2910, 2920, 2964, 3797, 275, 0, 0, 78, 65, 142, 395, 1063, 1318, 1251, 900, 2041, 170, 0, 0
16:07:56, 1152.60, 31.27, 33.46, 29.812, 385, 488, 1157, 2583, 4664, 5486, 6360, 6099, 8284, 538, 0, 0, 69, 58, 125, 352, 1055, 1310, 1246, 896, 2038, 170, 0, 0
16:07:57, 1145.80, 31.27, 33.50, 29.812, 238, 221, 540, 1121, 1783, 2176, 2182, 2109, 3107, 225, 0, 0, 89, 75, 164, 453, 1292, 1587, 1528, 1104, 2361, 199, 0, 0
16:07:58, 1147.20, 31.26, 33.50, 29.805, 181, 169, 412, 860, 1820, 2238, 2239, 2180, 3124, 231, 0, 0, 85, 72, 158, 437, 1196, 1474, 1412, 1022, 2264, 189, 0, 0
16:07:58, 1149.70, 31.25, 33.48, 29.805, 388, 449, 1039, 2243, 7090, 8335, 9812, 9287, 18579, 1167, 0, 0, 74, 64, 141, 389, 1079, 1336, 1265, 929, 2304, 184, 0, 0
16:07:59, 1142.90, 31.25, 33.46, 29.805, 343, 446, 1029, 2230, 2519, 3165, 3569, 3120, 7261, 485, 0, 0, 92, 81, 180, 489, 1336, 1643, 1581, 1164, 2843, 236, 0, 0
16:08:00, 1140.60, 31.24, 33.50, 29.805, 163, 181, 416, 948, 1568, 1915, 2066, 1793, 4247, 309, 0, 0, 96, 85, 189, 513, 1376, 1689, 1628, 1201, 2879, 240, 0, 0
16:08:00, 1142.10, 31.24, 33.46, 29.805, 186, 193, 447, 991, 1712, 2160, 2213, 2038, 3953, 289, 0, 0, 95, 83, 185, 503, 1302, 1596, 1535, 1123, 2613, 218, 0, 0
16:08:01, 1144.50, 31.23, 33.50, 29.812, 388, 448, 1039, 2207, 5063, 5839, 6662, 6604, 10934, 703, 0, 0, 75, 64, 141, 389, 1092, 1350, 1287, 942, 2280, 186, 0, 0
16:08:02, 1147.40, 31.23, 33.50, 29.805, 397, 405, 943, 2021, 3973, 4804, 5258, 5246, 8184, 530, 0, 0, 74, 63, 138, 382, 1059, 1313, 1247, 908, 2184, 178, 0, 0
16:08:02, 1151.50, 31.22, 33.52, 29.805, 459, 563, 1271, 2684, 4771, 5667, 6352, 6652, 8106, 527, 0, 0, 72, 61, 132, 369, 1020, 1268, 1203, 867, 2061, 169, 0, 0
16:08:03, 1154.80, 31.22, 33.46, 29.805, 459, 611, 1465, 3149, 5621, 6520, 7768, 7389, 12314, 783, 0, 0, 69, 58, 126, 351, 991, 1237, 1174, 846, 2035, 167, 0, 0
16:08:04, 1156.80, 31.21, 33.48, 29.797, 357, 443, 1045, 2275, 4170, 4882, 5529, 5415, 8699, 556, 0, 0, 67, 56, 121, 340, 994, 1244, 1185, 850, 2008, 166, 0, 0
16:08:04, 1162.30, 31.21, 33.46, 29.797, 310, 318, 741, 1646, 3631, 4434, 4892, 4731, 7810, 504, 0, 0, 65, 54, 114, 323, 932, 1175, 1114, 797, 1953, 159, 0, 0
16:08:05, 1164.70, 31.20, 33.46, 29.797, 378, 476, 1164, 2634, 4827, 5713, 6584, 6116, 11350, 736, 0, 0, 63, 52, 109, 309, 912, 1156, 1097, 781, 1897, 155, 0, 0
16:08:06, 1165.90, 31.20, 33.48, 29.789, 240, 233, 544, 1259, 1825, 2334, 2385, 2202, 3909, 271, 0, 0, 72, 60, 125, 354, 1057, 1332, 1277, 903, 2115, 178, 0, 0
16:08:06, 1172.90, 31.19, 33.48, 29.789, 160, 142, 336, 776, 1764, 2262, 2250, 2150, 3384, 238, 0, 0, 63, 52, 106, 303, 876, 1120, 1065, 750, 1758, 146, 0, 0
16:08:07, 1176.50, 31.18, 33.48, 29.781, 324, 383, 922, 2191, 4639, 5664, 6588, 5772, 11102, 712, 0, 0, 59, 49, 98, 280, 845, 1088, 1036, 731, 1788, 146, 0, 0
16:08:08, 1177.40, 31.18, 33.46, 29.781, 254, 275, 640, 1497, 2660, 3276, 3532, 3376, 5241, 345, 0, 0, 59, 47, 95, 273, 865, 1112, 1062, 743, 1742, 145, 0, 0
16:08:08, 1179.90, 31.17, 33.44, 29.781, 228, 215, 496, 1176, 2564, 3199, 3439, 3254, 5216, 343, 0, 0, 57, 46, 92, 264, 816, 1056, 1008, 703, 1676, 139, 0, 0
16:08:09, 1176.80, 31.17, 33.48, 29.773, 194, 170, 399, 931, 1455, 1864, 1850, 1719, 2744, 195, 0, 0, 66, 54, 108, 308, 946, 1211, 1163, 809, 1826, 154, 0, 0
16:08:10, 1181.60, 31.17, 33.50, 29.781, 103, 92, 217, 510, 1130, 1391, 1406, 1260, 1942, 142, 0, 0, 67, 54, 107, 306, 897, 1158, 1113, 775, 1741, 146, 0, 0
16:08:10, 1186.80, 31.16, 33.46, 29.781, 223, 212, 492, 1139, 2743, 3384, 3727, 3549, 4448, 299, 0, 0, 56, 45, 87, 250, 807, 1055, 1014, 706, 1620, 135, 0, 0
16:08:11, 1191.30, 31.15, 33.52, 29.773, 194, 188, 432, 1022, 2538, 3110, 3455, 3235, 4150, 278, 0, 0, 54, 43, 82, 237, 772, 1016, 981, 683, 1578, 132, 0, 0
16:08:12, 1187.80, 31.15, 33.48, 29.781, 176, 162, 374, 883, 1670, 2047, 2161, 1975, 2627, 183, 0, 0, 59, 47, 90, 260, 857, 1118, 1078, 744, 1640, 138, 0, 0
16:08:12, 1189.10, 31.15, 33.48, 29.781, 152, 141, 327, 769, 1878, 2265, 2472, 2238, 2867, 199, 0, 0, 56, 45, 86, 248, 793, 1043, 1004, 698, 1586, 132, 0, 0
16:08:13, 1187.10, 31.14, 33.50, 29.781, 167, 157, 366, 868, 1566, 1946, 1996, 1839, 2643, 184, 0, 0, 61, 49, 94, 270, 855, 1118, 1082, 756, 1723, 145, 0, 0
16:08:14, 1182.30, 31.13, 33.48, 29.781, 186, 165, 380, 919, 1639, 2103, 2159, 1953, 3438, 236, 0, 0, 62, 50, 98, 279, 877, 1141, 1103, 774, 1820, 151, 0, 0
16:08:14, 1181.90, 31.13, 33.50, 29.781, 206, 194, 443, 1076, 2043, 2639, 2810, 2567, 4692, 313, 0, 0, 63, 51, 101, 287, 889, 1154, 1115, 784, 1878, 156, 0, 0
16:08:15, 1185.40, 31.13, 33.48, 29.773, 238, 261, 602, 1456, 3372, 4056, 4600, 4202, 7778, 509, 0, 0, 56, 46, 89, 255, 820, 1072, 1032, 726, 1738, 142, 0, 0
16:08:16, 1182.20, 31.12, 33.46, 29.781, 292, 334, 810, 1963, 3858, 4645, 5358, 4904, 8621, 561, 0, 0, 58, 47, 91, 261, 869, 1132, 1095, 766, 1777, 148, 0, 0
16:08:16, 1185.00, 31.12, 33.44, 29.781, 171, 152, 359, 841, 2360, 2926, 3114, 3009, 3936, 266, 0, 0, 59, 48, 92, 264, 852, 1114, 1079, 759, 1728, 144, 0, 0
16:08:17, 1187.10, 31.12, 33.48, 29.773, 170, 150, 354, 819, 1717, 2119, 2199, 2042, 2786, 194, 0, 0, 61, 49, 95, 274, 878, 1144, 1108, 772, 1707, 143, 0, 0
16:08:18, 1185.30, 31.12, 33.46, 29.773, 127, 110, 260, 610, 1405, 1735, 1782, 1630, 2265, 163, 0, 0, 63, 50, 96, 278, 883, 1150, 1113, 773, 1710, 144, 0, 0
16:08:18, 1184.10, 31.11, 33.50, 29.773, 153, 137, 324, 759, 1665, 2045, 2121, 1961, 2673, 188, 0, 0, 61, 49, 95, 273, 869, 1133, 1097, 766, 1706, 143, 0, 0
16:08:19, 1180.50, 31.10, 33.50, 29.766, 179, 155, 368, 841, 1685, 2116, 2146, 2029, 2862, 202, 0, 0, 66, 53, 104, 296, 936, 1212, 1176, 825, 1870, 157, 0, 0
16:08:20, 1179.50, 31.10, 33.48, 29.766, 190, 177, 411, 1001, 2274, 2906, 3150, 2838, 5518, 365, 0, 0, 62, 51, 101, 288, 915, 1186, 1151, 814, 1941, 160, 0, 0
16:08:20, 1179.10, 31.09, 33.46, 29.766, 198, 212, 484, 1186, 2534, 3104, 3444, 3118, 6311, 418, 0, 0, 60, 49, 96, 275, 879, 1141, 1104, 780, 1865, 153, 0, 0
16:08:21, 1181.20, 31.09, 33.46, 29.758, 206, 197, 447, 1109, 2297, 2937, 3195, 2890, 5545, 365, 0, 0, 62, 50, 100, 286, 878, 1137, 1100, 775, 1849, 153, 0, 0
16:08:22, 1183.50, 31.09, 33.46, 29.766, 289, 335, 811, 1950, 4225, 5255, 5917, 5172, 10951, 708, 0, 0, 59, 49, 97, 277, 845, 1098, 1060, 750, 1822, 148, 0, 0
16:08:22, 1191.80, 31.08, 33.46, 29.766, 224, 215, 498, 1190, 2893, 3537, 3915, 3660, 5940, 389, 0, 0, 56, 45, 87, 252, 799, 1046, 1009, 710, 1726, 140, 0, 0
16:08:23, 1190.30, 31.08, 33.44, 29.758, 170, 163, 368, 927, 1364, 1758, 1846, 1578, 3298, 229, 0, 0, 61, 49, 95, 274, 886, 1156, 1117, 780, 1881, 157, 0, 0
16:08:24, 1191.80, 31.08, 33.48, 29.758, 98, 90, 202, 525, 1235, 1579, 1659, 1399, 3004, 212, 0, 0, 59, 48, 92, 265, 858, 1121, 1085, 755, 1799, 151, 0, 0
16:08:24, 1189.80, 31.07, 33.46, 29.758, 100, 88, 200, 512, 1145, 1470, 1496, 1294, 2489, 178, 0, 0, 64, 51, 100, 287, 938, 1216, 1176, 814, 1904, 162, 0, 0
16:08:25, 1189.60, 31.07, 33.46, 29.758, 81, 72, 162, 415, 1039, 1333, 1347, 1157, 2207, 159, 0, 0, 66, 53, 103, 296, 1002, 1297, 1256, 865, 2031, 173, 0, 0
16:08:26, 1185.40, 31.07, 33.46, 29.758, 67, 60, 136, 355, 769, 973, 988, 813, 1735, 128, 0, 0, 76, 61, 120, 346, 1048, 1354, 1306, 901, 2159, 185, 0, 0
16:08:26, 1182.60, 31.06, 33.50, 29.758, 82, 74, 168, 430, 924, 1165, 1181, 998, 2028, 147, 0, 0, 72, 58, 116, 332, 1048, 1351, 1313, 916, 2141, 182, 0, 0
16:08:27, 1183.00, 31.06, 33.48, 29.758, 99, 88, 203, 503, 1127, 1435, 1446, 1270, 2306, 166, 0, 0, 72, 58, 116, 331, 1041, 1340, 1303, 908, 2075, 177, 0, 0
16:08:28, 1182.10, 31.06, 33.46, 29.750, 156, 137, 319, 779, 1465, 1885, 1930, 1715, 3120, 217, 0, 0, 66, 53, 104, 299, 935, 1214, 1175, 819, 1941, 163, 0, 0
16:08:28, 1176.00, 31.05, 33.48, 29.750, 110, 101, 231, 584, 1072, 1360, 1398, 1187, 2483, 179, 0, 0, 74, 60, 120, 343, 1050, 1349, 1305, 915, 2158, 183, 0, 0
16:08:29, 1172.60, 31.04, 33.46, 29.750, 95, 88, 203, 499, 947, 1188, 1198, 1033, 2035, 149, 0, 0, 82, 67, 138, 391, 1140, 1453, 1410, 990, 2265, 193, 0, 0
16:08:30, 1174.00, 31.04, 33.44, 29.758, 114, 102, 241, 574, 1175, 1476, 1481, 1320, 2299, 166, 0, 0, 73, 59, 120, 340, 1025, 1317, 1276, 895, 2042, 172, 0, 0
16:08:30, 1171.60, 31.03, 33.48, 29.758, 121, 111, 257, 626, 1360, 1735, 1797, 1567, 3134, 223, 0, 0, 72, 59, 118, 335, 1030, 1327, 1285, 907, 2186, 182, 0, 0
16:08:31, 1167.10, 31.03, 33.46, 29.758, 135, 138, 314, 785, 1387, 1712, 1874, 1555, 3838, 275, 0, 0, 81, 67, 138, 387, 1217, 1554, 1509, 1080, 2655, 222, 0, 0
16:08:32, 1165.30, 31.02, 33.44, 29.750, 86, 87, 199, 493, 835, 1023, 1066, 886, 2092, 157, 0, 0, 100, 84, 176, 491, 1321, 1678, 1633, 1163, 2745, 233, 0, 0
16:08:32, 1164.90, 31.02, 33.46, 29.750, 102, 95, 223, 534, 1123, 1403, 1411, 1254, 2254, 164, 0, 0, 83, 68, 139, 390, 1189, 1518, 1482, 1045, 2330, 198, 0, 0
16:08:33, 1163.70, 31.02, 33.46, 29.750, 115, 104, 248, 581, 1210, 1527, 1525, 1372, 2461, 180, 0, 0, 87, 72, 147, 412, 1195, 1529, 1496, 1072, 2475, 209, 0, 0
16:08:34, 1158.40, 31.02, 33.46, 29.758, 187, 183, 423, 996, 1480, 1848, 1959, 1709, 3708, 268, 0, 0, 87, 74, 153, 424, 1265, 1612, 1574, 1136, 2725, 227, 0, 0
16:08:34, 1154.40, 31.01, 33.46, 29.758, 111, 115, 264, 636, 1168, 1436, 1541, 1290, 3132, 230, 0, 0, 96, 82, 172, 476, 1415, 1791, 1744, 1260, 3047, 256, 0, 0
16:08:35, 1152.80, 31.01, 33.46, 29.750, 100, 101, 234, 562, 1231, 1525, 1595, 1383, 3021, 221, 0, 0, 87, 73, 153, 424, 1277, 1619, 1582, 1137, 2643, 223, 0, 0
16:08:36, 1149.00, 31.01, 33.44, 29.750, 96, 96, 226, 529, 1111, 1371, 1404, 1235, 2542, 187, 0, 0, 107, 92, 198, 539, 1513, 1890, 1857, 1347, 3056, 260, 0, 0
16:08:36, 1148.10, 31.01, 33.44, 29.758, 103, 102, 243, 554, 1091, 1339, 1350, 1208, 2258, 167, 0, 0, 108, 92, 198, 542, 1468, 1832, 1796, 1296, 2878, 244, 0, 0
16:08:37, 1146.60, 31.01, 33.46, 29.758, 156, 149, 352, 788, 1614, 2065, 2077, 1928, 3480, 254, 0, 0, 94, 80, 172, 472, 1353, 1695, 1648, 1196, 2767, 232, 0, 0
16:08:38, 1146.40, 31.00, 33.48, 29.758, 176, 178, 417, 940, 1227, 1506, 1550, 1369, 2864, 210, 0, 0, 109, 95, 208, 563, 1494, 1857, 1811, 1328, 3153, 265, 0, 0
16:08:38, 1146.80, 31.00, 33.52, 29.773, 102, 109, 251, 588, 1196, 1449, 1569, 1327, 3281, 244, 0, 0, 95, 83, 181, 496, 1343, 1669, 1613, 1175, 2856, 237, 0, 0
16:08:39, 1145.20, 30.99, 33.50, 29.773, 158, 166, 378, 881, 1766, 2217, 2386, 2084, 4623, 332, 0, 0, 86, 74, 162, 447, 1265, 1565, 1507, 1094, 2616, 219, 0, 0
16:08:40, 1140.90, 31.00, 33.46, 29.773, 210, 208, 484, 1078, 1909, 2425, 2446, 2319, 4074, 293, 0, 0, 99, 85, 190, 519, 1524, 1861, 1811, 1320, 2910, 248, 0, 0
16:08:40, 1136.80, 30.99, 33.46, 29.773, 114, 117, 281, 602, 1077, 1288, 1301, 1190, 1983, 150, 0, 0, 125, 108, 241, 653, 1684, 2044, 2004, 1451, 3000, 254, 0, 0
16:08:41, 1132.10, 31.00, 33.48, 29.781, 110, 111, 268, 583, 1056, 1268, 1279, 1153, 2053, 154, 0, 0, 130, 114, 256, 689, 1655, 2011, 1961, 1435, 3123, 266, 0, 0
16:08:42, 1135.70, 30.99, 33.46, 29.781, 134, 138, 330, 700, 1191, 1436, 1443, 1328, 2387, 178, 0, 0, 118, 103, 233, 625, 1607, 1947, 1900, 1392, 2983, 253, 0, 0
16:08:42, 1135.90, 30.98, 33.46, 29.773, 158, 161, 385, 813, 1305, 1598, 1622, 1485, 2839, 211, 0, 0, 105, 92, 208, 561, 1487, 1816, 1755, 1295, 3113, 262, 0, 0
16:08:43, 1128.70, 30.98, 33.46, 29.773, 130, 148, 339, 773, 1396, 1655, 1860, 1556, 4160, 314, 0, 0, 117, 106, 239, 636, 1764, 2153, 2080, 1564, 4128, 344, 0, 0
16:08:44, 1129.20, 30.98, 33.48, 29.773, 158, 191, 432, 962, 1319, 1579, 1703, 1481, 3568, 270, 0, 0, 149, 136, 312, 815, 2011, 2436, 2390, 1788, 4203, 361, 0, 0
16:08:44, 1127.90, 30.98, 33.46, 29.773, 109, 124, 287, 629, 913, 1087, 1132, 986, 2298, 175, 0, 0, 149, 135, 309, 811, 1869, 2275, 2218, 1660, 4000, 341, 0, 0
16:08:45, 1126.40, 30.97, 33.46, 29.773, 81, 88, 207, 468, 850, 1016, 1037, 905, 1906, 144, 0, 0, 147, 130, 297, 789, 2039, 2464, 2435, 1796, 3837, 329, 0, 0
16:08:46, 1135.60, 30.97, 33.44, 29.773, 86, 91, 217, 471, 966, 1153, 1165, 1056, 1934, 148, 0, 0, 127, 112, 254, 675, 1481, 1800, 1746, 1286, 2856, 241, 0, 0
16:08:46, 1133.10, 30.97, 33.46, 29.766, 128, 134, 319, 690, 1272, 1551, 1584, 1431, 2859, 212, 0, 0, 103, 91, 205, 551, 1545, 1890, 1832, 1354, 3233, 273, 0, 0
16:08:47, 1126.80, 30.96, 33.48, 29.781, 93, 100, 233, 529, 988, 1188, 1236, 1075, 2432, 184, 0, 0, 139, 124, 281, 749, 1882, 2290, 2237, 1664, 3917, 336, 0, 0
16:08:48, 1136.80, 30.96, 33.44, 29.781, 109, 121, 284, 616, 1138, 1366, 1395, 1263, 2571, 192, 0, 0, 119, 107, 245, 646, 1298, 1585, 1526, 1136, 2596, 216, 0, 0
16:08:48, 1130.30, 30.96, 33.46, 29.773, 628, 852, 2066, 4493, 7408, 8806, 10245, 9339, 19709, 1245, 0, 0, 83, 73, 162, 441, 1310, 1607, 1543, 1141, 2667, 222, 0, 0
16:08:49, 1121.20, 30.96, 33.50, 29.781, 123, 131, 307, 675, 1137, 1374, 1421, 1263, 2743, 207, 0, 0, 134, 121, 276, 726, 2068, 2497, 2457, 1844, 4193, 360, 0, 0
16:08:50, 1123.40, 30.96, 33.43, 29.781, 98, 111, 261, 545, 918, 1082, 1102, 998, 1956, 150, 0, 0, 156, 143, 330, 853, 1963, 2358, 2326, 1739, 3723, 318, 0, 0
16:08:50, 1122.60, 30.96, 33.46, 29.773, 147, 158, 374, 774, 1390, 1693, 1707, 1593, 2933, 221, 0, 0, 125, 111, 253, 671, 1793, 2177, 2126, 1585, 3620, 309, 0, 0
16:08:51, 1123.10, 30.95, 33.43, 29.773, 118, 133, 311, 668, 1275, 1537, 1584, 1435, 3024, 227, 0, 0, 127, 116, 268, 697, 1631, 1971, 1921, 1453, 3370, 284, 0, 0
16:08:52, 1128.20, 30.95, 33.46, 29.773, 254, 273, 629, 1261, 2656, 3392, 3411, 3361, 5742, 411, 0, 0, 100, 89, 203, 539, 1613, 1961, 1912, 1428, 3247, 274, 0, 0
16:08:52, 1116.20, 30.95, 33.46, 29.773, 123, 134, 314, 680, 1043, 1252, 1287, 1150, 2429, 186, 0, 0, 147, 132, 303, 796, 2183, 2630, 2595, 1945, 4342, 374, 0, 0
16:08:53, 1120.40, 30.95, 33.44, 29.789, 112, 129, 302, 626, 1088, 1288, 1318, 1208, 2444, 187, 0, 0, 162, 153, 356, 903, 1951, 2341, 2306, 1754, 3904, 333, 0, 0
16:08:54, 1127.70, 30.94, 33.46, 29.789, 363, 343, 824, 1536, 3042, 3839, 3710, 4002, 5162, 380, 0, 0, 98, 87, 195, 522, 1382, 1688, 1623, 1203, 2693, 225, 0, 0
16:08:54, 1125.60, 30.94, 33.46, 29.789, 494, 596, 1347, 2756, 4019, 4999, 5244, 5410, 7822, 521, 0, 0, 100, 89, 201, 537, 1525, 1855, 1800, 1349, 3060, 258, 0, 0
16:08:55, 1132.60, 30.94, 33.48, 29.789, 268, 273, 639, 1258, 3285, 4143, 4081, 4321, 5881, 415, 0, 0, 91, 80, 181, 483, 1248, 1532, 1470, 1095, 2498, 207, 0, 0
16:08:56, 1128.90, 30.94, 33.46, 29.789, 503, 494, 1174, 2224, 2375, 2867, 2894, 2911, 3910, 286, 0, 0, 107, 92, 204, 555, 1520, 1855, 1796, 1318, 2791, 235, 0, 0
16:08:56, 1128.40, 30.94, 33.46, 29.781, 172, 177, 427, 861, 1561, 1877, 1880, 1808, 2915, 222, 0, 0, 119, 106, 242, 637, 1580, 1915, 1865, 1389, 3012, 255, 0, 0
16:08:57, 1134.60, 30.94, 33.46, 29.773, 422, 396, 966, 1793, 5131, 5985, 6701, 7109, 7327, 502, 0, 0, 86, 75, 166, 451, 1237, 1526, 1463, 1084, 2460, 204, 0, 0
16:08:58, 1128.70, 30.94, 33.48, 29.773, 432, 403, 961, 1933, 2794, 3543, 3526, 3594, 5005, 360, 0, 0, 104, 90, 200, 541, 1580, 1927, 1874, 1382, 3062, 260, 0, 0
16:08:58, 1123.10, 30.94, 33.44, 29.766, 202, 208, 488, 985, 1936, 2423, 2365, 2363, 3755, 286, 0, 0, 118, 106, 242, 633, 1869, 2250, 2217, 1663, 3502, 298, 0, 0
16:08:59, 1119.00, 30.94, 33.46, 29.773, 154, 167, 397, 802, 1280, 1532, 1553, 1445, 2699, 203, 0, 0, 145, 131, 300, 786, 1874, 2270, 2223, 1676, 3818, 325, 0, 0
16:08:59, 1119.10, 30.94, 33.43, 29.773, 197, 219, 496, 1034, 1764, 2177, 2284, 2082, 4565, 344, 0, 0, 121, 113, 260, 671, 1563, 1891, 1839, 1409, 3361, 279, 0, 0
16:09:00, 1124.80, 30.94, 33.46, 29.773, 573, 758, 1688, 3222, 7181, 8032, 9340, 10022, 12017, 781, 0, 0, 95, 86, 196, 516, 1321, 1613, 1543, 1169, 2792, 229, 0, 0
16:09:01, 1118.00, 30.93, 33.46, 29.789, 705, 1025, 2458, 5038, 5678, 6671, 7415, 7574, 10791, 704, 0, 0, 120, 108, 247, 651, 1856, 2241, 2198, 1660, 3688, 314, 0, 0
16:09:01, 1125.70, 30.93, 33.46, 29.789, 219, 247, 564, 1141, 2217, 2767, 2832, 2705, 5282, 384, 0, 0, 104, 95, 217, 566, 1338, 1633, 1572, 1191, 2780, 229, 0, 0
16:09:02, 1124.70, 30.93, 33.46, 29.797, 636, 649, 1508, 2869, 3147, 3965, 3904, 4096, 5672, 400, 0, 0, 103, 91, 205, 549, 1505, 1835, 1780, 1327, 2900, 243, 0, 0
16:09:03, 1120.50, 30.93, 33.46, 29.789, 164, 174, 417, 843, 1572, 1889, 1896, 1825, 2985, 226, 0, 0, 139, 126, 291, 755, 1998, 2399, 2371, 1786, 3805, 326, 0, 0
16:09:03, 1130.30, 30.93, 33.46, 29.789, 154, 167, 398, 787, 1825, 2165, 2195, 2148, 3248, 248, 0, 0, 105, 93, 210, 560, 1418, 1735, 1677, 1250, 2714, 227, 0, 0
16:09:04, 1134.40, 30.93, 33.46, 29.781, 499, 561, 1282, 2587, 4864, 5971, 6281, 7003, 7068, 489, 0, 0, 90, 78, 172, 469, 1256, 1549, 1486, 1093, 2491, 208, 0, 0
16:09:05, 1136.00, 30.92, 33.44, 29.781, 367, 347, 832, 1680, 2037, 2572, 2528, 2488, 4164, 304, 0, 0, 97, 85, 190, 509, 1295, 1596, 1539, 1144, 2560, 213, 0, 0
16:09:05, 1132.50, 30.93, 33.46, 29.781, 439, 537, 1236, 2549, 3858, 4513, 4955, 4938, 5876, 402, 0, 0, 89, 77, 168, 460, 1370, 1684, 1623, 1193, 2508, 208, 0, 0
16:09:06, 1114.00, 30.92, 33.48, 29.766, 200, 216, 523, 1020, 1611, 1853, 1937, 1838, 2703, 207, 0, 0, 139, 126, 290, 754, 2098, 2499, 2472, 1859, 3569, 298, 0, 0
16:09:07, 1112.80, 30.92, 33.46, 29.773, 137, 161, 380, 728, 1295, 1471, 1542, 1451, 2243, 173, 0, 0, 150, 138, 321, 823, 1928, 2303, 2259, 1712, 3416, 285, 0, 0
16:09:07, 1107.10, 30.92, 33.46, 29.773, 179, 194, 461, 884, 1642, 1982, 1985, 1924, 3298, 253, 0, 0, 152, 143, 333, 848, 2340, 2786, 2757, 2131, 4806, 412, 0, 0
16:09:08, 1100.70, 30.92, 33.44, 29.773, 143, 181, 403, 812, 1215, 1424, 1511, 1381, 3141, 243, 0, 0, 208, 206, 483, 1185, 2645, 3134, 3113, 2426, 5625, 485, 0, 0
16:09:09, 1100.70, 30.92, 33.44, 29.797, 196, 248, 550, 1061, 1560, 1833, 1990, 1804, 4420, 348, 0, 0, 181, 182, 429, 1049, 2342, 2780, 2743, 2172, 5288, 448, 0, 0
16:09:09, 1093.80, 30.92, 33.48, 29.797, 132, 170, 379, 749, 1102, 1282, 1351, 1258, 2752, 218, 0, 0, 208, 208, 492, 1200, 2731, 3203, 3202, 2504, 5318, 456, 0, 0
16:09:10, 1094.80, 30.91, 33.48, 29.797, 180, 227, 512, 909, 1599, 1836, 1884, 1893, 3024, 246, 0, 0, 183, 183, 434, 1048, 2226, 2613, 2580, 2039, 4162, 350, 0, 0
16:09:11, 1089.90, 30.92, 33.44, 29.820, 563, 647, 1502, 2404, 3423, 3858, 4051, 4266, 5363, 430, 0, 0, 167, 163, 386, 951, 2448, 2864, 2846, 2234, 4562, 386, 0, 0
16:09:11, 1081.30, 30.91, 33.46, 29.820, 154, 208, 448, 810, 1157, 1342, 1405, 1351, 2781, 227, 0, 0, 238, 252, 598, 1388, 2922, 3389, 3400, 2741, 5959, 514, 0, 0
16:09:12, 1080.80, 30.91, 33.44, 29.836, 223, 297, 623, 1095, 1733, 2046, 2152, 2115, 4288, 351, 0, 0, 177, 189, 450, 1054, 2322, 2702, 2678, 2170, 5024, 421, 0, 0
16:09:13, 1075.40, 30.91, 33.46, 29.867, 246, 334, 676, 1170, 1892, 2252, 2435, 2352, 5256, 469, 0, 0, 210, 231, 546, 1253, 2721, 3145, 3139, 2565, 5819, 495, 0, 0
16:09:13, 1068.40, 30.91, 33.46, 29.867, 214, 300, 621, 1034, 1499, 1732, 1799, 1812, 3431, 289, 0, 0, 236, 263, 618, 1393, 3116, 3577, 3597, 2963, 6561, 567, 0, 0
16:09:14, 1069.10, 30.92, 33.44, 29.875, 310, 425, 818, 1312, 2488, 3108, 3186, 3286, 6638, 678, 0, 0, 188, 212, 502, 1130, 2272, 2618, 2594, 2152, 4853, 405, 0, 0
16:09:15, 1071.80, 30.92, 33.41, 29.875, 2154, 4073, 7486, 11834, 19410, 22783, 25813, 26643, 36000, 3829, 1, 1, 152, 173, 410, 913, 1924, 2222, 2183, 1825, 4337, 349, 0, 0
16:09:15, 1064.10, 30.92, 33.41, 29.898, 277, 391, 753, 1261, 1349, 1553, 1688, 1677, 3802, 356, 0, 0, 259, 304, 708, 1542, 3202, 3663, 3686, 3086, 7361, 634, 0, 0
16:09:16, 1073.40, 30.93, 33.46, 29.906, 363, 520, 955, 1590, 3890, 5371, 5812, 5394, 13026, 1102, 0, 0, 156, 175, 414, 940, 1933, 2219, 2188, 1837, 4256, 346, 0, 0
16:09:17, 1066.80, 30.93, 33.46, 29.906, 2444, 4468, 8733, 14743, 20193, 21470, 25321, 27799, 36000, 4287, 1, 1, 168, 189, 446, 1012, 2852, 3275, 3287, 2730, 6279, 537, 0, 0
16:09:17, 1063.70, 30.93, 33.44, 29.906, 219, 312, 599, 965, 1582, 1862, 1951, 1993, 4158, 409, 0, 0, 248, 290, 677, 1473, 2708, 3096, 3108, 2600, 5808, 494, 0, 0
16:09:18, 1054.10, 30.94, 33.46, 29.906, 320, 444, 846, 1310, 1443, 1652, 1759, 1804, 3807, 391, 0, 0, 272, 329, 762, 1617, 2997, 3403, 3432, 2913, 6754, 581, 0, 0
16:09:19, 1046.40, 30.94, 33.46, 29.906, 361, 523, 914, 1391, 1916, 2292, 2501, 2486, 6217, 725, 0, 0, 258, 332, 754, 1549, 2863, 3230, 3262, 2815, 6695, 571, 0, 0
16:09:19, 1040.60, 30.94, 33.44, 29.914, 1586, 1761, 2840, 5049, 15983, 19406, 22622, 25617, 34623, 3287, 0, 1, 201, 254, 580, 1200, 2524, 2841, 2862, 2484, 5766, 490, 0, 0
16:09:20, 1034.00, 30.95, 33.46, 29.914, 3754, 7375, 11750, 14053, 30327, 29886, 34472, 34526, 36000, 8579, 1, 1, 198, 256, 574, 1153, 2291, 2566, 2573, 2254, 5176, 455, 0, 0
16:09:21, 1029.20, 30.95, 33.44, 29.914, 4552, 9450, 14127, 16908, 30916, 30361, 33959, 34270, 36000, 12438, 1, 1, 228, 306, 678, 1329, 2497, 2776, 2810, 2486, 5967, 525, 0, 0
16:09:21, 1020.10, 30.95, 33.44, 29.914, 9928, 15648, 20891, 22325, 18839, 16168, 19531, 22615, 35377, 16970, 0, 1, 295, 427, 896, 1650, 3050, 3348, 3434, 3128, 8072, 731, 0, 0
16:09:22, 1020.30, 30.96, 33.41, 29.914, 8228, 15222, 22645, 22816, 27534, 28883, 34704, 36000, 36000, 36000, 1, 1, 330, 487, 1000, 1803, 3057, 3350, 3446, 3134, 8344, 758, 0, 0
16:09:23, 1014.80, 30.96, 33.46, 29.914, 5854, 12053, 15723, 18917, 24427, 22137, 33746, 34717, 36000, 36000, 1, 1, 1210, 1842, 2910, 3987, 10207, 10384, 11951, 12194, 33224, 9216, 0, 1
16:09:23, 1014.50, 30.96, 33.43, 29.922, 9664, 17847, 21659, 36000, 26694, 35939, 36000, 36000, 36000, 36000, 1, 1, 17238, 29726, 36000, 36000, 36000, 36000, 36000, 36000, 36000, 36000, 1, 1
16:09:24, 1014.60, 30.96, 33.46, 29.820, 9521, 29864, 22876, 30046, 36000, 36000, 36000, 36000, 36000, 36000, 1, 1, 25267, 36000, 36000, 36000, 36000, 36000, 36000, 36000, 36000, 36000, 1, 1
16:09:25, 1014.90, 30.96, 33.46, 29.820, 16286, 23807, 31934, 35174, 36000, 36000, 36000, 36000, 36000, 36000, 1, 1, 17432, 26867, 35019, 36000, 36000, 36000, 36000, 36000, 36000, 12054, 1, 1
