Secchi Depth (cm) = 9999
Forel Ule Scale = 99
pH Colour Scale = 99
SensingSecchi S/N = A017
Latitude (degs N) = 34.35558
Longitude (degs E) = -78.17739
Date = 2026-07-09
Time (UTC), Pressure (mbar) MS5803, Temp (deg C) MS5803, Temp (deg C) 10KTHERM, Temp (deg C) TMP117, ED 415nm, ED 445nm, ED 480nm, ED 515nm, ED 555nm, ED 590nm, ED 630nm, ED 680nm, ED Clear, ED NIR, ED D-SAT, ED A-SAT, EU 415nm, EU 445nm, EU 480nm, EU 515nm, EU 555nm, EU 590nm, EU 630nm, EU 680nm, EU Clear, EU NIR, EU D-SAT, EU A-SAT
16:53:48, 1010.00, 32.27, 34.86, 34.570, 529, 726, 907, 1011, 1172, 1240, 1322, 1445, 8244, 3747, 0, 0, 10193, 16696, 23062, 29865, 35967, 36000, 36000, 36000, 36000, 36000, 1, 1
16:53:48, 1010.10, 32.28, 34.88, 34.570, 575, 792, 994, 1136, 995, 1023, 1131, 1239, 6282, 2960, 0, 0, 4884, 7184, 10410, 12050, 14988, 14720, 19865, 21363, 36000, 36000, 1, 1
16:53:49, 1010.30, 32.29, 34.88, 34.570, 912, 1261, 1630, 2013, 1446, 1393, 1564, 1470, 7099, 2180, 0, 0, 2056, 3064, 3997, 5467, 5658, 5680, 6913, 7529, 24271, 8202, 0, 0
16:53:50, 1010.00, 32.29, 34.88, 34.586, 9619, 17389, 23947, 28069, 35702, 35421, 36000, 36000, 36000, 36000, 1, 1, 4684, 7684, 11095, 13550, 2689, 2741, 3176, 3472, 9837, 2200, 0, 0
16:53:50, 1010.50, 32.29, 34.88, 34.586, 733, 1123, 1377, 1456, 1355, 1270, 1324, 1264, 6385, 1725, 0, 0, 371, 530, 736, 897, 1006, 1018, 1139, 1198, 4847, 1130, 0, 0
16:53:51, 1015.30, 32.29, 34.86, 34.563, 682, 1031, 1280, 1319, 1418, 1327, 1373, 1356, 6625, 1583, 0, 0, 82, 114, 239, 435, 690, 766, 951, 1008, 1499, 144, 0, 0
16:53:52, 1025.70, 32.29, 34.88, 34.563, 9223, 18554, 24579, 28704, 28486, 30115, 29088, 33019, 35992, 29087, 0, 1, 89, 142, 278, 458, 615, 663, 791, 835, 1577, 159, 0, 0
16:53:52, 1019.50, 32.29, 34.82, 33.477, 3306, 7144, 11475, 12912, 9183, 9794, 12527, 15415, 32699, 8157, 0, 1, 124, 188, 393, 703, 1218, 1326, 1641, 1746, 3495, 325, 0, 0
16:53:53, 1021.90, 32.29, 34.88, 32.648, 2139, 4101, 3683, 9867, 30694, 31945, 34662, 36000, 36000, 35346, 1, 1, 75, 109, 223, 393, 519, 565, 695, 722, 1137, 109, 0, 0
16:53:54, 1022.60, 32.29, 34.88, 32.648, 7858, 14586, 22498, 25211, 30872, 30968, 31065, 33607, 36000, 27628, 1, 1, 62, 85, 179, 332, 574, 640, 797, 841, 1125, 108, 0, 0
16:53:54, 1021.70, 32.29, 34.86, 32.234, 4512, 6904, 9984, 12861, 15995, 12817, 16973, 21744, 29962, 4206, 0, 0, 72, 95, 207, 394, 675, 760, 944, 1006, 1298, 113, 0, 0
16:53:55, 1019.50, 32.30, 34.86, 31.984, 1396, 2833, 4024, 4904, 2238, 2113, 2720, 2549, 6735, 1178, 0, 0, 89, 123, 263, 500, 880, 978, 1223, 1301, 1794, 156, 0, 0
16:53:56, 1022.10, 32.30, 34.84, 31.984, 617, 1020, 1343, 1499, 1489, 1420, 1571, 1501, 6034, 1002, 0, 0, 58, 74, 159, 302, 427, 482, 595, 636, 834, 74, 0, 0
16:53:56, 1022.70, 32.30, 34.86, 31.859, 505, 866, 1186, 1273, 1241, 1176, 1211, 1222, 4991, 755, 0, 0, 44, 53, 116, 219, 432, 486, 617, 658, 708, 67, 0, 0
16:53:57, 1021.00, 32.30, 34.84, 31.773, 489, 845, 1161, 1276, 2345, 2414, 2650, 3521, 9322, 1602, 0, 0, 50, 66, 140, 267, 488, 542, 698, 734, 779, 76, 0, 0
16:53:58, 1022.50, 32.31, 34.84, 31.773, 504, 830, 1111, 1210, 1338, 1307, 1324, 1409, 4766, 836, 0, 0, 50, 66, 139, 262, 466, 519, 662, 693, 943, 93, 0, 0
16:53:58, 1023.20, 32.31, 34.82, 31.695, 547, 923, 1250, 1401, 1704, 1751, 1855, 1827, 6111, 1006, 0, 0, 56, 76, 161, 301, 583, 655, 830, 879, 1125, 107, 0, 0
16:53:59, 1021.90, 32.31, 34.80, 31.656, 510, 875, 1236, 1430, 1550, 1485, 1722, 1664, 4851, 767, 0, 0, 68, 92, 198, 376, 672, 754, 949, 1013, 1267, 118, 0, 0
16:54:00, 1023.70, 32.32, 34.82, 31.656, 527, 895, 1241, 1383, 1610, 1550, 1637, 1741, 6245, 1027, 0, 0, 59, 79, 167, 300, 495, 549, 687, 735, 1190, 122, 0, 0
16:54:00, 1025.00, 32.32, 34.82, 31.625, 4054, 8443, 13334, 14964, 23692, 23591, 23244, 27492, 35906, 16040, 0, 1, 49, 65, 137, 251, 438, 489, 621, 664, 938, 97, 0, 0
16:54:01, 1023.70, 32.32, 34.77, 31.609, 9537, 21469, 29108, 28696, 17414, 15621, 17948, 23227, 33625, 10247, 0, 1, 52, 70, 147, 267, 476, 526, 667, 711, 1119, 119, 0, 0
16:54:02, 1023.70, 32.33, 34.82, 31.609, 794, 1400, 2065, 2375, 2073, 2068, 2128, 2409, 8718, 1416, 0, 0, 57, 79, 165, 299, 516, 573, 728, 773, 1193, 124, 0, 0
16:54:02, 1023.20, 32.33, 34.80, 31.594, 530, 957, 1369, 1596, 1748, 1713, 1797, 1962, 6880, 1066, 0, 0, 59, 79, 169, 317, 558, 625, 794, 845, 1169, 120, 0, 0
16:54:03, 1018.70, 32.33, 34.78, 31.586, 2414, 5236, 7484, 8518, 23038, 21229, 23804, 28759, 36000, 14826, 1, 1, 69, 93, 197, 358, 594, 661, 823, 884, 1248, 129, 0, 0
16:54:04, 1018.40, 32.34, 34.82, 31.586, 4821, 11485, 15290, 18611, 30100, 26528, 31238, 33349, 36000, 19316, 1, 1, 58, 77, 161, 289, 463, 514, 634, 683, 1006, 101, 0, 0
16:54:04, 1018.10, 32.34, 34.78, 31.578, 7727, 17669, 22382, 22392, 26083, 21947, 25146, 28917, 35066, 17665, 0, 1, 52, 66, 140, 251, 446, 498, 612, 662, 928, 95, 0, 0
16:54:05, 1017.20, 32.34, 34.75, 31.578, 3837, 8592, 12620, 12762, 9602, 7920, 9508, 14030, 12231, 2353, 0, 0, 63, 82, 176, 321, 528, 591, 727, 783, 1028, 93, 0, 0
16:54:06, 1017.90, 32.35, 34.77, 31.578, 745, 1173, 1480, 1564, 1586, 1472, 1557, 1518, 6853, 1487, 0, 0, 70, 93, 196, 364, 622, 698, 862, 930, 1290, 116, 0, 0
16:54:06, 1017.90, 32.35, 34.78, 31.578, 694, 1117, 1447, 1557, 1546, 1455, 1596, 1532, 6581, 1255, 0, 0, 68, 89, 190, 356, 606, 684, 840, 908, 1231, 110, 0, 0
16:54:07, 1018.90, 32.35, 34.78, 31.578, 658, 1058, 1366, 1462, 1471, 1379, 1466, 1437, 6120, 1229, 0, 0, 56, 70, 150, 278, 423, 476, 589, 634, 804, 72, 0, 0
16:54:08, 1019.90, 32.36, 34.80, 31.578, 595, 981, 1296, 1393, 1431, 1339, 1426, 1499, 5234, 988, 0, 0, 46, 57, 123, 229, 387, 431, 547, 578, 681, 63, 0, 0
16:54:08, 1020.80, 32.36, 34.75, 31.570, 1208, 2258, 3276, 3539, 13571, 14403, 13165, 17363, 25411, 12167, 0, 0, 46, 61, 127, 232, 426, 472, 599, 633, 859, 89, 0, 0
16:54:09, 1018.10, 32.36, 34.78, 31.562, 538, 907, 1220, 1332, 1348, 1289, 1341, 1342, 5058, 861, 0, 0, 65, 87, 187, 347, 641, 713, 897, 954, 1116, 105, 0, 0
16:54:10, 1020.10, 32.36, 34.80, 31.562, 702, 1125, 1474, 1597, 5047, 4866, 7610, 6801, 17031, 2206, 0, 0, 77, 102, 216, 409, 656, 742, 927, 1001, 1368, 124, 0, 0
16:54:10, 1022.80, 32.36, 34.78, 31.555, 1504, 2681, 4136, 4717, 9667, 9294, 10926, 11104, 23428, 6754, 0, 0, 63, 82, 173, 323, 546, 615, 769, 833, 1263, 130, 0, 0
16:54:11, 1022.90, 32.37, 34.77, 31.547, 507, 874, 1216, 1376, 1587, 1519, 1622, 1687, 6478, 1020, 0, 0, 61, 80, 169, 321, 537, 601, 762, 818, 1155, 123, 0, 0
16:54:12, 1022.40, 32.37, 34.78, 31.547, 8458, 15925, 21517, 23416, 15104, 14893, 15324, 19779, 33007, 8414, 0, 1, 56, 75, 158, 290, 508, 566, 719, 767, 1084, 114, 0, 0
16:54:12, 1023.30, 32.37, 34.80, 31.531, 15069, 21082, 26162, 28452, 13711, 13736, 14243, 16425, 34702, 9125, 0, 1, 50, 68, 141, 257, 449, 498, 637, 671, 973, 99, 0, 0
16:54:13, 1022.60, 32.38, 34.78, 31.523, 6519, 12307, 20141, 21964, 20844, 20741, 21235, 26902, 36000, 14994, 1, 1, 55, 75, 158, 290, 516, 572, 726, 772, 1139, 120, 0, 0
16:54:14, 1021.90, 32.38, 34.78, 31.523, 6269, 14645, 22273, 26404, 12140, 10687, 13900, 15978, 29274, 6807, 0, 0, 66, 88, 187, 343, 571, 638, 798, 858, 1328, 138, 0, 0
16:54:14, 1021.20, 32.38, 34.77, 31.516, 2887, 6569, 9276, 12058, 27228, 25102, 27812, 29698, 31819, 12558, 0, 0, 67, 87, 187, 348, 578, 651, 809, 877, 1234, 122, 0, 0
16:54:15, 1021.20, 32.38, 34.77, 31.523, 9574, 20220, 28882, 34125, 36000, 36000, 36000, 36000, 36000, 35827, 1, 1, 63, 81, 172, 315, 528, 594, 733, 799, 1193, 125, 0, 0
16:54:16, 1021.60, 32.38, 34.75, 31.523, 2431, 4982, 7742, 8934, 23709, 21587, 26059, 28267, 36000, 17052, 1, 1, 58, 76, 159, 285, 477, 533, 657, 713, 1167, 126, 0, 0
16:54:16, 1021.20, 32.38, 34.80, 31.516, 7439, 15737, 22440, 23729, 30035, 27639, 31810, 34502, 36000, 8058, 1, 1, 63, 82, 175, 324, 570, 638, 794, 861, 1248, 134, 0, 0
16:54:17, 1021.60, 32.39, 34.75, 31.523, 618, 1067, 1469, 1639, 1545, 1456, 1543, 1580, 6177, 1015, 0, 0, 66, 89, 188, 345, 580, 645, 807, 869, 1363, 147, 0, 0
16:54:18, 1023.30, 32.39, 34.77, 31.523, 553, 933, 1281, 1410, 1484, 1452, 1523, 1531, 5810, 886, 0, 0, 58, 80, 167, 308, 532, 591, 752, 797, 1144, 116, 0, 0
16:54:18, 1023.50, 32.39, 34.73, 31.523, 460, 789, 1116, 1277, 1310, 1279, 1349, 1379, 4853, 751, 0, 0, 61, 82, 175, 339, 569, 636, 815, 862, 1108, 107, 0, 0
16:54:19, 1022.80, 32.39, 34.77, 31.531, 524, 932, 1302, 1508, 2119, 2111, 2189, 2400, 9204, 1405, 0, 0, 61, 85, 178, 328, 569, 632, 802, 851, 1314, 137, 0, 0
16:54:20, 1022.70, 32.39, 34.77, 31.531, 4044, 6861, 10620, 13768, 13195, 13682, 13504, 17513, 30323, 10731, 0, 0, 66, 90, 190, 348, 594, 662, 833, 892, 1393, 145, 0, 0
16:54:20, 1022.40, 32.39, 34.77, 31.531, 542, 944, 1312, 1480, 1512, 1451, 1533, 1575, 6327, 986, 0, 0, 62, 84, 177, 321, 551, 612, 767, 824, 1318, 140, 0, 0
16:54:21, 1020.70, 32.39, 34.75, 31.539, 516, 889, 1226, 1380, 1432, 1346, 1430, 1448, 5698, 937, 0, 0, 66, 86, 185, 341, 589, 661, 823, 893, 1297, 138, 0, 0
16:54:22, 1021.10, 32.40, 34.75, 31.539, 554, 921, 1239, 1365, 1398, 1318, 1406, 1392, 5541, 948, 0, 0, 68, 88, 188, 343, 564, 633, 780, 850, 1355, 142, 0, 0
16:54:22, 1022.40, 32.40, 34.73, 31.539, 549, 927, 1259, 1371, 1432, 1344, 1451, 1443, 5591, 910, 0, 0, 62, 80, 170, 315, 535, 600, 747, 811, 1230, 130, 0, 0
16:54:23, 1021.80, 32.40, 34.77, 31.539, 517, 861, 1218, 1332, 1415, 1328, 1431, 1440, 5250, 862, 0, 0, 67, 87, 188, 353, 611, 685, 858, 930, 1288, 133, 0, 0
16:54:24, 1021.40, 32.40, 34.77, 31.539, 525, 888, 1210, 1340, 1402, 1321, 1418, 1409, 5312, 907, 0, 0, 66, 87, 185, 341, 567, 633, 789, 854, 1286, 137, 0, 0
16:54:24, 1022.30, 32.40, 34.77, 31.539, 553, 939, 1280, 1388, 1414, 1337, 1415, 1443, 6156, 979, 0, 0, 60, 85, 173, 302, 504, 557, 701, 747, 1203, 127, 0, 0
16:54:25, 1022.70, 32.40, 34.77, 31.539, 468, 797, 1106, 1238, 1332, 1278, 1344, 1363, 4944, 791, 0, 0, 54, 74, 156, 290, 509, 564, 719, 763, 1068, 109, 0, 0
16:54:26, 1022.10, 32.40, 34.75, 31.539, 486, 830, 1151, 1301, 1375, 1320, 1394, 1401, 5057, 818, 0, 0, 59, 81, 170, 314, 527, 582, 737, 783, 1223, 128, 0, 0
16:54:26, 1022.10, 32.40, 34.75, 31.531, 506, 864, 1184, 1323, 1356, 1303, 1378, 1370, 5035, 827, 0, 0, 62, 83, 177, 329, 558, 621, 786, 841, 1213, 127, 0, 0
16:54:27, 1022.20, 32.41, 34.73, 31.531, 510, 861, 1188, 1320, 1370, 1302, 1387, 1375, 4981, 810, 0, 0, 60, 80, 170, 317, 523, 583, 735, 789, 1156, 121, 0, 0
16:54:28, 1022.40, 32.41, 34.75, 31.531, 504, 860, 1194, 1326, 1387, 1320, 1408, 1417, 4828, 776, 0, 0, 59, 76, 164, 313, 531, 598, 760, 815, 1004, 99, 0, 0
16:54:28, 1022.10, 32.41, 34.78, 31.531, 517, 867, 1207, 1356, 1480, 1406, 1511, 1543, 4869, 774, 0, 0, 62, 80, 172, 328, 577, 650, 824, 885, 1082, 104, 0, 0
16:54:29, 1022.10, 32.41, 34.78, 31.531, 539, 915, 1266, 1414, 1508, 1444, 1564, 1595, 5126, 834, 0, 0, 63, 81, 174, 331, 573, 646, 816, 878, 1123, 108, 0, 0
16:54:30, 1022.30, 32.41, 34.77, 31.531, 532, 908, 1278, 1428, 1596, 1515, 1639, 1741, 4800, 807, 0, 0, 62, 81, 174, 332, 572, 646, 817, 880, 1102, 106, 0, 0
16:54:30, 1022.10, 32.41, 34.78, 31.523, 933, 1995, 2863, 3538, 1666, 1580, 1712, 1812, 5148, 822, 0, 0, 64, 83, 180, 343, 618, 697, 883, 948, 1147, 106, 0, 0
16:54:31, 1022.30, 32.41, 34.75, 31.531, 1052, 2151, 3136, 3763, 4456, 4259, 5361, 5574, 13307, 2454, 0, 0, 62, 80, 172, 327, 568, 643, 811, 875, 1123, 106, 0, 0
16:54:32, 1021.90, 32.42, 34.73, 31.531, 3293, 7881, 11485, 14340, 12701, 11238, 14202, 15553, 24254, 6628, 0, 0, 67, 87, 188, 360, 653, 738, 937, 1005, 1219, 109, 0, 0
16:54:32, 1022.20, 32.42, 34.75, 31.523, 2697, 6476, 9205, 9912, 13133, 11692, 15214, 17110, 29235, 6104, 0, 0, 65, 86, 184, 354, 608, 686, 872, 934, 1143, 104, 0, 0
16:54:33, 1023.30, 32.42, 34.75, 31.531, 1011, 1945, 2896, 3316, 2122, 2061, 2215, 2387, 7317, 1151, 0, 0, 48, 65, 136, 252, 418, 464, 591, 621, 920, 89, 0, 0
16:54:34, 1022.80, 32.42, 34.80, 31.531, 886, 1715, 2560, 2954, 6354, 5771, 7250, 9295, 17041, 3517, 0, 0, 58, 76, 164, 315, 510, 575, 736, 782, 925, 83, 0, 0
16:54:34, 1023.80, 32.42, 34.75, 31.523, 8758, 15729, 19947, 22860, 28897, 30629, 28436, 35822, 36000, 22569, 1, 1, 59, 79, 169, 327, 646, 733, 934, 997, 1206, 101, 0, 0
16:54:35, 1022.40, 32.42, 34.77, 31.523, 1753, 4068, 6249, 7101, 17779, 15894, 19443, 20227, 27043, 9726, 0, 0, 61, 80, 173, 334, 661, 744, 947, 1010, 1237, 109, 0, 0
16:54:36, 1021.60, 32.42, 34.71, 31.523, 3837, 8460, 12367, 15401, 27388, 28052, 32249, 32169, 36000, 17948, 1, 1, 75, 97, 207, 398, 709, 802, 1009, 1094, 1498, 136, 0, 0
16:54:36, 1022.00, 32.42, 34.73, 31.523, 7936, 18557, 24549, 29138, 18847, 18565, 29794, 26114, 36000, 5183, 1, 1, 71, 91, 196, 370, 582, 659, 821, 894, 1323, 128, 0, 0
16:54:37, 1023.20, 32.42, 34.73, 31.531, 1411, 3054, 4004, 5376, 1909, 1818, 2031, 2160, 5341, 845, 0, 0, 56, 71, 153, 293, 499, 561, 716, 768, 947, 92, 0, 0
16:54:38, 1022.90, 32.42, 34.73, 31.531, 418, 718, 1015, 1146, 1219, 1176, 1234, 1278, 4126, 673, 0, 0, 57, 75, 161, 312, 547, 615, 787, 837, 960, 87, 0, 0
16:54:38, 1028.30, 32.42, 34.78, 31.531, 5401, 10879, 15962, 17565, 14286, 15700, 15355, 17386, 34309, 14515, 0, 1, 53, 69, 146, 279, 592, 672, 850, 913, 1324, 121, 0, 0
16:54:39, 1034.30, 32.42, 34.75, 31.531, 5990, 12714, 20558, 22457, 28946, 29948, 29038, 35325, 36000, 16488, 1, 1, 68, 92, 199, 373, 646, 731, 919, 989, 1723, 159, 0, 0
16:54:40, 1040.70, 32.42, 34.78, 31.531, 4002, 8312, 13485, 18633, 24347, 25333, 25486, 29723, 36000, 13091, 1, 1, 72, 92, 202, 398, 678, 784, 994, 1082, 1890, 167, 0, 0
16:54:40, 1047.30, 32.42, 34.77, 31.523, 3712, 7298, 13536, 18964, 18660, 21004, 21232, 31722, 36000, 8112, 1, 1, 67, 80, 177, 366, 652, 767, 981, 1070, 1912, 166, 0, 0
16:54:41, 1055.40, 32.42, 34.73, 31.516, 2249, 4204, 8602, 12742, 16354, 17822, 18826, 24839, 36000, 6291, 1, 1, 58, 65, 145, 309, 584, 697, 901, 988, 1761, 152, 0, 0
16:54:42, 1060.00, 32.43, 34.75, 31.516, 973, 1863, 3712, 5530, 12724, 12707, 15342, 22521, 35321, 3876, 0, 1, 57, 61, 133, 294, 549, 664, 866, 951, 1637, 141, 0, 0
16:54:42, 1065.20, 32.43, 34.75, 31.508, 1560, 2684, 5481, 9724, 14263, 15887, 19666, 23183, 36000, 4162, 1, 1, 52, 55, 121, 268, 522, 633, 823, 904, 1557, 129, 0, 0
16:54:43, 1071.80, 32.42, 34.78, 31.500, 1243, 2102, 4562, 7939, 14372, 17252, 19900, 25170, 36000, 3932, 1, 1, 47, 46, 98, 226, 461, 572, 760, 838, 1394, 119, 0, 0
16:54:44, 1078.50, 32.42, 34.75, 31.500, 1031, 1693, 3699, 6573, 9331, 11329, 13401, 16663, 36000, 2979, 1, 1, 42, 40, 84, 198, 413, 519, 693, 767, 1271, 106, 0, 0
16:54:44, 1086.40, 32.42, 34.75, 31.500, 801, 1219, 2712, 5086, 12216, 14179, 17955, 22679, 35996, 3314, 0, 1, 37, 35, 71, 171, 363, 460, 619, 685, 1121, 92, 0, 0
16:54:45, 1094.40, 32.42, 34.77, 31.500, 737, 1060, 2313, 4353, 9053, 10803, 12527, 17800, 30734, 2537, 0, 0, 32, 30, 59, 145, 321, 412, 559, 621, 996, 81, 0, 0
16:54:46, 1099.60, 32.42, 34.77, 31.492, 680, 972, 2040, 3843, 5946, 7207, 8922, 13365, 20276, 1724, 0, 0, 30, 28, 53, 132, 295, 383, 524, 581, 920, 75, 0, 0
16:54:46, 1104.40, 32.42, 34.77, 31.492, 532, 702, 1562, 3395, 6623, 8160, 9871, 13040, 22146, 1686, 0, 0, 28, 25, 47, 116, 270, 355, 489, 544, 838, 69, 0, 0
16:54:47, 1110.30, 32.42, 34.77, 31.492, 530, 689, 1444, 3683, 6131, 7516, 9563, 11985, 24734, 1618, 0, 0, 25, 22, 40, 100, 241, 321, 446, 497, 749, 62, 0, 0
16:54:48, 1113.20, 32.42, 34.75, 31.492, 436, 547, 1176, 2599, 5356, 6771, 8414, 11105, 18094, 1342, 0, 0, 23, 21, 37, 94, 232, 311, 433, 483, 728, 60, 0, 0
16:54:48, 1118.00, 32.41, 34.77, 31.492, 450, 565, 1202, 2622, 4904, 6177, 8051, 9802, 21080, 1317, 0, 0, 22, 19, 35, 89, 219, 295, 413, 461, 696, 57, 0, 0
16:54:49, 1123.20, 32.41, 34.78, 31.492, 374, 451, 949, 2142, 5059, 6481, 8352, 10742, 19363, 1301, 0, 0, 21, 18, 31, 78, 197, 269, 381, 427, 628, 52, 0, 0
16:54:50, 1128.60, 32.41, 34.78, 31.492, 420, 483, 989, 2196, 4037, 5214, 6670, 8784, 13389, 999, 0, 0, 19, 16, 28, 71, 182, 251, 357, 402, 588, 49, 0, 0
16:54:50, 1132.90, 32.41, 34.75, 31.492, 312, 374, 713, 1579, 3379, 4085, 5580, 7716, 9949, 721, 0, 0, 18, 15, 26, 65, 174, 242, 346, 390, 574, 47, 0, 0
16:54:51, 1138.50, 32.40, 34.77, 31.492, 321, 359, 704, 1627, 3335, 4309, 5660, 7572, 10511, 808, 0, 0, 17, 14, 24, 61, 166, 232, 333, 377, 555, 45, 0, 0
16:54:52, 1140.80, 32.40, 34.77, 31.492, 272, 304, 578, 1386, 3289, 4306, 5745, 7638, 10301, 780, 0, 0, 16, 14, 22, 55, 155, 219, 317, 360, 516, 43, 0, 0
16:54:52, 1143.00, 32.40, 34.71, 31.477, 226, 251, 453, 1026, 2386, 2952, 4126, 5268, 6563, 448, 0, 0, 16, 14, 22, 54, 154, 218, 315, 359, 521, 43, 0, 0
16:54:53, 1150.40, 32.39, 34.75, 31.477, 222, 258, 447, 1138, 2551, 3411, 4457, 6027, 10771, 754, 0, 0, 14, 12, 19, 47, 132, 189, 278, 318, 448, 38, 0, 0
16:54:54, 1152.80, 32.39, 34.75, 31.469, 192, 208, 377, 899, 2454, 3254, 4415, 6089, 8006, 614, 0, 0, 13, 11, 17, 43, 126, 183, 270, 307, 423, 36, 0, 0
16:54:54, 1153.00, 32.39, 34.77, 31.461, 213, 238, 415, 942, 2167, 2830, 3950, 5257, 6866, 505, 0, 0, 13, 11, 17, 43, 127, 184, 272, 310, 418, 36, 0, 0
16:54:55, 1153.70, 32.39, 34.77, 31.461, 223, 236, 427, 1001, 2245, 2906, 4344, 5225, 6742, 455, 0, 0, 13, 11, 16, 40, 120, 175, 259, 297, 398, 34, 0, 0
16:54:56, 1155.80, 32.39, 34.73, 31.461, 180, 192, 334, 808, 2294, 2958, 4690, 5476, 5963, 383, 0, 0, 13, 11, 16, 41, 119, 174, 256, 294, 410, 34, 0, 0
16:54:56, 1166.10, 32.38, 34.75, 31.469, 109, 135, 207, 506, 1335, 1827, 2841, 3843, 6938, 573, 0, 0, 11, 9, 14, 34, 98, 144, 217, 250, 328, 28, 0, 0
16:54:57, 1167.60, 32.38, 34.77, 31.469, 144, 149, 238, 558, 1472, 1902, 2829, 3818, 4130, 272, 0, 0, 11, 9, 13, 31, 96, 142, 214, 246, 323, 27, 0, 0
16:54:58, 1170.00, 32.38, 34.75, 31.469, 133, 138, 223, 535, 1391, 1824, 2668, 3550, 4046, 273, 0, 0, 10, 8, 12, 30, 94, 139, 211, 242, 323, 27, 0, 0
16:54:58, 1175.70, 32.38, 34.78, 31.477, 147, 154, 250, 602, 1627, 2188, 3237, 4058, 5212, 363, 0, 0, 10, 8, 12, 28, 90, 134, 202, 234, 325, 26, 0, 0
16:54:59, 1179.70, 32.38, 34.75, 31.477, 128, 135, 209, 556, 1364, 1914, 2750, 3565, 5604, 388, 0, 0, 9, 7, 10, 24, 77, 117, 180, 208, 274, 23, 0, 0
16:55:00, 1181.00, 32.38, 34.71, 31.477, 116, 119, 179, 422, 1226, 1640, 2469, 3461, 3842, 263, 0, 0, 9, 7, 10, 24, 76, 116, 178, 206, 277, 23, 0, 0
16:55:00, 1182.20, 32.37, 34.75, 31.469, 124, 126, 199, 495, 1285, 1814, 2637, 3411, 4810, 343, 0, 0, 8, 7, 10, 23, 75, 113, 174, 202, 270, 22, 0, 0
16:55:01, 1185.30, 32.37, 34.75, 31.469, 109, 111, 175, 429, 1341, 1852, 2754, 3698, 4414, 325, 0, 0, 8, 7, 9, 22, 72, 110, 170, 198, 268, 22, 0, 0
16:55:02, 1189.40, 32.37, 34.75, 31.461, 110, 112, 174, 434, 1180, 1682, 2473, 3226, 4604, 323, 0, 0, 7, 6, 8, 20, 65, 100, 156, 183, 238, 20, 0, 0
16:55:02, 1192.60, 32.37, 34.77, 31.461, 111, 116, 169, 391, 1008, 1402, 2121, 2777, 3316, 234, 0, 0, 7, 6, 8, 19, 62, 96, 149, 175, 228, 19, 0, 0
16:55:03, 1193.30, 32.36, 34.75, 31.461, 91, 92, 136, 326, 847, 1178, 1794, 2342, 2585, 178, 0, 0, 7, 6, 8, 18, 61, 95, 148, 174, 216, 18, 0, 0
16:55:04, 1196.10, 32.36, 34.78, 31.461, 90, 90, 136, 336, 942, 1341, 2130, 2577, 3045, 202, 0, 0, 6, 5, 7, 17, 56, 88, 139, 163, 206, 17, 0, 0
16:55:04, 1200.20, 32.36, 34.78, 31.461, 93, 93, 137, 331, 870, 1279, 1879, 2568, 3615, 263, 0, 0, 6, 5, 7, 16, 53, 84, 132, 155, 202, 17, 0, 0
16:55:05, 1202.40, 32.36, 34.78, 31.461, 84, 87, 124, 287, 803, 1151, 1730, 2320, 2934, 214, 0, 0, 6, 5, 6, 15, 51, 80, 128, 151, 194, 16, 0, 0
16:55:06, 1203.60, 32.36, 34.77, 31.461, 74, 74, 97, 225, 611, 893, 1361, 1878, 2258, 150, 0, 0, 6, 5, 7, 15, 50, 79, 126, 149, 189, 15, 0, 0
16:55:06, 1201.80, 32.35, 34.80, 31.469, 72, 73, 102, 239, 664, 942, 1438, 1935, 2127, 145, 0, 0, 6, 4, 6, 15, 51, 81, 129, 152, 182, 15, 0, 0
16:55:07, 1200.60, 32.36, 34.75, 31.469, 77, 75, 99, 230, 733, 1048, 1706, 2180, 1671, 116, 0, 0, 6, 5, 6, 15, 51, 81, 128, 151, 181, 15, 0, 0
16:55:08, 1202.60, 32.35, 34.73, 31.461, 76, 75, 103, 251, 808, 1155, 1980, 2358, 1909, 131, 0, 0, 6, 5, 6, 15, 50, 79, 125, 148, 191, 16, 0, 0
16:55:08, 1205.40, 32.35, 34.75, 31.469, 73, 73, 101, 236, 729, 1030, 1618, 2249, 2465, 173, 0, 0, 5, 4, 6, 14, 48, 77, 122, 145, 187, 15, 0, 0
16:55:09, 1207.30, 32.35, 34.77, 31.469, 66, 65, 86, 202, 632, 911, 1412, 1975, 2291, 160, 0, 0, 5, 4, 6, 13, 46, 74, 118, 140, 177, 14, 0, 0
16:55:10, 1207.50, 32.35, 34.75, 31.461, 66, 62, 82, 186, 588, 846, 1315, 1852, 1498, 102, 0, 0, 5, 4, 6, 13, 45, 72, 116, 137, 165, 14, 0, 0
16:55:10, 1207.50, 32.35, 34.75, 31.469, 72, 73, 97, 230, 613, 887, 1458, 1846, 1354, 95, 0, 0, 5, 4, 6, 13, 46, 73, 117, 138, 161, 13, 0, 0
16:55:11, 1209.10, 32.35, 34.78, 31.469, 72, 72, 97, 223, 616, 886, 1408, 1881, 1595, 108, 0, 0, 5, 4, 6, 13, 45, 71, 115, 136, 166, 14, 0, 0
16:55:12, 1210.80, 32.35, 34.77, 31.461, 66, 60, 78, 174, 498, 743, 1131, 1526, 1711, 115, 0, 0, 5, 4, 6, 13, 44, 70, 113, 134, 169, 14, 0, 0
16:55:12, 1211.90, 32.34, 34.78, 31.469, 71, 70, 99, 235, 703, 1028, 1613, 2077, 2532, 180, 0, 0, 5, 4, 5, 12, 42, 68, 110, 131, 162, 13, 0, 0
16:55:13, 1212.60, 32.34, 34.75, 31.469, 67, 67, 93, 218, 680, 980, 1586, 2032, 2173, 152, 0, 0, 5, 4, 5, 12, 41, 66, 108, 128, 161, 13, 0, 0
16:55:14, 1212.00, 32.34, 34.77, 31.461, 65, 64, 87, 196, 596, 854, 1382, 1853, 1733, 118, 0, 0, 5, 4, 5, 11, 41, 66, 107, 128, 156, 13, 0, 0
16:55:14, 1209.50, 32.34, 34.75, 31.469, 65, 66, 88, 199, 593, 858, 1337, 1803, 1992, 141, 0, 0, 5, 4, 5, 12, 43, 69, 112, 133, 170, 14, 0, 0
16:55:15, 1207.40, 32.34, 34.77, 31.469, 66, 65, 88, 201, 646, 930, 1517, 1978, 1823, 125, 0, 0, 5, 4, 6, 12, 44, 70, 114, 135, 166, 14, 0, 0
16:55:16, 1202.70, 32.34, 34.77, 31.469, 63, 60, 80, 180, 592, 860, 1421, 1831, 1279, 91, 0, 0, 5, 4, 6, 13, 49, 78, 126, 149, 170, 14, 0, 0
16:55:16, 1201.00, 32.34, 34.77, 31.469, 71, 65, 85, 184, 569, 829, 1327, 1824, 1118, 81, 0, 0, 6, 5, 6, 15, 51, 81, 131, 155, 177, 15, 0, 0
16:55:17, 1205.10, 32.34, 34.75, 31.469, 70, 48, 73, 140, 453, 711, 1010, 1447, 1109, 79, 0, 0, 6, 5, 6, 14, 47, 75, 122, 145, 183, 15, 0, 0
16:55:18, 1207.50, 32.34, 34.77, 31.453, 73, 73, 103, 253, 771, 1151, 1792, 2243, 3191, 217, 0, 0, 5, 4, 6, 13, 44, 71, 115, 139, 177, 14, 0, 0
16:55:18, 1207.10, 32.33, 34.78, 31.461, 69, 69, 98, 239, 696, 1029, 1600, 2062, 2800, 197, 0, 0, 5, 4, 5, 12, 43, 69, 113, 136, 168, 14, 0, 0
16:55:19, 1206.90, 32.33, 34.75, 31.461, 63, 61, 80, 179, 626, 896, 1443, 1920, 2004, 139, 0, 0, 5, 4, 5, 12, 44, 70, 115, 137, 160, 13, 0, 0
16:55:20, 1209.00, 32.33, 34.78, 31.453, 61, 52, 69, 146, 553, 808, 1333, 1722, 1292, 91, 0, 0, 5, 4, 5, 12, 41, 66, 108, 130, 158, 13, 0, 0
16:55:20, 1210.20, 32.33, 34.75, 31.461, 61, 55, 70, 151, 487, 716, 1136, 1595, 1093, 78, 0, 0, 5, 4, 5, 12, 42, 68, 112, 134, 156, 13, 0, 0
16:55:21, 1213.60, 32.33, 34.75, 31.461, 58, 54, 70, 155, 510, 735, 1182, 1621, 1569, 105, 0, 0, 4, 4, 5, 11, 39, 63, 104, 125, 154, 13, 0, 0
16:55:22, 1214.20, 32.33, 34.75, 31.453, 59, 57, 72, 156, 480, 705, 1141, 1588, 1198, 83, 0, 0, 4, 4, 5, 11, 40, 66, 109, 130, 144, 12, 0, 0
16:55:22, 1217.00, 32.33, 34.73, 31.461, 46, 35, 50, 95, 295, 448, 652, 932, 597, 46, 0, 0, 5, 4, 5, 11, 39, 64, 105, 126, 137, 11, 0, 0
16:55:23, 1221.50, 32.32, 34.75, 31.461, 52, 51, 66, 147, 415, 617, 983, 1325, 1124, 78, 0, 0, 4, 3, 4, 10, 35, 57, 95, 115, 138, 11, 0, 0
16:55:24, 1224.80, 32.32, 34.78, 31.453, 49, 50, 63, 142, 432, 649, 1031, 1413, 1727, 126, 0, 0, 4, 3, 4, 9, 33, 55, 92, 111, 134, 11, 0, 0
16:55:24, 1223.80, 32.32, 34.73, 31.453, 49, 49, 63, 136, 438, 645, 1061, 1446, 1299, 89, 0, 0, 4, 3, 4, 9, 33, 55, 92, 111, 125, 10, 0, 0
16:55:25, 1220.90, 32.32, 34.75, 31.453, 45, 43, 55, 117, 373, 579, 941, 1270, 799, 58, 0, 0, 4, 3, 4, 9, 36, 59, 98, 118, 127, 11, 0, 0
16:55:26, 1224.00, 32.32, 34.73, 31.461, 48, 48, 61, 135, 457, 679, 1152, 1510, 1204, 83, 0, 0, 4, 3, 4, 9, 33, 54, 91, 110, 133, 11, 0, 0
16:55:26, 1225.30, 32.32, 34.73, 31.461, 51, 53, 69, 154, 485, 739, 1161, 1579, 1994, 148, 0, 0, 4, 3, 4, 9, 33, 54, 91, 111, 136, 11, 0, 0
16:55:27, 1224.60, 32.32, 34.75, 31.461, 51, 52, 67, 152, 493, 742, 1192, 1584, 1833, 132, 0, 0, 4, 3, 4, 9, 32, 54, 90, 110, 131, 11, 0, 0
16:55:28, 1222.00, 32.32, 34.75, 31.453, 49, 47, 60, 132, 445, 667, 1136, 1523, 1071, 75, 0, 0, 4, 3, 4, 9, 34, 57, 95, 115, 129, 11, 0, 0
16:55:28, 1225.00, 32.32, 34.75, 31.461, 53, 52, 68, 158, 537, 798, 1413, 1673, 1930, 133, 0, 0, 4, 3, 4, 9, 32, 53, 90, 110, 132, 11, 0, 0
16:55:29, 1226.60, 32.31, 34.77, 31.461, 50, 50, 63, 136, 414, 618, 989, 1366, 1501, 105, 0, 0, 4, 3, 4, 9, 33, 54, 92, 112, 135, 11, 0, 0
16:55:30, 1224.50, 32.31, 34.73, 31.461, 48, 49, 61, 133, 384, 586, 942, 1319, 1501, 102, 0, 0, 4, 3, 4, 9, 35, 58, 98, 119, 141, 12, 0, 0
16:55:30, 1219.60, 32.31, 34.75, 31.453, 47, 37, 47, 99, 278, 460, 653, 940, 723, 53, 0, 0, 5, 4, 5, 10, 39, 64, 106, 128, 140, 12, 0, 0
16:55:31, 1223.60, 32.31, 34.75, 31.453, 53, 49, 62, 132, 506, 745, 1260, 1588, 1462, 100, 0, 0, 4, 3, 4, 10, 35, 57, 97, 118, 146, 12, 0, 0
16:55:32, 1223.90, 32.31, 34.73, 31.453, 54, 55, 71, 178, 533, 823, 1274, 1637, 2637, 182, 0, 0, 4, 3, 5, 10, 35, 58, 98, 120, 150, 12, 0, 0
16:55:32, 1221.00, 32.31, 34.78, 31.461, 43, 43, 51, 121, 269, 435, 692, 842, 1217, 85, 0, 0, 5, 4, 5, 11, 40, 66, 110, 133, 159, 13, 0, 0
16:55:33, 1217.80, 32.31, 34.75, 31.461, 43, 31, 41, 89, 270, 448, 633, 874, 751, 55, 0, 0, 5, 4, 5, 11, 41, 67, 112, 135, 151, 13, 0, 0
16:55:34, 1219.60, 32.31, 34.73, 31.461, 54, 52, 67, 148, 554, 811, 1379, 1708, 1672, 114, 0, 0, 4, 3, 5, 10, 37, 62, 104, 127, 155, 13, 0, 0
16:55:34, 1220.20, 32.31, 34.73, 31.461, 58, 58, 78, 182, 522, 780, 1213, 1618, 2132, 155, 0, 0, 4, 4, 5, 10, 38, 62, 105, 128, 158, 13, 0, 0
16:55:35, 1219.80, 32.31, 34.75, 31.461, 51, 53, 67, 155, 464, 697, 1099, 1485, 1933, 141, 0, 0, 5, 4, 5, 11, 39, 65, 109, 134, 162, 13, 0, 0
16:55:36, 1215.70, 32.31, 34.73, 31.453, 39, 30, 38, 88, 257, 432, 623, 825, 825, 59, 0, 0, 5, 4, 5, 12, 41, 67, 113, 138, 158, 13, 0, 0
16:55:36, 1215.10, 32.31, 34.77, 31.453, 57, 55, 72, 158, 555, 815, 1365, 1682, 1668, 114, 0, 0, 5, 4, 5, 11, 39, 65, 109, 135, 160, 13, 0, 0
16:55:37, 1214.20, 32.31, 34.73, 31.453, 60, 60, 82, 189, 518, 772, 1193, 1613, 2149, 159, 0, 0, 5, 4, 5, 11, 41, 68, 114, 140, 170, 14, 0, 0
16:55:38, 1214.90, 32.30, 34.77, 31.453, 45, 34, 43, 105, 252, 425, 614, 780, 874, 62, 0, 0, 5, 4, 6, 12, 43, 71, 120, 146, 163, 14, 0, 0
16:55:38, 1210.10, 32.30, 34.75, 31.453, 42, 27, 40, 75, 232, 367, 506, 713, 500, 40, 0, 0, 6, 5, 6, 14, 49, 79, 133, 160, 169, 15, 0, 0
16:55:39, 1215.30, 32.30, 34.73, 31.453, 51, 40, 55, 108, 475, 704, 1143, 1537, 1020, 73, 0, 0, 5, 4, 5, 11, 41, 68, 117, 145, 176, 14, 0, 0
16:55:40, 1215.90, 32.30, 34.77, 31.453, 61, 62, 84, 204, 597, 907, 1387, 1815, 2710, 193, 0, 0, 5, 4, 6, 12, 42, 69, 117, 146, 178, 14, 0, 0
16:55:40, 1215.10, 32.30, 34.75, 31.453, 52, 53, 67, 151, 379, 586, 920, 1247, 1519, 105, 0, 0, 5, 4, 6, 12, 45, 74, 127, 155, 176, 15, 0, 0
16:55:41, 1210.60, 32.30, 34.78, 31.453, 38, 25, 35, 68, 195, 323, 439, 613, 488, 39, 0, 0, 6, 5, 7, 14, 50, 81, 137, 167, 179, 15, 0, 0
16:55:42, 1215.20, 32.30, 34.77, 31.453, 49, 33, 46, 93, 409, 630, 971, 1362, 1132, 78, 0, 0, 5, 4, 6, 12, 40, 67, 116, 145, 173, 14, 0, 0
16:55:42, 1213.90, 32.30, 34.75, 31.453, 62, 62, 83, 204, 619, 946, 1468, 1920, 2944, 203, 0, 0, 5, 4, 5, 11, 40, 66, 114, 143, 170, 14, 0, 0
16:55:43, 1209.70, 32.30, 34.77, 31.461, 61, 62, 82, 184, 595, 866, 1403, 1926, 2035, 146, 0, 0, 5, 4, 6, 12, 43, 71, 121, 150, 174, 15, 0, 0
16:55:44, 1203.60, 32.30, 34.75, 31.461, 57, 50, 66, 139, 419, 628, 941, 1345, 871, 64, 0, 0, 6, 5, 6, 14, 51, 83, 138, 169, 181, 16, 0, 0
16:55:44, 1205.70, 32.30, 34.77, 31.461, 59, 50, 67, 138, 497, 772, 1188, 1593, 938, 70, 0, 0, 6, 5, 6, 14, 47, 77, 130, 161, 185, 16, 0, 0
16:55:45, 1209.00, 32.30, 34.77, 31.461, 61, 60, 82, 185, 552, 800, 1255, 1685, 1919, 132, 0, 0, 6, 5, 6, 13, 47, 76, 130, 162, 195, 16, 0, 0
16:55:46, 1209.70, 32.30, 34.77, 31.453, 58, 58, 76, 174, 554, 807, 1262, 1705, 2059, 146, 0, 0, 6, 5, 6, 13, 45, 75, 129, 163, 190, 16, 0, 0
16:55:46, 1208.80, 32.30, 34.75, 31.453, 61, 55, 69, 146, 393, 592, 879, 1266, 823, 61, 0, 0, 6, 5, 7, 14, 50, 82, 141, 176, 191, 17, 0, 0
16:55:47, 1207.20, 32.29, 34.75, 31.461, 49, 40, 56, 111, 362, 537, 837, 1097, 686, 52, 0, 0, 7, 6, 7, 15, 52, 85, 148, 185, 202, 18, 0, 0
16:55:48, 1212.60, 32.29, 34.73, 31.453, 59, 42, 61, 119, 334, 542, 756, 1061, 882, 63, 0, 0, 7, 6, 7, 14, 51, 87, 157, 204, 233, 19, 0, 0
16:55:48, 1217.10, 32.29, 34.73, 31.453, 69, 69, 93, 225, 694, 1066, 1676, 2134, 3232, 212, 0, 0, 7, 6, 7, 13, 47, 81, 149, 195, 215, 18, 0, 0
16:55:49, 1218.60, 32.29, 34.75, 31.453, 61, 62, 82, 178, 526, 761, 1245, 1732, 1605, 109, 0, 0, 6, 5, 6, 12, 44, 76, 140, 182, 191, 16, 0, 0
16:55:50, 1217.00, 32.29, 34.73, 31.461, 51, 41, 55, 109, 339, 529, 773, 1167, 709, 53, 0, 0, 6, 5, 6, 12, 44, 75, 136, 174, 179, 15, 0, 0
16:55:50, 1220.20, 32.29, 34.77, 31.461, 50, 44, 57, 114, 384, 577, 926, 1289, 852, 62, 0, 0, 5, 5, 6, 11, 40, 68, 124, 161, 181, 15, 0, 0
16:55:51, 1224.10, 32.29, 34.75, 31.461, 51, 52, 67, 154, 460, 698, 1097, 1482, 1929, 142, 0, 0, 6, 5, 6, 11, 43, 75, 141, 187, 211, 18, 0, 0
16:55:52, 1227.10, 32.29, 34.73, 31.469, 48, 48, 62, 140, 435, 657, 1060, 1399, 1683, 121, 0, 0, 6, 5, 7, 11, 42, 75, 144, 194, 203, 17, 0, 0
16:55:52, 1225.00, 32.29, 34.77, 31.469, 46, 46, 58, 125, 408, 620, 1036, 1339, 1128, 79, 0, 0, 5, 4, 6, 10, 38, 66, 123, 161, 161, 13, 0, 0
16:55:53, 1225.30, 32.29, 34.75, 31.461, 45, 45, 56, 128, 399, 620, 1041, 1296, 910, 66, 0, 0, 5, 4, 5, 10, 35, 61, 111, 143, 149, 12, 0, 0
16:55:54, 1229.50, 32.29, 34.73, 31.461, 43, 41, 51, 109, 360, 543, 877, 1215, 1360, 96, 0, 0, 4, 3, 4, 9, 31, 54, 96, 122, 136, 11, 0, 0
16:55:54, 1230.40, 32.29, 34.77, 31.461, 45, 45, 55, 118, 392, 583, 977, 1355, 1294, 89, 0, 0, 3, 3, 4, 8, 29, 49, 87, 109, 117, 10, 0, 0
16:55:55, 1225.20, 32.29, 34.77, 31.453, 41, 37, 46, 96, 304, 468, 751, 1036, 661, 49, 0, 0, 4, 3, 4, 8, 31, 53, 90, 111, 117, 10, 0, 0
16:55:56, 1223.20, 32.29, 34.75, 31.461, 40, 38, 47, 99, 310, 488, 778, 1059, 636, 48, 0, 0, 4, 3, 4, 9, 33, 55, 94, 114, 123, 10, 0, 0
16:55:56, 1225.80, 32.28, 34.73, 31.461, 47, 44, 55, 114, 360, 548, 893, 1244, 1276, 84, 0, 0, 3, 3, 4, 8, 31, 51, 87, 106, 126, 10, 0, 0
16:55:57, 1225.70, 32.28, 34.75, 31.453, 39, 31, 39, 82, 298, 471, 731, 1034, 880, 61, 0, 0, 3, 3, 4, 8, 29, 50, 84, 103, 117, 10, 0, 0
16:55:58, 1222.30, 32.28, 34.75, 31.453, 39, 34, 43, 88, 279, 428, 668, 928, 655, 48, 0, 0, 4, 3, 4, 9, 32, 52, 89, 108, 118, 10, 0, 0
16:55:58, 1218.70, 32.28, 34.75, 31.453, 43, 35, 45, 89, 261, 424, 627, 895, 701, 50, 0, 0, 4, 3, 5, 10, 36, 60, 102, 123, 137, 11, 0, 0
16:55:59, 1224.00, 32.28, 34.78, 31.453, 41, 29, 39, 81, 384, 585, 948, 1330, 1281, 86, 0, 0, 4, 3, 4, 9, 31, 52, 89, 109, 134, 11, 0, 0
16:55:0, 1224.40, 32.28, 34.78, 31.453, 48, 48, 63, 146, 429, 648, 1036, 1417, 1683, 122, 0, 0, 3, 3, 4, 9, 31, 52, 89, 108, 129, 10, 0, 0
16:56:00, 1225.30, 32.28, 34.73, 31.453, 44, 39, 49, 102, 274, 435, 659, 935, 737, 52, 0, 0, 4, 3, 4, 9, 33, 54, 92, 112, 118, 10, 0, 0
16:56:01, 1224.70, 32.28, 34.73, 31.445, 40, 34, 43, 85, 271, 425, 680, 910, 580, 43, 0, 0, 4, 3, 4, 9, 32, 54, 91, 111, 116, 10, 0, 0
16:56:01, 1223.20, 32.28, 34.75, 31.461, 38, 34, 43, 87, 270, 418, 655, 903, 609, 45, 0, 0, 4, 3, 4, 9, 33, 55, 92, 112, 127, 10, 0, 0
16:56:02, 1227.40, 32.28, 34.73, 31.461, 43, 42, 49, 109, 375, 575, 935, 1309, 1728, 130, 0, 0, 3, 3, 4, 8, 29, 49, 83, 102, 126, 10, 0, 0
16:56:03, 1227.30, 32.28, 34.75, 31.453, 54, 53, 68, 165, 526, 815, 1355, 1742, 2366, 159, 0, 0, 3, 3, 4, 8, 28, 48, 81, 100, 119, 10, 0, 0
16:56:03, 1225.40, 32.28, 34.75, 31.461, 42, 39, 48, 101, 302, 466, 735, 1042, 733, 53, 0, 0, 4, 3, 4, 8, 31, 52, 89, 108, 116, 10, 0, 0
16:56:04, 1220.40, 32.28, 34.77, 31.461, 36, 31, 40, 78, 228, 351, 551, 734, 486, 37, 0, 0, 4, 3, 5, 10, 37, 61, 103, 125, 127, 10, 0, 0
16:56:05, 1220.20, 32.28, 34.75, 31.461, 42, 28, 42, 71, 232, 378, 527, 775, 524, 41, 0, 0, 4, 3, 5, 10, 35, 57, 97, 117, 133, 11, 0, 0
16:56:05, 1222.50, 32.28, 34.71, 31.461, 45, 43, 52, 116, 404, 614, 993, 1381, 1638, 115, 0, 0, 4, 3, 4, 9, 32, 54, 92, 112, 134, 11, 0, 0
16:56:06, 1221.00, 32.28, 34.77, 31.461, 46, 38, 48, 99, 289, 470, 718, 1001, 884, 61, 0, 0, 4, 3, 4, 9, 35, 58, 99, 120, 132, 11, 0, 0
16:56:07, 1217.30, 32.28, 34.77, 31.469, 36, 23, 32, 60, 186, 305, 422, 604, 438, 35, 0, 0, 5, 4, 5, 11, 40, 66, 111, 134, 140, 12, 0, 0
16:56:07, 1218.80, 32.28, 34.73, 31.477, 32, 22, 31, 57, 187, 308, 425, 595, 458, 36, 0, 0, 5, 4, 5, 11, 38, 63, 105, 128, 142, 12, 0, 0
16:56:08, 1223.20, 32.27, 34.73, 31.477, 46, 41, 51, 110, 419, 627, 1017, 1399, 1509, 104, 0, 0, 4, 3, 4, 9, 32, 52, 90, 110, 131, 11, 0, 0
16:56:09, 1223.10, 32.28, 34.77, 31.469, 44, 40, 50, 107, 298, 466, 704, 989, 786, 56, 0, 0, 4, 3, 4, 9, 32, 54, 92, 114, 125, 10, 0, 0
16:56:01, 1217.80, 32.27, 34.75, 31.477, 34, 26, 36, 66, 249, 374, 598, 805, 502, 39, 0, 0, 4, 4, 5, 10, 39, 64, 108, 132, 136, 11, 0, 0
16:56:10, 1215.80, 32.27, 34.75, 31.477, 37, 25, 37, 63, 167, 261, 378, 514, 375, 31, 0, 0, 5, 4, 6, 12, 43, 70, 118, 144, 154, 13, 0, 0
16:56:11, 1221.20, 32.27, 34.75, 31.469, 45, 38, 50, 105, 450, 671, 1086, 1454, 1619, 113, 0, 0, 4, 3, 4, 9, 33, 56, 96, 119, 144, 11, 0, 0
16:56:12, 1220.00, 32.27, 34.73, 31.461, 50, 49, 62, 136, 353, 556, 880, 1238, 1136, 76, 0, 0, 4, 3, 5, 10, 35, 58, 100, 124, 140, 12, 0, 0
16:56:12, 1215.50, 32.27, 34.77, 31.461, 33, 23, 32, 63, 201, 326, 458, 651, 489, 38, 0, 0, 5, 4, 5, 11, 41, 67, 114, 140, 144, 12, 0, 0
16:56:13, 1216.70, 32.27, 34.75, 31.461, 35, 25, 37, 64, 226, 345, 519, 706, 461, 37, 0, 0, 5, 4, 5, 11, 37, 61, 105, 130, 142, 12, 0, 0
16:56:14, 1220.20, 32.27, 34.77, 31.461, 53, 54, 66, 138, 483, 716, 1171, 1706, 1927, 140, 0, 0, 4, 3, 5, 10, 35, 59, 103, 128, 152, 12, 0, 0
16:56:14, 1215.20, 32.27, 34.73, 31.461, 48, 47, 57, 126, 336, 531, 833, 1150, 1223, 83, 0, 0, 5, 4, 5, 10, 39, 65, 112, 138, 153, 13, 0, 0
16:56:15, 1213.60, 32.27, 34.77, 31.445, 48, 34, 48, 87, 290, 465, 642, 1016, 582, 46, 0, 0, 5, 4, 6, 11, 39, 64, 111, 138, 154, 13, 0, 0
16:56:16, 1215.20, 32.27, 34.73, 31.453, 54, 53, 71, 165, 547, 827, 1288, 1679, 2266, 162, 0, 0, 5, 4, 5, 11, 39, 66, 115, 145, 175, 14, 0, 0
16:56:16, 1214.00, 32.27, 34.73, 31.453, 62, 61, 84, 201, 542, 821, 1273, 1668, 2278, 165, 0, 0, 5, 4, 5, 11, 41, 68, 118, 147, 173, 14, 0, 0
16:56:17, 1220.10, 32.27, 34.73, 31.445, 15, 12, 15, 31, 90, 149, 214, 280, 248, 21, 0, 0, 6, 5, 7, 14, 48, 79, 136, 167, 169, 15, 0, 0
16:56:18, 1232.20, 32.27, 34.75, 31.453, 25, 17, 23, 42, 198, 319, 470, 674, 446, 35, 0, 0, 4, 3, 4, 9, 31, 54, 100, 131, 144, 12, 0, 0
16:56:18, 1236.70, 32.26, 34.78, 31.453, 39, 37, 45, 94, 258, 411, 670, 918, 989, 67, 0, 0, 4, 3, 5, 8, 31, 55, 105, 139, 147, 12, 0, 0
16:56:19, 1234.10, 32.26, 34.73, 31.461, 24, 17, 21, 42, 145, 249, 358, 509, 412, 31, 0, 0, 4, 3, 4, 8, 31, 53, 99, 128, 126, 10, 0, 0
16:56:20, 1236.50, 32.26, 34.73, 31.469, 27, 18, 25, 44, 164, 273, 396, 579, 400, 31, 0, 0, 3, 3, 4, 7, 25, 43, 79, 100, 109, 9, 0, 0
16:56:20, 1242.40, 32.26, 34.77, 31.469, 34, 32, 39, 81, 285, 442, 732, 1030, 1132, 80, 0, 0, 3, 2, 3, 6, 24, 41, 71, 89, 107, 8, 0, 0
16:56:21, 1228.60, 32.26, 34.71, 31.453, 38, 38, 47, 110, 203, 335, 534, 739, 735, 51, 0, 0, 4, 4, 5, 9, 40, 67, 117, 143, 150, 13, 0, 0
16:56:22, 1236.60, 32.26, 34.75, 31.453, 7, 5, 6, 12, 38, 64, 96, 126, 107, 9, 0, 0, 6, 5, 6, 12, 36, 60, 105, 128, 123, 10, 0, 0
16:56:22, 1243.60, 32.26, 34.73, 31.453, 17, 12, 16, 27, 79, 135, 198, 276, 220, 18, 0, 0, 4, 3, 4, 8, 29, 49, 88, 107, 112, 9, 0, 0
16:56:23, 1250.40, 32.26, 34.73, 31.453, 14, 10, 12, 23, 68, 121, 181, 247, 234, 19, 0, 0, 3, 3, 3, 7, 24, 42, 75, 92, 97, 8, 0, 0
16:56:24, 1255.20, 32.26, 34.73, 31.453, 15, 11, 13, 24, 75, 132, 198, 277, 234, 18, 0, 0, 3, 2, 3, 5, 21, 36, 65, 80, 83, 7, 0, 0
16:56:24, 1258.30, 32.26, 34.73, 31.453, 14, 10, 13, 22, 69, 124, 189, 257, 246, 19, 0, 0, 2, 2, 3, 5, 19, 34, 61, 75, 82, 7, 0, 0
16:56:25, 1260.00, 32.25, 34.75, 31.453, 15, 12, 14, 26, 78, 141, 216, 298, 279, 22, 0, 0, 2, 2, 2, 4, 18, 31, 56, 69, 73, 6, 0, 0
16:56:26, 1258.10, 32.25, 34.75, 31.453, 16, 11, 14, 23, 75, 132, 199, 284, 218, 17, 0, 0, 2, 2, 2, 5, 19, 34, 61, 75, 75, 6, 0, 0
16:56:26, 1257.10, 32.25, 34.75, 31.453, 15, 11, 14, 23, 89, 158, 240, 341, 273, 21, 0, 0, 2, 2, 2, 5, 19, 34, 61, 75, 81, 7, 0, 0
16:56:27, 1259.70, 32.25, 34.73, 31.453, 13, 10, 11, 23, 68, 122, 193, 251, 290, 23, 0, 0, 2, 2, 2, 5, 18, 33, 59, 73, 83, 6, 0, 0
16:56:28, 1260.50, 32.25, 34.73, 31.461, 13, 11, 12, 24, 78, 139, 218, 292, 303, 23, 0, 0, 2, 2, 2, 4, 17, 31, 56, 69, 75, 6, 0, 0
16:56:28, 1261.00, 32.25, 34.71, 31.461, 15, 11, 14, 24, 82, 146, 222, 314, 264, 20, 0, 0, 2, 1, 2, 4, 17, 30, 53, 66, 70, 6, 0, 0
16:56:29, 1259.90, 32.25, 34.75, 31.453, 16, 12, 14, 28, 93, 166, 264, 352, 373, 27, 0, 0, 2, 1, 2, 4, 18, 32, 57, 70, 82, 6, 0, 0
16:56:30, 1260.50, 32.25, 34.78, 31.461, 14, 13, 14, 31, 113, 192, 331, 413, 583, 42, 0, 0, 2, 1, 2, 4, 16, 29, 52, 65, 75, 6, 0, 0
16:56:30, 1258.70, 32.25, 34.73, 31.461, 21, 18, 20, 41, 117, 205, 332, 450, 467, 33, 0, 0, 2, 2, 2, 4, 16, 29, 53, 66, 73, 6, 0, 0
16:56:31, 1252.40, 32.25, 34.73, 31.461, 18, 15, 18, 34, 102, 182, 282, 382, 382, 28, 0, 0, 2, 2, 2, 5, 18, 32, 57, 71, 79, 6, 0, 0
16:56:32, 1240.30, 32.25, 34.77, 31.461, 17, 12, 15, 28, 97, 170, 252, 346, 316, 25, 0, 0, 3, 2, 3, 7, 27, 46, 81, 99, 102, 9, 0, 0
16:56:32, 1228.80, 32.25, 34.73, 31.461, 24, 16, 21, 38, 131, 223, 318, 452, 355, 28, 0, 0, 4, 3, 4, 8, 33, 56, 96, 116, 125, 11, 0, 0
16:56:33, 1220.90, 32.25, 34.73, 31.461, 24, 17, 23, 40, 122, 194, 290, 397, 280, 23, 0, 0, 5, 4, 5, 11, 40, 67, 113, 136, 133, 11, 0, 0
16:56:34, 1214.80, 32.25, 34.73, 31.461, 16, 13, 17, 31, 95, 150, 223, 294, 219, 19, 0, 0, 7, 5, 7, 15, 52, 85, 143, 171, 170, 15, 0, 0
16:56:34, 1207.50, 32.25, 34.71, 31.461, 14, 11, 13, 28, 87, 144, 204, 267, 260, 22, 0, 0, 8, 6, 8, 18, 61, 99, 164, 195, 209, 18, 0, 0
16:56:35, 1204.40, 32.25, 34.73, 31.461, 22, 16, 22, 43, 141, 223, 315, 427, 334, 28, 0, 0, 7, 6, 8, 17, 62, 99, 164, 195, 196, 17, 0, 0
16:56:36, 1199.90, 32.25, 34.75, 31.461, 25, 18, 24, 47, 146, 237, 329, 442, 372, 32, 0, 0, 8, 7, 9, 20, 73, 115, 190, 224, 242, 22, 0, 0
16:56:36, 1196.20, 32.25, 34.73, 31.461, 13, 10, 13, 28, 82, 133, 187, 238, 245, 21, 0, 0, 12, 9, 13, 28, 88, 138, 226, 265, 268, 24, 0, 0
16:56:37, 1199.90, 32.25, 34.75, 31.453, 14, 11, 16, 30, 85, 130, 190, 244, 194, 17, 0, 0, 12, 9, 13, 28, 88, 137, 224, 263, 250, 22, 0, 0
16:56:38, 1204.90, 32.25, 34.73, 31.453, 14, 11, 14, 28, 84, 134, 187, 244, 218, 19, 0, 0, 10, 8, 11, 23, 74, 117, 192, 227, 247, 22, 0, 0
16:56:38, 1212.30, 32.25, 34.71, 31.453, 16, 12, 15, 33, 99, 163, 229, 298, 296, 24, 0, 0, 7, 5, 7, 16, 51, 83, 138, 164, 177, 15, 0, 0
16:56:39, 1212.30, 32.25, 34.71, 31.445, 26, 18, 24, 47, 143, 238, 327, 447, 382, 31, 0, 0, 6, 5, 7, 14, 52, 84, 139, 166, 181, 16, 0, 0
16:56:40, 1214.40, 32.25, 34.73, 31.461, 23, 17, 22, 44, 142, 238, 330, 447, 418, 34, 0, 0, 5, 4, 6, 13, 45, 73, 122, 146, 157, 13, 0, 0
16:56:40, 1216.10, 32.25, 34.71, 31.461, 35, 23, 31, 60, 183, 305, 423, 595, 475, 37, 0, 0, 5, 4, 5, 11, 40, 66, 111, 134, 151, 13, 0, 0
16:56:41, 1214.20, 32.25, 34.73, 31.461, 22, 17, 21, 46, 125, 209, 309, 392, 468, 37, 0, 0, 6, 5, 7, 14, 51, 82, 138, 165, 197, 17, 0, 0
16:56:42, 1216.00, 32.25, 34.73, 31.461, 22, 17, 20, 45, 123, 210, 303, 395, 424, 34, 0, 0, 6, 5, 6, 13, 47, 76, 128, 154, 171, 15, 0, 0
16:56:42, 1217.80, 32.25, 34.73, 31.461, 22, 16, 20, 42, 127, 212, 300, 406, 369, 30, 0, 0, 5, 4, 6, 12, 40, 66, 112, 136, 148, 13, 0, 0
16:56:43, 1215.50, 32.25, 34.75, 31.453, 30, 20, 27, 53, 154, 265, 377, 506, 491, 38, 0, 0, 5, 4, 6, 12, 44, 73, 123, 148, 171, 15, 0, 0
16:56:44, 1215.10, 32.25, 34.69, 31.461, 22, 17, 21, 48, 151, 256, 378, 483, 565, 43, 0, 0, 5, 4, 6, 12, 44, 72, 122, 147, 166, 14, 0, 0
16:56:44, 1214.20, 32.24, 34.73, 31.461, 36, 24, 33, 65, 186, 317, 440, 622, 520, 40, 0, 0, 5, 4, 6, 12, 43, 71, 120, 145, 159, 14, 0, 0
16:56:45, 1216.70, 32.24, 34.73, 31.453, 31, 23, 29, 62, 218, 371, 553, 722, 782, 56, 0, 0, 4, 3, 5, 10, 36, 59, 102, 125, 148, 12, 0, 0
16:56:46, 1212.30, 32.24, 34.75, 31.453, 31, 24, 30, 66, 154, 264, 386, 494, 575, 44, 0, 0, 6, 5, 6, 13, 50, 82, 138, 167, 184, 16, 0, 0
16:56:46, 1212.00, 32.24, 34.75, 31.445, 17, 13, 16, 32, 92, 149, 213, 287, 236, 20, 0, 0, 7, 6, 8, 16, 58, 93, 158, 189, 183, 16, 0, 0
16:56:47, 1217.40, 32.24, 34.73, 31.445, 26, 18, 24, 43, 152, 250, 354, 504, 363, 31, 0, 0, 5, 4, 6, 12, 41, 68, 117, 142, 148, 13, 0, 0
16:56:48, 1211.10, 32.24, 34.71, 31.445, 19, 14, 19, 36, 106, 177, 250, 337, 309, 25, 0, 0, 6, 5, 7, 14, 53, 87, 148, 178, 190, 17, 0, 0
16:56:48, 1212.70, 32.24, 34.69, 31.453, 17, 12, 16, 32, 128, 213, 299, 412, 348, 29, 0, 0, 5, 4, 6, 12, 43, 71, 121, 147, 157, 13, 0, 0
16:56:49, 1211.80, 32.24, 34.73, 31.453, 25, 18, 24, 47, 159, 268, 373, 515, 466, 37, 0, 0, 5, 4, 6, 12, 44, 71, 122, 149, 161, 14, 0, 0
16:56:50, 1208.30, 32.24, 34.75, 31.453, 40, 27, 36, 74, 173, 297, 427, 567, 581, 45, 0, 0, 6, 5, 7, 14, 52, 85, 143, 173, 202, 18, 0, 0
16:56:50, 1207.40, 32.24, 34.73, 31.453, 17, 14, 18, 37, 113, 190, 275, 355, 401, 33, 0, 0, 7, 5, 7, 15, 52, 85, 143, 174, 195, 17, 0, 0
16:56:51, 1209.20, 32.24, 34.73, 31.453, 31, 22, 29, 59, 212, 353, 496, 690, 590, 45, 0, 0, 5, 4, 6, 11, 39, 65, 111, 137, 155, 13, 0, 0
16:56:52, 1197.60, 32.24, 34.71, 31.453, 43, 31, 40, 90, 210, 359, 513, 666, 745, 57, 0, 0, 7, 6, 8, 17, 64, 103, 170, 205, 234, 21, 0, 0
16:56:52, 1198.10, 32.24, 34.75, 31.453, 20, 15, 21, 41, 139, 223, 308, 415, 361, 30, 0, 0, 8, 7, 9, 19, 63, 101, 169, 203, 210, 18, 0, 0
16:56:53, 1201.70, 32.24, 34.73, 31.445, 31, 22, 30, 59, 192, 314, 428, 594, 483, 40, 0, 0, 7, 5, 7, 15, 51, 83, 140, 171, 194, 17, 0, 0
16:56:54, 1198.80, 32.24, 34.71, 31.445, 46, 34, 44, 103, 255, 425, 628, 791, 953, 69, 0, 0, 7, 6, 8, 17, 61, 98, 163, 198, 237, 20, 0, 0
16:56:54, 1198.70, 32.24, 34.71, 31.461, 25, 20, 26, 56, 163, 271, 381, 494, 545, 44, 0, 0, 7, 6, 8, 17, 58, 93, 155, 189, 216, 19, 0, 0
16:56:55, 1199.60, 32.24, 34.71, 31.445, 49, 33, 44, 98, 330, 562, 797, 1094, 1001, 71, 0, 0, 6, 5, 7, 15, 50, 81, 136, 166, 190, 16, 0, 0
16:56:56, 1196.60, 32.24, 34.75, 31.445, 60, 55, 72, 164, 525, 778, 1217, 1667, 1878, 128, 0, 0, 6, 5, 7, 15, 55, 89, 149, 181, 219, 18, 0, 0
16:56:56, 1192.00, 32.24, 34.71, 31.453, 24, 20, 25, 58, 140, 228, 322, 407, 480, 39, 0, 0, 10, 8, 11, 25, 84, 132, 216, 257, 283, 25, 0, 0
16:56:57, 1198.90, 32.24, 34.73, 31.445, 28, 20, 29, 58, 166, 260, 361, 488, 397, 33, 0, 0, 9, 7, 9, 20, 62, 99, 165, 200, 209, 18, 0, 0
16:56:58, 1197.30, 32.24, 34.73, 31.445, 39, 25, 37, 68, 196, 321, 438, 609, 493, 40, 0, 0, 7, 6, 8, 17, 63, 100, 168, 203, 223, 20, 0, 0
16:56:58, 1200.60, 32.24, 34.73, 31.445, 22, 17, 23, 49, 145, 236, 333, 425, 483, 39, 0, 0, 8, 7, 9, 19, 59, 95, 159, 194, 225, 19, 0, 0
16:56:59, 1207.60, 32.23, 34.71, 31.445, 69, 49, 67, 138, 377, 641, 931, 1352, 1055, 74, 0, 0, 6, 5, 6, 13, 43, 71, 123, 154, 174, 15, 0, 0
16:57:00, 1205.90, 32.23, 34.65, 31.445, 53, 41, 55, 110, 267, 445, 615, 882, 716, 53, 0, 0, 6, 5, 6, 13, 47, 77, 133, 164, 183, 16, 0, 0
16:57:00, 1203.50, 32.23, 34.71, 31.445, 35, 23, 32, 65, 159, 268, 366, 494, 462, 38, 0, 0, 7, 6, 8, 17, 56, 90, 153, 186, 204, 18, 0, 0
16:57:01, 1208.40, 32.24, 34.73, 31.453, 38, 25, 35, 70, 228, 382, 518, 731, 602, 46, 0, 0, 6, 5, 7, 14, 48, 79, 137, 170, 192, 16, 0, 0
16:57:02, 1209.10, 32.23, 34.71, 31.453, 48, 38, 48, 109, 378, 587, 933, 1255, 1481, 100, 0, 0, 6, 5, 6, 12, 46, 76, 134, 169, 195, 16, 0, 0
16:57:02, 1204.60, 32.23, 34.69, 31.453, 33, 25, 32, 74, 195, 329, 464, 606, 652, 51, 0, 0, 7, 6, 8, 16, 54, 88, 151, 187, 212, 19, 0, 0
16:57:03, 1205.30, 32.23, 34.71, 31.453, 34, 23, 31, 64, 193, 318, 436, 599, 523, 41, 0, 0, 7, 5, 7, 15, 51, 84, 146, 181, 198, 17, 0, 0
16:57:04, 1206.40, 32.23, 34.73, 31.453, 59, 38, 52, 110, 394, 645, 999, 1384, 1378, 89, 0, 0, 6, 5, 6, 13, 45, 75, 129, 161, 187, 16, 0, 0
16:57:04, 1202.70, 32.23, 34.75, 31.453, 49, 40, 52, 120, 251, 420, 620, 784, 924, 66, 0, 0, 7, 6, 8, 16, 58, 93, 157, 193, 229, 20, 0, 0
16:57:05, 1202.90, 32.23, 34.73, 31.461, 27, 21, 26, 59, 142, 237, 340, 428, 505, 41, 0, 0, 7, 6, 8, 17, 57, 93, 157, 191, 217, 19, 0, 0
16:57:06, 1206.10, 32.23, 34.73, 31.461, 38, 25, 34, 72, 219, 366, 495, 689, 585, 45, 0, 0, 6, 5, 7, 14, 47, 77, 133, 165, 183, 16, 0, 0
16:57:06, 1202.20, 32.23, 34.69, 31.453, 62, 40, 57, 112, 317, 535, 757, 1073, 887, 64, 0, 0, 6, 5, 7, 14, 55, 90, 152, 186, 209, 18, 0, 0
16:57:07, 1201.00, 32.23, 34.71, 31.461, 34, 25, 33, 71, 197, 335, 465, 602, 666, 52, 0, 0, 7, 6, 8, 16, 57, 91, 153, 185, 209, 18, 0, 0
16:57:08, 1203.30, 32.23, 34.73, 31.461, 43, 30, 42, 88, 286, 465, 651, 903, 777, 57, 0, 0, 6, 5, 7, 14, 49, 79, 131, 159, 180, 15, 0, 0
16:57:08, 1201.60, 32.23, 34.69, 31.453, 54, 40, 51, 120, 306, 515, 761, 973, 1113, 77, 0, 0, 6, 5, 7, 14, 50, 80, 133, 160, 192, 16, 0, 0
16:57:09, 1198.90, 32.23, 34.71, 31.453, 37, 27, 36, 82, 230, 389, 535, 710, 723, 55, 0, 0, 7, 6, 7, 16, 54, 87, 143, 171, 196, 17, 0, 0
16:57:10, 1198.10, 32.23, 34.73, 31.453, 46, 29, 42, 81, 240, 400, 526, 751, 599, 48, 0, 0, 7, 6, 8, 17, 58, 92, 151, 181, 194, 17, 0, 0
16:57:10, 1195.40, 32.23, 34.75, 31.453, 54, 38, 55, 111, 296, 487, 672, 936, 795, 59, 0, 0, 7, 6, 7, 16, 59, 93, 153, 183, 213, 18, 0, 0
16:57:11, 1191.00, 32.23, 34.73, 31.453, 33, 25, 33, 77, 203, 330, 477, 591, 763, 62, 0, 0, 8, 7, 9, 21, 66, 104, 168, 200, 243, 21, 0, 0
16:57:12, 1190.60, 32.23, 34.73, 31.453, 68, 43, 63, 134, 452, 739, 1007, 1513, 1102, 80, 0, 0, 7, 5, 8, 17, 56, 88, 143, 171, 196, 17, 0, 0
16:57:12, 1185.10, 32.23, 34.71, 31.453, 75, 72, 100, 231, 538, 807, 1209, 1612, 1666, 112, 0, 0, 8, 6, 9, 20, 73, 113, 182, 216, 266, 23, 0, 0
16:57:13, 1183.30, 32.23, 34.69, 31.453, 36, 28, 37, 85, 198, 320, 440, 562, 638, 53, 0, 0, 10, 8, 12, 27, 84, 129, 208, 245, 285, 25, 0, 0
16:57:14, 1184.70, 32.23, 34.71, 31.453, 49, 32, 46, 97, 327, 542, 699, 982, 835, 65, 0, 0, 8, 7, 9, 21, 73, 114, 183, 216, 251, 22, 0, 0
16:57:14, 1184.10, 32.23, 34.71, 31.453, 69, 51, 71, 166, 561, 844, 1275, 1686, 1899, 126, 0, 0, 7, 6, 8, 19, 72, 113, 181, 215, 269, 23, 0, 0
16:57:15, 1181.70, 32.23, 34.71, 31.453, 39, 32, 42, 104, 235, 377, 531, 653, 838, 66, 0, 0, 10, 9, 12, 27, 90, 139, 221, 261, 317, 28, 0, 0
16:57:16, 1185.50, 32.23, 34.69, 31.453, 57, 36, 51, 112, 299, 493, 646, 873, 815, 63, 0, 0, 9, 7, 10, 22, 71, 110, 177, 210, 243, 21, 0, 0
16:57:16, 1187.10, 32.23, 34.71, 31.445, 56, 38, 53, 123, 358, 609, 836, 1080, 1185, 86, 0, 0, 7, 6, 8, 19, 63, 99, 159, 189, 234, 20, 0, 0
16:57:17, 1183.60, 32.23, 34.69, 31.461, 70, 53, 71, 175, 459, 752, 1105, 1393, 1695, 113, 0, 0, 8, 6, 9, 20, 69, 107, 172, 204, 252, 21, 0, 0
16:57:18, 1180.70, 32.23, 34.69, 31.461, 83, 77, 107, 245, 690, 997, 1511, 2044, 2118, 138, 0, 0, 8, 6, 9, 21, 69, 107, 171, 203, 249, 21, 0, 0
16:57:18, 1181.00, 32.23, 34.69, 31.453, 94, 84, 115, 260, 824, 1148, 1754, 2364, 2531, 172, 0, 0, 8, 6, 9, 20, 69, 107, 170, 202, 257, 21, 0, 0
16:57:19, 1176.10, 32.23, 34.67, 31.461, 106, 112, 158, 362, 1231, 1757, 2596, 3757, 4517, 345, 0, 0, 8, 7, 9, 22, 81, 124, 197, 233, 295, 25, 0, 0
16:57:20, 1172.40, 32.23, 34.71, 31.461, 46, 34, 48, 115, 240, 380, 511, 644, 743, 62, 0, 0, 13, 10, 15, 34, 101, 153, 241, 282, 328, 29, 0, 0
16:57:20, 1176.70, 32.23, 34.69, 31.453, 52, 35, 54, 114, 301, 476, 615, 823, 772, 62, 0, 0, 10, 8, 12, 27, 78, 121, 192, 227, 272, 23, 0, 0
16:57:21, 1170.50, 32.23, 34.69, 31.461, 97, 69, 98, 233, 464, 783, 1069, 1339, 1583, 112, 0, 0, 11, 9, 13, 30, 103, 156, 245, 288, 362, 31, 0, 0
16:57:22, 1172.80, 32.23, 34.69, 31.461, 52, 38, 55, 127, 341, 544, 712, 925, 973, 76, 0, 0, 11, 9, 13, 30, 92, 140, 221, 260, 311, 27, 0, 0
16:57:22, 1175.30, 32.23, 34.69, 31.453, 109, 80, 118, 262, 832, 1244, 1881, 2641, 2567, 158, 0, 0, 9, 7, 10, 23, 72, 111, 176, 209, 272, 23, 0, 0
16:57:23, 1171.10, 32.23, 34.67, 31.461, 125, 127, 199, 498, 1285, 1817, 2677, 3514, 4746, 342, 0, 0, 9, 8, 11, 25, 84, 128, 200, 236, 305, 25, 0, 0
16:57:24, 1166.80, 32.23, 34.71, 31.461, 87, 57, 83, 205, 396, 646, 841, 1066, 1220, 95, 0, 0, 13, 10, 15, 35, 106, 160, 250, 292, 346, 30, 0, 0
16:57:24, 1169.80, 32.23, 34.71, 31.453, 95, 55, 89, 179, 461, 713, 899, 1263, 993, 78, 0, 0, 11, 9, 13, 30, 90, 137, 214, 252, 293, 25, 0, 0
16:57:25, 1172.70, 32.23, 34.73, 31.469, 111, 84, 123, 280, 728, 1133, 1643, 2176, 2341, 153, 0, 0, 9, 8, 11, 25, 82, 124, 196, 232, 296, 25, 0, 0
16:57:26, 1167.50, 32.23, 34.65, 31.469, 86, 63, 89, 229, 538, 901, 1212, 1543, 1733, 120, 0, 0, 11, 9, 13, 30, 95, 144, 225, 265, 322, 28, 0, 0
16:57:26, 1168.10, 32.23, 34.71, 31.469, 100, 70, 109, 240, 604, 967, 1232, 1751, 1485, 108, 0, 0, 10, 8, 12, 28, 89, 134, 211, 248, 299, 26, 0, 0
16:57:27, 1170.00, 32.23, 34.69, 31.469, 127, 110, 155, 351, 1192, 1627, 2499, 3472, 3680, 233, 0, 0, 9, 8, 11, 26, 82, 125, 196, 232, 307, 25, 0, 0
16:57:28, 1164.50, 32.23, 34.71, 31.469, 123, 127, 201, 500, 1263, 1762, 2553, 3364, 4964, 358, 0, 0, 10, 9, 12, 29, 100, 150, 233, 274, 362, 31, 0, 0
16:57:28, 1163.10, 32.23, 34.73, 31.477, 119, 93, 135, 331, 798, 1269, 1778, 2376, 2377, 157, 0, 0, 12, 9, 14, 33, 103, 154, 239, 280, 349, 30, 0, 0
16:57:29, 1166.80, 32.23, 34.69, 31.477, 128, 104, 153, 351, 967, 1366, 2010, 2701, 2777, 179, 0, 0, 10, 8, 12, 28, 88, 133, 207, 244, 311, 26, 0, 0
16:57:30, 1165.00, 32.23, 34.65, 31.477, 145, 150, 214, 458, 1541, 1999, 3173, 4677, 4558, 286, 0, 0, 10, 8, 12, 28, 90, 136, 211, 249, 308, 27, 0, 0
16:57:30, 1157.80, 32.23, 34.67, 31.469, 125, 81, 138, 277, 621, 968, 1147, 1718, 1228, 97, 0, 0, 13, 10, 15, 36, 113, 167, 258, 301, 345, 30, 0, 0
16:57:31, 1157.90, 32.23, 34.73, 31.477, 131, 83, 147, 279, 710, 1043, 1334, 1892, 1364, 104, 0, 0, 12, 10, 15, 35, 105, 157, 242, 282, 349, 30, 0, 0
16:57:32, 1160.90, 32.23, 34.69, 31.477, 123, 103, 155, 374, 1131, 1561, 2309, 3072, 4309, 307, 0, 0, 11, 9, 14, 33, 99, 148, 228, 267, 363, 30, 0, 0
16:57:32, 1159.20, 32.23, 34.67, 31.477, 116, 86, 125, 328, 671, 1123, 1491, 1863, 2151, 149, 0, 0, 12, 10, 14, 34, 105, 156, 240, 281, 349, 30, 0, 0
16:57:33, 1156.60, 32.23, 34.71, 31.492, 157, 130, 198, 413, 1065, 1479, 2047, 2942, 1932, 140, 0, 0, 12, 10, 15, 35, 106, 158, 242, 282, 340, 30, 0, 0
16:57:34, 1156.10, 32.23, 34.69, 31.492, 157, 161, 243, 564, 1731, 2227, 3385, 4703, 4980, 333, 0, 0, 12, 10, 14, 35, 110, 162, 248, 290, 393, 33, 0, 0
16:57:34, 1151.40, 32.23, 34.69, 31.492, 133, 138, 198, 491, 1347, 1861, 2766, 3821, 5098, 337, 0, 0, 14, 11, 17, 41, 128, 187, 284, 329, 431, 37, 0, 0
16:57:35, 1147.00, 32.23, 34.69, 31.500, 156, 122, 198, 444, 972, 1503, 1803, 2708, 1998, 147, 0, 0, 15, 12, 19, 45, 136, 197, 298, 344, 428, 38, 0, 0
16:57:36, 1146.00, 32.23, 34.69, 31.500, 165, 125, 211, 464, 1122, 1678, 2150, 3012, 2508, 177, 0, 0, 16, 13, 20, 48, 138, 200, 300, 349, 473, 40, 0, 0
16:57:36, 1142.20, 32.23, 34.71, 31.492, 183, 202, 351, 815, 2171, 2879, 3967, 5542, 7817, 599, 0, 0, 15, 13, 20, 48, 142, 206, 308, 356, 500, 42, 0, 0
16:57:37, 1135.30, 32.23, 34.69, 31.477, 163, 111, 186, 482, 1169, 1875, 2340, 3062, 3071, 212, 0, 0, 19, 16, 25, 62, 171, 243, 359, 411, 541, 47, 0, 0
16:57:38, 1132.30, 32.23, 34.73, 31.477, 255, 249, 386, 846, 1784, 2565, 3197, 4750, 3290, 232, 0, 0, 20, 16, 26, 65, 177, 251, 369, 421, 554, 48, 0, 0
16:57:38, 1129.60, 32.23, 34.69, 31.477, 246, 233, 388, 881, 1652, 2469, 3341, 4212, 5148, 317, 0, 0, 20, 17, 28, 70, 188, 264, 387, 441, 622, 53, 0, 0
16:57:39, 1121.80, 32.23, 34.67, 31.477, 244, 183, 323, 762, 1640, 2488, 3166, 4206, 4115, 271, 0, 0, 22, 19, 31, 76, 211, 292, 425, 481, 639, 56, 0, 0
16:57:40, 1117.70, 32.24, 34.69, 31.477, 319, 317, 534, 1118, 2785, 3385, 4672, 6665, 4560, 316, 0, 0, 24, 20, 34, 85, 228, 313, 451, 511, 712, 62, 0, 0
16:57:40, 1116.80, 32.23, 34.67, 31.469, 386, 454, 784, 1657, 3944, 4900, 6577, 9686, 13740, 1079, 0, 0, 24, 21, 36, 91, 237, 324, 463, 524, 799, 65, 0, 0
16:57:41, 1108.20, 32.24, 34.71, 31.492, 466, 581, 1173, 2505, 4452, 5558, 7141, 10663, 15354, 1259, 0, 0, 26, 23, 41, 102, 264, 356, 504, 569, 858, 73, 0, 0
16:57:42, 1102.80, 32.24, 34.71, 31.492, 444, 575, 1140, 2259, 5063, 5777, 8089, 10011, 12791, 914, 0, 0, 29, 25, 45, 112, 278, 372, 522, 589, 868, 75, 0, 0
16:57:42, 1098.60, 32.24, 34.65, 31.492, 501, 697, 1457, 2967, 7908, 8854, 13309, 15949, 17700, 1271, 0, 0, 32, 28, 52, 127, 312, 414, 576, 649, 985, 85, 0, 0
16:57:43, 1093.20, 32.24, 34.67, 31.477, 519, 723, 1501, 2907, 3963, 4856, 6537, 8573, 13842, 945, 0, 0, 37, 34, 63, 156, 398, 518, 720, 803, 1249, 107, 0, 0
16:57:44, 1086.60, 32.24, 34.67, 31.477, 411, 295, 569, 1401, 1984, 3363, 3499, 4045, 5619, 440, 0, 0, 44, 40, 78, 187, 416, 538, 740, 821, 1163, 103, 0, 0
16:57:44, 1082.60, 32.24, 34.71, 31.469, 645, 704, 1329, 2405, 4134, 5615, 5172, 9123, 5002, 419, 0, 0, 45, 41, 80, 192, 439, 563, 770, 854, 1221, 109, 0, 0
16:57:45, 1083.80, 32.24, 34.67, 31.477, 723, 374, 895, 1624, 2694, 4683, 4332, 6144, 5581, 440, 0, 0, 46, 42, 85, 201, 426, 547, 747, 831, 1252, 110, 0, 0
16:57:46, 1079.20, 32.24, 34.69, 31.477, 606, 909, 1852, 3335, 7804, 7935, 10424, 14623, 20343, 1323, 0, 0, 42, 38, 76, 182, 430, 550, 749, 833, 1226, 109, 0, 0
16:57:46, 1073.50, 32.24, 34.63, 31.469, 860, 958, 1817, 3411, 6595, 8184, 9613, 13052, 9735, 698, 0, 0, 49, 47, 96, 225, 490, 617, 834, 921, 1341, 120, 0, 0
16:57:47, 1073.70, 32.24, 34.67, 31.477, 818, 858, 1717, 3106, 5240, 7589, 7787, 11385, 8042, 620, 0, 0, 49, 47, 97, 227, 450, 568, 764, 848, 1282, 111, 0, 0
16:57:48, 1072.10, 32.24, 34.67, 31.477, 944, 1630, 3384, 5544, 8605, 9179, 11370, 17142, 25536, 1877, 0, 0, 43, 42, 87, 203, 419, 529, 712, 784, 1129, 95, 0, 0
16:57:48, 1063.10, 32.25, 34.69, 31.461, 1135, 1469, 2684, 4676, 5728, 8161, 10182, 13078, 16800, 989, 0, 0, 48, 47, 100, 230, 512, 632, 851, 930, 1277, 112, 0, 0
16:57:49, 1056.30, 32.25, 34.65, 31.469, 1275, 1421, 2706, 4384, 6396, 8909, 7877, 13840, 7874, 727, 0, 0, 58, 60, 128, 288, 588, 717, 956, 1040, 1419, 126, 0, 0
16:57:50, 1054.00, 32.25, 34.71, 31.469, 1407, 1874, 3260, 5361, 9791, 11956, 14967, 19025, 19877, 1247, 0, 0, 54, 58, 127, 277, 534, 641, 850, 919, 1372, 122, 0, 0
16:57:50, 1051.80, 32.25, 34.67, 31.469, 1198, 2309, 4598, 6742, 20259, 21919, 23774, 27407, 36000, 7111, 1, 1, 53, 61, 135, 283, 540, 636, 831, 905, 1552, 136, 0, 0
16:57:51, 1049.20, 32.25, 34.71, 31.469, 1907, 3592, 6087, 8880, 9066, 12185, 14809, 18752, 24624, 1938, 0, 0, 62, 72, 157, 330, 614, 723, 956, 1030, 1441, 133, 0, 0
16:57:52, 1048.50, 32.25, 34.73, 31.469, 1862, 4016, 7432, 11707, 33252, 33027, 35355, 35693, 36000, 11737, 1, 1, 51, 57, 124, 260, 491, 585, 760, 836, 1323, 124, 0, 0
16:57:52, 1048.30, 32.25, 34.69, 31.469, 2827, 2773, 5977, 7594, 11177, 12600, 13437, 20299, 9220, 975, 0, 0, 51, 56, 124, 257, 464, 555, 707, 780, 1261, 111, 0, 0
16:57:53, 1043.50, 32.26, 34.69, 31.484, 1889, 3969, 7846, 10263, 19156, 17880, 23148, 27630, 32171, 3620, 0, 0, 58, 65, 144, 300, 600, 706, 905, 995, 1550, 144, 0, 0
16:57:54, 1032.10, 32.26, 34.69, 31.484, 3453, 4344, 7866, 10026, 25567, 25843, 26400, 32617, 12797, 2221, 0, 1, 86, 104, 229, 455, 858, 992, 1264, 1380, 2116, 200, 0, 0
16:57:54, 1025.90, 32.26, 34.69, 31.469, 974, 1518, 2291, 3160, 5856, 6118, 7516, 8733, 7380, 1049, 0, 0, 102, 128, 276, 537, 929, 1063, 1352, 1469, 2368, 233, 0, 0
16:57:55, 1021.60, 32.26, 34.69, 31.484, 3978, 4611, 7945, 10312, 12932, 17833, 19400, 23672, 28076, 3727, 0, 0, 114, 162, 342, 617, 940, 1046, 1306, 1416, 2610, 265, 0, 0
16:57:56, 1022.50, 32.26, 34.67, 31.484, 2632, 4998, 7567, 8533, 5863, 6103, 5572, 8678, 16252, 5088, 0, 0, 69, 92, 196, 367, 559, 636, 805, 861, 1114, 95, 0, 0
16:57:56, 1022.60, 32.27, 34.67, 31.477, 488, 843, 1131, 1216, 1276, 1214, 1251, 1272, 4729, 734, 0, 0, 49, 61, 129, 255, 495, 568, 732, 779, 879, 75, 0, 0
16:57:57, 1020.90, 32.27, 34.71, 31.484, 499, 824, 1110, 1206, 1290, 1243, 1260, 1302, 4725, 776, 0, 0, 64, 81, 173, 336, 652, 740, 945, 1013, 1186, 105, 0, 0
16:57:58, 1014.30, 32.27, 34.71, 31.484, 637, 1018, 1328, 1413, 1589, 1496, 1569, 1602, 6551, 1347, 0, 0, 73, 98, 203, 373, 594, 664, 847, 903, 1143, 108, 0, 0
16:57:58, 1012.90, 32.27, 34.69, 31.477, 834, 1246, 1528, 1561, 1541, 1476, 1489, 1528, 7099, 1944, 0, 0, 44, 58, 115, 213, 773, 844, 1050, 1120, 2977, 795, 0, 0
16:57:59, 1012.80, 32.27, 34.67, 31.437, 5826, 10292, 13569, 16825, 7087, 6687, 7506, 9365, 26903, 10261, 0, 0, 1040, 1661, 2288, 2770, 2783, 2822, 2994, 3173, 20880, 12797, 0, 0
16:58:00, 1012.70, 32.27, 34.63, 31.437, 600, 928, 1114, 1208, 1126, 1098, 1219, 1224, 5144, 1799, 0, 0, 12760, 20568, 28316, 32786, 27906, 30988, 31082, 33185, 36000, 35438, 1, 1
16:58:00, 1012.90, 32.26, 34.69, 31.312, 738, 1104, 1418, 1571, 906, 978, 1185, 1163, 4758, 1922, 0, 0, 3481, 5396, 6359, 8165, 5186, 5649, 6585, 5134, 26877, 17633, 0, 0
16:58:01, 1012.50, 32.26, 34.73, 31.102, 734, 1174, 1409, 1414, 1447, 1342, 1413, 1358, 7659, 1589, 0, 0, 2251, 3379, 4406, 5179, 5415, 5696, 6140, 6764, 27738, 13676, 0, 0
16:58:02, 1012.40, 32.25, 34.69, 31.102, 790, 1131, 1384, 1396, 1384, 1306, 1303, 1262, 7278, 2653, 0, 0, 1745, 2573, 3438, 3903, 3544, 3635, 4050, 4433, 16732, 9160, 0, 0
