Secchi Depth (cm) = 9999
Forel Ule Scale = 99
pH Colour Scale = 99
SensingSecchi S/N = A017
Latitude (degs N) = 33.91318
Longitude (degs E) = -78.01343
Date = 2026-07-16
Time (UTC), Pressure (mbar) MS5803, Temp (deg C) MS5803, Temp (deg C) 10KTHERM, Temp (deg C) TMP117, ED 415nm, ED 445nm, ED 480nm, ED 515nm, ED 555nm, ED 590nm, ED 630nm, ED 680nm, ED Clear, ED NIR, ED D-SAT, ED A-SAT, EU 415nm, EU 445nm, EU 480nm, EU 515nm, EU 555nm, EU 590nm, EU 630nm, EU 680nm, EU Clear, EU NIR, EU D-SAT, EU A-SAT
15:11:49, 1010.40, 26.45, 26.62, 29.414, 697, 1099, 1424, 1554, 1614, 1526, 1672, 1632, 7885, 1550, 0, 0, 1416, 2120, 2781, 3516, 3716, 3850, 4507, 5359, 15907, 8315, 0, 0
15:11:49, 1010.40, 26.46, 26.60, 29.383, 708, 1117, 1447, 1579, 1637, 1546, 1697, 1661, 7891, 1553, 0, 0, 1410, 2110, 2780, 3515, 3683, 3831, 4463, 5327, 15785, 8195, 0, 0
15:11:50, 1010.60, 26.46, 26.64, 29.375, 699, 1104, 1430, 1560, 1602, 1517, 1661, 1629, 7777, 1533, 0, 0, 1391, 2073, 2720, 3444, 3619, 3756, 4394, 5224, 15484, 8183, 0, 0
15:11:51, 1010.60, 26.46, 26.64, 29.375, 697, 1098, 1423, 1551, 1606, 1521, 1661, 1625, 7796, 1525, 0, 0, 1326, 2010, 2630, 3324, 3538, 3613, 4295, 5103, 15282, 8136, 0, 0
15:11:51, 1010.60, 26.47, 26.60, 29.344, 702, 1106, 1434, 1563, 1616, 1523, 1669, 1624, 7856, 1514, 0, 0, 1392, 2125, 2804, 3484, 3698, 3850, 4421, 5344, 15932, 7896, 0, 0
15:11:52, 1010.60, 26.47, 26.64, 29.336, 705, 1112, 1439, 1568, 1620, 1526, 1678, 1630, 7909, 1526, 0, 0, 1418, 2136, 2801, 3507, 3713, 3831, 4456, 5337, 16207, 8608, 0, 0
15:11:53, 1010.50, 26.47, 26.62, 29.336, 719, 1134, 1458, 1591, 1585, 1493, 1658, 1591, 8113, 1543, 0, 0, 2090, 3005, 4046, 5052, 5703, 5417, 7613, 8156, 36000, 24199, 1, 1
15:11:53, 1010.50, 26.48, 26.64, 29.320, 735, 1156, 1510, 1704, 2049, 2069, 2407, 2457, 10538, 2786, 0, 0, 1952, 2599, 3521, 4357, 5855, 6267, 7844, 8987, 26671, 14473, 0, 0
15:11:54, 1010.50, 26.48, 26.64, 29.383, 5111, 7819, 11267, 12575, 7275, 7584, 12385, 9520, 35803, 21951, 0, 1, 3739, 5800, 9015, 11129, 10353, 10366, 10232, 11090, 35298, 19610, 0, 1
15:11:55, 1010.30, 26.48, 26.66, 29.383, 10730, 17457, 24774, 30895, 17675, 19446, 22551, 25171, 34288, 16885, 0, 1, 1794, 2902, 4724, 6255, 7526, 6781, 6910, 5931, 18514, 4135, 0, 0
15:11:55, 1010.30, 26.49, 26.64, 29.359, 5925, 7846, 11199, 12551, 13051, 11443, 16377, 18138, 15165, 5141, 0, 0, 2455, 4223, 6307, 8779, 9754, 9219, 10227, 10706, 15080, 2305, 0, 0
15:11:56, 1012.60, 26.49, 26.67, 29.344, 7480, 12697, 16617, 20132, 16157, 16627, 23678, 22366, 35911, 11135, 0, 1, 1106, 1798, 3202, 4621, 5023, 4474, 3923, 3263, 12322, 1108, 0, 0
15:11:57, 1015.30, 26.50, 26.67, 29.344, 5745, 9624, 12748, 16753, 13545, 14650, 20227, 19743, 31464, 15631, 0, 0, 647, 1108, 2216, 3555, 4983, 4414, 3838, 3068, 13214, 1059, 0, 0
15:11:57, 1015.80, 26.52, 26.66, 29.469, 8312, 13182, 16876, 22400, 20868, 19651, 25122, 30791, 36000, 27085, 1, 1, 617, 1060, 2143, 3472, 4819, 4221, 3624, 2821, 12299, 958, 0, 0
15:11:58, 1014.30, 26.53, 26.66, 29.586, 7115, 20451, 19883, 22354, 31371, 24225, 30760, 35977, 36000, 36000, 1, 1, 635, 1093, 2198, 3543, 5252, 4628, 4059, 3227, 13459, 1059, 0, 0
15:11:59, 1021.30, 26.55, 26.66, 29.586, 6386, 15614, 20594, 18907, 22746, 18503, 23548, 33066, 36000, 26371, 1, 1, 675, 1169, 2334, 3734, 5502, 4885, 4324, 3484, 13835, 1050, 0, 0
15:11:59, 1019.60, 26.56, 26.66, 29.656, 8299, 20229, 25370, 23764, 31163, 30525, 31894, 35596, 36000, 26545, 1, 1, 665, 1157, 2344, 3789, 5638, 4981, 4369, 3459, 13744, 1011, 0, 0
15:12:00, 1017.90, 26.58, 26.67, 29.695, 10472, 14613, 19525, 24877, 24497, 32387, 34832, 30876, 36000, 27747, 1, 1, 709, 1233, 2473, 3977, 5626, 4966, 4379, 3471, 13784, 1042, 0, 0
15:12:01, 1022.20, 26.59, 26.64, 29.695, 3464, 3622, 5689, 6566, 9804, 15162, 10561, 15205, 36000, 20619, 1, 1, 669, 1157, 2319, 3709, 5122, 4513, 3956, 3138, 12749, 956, 0, 0
15:12:01, 1016.50, 26.61, 26.64, 29.727, 6696, 16184, 16977, 19395, 31146, 34532, 35420, 35076, 36000, 27363, 1, 1, 690, 1202, 2417, 3892, 5646, 4972, 4378, 3463, 13641, 1023, 0, 0
15:12:02, 1018.80, 26.62, 26.64, 29.742, 5912, 13498, 16456, 16857, 31924, 26175, 30429, 35978, 36000, 29823, 1, 1, 669, 1161, 2323, 3723, 5419, 4777, 4213, 3339, 13269, 1000, 0, 0
15:12:03, 1021.60, 26.64, 26.64, 29.742, 5510, 8967, 13751, 20291, 25513, 27020, 29688, 31698, 36000, 23485, 1, 1, 675, 1176, 2352, 3757, 5449, 4831, 4287, 3469, 13219, 983, 0, 0
15:12:03, 1020.70, 26.65, 26.66, 29.750, 5775, 10285, 12922, 25075, 26906, 32201, 34323, 32330, 36000, 24492, 1, 1, 701, 1228, 2481, 3975, 5520, 4853, 4300, 3412, 12736, 938, 0, 0
15:12:04, 1024.20, 26.66, 26.66, 29.758, 6139, 10210, 13075, 20563, 23070, 28877, 22168, 33158, 36000, 30316, 1, 1, 652, 1137, 2316, 3734, 5258, 4641, 4073, 3243, 11854, 868, 0, 0
15:12:05, 1022.00, 26.68, 26.64, 29.758, 4221, 4094, 8990, 6648, 13379, 15028, 14927, 19722, 36000, 16088, 1, 1, 656, 1146, 2354, 3805, 5456, 4782, 4191, 3275, 11974, 867, 0, 0
15:12:05, 1023.10, 26.69, 26.67, 29.750, 4651, 7728, 10339, 15021, 21669, 19732, 24873, 21822, 36000, 30341, 1, 1, 571, 979, 2003, 3248, 4837, 4227, 3641, 2821, 10812, 792, 0, 0
15:12:06, 1024.20, 26.70, 26.64, 29.758, 4463, 7906, 11181, 20764, 20678, 27340, 34404, 29673, 36000, 19878, 1, 1, 593, 1027, 2111, 3441, 4890, 4283, 3702, 2875, 11434, 838, 0, 0
15:12:07, 1025.80, 26.72, 26.64, 29.758, 4555, 7236, 10353, 11890, 22568, 14793, 13633, 20216, 36000, 24706, 1, 1, 603, 1038, 2112, 3420, 4994, 4411, 3853, 3050, 12367, 915, 0, 0
15:12:07, 1021.00, 26.72, 26.66, 29.758, 5054, 12917, 11986, 19691, 20258, 23971, 25976, 26367, 36000, 17274, 1, 1, 661, 1151, 2335, 3790, 5386, 4763, 4187, 3309, 13425, 999, 0, 0
15:12:08, 1024.00, 26.74, 26.64, 29.758, 5070, 9237, 20033, 14075, 8838, 12405, 9985, 21983, 36000, 17456, 1, 1, 598, 1025, 2082, 3377, 4822, 4248, 3666, 2875, 12348, 928, 0, 0
15:12:09, 1028.30, 26.75, 26.67, 29.758, 3542, 5348, 11880, 9738, 11652, 22377, 12094, 25762, 36000, 16727, 1, 1, 514, 878, 1819, 3002, 4750, 4175, 3604, 2800, 11662, 857, 0, 0
15:12:09, 1025.90, 26.76, 26.64, 29.742, 7004, 15903, 17959, 30627, 26330, 27682, 29979, 32263, 36000, 18628, 1, 1, 597, 1031, 2119, 3467, 4907, 4307, 3726, 2900, 11989, 895, 0, 0
15:12:10, 1021.90, 26.77, 26.64, 29.742, 5291, 5984, 14726, 12257, 12919, 16256, 16531, 30866, 36000, 19593, 1, 1, 499, 847, 1777, 2961, 4613, 4007, 3366, 2540, 10639, 785, 0, 0
15:12:11, 1025.00, 26.79, 26.64, 29.742, 5695, 14791, 16225, 17993, 12250, 22001, 14434, 21274, 36000, 20661, 1, 1, 509, 852, 1749, 2860, 4622, 4058, 3498, 2759, 11988, 959, 0, 0
15:12:11, 1029.80, 26.80, 26.62, 29.734, 4803, 9528, 11129, 18054, 17768, 22881, 24093, 21720, 36000, 9760, 1, 1, 623, 1082, 2226, 3647, 5196, 4598, 3997, 3150, 12613, 926, 0, 0
15:12:12, 1025.00, 26.81, 26.64, 29.742, 5246, 6724, 8908, 17677, 19768, 20923, 23667, 28303, 36000, 10813, 1, 1, 634, 1099, 2238, 3635, 5405, 4792, 4168, 3304, 13188, 969, 0, 0
15:12:13, 1028.00, 26.82, 26.62, 29.742, 12795, 16277, 22573, 32998, 19607, 24296, 25022, 24976, 36000, 12656, 1, 1, 730, 1268, 2554, 4107, 5865, 5262, 4682, 3834, 14442, 1090, 0, 0
15:12:13, 1032.20, 26.84, 26.69, 29.742, 2615, 3150, 4793, 6236, 8894, 17508, 11042, 13461, 35341, 9554, 0, 1, 634, 1099, 2241, 3636, 5319, 4719, 4152, 3300, 12760, 925, 0, 0
15:12:14, 1028.00, 26.85, 26.67, 29.742, 5620, 12621, 14327, 23977, 21133, 22401, 24092, 25591, 36000, 11927, 1, 1, 762, 1341, 2752, 4470, 6339, 5586, 4954, 3905, 14101, 1004, 0, 0
15:12:15, 1030.70, 26.86, 26.66, 29.742, 4854, 7405, 10918, 12757, 9631, 10486, 10194, 12361, 36000, 22905, 1, 1, 423, 697, 1473, 2471, 3836, 3325, 2689, 2024, 8308, 614, 0, 0
15:12:15, 1031.80, 26.87, 26.64, 29.742, 3383, 4933, 7529, 8540, 14968, 19741, 30654, 25926, 36000, 17149, 1, 1, 610, 1060, 2190, 3576, 5193, 4572, 4002, 3150, 11882, 846, 0, 0
15:12:16, 1027.90, 26.88, 26.60, 29.734, 5106, 12846, 11680, 22663, 20486, 17364, 21831, 24196, 36000, 13031, 1, 1, 620, 1075, 2195, 3571, 5125, 4525, 3977, 3154, 12581, 932, 0, 0
15:12:17, 1031.40, 26.90, 26.67, 29.734, 6346, 5387, 14364, 10203, 11691, 18348, 11515, 18950, 36000, 25552, 1, 1, 682, 1179, 2366, 3790, 5246, 4649, 4100, 3299, 12910, 959, 0, 0
15:12:17, 1027.90, 26.91, 26.66, 29.734, 4072, 4196, 10724, 7694, 13646, 12865, 14361, 15442, 36000, 20969, 1, 1, 698, 1224, 2505, 4070, 5827, 5157, 4564, 3615, 13498, 956, 0, 0
15:12:18, 1018.30, 26.92, 26.66, 29.734, 2390, 4877, 6091, 6873, 3395, 3034, 3795, 3662, 13990, 2075, 0, 0, 590, 1020, 2122, 3489, 4748, 4098, 3417, 2545, 9989, 697, 0, 0
15:12:19, 1023.00, 26.93, 26.66, 29.734, 1505, 2562, 3646, 4178, 4436, 4275, 4971, 4722, 21483, 2557, 0, 0, 420, 712, 1522, 2571, 4068, 3462, 2799, 2001, 8116, 566, 0, 0
15:12:19, 1025.80, 26.94, 26.64, 29.734, 1491, 2694, 3644, 4433, 4874, 4770, 5139, 5176, 20839, 2104, 0, 0, 451, 771, 1643, 2774, 4440, 3846, 3216, 2429, 11104, 831, 0, 0
15:12:20, 1018.90, 26.95, 26.69, 29.734, 1183, 1827, 2632, 2887, 3671, 3814, 3966, 4082, 15934, 1783, 0, 0, 469, 804, 1668, 2786, 4140, 3574, 2919, 2159, 9749, 730, 0, 0
15:12:21, 1016.80, 26.96, 26.64, 29.734, 11403, 20626, 20521, 27880, 18588, 20666, 19891, 18910, 28334, 4649, 0, 0, 654, 1121, 2273, 3646, 5385, 4759, 4096, 3277, 12759, 971, 0, 0
15:12:21, 1017.20, 26.98, 26.66, 29.734, 11162, 15801, 22833, 23671, 25753, 26518, 26758, 26878, 35962, 23085, 0, 1, 753, 1300, 2623, 4169, 5962, 5292, 4593, 3707, 14031, 1069, 0, 0
15:12:22, 1017.70, 26.99, 26.67, 29.734, 5482, 8004, 11325, 13060, 24204, 24442, 28401, 31055, 36000, 20980, 1, 1, 813, 1414, 2823, 4469, 6212, 5542, 4891, 3980, 14728, 1111, 0, 0
15:12:23, 1020.00, 27.00, 26.62, 29.742, 8642, 11540, 17280, 20492, 25816, 31449, 31233, 30136, 36000, 22768, 1, 1, 788, 1370, 2725, 4312, 6371, 5701, 5165, 4295, 15464, 1202, 0, 0
15:12:23, 1015.10, 27.01, 26.66, 29.742, 9487, 14732, 18907, 21373, 31673, 33534, 35064, 35933, 36000, 31669, 1, 1, 801, 1392, 2781, 4430, 6157, 5481, 4903, 3996, 14775, 1141, 0, 0
15:12:24, 1021.80, 27.02, 26.64, 29.742, 12971, 15140, 22032, 31343, 23528, 29656, 30341, 27856, 36000, 23891, 1, 1, 767, 1340, 2673, 4251, 5958, 5292, 4726, 3854, 14280, 1073, 0, 0
15:12:25, 1020.00, 27.03, 26.66, 29.750, 8891, 7971, 24574, 14926, 20960, 17703, 19823, 25350, 36000, 19499, 1, 1, 726, 1268, 2555, 4093, 5755, 5067, 4459, 3531, 13200, 970, 0, 0
15:12:25, 1019.90, 27.04, 26.66, 29.750, 8668, 11241, 15307, 20849, 29409, 33588, 34589, 32502, 36000, 28838, 1, 1, 755, 1315, 2620, 4163, 5745, 5089, 4528, 3675, 13626, 1030, 0, 0
15:12:26, 1025.50, 27.05, 26.67, 29.750, 12074, 6481, 14068, 11335, 7800, 9479, 8440, 11339, 36000, 16853, 1, 1, 815, 1415, 2806, 4426, 6005, 5344, 4759, 3896, 14430, 1076, 0, 0
15:12:27, 1020.40, 27.06, 26.66, 29.758, 7238, 15597, 20314, 22827, 27965, 30285, 31485, 31788, 36000, 19520, 1, 1, 743, 1295, 2629, 4232, 6186, 5469, 4792, 3826, 14517, 1069, 0, 0
15:12:27, 1020.80, 27.07, 26.66, 29.758, 10331, 15268, 23876, 29628, 22143, 19880, 22894, 28630, 36000, 17768, 1, 1, 813, 1419, 2829, 4473, 6228, 5536, 4907, 3977, 14759, 1106, 0, 0
15:12:28, 1020.10, 27.08, 26.73, 29.758, 6389, 18230, 15651, 21512, 16934, 19942, 22652, 26975, 36000, 22797, 1, 1, 807, 1406, 2763, 4323, 6026, 5356, 4803, 3950, 14435, 1089, 0, 0
15:12:29, 1024.30, 27.09, 26.66, 29.766, 8252, 14433, 18807, 20563, 25285, 28272, 30134, 28522, 36000, 21553, 1, 1, 747, 1308, 2635, 4216, 5921, 5244, 4677, 3798, 13839, 1017, 0, 0
15:12:29, 1020.20, 27.10, 26.67, 29.766, 3961, 4161, 8858, 6969, 24516, 23223, 27877, 26872, 36000, 24624, 1, 1, 745, 1306, 2645, 4245, 6093, 5349, 4711, 3722, 13712, 1001, 0, 0
15:12:30, 1023.50, 27.11, 26.67, 29.766, 6856, 11139, 15365, 27503, 19892, 18533, 22909, 21973, 36000, 26327, 1, 1, 803, 1399, 2756, 4317, 5978, 5313, 4755, 3930, 14104, 1039, 0, 0
15:12:31, 1021.90, 27.12, 26.71, 29.766, 6416, 10929, 14121, 22143, 15955, 18572, 22878, 21037, 36000, 14975, 1, 1, 727, 1274, 2576, 4125, 5834, 5123, 4530, 3617, 13020, 948, 0, 0
15:12:31, 1022.70, 27.13, 26.66, 29.766, 8131, 13809, 17733, 24761, 23162, 22445, 26711, 26240, 36000, 31890, 1, 1, 768, 1343, 2674, 4234, 6059, 5359, 4772, 3868, 14037, 1016, 0, 0
15:12:32, 1019.30, 27.14, 26.67, 29.766, 8445, 16399, 23587, 26680, 27016, 27399, 29433, 32045, 36000, 19507, 1, 1, 761, 1335, 2703, 4334, 6061, 5310, 4678, 3705, 13678, 1003, 0, 0
15:12:33, 1017.40, 27.15, 26.71, 29.766, 6280, 15619, 14365, 25306, 31590, 28132, 31295, 34745, 36000, 27526, 1, 1, 697, 1217, 2448, 3912, 5639, 4911, 4301, 3382, 12409, 921, 0, 0
15:12:33, 1017.80, 27.16, 26.67, 29.773, 7763, 17366, 19127, 34452, 27734, 24896, 32316, 35621, 36000, 29909, 1, 1, 719, 1258, 2515, 3998, 5648, 4943, 4362, 3471, 12660, 943, 0, 0
15:12:34, 1021.30, 27.17, 26.69, 29.773, 9535, 14066, 24319, 34146, 27177, 30312, 33001, 33621, 36000, 25917, 1, 1, 741, 1298, 2574, 4070, 5871, 5200, 4631, 3766, 13878, 1016, 0, 0
15:12:35, 1022.40, 27.18, 26.66, 29.766, 4624, 10861, 9817, 18383, 27597, 25116, 28598, 31783, 36000, 24005, 1, 1, 724, 1266, 2538, 4053, 5760, 5090, 4499, 3620, 13686, 1018, 0, 0
15:12:35, 1028.00, 27.18, 26.69, 29.781, 2766, 2867, 4644, 4933, 4740, 5397, 5581, 6134, 31657, 5047, 0, 0, 771, 1349, 2709, 4306, 5696, 5047, 4425, 3537, 13350, 966, 0, 0
15:12:36, 1021.30, 27.19, 26.69, 29.781, 4994, 12229, 16125, 16405, 21934, 17476, 20333, 29758, 36000, 14218, 1, 1, 739, 1284, 2595, 4152, 6147, 5467, 4789, 3874, 14642, 1084, 0, 0
15:12:37, 1024.60, 27.20, 26.69, 29.781, 7533, 17036, 25121, 23758, 26962, 20676, 21143, 28770, 36000, 9898, 1, 1, 780, 1362, 2736, 4333, 5945, 5292, 4661, 3781, 13426, 999, 0, 0
15:12:37, 1028.50, 27.21, 26.73, 29.789, 4049, 7485, 9914, 15856, 29210, 25747, 26262, 33801, 36000, 6713, 1, 1, 721, 1251, 2561, 4122, 5956, 5304, 4618, 3715, 13978, 1025, 0, 0
15:12:38, 1028.20, 27.22, 26.67, 29.789, 7713, 13636, 19680, 21997, 30397, 33409, 33974, 35756, 36000, 17242, 1, 1, 720, 1250, 2538, 4082, 5644, 5025, 4394, 3534, 13282, 979, 0, 0
15:12:39, 1026.30, 27.23, 26.71, 29.773, 5470, 9645, 12372, 17260, 18851, 16263, 19974, 27541, 36000, 14101, 1, 1, 737, 1287, 2616, 4214, 6193, 5494, 4814, 3836, 14658, 1055, 0, 0
15:12:39, 1024.60, 27.24, 26.71, 29.781, 6128, 15241, 20311, 19911, 18859, 31579, 20775, 32320, 36000, 24269, 1, 1, 722, 1264, 2547, 4066, 5965, 5270, 4650, 3701, 13677, 982, 0, 0
15:12:40, 1019.20, 27.25, 26.73, 29.781, 7931, 11099, 16512, 21728, 27720, 32332, 33584, 31673, 36000, 21116, 1, 1, 696, 1215, 2450, 3932, 5812, 5101, 4514, 3567, 12727, 933, 0, 0
15:12:41, 1020.40, 27.25, 26.67, 29.766, 6252, 12402, 16730, 18665, 28302, 29022, 33772, 32856, 36000, 21695, 1, 1, 755, 1327, 2697, 4343, 6082, 5323, 4696, 3690, 13210, 975, 0, 0
15:12:41, 1021.30, 27.26, 26.73, 29.766, 5625, 13399, 17167, 16370, 14959, 17914, 18326, 28206, 36000, 22519, 1, 1, 741, 1295, 2568, 4052, 5787, 5148, 4586, 3735, 13981, 1029, 0, 0
15:12:42, 1013.50, 27.27, 26.69, 29.766, 9818, 19742, 29104, 27449, 21425, 23228, 25088, 26185, 36000, 15728, 1, 1, 764, 1331, 2650, 4220, 6333, 5632, 5028, 4082, 15124, 1145, 0, 0
15:12:43, 1019.90, 27.28, 26.71, 29.766, 6274, 13156, 17118, 16015, 26175, 28139, 29899, 32935, 36000, 26569, 1, 1, 714, 1248, 2504, 4009, 5755, 5071, 4491, 3576, 13208, 971, 0, 0
15:12:43, 1017.90, 27.29, 26.73, 29.766, 4576, 10243, 11628, 17372, 20201, 20439, 23618, 26060, 36000, 14912, 1, 1, 733, 1284, 2574, 4104, 5998, 5304, 4737, 3810, 13746, 999, 0, 0
15:12:44, 1022.50, 27.30, 26.71, 29.766, 6668, 12568, 16831, 19546, 27220, 25828, 28893, 34256, 36000, 26546, 1, 1, 748, 1312, 2655, 4256, 5858, 5153, 4591, 3667, 12810, 942, 0, 0
15:12:45, 1032.80, 27.30, 26.73, 29.766, 2292, 3018, 5388, 5086, 5399, 4901, 6050, 6041, 35521, 13012, 0, 1, 636, 1109, 2261, 3647, 5312, 4668, 4104, 3232, 11621, 819, 0, 0
15:12:45, 1039.40, 27.31, 26.69, 29.766, 5367, 10188, 13302, 19510, 11146, 12942, 19559, 17511, 36000, 16238, 1, 1, 667, 1162, 2365, 3817, 5359, 4765, 4201, 3385, 12314, 870, 0, 0
15:12:46, 1051.90, 27.32, 26.74, 29.766, 3915, 5747, 8807, 10441, 13048, 13947, 22733, 19058, 36000, 7432, 1, 1, 596, 1044, 2226, 3701, 5512, 4848, 4203, 3240, 12033, 823, 0, 0
15:12:47, 1062.00, 27.32, 26.71, 29.758, 2790, 4810, 7390, 9936, 11734, 12873, 17678, 15755, 36000, 6868, 1, 1, 555, 969, 2064, 3440, 5029, 4437, 3827, 2977, 10834, 738, 0, 0
15:12:47, 1071.20, 27.33, 26.73, 29.758, 2592, 4293, 6894, 8490, 12997, 11733, 11496, 13720, 36000, 7460, 1, 1, 486, 846, 1841, 3112, 4556, 3996, 3367, 2563, 9352, 633, 0, 0
15:12:48, 1072.80, 27.34, 26.71, 29.758, 3405, 6760, 11226, 14443, 12451, 12400, 13303, 16308, 35320, 2610, 0, 1, 543, 951, 2125, 3659, 5434, 4732, 3988, 2950, 10357, 707, 0, 0
15:12:49, 1084.30, 27.34, 26.74, 29.750, 1943, 3453, 5791, 6854, 4967, 4655, 5378, 5085, 29655, 2835, 0, 0, 478, 827, 1805, 3054, 4519, 3977, 3357, 2571, 9232, 620, 0, 0
15:12:49, 1089.30, 27.35, 26.73, 29.750, 2181, 4471, 6937, 9727, 11903, 12815, 13166, 15377, 36000, 2921, 1, 1, 429, 745, 1722, 3044, 4621, 3999, 3282, 2367, 8679, 586, 0, 0
15:12:50, 1097.60, 27.36, 26.74, 29.750, 1905, 3825, 6209, 9531, 7141, 6922, 7576, 7320, 35899, 3032, 0, 1, 410, 707, 1602, 2797, 4237, 3707, 3065, 2286, 8685, 591, 0, 0
15:12:51, 1102.30, 27.37, 26.73, 29.742, 2283, 4155, 7122, 10472, 16031, 16413, 19566, 17761, 36000, 2834, 1, 1, 399, 689, 1599, 2852, 4356, 3798, 3114, 2279, 8679, 593, 0, 0
15:12:51, 1108.30, 27.37, 26.71, 29.750, 1567, 2108, 3957, 5209, 5286, 6330, 5644, 5857, 24297, 1405, 0, 0, 394, 677, 1576, 2808, 4320, 3771, 3073, 2235, 8638, 604, 0, 0
15:12:52, 1118.50, 27.38, 26.73, 29.750, 1647, 2075, 3996, 5343, 8729, 9247, 8911, 11523, 34925, 2327, 0, 1, 356, 609, 1447, 2627, 4006, 3470, 2768, 1964, 7667, 523, 0, 0
15:12:53, 1120.90, 27.39, 26.73, 29.750, 1284, 2444, 4510, 5775, 9595, 8824, 10287, 9222, 35830, 2389, 0, 1, 346, 591, 1424, 2613, 4290, 3709, 2961, 2089, 8119, 549, 0, 0
15:12:53, 1123.90, 27.39, 26.74, 29.750, 1305, 2648, 4850, 6646, 8470, 8414, 8762, 9150, 23485, 1449, 0, 0, 346, 590, 1439, 2662, 4019, 3450, 2717, 1883, 6973, 473, 0, 0
15:12:54, 1133.20, 27.40, 26.71, 29.750, 1090, 2024, 3641, 5275, 4646, 4431, 4662, 4375, 22728, 1653, 0, 0, 341, 575, 1373, 2499, 3911, 3409, 2733, 1960, 7886, 539, 0, 0
15:12:55, 1137.60, 27.41, 26.76, 29.742, 1096, 2073, 3763, 5592, 7656, 8207, 9429, 8556, 35420, 1926, 0, 1, 295, 497, 1230, 2308, 3686, 3173, 2470, 1702, 6810, 463, 0, 0
15:12:55, 1142.40, 27.42, 26.73, 29.742, 1139, 2302, 4224, 6987, 8498, 8881, 9911, 8541, 30632, 1688, 0, 0, 285, 479, 1191, 2246, 3543, 3052, 2381, 1647, 6514, 451, 0, 0
15:12:56, 1148.20, 27.43, 26.74, 29.742, 764, 1171, 2303, 3143, 5205, 5872, 5082, 5388, 24490, 1525, 0, 0, 268, 445, 1114, 2117, 3434, 2951, 2275, 1555, 6294, 433, 0, 0
15:12:57, 1148.20, 27.44, 26.74, 29.727, 1057, 2200, 3888, 6368, 8026, 8225, 9575, 8105, 29505, 1649, 0, 0, 271, 450, 1137, 2174, 3507, 3008, 2302, 1558, 6391, 438, 0, 0
15:12:57, 1154.00, 27.44, 26.73, 29.719, 930, 1965, 3359, 5279, 7129, 6530, 6702, 6530, 23722, 1479, 0, 0, 265, 440, 1107, 2111, 3534, 3054, 2377, 1645, 6517, 451, 0, 0
15:12:58, 1160.00, 27.45, 26.74, 29.719, 603, 1000, 2045, 2764, 4787, 4614, 4597, 4235, 18496, 1268, 0, 0, 240, 394, 1013, 1971, 3257, 2780, 2093, 1389, 5745, 393, 0, 0
15:12:59, 1157.00, 27.46, 26.73, 29.711, 919, 1904, 3559, 5564, 7087, 7139, 7305, 6923, 22359, 1327, 0, 0, 266, 439, 1128, 2193, 3507, 2988, 2259, 1495, 6017, 413, 0, 0
15:12:59, 1162.90, 27.46, 26.73, 29.711, 816, 1660, 3024, 4812, 6350, 6019, 6192, 5671, 23098, 1493, 0, 0, 243, 399, 1022, 1980, 3314, 2851, 2174, 1476, 6021, 413, 0, 0
15:13:00, 1165.60, 27.47, 26.78, 29.711, 593, 1008, 2077, 2893, 4477, 4345, 4321, 3842, 16938, 1118, 0, 0, 232, 378, 982, 1926, 3195, 2728, 2039, 1345, 5597, 384, 0, 0
15:13:01, 1167.20, 27.48, 26.74, 29.703, 853, 1735, 3315, 5752, 6493, 6697, 7376, 6064, 22381, 1238, 0, 0, 237, 385, 1004, 1973, 3208, 2739, 2055, 1360, 5564, 383, 0, 0
15:13:01, 1172.70, 27.48, 26.78, 29.703, 647, 1127, 2323, 3266, 4775, 4795, 4539, 4356, 18246, 1268, 0, 0, 229, 371, 963, 1891, 3119, 2669, 1995, 1326, 5523, 381, 0, 0
15:13:02, 1176.50, 27.49, 26.76, 29.703, 603, 1104, 2247, 3317, 5184, 5001, 4933, 4437, 17860, 1141, 0, 0, 219, 353, 930, 1849, 3082, 2628, 1948, 1274, 5333, 367, 0, 0
15:13:03, 1182.00, 27.50, 26.74, 29.695, 676, 1368, 2598, 4257, 6325, 5706, 6034, 5475, 20213, 1247, 0, 0, 207, 331, 879, 1758, 2927, 2493, 1829, 1189, 5086, 351, 0, 0
15:13:03, 1185.30, 27.51, 26.73, 29.703, 596, 1133, 2302, 3521, 5653, 5520, 5803, 4859, 19475, 1160, 0, 0, 202, 323, 861, 1732, 2905, 2471, 1809, 1171, 4956, 342, 0, 0
15:13:04, 1185.50, 27.51, 26.78, 29.703, 587, 1204, 2306, 3756, 5253, 4992, 5121, 4358, 16217, 960, 0, 0, 196, 312, 837, 1694, 2903, 2467, 1804, 1165, 4976, 343, 0, 0
15:13:05, 1188.70, 27.52, 26.74, 29.695, 648, 1307, 2572, 4265, 5142, 4889, 5000, 4313, 16883, 1027, 0, 0, 202, 321, 855, 1719, 2924, 2492, 1825, 1187, 5103, 353, 0, 0
15:13:05, 1191.20, 27.52, 26.78, 29.687, 532, 964, 2010, 3040, 4578, 4369, 4407, 3684, 15739, 989, 0, 0, 192, 304, 820, 1670, 2831, 2401, 1735, 1110, 4770, 328, 0, 0
15:13:06, 1195.50, 27.53, 26.73, 29.687, 537, 983, 2062, 3173, 4341, 4157, 4066, 3519, 15478, 1023, 0, 0, 185, 292, 790, 1613, 2707, 2289, 1641, 1042, 4560, 314, 0, 0
15:13:07, 1197.60, 27.54, 26.76, 29.672, 592, 1203, 2401, 3980, 5609, 5753, 5798, 5044, 19015, 1048, 0, 0, 182, 286, 777, 1593, 2703, 2284, 1636, 1037, 4511, 310, 0, 0
15:13:07, 1202.40, 27.54, 26.78, 29.672, 527, 1013, 2071, 3312, 4851, 4627, 4641, 3943, 15827, 979, 0, 0, 181, 284, 774, 1590, 2741, 2324, 1667, 1062, 4636, 322, 0, 0
15:13:08, 1201.70, 27.55, 26.74, 29.672, 427, 750, 1623, 2435, 4800, 4490, 4587, 3886, 15623, 978, 0, 0, 172, 269, 738, 1530, 2653, 2234, 1586, 993, 4392, 303, 0, 0
15:13:09, 1201.20, 27.56, 26.78, 29.656, 570, 1158, 2371, 3972, 5359, 5297, 5281, 4494, 15970, 917, 0, 0, 182, 286, 783, 1620, 2725, 2295, 1631, 1020, 4491, 309, 0, 0
15:13:09, 1205.30, 27.56, 26.80, 29.648, 488, 982, 1954, 3207, 4126, 4005, 3777, 3389, 13450, 881, 0, 0, 177, 275, 752, 1551, 2693, 2280, 1625, 1030, 4607, 320, 0, 0
15:13:10, 1206.70, 27.57, 26.78, 29.648, 400, 687, 1515, 2253, 3979, 3803, 3737, 3119, 13815, 899, 0, 0, 168, 261, 718, 1495, 2577, 2166, 1528, 950, 4228, 291, 0, 0
15:13:11, 1214.40, 27.57, 26.76, 29.641, 500, 994, 2013, 3388, 4270, 4117, 3892, 3427, 13678, 885, 0, 0, 164, 252, 698, 1459, 2527, 2128, 1493, 929, 4215, 293, 0, 0
15:13:11, 1219.80, 27.58, 26.80, 29.641, 381, 651, 1468, 2210, 3715, 3585, 3360, 2933, 11933, 762, 0, 0, 149, 228, 640, 1356, 2363, 1977, 1370, 837, 3813, 264, 0, 0
15:13:12, 1222.70, 27.58, 26.80, 29.641, 442, 892, 1853, 3221, 4414, 4290, 4243, 3439, 12819, 750, 0, 0, 148, 227, 636, 1349, 2360, 1980, 1376, 848, 3845, 266, 0, 0
15:13:13, 1225.50, 27.59, 26.82, 29.633, 342, 597, 1332, 2069, 2826, 2825, 2531, 2152, 9259, 585, 0, 0, 147, 222, 624, 1328, 2278, 1906, 1311, 799, 3719, 258, 0, 0
15:13:13, 1228.00, 27.60, 26.82, 29.633, 426, 856, 1798, 3090, 4282, 4162, 3997, 3320, 12039, 718, 0, 0, 140, 210, 596, 1279, 2239, 1872, 1281, 778, 3608, 251, 0, 0
15:13:14, 1230.10, 27.60, 26.78, 29.641, 359, 703, 1511, 2595, 3824, 3759, 3759, 2916, 11189, 650, 0, 0, 137, 205, 584, 1258, 2241, 1874, 1281, 777, 3619, 251, 0, 0
15:13:15, 1232.70, 27.61, 26.78, 29.633, 330, 555, 1287, 1980, 3057, 2980, 2720, 2285, 10043, 668, 0, 0, 137, 206, 584, 1254, 2181, 1820, 1239, 749, 3499, 242, 0, 0
15:13:15, 1233.70, 27.61, 26.80, 29.633, 352, 678, 1454, 2398, 3722, 3554, 3487, 2768, 10884, 657, 0, 0, 134, 201, 574, 1240, 2202, 1836, 1251, 753, 3511, 243, 0, 0
15:13:16, 1238.80, 27.62, 26.78, 29.633, 354, 667, 1461, 2430, 2964, 2907, 2617, 2188, 9093, 580, 0, 0, 135, 201, 574, 1242, 2160, 1806, 1223, 736, 3491, 244, 0, 0
15:13:17, 1237.10, 27.63, 26.78, 29.633, 333, 645, 1385, 2387, 3595, 3490, 3493, 2676, 10517, 616, 0, 0, 126, 187, 541, 1182, 2144, 1783, 1204, 717, 3386, 234, 0, 0
15:13:17, 1240.10, 27.63, 26.82, 29.633, 329, 644, 1425, 2440, 3770, 3674, 3515, 2871, 9772, 581, 0, 0, 131, 194, 559, 1221, 2138, 1776, 1198, 711, 3309, 229, 0, 0
15:13:18, 1246.30, 27.64, 26.74, 29.633, 326, 635, 1377, 2420, 3069, 2938, 2804, 2197, 9927, 632, 0, 0, 130, 191, 549, 1198, 2169, 1817, 1231, 741, 3600, 250, 0, 0
15:13:19, 1248.30, 27.64, 26.80, 29.641, 302, 567, 1261, 2178, 3435, 3355, 3238, 2495, 9845, 574, 0, 0, 120, 175, 510, 1125, 2006, 1663, 1111, 655, 3072, 212, 0, 0
15:13:19, 1252.70, 27.65, 26.82, 29.641, 316, 620, 1372, 2428, 3396, 3361, 3297, 2495, 9805, 558, 0, 0, 113, 165, 483, 1070, 1931, 1604, 1063, 627, 3030, 210, 0, 0
15:13:20, 1252.80, 27.65, 26.82, 29.648, 282, 512, 1166, 1972, 3116, 2967, 2797, 2177, 9444, 595, 0, 0, 114, 166, 485, 1075, 1930, 1602, 1061, 625, 3028, 210, 0, 0
15:13:21, 1254.90, 27.66, 26.80, 29.648, 287, 562, 1258, 2194, 3284, 3175, 2993, 2397, 8618, 517, 0, 0, 114, 167, 489, 1086, 1904, 1577, 1041, 609, 2930, 203, 0, 0
15:13:21, 1259.90, 27.67, 26.82, 29.648, 261, 483, 1097, 1864, 2711, 2590, 2458, 1858, 8666, 536, 0, 0, 111, 160, 470, 1046, 1899, 1579, 1040, 612, 3023, 209, 0, 0
15:13:22, 1262.20, 27.67, 26.82, 29.648, 223, 392, 926, 1549, 2540, 2428, 2241, 1689, 7735, 487, 0, 0, 104, 150, 444, 997, 1837, 1519, 994, 577, 2842, 196, 0, 0
15:13:23, 1266.30, 27.67, 26.80, 29.648, 251, 488, 1105, 1945, 2909, 2791, 2636, 2050, 7521, 455, 0, 0, 107, 154, 455, 1023, 1805, 1490, 972, 562, 2764, 191, 0, 0
15:13:23, 1272.10, 27.68, 26.82, 29.648, 208, 369, 877, 1470, 1901, 1803, 1585, 1202, 5600, 364, 0, 0, 108, 153, 453, 1021, 1750, 1449, 938, 543, 2772, 192, 0, 0
15:13:24, 1276.30, 27.69, 26.82, 29.641, 224, 423, 980, 1754, 2591, 2475, 2277, 1714, 6841, 414, 0, 0, 93, 132, 397, 910, 1691, 1388, 889, 503, 2550, 176, 0, 0
15:13:25, 1285.00, 27.69, 26.80, 29.641, 204, 390, 905, 1621, 2520, 2415, 2223, 1686, 6457, 391, 0, 0, 88, 123, 372, 857, 1574, 1292, 820, 466, 2379, 164, 0, 0
15:13:25, 1287.80, 27.70, 26.83, 29.641, 150, 258, 634, 1100, 1809, 1696, 1480, 1094, 5282, 346, 0, 0, 87, 120, 364, 842, 1526, 1250, 788, 444, 2310, 160, 0, 0
15:13:26, 1294.20, 27.70, 26.80, 29.641, 186, 350, 822, 1496, 2277, 2164, 1974, 1462, 5919, 363, 0, 0, 81, 112, 343, 802, 1476, 1206, 756, 424, 2211, 153, 0, 0
15:13:27, 1298.50, 27.71, 26.80, 29.648, 159, 278, 682, 1195, 1629, 1544, 1308, 957, 4584, 297, 0, 0, 86, 117, 358, 835, 1470, 1204, 749, 420, 2250, 156, 0, 0
15:13:27, 1303.90, 27.71, 26.82, 29.648, 155, 288, 692, 1289, 1857, 1746, 1591, 1122, 4662, 291, 0, 0, 81, 111, 341, 806, 1432, 1165, 719, 396, 2122, 147, 0, 0
15:13:28, 1308.00, 27.71, 26.87, 29.617, 162, 289, 709, 1274, 1847, 1731, 1499, 1082, 5157, 331, 0, 0, 75, 101, 312, 738, 1414, 1156, 712, 395, 2164, 151, 0, 0
15:13:29, 1311.30, 27.72, 26.82, 29.602, 158, 286, 698, 1264, 2087, 1983, 1790, 1274, 5602, 337, 0, 0, 69, 93, 290, 690, 1305, 1058, 645, 353, 1910, 132, 0, 0
15:13:29, 1313.40, 27.73, 26.80, 29.602, 155, 281, 686, 1271, 1999, 1895, 1702, 1201, 5476, 333, 0, 0, 68, 91, 283, 679, 1313, 1065, 646, 352, 1935, 134, 0, 0
15:13:30, 1317.10, 27.73, 26.82, 29.594, 136, 248, 612, 1160, 1798, 1681, 1499, 1044, 4516, 281, 0, 0, 68, 91, 285, 687, 1304, 1056, 640, 346, 1882, 130, 0, 0
15:13:31, 1322.00, 27.73, 26.85, 29.609, 134, 245, 604, 1146, 1854, 1752, 1531, 1078, 4461, 270, 0, 0, 63, 83, 261, 631, 1216, 985, 591, 321, 1759, 122, 0, 0
15:13:31, 1325.60, 27.74, 26.82, 29.609, 134, 242, 594, 1127, 1685, 1571, 1388, 953, 4525, 284, 0, 0, 62, 81, 256, 622, 1190, 964, 575, 312, 1748, 121, 0, 0
15:13:32, 1327.00, 27.74, 26.85, 29.602, 128, 231, 572, 1102, 1816, 1707, 1488, 1035, 4380, 266, 0, 0, 60, 79, 249, 612, 1237, 998, 597, 319, 1730, 120, 0, 0
15:13:33, 1334.50, 27.75, 26.82, 29.594, 103, 179, 450, 895, 1597, 1499, 1287, 891, 3446, 208, 0, 0, 58, 75, 239, 588, 1128, 910, 537, 287, 1582, 109, 0, 0
15:13:33, 1338.90, 27.75, 26.83, 29.594, 118, 207, 520, 1004, 1544, 1435, 1238, 833, 4068, 254, 0, 0, 57, 73, 233, 574, 1111, 900, 531, 285, 1626, 113, 0, 0
15:13:34, 1342.70, 27.76, 26.82, 29.578, 119, 214, 536, 1047, 1667, 1563, 1345, 927, 3721, 224, 0, 0, 56, 71, 228, 569, 1099, 884, 518, 272, 1521, 106, 0, 0
15:13:35, 1348.60, 27.76, 26.87, 29.594, 102, 175, 455, 875, 1324, 1224, 1002, 678, 3285, 208, 0, 0, 52, 66, 211, 529, 1030, 830, 482, 254, 1482, 103, 0, 0
15:13:35, 1349.00, 27.77, 26.87, 29.594, 106, 188, 480, 954, 1482, 1385, 1178, 804, 3305, 201, 0, 0, 53, 67, 217, 545, 1099, 882, 514, 268, 1508, 105, 0, 0
15:13:36, 1355.50, 27.77, 26.87, 29.594, 90, 155, 400, 803, 1393, 1302, 1088, 739, 2879, 174, 0, 0, 49, 61, 199, 505, 990, 794, 457, 238, 1349, 93, 0, 0
15:13:37, 1356.80, 27.78, 26.85, 29.609, 101, 177, 455, 918, 1491, 1392, 1177, 787, 3500, 212, 0, 0, 48, 59, 192, 489, 988, 793, 455, 236, 1338, 93, 0, 0
15:13:37, 1363.20, 27.78, 26.85, 29.609, 92, 159, 412, 826, 1340, 1249, 1037, 702, 2704, 164, 0, 0, 46, 57, 187, 478, 939, 754, 430, 223, 1294, 90, 0, 0
15:13:38, 1368.40, 27.78, 26.85, 29.609, 76, 127, 335, 668, 1122, 1025, 854, 551, 2896, 187, 0, 0, 44, 55, 178, 457, 905, 727, 412, 213, 1261, 87, 0, 0
15:13:39, 1370.20, 27.79, 26.87, 29.617, 84, 143, 378, 772, 1246, 1156, 944, 618, 2488, 150, 0, 0, 44, 54, 177, 459, 928, 742, 419, 213, 1237, 86, 0, 0
15:13:39, 1372.70, 27.79, 26.87, 29.617, 85, 147, 388, 793, 1335, 1243, 1022, 673, 2799, 168, 0, 0, 42, 51, 169, 439, 886, 709, 399, 204, 1200, 83, 0, 0
15:13:40, 1371.10, 27.80, 26.85, 29.633, 83, 143, 378, 771, 1282, 1187, 973, 638, 2691, 163, 0, 0, 43, 53, 173, 448, 922, 737, 417, 213, 1227, 85, 0, 0
15:13:41, 1372.40, 27.81, 26.85, 29.656, 82, 140, 368, 754, 1236, 1152, 938, 624, 2379, 143, 0, 0, 44, 53, 175, 454, 904, 721, 405, 206, 1182, 82, 0, 0
15:13:41, 1376.20, 27.81, 26.89, 29.656, 81, 139, 370, 750, 1209, 1109, 912, 593, 2803, 173, 0, 0, 41, 49, 162, 421, 847, 676, 375, 191, 1179, 81, 0, 0
15:13:42, 1376.80, 27.81, 26.89, 29.656, 78, 134, 357, 725, 1226, 1134, 928, 603, 2808, 172, 0, 0, 39, 48, 158, 411, 842, 669, 370, 188, 1131, 78, 0, 0
15:13:43, 1378.00, 27.82, 26.83, 29.602, 80, 138, 366, 752, 1265, 1168, 954, 620, 2687, 162, 0, 0, 40, 48, 160, 414, 835, 663, 366, 186, 1138, 79, 0, 0
15:13:43, 1376.80, 27.82, 26.89, 29.602, 83, 142, 377, 775, 1266, 1173, 953, 619, 2635, 159, 0, 0, 41, 50, 166, 432, 861, 683, 379, 192, 1151, 80, 0, 0
15:13:44, 1377.10, 27.83, 26.87, 29.555, 84, 144, 384, 784, 1319, 1224, 999, 655, 2744, 164, 0, 0, 41, 50, 164, 426, 861, 682, 377, 191, 1136, 78, 0, 0
15:13:45, 1375.90, 27.83, 26.85, 29.531, 81, 139, 370, 756, 1283, 1186, 962, 629, 2530, 152, 0, 0, 41, 50, 166, 431, 890, 704, 391, 198, 1142, 79, 0, 0
15:13:45, 1374.70, 27.83, 26.87, 29.531, 84, 142, 376, 772, 1297, 1204, 974, 639, 2437, 145, 0, 0, 42, 51, 170, 439, 882, 699, 387, 197, 1154, 80, 0, 0
15:13:46, 1377.20, 27.83, 26.83, 29.531, 86, 148, 392, 798, 1338, 1242, 1011, 669, 2689, 162, 0, 0, 41, 51, 167, 433, 861, 683, 379, 193, 1163, 80, 0, 0
15:13:47, 1378.50, 27.84, 26.89, 29.531, 73, 119, 320, 646, 1107, 1024, 807, 522, 2691, 172, 0, 0, 41, 50, 163, 423, 844, 670, 370, 188, 1151, 80, 0, 0
15:13:47, 1375.10, 27.84, 26.85, 29.531, 82, 141, 376, 775, 1287, 1190, 973, 628, 2869, 172, 0, 0, 43, 53, 175, 452, 894, 713, 396, 202, 1290, 90, 0, 0
15:13:48, 1375.40, 27.84, 26.91, 29.516, 87, 149, 393, 796, 1299, 1213, 966, 647, 2806, 171, 0, 0, 41, 50, 165, 427, 864, 686, 381, 194, 1213, 84, 0, 0
15:13:49, 1374.10, 27.85, 26.91, 29.516, 86, 148, 392, 806, 1322, 1224, 1005, 651, 2978, 179, 0, 0, 43, 53, 173, 446, 888, 705, 393, 200, 1228, 85, 0, 0
15:13:49, 1375.10, 27.85, 26.89, 29.516, 89, 154, 403, 821, 1330, 1233, 1014, 662, 3099, 189, 0, 0, 42, 51, 169, 434, 871, 692, 385, 197, 1207, 83, 0, 0
15:13:50, 1374.70, 27.85, 26.92, 29.508, 85, 146, 386, 790, 1298, 1201, 981, 635, 2907, 177, 0, 0, 41, 51, 168, 434, 887, 702, 390, 197, 1188, 82, 0, 0
15:13:51, 1375.20, 27.85, 26.89, 29.508, 79, 132, 350, 724, 1244, 1151, 931, 613, 2426, 147, 0, 0, 43, 53, 174, 450, 904, 715, 398, 202, 1181, 82, 0, 0
15:13:51, 1380.70, 27.86, 26.87, 29.508, 83, 143, 377, 766, 1273, 1172, 956, 630, 2719, 166, 0, 0, 40, 50, 164, 422, 858, 682, 378, 193, 1219, 84, 0, 0
15:13:52, 1378.00, 27.86, 26.87, 29.492, 84, 145, 383, 781, 1268, 1174, 948, 625, 2410, 144, 0, 0, 43, 53, 174, 452, 915, 722, 401, 201, 1171, 81, 0, 0
15:13:53, 1382.30, 27.87, 26.87, 29.500, 75, 126, 336, 696, 1197, 1102, 878, 570, 2202, 132, 0, 0, 41, 50, 167, 432, 850, 672, 370, 186, 1117, 77, 0, 0
15:13:53, 1385.00, 27.87, 26.91, 29.500, 79, 132, 352, 721, 1133, 1041, 840, 532, 2769, 174, 0, 0, 39, 48, 159, 411, 823, 653, 359, 183, 1139, 79, 0, 0
15:13:54, 1383.70, 27.87, 26.91, 29.508, 82, 140, 372, 765, 1202, 1109, 892, 582, 2323, 140, 0, 0, 42, 51, 171, 443, 901, 713, 395, 198, 1188, 82, 0, 0
15:13:55, 1389.00, 27.88, 26.87, 29.523, 77, 131, 351, 729, 1263, 1163, 936, 603, 2509, 150, 0, 0, 38, 46, 153, 402, 803, 634, 345, 173, 1057, 73, 0, 0
15:13:55, 1389.70, 27.88, 26.89, 29.523, 72, 121, 326, 676, 1121, 1029, 824, 519, 2578, 158, 0, 0, 36, 43, 145, 380, 777, 613, 332, 167, 1037, 71, 0, 0
15:13:56, 1388.10, 27.88, 26.91, 29.547, 72, 120, 323, 675, 1100, 1017, 802, 516, 1922, 114, 0, 0, 41, 50, 165, 431, 851, 669, 368, 184, 1090, 75, 0, 0
15:13:57, 1391.00, 27.88, 26.89, 29.523, 81, 140, 375, 773, 1274, 1174, 949, 612, 2660, 159, 0, 0, 37, 45, 150, 392, 797, 627, 341, 171, 1043, 72, 0, 0
15:13:57, 1392.60, 27.88, 26.91, 29.523, 75, 125, 339, 711, 1186, 1091, 865, 551, 2171, 129, 0, 0, 37, 45, 150, 395, 802, 630, 342, 170, 1024, 71, 0, 0
15:13:58, 1395.40, 27.89, 26.91, 29.508, 74, 123, 335, 701, 1209, 1113, 889, 567, 2273, 134, 0, 0, 36, 43, 143, 378, 769, 604, 325, 162, 992, 68, 0, 0
15:13:59, 1397.50, 27.89, 26.89, 29.508, 71, 120, 324, 676, 1137, 1042, 826, 524, 2336, 141, 0, 0, 34, 41, 138, 366, 758, 596, 320, 159, 980, 68, 0, 0
15:13:59, 1401.80, 27.89, 26.92, 29.508, 70, 116, 317, 668, 1144, 1049, 826, 521, 2200, 131, 0, 0, 35, 41, 139, 368, 744, 585, 314, 156, 976, 67, 0, 0
15:14:00, 1403.60, 27.90, 26.89, 29.492, 68, 112, 306, 637, 1086, 996, 791, 497, 2416, 148, 0, 0, 33, 40, 134, 355, 727, 573, 307, 153, 973, 67, 0, 0
15:14:01, 1404.80, 27.90, 26.92, 29.484, 69, 116, 317, 671, 1111, 1019, 803, 503, 2096, 124, 0, 0, 35, 41, 139, 370, 768, 602, 323, 158, 979, 67, 0, 0
15:14:01, 1409.50, 27.90, 26.94, 29.484, 65, 107, 296, 634, 1069, 980, 764, 471, 2149, 129, 0, 0, 32, 37, 125, 337, 706, 552, 292, 143, 904, 62, 0, 0
15:14:02, 1409.50, 27.90, 26.91, 29.484, 57, 90, 250, 544, 943, 864, 660, 413, 1538, 92, 0, 0, 34, 40, 135, 363, 753, 589, 314, 154, 924, 64, 0, 0
15:14:03, 1413.50, 27.91, 26.92, 29.484, 63, 103, 283, 604, 1035, 950, 741, 464, 2010, 121, 0, 0, 31, 36, 123, 331, 696, 545, 288, 141, 888, 61, 0, 0
15:14:03, 1411.20, 27.91, 26.91, 29.492, 55, 86, 239, 522, 930, 848, 645, 400, 1554, 93, 0, 0, 33, 38, 130, 353, 735, 575, 305, 148, 919, 63, 0, 0
15:14:04, 1410.80, 27.92, 26.96, 29.484, 60, 96, 267, 578, 1024, 935, 725, 448, 1939, 116, 0, 0, 32, 38, 128, 344, 704, 553, 293, 144, 932, 64, 0, 0
15:14:05, 1411.20, 27.92, 26.92, 29.484, 62, 101, 278, 581, 948, 876, 658, 418, 2033, 125, 0, 0, 32, 38, 127, 340, 701, 553, 294, 146, 954, 66, 0, 0
15:14:05, 1408.30, 27.92, 26.92, 29.492, 63, 104, 286, 608, 1035, 944, 741, 454, 2244, 137, 0, 0, 33, 39, 130, 350, 743, 586, 313, 154, 1005, 69, 0, 0
15:14:06, 1410.40, 27.92, 26.94, 29.492, 56, 90, 249, 542, 965, 880, 679, 419, 1839, 111, 0, 0, 33, 38, 130, 350, 717, 563, 299, 146, 926, 64, 0, 0
15:14:07, 1413.20, 27.93, 26.94, 29.492, 62, 102, 282, 603, 1037, 949, 740, 461, 1985, 119, 0, 0, 32, 37, 125, 337, 702, 550, 291, 142, 893, 62, 0, 0
15:14:07, 1414.50, 27.93, 26.94, 29.500, 59, 97, 267, 570, 960, 878, 672, 421, 1669, 100, 0, 0, 33, 38, 129, 348, 726, 568, 302, 147, 893, 62, 0, 0
15:14:08, 1419.10, 27.93, 26.94, 29.508, 60, 97, 268, 576, 1004, 919, 708, 441, 1789, 107, 0, 0, 31, 36, 121, 327, 682, 534, 281, 137, 859, 59, 0, 0
15:14:09, 1423.40, 27.94, 26.92, 29.508, 57, 92, 255, 549, 945, 861, 658, 407, 1673, 100, 0, 0, 30, 34, 116, 317, 655, 511, 267, 129, 821, 57, 0, 0
15:14:09, 1422.10, 27.94, 26.94, 29.508, 56, 90, 251, 547, 957, 871, 665, 405, 1755, 105, 0, 0, 29, 33, 114, 313, 661, 517, 270, 130, 846, 58, 0, 0
15:14:10, 1424.10, 27.94, 26.96, 29.500, 57, 92, 256, 561, 977, 892, 684, 413, 1909, 114, 0, 0, 28, 32, 110, 302, 643, 505, 262, 128, 847, 59, 0, 0
15:14:11, 1420.30, 27.94, 26.92, 29.500, 55, 87, 246, 518, 953, 869, 663, 406, 2065, 128, 0, 0, 29, 34, 114, 310, 668, 522, 274, 133, 871, 60, 0, 0
15:14:11, 1425.50, 27.95, 27.01, 29.492, 54, 86, 240, 527, 944, 859, 660, 405, 1783, 107, 0, 0, 30, 34, 116, 316, 641, 502, 262, 127, 832, 57, 0, 0
15:14:12, 1424.70, 27.95, 26.92, 29.484, 53, 84, 237, 500, 875, 793, 602, 364, 1964, 123, 0, 0, 28, 32, 109, 300, 635, 496, 258, 125, 826, 57, 0, 0
15:14:13, 1418.50, 27.95, 26.96, 29.484, 46, 70, 198, 444, 722, 661, 488, 290, 1224, 74, 0, 0, 33, 38, 130, 356, 743, 581, 306, 147, 944, 66, 0, 0
15:14:13, 1417.60, 27.95, 26.94, 29.469, 46, 71, 199, 445, 814, 740, 552, 336, 1349, 81, 0, 0, 32, 37, 124, 340, 707, 551, 289, 139, 878, 61, 0, 0
15:14:14, 1420.10, 27.95, 26.96, 29.469, 55, 89, 248, 540, 972, 886, 681, 417, 1811, 108, 0, 0, 30, 35, 118, 320, 666, 521, 274, 134, 867, 60, 0, 0
15:14:15, 1420.50, 27.96, 26.99, 29.469, 62, 102, 279, 598, 1021, 932, 726, 448, 2127, 129, 0, 0, 30, 36, 120, 324, 671, 527, 278, 137, 902, 62, 0, 0
15:14:15, 1424.00, 27.96, 26.98, 29.469, 50, 79, 223, 465, 720, 652, 474, 289, 1612, 103, 0, 0, 33, 38, 129, 348, 670, 527, 276, 136, 927, 64, 0, 0
15:14:16, 1421.30, 27.96, 26.96, 29.445, 55, 88, 246, 539, 890, 809, 614, 372, 1683, 102, 0, 0, 30, 34, 117, 323, 758, 593, 312, 149, 951, 66, 0, 0
15:14:17, 1422.40, 27.97, 26.94, 29.445, 41, 59, 169, 385, 751, 685, 502, 303, 1222, 74, 0, 0, 31, 36, 122, 335, 725, 564, 295, 140, 869, 60, 0, 0
15:14:17, 1423.60, 27.97, 26.96, 29.430, 43, 63, 179, 403, 754, 691, 507, 310, 1177, 70, 0, 0, 34, 39, 133, 360, 719, 562, 297, 143, 892, 62, 0, 0
15:14:18, 1432.80, 27.97, 26.98, 29.422, 61, 100, 278, 590, 834, 772, 568, 357, 1760, 108, 0, 0, 36, 41, 138, 371, 790, 630, 336, 167, 1090, 78, 0, 0
15:14:19, 1432.70, 27.97, 26.98, 29.422, 55, 88, 247, 524, 919, 834, 638, 385, 1870, 113, 0, 0, 28, 32, 110, 302, 645, 506, 261, 126, 906, 63, 0, 0
15:14:19, 1424.60, 27.97, 26.98, 29.422, 37, 55, 159, 368, 690, 622, 459, 266, 1333, 83, 0, 0, 31, 35, 119, 331, 705, 551, 284, 135, 909, 63, 0, 0
15:14:20, 1423.20, 27.98, 26.99, 29.422, 40, 58, 168, 387, 727, 660, 479, 285, 1165, 70, 0, 0, 32, 37, 126, 347, 729, 567, 297, 142, 892, 62, 0, 0
15:14:21, 1425.10, 27.98, 26.96, 29.422, 53, 84, 235, 516, 929, 849, 653, 401, 1588, 94, 0, 0, 32, 37, 125, 339, 692, 542, 286, 139, 900, 62, 0, 0
15:14:21, 1430.40, 27.98, 26.98, 29.437, 61, 98, 273, 580, 870, 805, 593, 370, 1788, 109, 0, 0, 34, 39, 132, 355, 799, 638, 341, 169, 1103, 78, 0, 0
15:14:22, 1431.90, 27.98, 26.98, 29.461, 50, 78, 221, 470, 933, 851, 642, 393, 1925, 117, 0, 0, 27, 31, 106, 294, 623, 486, 249, 119, 815, 56, 0, 0
15:14:23, 1426.20, 27.99, 26.99, 29.461, 43, 67, 191, 431, 674, 611, 444, 260, 1145, 69, 0, 0, 33, 37, 128, 354, 744, 583, 304, 145, 946, 66, 0, 0
15:14:23, 1429.50, 27.99, 26.96, 29.477, 40, 59, 167, 382, 694, 636, 462, 278, 1087, 65, 0, 0, 33, 38, 129, 353, 736, 574, 303, 144, 895, 62, 0, 0
15:14:24, 1436.00, 27.99, 27.01, 29.500, 45, 68, 193, 432, 802, 730, 543, 332, 1340, 80, 0, 0, 29, 33, 113, 311, 612, 477, 246, 119, 777, 54, 0, 0
15:14:25, 1435.10, 28.00, 26.99, 29.500, 49, 77, 218, 469, 832, 755, 561, 338, 1752, 109, 0, 0, 26, 29, 100, 279, 599, 467, 238, 114, 769, 53, 0, 0
15:14:25, 1431.60, 28.00, 26.99, 29.508, 49, 77, 218, 486, 848, 766, 576, 343, 1610, 97, 0, 0, 28, 31, 108, 301, 655, 512, 264, 126, 851, 59, 0, 0
15:14:26, 1436.30, 28.00, 26.99, 29.516, 48, 75, 212, 473, 853, 774, 583, 351, 1574, 95, 0, 0, 28, 32, 110, 302, 620, 484, 250, 121, 797, 55, 0, 0
15:14:27, 1436.00, 28.01, 27.01, 29.516, 53, 85, 238, 515, 846, 769, 576, 351, 1817, 114, 0, 0, 26, 30, 101, 280, 589, 460, 235, 113, 775, 53, 0, 0
15:14:27, 1425.60, 28.01, 26.99, 29.508, 47, 74, 210, 469, 744, 675, 495, 294, 1272, 77, 0, 0, 31, 35, 121, 335, 713, 555, 289, 137, 877, 61, 0, 0
15:14:28, 1427.10, 28.01, 27.03, 29.508, 44, 66, 188, 425, 788, 714, 524, 316, 1221, 73, 0, 0, 31, 35, 119, 327, 676, 525, 273, 130, 818, 56, 0, 0
15:14:29, 1430.10, 28.01, 26.99, 29.508, 53, 83, 235, 516, 893, 810, 616, 378, 1474, 87, 0, 0, 30, 35, 117, 320, 647, 505, 263, 127, 821, 57, 0, 0
15:14:29, 1433.20, 28.02, 27.01, 29.477, 58, 94, 260, 566, 982, 896, 686, 416, 1906, 114, 0, 0, 28, 32, 108, 296, 620, 485, 250, 121, 814, 56, 0, 0
15:14:30, 1435.00, 28.02, 27.03, 29.453, 52, 83, 235, 521, 882, 797, 600, 354, 1736, 105, 0, 0, 27, 30, 103, 288, 605, 471, 240, 115, 779, 54, 0, 0
15:14:31, 1434.60, 28.02, 27.01, 29.453, 49, 79, 223, 496, 870, 787, 590, 352, 1562, 93, 0, 0, 28, 31, 107, 298, 654, 508, 263, 125, 800, 55, 0, 0
15:14:31, 1437.50, 28.02, 27.03, 29.445, 47, 72, 203, 450, 809, 735, 546, 333, 1292, 77, 0, 0, 29, 33, 114, 315, 674, 523, 272, 129, 794, 55, 0, 0
15:14:32, 1439.50, 28.02, 26.99, 29.461, 43, 64, 184, 417, 685, 622, 448, 267, 999, 60, 0, 0, 31, 35, 119, 332, 699, 541, 280, 131, 812, 56, 0, 0
15:14:33, 1444.80, 28.03, 27.01, 29.461, 37, 53, 152, 354, 668, 606, 436, 255, 1108, 67, 0, 0, 27, 30, 104, 292, 590, 458, 232, 110, 758, 52, 0, 0
15:14:33, 1446.00, 28.03, 26.99, 29.492, 48, 77, 217, 484, 854, 774, 585, 347, 1724, 104, 0, 0, 25, 28, 96, 269, 572, 444, 225, 108, 755, 52, 0, 0
15:14:34, 1447.60, 28.03, 27.01, 29.492, 48, 77, 217, 480, 832, 751, 565, 335, 1722, 105, 0, 0, 25, 28, 96, 269, 566, 439, 221, 105, 738, 51, 0, 0
15:14:35, 1450.10, 28.03, 27.03, 29.492, 44, 69, 197, 443, 766, 688, 504, 292, 1591, 99, 0, 0, 24, 26, 90, 255, 546, 422, 209, 99, 711, 49, 0, 0
15:14:35, 1448.00, 28.04, 27.03, 29.453, 41, 64, 183, 414, 708, 638, 464, 273, 1214, 73, 0, 0, 26, 28, 98, 278, 629, 486, 247, 116, 754, 52, 0, 0
15:14:36, 1444.80, 28.04, 27.01, 29.437, 39, 57, 164, 372, 687, 625, 446, 269, 1028, 61, 0, 0, 28, 31, 108, 300, 642, 495, 252, 119, 742, 51, 0, 0
15:14:37, 1439.80, 28.04, 27.03, 29.437, 41, 60, 172, 391, 708, 640, 458, 272, 1031, 61, 0, 0, 29, 33, 113, 314, 671, 515, 262, 123, 772, 53, 0, 0
15:14:37, 1440.70, 28.04, 27.03, 29.437, 44, 66, 189, 429, 811, 730, 540, 319, 1386, 83, 0, 0, 26, 29, 102, 284, 595, 459, 231, 110, 758, 52, 0, 0
15:14:38, 1438.00, 28.05, 27.05, 29.422, 51, 82, 232, 513, 912, 825, 624, 372, 1797, 108, 0, 0, 27, 30, 105, 289, 618, 479, 243, 117, 833, 57, 0, 0
15:14:39, 1440.40, 28.05, 27.05, 29.422, 55, 89, 250, 553, 943, 850, 639, 382, 1901, 115, 0, 0, 26, 30, 102, 283, 592, 458, 230, 110, 776, 53, 0, 0
15:14:39, 1436.30, 28.05, 27.01, 29.383, 51, 81, 229, 508, 866, 777, 580, 343, 1657, 100, 0, 0, 28, 32, 112, 309, 677, 523, 267, 127, 866, 60, 0, 0
15:14:40, 1434.30, 28.05, 27.05, 29.352, 46, 70, 198, 443, 780, 706, 517, 311, 1295, 77, 0, 0, 31, 35, 122, 334, 709, 546, 281, 133, 853, 59, 0, 0
15:14:41, 1433.80, 28.05, 27.05, 29.352, 46, 69, 196, 438, 817, 736, 539, 326, 1276, 76, 0, 0, 30, 35, 119, 326, 677, 521, 265, 126, 814, 56, 0, 0
15:14:41, 1436.00, 28.05, 27.05, 29.336, 53, 84, 239, 533, 958, 865, 648, 383, 1754, 104, 0, 0, 27, 31, 106, 293, 619, 479, 242, 117, 802, 55, 0, 0
15:14:42, 1431.10, 28.06, 27.05, 29.344, 55, 87, 245, 519, 915, 835, 616, 383, 1920, 118, 0, 0, 28, 33, 112, 306, 649, 504, 259, 126, 874, 60, 0, 0
15:14:43, 1432.90, 28.06, 27.05, 29.344, 56, 91, 253, 553, 949, 857, 651, 394, 1862, 112, 0, 0, 30, 35, 119, 325, 658, 509, 261, 126, 857, 59, 0, 0
15:14:43, 1435.70, 28.06, 27.08, 29.352, 56, 90, 252, 556, 959, 867, 652, 386, 1875, 113, 0, 0, 27, 31, 107, 296, 630, 485, 246, 117, 798, 55, 0, 0
15:14:44, 1439.80, 28.06, 27.05, 29.352, 48, 75, 213, 474, 834, 752, 555, 333, 1358, 80, 0, 0, 28, 32, 110, 303, 624, 480, 242, 115, 761, 52, 0, 0
15:14:45, 1443.00, 28.06, 27.08, 29.352, 46, 69, 196, 434, 708, 642, 454, 274, 1021, 61, 0, 0, 33, 37, 128, 349, 733, 562, 289, 136, 819, 56, 0, 0
15:14:45, 1448.90, 28.06, 27.05, 29.328, 42, 61, 175, 398, 684, 616, 432, 256, 924, 55, 0, 0, 31, 35, 123, 339, 734, 562, 286, 133, 806, 55, 0, 0
15:14:46, 1459.30, 28.06, 27.08, 29.336, 34, 47, 138, 321, 663, 597, 421, 246, 1028, 61, 0, 0, 25, 28, 98, 274, 543, 418, 206, 97, 688, 47, 0, 0
15:14:47, 1455.80, 28.06, 27.07, 29.336, 42, 64, 184, 403, 676, 609, 427, 251, 1421, 89, 0, 0, 25, 28, 98, 274, 564, 437, 218, 104, 766, 53, 0, 0
15:14:47, 1461.20, 28.07, 27.05, 29.352, 40, 61, 176, 404, 566, 506, 357, 197, 1017, 63, 0, 0, 32, 36, 124, 347, 748, 580, 294, 137, 941, 66, 0, 0
15:14:48, 1473.70, 28.06, 27.10, 29.359, 25, 34, 99, 240, 456, 413, 271, 152, 652, 40, 0, 0, 28, 30, 107, 304, 646, 492, 246, 112, 728, 50, 0, 0
15:14:49, 1477.80, 28.07, 27.07, 29.359, 25, 33, 97, 235, 451, 406, 263, 148, 607, 37, 0, 0, 26, 29, 101, 288, 624, 474, 235, 106, 687, 47, 0, 0
15:14:49, 1487.80, 28.07, 27.07, 29.359, 28, 39, 116, 279, 571, 508, 348, 194, 878, 52, 0, 0, 20, 21, 75, 219, 457, 349, 166, 76, 564, 39, 0, 0
15:14:50, 1487.30, 28.07, 27.07, 29.375, 35, 53, 158, 366, 654, 577, 406, 226, 1277, 79, 0, 0, 19, 21, 74, 215, 495, 380, 182, 84, 642, 44, 0, 0
15:14:51, 1501.90, 28.07, 27.08, 29.375, 25, 35, 105, 257, 524, 464, 319, 175, 901, 55, 0, 0, 19, 20, 70, 205, 427, 325, 153, 69, 520, 35, 0, 0
15:14:51, 1509.50, 28.07, 27.07, 29.391, 31, 46, 136, 324, 585, 518, 356, 193, 1049, 64, 0, 0, 16, 17, 60, 180, 405, 307, 142, 64, 481, 33, 0, 0
15:14:52, 1513.10, 28.07, 27.08, 29.414, 25, 35, 107, 262, 434, 384, 249, 135, 611, 37, 0, 0, 19, 20, 70, 209, 465, 351, 164, 72, 508, 35, 0, 0
15:14:53, 1510.60, 28.08, 27.08, 29.414, 20, 26, 79, 199, 379, 334, 211, 114, 477, 29, 0, 0, 20, 21, 75, 223, 503, 379, 180, 79, 535, 37, 0, 0
15:14:53, 1510.20, 28.08, 27.10, 29.414, 19, 24, 73, 184, 362, 323, 202, 109, 495, 30, 0, 0, 20, 21, 76, 227, 485, 369, 174, 77, 564, 39, 0, 0
15:14:54, 1514.60, 28.08, 27.08, 29.414, 25, 34, 104, 256, 504, 442, 296, 159, 836, 51, 0, 0, 16, 17, 60, 181, 410, 313, 144, 64, 510, 35, 0, 0
15:14:55, 1513.10, 28.09, 27.07, 29.414, 24, 35, 105, 258, 476, 417, 279, 149, 828, 51, 0, 0, 18, 18, 65, 195, 453, 347, 162, 72, 561, 39, 0, 0
15:14:55, 1515.10, 28.09, 27.08, 29.406, 23, 31, 94, 234, 460, 406, 269, 145, 720, 43, 0, 0, 17, 18, 64, 194, 426, 323, 150, 67, 503, 34, 0, 0
15:14:56, 1515.70, 28.09, 27.10, 29.406, 25, 36, 109, 266, 525, 462, 311, 167, 877, 53, 0, 0, 15, 16, 57, 171, 392, 297, 136, 61, 473, 32, 0, 0
15:14:57, 1507.90, 28.09, 27.08, 29.406, 25, 35, 105, 260, 497, 435, 293, 157, 864, 53, 0, 0, 18, 18, 65, 193, 457, 350, 163, 73, 583, 40, 0, 0
15:14:57, 1502.90, 28.10, 27.16, 29.406, 22, 30, 91, 228, 445, 392, 261, 139, 750, 46, 0, 0, 19, 20, 71, 212, 474, 362, 170, 76, 585, 40, 0, 0
15:14:58, 1498.00, 28.10, 27.14, 29.414, 25, 36, 106, 260, 509, 450, 304, 166, 819, 49, 0, 0, 19, 20, 70, 208, 470, 357, 168, 75, 555, 38, 0, 0
15:14:59, 1490.60, 28.10, 27.10, 29.414, 27, 38, 115, 278, 533, 473, 320, 178, 801, 48, 0, 0, 20, 21, 76, 224, 498, 379, 180, 81, 584, 40, 0, 0
15:14:59, 1486.90, 28.10, 27.12, 29.398, 28, 39, 116, 281, 544, 485, 331, 185, 850, 51, 0, 0, 21, 22, 79, 230, 500, 381, 182, 83, 615, 42, 0, 0
15:15:00, 1483.80, 28.11, 27.10, 29.398, 29, 43, 126, 300, 575, 510, 356, 198, 1019, 62, 0, 0, 20, 22, 78, 227, 496, 379, 180, 82, 625, 43, 0, 0
15:15:01, 1481.50, 28.11, 27.12, 29.398, 29, 42, 125, 299, 553, 489, 337, 186, 947, 58, 0, 0, 22, 24, 84, 244, 526, 402, 193, 88, 658, 45, 0, 0
15:15:01, 1478.10, 28.11, 27.12, 29.375, 31, 44, 130, 310, 579, 513, 354, 198, 949, 57, 0, 0, 22, 24, 84, 243, 527, 401, 193, 88, 629, 43, 0, 0
15:15:02, 1470.90, 28.11, 27.12, 29.375, 31, 45, 132, 311, 582, 519, 358, 204, 899, 54, 0, 0, 24, 26, 91, 261, 576, 439, 214, 98, 685, 47, 0, 0
15:15:03, 1467.20, 28.11, 27.16, 29.375, 33, 47, 137, 324, 614, 548, 381, 217, 979, 59, 0, 0, 25, 27, 96, 273, 592, 453, 222, 103, 719, 49, 0, 0
15:15:03, 1462.80, 28.12, 27.14, 29.367, 35, 51, 150, 351, 654, 585, 411, 236, 1041, 62, 0, 0, 26, 28, 99, 282, 610, 466, 230, 106, 730, 50, 0, 0
15:15:04, 1461.50, 28.12, 27.10, 29.383, 40, 60, 174, 400, 729, 651, 465, 267, 1163, 69, 0, 0, 25, 28, 98, 277, 596, 455, 224, 103, 716, 49, 0, 0
15:15:05, 1455.40, 28.12, 27.14, 29.383, 43, 66, 191, 435, 776, 691, 499, 287, 1355, 81, 0, 0, 26, 29, 102, 288, 627, 482, 239, 112, 819, 56, 0, 0
15:15:05, 1452.20, 28.12, 27.12, 29.375, 42, 65, 186, 425, 771, 686, 499, 288, 1412, 85, 0, 0, 27, 31, 107, 300, 649, 499, 248, 117, 845, 58, 0, 0
15:15:06, 1447.10, 28.12, 27.14, 29.375, 42, 64, 183, 417, 709, 635, 458, 266, 1259, 76, 0, 0, 30, 34, 118, 328, 694, 533, 268, 126, 877, 60, 0, 0
15:15:07, 1440.70, 28.12, 27.12, 29.375, 38, 56, 160, 370, 658, 594, 416, 243, 1037, 62, 0, 0, 32, 37, 128, 352, 748, 573, 292, 136, 890, 61, 0, 0
15:15:07, 1440.90, 28.13, 27.10, 29.359, 39, 56, 163, 373, 666, 602, 419, 249, 946, 56, 0, 0, 33, 39, 133, 366, 734, 561, 286, 134, 859, 59, 0, 0
15:15:08, 1440.40, 28.13, 27.16, 29.359, 48, 73, 208, 466, 837, 755, 555, 330, 1338, 79, 0, 0, 31, 35, 121, 334, 693, 532, 269, 128, 882, 61, 0, 0
15:15:09, 1436.40, 28.13, 27.12, 29.359, 52, 83, 236, 525, 919, 824, 618, 363, 1809, 109, 0, 0, 30, 35, 121, 333, 734, 568, 288, 139, 1016, 70, 0, 0
15:15:09, 1435.50, 28.13, 27.16, 29.352, 42, 65, 186, 422, 758, 674, 500, 289, 1509, 94, 0, 0, 35, 40, 137, 374, 769, 595, 303, 144, 1020, 71, 0, 0
15:15:10, 1433.70, 28.13, 27.17, 29.352, 44, 67, 190, 430, 741, 666, 478, 282, 1225, 73, 0, 0, 34, 39, 134, 367, 765, 587, 300, 142, 933, 64, 0, 0
15:15:11, 1429.00, 28.13, 27.14, 29.352, 47, 70, 199, 446, 820, 739, 537, 326, 1268, 75, 0, 0, 34, 40, 138, 374, 789, 604, 312, 148, 944, 65, 0, 0
15:15:11, 1421.20, 28.14, 27.16, 29.352, 52, 80, 227, 501, 855, 773, 564, 343, 1312, 78, 0, 0, 37, 44, 151, 404, 842, 648, 339, 163, 1032, 71, 0, 0
15:15:12, 1421.60, 28.14, 27.16, 29.367, 57, 90, 252, 548, 1012, 915, 693, 426, 1725, 102, 0, 0, 35, 42, 142, 381, 761, 586, 304, 147, 977, 67, 0, 0
15:15:13, 1415.00, 28.14, 27.14, 29.367, 67, 111, 307, 659, 1077, 971, 743, 451, 2158, 129, 0, 0, 36, 43, 146, 389, 834, 649, 338, 166, 1170, 81, 0, 0
15:15:13, 1409.90, 28.14, 27.16, 29.375, 55, 89, 247, 537, 915, 819, 629, 376, 1914, 119, 0, 0, 43, 52, 174, 460, 944, 737, 392, 192, 1301, 90, 0, 0
15:15:14, 1408.40, 28.15, 27.17, 29.391, 61, 99, 273, 589, 966, 876, 666, 411, 1748, 105, 0, 0, 42, 50, 169, 447, 912, 706, 376, 183, 1151, 79, 0, 0
15:15:15, 1404.10, 28.15, 27.19, 29.391, 57, 88, 245, 529, 903, 824, 607, 382, 1348, 80, 0, 0, 45, 55, 184, 483, 970, 747, 401, 195, 1137, 78, 0, 0
15:15:15, 1399.00, 28.15, 27.16, 29.391, 63, 98, 270, 582, 1002, 914, 687, 433, 1501, 88, 0, 0, 45, 55, 184, 484, 992, 767, 414, 202, 1217, 84, 0, 0
15:15:16, 1395.50, 28.15, 27.19, 29.406, 59, 92, 253, 550, 956, 878, 666, 410, 1716, 103, 0, 0, 48, 59, 196, 510, 998, 780, 423, 210, 1342, 93, 0, 0
15:15:17, 1397.20, 28.15, 27.16, 29.406, 71, 118, 320, 676, 1209, 1100, 866, 542, 2393, 143, 0, 0, 41, 51, 169, 441, 880, 684, 366, 182, 1180, 81, 0, 0
15:15:17, 1393.60, 28.16, 27.16, 29.414, 68, 111, 301, 643, 1064, 971, 755, 469, 2052, 124, 0, 0, 45, 56, 188, 487, 965, 751, 405, 201, 1275, 88, 0, 0
15:15:18, 1395.50, 28.16, 27.16, 29.422, 67, 108, 294, 624, 1082, 986, 756, 477, 1864, 111, 0, 0, 44, 54, 181, 472, 970, 750, 404, 199, 1217, 84, 0, 0
15:15:19, 1393.10, 28.16, 27.19, 29.422, 72, 116, 315, 668, 1144, 1047, 812, 518, 1989, 118, 0, 0, 46, 57, 190, 492, 992, 773, 418, 208, 1322, 91, 0, 0
15:15:19, 1392.80, 28.16, 27.17, 29.430, 67, 110, 298, 635, 1092, 992, 776, 483, 2161, 131, 0, 0, 44, 54, 181, 471, 945, 737, 396, 197, 1290, 89, 0, 0
15:15:20, 1393.50, 28.16, 27.19, 29.437, 63, 100, 272, 586, 987, 905, 695, 433, 1839, 111, 0, 0, 50, 61, 204, 529, 1046, 814, 445, 220, 1360, 94, 0, 0
15:15:21, 1397.10, 28.17, 27.19, 29.437, 59, 89, 246, 536, 936, 866, 648, 406, 1533, 91, 0, 0, 49, 61, 203, 528, 1055, 818, 447, 219, 1308, 90, 0, 0
15:15:21, 1403.80, 28.17, 27.21, 29.445, 64, 100, 275, 591, 1033, 943, 719, 456, 1679, 99, 0, 0, 42, 51, 173, 455, 878, 682, 363, 178, 1139, 78, 0, 0
15:15:22, 1404.10, 28.17, 27.19, 29.469, 68, 111, 305, 655, 1130, 1025, 799, 492, 2272, 137, 0, 0, 41, 49, 166, 437, 921, 720, 383, 190, 1281, 88, 0, 0
15:15:23, 1404.00, 28.17, 27.19, 29.469, 61, 99, 274, 594, 1032, 934, 722, 444, 2012, 122, 0, 0, 42, 51, 171, 451, 916, 713, 380, 186, 1212, 84, 0, 0
15:15:23, 1404.70, 28.17, 27.14, 29.477, 62, 99, 273, 590, 1063, 966, 740, 463, 1832, 109, 0, 0, 40, 49, 164, 434, 920, 712, 379, 185, 1147, 79, 0, 0
15:15:24, 1404.10, 28.18, 27.19, 29.484, 61, 95, 263, 568, 1015, 924, 702, 440, 1703, 101, 0, 0, 43, 52, 174, 459, 936, 723, 386, 188, 1170, 81, 0, 0
15:15:25, 1404.70, 28.18, 27.19, 29.484, 66, 106, 292, 626, 1070, 972, 741, 467, 1787, 106, 0, 0, 42, 52, 174, 458, 916, 708, 377, 184, 1164, 80, 0, 0
15:15:25, 1402.90, 28.18, 27.17, 29.461, 70, 114, 314, 672, 1101, 1000, 770, 481, 2008, 120, 0, 0, 43, 52, 175, 460, 924, 718, 382, 188, 1236, 85, 0, 0
15:15:26, 1401.10, 28.19, 27.21, 29.437, 66, 107, 293, 629, 1072, 971, 745, 463, 1973, 118, 0, 0, 45, 55, 184, 480, 963, 747, 399, 196, 1256, 87, 0, 0
15:15:27, 1394.90, 28.19, 27.19, 29.437, 64, 100, 275, 592, 964, 885, 664, 413, 1649, 98, 0, 0, 49, 60, 202, 524, 1047, 811, 440, 216, 1326, 92, 0, 0
15:15:27, 1392.00, 28.19, 27.23, 29.406, 62, 95, 262, 563, 942, 870, 641, 405, 1460, 87, 0, 0, 51, 64, 213, 549, 1097, 846, 462, 227, 1321, 91, 0, 0
15:15:28, 1386.70, 28.19, 27.21, 29.391, 64, 98, 269, 573, 984, 908, 672, 432, 1463, 87, 0, 0, 53, 66, 221, 567, 1166, 903, 498, 246, 1444, 100, 0, 0
15:15:29, 1388.10, 28.19, 27.21, 29.391, 62, 92, 253, 546, 1052, 972, 737, 473, 1700, 101, 0, 0, 48, 60, 199, 513, 1010, 782, 424, 210, 1294, 89, 0, 0
15:15:29, 1386.80, 28.20, 27.19, 29.359, 73, 119, 322, 678, 1182, 1077, 854, 541, 2309, 140, 0, 0, 51, 64, 212, 543, 1162, 905, 498, 248, 1520, 105, 0, 0
15:15:30, 1389.10, 28.19, 27.19, 29.359, 65, 100, 274, 586, 1014, 937, 709, 451, 1684, 100, 0, 0, 53, 67, 221, 567, 1135, 879, 482, 238, 1449, 100, 0, 0
15:15:31, 1391.30, 28.20, 27.21, 29.344, 68, 107, 291, 623, 1027, 943, 717, 452, 1726, 103, 0, 0, 51, 64, 212, 547, 1041, 804, 434, 214, 1342, 93, 0, 0
15:15:31, 1389.60, 28.20, 27.24, 29.328, 60, 93, 256, 555, 933, 860, 648, 403, 1641, 98, 0, 0, 52, 65, 218, 561, 1127, 872, 475, 234, 1439, 99, 0, 0
15:15:32, 1388.30, 28.20, 27.26, 29.328, 65, 100, 272, 585, 1014, 934, 709, 451, 1684, 100, 0, 0, 51, 64, 213, 549, 1096, 847, 461, 227, 1384, 95, 0, 0
15:15:33, 1386.60, 28.20, 27.23, 29.328, 68, 108, 294, 626, 1127, 1032, 790, 506, 1818, 107, 0, 0, 51, 64, 213, 548, 1091, 839, 456, 224, 1327, 91, 0, 0
15:15:33, 1380.90, 28.20, 27.23, 29.344, 74, 117, 317, 666, 1087, 1001, 757, 487, 1736, 103, 0, 0, 56, 70, 234, 596, 1184, 915, 505, 250, 1483, 102, 0, 0
15:15:34, 1380.20, 28.20, 27.24, 29.344, 81, 133, 356, 739, 1290, 1179, 928, 603, 2321, 137, 0, 0, 51, 65, 215, 548, 1085, 839, 458, 229, 1402, 96, 0, 0
15:15:35, 1376.20, 28.21, 27.24, 29.352, 80, 130, 349, 725, 1219, 1121, 871, 563, 2156, 127, 0, 0, 55, 71, 233, 591, 1140, 881, 485, 243, 1457, 100, 0, 0
15:15:35, 1374.40, 28.21, 27.23, 29.352, 87, 142, 381, 786, 1364, 1247, 983, 642, 2231, 130, 0, 0, 54, 69, 228, 577, 1108, 854, 469, 235, 1404, 96, 0, 0
15:15:36, 1366.70, 28.21, 27.23, 29.352, 89, 148, 393, 807, 1336, 1224, 968, 633, 2445, 145, 0, 0, 58, 75, 247, 621, 1242, 967, 537, 273, 1686, 116, 0, 0
15:15:37, 1360.90, 28.21, 27.23, 29.359, 90, 151, 396, 815, 1319, 1215, 969, 630, 2535, 152, 0, 0, 63, 82, 267, 664, 1280, 995, 559, 286, 1705, 117, 0, 0
15:15:37, 1359.90, 28.21, 27.24, 29.367, 108, 184, 481, 964, 1646, 1512, 1237, 837, 2878, 169, 0, 0, 60, 79, 258, 640, 1234, 959, 537, 276, 1646, 113, 0, 0
15:15:38, 1356.80, 28.22, 27.26, 29.367, 102, 176, 459, 923, 1485, 1363, 1110, 733, 2983, 178, 0, 0, 61, 81, 262, 649, 1273, 994, 557, 288, 1788, 123, 0, 0
15:15:39, 1356.90, 28.22, 27.21, 29.383, 98, 169, 440, 893, 1531, 1406, 1159, 768, 3228, 195, 0, 0, 63, 83, 269, 666, 1304, 1017, 572, 295, 1814, 125, 0, 0
15:15:39, 1360.50, 28.22, 27.30, 29.398, 100, 172, 446, 900, 1533, 1411, 1149, 772, 2927, 173, 0, 0, 61, 80, 261, 648, 1241, 963, 538, 276, 1638, 113, 0, 0
15:15:40, 1362.80, 28.22, 27.28, 29.398, 111, 193, 503, 1004, 1609, 1480, 1207, 804, 2933, 171, 0, 0, 60, 78, 255, 636, 1274, 988, 554, 282, 1679, 115, 0, 0
15:15:41, 1363.10, 28.22, 27.28, 29.398, 87, 143, 376, 780, 1351, 1246, 999, 656, 2592, 155, 0, 0, 62, 81, 265, 662, 1313, 1022, 570, 291, 1802, 124, 0, 0
15:15:41, 1364.90, 28.22, 27.26, 29.391, 85, 141, 371, 771, 1318, 1214, 967, 624, 2567, 154, 0, 0, 62, 81, 264, 659, 1240, 963, 536, 275, 1672, 115, 0, 0
15:15:42, 1365.10, 28.23, 27.26, 29.391, 102, 175, 457, 924, 1565, 1432, 1163, 774, 2986, 176, 0, 0, 58, 76, 247, 616, 1214, 942, 523, 267, 1646, 113, 0, 0
15:15:43, 1360.80, 28.23, 27.30, 29.398, 100, 175, 456, 916, 1459, 1339, 1078, 716, 2795, 167, 0, 0, 64, 83, 272, 675, 1307, 1015, 569, 291, 1753, 121, 0, 0
15:15:43, 1361.60, 28.23, 27.26, 29.398, 98, 163, 429, 872, 1491, 1372, 1097, 731, 2605, 153, 0, 0, 61, 80, 261, 649, 1232, 953, 530, 271, 1597, 110, 0, 0
15:15:44, 1360.60, 28.22, 27.26, 29.398, 121, 215, 556, 1111, 1833, 1702, 1407, 926, 3954, 231, 0, 0, 54, 70, 228, 569, 1124, 873, 484, 250, 1561, 107, 0, 0
15:15:45, 1355.20, 28.22, 27.24, 29.422, 94, 162, 422, 861, 1408, 1287, 1063, 690, 3114, 192, 0, 0, 65, 86, 279, 689, 1323, 1033, 580, 301, 1889, 130, 0, 0
15:15:46, 1349.80, 28.23, 27.26, 29.437, 91, 151, 395, 813, 1325, 1239, 983, 645, 2449, 145, 0, 0, 73, 98, 315, 773, 1505, 1171, 672, 345, 1968, 136, 0, 0
15:15:46, 1349.00, 28.23, 27.26, 29.437, 98, 154, 406, 824, 1374, 1283, 1001, 679, 2165, 127, 0, 0, 74, 99, 320, 782, 1502, 1164, 668, 343, 1881, 129, 0, 0
15:15:47, 1347.00, 28.23, 27.28, 29.461, 101, 162, 421, 851, 1371, 1293, 1021, 691, 2354, 138, 0, 0, 76, 102, 327, 799, 1457, 1136, 649, 337, 1967, 135, 0, 0
15:15:48, 1346.60, 28.24, 27.28, 29.477, 107, 183, 471, 944, 1577, 1462, 1195, 807, 2989, 177, 0, 0, 71, 95, 305, 746, 1381, 1076, 612, 319, 1898, 130, 0, 0
15:15:48, 1346.50, 28.24, 27.28, 29.477, 112, 197, 505, 1006, 1779, 1635, 1362, 923, 3714, 222, 0, 0, 64, 86, 276, 677, 1295, 1008, 570, 297, 1778, 122, 0, 0
15:15:49, 1338.90, 28.24, 27.30, 29.484, 114, 197, 504, 1000, 1627, 1512, 1243, 846, 3084, 182, 0, 0, 73, 99, 316, 769, 1550, 1210, 702, 366, 2056, 142, 0, 0
15:15:50, 1337.70, 28.24, 27.33, 29.500, 108, 174, 449, 899, 1503, 1420, 1134, 781, 2513, 147, 0, 0, 78, 105, 336, 815, 1544, 1200, 695, 362, 1961, 135, 0, 0
15:15:50, 1336.20, 28.24, 27.30, 29.500, 122, 207, 527, 1030, 1639, 1528, 1237, 860, 2669, 155, 0, 0, 80, 109, 348, 841, 1537, 1198, 695, 363, 1996, 137, 0, 0
15:15:51, 1336.80, 28.25, 27.28, 29.500, 138, 244, 619, 1207, 1946, 1802, 1517, 1038, 3777, 221, 0, 0, 71, 96, 307, 742, 1369, 1073, 615, 326, 1966, 135, 0, 0
15:15:52, 1332.20, 28.25, 27.30, 29.523, 141, 259, 652, 1256, 1963, 1811, 1539, 1057, 4553, 273, 0, 0, 74, 100, 318, 766, 1454, 1146, 662, 352, 2178, 149, 0, 0
15:15:52, 1332.10, 28.25, 27.30, 29.523, 140, 255, 640, 1246, 2026, 1879, 1596, 1096, 4426, 262, 0, 0, 74, 101, 320, 773, 1444, 1133, 654, 346, 2039, 140, 0, 0
15:15:53, 1331.70, 28.26, 27.30, 29.531, 137, 247, 621, 1198, 1994, 1851, 1560, 1089, 3950, 232, 0, 0, 73, 100, 317, 764, 1441, 1128, 653, 345, 1961, 134, 0, 0
15:15:54, 1325.20, 28.26, 27.32, 29.531, 150, 273, 680, 1299, 2163, 2001, 1716, 1201, 4343, 255, 0, 0, 75, 103, 325, 779, 1483, 1162, 676, 359, 2037, 140, 0, 0
15:15:54, 1320.70, 28.26, 27.32, 29.531, 155, 283, 703, 1341, 2200, 2046, 1746, 1222, 4483, 262, 0, 0, 79, 109, 344, 819, 1547, 1216, 714, 381, 2154, 148, 0, 0
15:15:55, 1319.20, 28.26, 27.32, 29.523, 178, 331, 816, 1545, 2356, 2203, 1909, 1339, 5173, 302, 0, 0, 79, 110, 346, 821, 1528, 1202, 707, 379, 2156, 148, 0, 0
15:15:56, 1318.40, 28.27, 27.33, 29.523, 191, 358, 874, 1649, 2518, 2364, 2069, 1447, 5615, 325, 0, 0, 80, 111, 348, 822, 1568, 1235, 730, 393, 2219, 152, 0, 0
15:15:56, 1317.80, 28.27, 27.28, 29.523, 177, 331, 814, 1531, 2371, 2208, 1916, 1347, 5265, 308, 0, 0, 78, 108, 340, 806, 1517, 1193, 701, 376, 2141, 147, 0, 0
15:15:57, 1314.30, 28.27, 27.30, 29.508, 175, 326, 802, 1503, 2438, 2279, 1987, 1416, 5366, 315, 0, 0, 79, 110, 346, 819, 1549, 1218, 718, 386, 2173, 149, 0, 0
15:15:58, 1307.90, 28.27, 27.33, 29.516, 182, 340, 831, 1553, 2456, 2293, 2013, 1427, 5425, 317, 0, 0, 85, 120, 372, 873, 1644, 1299, 775, 421, 2372, 162, 0, 0
15:15:58, 1304.10, 28.28, 27.35, 29.516, 181, 338, 820, 1524, 2353, 2196, 1937, 1403, 5213, 312, 0, 0, 95, 135, 416, 967, 1763, 1399, 843, 461, 2585, 177, 0, 0
15:15:59, 1307.40, 28.28, 27.33, 29.523, 171, 317, 769, 1439, 2233, 2088, 1839, 1314, 5140, 310, 0, 0, 90, 127, 392, 915, 1663, 1314, 788, 429, 2368, 162, 0, 0
15:16:00, 1308.30, 28.28, 27.28, 29.555, 164, 291, 710, 1342, 2046, 1936, 1662, 1196, 3957, 231, 0, 0, 96, 135, 418, 980, 1853, 1466, 886, 479, 2584, 178, 0, 0
15:16:00, 1313.70, 28.28, 27.32, 29.555, 127, 217, 534, 1046, 1705, 1623, 1376, 946, 3519, 207, 0, 0, 95, 133, 413, 970, 1719, 1358, 813, 438, 2410, 166, 0, 0
15:16:01, 1317.60, 28.28, 27.33, 29.547, 172, 318, 781, 1472, 2349, 2191, 1905, 1366, 5094, 302, 0, 0, 80, 112, 350, 830, 1579, 1245, 734, 394, 2247, 154, 0, 0
15:16:02, 1317.50, 28.29, 27.33, 29.539, 143, 259, 641, 1227, 1967, 1836, 1581, 1110, 4207, 252, 0, 0, 86, 119, 372, 881, 1695, 1339, 795, 426, 2418, 166, 0, 0
15:16:02, 1321.30, 28.29, 27.33, 29.539, 133, 234, 578, 1132, 1810, 1699, 1463, 1012, 3864, 230, 0, 0, 89, 124, 387, 916, 1687, 1329, 787, 419, 2366, 163, 0, 0
15:16:03, 1326.50, 28.29, 27.32, 29.547, 153, 278, 692, 1320, 2110, 1961, 1676, 1180, 4330, 255, 0, 0, 77, 105, 333, 798, 1476, 1158, 675, 358, 2041, 140, 0, 0
15:16:04, 1324.50, 28.29, 27.35, 29.578, 153, 280, 699, 1338, 1989, 1849, 1575, 1097, 4138, 246, 0, 0, 80, 110, 346, 826, 1551, 1219, 714, 379, 2178, 150, 0, 0
15:16:04, 1324.90, 28.30, 27.33, 29.578, 143, 258, 641, 1230, 1978, 1836, 1571, 1105, 4097, 243, 0, 0, 81, 112, 352, 838, 1535, 1206, 707, 376, 2152, 148, 0, 0
15:16:05, 1328.60, 28.30, 27.35, 29.578, 164, 302, 753, 1434, 2288, 2131, 1835, 1270, 5067, 296, 0, 0, 72, 99, 312, 748, 1404, 1101, 637, 340, 1964, 134, 0, 0
15:16:06, 1325.40, 28.30, 27.33, 29.547, 153, 280, 699, 1333, 2018, 1874, 1596, 1126, 4142, 246, 0, 0, 79, 108, 342, 817, 1563, 1227, 718, 381, 2174, 149, 0, 0
15:16:06, 1322.60, 28.31, 27.35, 29.547, 136, 236, 590, 1144, 1863, 1754, 1474, 1040, 3598, 210, 0, 0, 85, 117, 369, 878, 1628, 1276, 751, 397, 2195, 151, 0, 0
15:16:07, 1324.70, 28.31, 27.35, 29.539, 153, 277, 693, 1324, 2163, 2007, 1717, 1206, 4482, 265, 0, 0, 77, 106, 334, 800, 1499, 1177, 686, 364, 2113, 145, 0, 0
15:16:08, 1319.90, 28.31, 27.37, 29.555, 165, 307, 760, 1442, 2225, 2064, 1782, 1252, 4911, 291, 0, 0, 82, 114, 359, 849, 1586, 1250, 736, 396, 2296, 157, 0, 0
15:16:08, 1317.50, 28.31, 27.35, 29.555, 166, 307, 756, 1427, 2121, 1973, 1713, 1211, 4661, 279, 0, 0, 87, 122, 382, 899, 1652, 1300, 770, 413, 2335, 160, 0, 0
15:16:09, 1317.90, 28.31, 27.39, 29.547, 167, 308, 760, 1426, 2211, 2058, 1776, 1276, 4483, 266, 0, 0, 84, 118, 369, 872, 1609, 1263, 746, 399, 2218, 152, 0, 0
15:16:10, 1315.90, 28.32, 27.33, 29.555, 178, 328, 813, 1536, 2393, 2231, 1941, 1387, 5076, 300, 0, 0, 82, 115, 360, 851, 1601, 1262, 744, 400, 2314, 159, 0, 0
15:16:10, 1313.00, 28.32, 27.37, 29.555, 149, 276, 678, 1287, 1980, 1828, 1597, 1105, 4703, 288, 0, 0, 89, 125, 390, 915, 1666, 1318, 782, 424, 2485, 170, 0, 0
15:16:11, 1308.10, 28.32, 27.37, 29.539, 159, 295, 718, 1362, 2027, 1902, 1675, 1170, 4562, 275, 0, 0, 94, 133, 413, 966, 1754, 1382, 828, 446, 2462, 169, 0, 0
15:16:12, 1307.90, 28.32, 27.39, 29.531, 168, 302, 739, 1385, 2172, 2037, 1748, 1263, 4127, 239, 0, 0, 95, 134, 415, 968, 1791, 1410, 849, 458, 2425, 167, 0, 0
15:16:12, 1308.40, 28.33, 27.37, 29.531, 177, 319, 776, 1448, 2239, 2102, 1827, 1338, 4429, 258, 0, 0, 95, 135, 418, 973, 1734, 1369, 820, 445, 2477, 170, 0, 0
15:16:13, 1306.10, 28.33, 27.37, 29.516, 203, 384, 931, 1744, 2457, 2290, 2018, 1441, 5830, 348, 0, 0, 97, 138, 426, 991, 1887, 1502, 903, 494, 2914, 200, 0, 0
15:16:14, 1304.50, 28.33, 27.37, 29.500, 144, 265, 649, 1244, 1961, 1819, 1603, 1106, 4744, 293, 0, 0, 100, 142, 440, 1021, 1861, 1478, 890, 486, 2790, 191, 0, 0
15:16:14, 1307.40, 28.33, 27.37, 29.500, 152, 275, 664, 1277, 2253, 2115, 1878, 1352, 5097, 306, 0, 0, 89, 127, 392, 916, 1687, 1329, 795, 432, 2370, 162, 0, 0
15:16:15, 1302.30, 28.33, 27.37, 29.516, 151, 266, 650, 1234, 1997, 1887, 1614, 1157, 3926, 229, 0, 0, 98, 139, 430, 1001, 1895, 1493, 906, 490, 2544, 175, 0, 0
15:16:16, 1299.90, 28.34, 27.39, 29.531, 173, 295, 723, 1361, 2161, 2063, 1759, 1303, 3684, 212, 0, 0, 103, 146, 452, 1047, 1903, 1498, 909, 491, 2548, 175, 0, 0
15:16:16, 1301.20, 28.34, 27.39, 29.531, 173, 310, 748, 1394, 2340, 2195, 1930, 1410, 4760, 279, 0, 0, 95, 135, 419, 972, 1782, 1410, 850, 464, 2555, 175, 0, 0
15:16:17, 1299.20, 28.34, 27.39, 29.523, 199, 379, 911, 1677, 2643, 2479, 2212, 1611, 6687, 399, 0, 0, 94, 134, 412, 955, 1781, 1415, 854, 471, 2709, 185, 0, 0
15:16:18, 1295.20, 28.35, 27.37, 29.547, 177, 334, 802, 1489, 2249, 2091, 1895, 1340, 5555, 342, 0, 0, 102, 146, 448, 1031, 1898, 1507, 918, 505, 2810, 193, 0, 0
15:16:18, 1294.20, 28.35, 27.39, 29.547, 168, 296, 706, 1337, 2325, 2198, 1936, 1429, 4711, 275, 0, 0, 101, 144, 442, 1020, 1925, 1522, 928, 507, 2648, 182, 0, 0
15:16:19, 1290.30, 28.35, 27.39, 29.531, 194, 354, 851, 1570, 2543, 2397, 2125, 1577, 5264, 308, 0, 0, 105, 150, 460, 1059, 1974, 1565, 960, 528, 2804, 192, 0, 0
15:16:20, 1286.60, 28.35, 27.42, 29.539, 213, 400, 951, 1729, 2672, 2507, 2250, 1679, 5652, 333, 0, 0, 109, 158, 479, 1096, 2000, 1591, 984, 547, 2902, 199, 0, 0
15:16:20, 1284.30, 28.35, 27.39, 29.539, 207, 388, 913, 1666, 2460, 2302, 2110, 1525, 6059, 370, 0, 0, 116, 170, 513, 1160, 2095, 1678, 1043, 588, 3250, 222, 0, 0
15:16:21, 1281.10, 28.36, 27.35, 29.562, 213, 412, 962, 1730, 2646, 2474, 2278, 1674, 6591, 403, 0, 0, 113, 165, 498, 1130, 2086, 1660, 1029, 572, 3038, 208, 0, 0
15:16:22, 1274.80, 28.36, 27.41, 29.578, 183, 325, 763, 1418, 2184, 2105, 1831, 1335, 4392, 255, 0, 0, 124, 182, 547, 1234, 2225, 1770, 1113, 623, 3074, 211, 0, 0
15:16:22, 1273.00, 28.36, 27.44, 29.578, 229, 408, 943, 1705, 2872, 2726, 2471, 1916, 5971, 345, 0, 0, 119, 176, 525, 1176, 2022, 1608, 1003, 566, 2904, 198, 0, 0
15:16:23, 1262.60, 28.37, 27.42, 29.562, 334, 648, 1473, 2626, 3871, 3724, 3472, 2619, 9420, 528, 0, 0, 121, 180, 535, 1189, 2244, 1797, 1140, 652, 3426, 234, 0, 0
15:16:24, 1251.80, 28.37, 27.44, 29.547, 214, 412, 934, 1701, 2468, 2276, 2274, 1533, 6978, 439, 0, 0, 163, 249, 724, 1572, 2872, 2324, 1513, 879, 4612, 316, 0, 0
15:16:24, 1250.50, 28.37, 27.39, 29.547, 182, 324, 745, 1384, 1888, 1817, 1610, 1134, 4238, 255, 0, 0, 186, 287, 826, 1780, 2967, 2389, 1572, 911, 4439, 306, 0, 0
15:16:25, 1256.60, 28.37, 27.41, 29.516, 278, 481, 1084, 1945, 2955, 2893, 2625, 2086, 5820, 330, 0, 0, 148, 226, 658, 1434, 2442, 1946, 1252, 717, 3462, 237, 0, 0
15:16:26, 1258.60, 28.37, 27.44, 29.523, 326, 629, 1421, 2456, 3766, 3575, 3331, 2584, 8151, 469, 0, 0, 128, 194, 571, 1258, 2224, 1777, 1129, 649, 3346, 228, 0, 0
15:16:26, 1259.20, 28.37, 27.42, 29.523, 276, 540, 1215, 2132, 3348, 3173, 2990, 2332, 8863, 542, 0, 0, 130, 197, 578, 1271, 2220, 1775, 1125, 648, 3409, 232, 0, 0
15:16:27, 1262.00, 28.38, 27.42, 29.516, 330, 651, 1448, 2534, 3775, 3639, 3429, 2577, 10147, 581, 0, 0, 122, 184, 541, 1193, 2093, 1671, 1055, 609, 3156, 214, 0, 0
15:16:28, 1258.30, 28.38, 27.41, 29.516, 307, 605, 1347, 2333, 2834, 2728, 2509, 1927, 6295, 366, 0, 0, 156, 238, 696, 1522, 2787, 2222, 1445, 823, 3881, 267, 0, 0
15:16:28, 1253.90, 28.38, 27.44, 29.516, 188, 301, 715, 1296, 1862, 1844, 1517, 1149, 3206, 192, 0, 0, 178, 272, 790, 1708, 2990, 2380, 1563, 893, 3963, 273, 0, 0
15:16:29, 1256.30, 28.38, 27.44, 29.500, 200, 320, 761, 1347, 2415, 2387, 2016, 1618, 3855, 225, 0, 0, 153, 232, 682, 1489, 2620, 2082, 1343, 763, 3548, 243, 0, 0
15:16:30, 1255.60, 28.38, 27.46, 29.500, 232, 405, 929, 1674, 2560, 2500, 2256, 1687, 5544, 321, 0, 0, 156, 239, 695, 1515, 2609, 2092, 1354, 780, 3926, 269, 0, 0
15:16:30, 1254.40, 28.38, 27.42, 29.500, 292, 563, 1266, 2225, 3009, 2887, 2687, 2041, 7109, 418, 0, 0, 147, 224, 652, 1424, 2500, 2005, 1291, 744, 3806, 260, 0, 0
15:16:31, 1255.30, 28.39, 27.44, 29.500, 244, 462, 1038, 1857, 2812, 2669, 2499, 1868, 6925, 415, 0, 0, 146, 222, 648, 1416, 2484, 1995, 1287, 744, 3807, 260, 0, 0
15:16:32, 1248.90, 28.39, 27.44, 29.508, 274, 523, 1160, 2091, 2889, 2783, 2660, 1947, 7259, 432, 0, 0, 154, 235, 683, 1487, 2630, 2113, 1378, 797, 3912, 268, 0, 0
15:16:32, 1247.30, 28.39, 27.44, 29.508, 255, 446, 1008, 1784, 2733, 2701, 2399, 1900, 5244, 299, 0, 0, 160, 246, 712, 1541, 2637, 2113, 1386, 804, 3676, 252, 0, 0
15:16:33, 1244.40, 28.39, 27.46, 29.516, 352, 628, 1400, 2406, 3811, 3683, 3445, 2838, 7102, 399, 0, 0, 160, 245, 708, 1531, 2711, 2179, 1435, 833, 3928, 270, 0, 0
15:16:34, 1239.00, 28.40, 27.44, 29.570, 258, 461, 1026, 1843, 2649, 2623, 2464, 1796, 6396, 369, 0, 0, 176, 273, 780, 1672, 2891, 2344, 1558, 920, 4507, 309, 0, 0
15:16:34, 1236.90, 28.40, 27.44, 29.570, 308, 589, 1277, 2272, 3254, 3158, 3062, 2345, 8284, 494, 0, 0, 173, 269, 766, 1635, 2748, 2221, 1473, 871, 4212, 288, 0, 0
15:16:35, 1234.10, 28.40, 27.44, 29.594, 384, 750, 1623, 2730, 3502, 3454, 3337, 2636, 8576, 488, 0, 0, 172, 267, 761, 1624, 2813, 2273, 1510, 891, 4271, 292, 0, 0
15:16:36, 1229.50, 28.40, 27.46, 29.633, 290, 532, 1154, 2054, 2824, 2828, 2653, 1997, 6751, 387, 0, 0, 189, 297, 839, 1778, 2992, 2421, 1627, 967, 4529, 310, 0, 0
15:16:36, 1225.10, 28.41, 27.48, 29.633, 306, 528, 1162, 2058, 3124, 3129, 2888, 2269, 6746, 386, 0, 0, 196, 309, 869, 1833, 3181, 2574, 1742, 1034, 4727, 325, 0, 0
15:16:37, 1221.80, 28.41, 27.46, 29.641, 275, 469, 1030, 1787, 2704, 2735, 2447, 1952, 5387, 311, 0, 0, 207, 327, 916, 1915, 3233, 2619, 1788, 1071, 4657, 320, 0, 0
15:16:38, 1218.80, 28.41, 27.44, 29.648, 384, 632, 1384, 2361, 3175, 3314, 2951, 2429, 6104, 350, 0, 0, 212, 336, 938, 1956, 3312, 2689, 1843, 1104, 4899, 337, 0, 0
15:16:38, 1213.40, 28.42, 27.46, 29.648, 319, 573, 1224, 2136, 2973, 2960, 2871, 2167, 7531, 436, 0, 0, 208, 332, 918, 1907, 3195, 2605, 1783, 1083, 5082, 347, 0, 0
15:16:39, 1210.30, 28.42, 27.50, 29.648, 386, 719, 1502, 2568, 3750, 3755, 3648, 3006, 8833, 495, 0, 0, 208, 334, 924, 1911, 3192, 2598, 1784, 1084, 4897, 335, 0, 0
15:16:40, 1206.50, 28.43, 27.46, 29.672, 401, 742, 1551, 2633, 3510, 3529, 3404, 2698, 8505, 484, 0, 0, 223, 358, 984, 2028, 3418, 2785, 1929, 1175, 5251, 360, 0, 0
15:16:40, 1205.50, 28.43, 27.51, 29.672, 357, 620, 1303, 2239, 3285, 3398, 3175, 2565, 7276, 413, 0, 0, 225, 363, 996, 2043, 3455, 2814, 1959, 1196, 5142, 353, 0, 0
15:16:41, 1201.90, 28.43, 27.48, 29.680, 440, 713, 1509, 2564, 3631, 3972, 3649, 3057, 7816, 440, 0, 0, 230, 371, 1016, 2080, 3505, 2856, 1991, 1217, 5252, 361, 0, 0
15:16:42, 1196.50, 28.44, 27.48, 29.687, 465, 782, 1630, 2773, 3507, 3669, 3462, 2818, 7785, 439, 0, 0, 247, 401, 1088, 2208, 3716, 3041, 2147, 1328, 5676, 390, 0, 0
15:16:42, 1194.80, 28.44, 27.48, 29.687, 406, 682, 1424, 2383, 3282, 3424, 3181, 2614, 7218, 414, 0, 0, 248, 405, 1093, 2210, 3613, 2959, 2090, 1297, 5543, 380, 0, 0
15:16:43, 1188.70, 28.44, 27.50, 29.687, 505, 919, 1867, 3101, 4415, 4531, 4502, 3805, 10920, 601, 0, 0, 244, 399, 1074, 2171, 3741, 3078, 2186, 1369, 6002, 410, 0, 0
15:16:44, 1183.60, 28.44, 27.50, 29.687, 416, 723, 1442, 2549, 3135, 3279, 3184, 2495, 7935, 460, 0, 0, 266, 437, 1169, 2341, 3928, 3224, 2307, 1444, 6019, 412, 0, 0
15:16:44, 1180.70, 28.45, 27.46, 29.687, 571, 899, 1867, 3031, 3722, 4057, 3653, 3187, 7488, 432, 0, 0, 298, 494, 1303, 2572, 4166, 3416, 2461, 1544, 6361, 437, 0, 0
15:16:45, 1178.70, 28.45, 27.46, 29.672, 408, 688, 1405, 2311, 3195, 3358, 3148, 2583, 7285, 423, 0, 0, 295, 493, 1297, 2554, 4202, 3456, 2496, 1578, 6702, 458, 0, 0
15:16:46, 1177.30, 28.45, 27.50, 29.648, 482, 810, 1605, 2768, 3618, 3877, 3747, 2994, 9072, 510, 0, 0, 298, 499, 1311, 2572, 4115, 3377, 2434, 1539, 6537, 446, 0, 0
15:16:46, 1172.50, 28.45, 27.48, 29.648, 495, 873, 1721, 2855, 3753, 3923, 3773, 3101, 8941, 506, 0, 0, 296, 497, 1301, 2543, 4211, 3448, 2493, 1578, 6496, 442, 0, 0
15:16:47, 1170.00, 28.46, 27.51, 29.617, 485, 772, 1593, 2449, 3569, 3814, 3298, 3067, 6270, 376, 0, 0, 330, 555, 1436, 2765, 4517, 3704, 2710, 1734, 6826, 467, 0, 0
15:16:48, 1164.40, 28.46, 27.50, 29.602, 569, 879, 1776, 2811, 3350, 3574, 3316, 2825, 7363, 432, 0, 0, 344, 584, 1503, 2895, 4734, 3901, 2861, 1830, 7703, 524, 0, 0
15:16:48, 1160.70, 28.46, 27.50, 29.602, 415, 754, 1474, 2429, 3356, 3390, 3431, 2681, 9240, 541, 0, 0, 353, 603, 1540, 2950, 4716, 3899, 2872, 1860, 7903, 535, 0, 0
15:16:49, 1158.60, 28.47, 27.51, 29.586, 478, 819, 1604, 2593, 3428, 3635, 3431, 2908, 7852, 468, 0, 0, 356, 608, 1548, 2951, 4661, 3835, 2833, 1832, 7357, 503, 0, 0
15:16:50, 1158.80, 28.47, 27.51, 29.594, 531, 861, 1680, 2592, 4069, 4646, 4259, 3929, 8557, 489, 0, 0, 330, 561, 1436, 2745, 4425, 3640, 2672, 1729, 6902, 468, 0, 0
15:16:50, 1152.80, 28.47, 27.53, 29.594, 632, 1127, 2112, 3581, 4392, 4597, 4929, 3808, 13257, 746, 0, 0, 367, 632, 1589, 3008, 4718, 3919, 2920, 1931, 8164, 550, 0, 0
15:16:51, 1150.50, 28.48, 27.53, 29.586, 705, 1364, 2486, 4025, 5002, 5030, 5424, 4553, 15063, 858, 0, 0, 338, 579, 1464, 2780, 4372, 3612, 2662, 1745, 7465, 502, 0, 0
15:16:52, 1145.80, 28.48, 27.48, 29.602, 757, 1459, 2638, 4215, 5654, 5813, 6340, 5402, 17383, 973, 0, 0, 364, 627, 1570, 2956, 4763, 3947, 2955, 1960, 8060, 544, 0, 0
15:16:52, 1140.70, 28.48, 27.51, 29.602, 622, 1057, 1994, 3116, 4095, 4498, 4173, 3793, 9023, 526, 0, 0, 404, 698, 1735, 3229, 5026, 4151, 3127, 2074, 7844, 532, 0, 0
15:16:53, 1135.00, 28.48, 27.55, 29.594, 730, 1093, 2134, 3138, 3685, 4014, 3654, 3446, 7391, 440, 0, 0, 454, 788, 1931, 3552, 5504, 4562, 3485, 2340, 8671, 589, 0, 0
15:16:54, 1129.20, 28.49, 27.51, 29.586, 1025, 1735, 3181, 4925, 5511, 6337, 6655, 5597, 15582, 816, 0, 0, 423, 738, 1803, 3322, 5126, 4267, 3245, 2207, 9160, 615, 0, 0
15:16:54, 1123.20, 28.49, 27.51, 29.586, 670, 1314, 2278, 3897, 5206, 5115, 6953, 4680, 22308, 1292, 0, 0, 463, 810, 1948, 3544, 5369, 4492, 3451, 2380, 9868, 660, 0, 0
15:16:55, 1122.70, 28.49, 27.55, 29.562, 654, 1235, 2163, 3555, 4602, 4702, 5580, 4258, 16708, 956, 0, 0, 460, 808, 1937, 3512, 5397, 4512, 3492, 2414, 9674, 649, 0, 0
15:16:56, 1119.40, 28.49, 27.55, 29.539, 928, 1509, 2690, 4253, 4941, 5953, 5706, 5189, 12165, 690, 0, 0, 477, 836, 2011, 3639, 5636, 4689, 3633, 2490, 9216, 625, 0, 0
15:16:56, 1118.50, 28.50, 27.55, 29.539, 960, 1457, 2694, 4078, 4858, 5734, 5374, 5080, 11069, 636, 0, 0, 518, 911, 2176, 3916, 5957, 4983, 3902, 2700, 10331, 701, 0, 0
15:16:57, 1119.10, 28.50, 27.59, 29.539, 1096, 1954, 3344, 5486, 5892, 6744, 7507, 6136, 20368, 1064, 0, 0, 473, 832, 1988, 3599, 5382, 4511, 3499, 2424, 9735, 653, 0, 0
15:16:58, 1117.80, 28.50, 27.55, 29.562, 956, 1739, 2920, 4912, 5671, 6651, 7261, 6116, 19349, 989, 0, 0, 464, 815, 1948, 3522, 5242, 4383, 3403, 2355, 9062, 611, 0, 0
15:16:58, 1116.90, 28.50, 27.53, 29.562, 1542, 2377, 4185, 6744, 6278, 7401, 7708, 7181, 17070, 900, 0, 0, 438, 767, 1846, 3352, 5028, 4190, 3225, 2210, 8716, 587, 0, 0
15:16:59, 1114.00, 28.51, 27.57, 29.586, 1059, 2068, 3515, 5359, 7119, 7208, 8360, 7438, 24876, 1521, 0, 0, 454, 798, 1899, 3426, 5224, 4398, 3435, 2412, 9772, 650, 0, 0
15:17:00, 1106.40, 28.51, 27.55, 29.586, 968, 1899, 3068, 5235, 6189, 6560, 8364, 6285, 25480, 1418, 0, 0, 500, 881, 2070, 3692, 5656, 4762, 3765, 2655, 10390, 696, 0, 0
15:17:00, 1103.80, 28.51, 27.53, 29.625, 1336, 2560, 4148, 6393, 9231, 9277, 10687, 11071, 30751, 1787, 0, 0, 481, 848, 1989, 3539, 5237, 4396, 3449, 2424, 9364, 626, 0, 0
15:17:01, 1097.10, 28.52, 27.55, 29.641, 2069, 4101, 7152, 9675, 11713, 11663, 12391, 14090, 34876, 2239, 0, 1, 507, 895, 2084, 3689, 5580, 4705, 3739, 2663, 10256, 686, 0, 0
15:17:02, 1088.40, 28.52, 27.55, 29.641, 1343, 2433, 3751, 6293, 6158, 7206, 8869, 6906, 25424, 1348, 0, 0, 586, 1040, 2370, 4131, 6175, 5231, 4229, 3053, 11543, 774, 0, 0
15:17:02, 1084.60, 28.52, 27.55, 29.656, 1772, 3506, 5696, 7938, 11779, 11790, 13446, 15188, 35979, 2355, 0, 1, 563, 998, 2271, 3942, 5988, 5072, 4106, 2973, 11139, 750, 0, 0
15:17:03, 1078.10, 28.52, 27.57, 29.648, 1508, 2625, 3865, 6778, 7591, 8125, 10272, 8559, 30219, 1733, 0, 0, 603, 1072, 2410, 4155, 6128, 5206, 4242, 3096, 11551, 771, 0, 0
15:17:04, 1072.80, 28.53, 27.57, 29.648, 2627, 5453, 8786, 11256, 11230, 11360, 13283, 15217, 36000, 2858, 1, 1, 621, 1104, 2464, 4218, 6406, 5442, 4453, 3257, 12309, 828, 0, 0
15:17:04, 1065.30, 28.53, 27.59, 29.664, 1932, 3671, 5345, 8108, 11443, 11520, 13857, 15606, 36000, 2864, 1, 1, 683, 1217, 2675, 4523, 6934, 5915, 4931, 3668, 13191, 892, 0, 0
15:17:05, 1059.80, 28.54, 27.60, 29.687, 1284, 1805, 2836, 4485, 3773, 4669, 4841, 4505, 12478, 904, 0, 0, 745, 1331, 2889, 4838, 6932, 5917, 4942, 3680, 13365, 903, 0, 0
15:17:06, 1048.00, 28.54, 27.59, 29.687, 1623, 2280, 3360, 6123, 5495, 7714, 8793, 6870, 24312, 1624, 0, 0, 806, 1440, 3063, 5065, 7247, 6217, 5269, 3994, 14229, 971, 0, 0
15:17:06, 1038.60, 28.55, 27.59, 29.711, 3303, 6243, 9097, 10983, 12891, 15076, 17665, 20630, 32879, 2231, 0, 1, 854, 1519, 3202, 5229, 7367, 6328, 5391, 4129, 14099, 970, 0, 0
15:17:07, 1027.60, 28.55, 27.59, 29.734, 3406, 4191, 5872, 10339, 8220, 13022, 15461, 13292, 35844, 4116, 0, 1, 911, 1618, 3317, 5347, 7550, 6541, 5691, 4463, 16174, 1128, 0, 0
15:17:08, 1029.90, 28.55, 27.55, 29.734, 3598, 6897, 10596, 10919, 17815, 19089, 19384, 24887, 36000, 15282, 1, 1, 698, 1234, 2515, 4069, 5170, 4464, 3817, 3028, 12150, 878, 0, 0
15:17:08, 1024.40, 28.56, 27.59, 29.742, 5282, 11027, 10770, 17675, 17437, 19694, 30590, 28158, 36000, 18069, 1, 1, 614, 1081, 2244, 3683, 5308, 4524, 3814, 2900, 11978, 851, 0, 0
15:17:09, 1018.00, 28.56, 27.59, 29.750, 9717, 16242, 21772, 25781, 8924, 8573, 9744, 11303, 28894, 6456, 0, 0, 668, 1175, 2413, 3930, 5462, 4656, 3916, 2979, 12188, 858, 0, 0
15:17:10, 1021.00, 28.56, 27.59, 29.750, 1438, 2447, 3386, 3834, 4553, 4285, 4953, 4774, 23936, 3669, 0, 0, 483, 830, 1756, 2943, 4290, 3620, 2893, 2134, 9946, 711, 0, 0
15:17:10, 1019.40, 28.57, 27.57, 29.758, 1287, 2012, 2934, 3277, 3767, 3567, 4060, 3881, 21434, 3178, 0, 0, 519, 892, 1859, 3079, 4552, 3873, 3174, 2408, 11266, 843, 0, 0
15:17:11, 1022.90, 28.57, 27.60, 29.758, 1635, 2795, 3785, 4311, 4697, 4730, 4928, 5291, 27077, 3902, 0, 0, 683, 1184, 2384, 3839, 5754, 5047, 4339, 3525, 14317, 1100, 0, 0
15:17:12, 1022.50, 28.57, 27.59, 29.758, 3320, 4249, 5880, 9972, 17602, 18195, 21119, 20143, 35769, 10122, 0, 1, 662, 1147, 2330, 3767, 5404, 4705, 3961, 3141, 13247, 988, 0, 0
15:17:12, 1014.70, 28.58, 27.60, 29.766, 5240, 10643, 17495, 15690, 16772, 19657, 20624, 23084, 35339, 16025, 0, 1, 657, 1135, 2302, 3721, 5239, 4533, 3777, 2968, 13214, 1000, 0, 0
15:17:13, 1012.60, 28.58, 27.62, 29.766, 1842, 2998, 3996, 4711, 4649, 4820, 5134, 5314, 24147, 4509, 0, 0, 982, 1620, 2836, 4213, 6141, 5480, 5036, 4364, 17583, 2200, 0, 0
15:17:14, 1012.60, 28.58, 27.60, 29.766, 1510, 2415, 3269, 3645, 4261, 4324, 4517, 4855, 17850, 3333, 0, 0, 1872, 3002, 4735, 6853, 9841, 9740, 10001, 9467, 25658, 3526, 0, 0
15:17:14, 1012.40, 28.57, 27.66, 29.727, 11696, 16400, 23093, 25357, 29380, 28791, 32583, 32525, 33244, 9947, 0, 1, 13569, 22353, 31956, 36000, 36000, 36000, 36000, 36000, 36000, 36000, 1, 1
15:17:15, 1012.40, 28.56, 27.62, 29.562, 6682, 8242, 11364, 16123, 7425, 12932, 16775, 10018, 36000, 12241, 1, 1, 36000, 36000, 36000, 36000, 36000, 36000, 36000, 36000, 36000, 36000, 1, 1
15:17:16, 1012.60, 28.57, 27.64, 29.562, 4251, 3526, 7626, 5831, 5521, 5051, 5696, 6950, 36000, 29585, 1, 1, 36000, 36000, 36000, 36000, 36000, 36000, 36000, 36000, 36000, 36000, 1, 1
15:17:16, 1012.60, 28.57, 27.66, 29.453, 2063, 2450, 4199, 3666, 5277, 4671, 5758, 7740, 36000, 28899, 1, 1, 36000, 36000, 36000, 36000, 36000, 36000, 36000, 36000, 36000, 36000, 1, 1
15:17:17, 1012.40, 28.56, 27.69, 29.406, 6822, 10505, 13557, 19043, 24005, 30694, 28254, 36000, 36000, 36000, 1, 1, 21176, 33293, 36000, 36000, 36000, 36000, 36000, 36000, 36000, 36000, 1, 1
