Secchi Depth (cm) = 9999
Forel Ule Scale = 99
pH Colour Scale = 99
SensingSecchi S/N = A017
Latitude (degs N) = 34.03516
Longitude (degs E) = -77.94077
Date = 2026-07-16
Time (UTC), Pressure (mbar) MS5803, Temp (deg C) MS5803, Temp (deg C) 10KTHERM, Temp (deg C) TMP117, ED 415nm, ED 445nm, ED 480nm, ED 515nm, ED 555nm, ED 590nm, ED 630nm, ED 680nm, ED Clear, ED NIR, ED D-SAT, ED A-SAT, EU 415nm, EU 445nm, EU 480nm, EU 515nm, EU 555nm, EU 590nm, EU 630nm, EU 680nm, EU Clear, EU NIR, EU D-SAT, EU A-SAT
15:50:00, 1012.70, 28.80, 30.98, 28.602, 8144, 10542, 20325, 17225, 31950, 22537, 21797, 29720, 36000, 36000, 1, 1, 7670, 10043, 13108, 16338, 18718, 20828, 26513, 35993, 36000, 36000, 1, 1
15:50:00, 1012.60, 28.81, 30.97, 28.609, 11112, 24115, 30334, 32269, 36000, 36000, 36000, 36000, 36000, 36000, 1, 1, 10302, 16619, 22180, 28620, 31188, 34662, 35951, 36000, 36000, 36000, 1, 1
15:50:01, 1012.60, 28.82, 31.00, 28.617, 5899, 8442, 11638, 13569, 35955, 34717, 35881, 36000, 36000, 36000, 1, 1, 9297, 14978, 22116, 28367, 22864, 24085, 27177, 28131, 36000, 19085, 1, 1
15:50:02, 1012.80, 28.82, 30.97, 28.617, 7258, 10075, 13587, 16194, 36000, 35581, 36000, 36000, 36000, 36000, 1, 1, 1721, 2857, 4603, 6736, 13247, 13860, 15012, 16284, 34468, 7956, 0, 1
15:50:02, 1015.10, 28.82, 30.97, 28.602, 6350, 6306, 9540, 12379, 15054, 20919, 17407, 24850, 28158, 7826, 0, 0, 1343, 2388, 3820, 5645, 5852, 5755, 5744, 4873, 13617, 1262, 0, 0
15:50:03, 1026.30, 28.83, 30.98, 28.906, 5355, 9050, 11991, 14666, 7459, 7967, 8265, 10486, 16972, 3485, 0, 0, 669, 1097, 2354, 4028, 5784, 5696, 5671, 4768, 13474, 1058, 0, 0
15:50:04, 1019.10, 28.84, 30.98, 28.906, 3218, 3767, 5581, 7721, 3585, 4169, 4224, 4682, 12059, 1918, 0, 0, 733, 1200, 2539, 4331, 7142, 7043, 7116, 6008, 15699, 1318, 0, 0
15:50:04, 1019.50, 28.85, 31.00, 29.234, 997, 1579, 2163, 2639, 2978, 3060, 3470, 3625, 13037, 1935, 0, 0, 863, 1422, 2955, 4982, 7507, 7389, 7475, 6296, 15991, 1345, 0, 0
15:50:05, 1020.20, 28.87, 30.98, 29.406, 854, 1234, 1836, 2221, 3007, 3232, 3468, 3778, 9161, 1282, 0, 0, 927, 1529, 3196, 5354, 8007, 7883, 8033, 6838, 17138, 1436, 0, 0
15:50:06, 1015.30, 28.88, 30.98, 29.406, 1184, 1831, 2599, 3238, 3295, 3534, 3882, 4107, 13035, 1861, 0, 0, 816, 1349, 2772, 4636, 6932, 6835, 6919, 5883, 16092, 1409, 0, 0
15:50:06, 1017.50, 28.89, 30.98, 29.500, 1963, 2913, 4037, 5019, 6272, 7866, 8082, 8191, 28507, 6167, 0, 0, 696, 1155, 2426, 4145, 7076, 6970, 7034, 5942, 16072, 1369, 0, 0
15:50:07, 1019.60, 28.91, 31.00, 29.562, 1575, 2365, 3260, 4219, 6646, 9736, 9029, 9598, 26969, 6120, 0, 0, 708, 1160, 2458, 4192, 7100, 6997, 7047, 5950, 15408, 1276, 0, 0
15:50:08, 1016.00, 28.92, 30.95, 29.562, 1246, 1879, 2645, 3206, 3994, 4349, 4570, 5118, 14440, 2628, 0, 0, 770, 1266, 2649, 4462, 6684, 6566, 6618, 5587, 14172, 1191, 0, 0
15:50:08, 1016.20, 28.94, 30.97, 29.602, 2126, 2701, 3767, 4650, 4341, 4789, 5212, 5583, 17202, 3686, 0, 0, 742, 1228, 2563, 4349, 6697, 6596, 6641, 5600, 15461, 1309, 0, 0
15:50:09, 1019.30, 28.95, 30.93, 29.602, 1795, 2677, 3625, 4606, 5253, 5797, 7060, 6677, 26815, 5810, 0, 0, 733, 1231, 2550, 4298, 6589, 6499, 6537, 5550, 16033, 1321, 0, 0
15:50:10, 1017.90, 28.97, 30.98, 29.625, 908, 1389, 1987, 2544, 2723, 2978, 3194, 3341, 9152, 1271, 0, 0, 802, 1322, 2755, 4660, 7147, 7035, 7083, 5962, 15344, 1287, 0, 0
15:50:10, 1020.40, 28.99, 30.98, 29.641, 1292, 1941, 2727, 3292, 3656, 3796, 4131, 4539, 15005, 2920, 0, 0, 777, 1278, 2695, 4541, 6495, 6390, 6358, 5353, 13079, 1034, 0, 0
15:50:11, 1020.40, 29.00, 30.97, 29.641, 1823, 2419, 3813, 4032, 4077, 4240, 4473, 5218, 10500, 2064, 0, 0, 742, 1206, 2566, 4377, 7193, 7074, 7097, 5956, 14258, 1146, 0, 0
15:50:12, 1023.40, 29.02, 30.98, 29.648, 955, 1482, 2097, 2588, 2875, 3023, 3316, 3569, 10403, 1432, 0, 0, 901, 1476, 3104, 5224, 7411, 7301, 7356, 6224, 16543, 1360, 0, 0
15:50:12, 1019.00, 29.03, 30.93, 29.656, 1149, 1683, 2440, 3135, 2990, 3348, 3621, 3755, 11211, 1715, 0, 0, 758, 1258, 2629, 4442, 6881, 6775, 6822, 5771, 15741, 1321, 0, 0
15:50:13, 1019.60, 29.05, 30.95, 29.656, 1345, 2056, 2871, 3480, 4151, 4605, 4879, 5362, 18943, 3952, 0, 0, 657, 1072, 2297, 3946, 6188, 6072, 6041, 5028, 13216, 1068, 0, 0
15:50:14, 1019.30, 29.06, 30.97, 29.664, 902, 1343, 1968, 2405, 2219, 2431, 2508, 2793, 6458, 856, 0, 0, 810, 1330, 2773, 4652, 6813, 6676, 6703, 5637, 14146, 1156, 0, 0
15:50:14, 1017.30, 29.07, 30.95, 29.672, 1068, 1628, 2275, 2842, 3271, 3421, 3897, 4132, 13083, 2054, 0, 0, 794, 1300, 2745, 4652, 7147, 7009, 7035, 5903, 14522, 1192, 0, 0
15:50:15, 1018.10, 29.08, 30.97, 29.672, 1154, 1720, 2477, 2939, 2940, 3230, 3393, 3731, 10215, 1568, 0, 0, 830, 1373, 2859, 4792, 7338, 7206, 7291, 6180, 15842, 1335, 0, 0
15:50:16, 1018.30, 29.10, 30.93, 29.672, 1126, 1719, 2436, 3041, 3436, 3534, 4085, 4228, 14015, 2135, 0, 0, 819, 1354, 2811, 4743, 7225, 7111, 7166, 6043, 16157, 1370, 0, 0
15:50:16, 1020.90, 29.11, 30.95, 29.672, 1193, 1799, 2571, 3091, 3094, 3271, 3545, 3796, 12407, 1822, 0, 0, 800, 1322, 2778, 4687, 6887, 6771, 6829, 5781, 14968, 1231, 0, 0
15:50:17, 1017.50, 29.13, 30.95, 29.672, 1265, 1730, 2616, 3072, 3487, 3776, 3979, 4341, 10789, 1596, 0, 0, 753, 1236, 2591, 4379, 6487, 6371, 6400, 5394, 13906, 1156, 0, 0
15:50:18, 1019.50, 29.14, 30.95, 29.672, 1670, 2260, 3297, 3873, 4305, 4839, 5028, 5635, 15633, 3127, 0, 0, 756, 1246, 2636, 4489, 7353, 7227, 7297, 6146, 16135, 1345, 0, 0
15:50:18, 1020.30, 29.15, 30.91, 29.664, 960, 1423, 2055, 2576, 3299, 3542, 3926, 4078, 12213, 1704, 0, 0, 797, 1320, 2741, 4596, 6508, 6400, 6421, 5407, 14296, 1181, 0, 0
15:50:19, 1020.50, 29.17, 30.93, 29.664, 1259, 1899, 2709, 3366, 3379, 3621, 4010, 4320, 12781, 1854, 0, 0, 707, 1157, 2477, 4259, 6628, 6512, 6514, 5451, 13969, 1128, 0, 0
15:50:20, 1019.10, 29.18, 30.93, 29.664, 1570, 2105, 3105, 3748, 4842, 5798, 5854, 6462, 16982, 3193, 0, 0, 750, 1254, 2618, 4408, 6684, 6565, 6619, 5584, 15700, 1320, 0, 0
15:50:20, 1019.00, 29.19, 30.97, 29.664, 1102, 1745, 2392, 3108, 3038, 3252, 3787, 3734, 13718, 2380, 0, 0, 812, 1347, 2794, 4718, 7447, 7341, 7404, 6263, 17523, 1508, 0, 0
15:50:21, 1029.90, 29.20, 30.93, 29.664, 1094, 1759, 2485, 3156, 3984, 4213, 4765, 4881, 16724, 2338, 0, 0, 624, 1036, 2241, 3896, 5783, 5691, 5643, 4676, 13246, 1039, 0, 0
15:50:22, 1025.50, 29.22, 30.93, 29.664, 911, 1326, 2052, 2559, 1955, 2091, 2215, 2310, 5449, 628, 0, 0, 843, 1368, 2915, 4959, 7166, 7048, 7079, 5948, 14012, 1132, 0, 0
15:50:22, 1023.00, 29.23, 30.95, 29.664, 821, 1278, 1889, 2253, 2604, 2618, 2957, 3143, 6845, 902, 0, 0, 849, 1380, 2925, 4964, 7565, 7414, 7487, 6290, 13868, 1082, 0, 0
15:50:23, 1025.50, 29.24, 30.98, 29.664, 806, 1227, 1882, 2229, 2211, 2348, 2509, 2651, 6097, 693, 0, 0, 975, 1601, 3368, 5682, 8322, 8179, 8287, 6973, 16992, 1390, 0, 0
15:50:24, 1022.20, 29.25, 30.93, 29.664, 815, 1218, 1849, 2285, 2443, 2618, 2808, 2986, 7223, 955, 0, 0, 875, 1422, 3031, 5158, 8132, 7994, 8113, 6847, 15819, 1280, 0, 0
15:50:24, 1024.10, 29.26, 30.93, 29.664, 711, 1069, 1634, 1926, 2920, 3053, 3220, 3554, 7802, 963, 0, 0, 770, 1261, 2676, 4538, 7014, 6894, 6968, 5867, 14197, 1151, 0, 0
15:50:25, 1021.00, 29.27, 30.91, 29.664, 657, 1013, 1506, 1950, 2096, 2266, 2493, 2563, 7899, 1030, 0, 0, 869, 1425, 2995, 5107, 8024, 7917, 8027, 6759, 17389, 1467, 0, 0
15:50:26, 1029.80, 29.28, 30.97, 29.656, 833, 1289, 1893, 2375, 3107, 3366, 3614, 3907, 10587, 1486, 0, 0, 688, 1120, 2434, 4196, 5809, 5728, 5735, 4794, 12558, 1002, 0, 0
15:50:26, 1021.70, 29.29, 30.97, 29.656, 2235, 2174, 3658, 4349, 2446, 2620, 2761, 2889, 7383, 770, 0, 0, 772, 1259, 2670, 4567, 7075, 6999, 7090, 6001, 15592, 1302, 0, 0
15:50:27, 1024.70, 29.30, 30.98, 29.656, 798, 1206, 1761, 2197, 2619, 2799, 3017, 3232, 8812, 1186, 0, 0, 813, 1322, 2816, 4802, 6810, 6710, 6773, 5687, 13899, 1119, 0, 0
15:50:28, 1031.20, 29.31, 30.93, 29.648, 4529, 3729, 7858, 7295, 11741, 15505, 15734, 19690, 26922, 2891, 0, 0, 579, 950, 2073, 3629, 5953, 5892, 5898, 4935, 14062, 1108, 0, 0
15:50:28, 1030.30, 29.32, 30.95, 29.648, 655, 1064, 1581, 2173, 1729, 1769, 2017, 1983, 5941, 653, 0, 0, 900, 1478, 3139, 5355, 7575, 7511, 7639, 6462, 16831, 1373, 0, 0
15:50:29, 1029.10, 29.33, 30.91, 29.648, 983, 1440, 2198, 2762, 3793, 4130, 4296, 4873, 11204, 1508, 0, 0, 711, 1152, 2499, 4323, 6706, 6623, 6657, 5569, 12956, 1009, 0, 0
15:50:30, 1032.10, 29.34, 30.93, 29.641, 852, 1264, 1987, 2293, 3001, 3167, 3348, 3707, 7985, 924, 0, 0, 737, 1194, 2600, 4513, 6944, 6874, 6929, 5808, 14313, 1141, 0, 0
15:50:30, 1029.80, 29.35, 30.95, 29.648, 964, 1481, 2255, 2890, 2736, 2931, 3182, 3316, 9270, 926, 0, 0, 791, 1287, 2783, 4794, 7263, 7197, 7317, 6179, 15850, 1299, 0, 0
15:50:31, 1024.40, 29.35, 30.93, 29.648, 743, 1114, 1694, 2145, 2528, 2745, 2908, 3085, 7313, 868, 0, 0, 850, 1378, 2926, 4982, 7716, 7628, 7771, 6576, 15392, 1249, 0, 0
15:50:32, 1031.00, 29.36, 30.95, 29.648, 918, 1413, 2139, 2534, 3148, 3219, 3521, 3798, 9006, 1057, 0, 0, 750, 1215, 2637, 4551, 7014, 6925, 6986, 5837, 13669, 1081, 0, 0
15:50:32, 1030.60, 29.37, 30.93, 29.641, 866, 1292, 2033, 2550, 2547, 2785, 2986, 3118, 8172, 895, 0, 0, 776, 1264, 2708, 4672, 7069, 7001, 7073, 5916, 15648, 1279, 0, 0
15:50:33, 1027.50, 29.38, 30.91, 29.641, 830, 1308, 1973, 2548, 2867, 3087, 3347, 3494, 9468, 1067, 0, 0, 767, 1249, 2705, 4676, 7233, 7134, 7208, 6021, 14557, 1169, 0, 0
15:50:34, 1031.10, 29.38, 30.95, 29.641, 832, 1268, 1960, 2343, 3080, 3283, 3454, 3814, 8756, 985, 0, 0, 708, 1148, 2489, 4292, 6449, 6369, 6394, 5338, 13014, 1032, 0, 0
15:50:34, 1031.70, 29.39, 30.91, 29.648, 825, 1246, 1958, 2428, 2494, 2703, 2881, 3048, 7668, 824, 0, 0, 776, 1262, 2740, 4783, 7525, 7465, 7550, 6325, 16597, 1349, 0, 0
15:50:35, 1025.50, 29.40, 30.91, 29.648, 853, 1364, 2037, 2673, 2874, 3121, 3386, 3498, 10057, 1063, 0, 0, 787, 1290, 2777, 4755, 7305, 7215, 7324, 6181, 15628, 1275, 0, 0
15:50:36, 1021.30, 29.41, 30.93, 29.648, 1081, 1512, 2343, 2649, 3062, 3130, 3409, 3806, 7897, 1223, 0, 0, 855, 1383, 2882, 4835, 7715, 7601, 7693, 6516, 14241, 1137, 0, 0
15:50:36, 1025.50, 29.42, 30.98, 29.656, 782, 1244, 1837, 2159, 2623, 2644, 2987, 3155, 6118, 697, 0, 0, 1013, 1666, 3531, 5919, 8831, 8673, 8865, 7532, 16415, 1300, 0, 0
15:50:37, 1020.30, 29.42, 30.91, 29.656, 1256, 1739, 2686, 3178, 3235, 3544, 3715, 4101, 9982, 1212, 0, 0, 818, 1338, 2836, 4822, 7630, 7523, 7641, 6458, 15654, 1288, 0, 0
15:50:38, 1020.40, 29.43, 30.97, 29.648, 730, 1072, 1620, 1931, 2496, 2599, 2795, 3086, 6307, 867, 0, 0, 922, 1502, 3153, 5300, 7787, 7648, 7777, 6554, 15243, 1242, 0, 0
15:50:38, 1025.90, 29.44, 30.95, 29.648, 846, 1357, 2004, 2437, 2749, 2885, 3207, 3398, 9055, 1034, 0, 0, 888, 1453, 3070, 5213, 7605, 7505, 7597, 6382, 16123, 1318, 0, 0
15:50:39, 1029.50, 29.44, 30.97, 29.648, 734, 1103, 1682, 2142, 2575, 2864, 3052, 3195, 8444, 1141, 0, 0, 733, 1199, 2586, 4461, 6803, 6717, 6761, 5667, 14905, 1202, 0, 0
15:50:40, 1028.60, 29.45, 30.93, 29.648, 1430, 2066, 3137, 3986, 4734, 6100, 5628, 6381, 15722, 1935, 0, 0, 653, 1065, 2313, 4015, 6646, 6560, 6605, 5509, 14249, 1162, 0, 0
15:50:40, 1024.80, 29.46, 30.95, 29.656, 920, 1404, 2098, 2694, 3102, 3416, 3743, 3966, 10931, 1417, 0, 0, 754, 1238, 2639, 4526, 7468, 7375, 7477, 6291, 16000, 1323, 0, 0
15:50:41, 1023.70, 29.47, 30.95, 29.656, 805, 1223, 1849, 2240, 2990, 3131, 3414, 3723, 8483, 988, 0, 0, 863, 1405, 2986, 5074, 7546, 7428, 7535, 6340, 14875, 1196, 0, 0
15:50:42, 1022.50, 29.48, 30.91, 29.648, 800, 1213, 1872, 2276, 2359, 2476, 2668, 2855, 6262, 806, 0, 0, 914, 1490, 3135, 5277, 8207, 8101, 8284, 7025, 16810, 1397, 0, 0
15:50:42, 1017.30, 29.48, 30.95, 29.656, 710, 1081, 1601, 2024, 2508, 2696, 2962, 3107, 7824, 1053, 0, 0, 1003, 1651, 3383, 5611, 8176, 8065, 8259, 7027, 17491, 1501, 0, 0
15:50:43, 1020.90, 29.49, 30.95, 29.656, 1258, 1890, 2769, 3197, 3405, 3532, 3885, 4367, 10271, 1555, 0, 0, 857, 1395, 2954, 5011, 7938, 7824, 7974, 6734, 15571, 1273, 0, 0
15:50:44, 1029.00, 29.49, 30.93, 29.656, 1185, 1721, 2604, 3061, 6724, 9819, 7769, 10493, 16705, 2385, 0, 0, 615, 1011, 2177, 3745, 5851, 5804, 5815, 4926, 14652, 1170, 0, 0
15:50:44, 1030.50, 29.50, 30.93, 29.656, 3416, 4237, 8388, 7184, 20210, 21212, 21341, 26591, 36000, 24856, 1, 1, 600, 986, 2109, 3630, 5493, 5449, 5439, 4586, 13338, 1053, 0, 0
15:50:45, 1032.80, 29.50, 30.93, 29.656, 7759, 15881, 23523, 24498, 25717, 25061, 28247, 32500, 36000, 15088, 1, 1, 563, 916, 2030, 3596, 6461, 6390, 6406, 5331, 14678, 1176, 0, 0
15:50:46, 1024.30, 29.51, 30.91, 29.648, 964, 1415, 2164, 2757, 3438, 3812, 4012, 4530, 9460, 1195, 0, 0, 729, 1184, 2538, 4335, 6484, 6418, 6444, 5447, 12842, 1012, 0, 0
15:50:46, 1020.50, 29.51, 30.95, 29.648, 1212, 1705, 2532, 2918, 4603, 4721, 5194, 6033, 10685, 2241, 0, 0, 772, 1250, 2664, 4554, 6907, 6834, 6858, 5785, 13316, 1052, 0, 0
15:50:47, 1032.20, 29.52, 30.93, 29.648, 2537, 2967, 4859, 5200, 8097, 10996, 8660, 12081, 17832, 3004, 0, 0, 618, 1006, 2198, 3817, 5469, 5419, 5425, 4534, 12529, 997, 0, 0
15:50:48, 1028.90, 29.52, 30.93, 29.641, 5136, 10081, 13820, 17329, 16322, 19539, 24716, 23956, 36000, 14413, 1, 1, 720, 1187, 2526, 4342, 7818, 7786, 7947, 6774, 18566, 1562, 0, 0
15:50:48, 1037.10, 29.53, 30.93, 29.633, 687, 1063, 1576, 2119, 2809, 3062, 3409, 3510, 11008, 1343, 0, 0, 661, 1077, 2346, 4093, 5850, 5809, 5829, 4868, 13213, 1051, 0, 0
15:50:49, 1047.10, 29.53, 30.91, 29.633, 4648, 9033, 13460, 21143, 14588, 16192, 21899, 20622, 36000, 15371, 1, 1, 515, 839, 1847, 3238, 4726, 4700, 4643, 3846, 11072, 848, 0, 0
15:50:50, 1052.30, 29.54, 30.97, 29.633, 1682, 1975, 3489, 4282, 3723, 4181, 4306, 4780, 9201, 929, 0, 0, 561, 878, 2010, 3651, 5888, 5850, 5819, 4749, 11284, 877, 0, 0
15:50:50, 1056.90, 29.54, 30.93, 29.641, 832, 1181, 1997, 2637, 3005, 3346, 3494, 3769, 7414, 732, 0, 0, 526, 812, 1897, 3505, 5307, 5281, 5190, 4205, 10185, 783, 0, 0
15:50:51, 1063.00, 29.54, 30.97, 29.641, 3438, 7166, 11959, 15839, 19774, 20837, 22224, 29715, 36000, 6071, 1, 1, 401, 629, 1471, 2742, 4507, 4502, 4407, 3589, 10356, 770, 0, 0
15:50:52, 1061.90, 29.54, 30.91, 29.633, 1842, 2726, 4350, 7277, 4089, 4762, 5249, 5199, 14466, 1249, 0, 0, 523, 816, 1904, 3538, 5909, 5906, 5859, 4775, 12616, 983, 0, 0
15:50:52, 1068.10, 29.55, 30.91, 29.633, 552, 876, 1522, 2153, 2472, 2772, 2930, 3019, 7155, 582, 0, 0, 488, 748, 1778, 3355, 5201, 5185, 5090, 4080, 10033, 772, 0, 0
15:50:53, 1074.60, 29.55, 30.97, 29.633, 983, 1278, 2401, 3116, 5001, 6182, 5373, 6758, 9945, 800, 0, 0, 351, 518, 1274, 2489, 4042, 4039, 3870, 3060, 8037, 612, 0, 0
15:50:54, 1074.60, 29.55, 30.95, 29.633, 1888, 3958, 7121, 9498, 12902, 12385, 14986, 17960, 23842, 1487, 0, 0, 349, 517, 1272, 2483, 4325, 4316, 4158, 3288, 8407, 643, 0, 0
15:50:54, 1071.10, 29.56, 30.95, 29.633, 576, 867, 1592, 2208, 2436, 2635, 2769, 2870, 5694, 451, 0, 0, 490, 736, 1766, 3372, 5698, 5674, 5590, 4443, 10609, 823, 0, 0
15:50:55, 1076.80, 29.56, 30.93, 29.633, 573, 901, 1639, 2292, 3922, 4485, 4515, 4862, 9077, 725, 0, 0, 362, 534, 1322, 2599, 4282, 4282, 4115, 3254, 8691, 658, 0, 0
15:50:56, 1077.10, 29.56, 30.98, 29.633, 1814, 3648, 6461, 9663, 19515, 20832, 22108, 27227, 36000, 4949, 1, 1, 341, 510, 1255, 2448, 4377, 4373, 4231, 3364, 9005, 679, 0, 0
15:50:56, 1077.20, 29.56, 30.97, 29.641, 447, 727, 1336, 1951, 1970, 2105, 2240, 2188, 5314, 384, 0, 0, 533, 799, 1925, 3702, 6252, 6246, 6166, 4877, 12029, 941, 0, 0
15:50:57, 1086.40, 29.56, 31.00, 29.641, 451, 731, 1363, 2023, 3467, 3819, 3993, 4084, 8406, 587, 0, 0, 355, 517, 1300, 2588, 4181, 4176, 3998, 3128, 8104, 616, 0, 0
15:50:58, 1089.80, 29.56, 31.00, 29.625, 1926, 3953, 7394, 10346, 13014, 13765, 14878, 17268, 36000, 2852, 1, 1, 301, 441, 1103, 2201, 3769, 3769, 3582, 2796, 7820, 586, 0, 0
15:50:58, 1088.30, 29.56, 30.95, 29.625, 1182, 2109, 3796, 5595, 5171, 6831, 6960, 6872, 14477, 942, 0, 0, 355, 514, 1292, 2583, 4856, 4849, 4681, 3634, 9212, 712, 0, 0
15:50:59, 1092.20, 29.56, 30.91, 29.625, 326, 546, 1068, 1645, 2162, 2301, 2455, 2347, 5203, 361, 0, 0, 402, 579, 1451, 2895, 4847, 4832, 4677, 3636, 8745, 674, 0, 0
15:51:00, 1098.90, 29.57, 30.95, 29.625, 831, 1145, 2318, 3247, 5555, 6347, 6229, 7058, 10803, 722, 0, 0, 277, 386, 995, 2057, 3583, 3587, 3378, 2582, 6852, 520, 0, 0
15:51:00, 1100.90, 29.57, 30.97, 29.625, 1334, 2758, 5368, 7591, 11099, 11539, 12857, 14277, 31751, 2097, 0, 0, 273, 382, 986, 2035, 3644, 3654, 3457, 2661, 7275, 550, 0, 0
15:51:01, 1097.80, 29.57, 30.95, 29.641, 375, 635, 1250, 1981, 2224, 2382, 2550, 2400, 5817, 403, 0, 0, 387, 550, 1385, 2806, 5196, 5216, 5059, 3905, 9826, 766, 0, 0
15:51:02, 1106.40, 29.57, 30.93, 29.625, 299, 484, 980, 1528, 2748, 3004, 3094, 3101, 5877, 408, 0, 0, 289, 393, 1029, 2161, 3730, 3738, 3520, 2673, 6810, 519, 0, 0
15:51:02, 1108.90, 29.57, 30.95, 29.625, 964, 1776, 3423, 5291, 9771, 9772, 11578, 12929, 18379, 1078, 0, 0, 247, 337, 881, 1855, 3419, 3428, 3215, 2445, 6487, 493, 0, 0
15:51:03, 1106.10, 29.57, 30.98, 29.617, 660, 1009, 1974, 3144, 2667, 2960, 3082, 3015, 6533, 462, 0, 0, 344, 471, 1216, 2530, 4753, 4764, 4580, 3479, 8623, 668, 0, 0
15:51:04, 1112.70, 29.57, 30.97, 29.625, 410, 641, 1318, 2072, 3904, 4470, 4441, 4619, 8163, 548, 0, 0, 257, 342, 906, 1940, 3453, 3465, 3243, 2440, 6370, 485, 0, 0
15:51:04, 1117.40, 29.57, 30.98, 29.625, 839, 1469, 2918, 4590, 7438, 7634, 8668, 9277, 18226, 1067, 0, 0, 228, 304, 802, 1720, 3213, 3238, 3031, 2295, 6225, 474, 0, 0
15:51:05, 1114.00, 29.57, 30.93, 29.609, 433, 654, 1357, 2148, 2306, 2507, 2602, 2491, 4986, 340, 0, 0, 325, 435, 1134, 2397, 4422, 4437, 4257, 3212, 7599, 586, 0, 0
15:51:06, 1121.00, 29.57, 30.93, 29.602, 331, 522, 1114, 1749, 2729, 2918, 3034, 2975, 5364, 366, 0, 0, 268, 349, 928, 2003, 3486, 3507, 3293, 2464, 6091, 467, 0, 0
15:51:06, 1123.60, 29.57, 30.97, 29.602, 699, 1027, 2174, 3578, 4395, 5458, 5463, 5420, 10442, 659, 0, 0, 235, 308, 817, 1768, 3328, 3360, 3160, 2377, 6391, 490, 0, 0
15:51:07, 1128.70, 29.57, 31.00, 29.594, 368, 606, 1248, 2096, 2733, 3028, 3187, 2986, 6967, 469, 0, 0, 229, 295, 786, 1721, 3204, 3236, 3031, 2258, 5935, 457, 0, 0
15:51:08, 1129.60, 29.57, 30.98, 29.594, 310, 481, 1047, 1743, 2477, 2694, 2753, 2634, 5189, 347, 0, 0, 244, 309, 830, 1829, 3478, 3505, 3298, 2449, 5964, 460, 0, 0
15:51:08, 1131.60, 29.57, 30.98, 29.594, 370, 547, 1218, 1965, 3034, 3313, 3371, 3331, 5920, 394, 0, 0, 227, 288, 774, 1703, 3302, 3333, 3132, 2333, 5721, 440, 0, 0
15:51:09, 1134.60, 29.57, 30.95, 29.594, 413, 612, 1326, 2170, 3177, 3614, 3702, 3575, 7407, 484, 0, 0, 207, 262, 702, 1559, 2940, 2973, 2765, 2045, 5566, 427, 0, 0
15:51:10, 1138.70, 29.57, 30.93, 29.586, 441, 733, 1543, 2711, 3738, 4213, 4585, 4183, 10317, 642, 0, 0, 195, 245, 663, 1486, 2737, 2771, 2558, 1890, 5212, 396, 0, 0
15:51:10, 1135.70, 29.57, 31.02, 29.586, 642, 1117, 2354, 3993, 3835, 4371, 4527, 4396, 9026, 562, 0, 0, 207, 260, 702, 1562, 3172, 3202, 3001, 2224, 5607, 433, 0, 0
15:51:11, 1139.20, 29.57, 30.97, 29.586, 227, 351, 788, 1332, 2278, 2473, 2514, 2402, 4443, 302, 0, 0, 215, 266, 720, 1611, 3004, 3032, 2813, 2062, 5121, 394, 0, 0
15:51:12, 1142.90, 29.57, 30.95, 29.586, 418, 597, 1363, 2209, 3646, 4172, 4034, 4233, 7064, 455, 0, 0, 183, 223, 611, 1392, 2689, 2722, 2503, 1830, 4838, 372, 0, 0
15:51:12, 1145.70, 29.57, 30.95, 29.586, 390, 572, 1278, 2191, 2773, 3117, 3163, 3018, 6222, 411, 0, 0, 202, 252, 682, 1532, 2800, 2835, 2632, 1938, 5169, 397, 0, 0
15:51:13, 1149.70, 29.57, 30.95, 29.586, 547, 918, 1972, 3366, 5443, 5951, 6587, 6665, 12062, 703, 0, 0, 165, 201, 549, 1260, 2462, 2495, 2277, 1653, 4489, 343, 0, 0
15:51:14, 1148.30, 29.57, 30.95, 29.594, 345, 496, 1135, 1922, 2406, 2628, 2647, 2510, 4723, 313, 0, 0, 202, 243, 665, 1522, 2953, 2985, 2766, 2009, 4913, 379, 0, 0
15:51:14, 1151.50, 29.57, 30.97, 29.594, 267, 401, 937, 1595, 2370, 2519, 2597, 2431, 4391, 291, 0, 0, 201, 241, 660, 1503, 2921, 2950, 2734, 1990, 4773, 366, 0, 0
15:51:15, 1158.10, 29.57, 30.95, 29.586, 390, 542, 1253, 2100, 3801, 4482, 4549, 4540, 8241, 509, 0, 0, 155, 185, 508, 1180, 2335, 2374, 2167, 1569, 4382, 336, 0, 0
15:51:16, 1163.00, 29.57, 30.97, 29.578, 358, 575, 1278, 2367, 3343, 3760, 4071, 3648, 8892, 548, 0, 0, 148, 172, 477, 1130, 2269, 2308, 2098, 1504, 4152, 318, 0, 0
15:51:16, 1163.30, 29.56, 30.93, 29.578, 343, 480, 1119, 2018, 2383, 2678, 2665, 2488, 4993, 330, 0, 0, 168, 195, 541, 1270, 2586, 2621, 2407, 1722, 4292, 332, 0, 0
15:51:17, 1166.50, 29.56, 30.97, 29.570, 191, 281, 672, 1200, 1861, 1978, 2008, 1823, 3395, 224, 0, 0, 179, 207, 569, 1333, 2606, 2641, 2423, 1737, 4155, 319, 0, 0
15:51:18, 1174.80, 29.56, 30.93, 29.570, 382, 538, 1264, 2205, 4351, 4554, 5010, 5021, 9051, 547, 0, 0, 128, 145, 404, 972, 2015, 2060, 1850, 1325, 3950, 298, 0, 0
15:51:18, 1176.60, 29.56, 30.98, 29.570, 353, 623, 1442, 2663, 3628, 3892, 4385, 3843, 10607, 683, 0, 0, 128, 145, 404, 977, 2035, 2080, 1876, 1337, 3906, 297, 0, 0
15:51:19, 1179.70, 29.56, 31.00, 29.562, 279, 457, 1034, 2032, 3554, 3824, 4285, 3956, 9890, 619, 0, 0, 120, 135, 377, 914, 1896, 1937, 1744, 1238, 3503, 267, 0, 0
15:51:20, 1179.10, 29.56, 30.95, 29.562, 223, 316, 759, 1411, 2156, 2382, 2400, 2180, 4337, 283, 0, 0, 130, 142, 398, 973, 2055, 2094, 1885, 1323, 3427, 265, 0, 0
15:51:20, 1179.40, 29.56, 30.97, 29.562, 177, 248, 613, 1131, 1860, 1989, 2008, 1821, 3376, 222, 0, 0, 146, 160, 447, 1086, 2239, 2280, 2065, 1457, 3583, 276, 0, 0
15:51:21, 1178.00, 29.56, 30.97, 29.555, 226, 311, 770, 1392, 2133, 2311, 2328, 2150, 3820, 252, 0, 0, 143, 160, 445, 1072, 2270, 2308, 2103, 1485, 3721, 288, 0, 0
15:51:22, 1182.70, 29.56, 30.97, 29.555, 157, 222, 540, 1011, 1781, 1972, 1952, 1778, 3652, 245, 0, 0, 137, 152, 425, 1032, 2046, 2088, 1887, 1326, 3550, 275, 0, 0
15:51:22, 1185.60, 29.56, 30.95, 29.555, 301, 473, 1121, 2119, 3918, 4177, 4537, 4280, 9320, 570, 0, 0, 113, 123, 346, 857, 1798, 1839, 1637, 1150, 3257, 249, 0, 0
15:51:23, 1182.00, 29.56, 30.95, 29.539, 235, 333, 805, 1539, 1761, 1945, 1938, 1712, 3728, 247, 0, 0, 149, 165, 460, 1115, 2331, 2376, 2172, 1528, 3894, 303, 0, 0
15:51:24, 1185.10, 29.56, 30.97, 29.555, 131, 181, 447, 864, 1506, 1636, 1618, 1440, 2820, 189, 0, 0, 145, 159, 444, 1082, 2070, 2109, 1904, 1333, 3413, 264, 0, 0
15:51:24, 1192.00, 29.56, 30.98, 29.555, 291, 451, 1079, 2021, 3809, 4069, 4427, 4171, 9824, 627, 0, 0, 110, 119, 335, 831, 1803, 1849, 1639, 1156, 3475, 262, 0, 0
15:51:25, 1188.60, 29.55, 30.98, 29.539, 297, 502, 1196, 2294, 2703, 2956, 3259, 2757, 7552, 486, 0, 0, 125, 136, 381, 941, 2253, 2316, 2097, 1472, 4166, 325, 0, 0
15:51:26, 1194.50, 29.56, 30.93, 29.555, 96, 132, 330, 680, 1192, 1296, 1283, 1072, 2475, 167, 0, 0, 140, 151, 421, 1044, 2108, 2155, 1956, 1360, 3491, 272, 0, 0
15:51:26, 1199.30, 29.55, 30.95, 29.555, 179, 229, 574, 1106, 2086, 2347, 2307, 2139, 4041, 261, 0, 0, 104, 110, 308, 781, 1698, 1736, 1539, 1054, 2830, 219, 0, 0
15:51:27, 1194.80, 29.55, 30.98, 29.539, 133, 180, 453, 896, 1396, 1525, 1499, 1297, 2770, 184, 0, 0, 129, 136, 383, 959, 2113, 2160, 1960, 1360, 3521, 275, 0, 0
15:51:28, 1196.30, 29.55, 31.00, 29.547, 115, 153, 382, 776, 1270, 1395, 1389, 1173, 2800, 189, 0, 0, 132, 143, 399, 991, 1985, 2035, 1827, 1267, 3525, 274, 0, 0
15:51:28, 1202.50, 29.55, 30.95, 29.547, 189, 271, 662, 1327, 2596, 2895, 3085, 2706, 6328, 388, 0, 0, 96, 101, 285, 721, 1543, 1583, 1392, 964, 2835, 215, 0, 0
15:51:29, 1200.30, 29.55, 30.97, 29.547, 299, 500, 1236, 2471, 3973, 4321, 4675, 4215, 12069, 749, 0, 0, 98, 104, 291, 738, 1575, 1615, 1422, 984, 2879, 220, 0, 0
15:51:30, 1198.60, 29.55, 30.97, 29.547, 135, 184, 463, 936, 1368, 1495, 1476, 1252, 2804, 187, 0, 0, 129, 137, 383, 959, 2118, 2167, 1963, 1355, 3490, 273, 0, 0
15:51:30, 1200.10, 29.55, 30.98, 29.547, 94, 124, 317, 646, 1099, 1189, 1163, 979, 2042, 138, 0, 0, 137, 145, 404, 1014, 2021, 2062, 1860, 1278, 3207, 249, 0, 0
15:51:31, 1208.00, 29.55, 30.97, 29.539, 185, 239, 603, 1178, 2250, 2502, 2554, 2293, 4772, 302, 0, 0, 91, 94, 265, 683, 1486, 1527, 1336, 919, 2765, 210, 0, 0
15:51:32, 1206.50, 29.55, 30.95, 29.547, 260, 428, 1068, 2108, 3536, 3781, 4047, 3640, 9735, 615, 0, 0, 90, 94, 265, 678, 1468, 1508, 1323, 910, 2683, 204, 0, 0
15:51:32, 1204.80, 29.55, 30.98, 29.547, 90, 119, 302, 636, 939, 1018, 998, 811, 1879, 128, 0, 0, 137, 143, 400, 1012, 2047, 2097, 1894, 1299, 3346, 262, 0, 0
15:51:33, 1208.10, 29.55, 31.00, 29.539, 112, 145, 373, 762, 1426, 1554, 1525, 1319, 2684, 178, 0, 0, 104, 106, 298, 767, 1667, 1704, 1510, 1025, 2692, 209, 0, 0
15:51:34, 1205.40, 29.55, 30.98, 29.547, 132, 169, 432, 867, 1418, 1558, 1522, 1322, 2755, 182, 0, 0, 112, 117, 328, 834, 1835, 1880, 1681, 1152, 3072, 240, 0, 0
15:51:34, 1210.50, 29.55, 31.00, 29.547, 118, 158, 397, 815, 1620, 1795, 1816, 1547, 3671, 241, 0, 0, 96, 100, 281, 721, 1483, 1522, 1336, 912, 2628, 202, 0, 0
15:51:35, 1212.30, 29.54, 30.95, 29.539, 219, 344, 837, 1693, 2601, 2810, 3030, 2652, 6746, 426, 0, 0, 87, 90, 254, 656, 1421, 1459, 1273, 869, 2537, 194, 0, 0
15:51:36, 1210.40, 29.55, 30.98, 29.547, 257, 383, 935, 1878, 2420, 2716, 2747, 2533, 5051, 317, 0, 0, 96, 98, 277, 712, 1604, 1640, 1448, 983, 2625, 204, 0, 0
15:51:36, 1214.90, 29.54, 30.97, 29.547, 122, 162, 417, 835, 1399, 1499, 1485, 1274, 2458, 163, 0, 0, 101, 103, 289, 747, 1560, 1597, 1407, 956, 2487, 193, 0, 0
15:51:37, 1218.10, 29.54, 30.95, 29.539, 194, 253, 645, 1263, 2391, 2592, 2664, 2445, 4446, 280, 0, 0, 82, 82, 231, 605, 1383, 1422, 1241, 838, 2354, 182, 0, 0
15:51:38, 1219.50, 29.54, 30.98, 29.547, 124, 163, 415, 864, 1481, 1641, 1638, 1382, 3284, 216, 0, 0, 92, 93, 262, 682, 1493, 1537, 1354, 920, 2620, 203, 0, 0
15:51:38, 1223.80, 29.54, 30.95, 29.547, 140, 187, 471, 977, 1660, 1857, 1847, 1595, 3583, 233, 0, 0, 86, 86, 242, 637, 1389, 1428, 1248, 837, 2329, 181, 0, 0
15:51:39, 1226.40, 29.54, 30.98, 29.539, 164, 224, 578, 1173, 1943, 2111, 2122, 1885, 3829, 241, 0, 0, 79, 77, 218, 579, 1356, 1395, 1219, 820, 2206, 171, 0, 0
15:51:40, 1227.30, 29.54, 30.95, 29.539, 142, 173, 453, 917, 1580, 1711, 1692, 1482, 2722, 178, 0, 0, 86, 84, 237, 624, 1426, 1463, 1280, 858, 2206, 171, 0, 0
15:51:40, 1227.60, 29.54, 30.97, 29.539, 123, 156, 410, 832, 1481, 1593, 1590, 1377, 2550, 167, 0, 0, 84, 82, 231, 614, 1401, 1439, 1259, 841, 2180, 169, 0, 0
15:51:41, 1229.50, 29.54, 31.00, 29.539, 114, 140, 365, 753, 1333, 1471, 1431, 1233, 2411, 160, 0, 0, 82, 80, 226, 603, 1299, 1338, 1166, 780, 2174, 169, 0, 0
15:51:42, 1232.30, 29.54, 30.97, 29.539, 124, 157, 406, 859, 1499, 1662, 1652, 1400, 3245, 211, 0, 0, 73, 72, 203, 540, 1200, 1237, 1072, 718, 2067, 160, 0, 0
15:51:42, 1231.70, 29.54, 30.95, 29.539, 149, 191, 489, 1013, 1556, 1742, 1702, 1499, 3076, 199, 0, 0, 79, 77, 215, 574, 1303, 1343, 1171, 781, 2128, 166, 0, 0
15:51:43, 1232.20, 29.54, 31.00, 29.531, 110, 135, 353, 743, 1240, 1355, 1315, 1114, 2261, 150, 0, 0, 83, 80, 225, 601, 1329, 1366, 1192, 792, 2112, 164, 0, 0
15:51:44, 1237.00, 29.54, 31.00, 29.539, 122, 150, 391, 824, 1596, 1770, 1778, 1533, 3335, 213, 0, 0, 68, 66, 186, 501, 1127, 1164, 1005, 672, 1985, 153, 0, 0
15:51:44, 1235.20, 29.54, 30.98, 29.539, 133, 177, 449, 974, 1400, 1551, 1573, 1293, 3303, 217, 0, 0, 78, 75, 211, 568, 1353, 1398, 1221, 811, 2290, 179, 0, 0
15:51:45, 1238.80, 29.54, 30.93, 29.531, 79, 95, 251, 553, 1045, 1148, 1105, 912, 1976, 132, 0, 0, 80, 77, 214, 576, 1288, 1327, 1159, 769, 2054, 160, 0, 0
15:51:46, 1243.70, 29.54, 31.02, 29.539, 119, 142, 375, 794, 1509, 1672, 1649, 1441, 2877, 186, 0, 0, 65, 62, 173, 470, 1066, 1101, 946, 624, 1776, 138, 0, 0
15:51:46, 1242.10, 29.54, 30.97, 29.539, 124, 156, 408, 870, 1332, 1475, 1441, 1228, 2648, 172, 0, 0, 68, 65, 181, 494, 1180, 1219, 1057, 697, 1899, 148, 0, 0
15:51:47, 1243.20, 29.54, 31.00, 29.523, 94, 110, 290, 629, 1158, 1278, 1229, 1039, 2108, 139, 0, 0, 70, 66, 185, 507, 1170, 1206, 1043, 685, 1825, 142, 0, 0
15:51:48, 1245.80, 29.53, 31.00, 29.523, 113, 137, 362, 769, 1479, 1636, 1616, 1398, 2788, 179, 0, 0, 63, 60, 166, 455, 1048, 1085, 934, 618, 1770, 137, 0, 0
15:51:48, 1242.20, 29.53, 30.97, 29.523, 114, 144, 372, 811, 1225, 1354, 1335, 1100, 2648, 175, 0, 0, 72, 69, 193, 524, 1263, 1309, 1141, 756, 2157, 169, 0, 0
15:51:49, 1244.20, 29.53, 30.97, 29.523, 80, 97, 255, 567, 1075, 1183, 1139, 936, 2088, 139, 0, 0, 71, 67, 188, 513, 1143, 1180, 1021, 671, 1858, 145, 0, 0
15:51:50, 1243.80, 29.53, 30.98, 29.523, 120, 148, 390, 838, 1346, 1486, 1453, 1229, 2632, 171, 0, 0, 68, 65, 182, 495, 1162, 1201, 1042, 689, 1908, 149, 0, 0
15:51:50, 1244.10, 29.53, 31.00, 29.523, 89, 107, 281, 613, 1088, 1201, 1158, 963, 2134, 142, 0, 0, 72, 68, 191, 519, 1170, 1210, 1050, 693, 1933, 151, 0, 0
15:51:51, 1247.70, 29.53, 31.00, 29.516, 111, 138, 361, 782, 1446, 1602, 1609, 1350, 3024, 195, 0, 0, 62, 58, 163, 447, 1023, 1060, 909, 600, 1754, 136, 0, 0
15:51:52, 1248.30, 29.53, 30.97, 29.516, 114, 146, 378, 833, 1437, 1595, 1608, 1340, 3211, 206, 0, 0, 60, 57, 158, 435, 1024, 1061, 911, 599, 1727, 134, 0, 0
15:51:52, 1245.50, 29.53, 30.97, 29.523, 96, 116, 303, 663, 1125, 1238, 1194, 1004, 2086, 138, 0, 0, 70, 66, 184, 505, 1186, 1224, 1064, 699, 1840, 143, 0, 0
15:51:53, 1247.00, 29.53, 31.00, 29.523, 100, 118, 313, 671, 1271, 1402, 1369, 1166, 2239, 147, 0, 0, 64, 60, 167, 459, 1046, 1083, 931, 612, 1713, 133, 0, 0
15:51:54, 1245.20, 29.53, 30.97, 29.523, 101, 123, 322, 705, 1214, 1342, 1327, 1096, 2590, 170, 0, 0, 66, 63, 175, 480, 1125, 1168, 1011, 670, 1953, 152, 0, 0
15:51:54, 1245.80, 29.53, 30.97, 29.516, 100, 127, 327, 726, 1261, 1402, 1410, 1154, 2826, 186, 0, 0, 68, 64, 180, 490, 1139, 1181, 1023, 675, 1926, 150, 0, 0
15:51:55, 1243.30, 29.53, 30.98, 29.516, 109, 136, 356, 779, 1303, 1437, 1425, 1182, 2691, 174, 0, 0, 67, 64, 178, 487, 1177, 1218, 1060, 700, 1934, 151, 0, 0
15:51:56, 1244.00, 29.53, 30.98, 29.516, 89, 106, 276, 610, 1114, 1241, 1201, 1001, 2243, 149, 0, 0, 71, 68, 188, 512, 1166, 1205, 1048, 691, 1910, 149, 0, 0
15:51:56, 1245.20, 29.53, 30.98, 29.516, 114, 143, 371, 810, 1517, 1677, 1706, 1423, 3344, 214, 0, 0, 63, 59, 166, 454, 1059, 1096, 946, 624, 1802, 139, 0, 0
15:51:57, 1244.70, 29.53, 30.98, 29.508, 94, 118, 307, 683, 1131, 1248, 1226, 996, 2446, 162, 0, 0, 70, 67, 186, 508, 1164, 1205, 1048, 693, 1941, 151, 0, 0
15:51:58, 1249.30, 29.53, 31.00, 29.508, 114, 141, 365, 798, 1512, 1671, 1685, 1432, 3181, 203, 0, 0, 60, 56, 157, 432, 1006, 1042, 895, 589, 1687, 130, 0, 0
15:51:58, 1252.80, 29.53, 30.97, 29.508, 108, 130, 340, 748, 1382, 1545, 1512, 1292, 2691, 174, 0, 0, 59, 55, 154, 425, 991, 1026, 880, 577, 1616, 125, 0, 0
15:51:59, 1249.20, 29.53, 30.95, 29.508, 101, 120, 318, 690, 1068, 1166, 1130, 945, 1815, 120, 0, 0, 70, 66, 182, 498, 1210, 1248, 1087, 715, 1803, 140, 0, 0
15:52:00, 1251.50, 29.53, 30.98, 29.508, 68, 80, 214, 477, 963, 1041, 1022, 829, 1596, 106, 0, 0, 69, 64, 178, 488, 1134, 1171, 1015, 665, 1718, 134, 0, 0
15:52:00, 1254.40, 29.53, 30.97, 29.500, 88, 101, 270, 592, 1135, 1252, 1221, 1022, 2181, 143, 0, 0, 58, 54, 151, 419, 984, 1022, 879, 577, 1665, 129, 0, 0
15:52:01, 1252.80, 29.52, 30.98, 29.500, 75, 90, 234, 536, 910, 1004, 987, 782, 2036, 137, 0, 0, 67, 63, 175, 481, 1115, 1160, 1005, 661, 1904, 149, 0, 0
15:52:02, 1258.60, 29.53, 30.97, 29.500, 76, 90, 237, 540, 1072, 1192, 1168, 957, 2203, 145, 0, 0, 57, 53, 146, 409, 953, 990, 849, 554, 1571, 122, 0, 0
15:52:02, 1260.80, 29.53, 30.97, 29.500, 117, 154, 405, 893, 1780, 1931, 2001, 1649, 3945, 249, 0, 0, 50, 45, 126, 353, 857, 891, 755, 492, 1436, 111, 0, 0
15:52:03, 1258.50, 29.53, 31.02, 29.508, 86, 98, 259, 579, 946, 1053, 1009, 824, 1738, 116, 0, 0, 62, 57, 158, 440, 1076, 1114, 966, 628, 1635, 128, 0, 0
15:52:04, 1258.70, 29.53, 30.98, 29.508, 64, 73, 194, 439, 843, 913, 881, 711, 1396, 93, 0, 0, 67, 62, 171, 475, 1084, 1121, 968, 630, 1615, 126, 0, 0
15:52:04, 1261.60, 29.52, 30.95, 29.508, 76, 86, 231, 518, 960, 1058, 1017, 833, 1759, 116, 0, 0, 59, 54, 148, 414, 947, 985, 846, 552, 1566, 122, 0, 0
15:52:05, 1260.20, 29.52, 30.98, 29.508, 94, 118, 307, 698, 1234, 1362, 1387, 1119, 2902, 189, 0, 0, 54, 50, 137, 384, 957, 997, 855, 557, 1626, 127, 0, 0
15:52:06, 1259.10, 29.52, 30.98, 29.508, 77, 89, 235, 533, 979, 1083, 1040, 850, 1883, 125, 0, 0, 61, 56, 154, 431, 1009, 1047, 902, 588, 1609, 125, 0, 0
15:52:06, 1262.10, 29.53, 30.95, 29.508, 80, 91, 242, 549, 1046, 1158, 1120, 917, 2010, 132, 0, 0, 56, 51, 141, 396, 887, 921, 784, 509, 1490, 115, 0, 0
15:52:07, 1260.00, 29.53, 31.00, 29.508, 118, 162, 432, 953, 1655, 1796, 1852, 1536, 3897, 252, 0, 0, 53, 49, 135, 379, 994, 1034, 890, 582, 1673, 130, 0, 0
15:52:08, 1260.30, 29.52, 30.97, 29.508, 74, 85, 224, 519, 931, 1036, 995, 801, 1801, 120, 0, 0, 64, 59, 162, 453, 1070, 1109, 959, 623, 1666, 130, 0, 0
15:52:08, 1256.10, 29.53, 30.97, 29.500, 64, 72, 192, 439, 822, 900, 855, 690, 1442, 97, 0, 0, 70, 65, 179, 496, 1176, 1217, 1063, 694, 1803, 141, 0, 0
15:52:09, 1258.70, 29.52, 30.95, 29.508, 70, 79, 209, 474, 951, 1059, 1022, 834, 1865, 124, 0, 0, 62, 58, 159, 443, 1015, 1056, 909, 594, 1721, 134, 0, 0
15:52:10, 1256.60, 29.52, 30.97, 29.508, 82, 102, 269, 616, 1083, 1184, 1196, 939, 2550, 169, 0, 0, 63, 58, 162, 450, 1177, 1228, 1069, 705, 2038, 160, 0, 0
15:52:10, 1259.30, 29.52, 30.95, 29.508, 69, 80, 209, 485, 950, 1058, 1028, 827, 1968, 131, 0, 0, 64, 59, 164, 456, 1047, 1086, 938, 611, 1698, 133, 0, 0
15:52:11, 1261.40, 29.52, 30.98, 29.508, 102, 126, 334, 739, 1530, 1670, 1706, 1428, 3229, 204, 0, 0, 50, 46, 128, 362, 906, 941, 802, 521, 1498, 116, 0, 0
15:52:12, 1257.80, 29.52, 30.97, 29.508, 80, 90, 240, 539, 971, 1073, 1028, 844, 1713, 114, 0, 0, 64, 58, 161, 450, 1099, 1137, 982, 638, 1657, 129, 0, 0
15:52:12, 1257.50, 29.52, 30.97, 29.500, 74, 84, 226, 510, 1063, 1165, 1125, 933, 1831, 121, 0, 0, 61, 57, 157, 436, 1038, 1074, 923, 601, 1605, 125, 0, 0
15:52:13, 1257.50, 29.52, 30.98, 29.508, 99, 118, 313, 692, 1299, 1434, 1436, 1187, 2752, 178, 0, 0, 55, 52, 143, 399, 994, 1034, 888, 583, 1727, 134, 0, 0
15:52:14, 1255.70, 29.52, 30.97, 29.508, 62, 74, 194, 455, 842, 923, 901, 699, 1885, 128, 0, 0, 71, 66, 183, 507, 1204, 1250, 1086, 709, 1984, 156, 0, 0
15:52:14, 1257.10, 29.53, 30.98, 29.508, 72, 83, 221, 504, 964, 1062, 1011, 822, 1803, 120, 0, 0, 65, 60, 166, 461, 1081, 1118, 964, 628, 1706, 133, 0, 0
15:52:15, 1256.80, 29.52, 30.98, 29.516, 92, 106, 282, 625, 1152, 1280, 1239, 1033, 2253, 148, 0, 0, 62, 58, 160, 444, 1057, 1096, 943, 617, 1765, 138, 0, 0
15:52:16, 1259.50, 29.52, 31.00, 29.516, 86, 105, 274, 623, 1154, 1273, 1269, 1016, 2545, 168, 0, 0, 59, 54, 151, 422, 957, 993, 845, 550, 1635, 126, 0, 0
15:52:16, 1260.10, 29.53, 31.00, 29.523, 115, 151, 395, 888, 1553, 1684, 1740, 1429, 3594, 231, 0, 0, 54, 50, 139, 390, 940, 975, 828, 539, 1585, 122, 0, 0
15:52:17, 1261.60, 29.52, 30.97, 29.523, 110, 134, 351, 778, 1373, 1514, 1486, 1257, 2702, 175, 0, 0, 57, 53, 148, 413, 991, 1025, 875, 569, 1593, 124, 0, 0
15:52:18, 1260.30, 29.52, 31.00, 29.523, 96, 112, 300, 657, 1210, 1327, 1278, 1082, 2136, 140, 0, 0, 61, 56, 155, 433, 1101, 1136, 976, 633, 1645, 128, 0, 0
15:52:18, 1258.60, 29.52, 30.97, 29.523, 65, 75, 201, 455, 827, 889, 859, 676, 1326, 88, 0, 0, 75, 69, 192, 532, 1243, 1279, 1105, 717, 1777, 138, 0, 0
15:52:19, 1262.20, 29.53, 31.00, 29.531, 63, 70, 190, 435, 864, 942, 897, 720, 1453, 97, 0, 0, 65, 60, 167, 465, 1039, 1074, 921, 596, 1636, 128, 0, 0
15:52:20, 1262.90, 29.53, 31.00, 29.531, 75, 88, 232, 532, 972, 1070, 1042, 830, 2122, 142, 0, 0, 60, 55, 153, 428, 998, 1036, 885, 575, 1683, 131, 0, 0
15:52:20, 1265.10, 29.53, 31.00, 29.531, 84, 98, 259, 590, 1064, 1185, 1147, 938, 2122, 140, 0, 0, 56, 51, 141, 399, 935, 969, 822, 530, 1531, 119, 0, 0
15:52:21, 1265.90, 29.52, 31.04, 29.539, 87, 100, 265, 607, 1133, 1259, 1217, 1005, 2205, 144, 0, 0, 55, 49, 137, 388, 937, 971, 826, 533, 1511, 117, 0, 0
15:52:22, 1265.80, 29.53, 30.98, 29.539, 93, 108, 288, 645, 1147, 1275, 1226, 1025, 2162, 141, 0, 0, 56, 51, 141, 398, 952, 987, 841, 544, 1532, 119, 0, 0
15:52:22, 1263.10, 29.52, 30.95, 29.539, 92, 106, 281, 630, 1113, 1234, 1203, 993, 2168, 141, 0, 0, 56, 51, 142, 401, 999, 1035, 883, 569, 1612, 126, 0, 0
15:52:23, 1262.60, 29.53, 30.97, 29.539, 65, 75, 200, 462, 848, 933, 891, 707, 1686, 113, 0, 0, 63, 58, 160, 451, 1051, 1090, 935, 605, 1704, 133, 0, 0
15:52:24, 1267.30, 29.53, 30.98, 29.539, 83, 96, 255, 585, 1168, 1294, 1272, 1040, 2364, 154, 0, 0, 51, 46, 128, 364, 858, 891, 751, 483, 1423, 110, 0, 0
15:52:24, 1265.40, 29.53, 31.00, 29.523, 96, 118, 313, 703, 1174, 1306, 1273, 1056, 2365, 153, 0, 0, 55, 50, 137, 389, 971, 1007, 860, 555, 1551, 121, 0, 0
15:52:25, 1264.00, 29.53, 30.98, 29.531, 80, 89, 237, 538, 1003, 1110, 1062, 875, 1803, 119, 0, 0, 59, 53, 148, 417, 1009, 1043, 892, 575, 1552, 121, 0, 0
15:52:26, 1265.70, 29.53, 30.97, 29.531, 92, 107, 285, 649, 1228, 1364, 1364, 1111, 2592, 168, 0, 0, 53, 49, 135, 383, 948, 986, 842, 547, 1612, 125, 0, 0
15:52:26, 1266.30, 29.53, 30.98, 29.523, 74, 89, 232, 543, 1010, 1112, 1114, 880, 2340, 156, 0, 0, 57, 52, 144, 408, 1044, 1088, 935, 606, 1759, 138, 0, 0
15:52:27, 1266.60, 29.53, 30.97, 29.523, 58, 65, 172, 407, 789, 871, 829, 657, 1502, 101, 0, 0, 62, 56, 155, 436, 1023, 1060, 911, 587, 1590, 124, 0, 0
15:52:28, 1268.40, 29.53, 30.98, 29.523, 69, 78, 207, 475, 955, 1051, 1016, 824, 1795, 118, 0, 0, 52, 47, 129, 368, 900, 934, 795, 510, 1432, 112, 0, 0
15:52:28, 1269.30, 29.53, 30.98, 29.516, 75, 87, 229, 531, 1002, 1109, 1088, 873, 2136, 140, 0, 0, 52, 47, 129, 369, 902, 940, 800, 516, 1522, 119, 0, 0
15:52:29, 1274.90, 29.53, 30.98, 29.523, 81, 96, 253, 589, 1379, 1521, 1543, 1260, 2987, 191, 0, 0, 45, 40, 111, 318, 771, 804, 674, 435, 1326, 102, 0, 0
15:52:30, 1270.70, 29.53, 30.97, 29.523, 101, 132, 350, 798, 1236, 1346, 1350, 1101, 2623, 168, 0, 0, 50, 45, 125, 358, 934, 971, 830, 532, 1497, 117, 0, 0
15:52:30, 1276.10, 29.53, 30.98, 29.516, 54, 60, 159, 378, 763, 842, 796, 630, 1314, 88, 0, 0, 54, 48, 133, 379, 863, 896, 758, 484, 1325, 103, 0, 0
15:52:31, 1274.30, 29.53, 30.98, 29.516, 69, 77, 208, 480, 907, 986, 948, 764, 1536, 101, 0, 0, 51, 46, 126, 359, 913, 946, 804, 515, 1355, 105, 0, 0
15:52:32, 1269.90, 29.53, 30.98, 29.516, 56, 61, 164, 380, 711, 768, 734, 580, 1139, 77, 0, 0, 64, 58, 159, 448, 1039, 1074, 924, 593, 1519, 118, 0, 0
15:52:32, 1272.50, 29.53, 30.97, 29.508, 66, 73, 196, 451, 922, 1015, 969, 789, 1691, 112, 0, 0, 49, 44, 122, 349, 827, 861, 727, 466, 1351, 105, 0, 0
15:52:33, 1269.80, 29.53, 31.02, 29.516, 83, 97, 257, 594, 1009, 1118, 1094, 877, 2139, 141, 0, 0, 52, 47, 131, 372, 919, 957, 816, 526, 1538, 120, 0, 0
15:52:34, 1273.00, 29.53, 30.98, 29.516, 84, 96, 255, 583, 1261, 1403, 1392, 1149, 2501, 161, 0, 0, 48, 43, 120, 341, 814, 847, 715, 461, 1358, 105, 0, 0
15:52:34, 1274.40, 29.53, 31.00, 29.508, 109, 143, 372, 867, 1692, 1836, 1895, 1553, 4056, 263, 0, 0, 45, 41, 114, 324, 784, 818, 686, 445, 1367, 105, 0, 0
15:52:35, 1268.80, 29.53, 30.98, 29.516, 98, 124, 327, 746, 1083, 1197, 1174, 953, 2302, 151, 0, 0, 55, 50, 136, 388, 1041, 1082, 934, 600, 1636, 129, 0, 0
15:52:36, 1270.10, 29.53, 30.98, 29.516, 50, 54, 145, 345, 680, 745, 699, 550, 1156, 78, 0, 0, 65, 58, 161, 453, 1054, 1091, 942, 606, 1565, 122, 0, 0
15:52:36, 1272.90, 29.53, 31.02, 29.516, 68, 76, 203, 470, 937, 1036, 1000, 803, 1809, 119, 0, 0, 49, 45, 122, 351, 867, 904, 768, 493, 1451, 113, 0, 0
15:52:37, 1274.20, 29.53, 30.98, 29.516, 64, 75, 198, 469, 931, 1025, 1024, 796, 2142, 143, 0, 0, 51, 46, 125, 360, 896, 936, 797, 514, 1526, 119, 0, 0
15:52:38, 1279.00, 29.53, 31.00, 29.516, 71, 81, 214, 505, 1103, 1216, 1208, 968, 2365, 154, 0, 0, 45, 40, 110, 317, 781, 814, 687, 440, 1303, 101, 0, 0
15:52:38, 1280.40, 29.53, 31.00, 29.516, 84, 95, 252, 584, 1091, 1217, 1177, 976, 2140, 139, 0, 0, 46, 41, 113, 325, 811, 844, 714, 457, 1289, 100, 0, 0
15:52:39, 1276.40, 29.53, 31.00, 29.508, 73, 82, 218, 501, 911, 1005, 960, 787, 1625, 107, 0, 0, 50, 44, 122, 351, 892, 927, 790, 504, 1349, 105, 0, 0
15:52:40, 1272.90, 29.53, 31.00, 29.508, 62, 68, 182, 422, 796, 868, 828, 663, 1325, 88, 0, 0, 55, 49, 134, 383, 936, 970, 829, 529, 1392, 108, 0, 0
15:52:40, 1273.50, 29.53, 31.00, 29.508, 68, 75, 201, 465, 904, 1002, 958, 781, 1671, 111, 0, 0, 50, 44, 122, 350, 847, 882, 750, 482, 1382, 108, 0, 0
15:52:41, 1274.60, 29.53, 30.98, 29.508, 62, 70, 185, 437, 798, 886, 853, 674, 1679, 113, 0, 0, 53, 48, 130, 373, 845, 882, 749, 482, 1424, 111, 0, 0
15:52:42, 1278.50, 29.53, 31.00, 29.508, 84, 98, 260, 603, 1233, 1362, 1379, 1133, 2659, 171, 0, 0, 43, 38, 105, 305, 745, 778, 650, 417, 1238, 95, 0, 0
15:52:42, 1277.00, 29.53, 30.97, 29.508, 99, 126, 329, 775, 1383, 1500, 1541, 1260, 3008, 192, 0, 0, 44, 39, 107, 310, 786, 819, 693, 445, 1299, 101, 0, 0
15:52:43, 1278.10, 29.53, 30.98, 29.500, 68, 75, 199, 467, 863, 963, 916, 741, 1598, 107, 0, 0, 50, 44, 121, 347, 823, 856, 724, 462, 1279, 99, 0, 0
15:52:44, 1276.30, 29.53, 30.98, 29.500, 73, 82, 221, 509, 940, 1021, 989, 803, 1594, 105, 0, 0, 47, 42, 114, 330, 830, 863, 728, 465, 1253, 97, 0, 0
15:52:44, 1272.60, 29.53, 31.02, 29.500, 57, 62, 166, 390, 742, 807, 771, 608, 1195, 80, 0, 0, 59, 52, 143, 408, 994, 1030, 886, 567, 1468, 114, 0, 0
15:52:45, 1277.30, 29.53, 31.00, 29.508, 61, 66, 178, 416, 884, 979, 930, 752, 1658, 110, 0, 0, 47, 42, 115, 331, 785, 818, 690, 443, 1308, 101, 0, 0
15:52:46, 1276.70, 29.53, 31.00, 29.508, 92, 113, 295, 688, 1272, 1399, 1421, 1153, 2790, 180, 0, 0, 46, 41, 113, 324, 814, 849, 719, 463, 1375, 107, 0, 0
15:52:46, 1278.30, 29.53, 31.00, 29.508, 63, 71, 189, 450, 897, 991, 952, 755, 1821, 121, 0, 0, 49, 44, 122, 348, 841, 877, 745, 478, 1373, 107, 0, 0
15:52:47, 1283.20, 29.53, 30.98, 29.516, 78, 89, 236, 549, 1215, 1347, 1341, 1095, 2475, 159, 0, 0, 41, 37, 101, 293, 720, 751, 628, 401, 1204, 93, 0, 0
15:52:48, 1276.90, 29.53, 31.02, 29.516, 79, 91, 243, 565, 878, 973, 923, 744, 1655, 110, 0, 0, 53, 47, 128, 369, 999, 1039, 896, 571, 1517, 119, 0, 0
15:52:48, 1276.50, 29.53, 30.98, 29.516, 40, 42, 113, 275, 547, 594, 551, 420, 878, 60, 0, 0, 68, 61, 167, 474, 1085, 1123, 972, 620, 1556, 121, 0, 0
15:52:49, 1282.20, 29.53, 30.97, 29.523, 64, 69, 186, 439, 848, 937, 894, 715, 1550, 103, 0, 0, 48, 43, 118, 341, 804, 839, 710, 454, 1346, 105, 0, 0
15:52:50, 1281.60, 29.53, 31.00, 29.523, 73, 86, 228, 536, 975, 1079, 1054, 840, 2043, 135, 0, 0, 47, 42, 115, 333, 825, 860, 730, 466, 1331, 104, 0, 0
15:52:50, 1281.30, 29.53, 31.00, 29.523, 56, 61, 163, 389, 764, 842, 790, 629, 1348, 90, 0, 0, 51, 45, 123, 355, 836, 869, 736, 468, 1280, 100, 0, 0
15:52:51, 1284.80, 29.53, 30.97, 29.523, 70, 77, 206, 481, 965, 1071, 1032, 839, 1798, 117, 0, 0, 43, 38, 102, 299, 719, 751, 628, 399, 1199, 93, 0, 0
15:52:52, 1280.30, 29.53, 30.98, 29.523, 88, 106, 275, 667, 1054, 1164, 1170, 921, 2391, 155, 0, 0, 47, 42, 114, 332, 934, 978, 834, 533, 1566, 124, 0, 0
15:52:52, 1282.60, 29.53, 31.00, 29.531, 42, 44, 117, 292, 605, 668, 622, 477, 1099, 75, 0, 0, 57, 51, 139, 398, 936, 973, 835, 530, 1413, 111, 0, 0
15:52:53, 1286.60, 29.53, 31.04, 29.531, 69, 75, 202, 472, 1002, 1112, 1087, 885, 1917, 125, 0, 0, 42, 37, 101, 297, 770, 805, 678, 430, 1247, 97, 0, 0
15:52:54, 1284.10, 29.53, 30.97, 29.531, 57, 63, 167, 403, 750, 828, 785, 613, 1498, 101, 0, 0, 50, 44, 121, 350, 885, 925, 789, 502, 1420, 112, 0, 0
15:52:54, 1289.00, 29.53, 31.00, 29.523, 51, 55, 147, 354, 781, 866, 822, 652, 1447, 96, 0, 0, 43, 38, 103, 302, 725, 758, 634, 401, 1163, 91, 0, 0
15:52:55, 1290.20, 29.53, 31.02, 29.531, 74, 84, 223, 525, 1074, 1186, 1171, 944, 2166, 140, 0, 0, 37, 32, 88, 261, 676, 705, 585, 368, 1098, 85, 0, 0
15:52:56, 1283.50, 29.54, 30.98, 29.531, 54, 57, 152, 369, 715, 791, 741, 584, 1272, 85, 0, 0, 49, 43, 117, 341, 897, 931, 795, 503, 1331, 104, 0, 0
15:52:56, 1283.20, 29.54, 31.00, 29.523, 45, 47, 126, 305, 621, 685, 637, 500, 1052, 71, 0, 0, 55, 49, 132, 381, 903, 938, 800, 506, 1364, 107, 0, 0
15:52:57, 1286.00, 29.53, 31.00, 29.531, 55, 59, 157, 378, 760, 843, 808, 633, 1544, 103, 0, 0, 46, 41, 111, 324, 784, 820, 690, 439, 1335, 104, 0, 0
15:52:58, 1286.60, 29.54, 31.02, 29.531, 57, 66, 175, 428, 835, 917, 916, 696, 1959, 132, 0, 0, 43, 38, 105, 306, 783, 819, 690, 438, 1322, 103, 0, 0
15:52:58, 1286.90, 29.54, 31.00, 29.516, 55, 60, 159, 387, 841, 933, 903, 715, 1683, 111, 0, 0, 41, 36, 99, 290, 742, 774, 647, 407, 1174, 91, 0, 0
15:52:59, 1284.10, 29.54, 31.00, 29.516, 60, 65, 173, 413, 826, 920, 876, 703, 1524, 100, 0, 0, 45, 40, 108, 317, 770, 802, 675, 427, 1239, 97, 0, 0
15:53:00, 1279.50, 29.54, 31.00, 29.516, 53, 57, 151, 367, 653, 724, 682, 523, 1285, 87, 0, 0, 53, 48, 130, 376, 910, 951, 810, 518, 1515, 119, 0, 0
15:53:00, 1282.80, 29.54, 31.02, 29.516, 45, 48, 128, 315, 578, 638, 596, 452, 1089, 74, 0, 0, 57, 50, 137, 394, 932, 969, 830, 528, 1419, 111, 0, 0
15:53:01, 1286.10, 29.54, 30.97, 29.523, 55, 58, 155, 367, 794, 876, 828, 670, 1354, 90, 0, 0, 45, 39, 108, 314, 753, 785, 657, 416, 1180, 92, 0, 0
15:53:02, 1285.70, 29.54, 31.00, 29.523, 69, 79, 210, 501, 925, 1021, 1005, 783, 2008, 132, 0, 0, 42, 37, 101, 297, 766, 802, 673, 429, 1318, 102, 0, 0
15:53:02, 1284.50, 29.54, 31.00, 29.516, 50, 56, 147, 364, 702, 774, 746, 566, 1535, 104, 0, 0, 49, 44, 118, 344, 858, 897, 760, 484, 1412, 111, 0, 0
15:53:03, 1286.60, 29.54, 31.00, 29.523, 54, 58, 154, 372, 761, 842, 794, 628, 1400, 93, 0, 0, 47, 41, 112, 326, 806, 839, 708, 448, 1257, 98, 0, 0
15:53:04, 1280.70, 29.54, 31.00, 29.523, 57, 62, 165, 395, 713, 787, 739, 579, 1337, 90, 0, 0, 53, 47, 129, 372, 957, 998, 856, 547, 1521, 120, 0, 0
15:53:04, 1280.10, 29.54, 31.00, 29.516, 47, 49, 130, 319, 656, 727, 678, 529, 1209, 82, 0, 0, 56, 50, 137, 392, 930, 966, 826, 525, 1427, 112, 0, 0
15:53:05, 1281.80, 29.54, 31.00, 29.516, 64, 71, 189, 442, 924, 1025, 985, 797, 1765, 116, 0, 0, 44, 39, 107, 311, 761, 792, 665, 423, 1248, 97, 0, 0
15:53:06, 1282.00, 29.54, 31.00, 29.523, 89, 106, 278, 657, 1307, 1440, 1467, 1184, 2911, 186, 0, 0, 42, 37, 101, 297, 754, 788, 659, 419, 1268, 98, 0, 0
15:53:06, 1278.90, 29.54, 31.00, 29.523, 57, 64, 170, 412, 710, 780, 744, 566, 1510, 103, 0, 0, 56, 50, 138, 395, 984, 1027, 881, 566, 1613, 127, 0, 0
15:53:07, 1280.30, 29.54, 30.98, 29.523, 46, 48, 129, 311, 625, 690, 639, 501, 1068, 73, 0, 0, 58, 52, 142, 406, 945, 979, 836, 531, 1400, 109, 0, 0
15:53:08, 1278.90, 29.54, 31.00, 29.523, 49, 53, 143, 339, 663, 724, 682, 533, 1097, 73, 0, 0, 56, 50, 136, 390, 960, 993, 851, 541, 1411, 110, 0, 0
15:53:08, 1277.60, 29.54, 31.00, 29.523, 50, 53, 142, 339, 685, 752, 703, 555, 1176, 79, 0, 0, 52, 47, 128, 368, 884, 916, 779, 493, 1336, 104, 0, 0
15:53:09, 1276.70, 29.54, 30.98, 29.523, 60, 66, 178, 414, 866, 956, 913, 742, 1575, 104, 0, 0, 44, 39, 109, 314, 790, 818, 689, 437, 1232, 96, 0, 0
15:53:10, 1267.60, 29.54, 31.00, 29.523, 57, 62, 167, 387, 698, 764, 717, 574, 1185, 79, 0, 0, 58, 52, 144, 408, 1034, 1065, 920, 588, 1507, 118, 0, 0
15:53:10, 1262.00, 29.54, 30.98, 29.523, 39, 42, 112, 266, 502, 543, 505, 389, 818, 56, 0, 0, 74, 69, 192, 530, 1232, 1263, 1110, 711, 1766, 138, 0, 0
15:53:11, 1259.90, 29.54, 31.00, 29.523, 36, 39, 104, 248, 485, 529, 489, 378, 862, 59, 0, 0, 69, 64, 179, 497, 1194, 1229, 1076, 690, 1799, 141, 0, 0
15:53:12, 1261.60, 29.54, 30.98, 29.523, 35, 38, 102, 244, 541, 585, 548, 428, 885, 60, 0, 0, 59, 54, 149, 419, 1005, 1029, 884, 565, 1408, 109, 0, 0
15:53:12, 1258.10, 29.54, 30.98, 29.523, 44, 48, 129, 303, 546, 590, 557, 431, 876, 59, 0, 0, 70, 65, 181, 500, 1189, 1217, 1070, 686, 1697, 132, 0, 0
15:53:13, 1257.70, 29.55, 30.98, 29.523, 36, 40, 106, 254, 533, 577, 538, 420, 913, 62, 0, 0, 59, 55, 153, 425, 997, 1024, 886, 568, 1503, 117, 0, 0
15:53:14, 1256.60, 29.55, 31.00, 29.531, 36, 40, 106, 250, 453, 494, 458, 349, 840, 58, 0, 0, 66, 62, 173, 477, 1018, 1046, 907, 582, 1578, 123, 0, 0
15:53:14, 1252.20, 29.55, 31.02, 29.516, 43, 48, 129, 297, 550, 595, 556, 438, 942, 63, 0, 0, 63, 59, 164, 451, 1111, 1134, 994, 641, 1587, 123, 0, 0
15:53:15, 1250.50, 29.55, 30.98, 29.516, 37, 42, 113, 264, 535, 569, 543, 419, 835, 56, 0, 0, 70, 66, 185, 502, 1141, 1164, 1014, 660, 1578, 122, 0, 0
15:53:16, 1248.90, 29.55, 30.98, 29.523, 43, 49, 131, 301, 576, 623, 587, 462, 981, 66, 0, 0, 70, 66, 185, 504, 1184, 1222, 1073, 701, 1891, 149, 0, 0
15:53:16, 1250.90, 29.55, 30.97, 29.516, 44, 51, 134, 315, 618, 678, 649, 505, 1289, 88, 0, 0, 63, 60, 168, 460, 1011, 1044, 908, 594, 1662, 130, 0, 0
15:53:17, 1244.80, 29.55, 31.00, 29.516, 53, 61, 162, 369, 698, 761, 721, 583, 1227, 82, 0, 0, 70, 67, 187, 503, 1197, 1225, 1081, 712, 1738, 135, 0, 0
15:53:18, 1236.60, 29.55, 31.00, 29.523, 51, 61, 162, 365, 684, 726, 716, 563, 1103, 74, 0, 0, 84, 81, 226, 599, 1423, 1452, 1292, 855, 1973, 152, 0, 0
15:53:18, 1235.20, 29.55, 30.97, 29.516, 44, 50, 132, 300, 500, 543, 510, 399, 882, 61, 0, 0, 106, 103, 287, 766, 1668, 1725, 1557, 1034, 2667, 210, 0, 0
15:53:19, 1243.80, 29.55, 30.98, 29.516, 41, 47, 124, 290, 617, 673, 639, 506, 1192, 81, 0, 0, 71, 68, 190, 514, 1097, 1129, 988, 648, 1720, 135, 0, 0
15:53:20, 1243.20, 29.55, 30.98, 29.523, 65, 76, 201, 442, 805, 885, 853, 701, 1467, 98, 0, 0, 62, 59, 164, 446, 1049, 1080, 943, 619, 1676, 131, 0, 0
15:53:20, 1242.30, 29.55, 31.00, 29.523, 49, 59, 156, 354, 637, 694, 669, 526, 1342, 91, 0, 0, 66, 63, 177, 480, 1081, 1117, 975, 640, 1799, 141, 0, 0
15:53:21, 1235.80, 29.55, 31.00, 29.523, 53, 63, 166, 372, 644, 699, 664, 534, 1159, 78, 0, 0, 73, 70, 196, 527, 1259, 1285, 1140, 748, 1820, 141, 0, 0
15:53:22, 1230.90, 29.55, 30.98, 29.516, 43, 52, 139, 313, 602, 634, 621, 486, 967, 65, 0, 0, 86, 85, 237, 621, 1442, 1466, 1302, 868, 1953, 150, 0, 0
15:53:22, 1227.90, 29.55, 31.00, 29.523, 40, 48, 128, 286, 531, 565, 539, 423, 866, 59, 0, 0, 93, 92, 258, 678, 1479, 1509, 1357, 898, 2129, 165, 0, 0
15:53:23, 1231.50, 29.55, 30.98, 29.523, 50, 59, 158, 349, 675, 729, 696, 561, 1176, 79, 0, 0, 85, 82, 230, 612, 1372, 1409, 1259, 836, 2099, 164, 0, 0
15:53:24, 1228.10, 29.56, 30.98, 29.523, 60, 71, 188, 417, 754, 822, 789, 636, 1493, 101, 0, 0, 95, 95, 264, 691, 1606, 1664, 1504, 1022, 2717, 214, 0, 0
15:53:24, 1227.90, 29.55, 30.98, 29.516, 53, 62, 164, 367, 679, 738, 705, 567, 1206, 83, 0, 0, 110, 109, 304, 788, 1680, 1726, 1561, 1052, 2443, 190, 0, 0
15:53:25, 1225.70, 29.56, 30.98, 29.516, 55, 67, 178, 391, 683, 729, 711, 565, 1111, 75, 0, 0, 122, 121, 334, 870, 1901, 1951, 1786, 1201, 2712, 211, 0, 0
15:53:26, 1222.70, 29.56, 31.00, 29.523, 56, 65, 172, 380, 706, 771, 738, 596, 1331, 91, 0, 0, 110, 109, 303, 793, 1780, 1838, 1673, 1131, 2861, 225, 0, 0
15:53:26, 1224.50, 29.56, 31.00, 29.523, 49, 57, 152, 340, 614, 663, 632, 502, 1064, 73, 0, 0, 118, 119, 332, 852, 1794, 1835, 1679, 1140, 2579, 200, 0, 0
15:53:27, 1218.80, 29.56, 31.00, 29.523, 55, 66, 175, 380, 674, 721, 702, 568, 1114, 76, 0, 0, 117, 119, 332, 846, 2011, 2045, 1888, 1280, 2794, 215, 0, 0
15:53:28, 1218.10, 29.56, 31.02, 29.523, 42, 50, 133, 294, 580, 619, 598, 478, 955, 65, 0, 0, 115, 115, 323, 832, 1775, 1807, 1648, 1109, 2494, 192, 0, 0
15:53:28, 1214.10, 29.56, 30.98, 29.523, 45, 54, 144, 317, 540, 574, 553, 436, 872, 59, 0, 0, 135, 138, 388, 981, 2067, 2094, 1941, 1315, 2844, 218, 0, 0
15:53:29, 1215.70, 29.56, 30.98, 29.523, 43, 52, 137, 302, 586, 623, 600, 478, 970, 66, 0, 0, 108, 111, 311, 790, 1699, 1723, 1573, 1066, 2398, 185, 0, 0
15:53:30, 1214.80, 29.56, 30.97, 29.523, 50, 62, 164, 349, 611, 650, 629, 511, 1012, 69, 0, 0, 94, 97, 271, 692, 1495, 1517, 1372, 921, 2153, 166, 0, 0
15:53:30, 1214.40, 29.56, 30.98, 29.523, 46, 57, 151, 325, 532, 571, 544, 436, 950, 64, 0, 0, 103, 106, 296, 761, 1653, 1692, 1544, 1038, 2603, 204, 0, 0
15:53:31, 1216.80, 29.56, 31.00, 29.523, 38, 46, 122, 271, 518, 557, 530, 420, 954, 65, 0, 0, 84, 85, 240, 624, 1341, 1360, 1224, 813, 1960, 152, 0, 0
15:53:32, 1215.90, 29.56, 30.98, 29.516, 46, 58, 153, 328, 608, 637, 625, 500, 992, 66, 0, 0, 79, 80, 228, 580, 1230, 1242, 1105, 742, 1746, 134, 0, 0
15:53:32, 1210.60, 29.56, 31.00, 29.523, 46, 58, 153, 326, 566, 599, 578, 468, 948, 64, 0, 0, 86, 89, 251, 636, 1390, 1404, 1271, 850, 2020, 156, 0, 0
15:53:33, 1209.50, 29.56, 30.98, 29.523, 37, 46, 123, 265, 486, 512, 491, 390, 797, 54, 0, 0, 100, 104, 293, 738, 1543, 1556, 1420, 956, 2147, 164, 0, 0
15:53:34, 1212.50, 29.56, 30.97, 29.523, 37, 46, 123, 266, 499, 526, 505, 401, 814, 55, 0, 0, 100, 104, 293, 738, 1531, 1549, 1415, 953, 2192, 169, 0, 0
15:53:34, 1210.10, 29.57, 30.98, 29.523, 56, 71, 186, 392, 687, 736, 713, 582, 1213, 81, 0, 0, 85, 87, 246, 630, 1510, 1542, 1406, 950, 2347, 183, 0, 0
15:53:35, 1210.70, 29.57, 30.98, 29.523, 39, 48, 127, 281, 490, 527, 501, 391, 928, 64, 0, 0, 122, 128, 355, 896, 1790, 1833, 1696, 1159, 2742, 214, 0, 0
15:53:36, 1212.70, 29.56, 30.98, 29.523, 51, 63, 166, 358, 678, 721, 703, 565, 1124, 76, 0, 0, 119, 122, 342, 860, 1814, 1854, 1697, 1168, 2595, 200, 0, 0
15:53:36, 1212.30, 29.57, 31.00, 29.523, 67, 84, 222, 469, 818, 878, 857, 701, 1388, 93, 0, 0, 114, 116, 323, 826, 1869, 1924, 1772, 1211, 2911, 228, 0, 0
15:53:37, 1210.50, 29.57, 31.00, 29.523, 52, 63, 165, 366, 679, 737, 708, 566, 1292, 89, 0, 0, 136, 140, 390, 987, 2093, 2152, 1999, 1377, 3236, 253, 0, 0
15:53:38, 1210.10, 29.57, 31.00, 29.523, 69, 86, 223, 473, 881, 935, 931, 764, 1457, 98, 0, 0, 131, 135, 375, 939, 2027, 2079, 1905, 1328, 2932, 226, 0, 0
15:53:38, 1206.50, 29.57, 31.00, 29.523, 71, 91, 237, 498, 849, 908, 894, 733, 1437, 97, 0, 0, 140, 144, 400, 1006, 2185, 2245, 2086, 1438, 3326, 260, 0, 0
15:53:39, 1205.90, 29.57, 31.00, 29.523, 62, 77, 201, 432, 802, 866, 834, 685, 1449, 99, 0, 0, 158, 165, 457, 1144, 2389, 2447, 2287, 1584, 3521, 274, 0, 0
15:53:40, 1207.60, 29.57, 30.98, 29.523, 69, 87, 228, 483, 861, 915, 904, 733, 1435, 97, 0, 0, 153, 159, 441, 1095, 2286, 2338, 2168, 1505, 3316, 256, 0, 0
15:53:40, 1205.80, 29.57, 31.00, 29.523, 69, 86, 224, 474, 814, 876, 845, 694, 1448, 99, 0, 0, 155, 161, 446, 1121, 2500, 2571, 2409, 1662, 3870, 303, 0, 0
15:53:41, 1207.50, 29.57, 30.97, 29.523, 59, 74, 193, 417, 763, 820, 789, 638, 1361, 93, 0, 0, 167, 175, 485, 1210, 2394, 2453, 2289, 1592, 3536, 274, 0, 0
15:53:42, 1202.80, 29.57, 30.97, 29.516, 82, 104, 271, 564, 1013, 1086, 1076, 895, 1703, 115, 0, 0, 146, 153, 425, 1060, 2380, 2434, 2265, 1573, 3553, 276, 0, 0
15:53:42, 1206.50, 29.57, 31.00, 29.531, 62, 78, 202, 434, 809, 872, 843, 690, 1482, 101, 0, 0, 148, 155, 428, 1074, 2178, 2243, 2072, 1433, 3470, 272, 0, 0
15:53:43, 1205.00, 29.57, 30.98, 29.531, 75, 95, 244, 518, 905, 985, 954, 792, 1719, 117, 0, 0, 149, 154, 427, 1078, 2330, 2397, 2231, 1548, 3607, 282, 0, 0
15:53:44, 1201.70, 29.57, 30.98, 29.516, 76, 95, 249, 524, 967, 1029, 1015, 834, 1612, 108, 0, 0, 163, 172, 478, 1176, 2585, 2642, 2472, 1737, 3731, 287, 0, 0
15:53:44, 1204.40, 29.57, 31.00, 29.516, 72, 92, 240, 502, 830, 884, 863, 706, 1423, 97, 0, 0, 163, 173, 478, 1183, 2409, 2473, 2309, 1606, 3739, 293, 0, 0
15:53:45, 1201.80, 29.57, 31.02, 29.516, 89, 114, 294, 603, 1161, 1273, 1253, 1065, 2332, 157, 0, 0, 129, 133, 370, 941, 2228, 2304, 2122, 1475, 3798, 299, 0, 0
15:53:46, 1202.80, 29.58, 30.98, 29.516, 75, 95, 246, 523, 862, 935, 902, 741, 1675, 115, 0, 0, 170, 181, 501, 1244, 2472, 2533, 2371, 1649, 3830, 300, 0, 0
15:53:46, 1198.80, 29.58, 30.98, 29.516, 82, 106, 275, 568, 982, 1045, 1024, 854, 1704, 115, 0, 0, 160, 171, 475, 1166, 2588, 2635, 2468, 1726, 3791, 293, 0, 0
15:53:47, 1198.10, 29.58, 30.98, 29.516, 67, 86, 224, 467, 862, 913, 896, 740, 1455, 99, 0, 0, 151, 160, 447, 1107, 2400, 2443, 2272, 1576, 3554, 275, 0, 0
15:53:48, 1197.30, 29.58, 30.98, 29.516, 76, 98, 255, 522, 846, 906, 881, 727, 1487, 101, 0, 0, 161, 173, 482, 1188, 2423, 2466, 2298, 1585, 3691, 287, 0, 0
15:53:48, 1201.50, 29.58, 31.00, 29.516, 64, 84, 217, 457, 833, 894, 864, 711, 1649, 111, 0, 0, 125, 133, 372, 927, 1945, 1994, 1829, 1270, 3278, 257, 0, 0
15:53:49, 1203.20, 29.58, 31.00, 29.516, 68, 88, 228, 474, 818, 882, 848, 701, 1578, 107, 0, 0, 108, 114, 321, 804, 1689, 1715, 1556, 1060, 2630, 205, 0, 0
15:53:50, 1198.70, 29.58, 31.02, 29.516, 68, 91, 236, 482, 825, 871, 843, 699, 1405, 94, 0, 0, 115, 123, 347, 858, 1793, 1807, 1645, 1128, 2628, 202, 0, 0
15:53:50, 1197.50, 29.58, 30.98, 29.516, 71, 97, 251, 501, 915, 963, 947, 798, 1577, 104, 0, 0, 94, 100, 285, 710, 1456, 1468, 1315, 895, 2256, 174, 0, 0
15:53:51, 1193.20, 29.58, 30.98, 29.516, 65, 89, 230, 462, 688, 726, 693, 565, 1272, 85, 0, 0, 114, 126, 357, 871, 1738, 1748, 1593, 1087, 2723, 211, 0, 0
15:53:52, 1193.30, 29.58, 31.00, 29.516, 56, 76, 198, 399, 661, 687, 661, 538, 1112, 74, 0, 0, 106, 117, 331, 806, 1718, 1711, 1556, 1056, 2463, 188, 0, 0
15:53:52, 1195.50, 29.58, 30.98, 29.523, 47, 63, 165, 334, 572, 599, 568, 461, 1004, 67, 0, 0, 104, 115, 327, 801, 1547, 1549, 1399, 945, 2437, 188, 0, 0
15:53:53, 1198.20, 29.58, 30.98, 29.523, 54, 75, 194, 395, 687, 724, 692, 563, 1269, 84, 0, 0, 82, 90, 257, 635, 1265, 1261, 1120, 750, 1940, 149, 0, 0
15:53:54, 1191.40, 29.58, 30.98, 29.516, 67, 94, 244, 481, 801, 836, 811, 667, 1362, 89, 0, 0, 82, 91, 260, 638, 1394, 1382, 1236, 830, 2064, 157, 0, 0
15:53:54, 1187.40, 29.58, 30.97, 29.508, 41, 56, 147, 305, 531, 553, 528, 418, 905, 61, 0, 0, 109, 123, 353, 848, 1695, 1673, 1522, 1028, 2450, 186, 0, 0
15:53:55, 1191.80, 29.58, 31.00, 29.508, 45, 63, 164, 332, 578, 595, 572, 458, 945, 63, 0, 0, 101, 114, 328, 787, 1546, 1525, 1374, 925, 2225, 169, 0, 0
15:53:56, 1191.30, 29.59, 31.00, 29.516, 52, 72, 189, 382, 624, 652, 619, 501, 1119, 75, 0, 0, 96, 107, 307, 750, 1573, 1566, 1407, 947, 2543, 197, 0, 0
15:53:57, 1193.10, 29.58, 30.98, 29.523, 49, 66, 171, 350, 579, 609, 579, 465, 1034, 69, 0, 0, 102, 114, 325, 789, 1510, 1496, 1346, 909, 2228, 170, 0, 0
15:53:57, 1191.70, 29.59, 30.97, 29.523, 60, 85, 220, 438, 727, 754, 740, 600, 1203, 79, 0, 0, 99, 111, 318, 765, 1521, 1506, 1355, 919, 2219, 169, 0, 0
15:53:58, 1193.60, 29.59, 31.00, 29.516, 57, 80, 207, 415, 674, 709, 682, 556, 1241, 83, 0, 0, 91, 101, 289, 708, 1452, 1447, 1296, 871, 2269, 175, 0, 0
15:53:59, 1191.90, 29.59, 30.98, 29.523, 62, 86, 221, 436, 733, 771, 742, 617, 1324, 88, 0, 0, 97, 107, 306, 751, 1498, 1491, 1338, 902, 2268, 174, 0, 0
15:53:59, 1189.80, 29.59, 30.98, 29.523, 82, 117, 300, 581, 957, 1003, 988, 828, 1708, 110, 0, 0, 77, 85, 243, 601, 1291, 1286, 1140, 769, 1974, 151, 0, 0
15:54:00, 1184.50, 29.59, 30.98, 29.516, 63, 89, 229, 452, 717, 748, 723, 594, 1268, 84, 0, 0, 110, 125, 354, 851, 1826, 1817, 1662, 1137, 2732, 209, 0, 0
15:54:01, 1188.40, 29.59, 30.97, 29.523, 64, 90, 229, 449, 844, 885, 861, 725, 1461, 97, 0, 0, 99, 110, 314, 763, 1559, 1560, 1405, 960, 2407, 185, 0, 0
15:54:01, 1188.80, 29.59, 30.98, 29.523, 70, 97, 250, 497, 780, 824, 795, 656, 1494, 100, 0, 0, 123, 138, 389, 939, 1910, 1927, 1764, 1219, 3159, 246, 0, 0
15:54:02, 1190.70, 29.59, 30.97, 29.516, 68, 93, 238, 479, 777, 823, 794, 656, 1429, 96, 0, 0, 113, 125, 352, 857, 1729, 1737, 1581, 1086, 2632, 203, 0, 0
15:54:03, 1190.80, 29.59, 30.98, 29.508, 69, 94, 242, 481, 805, 853, 829, 689, 1440, 96, 0, 0, 120, 133, 376, 915, 1845, 1863, 1701, 1171, 2996, 234, 0, 0
15:54:03, 1193.70, 29.59, 31.02, 29.508, 70, 97, 246, 503, 885, 945, 923, 768, 1773, 118, 0, 0, 104, 113, 321, 792, 1573, 1593, 1437, 988, 2617, 203, 0, 0
15:54:04, 1191.20, 29.59, 30.97, 29.508, 84, 114, 291, 582, 1027, 1105, 1084, 920, 1947, 130, 0, 0, 115, 125, 352, 861, 1886, 1910, 1754, 1221, 2994, 233, 0, 0
15:54:05, 1191.00, 29.59, 31.00, 29.508, 86, 116, 297, 591, 1051, 1123, 1108, 947, 1903, 127, 0, 0, 125, 136, 381, 934, 2010, 2043, 1884, 1314, 3188, 248, 0, 0
15:54:05, 1191.80, 29.59, 30.98, 29.508, 77, 104, 264, 536, 878, 945, 923, 769, 1686, 114, 0, 0, 156, 170, 474, 1158, 2335, 2378, 2219, 1550, 3658, 285, 0, 0
15:54:06, 1193.20, 29.59, 30.98, 29.508, 91, 120, 308, 616, 1062, 1133, 1118, 952, 1859, 124, 0, 0, 135, 145, 405, 995, 2109, 2144, 1980, 1378, 3222, 250, 0, 0
15:54:07, 1193.70, 29.59, 31.00, 29.500, 76, 101, 259, 528, 871, 935, 910, 759, 1687, 114, 0, 0, 145, 157, 436, 1073, 2192, 2243, 2078, 1449, 3593, 281, 0, 0
15:54:07, 1196.00, 29.59, 30.97, 29.500, 77, 103, 261, 531, 891, 959, 933, 783, 1704, 115, 0, 0, 143, 153, 426, 1054, 2144, 2188, 2024, 1405, 3387, 265, 0, 0
15:54:08, 1193.40, 29.59, 30.98, 29.500, 85, 111, 287, 582, 1001, 1072, 1050, 885, 1762, 119, 0, 0, 137, 147, 411, 1009, 2158, 2194, 2024, 1411, 3271, 253, 0, 0
15:54:09, 1191.70, 29.59, 30.98, 29.508, 87, 115, 296, 595, 961, 1025, 1007, 848, 1702, 115, 0, 0, 160, 174, 484, 1179, 2486, 2529, 2365, 1651, 3793, 295, 0, 0
15:54:09, 1191.90, 29.59, 30.98, 29.508, 83, 111, 282, 562, 973, 1047, 1025, 873, 1747, 119, 0, 0, 154, 166, 463, 1139, 2379, 2430, 2258, 1574, 3831, 300, 0, 0
15:54:10, 1196.10, 29.59, 31.00, 29.500, 70, 92, 235, 494, 833, 899, 872, 717, 1648, 112, 0, 0, 148, 160, 444, 1092, 2187, 2232, 2064, 1432, 3473, 271, 0, 0
15:54:11, 1197.60, 29.59, 30.97, 29.516, 74, 97, 251, 514, 897, 957, 937, 783, 1571, 106, 0, 0, 137, 146, 409, 1011, 2077, 2111, 1940, 1344, 3106, 240, 0, 0
15:54:11, 1195.30, 29.59, 30.98, 29.516, 88, 118, 300, 592, 955, 1024, 1003, 855, 1701, 115, 0, 0, 142, 151, 423, 1044, 2198, 2237, 2071, 1433, 3394, 264, 0, 0
15:54:12, 1197.40, 29.60, 31.00, 29.516, 69, 91, 235, 484, 822, 876, 849, 699, 1470, 99, 0, 0, 131, 139, 390, 967, 1851, 1886, 1723, 1189, 2920, 227, 0, 0
15:54:13, 1191.80, 29.60, 31.02, 29.516, 80, 107, 274, 556, 874, 939, 911, 759, 1672, 112, 0, 0, 142, 154, 431, 1058, 2313, 2354, 2192, 1522, 3676, 287, 0, 0
15:54:13, 1194.70, 29.60, 31.02, 29.516, 66, 87, 225, 461, 861, 917, 893, 744, 1515, 103, 0, 0, 137, 147, 412, 1014, 2207, 2238, 2071, 1435, 3284, 254, 0, 0
15:54:14, 1193.40, 29.60, 31.00, 29.516, 72, 95, 246, 503, 860, 913, 888, 737, 1498, 101, 0, 0, 176, 192, 536, 1300, 2747, 2784, 2625, 1835, 4030, 311, 0, 0
15:54:15, 1193.60, 29.60, 31.02, 29.516, 91, 119, 306, 619, 1108, 1187, 1165, 993, 1956, 132, 0, 0, 148, 157, 440, 1087, 2379, 2420, 2238, 1553, 3617, 281, 0, 0
15:54:15, 1195.60, 29.60, 30.97, 29.516, 75, 98, 252, 521, 885, 949, 923, 765, 1623, 110, 0, 0, 182, 197, 546, 1334, 2572, 2628, 2455, 1720, 4054, 317, 0, 0
15:54:16, 1192.10, 29.60, 31.00, 29.500, 90, 116, 297, 605, 1052, 1138, 1112, 946, 1917, 130, 0, 0, 171, 184, 512, 1254, 2709, 2758, 2579, 1800, 4098, 318, 0, 0
15:54:17, 1195.40, 29.60, 30.98, 29.516, 74, 97, 249, 516, 922, 982, 966, 804, 1601, 108, 0, 0, 177, 190, 528, 1290, 2589, 2638, 2462, 1729, 3836, 297, 0, 0
15:54:17, 1194.70, 29.60, 30.98, 29.516, 84, 108, 279, 567, 951, 1020, 1001, 841, 1675, 114, 0, 0, 176, 188, 523, 1288, 2711, 2774, 2600, 1814, 4227, 330, 0, 0
15:54:18, 1197.70, 29.60, 30.98, 29.508, 73, 94, 244, 514, 1010, 1089, 1064, 892, 1926, 130, 0, 0, 143, 151, 420, 1048, 2288, 2345, 2174, 1519, 3616, 283, 0, 0
15:54:19, 1192.60, 29.60, 30.97, 29.516, 87, 112, 287, 585, 998, 1071, 1051, 891, 1772, 121, 0, 0, 183, 198, 548, 1336, 2895, 2942, 2768, 1940, 4191, 323, 0, 0
15:54:19, 1195.00, 29.60, 31.00, 29.516, 70, 91, 236, 492, 906, 960, 941, 775, 1544, 104, 0, 0, 183, 196, 544, 1334, 2791, 2848, 2683, 1878, 4180, 324, 0, 0
15:54:20, 1197.20, 29.60, 30.97, 29.500, 76, 97, 251, 520, 930, 1001, 973, 812, 1706, 117, 0, 0, 166, 177, 491, 1213, 2498, 2557, 2384, 1662, 3943, 309, 0, 0
15:54:21, 1196.60, 29.60, 30.98, 29.508, 83, 106, 274, 567, 923, 989, 963, 800, 1650, 112, 0, 0, 178, 191, 531, 1300, 2675, 2723, 2547, 1780, 3945, 305, 0, 0
15:54:21, 1195.50, 29.60, 30.98, 29.508, 79, 105, 272, 557, 982, 1035, 1029, 853, 1657, 111, 0, 0, 174, 186, 516, 1264, 2680, 2726, 2539, 1779, 3871, 298, 0, 0
15:54:22, 1194.60, 29.60, 30.97, 29.492, 85, 111, 287, 586, 1003, 1072, 1050, 878, 1754, 118, 0, 0, 163, 174, 485, 1199, 2440, 2492, 2311, 1608, 3825, 299, 0, 0
15:54:23, 1193.30, 29.60, 30.97, 29.500, 71, 92, 237, 497, 833, 898, 874, 710, 1576, 108, 0, 0, 190, 207, 572, 1396, 2761, 2815, 2638, 1845, 4275, 333, 0, 0
15:54:23, 1195.10, 29.60, 31.00, 29.500, 84, 109, 281, 574, 1026, 1095, 1084, 905, 1769, 119, 0, 0, 169, 181, 505, 1233, 2640, 2685, 2498, 1750, 3853, 297, 0, 0
15:54:24, 1189.00, 29.60, 30.97, 29.492, 77, 101, 261, 536, 923, 977, 966, 802, 1572, 106, 0, 0, 195, 211, 586, 1425, 3087, 3131, 2959, 2074, 4471, 345, 0, 0
15:54:25, 1186.90, 29.61, 30.97, 29.500, 73, 97, 249, 512, 933, 984, 976, 804, 1593, 107, 0, 0, 204, 224, 621, 1488, 2990, 3036, 2852, 2023, 4332, 333, 0, 0
15:54:25, 1183.00, 29.61, 31.00, 29.500, 75, 99, 255, 522, 874, 927, 902, 745, 1530, 104, 0, 0, 226, 252, 695, 1661, 3393, 3441, 3276, 2311, 5092, 396, 0, 0
15:54:26, 1182.30, 29.61, 30.98, 29.500, 77, 104, 267, 545, 995, 1048, 1031, 858, 1726, 117, 0, 0, 211, 236, 652, 1552, 3145, 3178, 2981, 2107, 4582, 352, 0, 0
15:54:27, 1181.30, 29.61, 30.98, 29.500, 86, 119, 303, 605, 981, 1028, 1024, 840, 1658, 112, 0, 0, 234, 261, 726, 1719, 3531, 3555, 3365, 2372, 5034, 386, 0, 0
15:54:27, 1181.80, 29.61, 31.00, 29.500, 76, 101, 260, 528, 926, 981, 957, 792, 1627, 111, 0, 0, 222, 248, 690, 1646, 3245, 3276, 3086, 2174, 4810, 371, 0, 0
15:54:28, 1181.90, 29.61, 31.00, 29.523, 89, 122, 311, 623, 1026, 1083, 1068, 886, 1799, 122, 0, 0, 218, 247, 682, 1615, 3220, 3257, 3066, 2164, 4917, 382, 0, 0
15:54:29, 1181.20, 29.61, 30.97, 29.531, 85, 116, 292, 585, 945, 1012, 984, 820, 1855, 127, 0, 0, 211, 236, 654, 1573, 3185, 3251, 3047, 2150, 5294, 415, 0, 0
15:54:29, 1181.60, 29.61, 30.98, 29.531, 95, 129, 326, 648, 1080, 1151, 1124, 950, 1949, 132, 0, 0, 213, 238, 663, 1587, 3233, 3259, 3050, 2145, 4684, 359, 0, 0
15:54:30, 1183.10, 29.61, 30.98, 29.531, 87, 119, 306, 618, 1059, 1111, 1108, 909, 1794, 120, 0, 0, 214, 240, 667, 1581, 3158, 3186, 2986, 2106, 4645, 357, 0, 0
15:54:31, 1180.80, 29.61, 30.98, 29.531, 81, 108, 275, 554, 896, 957, 926, 765, 1698, 117, 0, 0, 237, 270, 746, 1774, 3494, 3534, 3335, 2341, 5397, 420, 0, 0
15:54:31, 1180.90, 29.61, 30.97, 29.531, 98, 133, 337, 662, 1120, 1185, 1176, 994, 1930, 130, 0, 0, 210, 234, 652, 1558, 3279, 3302, 3079, 2172, 4700, 360, 0, 0
15:54:32, 1183.20, 29.62, 30.98, 29.531, 84, 115, 294, 595, 1034, 1085, 1080, 893, 1772, 119, 0, 0, 220, 246, 682, 1625, 3145, 3179, 2979, 2099, 4708, 364, 0, 0
15:54:33, 1182.80, 29.62, 30.97, 29.539, 96, 129, 327, 651, 1024, 1099, 1071, 897, 2024, 138, 0, 0, 211, 238, 659, 1581, 3141, 3208, 2992, 2112, 5362, 422, 0, 0
15:54:33, 1181.50, 29.62, 30.98, 29.539, 89, 120, 304, 611, 1060, 1134, 1109, 941, 1968, 134, 0, 0, 205, 227, 631, 1519, 3140, 3170, 2960, 2078, 4635, 357, 0, 0
15:54:34, 1180.10, 29.62, 30.98, 29.539, 90, 126, 319, 639, 1078, 1123, 1140, 940, 1830, 122, 0, 0, 230, 257, 714, 1688, 3465, 3493, 3266, 2325, 4880, 372, 0, 0
15:54:35, 1173.50, 29.62, 31.00, 29.547, 93, 131, 330, 658, 1104, 1156, 1173, 974, 1896, 126, 0, 0, 222, 252, 697, 1639, 3494, 3526, 3330, 2378, 5125, 393, 0, 0
15:54:35, 1175.10, 29.62, 31.00, 29.547, 75, 102, 259, 520, 903, 956, 940, 785, 1596, 110, 0, 0, 254, 290, 796, 1870, 3455, 3495, 3303, 2336, 5225, 405, 0, 0
15:54:36, 1173.90, 29.62, 31.00, 29.539, 83, 114, 288, 573, 957, 1013, 1002, 834, 1692, 115, 0, 0, 251, 286, 790, 1857, 3575, 3609, 3423, 2434, 5237, 402, 0, 0
15:54:37, 1172.80, 29.62, 30.98, 29.539, 105, 145, 363, 704, 1173, 1252, 1247, 1072, 2113, 143, 0, 0, 220, 249, 687, 1629, 3411, 3452, 3262, 2306, 5287, 411, 0, 0
15:54:37, 1173.90, 29.62, 31.00, 29.539, 83, 113, 285, 572, 987, 1054, 1035, 867, 1848, 126, 0, 0, 229, 262, 721, 1700, 3227, 3265, 3075, 2185, 4962, 384, 0, 0
15:54:38, 1173.20, 29.62, 30.98, 29.531, 96, 134, 338, 662, 1087, 1143, 1137, 959, 1890, 128, 0, 0, 236, 271, 745, 1741, 3519, 3545, 3340, 2376, 5097, 390, 0, 0
15:54:39, 1172.80, 29.63, 30.98, 29.539, 92, 129, 323, 632, 1081, 1142, 1142, 964, 1899, 128, 0, 0, 228, 260, 718, 1692, 3349, 3390, 3194, 2263, 5131, 397, 0, 0
15:54:39, 1173.00, 29.63, 31.00, 29.539, 94, 131, 327, 646, 1068, 1146, 1131, 947, 2216, 151, 0, 0, 213, 243, 671, 1594, 3144, 3208, 3007, 2149, 5403, 426, 0, 0
15:54:40, 1171.40, 29.63, 31.00, 29.539, 102, 141, 352, 691, 1099, 1169, 1155, 983, 2032, 138, 0, 0, 231, 265, 729, 1706, 3388, 3417, 3218, 2291, 5009, 385, 0, 0
15:54:41, 1171.40, 29.63, 31.00, 29.547, 96, 137, 341, 659, 1090, 1143, 1147, 975, 1895, 128, 0, 0, 230, 263, 725, 1703, 3371, 3406, 3210, 2275, 5084, 392, 0, 0
15:54:41, 1171.60, 29.63, 31.00, 29.547, 127, 177, 437, 833, 1375, 1481, 1473, 1290, 2700, 181, 0, 0, 189, 214, 592, 1417, 2898, 2949, 2738, 1939, 4925, 386, 0, 0
15:54:42, 1170.60, 29.63, 31.00, 29.547, 121, 173, 425, 830, 1450, 1566, 1565, 1361, 3030, 202, 0, 0, 186, 212, 585, 1389, 2891, 2936, 2736, 1951, 4762, 371, 0, 0
15:54:43, 1167.30, 29.63, 30.97, 29.547, 132, 186, 458, 861, 1327, 1418, 1416, 1235, 2479, 167, 0, 0, 210, 242, 666, 1562, 3220, 3256, 3058, 2181, 5045, 391, 0, 0
15:54:43, 1161.30, 29.63, 31.00, 29.555, 115, 163, 402, 762, 1162, 1232, 1224, 1054, 2119, 143, 0, 0, 256, 298, 817, 1901, 3895, 3928, 3748, 2680, 5986, 463, 0, 0
15:54:44, 1165.00, 29.63, 30.98, 29.555, 85, 119, 298, 583, 970, 1024, 1012, 848, 1749, 120, 0, 0, 274, 323, 885, 2034, 3674, 3704, 3515, 2527, 5535, 426, 0, 0
15:54:45, 1159.00, 29.63, 30.97, 29.555, 101, 142, 354, 682, 1052, 1113, 1107, 936, 1919, 130, 0, 0, 318, 385, 1047, 2368, 4891, 4906, 4783, 3463, 7247, 555, 0, 0
15:54:45, 1159.40, 29.64, 31.00, 29.555, 85, 120, 301, 587, 1044, 1091, 1090, 920, 1841, 125, 0, 0, 282, 333, 911, 2081, 4117, 4131, 3939, 2837, 5988, 456, 0, 0
15:54:46, 1161.50, 29.64, 30.98, 29.555, 85, 121, 301, 583, 928, 970, 963, 806, 1629, 112, 0, 0, 294, 347, 953, 2187, 3888, 3919, 3731, 2676, 5955, 460, 0, 0
15:54:47, 1157.90, 29.64, 30.97, 29.555, 103, 147, 363, 693, 1017, 1072, 1058, 897, 1843, 126, 0, 0, 359, 440, 1195, 2669, 5334, 5332, 5215, 3796, 7646, 581, 0, 0
15:54:47, 1158.20, 29.64, 30.95, 29.555, 86, 124, 310, 607, 1047, 1091, 1104, 914, 1825, 123, 0, 0, 306, 369, 1005, 2252, 4518, 4521, 4338, 3150, 6471, 490, 0, 0
15:54:48, 1161.70, 29.64, 30.98, 29.555, 75, 105, 262, 515, 942, 988, 980, 827, 1677, 115, 0, 0, 285, 336, 922, 2121, 4045, 4069, 3877, 2764, 6134, 473, 0, 0
15:54:49, 1158.70, 29.64, 30.98, 29.555, 103, 147, 360, 685, 1103, 1166, 1158, 995, 2018, 137, 0, 0, 315, 378, 1037, 2356, 4689, 4692, 4524, 3260, 6800, 519, 0, 0
15:54:49, 1158.70, 29.64, 30.98, 29.555, 99, 144, 359, 696, 1152, 1204, 1223, 1023, 2011, 135, 0, 0, 288, 346, 944, 2126, 4309, 4311, 4108, 2983, 6170, 467, 0, 0
15:54:50, 1158.60, 29.64, 31.00, 29.555, 86, 123, 305, 590, 969, 1020, 1010, 855, 1759, 120, 0, 0, 282, 334, 911, 2094, 4009, 4046, 3862, 2773, 6273, 486, 0, 0
15:54:51, 1160.20, 29.64, 31.00, 29.555, 100, 144, 351, 666, 1169, 1240, 1239, 1074, 2131, 145, 0, 0, 256, 298, 822, 1908, 3431, 3459, 3246, 2313, 5326, 412, 0, 0
15:54:51, 1158.30, 29.64, 30.95, 29.570, 93, 131, 327, 637, 1025, 1088, 1076, 908, 1939, 132, 0, 0, 304, 368, 1001, 2272, 4242, 4278, 4117, 2979, 6662, 516, 0, 0
15:54:52, 1157.80, 29.65, 30.98, 29.570, 99, 142, 351, 670, 1081, 1137, 1140, 974, 1956, 133, 0, 0, 302, 365, 989, 2225, 4490, 4505, 4333, 3155, 6477, 492, 0, 0
15:54:53, 1155.70, 29.65, 30.98, 29.570, 108, 159, 387, 727, 1214, 1270, 1301, 1117, 2121, 142, 0, 0, 259, 302, 831, 1920, 3635, 3667, 3466, 2486, 5571, 430, 0, 0
15:54:53, 1153.30, 29.65, 30.97, 29.562, 106, 154, 376, 710, 1071, 1131, 1129, 963, 1952, 133, 0, 0, 346, 423, 1146, 2564, 4605, 4631, 4488, 3267, 6969, 535, 0, 0
15:54:54, 1151.80, 29.65, 31.00, 29.555, 109, 158, 390, 737, 1127, 1182, 1196, 1014, 2023, 137, 0, 0, 328, 402, 1086, 2409, 4648, 4665, 4522, 3307, 6863, 523, 0, 0
15:54:55, 1152.40, 29.65, 30.97, 29.555, 103, 151, 367, 688, 1162, 1219, 1230, 1068, 2095, 143, 0, 0, 292, 350, 954, 2164, 4250, 4269, 4092, 2961, 6299, 482, 0, 0
15:54:55, 1150.50, 29.65, 31.00, 29.555, 109, 161, 390, 727, 1206, 1268, 1276, 1108, 2187, 148, 0, 0, 295, 356, 969, 2184, 4077, 4101, 3919, 2848, 6263, 481, 0, 0
15:54:56, 1147.40, 29.65, 30.98, 29.562, 122, 183, 443, 819, 1250, 1309, 1314, 1140, 2340, 158, 0, 0, 314, 390, 1049, 2327, 4384, 4406, 4242, 3111, 6828, 526, 0, 0
15:54:57, 1147.40, 29.65, 31.00, 29.562, 135, 200, 479, 868, 1355, 1433, 1443, 1278, 2536, 173, 0, 0, 298, 367, 992, 2217, 4342, 4363, 4187, 3048, 6832, 528, 0, 0
15:54:57, 1145.80, 29.65, 31.00, 29.555, 117, 175, 420, 772, 1279, 1342, 1353, 1188, 2357, 160, 0, 0, 296, 365, 987, 2206, 4304, 4323, 4147, 3030, 6705, 515, 0, 0
15:54:58, 1143.10, 29.66, 31.00, 29.555, 120, 181, 431, 789, 1238, 1305, 1315, 1153, 2348, 160, 0, 0, 307, 379, 1021, 2273, 4292, 4309, 4125, 3008, 6741, 520, 0, 0
15:54:59, 1142.70, 29.66, 30.98, 29.555, 122, 182, 434, 794, 1241, 1312, 1319, 1162, 2416, 164, 0, 0, 320, 400, 1076, 2390, 4426, 4450, 4282, 3133, 7096, 550, 0, 0
15:54:59, 1140.10, 29.66, 30.98, 29.562, 129, 193, 460, 838, 1288, 1356, 1373, 1208, 2452, 166, 0, 0, 331, 415, 1113, 2447, 4684, 4704, 4554, 3356, 7348, 566, 0, 0
15:55:00, 1140.90, 29.66, 30.98, 29.562, 119, 180, 425, 769, 1215, 1269, 1294, 1135, 2242, 153, 0, 0, 339, 424, 1139, 2501, 4263, 4282, 4095, 3014, 6535, 499, 0, 0
15:55:01, 1137.20, 29.66, 30.97, 29.562, 172, 266, 623, 1088, 1693, 1777, 1835, 1645, 3087, 205, 0, 0, 300, 372, 1005, 2227, 4554, 4576, 4417, 3254, 7219, 556, 0, 0
15:55:01, 1134.20, 29.66, 31.00, 29.555, 117, 176, 417, 772, 1239, 1309, 1315, 1149, 2504, 171, 0, 0, 363, 467, 1236, 2670, 5109, 5127, 5009, 3731, 8174, 632, 0, 0
15:55:02, 1132.40, 29.66, 30.97, 29.555, 123, 190, 443, 792, 1321, 1365, 1425, 1245, 2390, 162, 0, 0, 377, 480, 1281, 2750, 5229, 5222, 5022, 3751, 7618, 574, 0, 0
15:55:03, 1131.10, 29.66, 30.98, 29.555, 121, 191, 444, 792, 1148, 1185, 1210, 1045, 2085, 142, 0, 0, 420, 545, 1445, 3100, 4900, 4920, 4768, 3542, 8025, 623, 0, 0
15:55:03, 1127.10, 29.67, 31.02, 29.562, 154, 239, 555, 976, 1447, 1516, 1538, 1375, 2834, 189, 0, 0, 379, 499, 1312, 2788, 5293, 5284, 5157, 3859, 8281, 633, 0, 0
15:55:04, 1122.50, 29.67, 30.97, 29.562, 139, 223, 509, 888, 1472, 1507, 1600, 1408, 2681, 182, 0, 0, 421, 554, 1464, 3073, 5706, 5678, 5484, 4143, 8485, 638, 0, 0
15:55:05, 1123.80, 29.67, 31.00, 29.562, 138, 223, 507, 882, 1368, 1407, 1469, 1293, 2479, 169, 0, 0, 428, 566, 1493, 3128, 5092, 5081, 4915, 3692, 7914, 602, 0, 0
15:55:05, 1114.90, 29.67, 30.95, 29.578, 178, 285, 643, 1091, 1674, 1751, 1816, 1661, 3262, 219, 0, 0, 431, 586, 1518, 3141, 6308, 6261, 6168, 4670, 9764, 743, 0, 0
15:55:06, 1115.80, 29.67, 30.95, 29.586, 143, 232, 520, 888, 1438, 1476, 1538, 1381, 2677, 180, 0, 0, 446, 599, 1563, 3250, 6057, 6020, 5867, 4459, 9127, 687, 0, 0
15:55:07, 1115.80, 29.67, 31.00, 29.586, 152, 248, 555, 942, 1326, 1361, 1411, 1241, 2448, 167, 0, 0, 564, 783, 2021, 4104, 6735, 6684, 6633, 5048, 10431, 793, 0, 0
15:55:07, 1113.20, 29.68, 31.00, 29.594, 182, 291, 648, 1088, 1510, 1579, 1612, 1466, 3059, 206, 0, 0, 436, 600, 1546, 3197, 5879, 5869, 5756, 4376, 9971, 770, 0, 0
15:55:08, 1117.80, 29.68, 31.00, 29.594, 136, 216, 488, 844, 1310, 1363, 1390, 1236, 2557, 175, 0, 0, 439, 591, 1540, 3218, 5785, 5745, 5577, 4189, 8888, 674, 0, 0
15:55:09, 1114.20, 29.68, 31.02, 29.594, 164, 269, 598, 1004, 1416, 1452, 1507, 1347, 2639, 180, 0, 0, 506, 692, 1804, 3712, 6627, 6550, 6439, 4867, 10151, 770, 0, 0
15:55:09, 1110.70, 29.68, 31.00, 29.602, 191, 311, 685, 1133, 1689, 1753, 1825, 1672, 3192, 215, 0, 0, 473, 658, 1690, 3437, 6241, 6185, 6078, 4639, 9914, 756, 0, 0
15:55:10, 1105.90, 29.68, 30.98, 29.617, 192, 315, 691, 1145, 1830, 1905, 1989, 1845, 3575, 240, 0, 0, 402, 550, 1422, 2941, 5677, 5633, 5469, 4147, 9032, 687, 0, 0
15:55:11, 1100.60, 29.68, 30.98, 29.617, 143, 234, 510, 858, 1271, 1300, 1373, 1221, 2404, 168, 0, 0, 608, 851, 2195, 4390, 7546, 7449, 7359, 5676, 11235, 839, 0, 0
15:55:11, 1102.30, 29.69, 30.98, 29.617, 180, 298, 644, 1071, 1311, 1342, 1414, 1251, 2435, 168, 0, 0, 720, 1050, 2625, 5101, 7979, 7884, 7937, 6159, 12274, 926, 0, 0
15:55:12, 1100.30, 29.69, 31.00, 29.617, 144, 239, 528, 891, 1292, 1322, 1385, 1230, 2496, 171, 0, 0, 638, 916, 2296, 4516, 8176, 8063, 8082, 6266, 12257, 918, 0, 0
15:55:13, 1099.20, 29.69, 30.97, 29.617, 152, 246, 536, 891, 1342, 1380, 1442, 1307, 2578, 178, 0, 0, 559, 782, 2001, 4026, 7076, 7004, 6939, 5344, 10980, 831, 0, 0
15:55:13, 1098.70, 29.69, 30.98, 29.602, 148, 244, 529, 885, 1381, 1416, 1487, 1339, 2575, 178, 0, 0, 609, 869, 2204, 4350, 6822, 6739, 6627, 5114, 10496, 789, 0, 0
15:55:14, 1097.90, 29.69, 31.00, 29.617, 163, 270, 587, 974, 1221, 1250, 1298, 1154, 2386, 164, 0, 0, 734, 1075, 2664, 5174, 7711, 7616, 7602, 5884, 11998, 908, 0, 0
15:55:15, 1095.90, 29.69, 31.00, 29.617, 180, 297, 633, 1025, 1353, 1378, 1465, 1315, 2598, 179, 0, 0, 741, 1080, 2695, 5216, 9260, 9106, 9177, 7177, 13653, 1015, 0, 0
15:55:15, 1095.40, 29.70, 31.02, 29.609, 175, 296, 628, 1022, 1506, 1534, 1639, 1489, 2833, 191, 0, 0, 586, 839, 2119, 4172, 7394, 7298, 7235, 5643, 11402, 854, 0, 0
15:55:16, 1094.10, 29.70, 31.00, 29.625, 155, 259, 558, 922, 1363, 1394, 1473, 1330, 2654, 183, 0, 0, 633, 919, 2294, 4482, 7385, 7294, 7243, 5628, 11607, 877, 0, 0
15:55:17, 1092.40, 29.70, 31.00, 29.625, 202, 334, 706, 1130, 1604, 1653, 1745, 1618, 3141, 219, 0, 0, 584, 844, 2104, 4137, 7368, 7289, 7255, 5635, 11952, 913, 0, 0
15:55:17, 1092.70, 29.70, 31.00, 29.625, 177, 291, 609, 985, 1501, 1556, 1636, 1516, 3029, 209, 0, 0, 593, 852, 2135, 4206, 7211, 7136, 7074, 5503, 11487, 872, 0, 0
15:55:18, 1099.60, 29.70, 30.98, 29.625, 245, 413, 864, 1363, 2213, 2290, 2455, 2319, 4287, 290, 0, 0, 432, 606, 1546, 3137, 5436, 5410, 5248, 4031, 9131, 697, 0, 0
15:55:19, 1091.70, 29.70, 31.00, 29.625, 276, 456, 945, 1480, 1857, 1944, 2026, 1922, 3915, 268, 0, 0, 512, 734, 1836, 3652, 6855, 6805, 6750, 5255, 11638, 896, 0, 0
15:55:19, 1087.30, 29.71, 31.00, 29.625, 207, 343, 714, 1124, 1917, 1979, 2115, 2010, 3762, 262, 0, 0, 519, 742, 1874, 3725, 6911, 6813, 6703, 5189, 10853, 816, 0, 0
15:55:20, 1082.40, 29.71, 30.95, 29.625, 171, 285, 598, 959, 1289, 1316, 1390, 1254, 2522, 180, 0, 0, 789, 1186, 2887, 5468, 8193, 8049, 8047, 6320, 12842, 967, 0, 0
15:55:21, 1079.90, 29.71, 31.00, 29.625, 202, 343, 702, 1103, 1354, 1376, 1469, 1327, 2730, 192, 0, 0, 932, 1441, 3436, 6342, 9688, 9501, 9667, 7679, 15080, 1131, 0, 0
15:55:21, 1073.50, 29.71, 30.98, 29.633, 219, 375, 747, 1138, 1690, 1719, 1866, 1777, 3342, 235, 0, 0, 838, 1279, 3071, 5708, 10756, 10536, 10796, 8665, 16787, 1257, 0, 0
15:55:22, 1073.80, 29.72, 31.00, 29.633, 203, 340, 699, 1096, 1756, 1802, 1940, 1832, 3553, 253, 0, 0, 668, 1006, 2426, 4580, 8018, 7879, 7855, 6232, 12891, 970, 0, 0
15:55:23, 1073.50, 29.72, 30.98, 29.633, 155, 262, 533, 842, 1293, 1307, 1400, 1284, 2621, 191, 0, 0, 782, 1187, 2858, 5363, 8608, 8451, 8462, 6683, 13759, 1038, 0, 0
15:55:23, 1071.70, 29.72, 30.97, 29.633, 213, 359, 714, 1087, 1480, 1504, 1618, 1507, 2975, 214, 0, 0, 887, 1376, 3274, 6036, 8630, 8465, 8499, 6734, 14090, 1068, 0, 0
15:55:24, 1067.30, 29.72, 31.00, 29.648, 253, 426, 845, 1279, 1633, 1677, 1798, 1708, 3427, 252, 0, 0, 882, 1377, 3192, 5798, 10210, 10025, 10249, 8276, 16936, 1296, 0, 0
15:55:25, 1065.10, 29.72, 30.98, 29.648, 211, 346, 681, 1023, 1420, 1454, 1549, 1490, 2975, 225, 0, 0, 850, 1310, 3098, 5721, 10835, 10593, 10831, 8711, 17002, 1269, 0, 0
15:55:25, 1061.40, 29.73, 31.00, 29.641, 234, 403, 774, 1155, 1874, 1896, 2113, 2000, 3737, 270, 0, 0, 716, 1097, 2626, 4880, 7861, 7727, 7655, 6128, 13228, 998, 0, 0
15:55:26, 1058.00, 29.73, 30.98, 29.648, 233, 390, 751, 1112, 1351, 1369, 1476, 1376, 2928, 218, 0, 0, 1129, 1817, 4072, 7130, 10612, 10396, 10649, 8707, 17786, 1359, 0, 0
15:55:27, 1061.60, 29.73, 31.00, 29.648, 208, 344, 659, 972, 1331, 1351, 1460, 1387, 2881, 228, 0, 0, 1018, 1604, 3682, 6597, 9876, 9687, 9806, 7900, 16244, 1235, 0, 0
15:55:27, 1060.50, 29.74, 30.98, 29.648, 310, 511, 949, 1356, 1788, 1836, 1986, 1961, 3868, 292, 0, 0, 836, 1310, 3058, 5592, 9059, 8907, 9012, 7267, 15854, 1218, 0, 0
15:55:28, 1058.30, 29.74, 30.98, 29.656, 305, 517, 960, 1376, 1942, 1988, 2177, 2158, 4169, 321, 0, 0, 829, 1307, 3012, 5445, 9088, 8916, 8990, 7278, 15340, 1169, 0, 0
15:55:29, 1057.50, 29.74, 31.02, 29.656, 241, 398, 757, 1095, 1573, 1599, 1732, 1682, 3371, 259, 0, 0, 812, 1270, 2951, 5386, 8681, 8517, 8542, 6856, 14743, 1124, 0, 0
15:55:29, 1053.60, 29.74, 31.02, 29.664, 258, 415, 776, 1109, 1380, 1436, 1520, 1488, 3203, 259, 0, 0, 1038, 1671, 3778, 6712, 9137, 8953, 9028, 7296, 16062, 1243, 0, 0
15:55:30, 1048.30, 29.74, 30.98, 29.664, 335, 552, 983, 1359, 1628, 1641, 1832, 1819, 3511, 299, 0, 0, 1128, 1820, 4034, 6970, 11098, 10863, 11098, 9187, 18392, 1387, 0, 0
15:55:31, 1044.80, 29.75, 31.02, 29.664, 358, 599, 1062, 1436, 1870, 1899, 2116, 2154, 4027, 342, 0, 0, 985, 1584, 3546, 6216, 10218, 9989, 10140, 8343, 17591, 1344, 0, 0
15:55:31, 1040.50, 29.75, 30.98, 29.664, 350, 572, 1012, 1367, 2056, 2135, 2324, 2430, 4676, 394, 0, 0, 961, 1543, 3438, 6040, 10214, 10026, 10232, 8475, 18699, 1469, 0, 0
15:55:32, 1035.70, 29.76, 30.95, 29.664, 206, 327, 593, 847, 1181, 1228, 1307, 1311, 2901, 270, 0, 0, 1111, 1790, 3929, 6779, 9324, 9164, 9261, 7683, 16444, 1270, 0, 0
15:55:33, 1032.80, 29.76, 30.97, 29.664, 447, 734, 1201, 1550, 1699, 1678, 1939, 1919, 3738, 356, 0, 0, 1419, 2347, 4934, 8166, 12292, 12028, 12399, 10537, 21722, 1688, 0, 0
15:55:33, 1031.00, 29.76, 31.00, 29.664, 352, 564, 965, 1297, 1585, 1633, 1788, 1870, 3830, 381, 0, 0, 1270, 2089, 4383, 7317, 11389, 11148, 11468, 9670, 20908, 1681, 0, 0
15:55:34, 1024.60, 29.77, 31.00, 29.672, 344, 526, 887, 1130, 1669, 1723, 1885, 2095, 3705, 418, 0, 0, 1100, 1777, 3809, 6492, 10059, 9859, 10015, 8367, 18425, 1470, 0, 0
15:55:35, 1032.90, 29.77, 30.98, 29.672, 422, 653, 1055, 1342, 1379, 1397, 1543, 1555, 3529, 351, 0, 0, 1339, 2218, 4660, 7741, 9749, 9547, 9724, 8146, 19187, 1547, 0, 0
15:55:35, 1020.00, 29.77, 30.98, 29.672, 531, 826, 1350, 1731, 1897, 1993, 2152, 2316, 5048, 535, 0, 0, 1049, 1712, 3589, 6019, 9879, 9690, 9909, 8419, 19289, 1610, 0, 0
15:55:36, 1025.90, 29.78, 30.98, 29.672, 542, 814, 1269, 1548, 2308, 2351, 2668, 2927, 5473, 727, 0, 0, 877, 1409, 3033, 5216, 7885, 7741, 7732, 6428, 14567, 1141, 0, 0
15:55:37, 1028.50, 29.78, 30.97, 29.672, 538, 849, 1338, 1721, 2308, 2363, 2653, 2755, 6106, 641, 0, 0, 822, 1333, 2937, 5110, 8045, 7883, 7944, 6606, 16145, 1299, 0, 0
15:55:37, 1013.40, 29.79, 31.04, 29.672, 884, 1340, 2034, 2562, 3212, 3459, 3812, 4246, 10971, 1703, 0, 0, 978, 1618, 3279, 5377, 8751, 8567, 8795, 7567, 19580, 1829, 0, 0
15:55:38, 1028.10, 29.79, 31.00, 29.680, 3127, 4258, 6025, 8590, 9214, 13411, 12714, 13944, 31379, 7684, 0, 0, 612, 989, 2157, 3781, 6160, 6034, 5973, 4878, 12686, 1009, 0, 0
15:55:39, 1024.00, 29.80, 31.00, 29.680, 2780, 4664, 6973, 8884, 27625, 28802, 31217, 32544, 36000, 19969, 1, 1, 580, 967, 2034, 3425, 5443, 5321, 5256, 4345, 11920, 949, 0, 0
15:55:39, 1014.20, 29.80, 31.00, 29.672, 492, 726, 1120, 1429, 2498, 2596, 2909, 3099, 9073, 1230, 0, 0, 802, 1335, 2769, 4632, 6612, 6471, 6509, 5499, 15031, 1273, 0, 0
15:55:40, 1020.30, 29.81, 31.00, 29.687, 2620, 3450, 4723, 6487, 5242, 5628, 6549, 6753, 22465, 4381, 0, 0, 818, 1352, 2835, 4810, 7764, 7616, 7679, 6449, 17391, 1465, 0, 0
15:55:41, 1017.30, 29.82, 30.98, 29.687, 1058, 1628, 2402, 3133, 4364, 4858, 5353, 5923, 14340, 2452, 0, 0, 842, 1395, 2913, 4921, 7582, 7434, 7493, 6323, 15482, 1287, 0, 0
15:55:41, 1013.30, 29.82, 30.98, 29.672, 7577, 9439, 14626, 15272, 17060, 20476, 14743, 26382, 30349, 9580, 0, 0, 3796, 6046, 9141, 11975, 14828, 14714, 16690, 16456, 35996, 8982, 0, 1
15:55:42, 1013.10, 29.83, 31.02, 29.672, 7983, 17676, 23256, 34431, 30920, 34146, 36000, 36000, 32653, 12262, 1, 1, 5225, 7909, 12135, 15658, 25928, 25205, 32189, 33076, 36000, 36000, 1, 1
15:55:43, 1013.40, 29.83, 31.04, 29.672, 4188, 7762, 8353, 11491, 35743, 35104, 36000, 36000, 35993, 25856, 1, 1, 6578, 9765, 14511, 19015, 25545, 27051, 29857, 34057, 36000, 31259, 1, 1
