Secchi Depth (cm) = 9999
Forel Ule Scale = 99
pH Colour Scale = 99
SensingSecchi S/N = A017
Latitude (degs N) = 34.13994
Longitude (degs E) = -77.94556
Date = 2026-07-16
Time (UTC), Pressure (mbar) MS5803, Temp (deg C) MS5803, Temp (deg C) 10KTHERM, Temp (deg C) TMP117, ED 415nm, ED 445nm, ED 480nm, ED 515nm, ED 555nm, ED 590nm, ED 630nm, ED 680nm, ED Clear, ED NIR, ED D-SAT, ED A-SAT, EU 415nm, EU 445nm, EU 480nm, EU 515nm, EU 555nm, EU 590nm, EU 630nm, EU 680nm, EU Clear, EU NIR, EU D-SAT, EU A-SAT
16:11:49, 1012.80, 29.19, 30.65, 29.328, 787, 1231, 1774, 2057, 2397, 2460, 3292, 3514, 17428, 4773, 0, 0, 3371, 4914, 6519, 7996, 9170, 9516, 13174, 16620, 36000, 29089, 1, 1
16:11:49, 1012.80, 29.19, 30.65, 29.320, 786, 1229, 1767, 2051, 2369, 2434, 3269, 3494, 17312, 4755, 0, 0, 3554, 5002, 6699, 8183, 9422, 9945, 13401, 16962, 36000, 30912, 1, 1
16:11:50, 1012.80, 29.20, 30.71, 29.305, 779, 1215, 1749, 2026, 2337, 2405, 3239, 3474, 17134, 4723, 0, 0, 3491, 4943, 6610, 8069, 9192, 9635, 13141, 16665, 36000, 29996, 1, 1
16:11:51, 1012.80, 29.20, 30.65, 29.305, 769, 1200, 1727, 1994, 2306, 2371, 3184, 3419, 16879, 4670, 0, 0, 3491, 4832, 6544, 7904, 8996, 9525, 12786, 16290, 36000, 29809, 1, 1
16:11:51, 1012.60, 29.20, 30.67, 29.305, 756, 1182, 1700, 1969, 2286, 2348, 3152, 3386, 16757, 4648, 0, 0, 3471, 4813, 6499, 7876, 9040, 9587, 12889, 16415, 36000, 30199, 1, 1
16:11:52, 1012.60, 29.21, 30.67, 29.281, 774, 1208, 1739, 2011, 2346, 2416, 3241, 3498, 17053, 4705, 0, 0, 3594, 4989, 6765, 8218, 9409, 9920, 13369, 16799, 36000, 29893, 1, 1
16:11:53, 1012.90, 29.21, 30.67, 29.281, 737, 1134, 1613, 1871, 1829, 2022, 2804, 3281, 14331, 4244, 0, 0, 3802, 5503, 7564, 9379, 11291, 12093, 15462, 19216, 36000, 32613, 1, 1
16:11:53, 1012.90, 29.21, 30.63, 29.289, 297, 412, 607, 754, 851, 997, 1652, 2029, 7204, 2756, 0, 0, 4818, 6582, 9208, 10904, 13739, 14836, 19286, 24426, 36000, 36000, 1, 1
16:11:54, 1012.80, 29.21, 30.67, 29.242, 1367, 2196, 2999, 3531, 1608, 1714, 2215, 2560, 8830, 2547, 0, 0, 4583, 7819, 11138, 14070, 18894, 19664, 23703, 26752, 36000, 35894, 1, 1
16:11:55, 1012.70, 29.21, 30.65, 29.242, 5058, 8817, 12760, 16068, 11860, 11213, 13863, 13904, 36000, 35423, 1, 1, 2058, 2796, 4366, 5456, 8078, 8407, 9875, 9693, 30999, 8823, 0, 0
16:11:55, 1012.70, 29.21, 30.69, 29.180, 5258, 9141, 13079, 14467, 8912, 10426, 12355, 13799, 36000, 14148, 1, 1, 613, 920, 1547, 2276, 2659, 2825, 3075, 2837, 9360, 1444, 0, 0
16:11:56, 1020.10, 29.22, 30.67, 29.352, 4907, 9247, 12744, 15031, 18965, 17743, 24189, 26539, 36000, 15273, 1, 1, 281, 419, 879, 1572, 2632, 2846, 3103, 2769, 6997, 629, 0, 0
16:11:57, 1024.40, 29.24, 30.65, 29.352, 2601, 4821, 6586, 7998, 14331, 13050, 17199, 20810, 20268, 3342, 0, 0, 266, 380, 824, 1527, 2643, 2889, 3154, 2797, 6576, 581, 0, 0
16:11:57, 1025.10, 29.26, 30.71, 30.117, 3105, 5830, 7558, 9481, 10142, 10326, 10689, 15537, 16224, 2528, 0, 0, 272, 386, 840, 1567, 2610, 2863, 3132, 2778, 6439, 568, 0, 0
16:11:58, 1028.20, 29.28, 30.65, 30.570, 2870, 5682, 8444, 11787, 10771, 11169, 13723, 14303, 26504, 3719, 0, 0, 226, 319, 697, 1313, 2331, 2568, 2814, 2486, 6078, 537, 0, 0
16:11:59, 1026.60, 29.30, 30.65, 30.570, 2296, 4306, 5895, 7730, 9521, 9327, 11111, 14267, 21625, 2859, 0, 0, 248, 351, 764, 1439, 2523, 2782, 3066, 2724, 6856, 614, 0, 0
16:11:59, 1026.70, 29.32, 30.69, 30.820, 4199, 8407, 13256, 14936, 17391, 15173, 19502, 24355, 36000, 6853, 1, 1, 270, 387, 831, 1552, 2717, 3004, 3307, 2972, 7747, 696, 0, 0
16:12:00, 1025.00, 29.34, 30.65, 30.930, 3556, 7401, 10789, 11963, 18773, 17041, 20151, 28743, 36000, 12335, 1, 1, 306, 444, 944, 1741, 3025, 3351, 3682, 3351, 8737, 783, 0, 0
16:12:01, 1024.30, 29.35, 30.63, 30.930, 3931, 7879, 11614, 12838, 19679, 18679, 20459, 30351, 36000, 16353, 1, 1, 325, 474, 1000, 1828, 3133, 3474, 3804, 3488, 9100, 811, 0, 0
16:12:01, 1024.60, 29.37, 30.65, 31.070, 3903, 7954, 11255, 13099, 17166, 18152, 20206, 29559, 36000, 18240, 1, 1, 327, 476, 1005, 1835, 3127, 3475, 3807, 3504, 9142, 811, 0, 0
16:12:02, 1023.60, 29.39, 30.63, 31.156, 3503, 6753, 10041, 11704, 11514, 11942, 14811, 18230, 36000, 12993, 1, 1, 333, 487, 1021, 1857, 3177, 3537, 3860, 3577, 9435, 842, 0, 0
16:12:03, 1022.50, 29.41, 30.63, 31.156, 4498, 8803, 13228, 14413, 20034, 20979, 24988, 32434, 36000, 26919, 1, 1, 343, 499, 1043, 1882, 3202, 3568, 3887, 3622, 9606, 866, 0, 0
16:12:03, 1025.30, 29.42, 30.65, 31.180, 5917, 10220, 16116, 17213, 24849, 26106, 25985, 34867, 36000, 21497, 1, 1, 338, 483, 1018, 1849, 3244, 3627, 3959, 3705, 9551, 849, 0, 0
16:12:04, 1023.60, 29.44, 30.63, 31.211, 4363, 9319, 12576, 15711, 18293, 22436, 22065, 28138, 36000, 24244, 1, 1, 363, 523, 1095, 1972, 3411, 3804, 4163, 3915, 9933, 886, 0, 0
16:12:05, 1022.90, 29.45, 30.63, 31.211, 4626, 9893, 12165, 15358, 19479, 23406, 19826, 35478, 36000, 27222, 1, 1, 366, 529, 1108, 1986, 3386, 3757, 4112, 3860, 9539, 845, 0, 0
16:12:05, 1023.70, 29.46, 30.61, 31.203, 4748, 9636, 12762, 20391, 21433, 26011, 28620, 31232, 36000, 20735, 1, 1, 321, 462, 977, 1760, 3011, 3328, 3636, 3389, 8171, 723, 0, 0
16:12:06, 1023.70, 29.48, 30.63, 31.203, 4112, 7171, 9869, 17304, 16116, 20442, 28864, 25374, 36000, 20616, 1, 1, 285, 411, 873, 1569, 2629, 2889, 3154, 2907, 6771, 601, 0, 0
16:12:07, 1023.90, 29.49, 30.65, 31.203, 3932, 7023, 10628, 19942, 12463, 15838, 25047, 21377, 36000, 12613, 1, 1, 229, 331, 711, 1300, 2172, 2374, 2577, 2322, 5157, 444, 0, 0
16:12:07, 1024.10, 29.50, 30.63, 31.195, 2145, 3854, 5865, 9794, 6044, 6218, 6905, 7860, 25628, 3743, 0, 0, 194, 282, 609, 1122, 1914, 2087, 2251, 2002, 4285, 359, 0, 0
16:12:08, 1025.10, 29.51, 30.63, 31.242, 1865, 3472, 5031, 6502, 11093, 11124, 12402, 15945, 36000, 6460, 1, 1, 175, 256, 558, 1033, 1787, 1942, 2082, 1837, 3855, 321, 0, 0
16:12:09, 1025.30, 29.52, 30.65, 31.242, 1919, 4041, 5542, 6287, 9368, 10667, 11582, 15120, 28845, 4686, 0, 0, 155, 225, 498, 932, 1615, 1748, 1863, 1613, 3297, 270, 0, 0
16:12:09, 1025.00, 29.54, 30.61, 31.234, 1693, 3594, 5752, 6057, 7081, 6756, 8312, 11254, 18121, 2959, 0, 0, 145, 212, 472, 884, 1498, 1619, 1713, 1466, 2973, 241, 0, 0
16:12:10, 1025.10, 29.55, 30.63, 31.219, 1394, 2688, 4524, 4807, 6351, 5534, 6553, 8118, 15759, 1834, 0, 0, 139, 203, 453, 847, 1439, 1552, 1636, 1392, 2824, 229, 0, 0
16:12:11, 1023.30, 29.56, 30.63, 31.219, 1416, 2437, 4739, 4613, 4558, 4834, 5612, 7121, 8577, 1384, 0, 0, 130, 189, 423, 796, 1363, 1470, 1544, 1307, 2698, 217, 0, 0
16:12:11, 1021.00, 29.57, 30.65, 31.211, 1302, 2332, 3935, 4172, 4721, 5044, 5706, 7498, 7427, 1297, 0, 0, 137, 202, 446, 827, 1406, 1511, 1588, 1344, 2967, 243, 0, 0
16:12:12, 1023.10, 29.58, 30.59, 31.227, 1537, 2451, 3251, 4265, 4552, 4742, 5065, 5761, 7901, 1360, 0, 0, 142, 208, 459, 852, 1429, 1534, 1617, 1367, 3207, 266, 0, 0
16:12:13, 1022.50, 29.59, 30.61, 31.227, 1097, 1912, 2749, 3399, 3917, 4109, 4632, 5313, 8985, 1431, 0, 0, 145, 213, 469, 868, 1456, 1561, 1650, 1396, 3369, 282, 0, 0
16:12:13, 1023.10, 29.61, 30.63, 31.227, 1350, 2508, 3659, 4799, 5334, 5295, 7026, 7173, 12090, 1978, 0, 0, 140, 207, 454, 839, 1413, 1515, 1603, 1354, 3409, 286, 0, 0
16:12:14, 1022.50, 29.62, 30.67, 31.242, 1412, 2670, 3893, 5125, 5605, 5415, 7317, 7692, 13673, 2220, 0, 0, 143, 213, 463, 849, 1437, 1536, 1628, 1379, 3603, 305, 0, 0
16:12:15, 1023.30, 29.63, 30.61, 31.242, 1550, 2912, 4153, 5196, 5973, 5878, 7367, 8344, 15793, 2475, 0, 0, 151, 226, 491, 899, 1507, 1612, 1711, 1454, 3797, 322, 0, 0
16:12:15, 1023.10, 29.64, 30.59, 31.250, 1564, 2848, 3982, 5017, 6113, 5986, 7410, 8640, 16521, 2463, 0, 0, 156, 233, 505, 925, 1553, 1661, 1766, 1505, 3990, 339, 0, 0
16:12:16, 1020.80, 29.65, 30.61, 31.258, 1600, 2811, 3782, 4588, 5558, 5395, 6223, 7917, 15156, 2521, 0, 0, 166, 252, 538, 976, 1594, 1699, 1807, 1545, 4113, 353, 0, 0
16:12:17, 1024.60, 29.66, 30.61, 31.258, 1990, 3673, 5299, 6376, 7814, 7809, 9957, 10424, 25771, 3966, 0, 0, 155, 232, 500, 912, 1528, 1640, 1747, 1490, 3984, 341, 0, 0
16:12:17, 1026.40, 29.67, 30.59, 31.250, 1480, 2824, 4070, 5213, 6716, 6736, 8266, 9489, 18545, 2478, 0, 0, 147, 216, 474, 885, 1522, 1643, 1753, 1495, 3902, 332, 0, 0
16:12:18, 1025.70, 29.68, 30.63, 31.234, 1411, 2618, 3661, 4613, 6824, 6725, 8567, 10081, 17201, 2396, 0, 0, 150, 220, 482, 894, 1507, 1628, 1740, 1487, 3890, 333, 0, 0
16:12:19, 1023.00, 29.69, 30.63, 31.234, 1604, 3018, 4266, 5451, 6732, 6385, 8223, 9695, 15949, 2257, 0, 0, 166, 245, 530, 977, 1732, 1870, 2008, 1735, 4504, 391, 0, 0
16:12:19, 1021.70, 29.70, 30.59, 31.219, 1994, 3877, 5037, 6341, 7862, 7284, 8843, 11510, 20563, 3260, 0, 0, 193, 289, 615, 1116, 1877, 2021, 2179, 1896, 5049, 445, 0, 0
16:12:20, 1023.70, 29.71, 30.63, 31.203, 2307, 4395, 6699, 7853, 9803, 9816, 11964, 14072, 26186, 4153, 0, 0, 180, 266, 570, 1051, 1773, 1922, 2074, 1797, 4713, 413, 0, 0
16:12:21, 1024.10, 29.72, 30.63, 31.203, 2053, 4128, 5750, 7373, 9069, 8413, 11458, 12873, 18114, 2674, 0, 0, 164, 238, 517, 966, 1670, 1816, 1959, 1686, 4294, 373, 0, 0
16:12:21, 1022.30, 29.73, 30.61, 31.172, 2016, 3986, 5561, 7308, 9106, 8190, 11675, 12634, 16652, 2625, 0, 0, 172, 251, 543, 1007, 1756, 1902, 2048, 1768, 4514, 394, 0, 0
16:12:22, 1024.90, 29.74, 30.63, 31.164, 2086, 4186, 5911, 7320, 8442, 8344, 10483, 12693, 18555, 2945, 0, 0, 174, 253, 549, 1021, 1708, 1853, 1993, 1715, 4370, 378, 0, 0
16:12:23, 1025.90, 29.75, 30.61, 31.164, 1886, 3771, 5477, 7105, 8124, 7845, 10338, 11531, 16476, 2337, 0, 0, 158, 228, 500, 936, 1598, 1734, 1860, 1593, 4101, 353, 0, 0
16:12:23, 1024.80, 29.76, 30.65, 31.187, 1703, 3378, 4771, 6134, 7215, 6982, 9143, 10492, 16448, 2337, 0, 0, 159, 233, 509, 945, 1594, 1721, 1839, 1574, 4168, 360, 0, 0
16:12:24, 1024.60, 29.77, 30.65, 31.234, 1751, 3479, 4939, 6275, 7239, 7105, 9053, 10435, 17510, 2546, 0, 0, 161, 237, 514, 950, 1602, 1725, 1840, 1574, 4148, 357, 0, 0
16:12:25, 1026.40, 29.78, 30.63, 31.234, 1650, 3145, 4444, 5732, 7409, 7241, 9193, 10252, 17353, 2449, 0, 0, 154, 226, 492, 915, 1556, 1679, 1791, 1530, 4036, 346, 0, 0
16:12:25, 1029.70, 29.78, 30.61, 31.258, 1645, 3237, 4710, 6179, 7702, 7420, 9626, 10972, 16705, 2119, 0, 0, 150, 216, 478, 903, 1557, 1692, 1809, 1545, 4012, 342, 0, 0
16:12:26, 1034.80, 29.79, 30.63, 31.273, 1552, 3008, 4355, 5740, 7215, 6945, 8743, 10532, 16379, 1994, 0, 0, 154, 219, 488, 929, 1585, 1732, 1860, 1596, 4139, 352, 0, 0
16:12:27, 1047.10, 29.80, 30.65, 31.273, 1369, 2757, 4337, 5889, 7290, 7421, 9431, 10930, 16787, 1663, 0, 0, 132, 176, 405, 812, 1472, 1645, 1780, 1521, 3743, 316, 0, 0
16:12:27, 1061.60, 29.81, 30.63, 31.266, 820, 1469, 2471, 3554, 4929, 5197, 6096, 7483, 11409, 953, 0, 0, 119, 144, 340, 722, 1370, 1571, 1716, 1466, 3436, 288, 0, 0
16:12:28, 1072.60, 29.81, 30.65, 31.086, 653, 1177, 2164, 3392, 5027, 5334, 6644, 7653, 12646, 956, 0, 0, 112, 126, 299, 660, 1326, 1550, 1706, 1463, 3401, 284, 0, 0
16:12:29, 1084.80, 29.82, 30.65, 31.086, 582, 1021, 2038, 3345, 5089, 5574, 7017, 7823, 12620, 918, 0, 0, 102, 108, 255, 582, 1173, 1400, 1548, 1320, 2921, 244, 0, 0
16:12:29, 1094.00, 29.81, 30.61, 30.758, 458, 723, 1492, 2660, 3884, 4403, 5477, 6075, 8666, 618, 0, 0, 90, 90, 207, 492, 1084, 1316, 1462, 1237, 2606, 218, 0, 0
16:12:30, 1105.20, 29.81, 30.65, 30.422, 405, 610, 1298, 2441, 3899, 4593, 5698, 6073, 7875, 562, 0, 0, 81, 77, 175, 428, 986, 1217, 1354, 1139, 2332, 195, 0, 0
16:12:31, 1116.70, 29.81, 30.59, 30.422, 301, 415, 906, 1772, 2922, 3476, 4401, 4651, 6311, 439, 0, 0, 71, 64, 142, 359, 857, 1073, 1193, 993, 2012, 168, 0, 0
16:12:31, 1121.40, 29.80, 30.61, 30.148, 243, 319, 710, 1438, 2529, 3044, 3849, 4029, 5607, 386, 0, 0, 65, 58, 126, 323, 793, 999, 1109, 917, 1839, 153, 0, 0
16:12:32, 1130.40, 29.80, 30.61, 29.969, 215, 281, 632, 1294, 2315, 2788, 3498, 3628, 5292, 362, 0, 0, 55, 49, 105, 273, 660, 832, 918, 754, 1512, 125, 0, 0
16:12:33, 1143.10, 29.79, 30.61, 29.969, 150, 185, 418, 892, 1465, 1791, 2210, 2278, 3056, 209, 0, 0, 43, 37, 78, 208, 526, 670, 736, 592, 1156, 96, 0, 0
16:12:33, 1146.90, 29.78, 30.65, 29.859, 113, 137, 312, 680, 1281, 1565, 1927, 1953, 2820, 190, 0, 0, 36, 31, 64, 173, 456, 581, 635, 507, 1004, 83, 0, 0
16:12:34, 1155.40, 29.78, 30.63, 29.781, 104, 128, 297, 649, 1230, 1485, 1838, 1841, 3048, 204, 0, 0, 29, 24, 50, 137, 367, 469, 509, 400, 798, 66, 0, 0
16:12:35, 1164.50, 29.77, 30.63, 29.781, 82, 97, 223, 503, 1005, 1220, 1499, 1483, 2429, 163, 0, 0, 24, 20, 41, 112, 307, 394, 425, 332, 667, 55, 0, 0
16:12:35, 1170.60, 29.77, 30.63, 29.734, 69, 78, 178, 411, 868, 1069, 1294, 1268, 1957, 132, 0, 0, 21, 18, 37, 101, 285, 367, 395, 307, 620, 51, 0, 0
16:12:36, 1179.80, 29.76, 30.63, 29.695, 66, 75, 172, 402, 820, 1018, 1237, 1201, 1951, 131, 0, 0, 19, 16, 32, 90, 259, 336, 361, 278, 563, 46, 0, 0
16:12:37, 1186.60, 29.76, 30.61, 29.695, 58, 64, 145, 347, 742, 927, 1130, 1094, 1714, 115, 0, 0, 19, 15, 30, 84, 250, 325, 351, 270, 539, 45, 0, 0
16:12:37, 1191.40, 29.76, 30.61, 29.680, 58, 63, 139, 338, 739, 930, 1135, 1097, 1726, 116, 0, 0, 18, 15, 29, 81, 242, 317, 342, 263, 524, 43, 0, 0
16:12:38, 1198.30, 29.75, 30.65, 29.648, 56, 60, 132, 323, 708, 893, 1092, 1049, 1686, 113, 0, 0, 17, 14, 27, 75, 228, 300, 324, 248, 492, 41, 0, 0
16:12:39, 1205.50, 29.75, 30.63, 29.648, 50, 53, 115, 286, 629, 797, 975, 927, 1472, 99, 0, 0, 16, 12, 24, 68, 209, 277, 300, 228, 448, 37, 0, 0
16:12:39, 1212.70, 29.75, 30.63, 29.625, 44, 46, 97, 246, 558, 712, 867, 819, 1332, 90, 0, 0, 14, 11, 21, 60, 186, 248, 268, 203, 400, 33, 0, 0
16:12:40, 1217.60, 29.74, 30.63, 29.625, 37, 38, 79, 204, 480, 617, 745, 698, 1127, 76, 0, 0, 13, 10, 19, 53, 169, 225, 243, 183, 363, 30, 0, 0
16:12:41, 1221.00, 29.74, 30.63, 29.625, 34, 34, 72, 188, 435, 560, 675, 627, 1065, 72, 0, 0, 11, 9, 17, 48, 153, 204, 219, 164, 327, 27, 0, 0
16:12:41, 1229.80, 29.73, 30.63, 29.609, 30, 30, 62, 163, 375, 482, 577, 532, 983, 67, 0, 0, 9, 7, 14, 40, 126, 169, 180, 134, 271, 22, 0, 0
16:12:42, 1237.00, 29.73, 30.63, 29.609, 22, 22, 44, 119, 281, 363, 431, 387, 659, 45, 0, 0, 7, 6, 11, 32, 105, 141, 150, 110, 221, 18, 0, 0
16:12:43, 1240.80, 29.73, 30.65, 29.609, 18, 18, 36, 98, 241, 311, 367, 325, 570, 39, 0, 0, 6, 5, 9, 28, 92, 124, 131, 95, 195, 15, 0, 0
16:12:43, 1244.80, 29.73, 30.63, 29.602, 16, 16, 32, 88, 219, 283, 331, 290, 521, 36, 0, 0, 6, 4, 8, 25, 83, 112, 118, 85, 178, 14, 0, 0
16:12:44, 1250.40, 29.72, 30.59, 29.602, 15, 15, 29, 80, 202, 261, 304, 264, 495, 34, 0, 0, 5, 4, 7, 22, 76, 102, 108, 78, 163, 13, 0, 0
16:12:45, 1255.30, 29.72, 30.61, 29.594, 13, 13, 25, 71, 184, 239, 276, 238, 433, 30, 0, 0, 4, 3, 7, 20, 71, 96, 101, 72, 152, 12, 0, 0
16:12:45, 1258.90, 29.72, 30.65, 29.586, 13, 13, 25, 69, 181, 237, 274, 235, 438, 30, 0, 0, 4, 3, 6, 19, 69, 94, 99, 71, 148, 12, 0, 0
16:12:46, 1265.20, 29.72, 30.63, 29.586, 13, 12, 24, 67, 178, 233, 270, 233, 450, 31, 0, 0, 4, 3, 6, 19, 67, 92, 98, 70, 145, 11, 0, 0
16:12:47, 1270.50, 29.72, 30.65, 29.578, 13, 12, 22, 64, 172, 228, 265, 228, 434, 30, 0, 0, 4, 3, 6, 18, 66, 91, 97, 70, 143, 11, 0, 0
16:12:47, 1273.40, 29.71, 30.65, 29.570, 13, 12, 22, 62, 169, 225, 261, 226, 426, 30, 0, 0, 4, 3, 6, 18, 65, 90, 96, 70, 142, 11, 0, 0
16:12:48, 1277.40, 29.71, 30.65, 29.570, 13, 12, 23, 62, 170, 227, 262, 226, 433, 30, 0, 0, 4, 3, 6, 17, 64, 88, 95, 69, 144, 11, 0, 0
16:12:49, 1282.80, 29.71, 30.63, 29.570, 12, 11, 20, 57, 158, 212, 244, 210, 417, 29, 0, 0, 4, 3, 5, 16, 59, 82, 89, 65, 132, 10, 0, 0
16:12:49, 1284.10, 29.70, 30.65, 29.570, 11, 10, 18, 52, 149, 201, 232, 199, 381, 27, 0, 0, 4, 3, 5, 15, 57, 80, 86, 62, 126, 10, 0, 0
16:12:50, 1287.40, 29.70, 30.65, 29.570, 11, 10, 17, 50, 146, 197, 228, 195, 375, 26, 0, 0, 4, 3, 5, 15, 54, 77, 83, 60, 123, 10, 0, 0
16:12:51, 1297.40, 29.70, 30.65, 29.570, 10, 9, 15, 45, 129, 174, 201, 171, 347, 24, 0, 0, 3, 2, 4, 12, 46, 66, 71, 50, 104, 8, 0, 0
16:12:51, 1305.00, 29.70, 30.71, 29.570, 8, 8, 13, 37, 110, 150, 173, 144, 273, 19, 0, 0, 3, 2, 3, 10, 40, 57, 62, 44, 90, 7, 0, 0
16:12:52, 1310.00, 29.70, 30.65, 29.570, 7, 7, 11, 32, 95, 129, 148, 123, 230, 16, 0, 0, 2, 1, 3, 9, 35, 50, 53, 38, 77, 6, 0, 0
16:12:53, 1314.20, 29.69, 30.63, 29.562, 6, 6, 9, 27, 82, 111, 126, 103, 196, 14, 0, 0, 2, 1, 2, 7, 30, 43, 46, 32, 67, 5, 0, 0
16:12:53, 1322.10, 29.69, 30.63, 29.562, 5, 5, 7, 23, 69, 94, 106, 85, 175, 13, 0, 0, 1, 1, 2, 6, 25, 35, 38, 26, 56, 4, 0, 0
16:12:54, 1327.50, 29.69, 30.67, 29.562, 4, 4, 6, 18, 57, 78, 87, 68, 135, 10, 0, 0, 1, 1, 1, 5, 21, 30, 32, 22, 47, 3, 0, 0
16:12:55, 1332.30, 29.69, 30.65, 29.555, 3, 3, 5, 16, 52, 72, 79, 62, 126, 9, 0, 0, 1, 0, 1, 5, 19, 28, 30, 20, 44, 3, 0, 0
16:12:55, 1338.10, 29.69, 30.63, 29.562, 3, 3, 5, 15, 47, 65, 72, 56, 116, 8, 0, 0, 1, 0, 1, 4, 18, 26, 27, 19, 40, 3, 0, 0
16:12:56, 1340.00, 29.68, 30.63, 29.562, 3, 3, 4, 13, 43, 59, 65, 51, 102, 7, 0, 0, 0, 0, 1, 4, 17, 24, 26, 18, 38, 2, 0, 0
16:12:57, 1344.70, 29.68, 30.67, 29.555, 3, 3, 4, 13, 42, 58, 64, 50, 102, 7, 0, 0, 0, 0, 1, 4, 16, 23, 24, 17, 36, 2, 0, 0
16:12:57, 1351.00, 29.68, 30.67, 29.555, 2, 3, 3, 11, 38, 52, 57, 44, 92, 7, 0, 0, 0, 0, 1, 3, 14, 20, 22, 15, 32, 2, 0, 0
16:12:58, 1359.40, 29.68, 30.61, 29.555, 2, 2, 3, 10, 33, 47, 51, 39, 83, 6, 0, 0, 0, 0, 1, 3, 12, 18, 19, 13, 28, 2, 0, 0
16:12:59, 1363.50, 29.68, 30.65, 29.547, 2, 2, 2, 9, 30, 43, 46, 35, 73, 5, 0, 0, 0, 0, 1, 2, 12, 17, 18, 13, 27, 2, 0, 0
16:12:59, 1368.00, 29.68, 30.65, 29.555, 2, 2, 2, 8, 29, 40, 44, 34, 70, 5, 0, 0, 0, 0, 0, 2, 11, 16, 18, 12, 26, 1, 0, 0
16:13:00, 1373.00, 29.67, 30.65, 29.555, 2, 2, 2, 7, 26, 38, 41, 31, 66, 5, 0, 0, 0, 0, 0, 2, 10, 15, 16, 11, 24, 1, 0, 0
16:13:01, 1375.20, 29.67, 30.65, 29.547, 1, 2, 3, 7, 25, 35, 38, 29, 61, 5, 0, 0, 0, 0, 0, 2, 9, 14, 16, 11, 22, 1, 0, 0
16:13:01, 1379.00, 29.67, 30.65, 29.555, 1, 2, 2, 7, 25, 35, 38, 29, 63, 5, 0, 0, 0, 0, 0, 2, 9, 14, 15, 10, 22, 1, 0, 0
16:13:02, 1386.40, 29.67, 30.67, 29.555, 1, 2, 2, 6, 24, 34, 37, 28, 64, 5, 0, 0, 0, 0, 0, 2, 9, 13, 14, 10, 21, 1, 0, 0
16:13:03, 1393.40, 29.67, 30.69, 29.547, 1, 2, 2, 6, 24, 34, 38, 29, 61, 5, 0, 0, 0, 0, 0, 2, 9, 13, 15, 10, 22, 1, 0, 0
16:13:03, 1399.70, 29.67, 30.67, 29.555, 2, 2, 2, 6, 25, 37, 41, 31, 65, 5, 0, 0, 0, 0, 0, 2, 9, 15, 16, 11, 24, 1, 0, 0
16:13:04, 1406.80, 29.66, 30.67, 29.555, 2, 2, 2, 7, 28, 41, 46, 36, 75, 6, 0, 0, 0, 0, 0, 2, 10, 16, 18, 12, 26, 1, 0, 0
16:13:05, 1408.70, 29.66, 30.69, 29.547, 2, 2, 2, 7, 30, 44, 50, 39, 78, 6, 0, 0, 0, 0, 0, 2, 11, 17, 19, 13, 27, 1, 0, 0
16:13:05, 1407.50, 29.66, 30.63, 29.547, 2, 2, 3, 8, 32, 48, 54, 42, 83, 6, 0, 0, 0, 0, 1, 2, 11, 18, 20, 14, 28, 2, 0, 0
16:13:06, 1410.60, 29.66, 30.65, 29.547, 2, 2, 3, 8, 32, 48, 55, 43, 88, 7, 0, 0, 0, 0, 1, 2, 11, 17, 19, 13, 27, 1, 0, 0
16:13:07, 1417.40, 29.66, 30.67, 29.547, 2, 2, 2, 7, 30, 45, 51, 39, 84, 6, 0, 0, 0, 0, 0, 2, 9, 15, 17, 12, 24, 1, 0, 0
16:13:07, 1425.40, 29.66, 30.67, 29.555, 2, 2, 2, 6, 27, 41, 47, 36, 76, 6, 0, 0, 0, 0, 0, 1, 9, 14, 16, 11, 23, 1, 0, 0
16:13:08, 1435.30, 29.66, 30.65, 29.555, 2, 2, 2, 6, 25, 38, 43, 33, 69, 5, 0, 0, 0, 0, 0, 1, 8, 13, 15, 10, 21, 1, 0, 0
16:13:09, 1437.80, 29.66, 30.67, 29.555, 1, 2, 2, 5, 23, 35, 40, 30, 61, 5, 0, 0, 0, 0, 0, 1, 7, 12, 14, 9, 19, 1, 0, 0
16:13:09, 1434.90, 29.66, 30.63, 29.555, 1, 2, 1, 5, 21, 31, 35, 27, 50, 4, 0, 0, 0, 0, 0, 1, 7, 12, 13, 9, 18, 1, 0, 0
16:13:10, 1443.10, 29.66, 30.69, 29.555, 1, 1, 1, 4, 17, 27, 30, 23, 48, 4, 0, 0, 0, 0, 0, 1, 5, 9, 10, 7, 15, 0, 0, 0
16:13:11, 1451.90, 29.65, 30.67, 29.555, 1, 1, 1, 3, 13, 20, 22, 17, 34, 3, 0, 0, 0, 0, 0, 1, 4, 7, 8, 5, 12, 0, 0, 0
16:13:11, 1463.70, 29.65, 30.69, 29.555, 1, 1, 1, 2, 12, 18, 20, 15, 32, 3, 0, 0, 0, 0, 0, 0, 4, 6, 7, 5, 10, 0, 0, 0
16:13:12, 1469.90, 29.65, 30.69, 29.555, 1, 1, 0, 2, 11, 17, 19, 14, 29, 2, 0, 0, 0, 0, 0, 0, 3, 6, 7, 4, 10, 0, 0, 0
16:13:13, 1471.80, 29.65, 30.67, 29.547, 0, 1, 0, 2, 10, 16, 18, 13, 27, 2, 0, 0, 0, 0, 0, 0, 3, 5, 6, 4, 9, 0, 0, 0
16:13:13, 1470.00, 29.65, 30.67, 29.555, 0, 1, 0, 2, 9, 14, 15, 11, 21, 2, 0, 0, 0, 0, 0, 0, 2, 4, 5, 3, 7, 0, 0, 0
16:13:14, 1477.00, 29.65, 30.65, 29.555, 0, 1, 0, 1, 7, 12, 13, 9, 20, 2, 0, 0, 0, 0, 0, 0, 2, 4, 4, 3, 6, 0, 0, 0
16:13:15, 1495.10, 29.65, 30.69, 29.547, 0, 1, 0, 1, 6, 9, 10, 7, 15, 1, 0, 0, 0, 0, 0, 0, 1, 2, 3, 2, 5, 0, 0, 0
16:13:15, 1504.00, 29.65, 30.69, 29.555, 0, 0, 0, 1, 5, 8, 8, 6, 12, 1, 0, 0, 0, 0, 0, 0, 1, 2, 3, 2, 4, 0, 0, 0
16:13:16, 1498.20, 29.65, 30.67, 29.555, 0, 0, 0, 1, 5, 8, 8, 5, 11, 1, 0, 0, 0, 0, 0, 0, 1, 2, 3, 2, 4, 0, 0, 0
16:13:17, 1493.30, 29.65, 30.69, 29.547, 0, 0, 0, 1, 4, 7, 7, 5, 10, 1, 0, 0, 0, 0, 0, 0, 1, 2, 2, 1, 3, 0, 0, 0
16:13:17, 1506.80, 29.64, 30.67, 29.547, 0, 0, 0, 0, 4, 6, 6, 4, 10, 1, 0, 0, 0, 0, 0, 0, 0, 1, 2, 1, 3, 0, 0, 0
16:13:18, 1529.20, 29.64, 30.71, 29.547, 0, 0, 0, 0, 3, 5, 4, 3, 7, 1, 0, 0, 0, 0, 0, 0, 0, 1, 1, 1, 2, 0, 0, 0
16:13:19, 1533.40, 29.64, 30.65, 29.547, 0, 0, 0, 0, 2, 4, 4, 3, 6, 1, 0, 0, 0, 0, 0, 0, 0, 1, 1, 1, 2, 0, 0, 0
16:13:19, 1520.10, 29.64, 30.71, 29.547, 0, 0, 0, 0, 3, 5, 4, 3, 6, 1, 0, 0, 0, 0, 0, 0, 1, 1, 2, 1, 3, 0, 0, 0
16:13:20, 1523.60, 29.64, 30.67, 29.547, 0, 0, 0, 0, 3, 5, 5, 4, 7, 1, 0, 0, 0, 0, 0, 0, 0, 1, 2, 1, 3, 0, 0, 0
16:13:21, 1549.40, 29.64, 30.69, 29.547, 0, 0, 0, 0, 2, 4, 4, 3, 7, 1, 0, 0, 0, 0, 0, 0, 0, 1, 1, 1, 2, 0, 0, 0
16:13:21, 1566.30, 29.64, 30.69, 29.547, 0, 0, 0, 0, 2, 4, 3, 2, 5, 1, 0, 0, 0, 0, 0, 0, 0, 1, 1, 1, 2, 0, 0, 0
16:13:22, 1544.90, 29.64, 30.69, 29.547, 0, 0, 0, 0, 2, 4, 4, 2, 5, 1, 0, 0, 0, 0, 0, 0, 0, 1, 1, 1, 2, 0, 0, 0
16:13:23, 1542.00, 29.64, 30.71, 29.539, 0, 0, 0, 0, 2, 4, 4, 3, 5, 1, 0, 0, 0, 0, 0, 0, 0, 1, 1, 1, 2, 0, 0, 0
16:13:23, 1567.90, 29.64, 30.67, 29.547, 0, 0, 0, 0, 1, 3, 2, 1, 4, 1, 0, 0, 0, 0, 0, 0, 0, 0, 1, 0, 1, 0, 0, 0
16:13:24, 1592.50, 29.63, 30.67, 29.547, 0, 0, 0, 0, 1, 2, 1, 1, 3, 1, 0, 0, 0, 0, 0, 0, 0, 0, 0, 0, 1, 0, 0, 0
16:13:25, 1581.00, 29.64, 30.71, 29.547, 0, 0, 0, 0, 1, 2, 1, 1, 2, 0, 0, 0, 0, 0, 0, 0, 0, 0, 0, 0, 1, 0, 0, 0
16:13:25, 1574.50, 29.64, 30.71, 29.547, 0, 0, 0, 0, 1, 2, 1, 1, 2, 0, 0, 0, 0, 0, 0, 0, 0, 0, 0, 0, 1, 0, 0, 0
16:13:26, 1598.70, 29.64, 30.67, 29.547, 0, 0, 0, 0, 0, 1, 1, 0, 1, 0, 0, 0, 0, 0, 0, 0, 0, 0, 0, 0, 0, 0, 0, 0
16:13:27, 1625.90, 29.63, 30.72, 29.547, 0, 0, 0, 0, 0, 1, 0, 0, 1, 0, 0, 0, 0, 0, 0, 0, 0, 0, 0, 0, 0, 0, 0, 0
16:13:27, 1614.50, 29.64, 30.74, 29.547, 0, 0, 0, 0, 0, 1, 0, 0, 1, 0, 0, 0, 0, 0, 0, 0, 0, 0, 0, 0, 0, 0, 0, 0
16:13:28, 1611.70, 29.63, 30.71, 29.547, 0, 0, 0, 0, 0, 1, 0, 0, 1, 0, 0, 0, 0, 0, 0, 0, 0, 0, 0, 0, 0, 0, 0, 0
16:13:29, 1636.10, 29.63, 30.67, 29.539, 0, 0, 0, 0, 0, 1, 0, 0, 0, 0, 0, 0, 0, 0, 0, 0, 0, 0, 0, 0, 0, 0, 0, 0
16:13:29, 1666.70, 29.63, 30.69, 29.539, 0, 0, 0, 0, 0, 1, 0, 0, 0, 0, 0, 0, 0, 0, 0, 0, 0, 0, 0, 0, 0, 0, 0, 0
16:13:30, 1645.80, 29.63, 30.74, 29.539, 0, 0, 0, 0, 0, 1, 0, 0, 0, 0, 0, 0, 0, 0, 0, 0, 0, 0, 0, 0, 0, 0, 0, 0
16:13:31, 1649.80, 29.63, 30.72, 29.539, 0, 0, 0, 0, 0, 1, 0, 0, 0, 0, 0, 0, 0, 0, 0, 0, 0, 0, 0, 0, 0, 0, 0, 0
16:13:31, 1679.50, 29.63, 30.69, 29.539, 0, 0, 0, 0, 0, 1, 0, 0, 0, 0, 0, 0, 0, 0, 0, 0, 0, 0, 0, 0, 0, 0, 0, 0
16:13:32, 1690.40, 29.63, 30.71, 29.547, 0, 0, 0, 0, 0, 0, 1, 0, 0, 0, 0, 0, 0, 0, 0, 0, 0, 0, 0, 0, 0, 0, 0, 0
16:13:33, 1673.50, 29.63, 30.69, 29.539, 0, 0, 0, 0, 0, 1, 0, 0, 0, 0, 0, 0, 0, 0, 0, 0, 0, 0, 0, 0, 0, 0, 0, 0
16:13:33, 1690.80, 29.63, 30.67, 29.539, 0, 0, 0, 0, 0, 1, 0, 0, 0, 0, 0, 0, 0, 0, 0, 0, 0, 0, 0, 0, 0, 0, 0, 0
16:13:34, 1720.60, 29.63, 30.71, 29.547, 0, 0, 0, 0, 0, 0, 0, 0, 0, 0, 0, 0, 0, 0, 0, 0, 0, 0, 0, 0, 0, 0, 0, 0
16:13:35, 1711.50, 29.63, 30.72, 29.539, 0, 0, 0, 0, 0, 0, 0, 0, 0, 0, 0, 0, 0, 0, 0, 0, 0, 0, 0, 0, 0, 0, 0, 0
16:13:35, 1712.40, 29.63, 30.69, 29.539, 0, 0, 0, 0, 0, 0, 0, 0, 0, 0, 0, 0, 0, 0, 0, 0, 0, 0, 0, 0, 0, 0, 0, 0
16:13:36, 1742.30, 29.62, 30.72, 29.539, 0, 0, 0, 0, 0, 0, 0, 0, 0, 0, 0, 0, 0, 0, 0, 0, 0, 0, 0, 0, 0, 0, 0, 0
16:13:37, 1752.60, 29.62, 30.71, 29.547, 0, 0, 0, 0, 0, 0, 0, 0, 0, 0, 0, 0, 0, 0, 0, 0, 0, 0, 0, 0, 0, 0, 0, 0
16:13:37, 1741.30, 29.63, 30.72, 29.547, 0, 0, 0, 0, 0, 0, 0, 0, 0, 0, 0, 0, 0, 0, 0, 0, 0, 0, 0, 0, 0, 0, 0, 0
16:13:38, 1758.50, 29.62, 30.71, 29.539, 0, 0, 0, 0, 0, 0, 0, 0, 0, 0, 0, 0, 0, 0, 0, 0, 0, 0, 0, 0, 0, 0, 0, 0
16:13:39, 1776.20, 29.62, 30.71, 29.547, 0, 0, 0, 0, 0, 0, 0, 0, 0, 0, 0, 0, 0, 0, 0, 0, 0, 0, 0, 0, 0, 0, 0, 0
16:13:39, 1763.60, 29.62, 30.69, 29.547, 0, 0, 0, 0, 0, 0, 0, 0, 0, 0, 0, 0, 0, 0, 0, 0, 0, 0, 0, 0, 0, 0, 0, 0
16:13:40, 1769.80, 29.62, 30.69, 29.539, 0, 0, 0, 0, 0, 0, 0, 0, 0, 0, 0, 0, 0, 0, 0, 0, 0, 0, 0, 0, 0, 0, 0, 0
16:13:41, 1792.40, 29.62, 30.72, 29.547, 0, 0, 0, 0, 0, 0, 0, 0, 0, 0, 0, 0, 0, 0, 0, 0, 0, 0, 0, 0, 0, 0, 0, 0
16:13:41, 1786.70, 29.62, 30.69, 29.547, 0, 0, 0, 0, 0, 0, 0, 0, 0, 0, 0, 0, 0, 0, 0, 0, 0, 0, 0, 0, 0, 0, 0, 0
16:13:42, 1778.30, 29.62, 30.72, 29.539, 0, 0, 0, 0, 0, 0, 0, 0, 0, 0, 0, 0, 0, 0, 0, 0, 0, 0, 0, 0, 0, 0, 0, 0
16:13:43, 1794.50, 29.62, 30.72, 29.547, 0, 0, 0, 0, 0, 0, 0, 0, 0, 0, 0, 0, 0, 0, 0, 0, 0, 0, 0, 0, 0, 0, 0, 0
16:13:43, 1803.70, 29.62, 30.71, 29.547, 0, 0, 0, 0, 0, 0, 0, 0, 0, 0, 0, 0, 0, 0, 0, 0, 0, 0, 0, 0, 0, 0, 0, 0
16:13:44, 1790.00, 29.62, 30.71, 29.539, 0, 0, 0, 0, 0, 0, 0, 0, 0, 0, 0, 0, 0, 0, 0, 0, 0, 0, 0, 0, 0, 0, 0, 0
16:13:45, 1791.80, 29.62, 30.69, 29.539, 0, 0, 0, 0, 0, 0, 0, 0, 0, 0, 0, 0, 0, 0, 0, 0, 0, 0, 0, 0, 0, 0, 0, 0
16:13:45, 1802.60, 29.62, 30.74, 29.539, 0, 0, 0, 0, 0, 0, 0, 0, 0, 0, 0, 0, 0, 0, 0, 0, 0, 0, 0, 0, 0, 0, 0, 0
16:13:46, 1802.70, 29.62, 30.69, 29.539, 0, 0, 0, 0, 0, 0, 0, 0, 0, 0, 0, 0, 0, 0, 0, 0, 0, 0, 0, 0, 0, 0, 0, 0
16:13:47, 1802.60, 29.62, 30.72, 29.547, 0, 0, 0, 0, 0, 0, 0, 0, 0, 0, 0, 0, 0, 0, 0, 0, 0, 0, 0, 0, 0, 0, 0, 0
16:13:47, 1807.90, 29.62, 30.71, 29.547, 0, 0, 0, 0, 0, 0, 0, 0, 0, 0, 0, 0, 0, 0, 0, 0, 0, 0, 0, 0, 0, 0, 0, 0
16:13:48, 1805.20, 29.62, 30.76, 29.547, 0, 0, 0, 0, 0, 0, 0, 0, 0, 0, 0, 0, 0, 0, 0, 0, 0, 0, 0, 0, 0, 0, 0, 0
16:13:49, 1801.30, 29.62, 30.74, 29.555, 0, 0, 0, 0, 0, 0, 0, 0, 0, 0, 0, 0, 0, 0, 0, 0, 0, 0, 0, 0, 0, 0, 0, 0
16:13:49, 1801.70, 29.62, 30.72, 29.555, 0, 0, 0, 0, 0, 0, 0, 0, 0, 0, 0, 0, 0, 0, 0, 0, 0, 0, 0, 0, 0, 0, 0, 0
16:13:50, 1805.20, 29.62, 30.72, 29.547, 0, 0, 0, 0, 0, 0, 0, 0, 0, 0, 0, 0, 0, 0, 0, 0, 0, 0, 0, 0, 0, 0, 0, 0
16:13:51, 1804.70, 29.62, 30.72, 29.547, 0, 0, 0, 0, 0, 0, 0, 0, 0, 0, 0, 0, 0, 0, 0, 0, 0, 0, 0, 0, 0, 0, 0, 0
16:13:51, 1806.10, 29.62, 30.72, 29.547, 0, 0, 0, 0, 0, 0, 0, 0, 0, 0, 0, 0, 0, 0, 0, 0, 0, 0, 0, 0, 0, 0, 0, 0
16:13:52, 1806.80, 29.62, 30.72, 29.547, 0, 0, 0, 0, 0, 0, 0, 0, 0, 0, 0, 0, 0, 0, 0, 0, 0, 0, 0, 0, 0, 0, 0, 0
16:13:53, 1801.80, 29.62, 30.72, 29.547, 0, 0, 0, 0, 0, 0, 0, 0, 0, 0, 0, 0, 0, 0, 0, 0, 0, 0, 0, 0, 0, 0, 0, 0
16:13:53, 1796.50, 29.62, 30.71, 29.547, 0, 0, 0, 0, 0, 0, 0, 0, 0, 0, 0, 0, 0, 0, 0, 0, 0, 0, 0, 0, 0, 0, 0, 0
16:13:54, 1794.90, 29.62, 30.72, 29.539, 0, 0, 0, 0, 0, 0, 0, 0, 0, 0, 0, 0, 0, 0, 0, 0, 0, 0, 0, 0, 0, 0, 0, 0
16:13:55, 1792.10, 29.62, 30.71, 29.547, 0, 0, 0, 0, 0, 0, 0, 0, 0, 0, 0, 0, 0, 0, 0, 0, 0, 0, 0, 0, 0, 0, 0, 0
16:13:55, 1788.10, 29.62, 30.74, 29.547, 0, 0, 0, 0, 0, 0, 0, 0, 0, 0, 0, 0, 0, 0, 0, 0, 0, 0, 0, 0, 0, 0, 0, 0
16:13:56, 1791.20, 29.62, 30.72, 29.555, 0, 0, 0, 0, 0, 0, 0, 0, 0, 0, 0, 0, 0, 0, 0, 0, 0, 0, 0, 0, 0, 0, 0, 0
16:13:57, 1800.70, 29.62, 30.72, 29.555, 0, 0, 0, 0, 0, 0, 0, 0, 0, 0, 0, 0, 0, 0, 0, 0, 0, 0, 0, 0, 0, 0, 0, 0
16:13:57, 1805.30, 29.62, 30.72, 29.555, 0, 0, 0, 0, 0, 0, 0, 0, 0, 0, 0, 0, 0, 0, 0, 0, 0, 0, 0, 0, 0, 0, 0, 0
16:13:58, 1808.50, 29.62, 30.72, 29.547, 0, 0, 0, 0, 0, 0, 0, 0, 0, 0, 0, 0, 0, 0, 0, 0, 0, 0, 0, 0, 0, 0, 0, 0
16:13:59, 1809.10, 29.62, 30.72, 29.547, 0, 0, 0, 0, 0, 0, 0, 0, 0, 0, 0, 0, 0, 0, 0, 0, 0, 0, 0, 0, 0, 0, 0, 0
16:13:59, 1812.90, 29.62, 30.72, 29.547, 0, 0, 0, 0, 0, 0, 0, 0, 0, 0, 0, 0, 0, 0, 0, 0, 0, 0, 0, 0, 0, 0, 0, 0
16:14:00, 1818.60, 29.62, 30.72, 29.547, 0, 0, 0, 0, 0, 0, 0, 0, 0, 0, 0, 0, 0, 0, 0, 0, 0, 0, 0, 0, 0, 0, 0, 0
16:14:01, 1826.40, 29.62, 30.72, 29.547, 0, 0, 0, 0, 0, 0, 0, 0, 0, 0, 0, 0, 0, 0, 0, 0, 0, 0, 0, 0, 0, 0, 0, 0
16:14:01, 1829.70, 29.62, 30.72, 29.547, 0, 0, 0, 0, 0, 0, 0, 0, 0, 0, 0, 0, 0, 0, 0, 0, 0, 0, 0, 0, 0, 0, 0, 0
16:14:02, 1834.10, 29.62, 30.72, 29.547, 0, 0, 0, 0, 0, 0, 0, 0, 0, 0, 0, 0, 0, 0, 0, 0, 0, 0, 0, 0, 0, 0, 0, 0
16:14:03, 1839.20, 29.62, 30.74, 29.547, 0, 0, 0, 0, 0, 0, 0, 0, 0, 0, 0, 0, 0, 0, 0, 0, 0, 0, 0, 0, 0, 0, 0, 0
16:14:03, 1842.10, 29.62, 30.72, 29.547, 0, 0, 0, 0, 0, 0, 0, 0, 0, 0, 0, 0, 0, 0, 0, 0, 0, 0, 0, 0, 0, 0, 0, 0
16:14:04, 1844.90, 29.62, 30.72, 29.539, 0, 0, 0, 0, 0, 0, 0, 0, 0, 0, 0, 0, 0, 0, 0, 0, 0, 0, 0, 0, 0, 0, 0, 0
16:14:04, 1848.10, 29.62, 30.74, 29.547, 0, 0, 0, 0, 0, 0, 0, 0, 0, 0, 0, 0, 0, 0, 0, 0, 0, 0, 0, 0, 0, 0, 0, 0
16:14:05, 1848.70, 29.62, 30.74, 29.547, 0, 0, 0, 0, 0, 0, 0, 0, 0, 0, 0, 0, 0, 0, 0, 0, 0, 0, 0, 0, 0, 0, 0, 0
16:14:06, 1846.90, 29.62, 30.74, 29.539, 0, 0, 0, 0, 0, 0, 0, 0, 0, 0, 0, 0, 0, 0, 0, 0, 0, 0, 0, 0, 0, 0, 0, 0
16:14:06, 1850.90, 29.62, 30.72, 29.555, 0, 0, 0, 0, 0, 0, 0, 0, 0, 0, 0, 0, 0, 0, 0, 0, 0, 0, 0, 0, 0, 0, 0, 0
16:14:07, 1854.30, 29.62, 30.72, 29.555, 0, 0, 0, 0, 0, 0, 0, 0, 0, 0, 0, 0, 0, 0, 0, 0, 0, 0, 0, 0, 0, 0, 0, 0
16:14:08, 1855.40, 29.62, 30.74, 29.547, 0, 0, 0, 0, 0, 0, 0, 0, 0, 0, 0, 0, 0, 0, 0, 0, 0, 0, 0, 0, 0, 0, 0, 0
16:14:08, 1857.90, 29.62, 30.74, 29.547, 0, 0, 0, 0, 0, 0, 0, 0, 0, 0, 0, 0, 0, 0, 0, 0, 0, 0, 0, 0, 0, 0, 0, 0
16:14:09, 1859.70, 29.62, 30.72, 29.547, 0, 0, 0, 0, 0, 0, 0, 0, 0, 0, 0, 0, 0, 0, 0, 0, 0, 0, 0, 0, 0, 0, 0, 0
16:14:10, 1860.80, 29.62, 30.72, 29.547, 0, 0, 0, 0, 0, 0, 0, 0, 0, 0, 0, 0, 0, 0, 0, 0, 0, 0, 0, 0, 0, 0, 0, 0
16:14:10, 1865.70, 29.62, 30.74, 29.547, 0, 0, 0, 0, 0, 0, 0, 0, 0, 0, 0, 0, 0, 0, 0, 0, 0, 0, 0, 0, 0, 0, 0, 0
16:14:11, 1866.90, 29.62, 30.72, 29.547, 0, 0, 0, 0, 0, 0, 0, 0, 0, 0, 0, 0, 0, 0, 0, 0, 0, 0, 0, 0, 0, 0, 0, 0
16:14:12, 1873.00, 29.62, 30.72, 29.539, 0, 0, 0, 0, 0, 0, 0, 0, 0, 0, 0, 0, 0, 0, 0, 0, 0, 0, 0, 0, 0, 0, 0, 0
16:14:12, 1878.00, 29.62, 30.72, 29.539, 0, 0, 0, 0, 0, 0, 0, 0, 0, 0, 0, 0, 0, 0, 0, 0, 0, 0, 0, 0, 0, 0, 0, 0
16:14:13, 1880.40, 29.62, 30.72, 29.539, 0, 0, 0, 0, 0, 0, 0, 0, 0, 0, 0, 0, 0, 0, 0, 0, 0, 0, 0, 0, 0, 0, 0, 0
16:14:14, 1884.90, 29.62, 30.74, 29.539, 0, 0, 0, 0, 0, 0, 0, 0, 0, 0, 0, 0, 0, 0, 0, 0, 0, 0, 0, 0, 0, 0, 0, 0
16:14:14, 1890.60, 29.62, 30.74, 29.539, 0, 0, 0, 0, 0, 0, 0, 0, 0, 0, 0, 0, 0, 0, 0, 0, 0, 0, 0, 0, 0, 0, 0, 0
16:14:15, 1895.10, 29.62, 30.72, 29.547, 0, 0, 0, 0, 0, 0, 0, 0, 0, 0, 0, 0, 0, 0, 0, 0, 0, 0, 0, 0, 0, 0, 0, 0
16:14:16, 1898.00, 29.61, 30.76, 29.539, 0, 0, 0, 0, 0, 0, 0, 0, 0, 0, 0, 0, 0, 0, 0, 0, 0, 0, 0, 0, 0, 0, 0, 0
16:14:16, 1900.40, 29.61, 30.76, 29.539, 0, 0, 0, 0, 0, 0, 0, 0, 0, 0, 0, 0, 0, 0, 0, 0, 0, 0, 0, 0, 0, 0, 0, 0
16:14:17, 1907.00, 29.61, 30.74, 29.547, 0, 0, 0, 0, 0, 0, 0, 0, 0, 0, 0, 0, 0, 0, 0, 0, 0, 0, 0, 0, 0, 0, 0, 0
16:14:18, 1909.30, 29.61, 30.78, 29.547, 0, 0, 0, 0, 0, 0, 0, 0, 0, 0, 0, 0, 0, 0, 0, 0, 0, 0, 0, 0, 0, 0, 0, 0
16:14:18, 1911.80, 29.61, 30.72, 29.547, 0, 0, 0, 0, 0, 0, 0, 0, 0, 0, 0, 0, 0, 0, 0, 0, 0, 0, 0, 0, 0, 0, 0, 0
16:14:19, 1917.20, 29.62, 30.76, 29.539, 0, 0, 0, 0, 0, 0, 0, 0, 0, 0, 0, 0, 0, 0, 0, 0, 0, 0, 0, 0, 0, 0, 0, 0
16:14:20, 1918.90, 29.61, 30.80, 29.539, 0, 0, 0, 0, 0, 0, 0, 0, 0, 0, 0, 0, 0, 0, 0, 0, 0, 0, 0, 0, 0, 0, 0, 0
16:14:20, 1917.80, 29.61, 30.74, 29.539, 0, 0, 0, 0, 0, 0, 0, 0, 0, 0, 0, 0, 0, 0, 0, 0, 0, 0, 0, 0, 0, 0, 0, 0
16:14:21, 1922.00, 29.61, 30.74, 29.547, 0, 0, 0, 0, 0, 0, 0, 0, 0, 0, 0, 0, 0, 0, 0, 0, 0, 0, 0, 0, 0, 0, 0, 0
16:14:22, 1927.30, 29.61, 30.74, 29.547, 0, 0, 0, 0, 0, 0, 0, 0, 0, 0, 0, 0, 0, 0, 0, 0, 0, 0, 0, 0, 0, 0, 0, 0
16:14:22, 1928.60, 29.61, 30.72, 29.547, 0, 0, 0, 0, 0, 0, 0, 0, 0, 0, 0, 0, 0, 0, 0, 0, 0, 0, 0, 0, 0, 0, 0, 0
16:14:23, 1928.30, 29.61, 30.72, 29.547, 0, 0, 0, 0, 0, 0, 0, 0, 0, 0, 0, 0, 0, 0, 0, 0, 0, 0, 0, 0, 0, 0, 0, 0
16:14:24, 1934.90, 29.61, 30.74, 29.547, 0, 0, 0, 0, 0, 0, 0, 0, 0, 0, 0, 0, 0, 0, 0, 0, 0, 0, 0, 0, 0, 0, 0, 0
16:14:24, 1940.10, 29.61, 30.74, 29.547, 0, 0, 0, 0, 0, 0, 0, 0, 0, 0, 0, 0, 0, 0, 0, 0, 0, 0, 0, 0, 0, 0, 0, 0
16:14:25, 1943.60, 29.61, 30.76, 29.547, 0, 0, 0, 0, 0, 0, 0, 0, 0, 0, 0, 0, 0, 0, 0, 0, 0, 0, 0, 0, 0, 0, 0, 0
16:14:26, 1947.40, 29.61, 30.74, 29.547, 0, 0, 0, 0, 0, 0, 0, 0, 0, 0, 0, 0, 0, 0, 0, 0, 0, 0, 0, 0, 0, 0, 0, 0
16:14:26, 1952.20, 29.61, 30.78, 29.547, 0, 0, 0, 0, 0, 0, 0, 0, 0, 0, 0, 0, 0, 0, 0, 0, 0, 0, 0, 0, 0, 0, 0, 0
16:14:27, 1956.40, 29.61, 30.78, 29.547, 0, 0, 0, 0, 0, 0, 0, 0, 0, 0, 0, 0, 0, 0, 0, 0, 0, 0, 0, 0, 0, 0, 0, 0
16:14:28, 1960.00, 29.61, 30.78, 29.539, 0, 0, 0, 0, 0, 0, 0, 0, 0, 0, 0, 0, 0, 0, 0, 0, 0, 0, 0, 0, 0, 0, 0, 0
16:14:28, 1964.10, 29.61, 30.78, 29.539, 0, 0, 0, 0, 0, 0, 0, 0, 0, 0, 0, 0, 0, 0, 0, 0, 0, 0, 0, 0, 0, 0, 0, 0
16:14:29, 1966.70, 29.61, 30.78, 29.539, 0, 0, 0, 0, 0, 0, 0, 0, 0, 0, 0, 0, 0, 0, 0, 0, 0, 0, 0, 0, 0, 0, 0, 0
16:14:30, 1971.00, 29.61, 30.80, 29.547, 0, 0, 0, 0, 0, 0, 0, 0, 0, 0, 0, 0, 0, 0, 0, 0, 0, 0, 0, 0, 0, 0, 0, 0
16:14:30, 1975.60, 29.61, 30.80, 29.547, 0, 0, 0, 0, 0, 0, 0, 0, 0, 0, 0, 0, 0, 0, 0, 0, 0, 0, 0, 0, 0, 0, 0, 0
16:14:31, 1977.10, 29.61, 30.76, 29.547, 0, 0, 0, 0, 0, 0, 0, 0, 0, 0, 0, 0, 0, 0, 0, 0, 0, 0, 0, 0, 0, 0, 0, 0
16:14:32, 1981.20, 29.61, 30.76, 29.547, 0, 0, 0, 0, 0, 0, 0, 0, 0, 0, 0, 0, 0, 0, 0, 0, 0, 0, 0, 0, 0, 0, 0, 0
16:14:32, 1985.70, 29.61, 30.74, 29.547, 0, 0, 0, 0, 0, 0, 0, 0, 0, 0, 0, 0, 0, 0, 0, 0, 0, 0, 0, 0, 0, 0, 0, 0
16:14:33, 1990.60, 29.61, 30.80, 29.539, 0, 0, 0, 0, 0, 0, 0, 0, 0, 0, 0, 0, 0, 0, 0, 0, 0, 0, 0, 0, 0, 0, 0, 0
16:14:34, 1994.00, 29.61, 30.72, 29.555, 0, 0, 0, 0, 0, 0, 0, 0, 0, 0, 0, 0, 0, 0, 0, 0, 0, 0, 0, 0, 0, 0, 0, 0
16:14:34, 1996.40, 29.61, 30.74, 29.555, 0, 0, 0, 0, 0, 0, 0, 0, 0, 0, 0, 0, 0, 0, 0, 0, 0, 0, 0, 0, 0, 0, 0, 0
16:14:35, 1999.80, 29.61, 30.76, 29.539, 0, 0, 0, 0, 0, 0, 0, 0, 0, 0, 0, 0, 0, 0, 0, 0, 0, 0, 0, 0, 0, 0, 0, 0
16:14:36, 2004.00, 29.61, 30.82, 29.547, 0, 0, 0, 0, 0, 0, 0, 0, 0, 0, 0, 0, 0, 0, 0, 0, 0, 0, 0, 0, 0, 0, 0, 0
16:14:36, 2007.40, 29.61, 30.76, 29.547, 0, 0, 0, 0, 0, 0, 0, 0, 0, 0, 0, 0, 0, 0, 0, 0, 0, 0, 0, 0, 0, 0, 0, 0
16:14:37, 2010.70, 29.61, 30.76, 29.539, 0, 0, 0, 0, 0, 0, 0, 0, 0, 0, 0, 0, 0, 0, 0, 0, 0, 0, 0, 0, 0, 0, 0, 0
16:14:38, 2015.30, 29.61, 30.80, 29.547, 0, 0, 0, 0, 0, 0, 0, 0, 0, 0, 0, 0, 0, 0, 0, 0, 0, 0, 0, 0, 0, 0, 0, 0
16:14:38, 2018.20, 29.61, 30.76, 29.547, 0, 0, 0, 0, 0, 0, 0, 0, 0, 0, 0, 0, 0, 0, 0, 0, 0, 0, 0, 0, 0, 0, 0, 0
16:14:39, 2008.10, 29.61, 30.78, 29.547, 0, 0, 0, 0, 0, 0, 0, 0, 0, 0, 0, 0, 0, 0, 0, 0, 0, 0, 0, 0, 0, 0, 0, 0
16:14:40, 2001.90, 29.61, 30.80, 29.555, 0, 0, 0, 0, 0, 0, 0, 0, 0, 0, 0, 0, 0, 0, 0, 0, 0, 0, 0, 0, 0, 0, 0, 0
16:14:41, 1997.10, 29.61, 30.74, 29.555, 0, 0, 0, 0, 0, 0, 0, 0, 0, 0, 0, 0, 0, 0, 0, 0, 0, 0, 0, 0, 0, 0, 0, 0
16:14:41, 1990.60, 29.61, 30.76, 29.547, 0, 0, 0, 0, 0, 0, 0, 0, 0, 0, 0, 0, 0, 0, 0, 0, 0, 0, 0, 0, 0, 0, 0, 0
16:14:42, 1980.30, 29.61, 30.76, 29.547, 0, 0, 0, 0, 0, 0, 0, 0, 0, 0, 0, 0, 0, 0, 0, 0, 0, 0, 0, 0, 0, 0, 0, 0
16:14:43, 1973.40, 29.61, 30.72, 29.547, 0, 0, 0, 0, 0, 0, 0, 0, 0, 0, 0, 0, 0, 0, 0, 0, 0, 0, 0, 0, 0, 0, 0, 0
16:14:43, 1969.20, 29.61, 30.78, 29.547, 0, 0, 0, 0, 0, 0, 0, 0, 0, 0, 0, 0, 0, 0, 0, 0, 0, 0, 0, 0, 0, 0, 0, 0
16:14:44, 1963.10, 29.62, 30.76, 29.555, 0, 0, 0, 0, 0, 0, 0, 0, 0, 0, 0, 0, 0, 0, 0, 0, 0, 0, 0, 0, 0, 0, 0, 0
16:14:45, 1953.40, 29.61, 30.76, 29.555, 0, 0, 0, 0, 0, 0, 0, 0, 0, 0, 0, 0, 0, 0, 0, 0, 0, 0, 0, 0, 0, 0, 0, 0
16:14:45, 1948.10, 29.61, 30.80, 29.539, 0, 0, 0, 0, 0, 0, 0, 0, 0, 0, 0, 0, 0, 0, 0, 0, 0, 0, 0, 0, 0, 0, 0, 0
16:14:46, 1944.90, 29.62, 30.78, 29.547, 0, 0, 0, 0, 0, 0, 0, 0, 0, 0, 0, 0, 0, 0, 0, 0, 0, 0, 0, 0, 0, 0, 0, 0
16:14:47, 1938.60, 29.62, 30.76, 29.547, 0, 0, 0, 0, 0, 0, 0, 0, 0, 0, 0, 0, 0, 0, 0, 0, 0, 0, 0, 0, 0, 0, 0, 0
16:14:47, 1931.50, 29.62, 30.82, 29.547, 0, 0, 0, 0, 0, 0, 0, 0, 0, 0, 0, 0, 0, 0, 0, 0, 0, 0, 0, 0, 0, 0, 0, 0
16:14:48, 1925.10, 29.62, 30.78, 29.555, 0, 0, 0, 0, 0, 0, 0, 0, 0, 0, 0, 0, 0, 0, 0, 0, 0, 0, 0, 0, 0, 0, 0, 0
16:14:49, 1920.80, 29.62, 30.76, 29.555, 0, 0, 0, 0, 0, 0, 0, 0, 0, 0, 0, 0, 0, 0, 0, 0, 0, 0, 0, 0, 0, 0, 0, 0
16:14:49, 1911.30, 29.62, 30.78, 29.547, 0, 0, 0, 0, 0, 0, 0, 0, 0, 0, 0, 0, 0, 0, 0, 0, 0, 0, 0, 0, 0, 0, 0, 0
16:14:50, 1904.10, 29.62, 30.76, 29.547, 0, 0, 0, 0, 0, 0, 0, 0, 0, 0, 0, 0, 0, 0, 0, 0, 0, 0, 0, 0, 0, 0, 0, 0
16:14:51, 1901.70, 29.62, 30.80, 29.547, 0, 0, 0, 0, 0, 0, 0, 0, 0, 0, 0, 0, 0, 0, 0, 0, 0, 0, 0, 0, 0, 0, 0, 0
16:14:51, 1896.70, 29.62, 30.78, 29.547, 0, 0, 0, 0, 0, 0, 0, 0, 0, 0, 0, 0, 0, 0, 0, 0, 0, 0, 0, 0, 0, 0, 0, 0
16:14:52, 1890.50, 29.62, 30.80, 29.555, 0, 0, 0, 0, 0, 0, 0, 0, 0, 0, 0, 0, 0, 0, 0, 0, 0, 0, 0, 0, 0, 0, 0, 0
16:14:53, 1886.50, 29.62, 30.80, 29.555, 0, 0, 0, 0, 0, 0, 0, 0, 0, 0, 0, 0, 0, 0, 0, 0, 0, 0, 0, 0, 0, 0, 0, 0
16:14:53, 1885.10, 29.62, 30.80, 29.547, 0, 0, 0, 0, 0, 0, 0, 0, 0, 0, 0, 0, 0, 0, 0, 0, 0, 0, 0, 0, 0, 0, 0, 0
16:14:54, 1871.50, 29.62, 30.76, 29.547, 0, 0, 0, 0, 0, 0, 0, 0, 0, 0, 0, 0, 0, 0, 0, 0, 0, 0, 0, 0, 0, 0, 0, 0
16:14:55, 1859.50, 29.63, 30.82, 29.547, 0, 0, 0, 0, 0, 0, 0, 0, 0, 0, 0, 0, 0, 0, 0, 0, 0, 0, 0, 0, 0, 0, 0, 0
16:14:55, 1852.80, 29.63, 30.82, 29.539, 0, 0, 0, 0, 0, 0, 0, 0, 0, 0, 0, 0, 0, 0, 0, 0, 0, 0, 0, 0, 0, 0, 0, 0
16:14:56, 1848.50, 29.63, 30.78, 29.547, 0, 0, 0, 0, 0, 0, 0, 0, 0, 0, 0, 0, 0, 0, 0, 0, 0, 0, 0, 0, 0, 0, 0, 0
16:14:57, 1843.80, 29.63, 30.76, 29.547, 0, 0, 0, 0, 0, 0, 0, 0, 0, 0, 0, 0, 0, 0, 0, 0, 0, 0, 0, 0, 0, 0, 0, 0
16:14:57, 1833.70, 29.63, 30.78, 29.539, 0, 0, 0, 0, 0, 0, 0, 0, 0, 0, 0, 0, 0, 0, 0, 0, 0, 0, 0, 0, 0, 0, 0, 0
16:14:58, 1827.20, 29.63, 30.78, 29.539, 0, 0, 0, 0, 0, 0, 0, 0, 0, 0, 0, 0, 0, 0, 0, 0, 0, 0, 0, 0, 0, 0, 0, 0
16:14:59, 1821.20, 29.63, 30.80, 29.539, 0, 0, 0, 0, 0, 0, 0, 0, 0, 0, 0, 0, 0, 0, 0, 0, 0, 0, 0, 0, 0, 0, 0, 0
16:14:59, 1817.50, 29.63, 30.80, 29.539, 0, 0, 0, 0, 0, 0, 0, 0, 0, 0, 0, 0, 0, 0, 0, 0, 0, 0, 0, 0, 0, 0, 0, 0
16:15:00, 1812.60, 29.63, 30.80, 29.539, 0, 0, 0, 0, 0, 0, 0, 0, 0, 0, 0, 0, 0, 0, 0, 0, 0, 0, 0, 0, 0, 0, 0, 0
16:15:01, 1805.10, 29.63, 30.80, 29.539, 0, 0, 0, 0, 0, 0, 0, 0, 0, 0, 0, 0, 0, 0, 0, 0, 0, 0, 0, 0, 0, 0, 0, 0
16:15:01, 1801.80, 29.63, 30.82, 29.539, 0, 0, 0, 0, 0, 0, 0, 0, 0, 0, 0, 0, 0, 0, 0, 0, 0, 0, 0, 0, 0, 0, 0, 0
16:15:02, 1799.60, 29.63, 30.82, 29.539, 0, 0, 0, 0, 0, 0, 0, 0, 0, 0, 0, 0, 0, 0, 0, 0, 0, 0, 0, 0, 0, 0, 0, 0
16:15:03, 1793.30, 29.64, 30.82, 29.539, 0, 0, 0, 0, 0, 0, 0, 0, 0, 0, 0, 0, 0, 0, 0, 0, 0, 0, 0, 0, 0, 0, 0, 0
16:15:03, 1788.30, 29.63, 30.80, 29.539, 0, 0, 0, 0, 0, 0, 0, 0, 0, 0, 0, 0, 0, 0, 0, 0, 0, 0, 0, 0, 0, 0, 0, 0
16:15:04, 1783.10, 29.64, 30.85, 29.539, 0, 0, 0, 0, 0, 0, 0, 0, 0, 0, 0, 0, 0, 0, 0, 0, 0, 0, 0, 0, 0, 0, 0, 0
16:15:05, 1778.30, 29.64, 30.80, 29.539, 0, 0, 0, 0, 0, 0, 0, 0, 0, 0, 0, 0, 0, 0, 0, 0, 0, 0, 0, 0, 0, 0, 0, 0
16:15:05, 1772.20, 29.64, 30.80, 29.539, 0, 0, 0, 0, 0, 0, 0, 0, 0, 0, 0, 0, 0, 0, 0, 0, 0, 0, 0, 0, 0, 0, 0, 0
16:15:06, 1766.20, 29.64, 30.74, 29.547, 0, 0, 0, 0, 0, 0, 0, 0, 0, 0, 0, 0, 0, 0, 0, 0, 0, 0, 0, 0, 0, 0, 0, 0
16:15:07, 1761.80, 29.64, 30.82, 29.547, 0, 0, 0, 0, 0, 0, 0, 0, 0, 0, 0, 0, 0, 0, 0, 0, 0, 0, 0, 0, 0, 0, 0, 0
16:15:07, 1757.10, 29.64, 30.78, 29.531, 0, 0, 0, 0, 0, 0, 0, 0, 0, 0, 0, 0, 0, 0, 0, 0, 0, 0, 0, 0, 0, 0, 0, 0
16:15:08, 1752.00, 29.64, 30.78, 29.539, 0, 0, 0, 0, 0, 0, 0, 0, 0, 0, 0, 0, 0, 0, 0, 0, 0, 0, 0, 0, 0, 0, 0, 0
16:15:09, 1747.80, 29.64, 30.78, 29.539, 0, 0, 0, 0, 0, 0, 0, 0, 0, 0, 0, 0, 0, 0, 0, 0, 0, 0, 0, 0, 0, 0, 0, 0
16:15:09, 1744.90, 29.64, 30.82, 29.531, 0, 0, 0, 0, 0, 0, 0, 0, 0, 0, 0, 0, 0, 0, 0, 0, 0, 0, 0, 0, 0, 0, 0, 0
16:15:10, 1742.00, 29.64, 30.80, 29.539, 0, 0, 0, 0, 0, 0, 0, 0, 0, 0, 0, 0, 0, 0, 0, 0, 0, 0, 0, 0, 0, 0, 0, 0
16:15:11, 1735.20, 29.64, 30.80, 29.539, 0, 0, 0, 0, 0, 0, 0, 0, 0, 0, 0, 0, 0, 0, 0, 0, 0, 0, 0, 0, 0, 0, 0, 0
16:15:11, 1728.00, 29.64, 30.82, 29.531, 0, 0, 0, 0, 0, 0, 0, 0, 0, 0, 0, 0, 0, 0, 0, 0, 0, 0, 0, 0, 0, 0, 0, 0
16:15:12, 1724.90, 29.64, 30.82, 29.539, 0, 0, 0, 0, 0, 0, 0, 0, 0, 0, 0, 0, 0, 0, 0, 0, 0, 0, 0, 0, 0, 0, 0, 0
16:15:13, 1721.10, 29.64, 30.82, 29.539, 0, 0, 0, 0, 0, 0, 0, 0, 0, 0, 0, 0, 0, 0, 0, 0, 0, 0, 0, 0, 0, 0, 0, 0
16:15:13, 1717.70, 29.65, 30.82, 29.531, 0, 0, 0, 0, 0, 0, 0, 0, 0, 0, 0, 0, 0, 0, 0, 0, 0, 0, 0, 0, 0, 0, 0, 0
16:15:14, 1714.60, 29.65, 30.82, 29.539, 0, 0, 0, 0, 0, 0, 0, 0, 0, 0, 0, 0, 0, 0, 0, 0, 0, 0, 0, 0, 0, 0, 0, 0
16:15:15, 1713.80, 29.65, 30.80, 29.539, 0, 0, 0, 0, 0, 0, 0, 0, 0, 0, 0, 0, 0, 0, 0, 0, 0, 0, 0, 0, 0, 0, 0, 0
16:15:15, 1707.60, 29.65, 30.82, 29.539, 0, 0, 0, 0, 0, 0, 0, 0, 0, 0, 0, 0, 0, 0, 0, 0, 0, 0, 0, 0, 0, 0, 0, 0
16:15:16, 1702.70, 29.65, 30.80, 29.539, 0, 0, 0, 0, 0, 0, 0, 0, 0, 0, 0, 0, 0, 0, 0, 0, 0, 0, 0, 0, 0, 0, 0, 0
16:15:17, 1701.20, 29.65, 30.82, 29.539, 0, 0, 0, 0, 0, 0, 0, 0, 0, 0, 0, 0, 0, 0, 0, 0, 0, 0, 0, 0, 0, 0, 0, 0
16:15:17, 1695.90, 29.65, 30.80, 29.531, 0, 0, 0, 0, 0, 0, 0, 0, 0, 0, 0, 0, 0, 0, 0, 0, 0, 0, 0, 0, 0, 0, 0, 0
16:15:18, 1689.90, 29.65, 30.82, 29.539, 0, 0, 0, 0, 0, 0, 0, 0, 0, 0, 0, 0, 0, 0, 0, 0, 0, 0, 0, 0, 0, 0, 0, 0
16:15:19, 1685.70, 29.65, 30.82, 29.539, 0, 0, 0, 0, 0, 0, 0, 0, 0, 0, 0, 0, 0, 0, 0, 0, 0, 0, 0, 0, 0, 0, 0, 0
16:15:19, 1685.40, 29.65, 30.80, 29.531, 0, 0, 0, 0, 0, 0, 0, 0, 0, 0, 0, 0, 0, 0, 0, 0, 0, 0, 0, 0, 0, 0, 0, 0
16:15:20, 1678.90, 29.65, 30.82, 29.531, 0, 0, 0, 0, 0, 0, 0, 0, 0, 0, 0, 0, 0, 0, 0, 0, 0, 0, 0, 0, 0, 0, 0, 0
16:15:21, 1672.20, 29.65, 30.80, 29.531, 0, 0, 0, 0, 0, 0, 0, 0, 0, 0, 0, 0, 0, 0, 0, 0, 0, 0, 0, 0, 0, 0, 0, 0
16:15:21, 1669.90, 29.65, 30.84, 29.539, 0, 0, 0, 0, 0, 0, 0, 0, 0, 0, 0, 0, 0, 0, 0, 0, 0, 0, 0, 0, 0, 0, 0, 0
16:15:22, 1666.60, 29.65, 30.82, 29.531, 0, 0, 0, 0, 0, 0, 0, 0, 0, 0, 0, 0, 0, 0, 0, 0, 0, 0, 0, 0, 0, 0, 0, 0
16:15:23, 1659.00, 29.65, 30.82, 29.531, 0, 0, 0, 0, 0, 0, 0, 0, 0, 0, 0, 0, 0, 0, 0, 0, 0, 0, 0, 0, 0, 0, 0, 0
16:15:23, 1654.60, 29.65, 30.82, 29.539, 0, 0, 0, 0, 0, 1, 0, 0, 0, 0, 0, 0, 0, 0, 0, 0, 0, 0, 0, 0, 0, 0, 0, 0
16:15:24, 1651.70, 29.65, 30.84, 29.539, 0, 0, 0, 0, 0, 1, 0, 0, 0, 0, 0, 0, 0, 0, 0, 0, 0, 0, 0, 0, 0, 0, 0, 0
16:15:25, 1650.50, 29.65, 30.78, 29.539, 0, 0, 0, 0, 0, 1, 0, 0, 0, 0, 0, 0, 0, 0, 0, 0, 0, 0, 0, 0, 0, 0, 0, 0
16:15:25, 1645.20, 29.65, 30.84, 29.531, 0, 0, 0, 0, 0, 1, 0, 0, 0, 0, 0, 0, 0, 0, 0, 0, 0, 0, 0, 0, 0, 0, 0, 0
16:15:26, 1639.70, 29.65, 30.80, 29.531, 0, 0, 0, 0, 0, 1, 0, 0, 0, 0, 0, 0, 0, 0, 0, 0, 0, 0, 0, 0, 0, 0, 0, 0
16:15:27, 1636.00, 29.66, 30.84, 29.531, 0, 0, 0, 0, 0, 1, 0, 0, 1, 0, 0, 0, 0, 0, 0, 0, 0, 0, 0, 0, 0, 0, 0, 0
16:15:27, 1628.50, 29.66, 30.82, 29.531, 0, 0, 0, 0, 0, 1, 0, 0, 1, 0, 0, 0, 0, 0, 0, 0, 0, 0, 0, 0, 0, 0, 0, 0
16:15:28, 1624.10, 29.66, 30.80, 29.531, 0, 0, 0, 0, 0, 1, 0, 0, 1, 0, 0, 0, 0, 0, 0, 0, 0, 0, 0, 0, 0, 0, 0, 0
16:15:29, 1618.20, 29.66, 30.80, 29.539, 0, 0, 0, 0, 0, 1, 0, 0, 1, 0, 0, 0, 0, 0, 0, 0, 0, 0, 0, 0, 0, 0, 0, 0
16:15:29, 1614.50, 29.66, 30.80, 29.531, 0, 0, 0, 0, 0, 1, 0, 0, 1, 0, 0, 0, 0, 0, 0, 0, 0, 0, 0, 0, 0, 0, 0, 0
16:15:30, 1615.20, 29.66, 30.80, 29.531, 0, 0, 0, 0, 0, 1, 0, 0, 1, 0, 0, 0, 0, 0, 0, 0, 0, 0, 0, 0, 0, 0, 0, 0
16:15:31, 1611.40, 29.66, 30.82, 29.539, 0, 0, 0, 0, 0, 1, 0, 0, 1, 0, 0, 0, 0, 0, 0, 0, 0, 0, 0, 0, 0, 0, 0, 0
16:15:31, 1606.90, 29.66, 30.82, 29.531, 0, 0, 0, 0, 0, 1, 0, 0, 1, 0, 0, 0, 0, 0, 0, 0, 0, 0, 0, 0, 0, 0, 0, 0
16:15:32, 1597.70, 29.66, 30.82, 29.531, 0, 0, 0, 0, 0, 1, 1, 0, 1, 0, 0, 0, 0, 0, 0, 0, 0, 0, 0, 0, 0, 0, 0, 0
16:15:33, 1592.90, 29.66, 30.80, 29.531, 0, 0, 0, 0, 0, 1, 1, 0, 1, 0, 0, 0, 0, 0, 0, 0, 0, 0, 0, 0, 0, 0, 0, 0
16:15:33, 1588.60, 29.66, 30.84, 29.539, 0, 0, 0, 0, 0, 1, 1, 0, 1, 0, 0, 0, 0, 0, 0, 0, 0, 0, 0, 0, 0, 0, 0, 0
16:15:34, 1584.00, 29.66, 30.84, 29.539, 0, 0, 0, 0, 0, 1, 1, 0, 1, 0, 0, 0, 0, 0, 0, 0, 0, 0, 0, 0, 0, 0, 0, 0
16:15:35, 1582.00, 29.66, 30.82, 29.539, 0, 0, 0, 0, 1, 2, 1, 1, 2, 0, 0, 0, 0, 0, 0, 0, 0, 0, 0, 0, 0, 0, 0, 0
16:15:35, 1577.50, 29.66, 30.82, 29.539, 0, 0, 0, 0, 1, 2, 1, 1, 2, 0, 0, 0, 0, 0, 0, 0, 0, 0, 0, 0, 0, 0, 0, 0
16:15:36, 1571.00, 29.66, 30.82, 29.539, 0, 0, 0, 0, 1, 2, 1, 1, 2, 0, 0, 0, 0, 0, 0, 0, 0, 0, 0, 0, 1, 0, 0, 0
16:15:37, 1566.90, 29.66, 30.82, 29.539, 0, 0, 0, 0, 1, 2, 1, 1, 2, 0, 0, 0, 0, 0, 0, 0, 0, 0, 0, 0, 1, 0, 0, 0
16:15:37, 1562.60, 29.66, 30.80, 29.539, 0, 0, 0, 0, 1, 2, 1, 1, 2, 0, 0, 0, 0, 0, 0, 0, 0, 0, 0, 0, 1, 0, 0, 0
16:15:38, 1557.40, 29.67, 30.82, 29.539, 0, 0, 0, 0, 1, 2, 2, 1, 3, 0, 0, 0, 0, 0, 0, 0, 0, 0, 0, 0, 1, 0, 0, 0
16:15:39, 1552.10, 29.66, 30.76, 29.539, 0, 0, 0, 0, 1, 2, 2, 1, 3, 1, 0, 0, 0, 0, 0, 0, 0, 0, 0, 0, 1, 0, 0, 0
16:15:39, 1547.70, 29.67, 30.82, 29.539, 0, 0, 0, 0, 1, 3, 2, 1, 3, 1, 0, 0, 0, 0, 0, 0, 0, 0, 1, 0, 1, 0, 0, 0
16:15:40, 1543.80, 29.67, 30.82, 29.539, 0, 0, 0, 0, 1, 3, 2, 1, 3, 1, 0, 0, 0, 0, 0, 0, 0, 0, 1, 0, 1, 0, 0, 0
16:15:41, 1538.20, 29.67, 30.80, 29.539, 0, 0, 0, 0, 1, 3, 2, 1, 3, 1, 0, 0, 0, 0, 0, 0, 0, 0, 1, 0, 1, 0, 0, 0
16:15:41, 1532.40, 29.67, 30.87, 29.547, 0, 0, 0, 0, 1, 3, 2, 1, 4, 1, 0, 0, 0, 0, 0, 0, 0, 0, 1, 0, 1, 0, 0, 0
16:15:42, 1525.70, 29.67, 30.84, 29.547, 0, 0, 0, 0, 1, 3, 3, 2, 4, 1, 0, 0, 0, 0, 0, 0, 0, 1, 1, 0, 2, 0, 0, 0
16:15:43, 1517.60, 29.67, 30.82, 29.547, 0, 0, 0, 0, 2, 3, 3, 2, 5, 1, 0, 0, 0, 0, 0, 0, 0, 1, 1, 0, 2, 0, 0, 0
16:15:43, 1512.40, 29.67, 30.84, 29.547, 0, 0, 0, 0, 2, 4, 3, 2, 5, 1, 0, 0, 0, 0, 0, 0, 0, 1, 1, 1, 2, 0, 0, 0
16:15:44, 1508.30, 29.67, 30.85, 29.547, 0, 0, 0, 0, 2, 4, 3, 2, 5, 1, 0, 0, 0, 0, 0, 0, 0, 1, 1, 1, 2, 0, 0, 0
16:15:45, 1505.80, 29.68, 30.80, 29.555, 0, 0, 0, 0, 2, 4, 4, 2, 6, 1, 0, 0, 0, 0, 0, 0, 0, 1, 1, 1, 2, 0, 0, 0
16:15:45, 1502.50, 29.67, 30.84, 29.562, 0, 0, 0, 0, 2, 4, 4, 2, 6, 1, 0, 0, 0, 0, 0, 0, 0, 1, 1, 1, 2, 0, 0, 0
16:15:46, 1497.00, 29.68, 30.78, 29.562, 0, 0, 0, 0, 2, 4, 4, 3, 6, 1, 0, 0, 0, 0, 0, 0, 0, 1, 1, 1, 2, 0, 0, 0
16:15:47, 1490.30, 29.68, 30.82, 29.555, 0, 0, 0, 0, 3, 5, 4, 3, 7, 1, 0, 0, 0, 0, 0, 0, 0, 1, 2, 1, 2, 0, 0, 0
16:15:47, 1483.40, 29.68, 30.82, 29.570, 0, 0, 0, 0, 3, 5, 5, 3, 8, 1, 0, 0, 0, 0, 0, 0, 1, 2, 2, 1, 3, 0, 0, 0
16:15:48, 1477.90, 29.68, 30.84, 29.570, 0, 0, 0, 0, 3, 6, 5, 4, 9, 1, 0, 0, 0, 0, 0, 0, 1, 2, 2, 1, 3, 0, 0, 0
16:15:49, 1470.00, 29.68, 30.82, 29.570, 0, 0, 0, 0, 3, 6, 6, 4, 9, 1, 0, 0, 0, 0, 0, 0, 1, 2, 2, 1, 4, 0, 0, 0
16:15:49, 1464.50, 29.68, 30.85, 29.578, 0, 0, 0, 0, 4, 7, 7, 5, 11, 1, 0, 0, 0, 0, 0, 0, 1, 2, 2, 1, 4, 0, 0, 0
16:15:50, 1458.80, 29.68, 30.84, 29.578, 0, 0, 0, 1, 4, 7, 7, 5, 11, 1, 0, 0, 0, 0, 0, 0, 1, 2, 3, 1, 4, 0, 0, 0
16:15:51, 1451.90, 29.69, 30.85, 29.586, 0, 1, 0, 1, 5, 8, 8, 5, 12, 1, 0, 0, 0, 0, 0, 0, 1, 3, 3, 2, 5, 0, 0, 0
16:15:51, 1444.10, 29.69, 30.84, 29.602, 0, 1, 0, 1, 5, 8, 9, 6, 13, 1, 0, 0, 0, 0, 0, 0, 2, 3, 3, 2, 5, 0, 0, 0
16:15:52, 1434.30, 29.69, 30.85, 29.602, 0, 1, 0, 1, 6, 9, 10, 7, 15, 1, 0, 0, 0, 0, 0, 0, 2, 4, 4, 2, 6, 0, 0, 0
16:15:53, 1428.30, 29.69, 30.84, 29.602, 0, 1, 1, 1, 7, 11, 11, 8, 17, 2, 0, 0, 0, 0, 0, 0, 2, 4, 4, 3, 6, 0, 0, 0
16:15:53, 1422.00, 29.69, 30.84, 29.609, 0, 1, 0, 1, 7, 12, 12, 9, 19, 2, 0, 0, 0, 0, 0, 0, 3, 5, 5, 3, 7, 0, 0, 0
16:15:54, 1413.40, 29.70, 30.84, 29.609, 0, 1, 0, 2, 8, 13, 14, 10, 21, 2, 0, 0, 0, 0, 0, 0, 3, 5, 6, 3, 8, 0, 0, 0
16:15:55, 1404.40, 29.70, 30.80, 29.617, 0, 1, 0, 2, 10, 15, 16, 11, 24, 2, 0, 0, 0, 0, 0, 1, 4, 6, 6, 4, 10, 0, 0, 0
16:15:55, 1394.20, 29.70, 30.85, 29.625, 0, 1, 0, 2, 11, 17, 18, 13, 28, 2, 0, 0, 0, 0, 0, 1, 5, 7, 8, 5, 11, 0, 0, 0
16:15:56, 1384.40, 29.70, 30.82, 29.625, 1, 1, 1, 3, 13, 20, 21, 15, 33, 3, 0, 0, 0, 0, 0, 1, 5, 9, 9, 5, 13, 0, 0, 0
16:15:57, 1368.20, 29.70, 30.82, 29.617, 1, 1, 1, 4, 16, 24, 26, 19, 39, 3, 0, 0, 0, 0, 0, 1, 7, 11, 12, 7, 17, 1, 0, 0
16:15:57, 1359.20, 29.71, 30.82, 29.625, 1, 1, 1, 5, 20, 29, 32, 23, 48, 4, 0, 0, 0, 0, 0, 2, 8, 13, 13, 8, 20, 1, 0, 0
16:15:58, 1349.90, 29.71, 30.84, 29.625, 1, 2, 2, 5, 22, 33, 36, 27, 56, 4, 0, 0, 0, 0, 0, 2, 10, 15, 15, 9, 23, 1, 0, 0
16:15:59, 1337.60, 29.71, 30.82, 29.602, 2, 2, 2, 6, 25, 36, 40, 30, 61, 5, 0, 0, 0, 0, 1, 2, 12, 18, 18, 12, 27, 2, 0, 0
16:15:59, 1331.70, 29.71, 30.82, 29.602, 2, 2, 2, 8, 30, 43, 48, 36, 73, 6, 0, 0, 0, 0, 1, 3, 13, 19, 20, 12, 29, 2, 0, 0
16:16:00, 1322.90, 29.71, 30.82, 29.602, 2, 2, 3, 8, 33, 47, 52, 40, 79, 6, 0, 0, 0, 0, 1, 3, 15, 22, 23, 14, 33, 2, 0, 0
16:16:01, 1309.50, 29.71, 30.84, 29.594, 2, 2, 3, 10, 37, 53, 58, 45, 91, 7, 0, 0, 1, 0, 1, 4, 19, 28, 28, 18, 43, 3, 0, 0
16:16:01, 1303.20, 29.71, 30.84, 29.602, 3, 3, 4, 13, 47, 65, 73, 57, 119, 9, 0, 0, 1, 0, 1, 5, 20, 30, 31, 20, 47, 3, 0, 0
16:16:02, 1290.40, 29.72, 30.80, 29.602, 3, 3, 5, 15, 51, 71, 79, 62, 133, 10, 0, 0, 1, 1, 2, 6, 26, 37, 38, 25, 60, 4, 0, 0
16:16:03, 1280.30, 29.72, 30.82, 29.594, 4, 4, 6, 18, 60, 82, 92, 73, 152, 11, 0, 0, 1, 1, 2, 7, 30, 43, 43, 29, 67, 5, 0, 0
16:16:03, 1271.60, 29.72, 30.85, 29.594, 5, 5, 7, 22, 72, 98, 110, 89, 181, 13, 0, 0, 2, 1, 2, 8, 33, 48, 49, 33, 76, 5, 0, 0
16:16:04, 1263.60, 29.72, 30.82, 29.594, 6, 5, 9, 27, 81, 109, 123, 100, 201, 15, 0, 0, 2, 1, 3, 10, 38, 53, 55, 37, 84, 6, 0, 0
16:16:05, 1255.10, 29.72, 30.85, 29.594, 7, 6, 11, 32, 90, 121, 136, 112, 212, 15, 0, 0, 2, 2, 4, 11, 44, 61, 63, 43, 94, 7, 0, 0
16:16:05, 1248.20, 29.72, 30.82, 29.594, 8, 7, 13, 37, 106, 141, 160, 133, 256, 18, 0, 0, 3, 2, 4, 13, 49, 68, 69, 47, 106, 8, 0, 0
16:16:06, 1240.40, 29.73, 30.84, 29.594, 8, 8, 14, 40, 112, 148, 168, 141, 280, 20, 0, 0, 3, 2, 5, 14, 54, 74, 76, 52, 120, 9, 0, 0
16:16:07, 1230.00, 29.73, 30.85, 29.594, 9, 9, 16, 45, 126, 165, 186, 158, 311, 22, 0, 0, 4, 3, 6, 18, 65, 88, 90, 63, 141, 11, 0, 0
16:16:07, 1222.40, 29.73, 30.84, 29.602, 11, 10, 20, 56, 146, 190, 216, 184, 358, 25, 0, 0, 4, 3, 6, 20, 71, 96, 98, 68, 153, 12, 0, 0
16:16:08, 1213.40, 29.73, 30.85, 29.602, 12, 11, 23, 62, 166, 214, 244, 210, 410, 29, 0, 0, 5, 4, 8, 23, 81, 109, 112, 78, 176, 14, 0, 0
16:16:09, 1202.70, 29.73, 30.84, 29.602, 14, 13, 27, 75, 186, 237, 270, 236, 459, 32, 0, 0, 6, 5, 9, 28, 96, 127, 131, 93, 207, 17, 0, 0
16:16:09, 1196.70, 29.73, 30.87, 29.609, 16, 16, 34, 91, 224, 281, 322, 284, 536, 38, 0, 0, 7, 5, 11, 32, 103, 135, 139, 99, 218, 17, 0, 0
16:16:10, 1186.80, 29.73, 30.82, 29.609, 19, 19, 41, 109, 238, 297, 341, 303, 565, 39, 0, 0, 8, 6, 12, 37, 121, 158, 164, 117, 255, 20, 0, 0
16:16:11, 1178.50, 29.74, 30.84, 29.609, 20, 20, 44, 112, 253, 313, 360, 324, 626, 44, 0, 0, 10, 8, 16, 47, 138, 179, 185, 134, 296, 24, 0, 0
16:16:11, 1177.70, 29.74, 30.84, 29.617, 25, 27, 61, 153, 332, 406, 469, 424, 849, 59, 0, 0, 9, 7, 15, 44, 134, 174, 179, 129, 291, 23, 0, 0
16:16:12, 1175.00, 29.74, 30.87, 29.617, 24, 25, 56, 140, 298, 365, 421, 382, 748, 52, 0, 0, 10, 8, 16, 47, 143, 184, 190, 137, 304, 25, 0, 0
16:16:13, 1168.40, 29.74, 30.84, 29.617, 24, 25, 57, 142, 279, 342, 393, 358, 663, 47, 0, 0, 11, 9, 18, 54, 159, 204, 211, 152, 330, 27, 0, 0
16:16:13, 1164.70, 29.74, 30.85, 29.633, 24, 26, 59, 145, 323, 392, 453, 415, 748, 52, 0, 0, 11, 9, 18, 53, 157, 201, 207, 150, 326, 26, 0, 0
16:16:14, 1156.80, 29.74, 30.84, 29.633, 26, 29, 66, 159, 352, 423, 491, 451, 801, 55, 0, 0, 11, 9, 20, 58, 175, 222, 229, 167, 359, 29, 0, 0
16:16:15, 1146.60, 29.75, 30.84, 29.633, 30, 35, 81, 188, 389, 463, 538, 502, 855, 59, 0, 0, 14, 12, 26, 73, 204, 255, 263, 194, 416, 34, 0, 0
16:16:15, 1138.50, 29.75, 30.84, 29.633, 37, 45, 106, 239, 456, 537, 624, 583, 1063, 74, 0, 0, 16, 13, 30, 83, 234, 290, 301, 223, 480, 39, 0, 0
16:16:16, 1126.90, 29.75, 30.84, 29.633, 40, 49, 114, 249, 477, 555, 643, 611, 1209, 85, 0, 0, 19, 16, 37, 102, 272, 334, 346, 260, 587, 48, 0, 0
16:16:17, 1114.20, 29.75, 30.84, 29.625, 49, 64, 148, 309, 576, 659, 761, 734, 1595, 113, 0, 0, 23, 21, 49, 129, 324, 393, 408, 311, 707, 57, 0, 0
16:16:17, 1109.70, 29.75, 30.82, 29.641, 63, 90, 208, 409, 697, 785, 908, 881, 2018, 143, 0, 0, 24, 23, 54, 140, 331, 399, 414, 317, 738, 59, 0, 0
16:16:18, 1103.30, 29.75, 30.85, 29.641, 66, 96, 223, 432, 671, 750, 869, 844, 2101, 152, 0, 0, 26, 25, 60, 153, 368, 441, 458, 354, 845, 68, 0, 0
16:16:19, 1091.20, 29.76, 30.80, 29.687, 69, 106, 237, 439, 749, 823, 955, 938, 2508, 186, 0, 0, 31, 31, 75, 185, 428, 505, 525, 411, 1008, 81, 0, 0
16:16:19, 1084.60, 29.76, 30.84, 29.719, 91, 148, 323, 568, 902, 985, 1136, 1127, 2954, 217, 0, 0, 33, 33, 81, 197, 445, 521, 542, 425, 1022, 82, 0, 0
16:16:20, 1078.60, 29.76, 30.84, 29.719, 112, 189, 402, 678, 1038, 1124, 1295, 1294, 3442, 256, 0, 0, 36, 38, 94, 224, 492, 571, 595, 470, 1140, 92, 0, 0
16:16:21, 1070.60, 29.77, 30.84, 29.773, 140, 242, 502, 821, 1237, 1328, 1530, 1541, 4361, 335, 0, 0, 43, 48, 118, 269, 576, 662, 690, 553, 1388, 112, 0, 0
16:16:21, 1059.30, 29.77, 30.84, 29.836, 188, 336, 668, 1038, 1521, 1620, 1856, 1899, 5677, 455, 0, 0, 52, 62, 150, 330, 677, 766, 800, 650, 1667, 135, 0, 0
16:16:22, 1049.70, 29.77, 30.84, 29.836, 295, 539, 998, 1459, 2006, 2130, 2411, 2515, 7925, 688, 0, 0, 64, 82, 194, 407, 789, 881, 922, 759, 2010, 164, 0, 0
16:16:23, 1038.90, 29.78, 30.87, 29.859, 408, 753, 1316, 1841, 2432, 2583, 2909, 3070, 10281, 971, 0, 0, 78, 106, 246, 490, 911, 1003, 1049, 877, 2409, 199, 0, 0
16:16:23, 1030.90, 29.78, 30.85, 29.922, 663, 1213, 1943, 2575, 3174, 3379, 3819, 4057, 14013, 1486, 0, 0, 96, 138, 308, 584, 1035, 1126, 1174, 997, 2798, 235, 0, 0
16:16:24, 1022.90, 29.79, 30.85, 29.922, 919, 1673, 2514, 3207, 3868, 3995, 4716, 4871, 18125, 2314, 0, 0, 116, 174, 372, 675, 1160, 1245, 1296, 1117, 3136, 269, 0, 0
16:16:25, 1019.50, 29.79, 30.84, 30.000, 1245, 2216, 3140, 3887, 4470, 4514, 5372, 5487, 21662, 3492, 0, 0, 129, 196, 412, 730, 1200, 1282, 1335, 1153, 3103, 267, 0, 0
16:16:25, 1019.30, 29.80, 30.85, 30.094, 1404, 2418, 3437, 4028, 4538, 4509, 5274, 5576, 21210, 3830, 0, 0, 122, 183, 387, 691, 1179, 1258, 1314, 1127, 2831, 241, 0, 0
16:16:26, 1017.30, 29.81, 30.84, 30.094, 1471, 2367, 3352, 3938, 4475, 4607, 5237, 5454, 21933, 4180, 0, 0, 121, 182, 382, 678, 1135, 1208, 1265, 1077, 2523, 216, 0, 0
16:16:27, 1022.00, 29.81, 30.84, 30.172, 1411, 2261, 3231, 3905, 4107, 4224, 4773, 4973, 16341, 2789, 0, 0, 107, 159, 342, 623, 1048, 1124, 1177, 991, 2213, 186, 0, 0
16:16:27, 1015.00, 29.82, 30.82, 30.227, 1180, 1944, 2860, 3465, 4021, 4280, 4667, 4987, 15595, 2323, 0, 0, 108, 160, 345, 628, 1092, 1166, 1222, 1036, 2331, 200, 0, 0
16:16:28, 1011.90, 29.83, 30.87, 30.227, 1961, 3110, 4296, 4983, 5876, 6158, 6706, 7404, 27897, 7630, 0, 0, 1031, 1637, 2366, 3095, 4175, 4160, 4754, 4616, 9894, 2020, 0, 0
16:16:29, 1011.60, 29.84, 30.84, 30.359, 2476, 3971, 5470, 6559, 6394, 7511, 8748, 8660, 32081, 8271, 0, 0, 2139, 3581, 5036, 6411, 15469, 15448, 18328, 19131, 36000, 28067, 1, 1
16:16:29, 1011.50, 29.85, 30.85, 30.352, 1199, 1856, 2423, 3256, 2744, 2973, 3611, 3449, 12210, 3606, 0, 0, 7192, 12062, 16916, 21338, 26251, 27033, 31376, 32176, 36000, 33753, 1, 1
