Secchi Depth (cm) = 9999
Forel Ule Scale = 99
pH Colour Scale = 99
SensingSecchi S/N = A017
Latitude (degs N) = 34.31649
Longitude (degs E) = -77.95383
Date = 2026-07-16
Time (UTC), Pressure (mbar) MS5803, Temp (deg C) MS5803, Temp (deg C) 10KTHERM, Temp (deg C) TMP117, ED 415nm, ED 445nm, ED 480nm, ED 515nm, ED 555nm, ED 590nm, ED 630nm, ED 680nm, ED Clear, ED NIR, ED D-SAT, ED A-SAT, EU 415nm, EU 445nm, EU 480nm, EU 515nm, EU 555nm, EU 590nm, EU 630nm, EU 680nm, EU Clear, EU NIR, EU D-SAT, EU A-SAT
17:36:30, 1009.90, 28.52, 31.81, 29.922, 3125, 4383, 6000, 7437, 7975, 8870, 9789, 10381, 36000, 14515, 1, 1, 10139, 13273, 17028, 19888, 22026, 24049, 35318, 36000, 36000, 36000, 1, 1
17:36:30, 1009.80, 28.53, 31.77, 29.922, 3018, 4250, 5873, 7440, 7756, 8526, 9578, 9860, 36000, 13946, 1, 1, 9927, 13081, 16806, 19818, 22228, 24295, 36000, 36000, 36000, 36000, 1, 1
17:36:31, 1009.70, 28.53, 31.77, 30.023, 3102, 4344, 5988, 7438, 8183, 8811, 10036, 10419, 36000, 14201, 1, 1, 10249, 13523, 17484, 20452, 22966, 25779, 36000, 36000, 36000, 36000, 1, 1
17:36:32, 1009.80, 28.54, 31.79, 30.125, 3582, 4619, 6533, 8174, 8718, 11494, 11223, 11531, 36000, 14539, 1, 1, 8862, 12559, 16151, 20178, 24137, 27547, 32692, 36000, 36000, 36000, 1, 1
17:36:32, 1009.70, 28.55, 31.75, 30.125, 9266, 16123, 23751, 24842, 26630, 23793, 26610, 33754, 26548, 10361, 0, 1, 7471, 10919, 15181, 19582, 28536, 31525, 33507, 34845, 36000, 29583, 1, 1
17:36:33, 1009.60, 28.56, 31.81, 30.070, 7697, 12035, 17663, 18566, 31356, 33527, 31963, 36000, 35845, 20868, 1, 1, 3964, 7312, 10379, 13804, 14505, 17405, 19395, 22648, 30931, 12357, 0, 0
17:36:34, 1009.60, 28.56, 31.75, 29.969, 14642, 18137, 26297, 32872, 35995, 28421, 31121, 36000, 36000, 33931, 1, 1, 1663, 2564, 3900, 5053, 4403, 4766, 5777, 6181, 12141, 2039, 0, 0
17:36:34, 1013.20, 28.57, 31.79, 29.969, 19746, 16652, 20411, 34110, 35333, 35418, 36000, 36000, 36000, 36000, 1, 1, 356, 483, 968, 1721, 2927, 3461, 4456, 4708, 8543, 964, 0, 0
17:36:35, 1016.00, 28.61, 31.75, 29.945, 9971, 17778, 36000, 30769, 33284, 32639, 36000, 36000, 36000, 36000, 1, 1, 335, 445, 899, 1623, 2788, 3319, 4289, 4533, 7939, 865, 0, 0
17:36:36, 1017.40, 28.64, 31.77, 30.000, 9795, 11517, 15831, 22268, 31075, 35582, 34864, 33485, 36000, 31912, 1, 1, 318, 417, 849, 1553, 2778, 3315, 4300, 4544, 7474, 778, 0, 0
17:36:36, 1019.20, 28.70, 31.75, 30.000, 7422, 13477, 29685, 22056, 30212, 32367, 34676, 35916, 35997, 12445, 0, 1, 304, 391, 800, 1464, 2546, 3048, 3956, 4204, 7590, 812, 0, 0
17:36:37, 1019.30, 28.76, 31.77, 30.039, 8275, 13994, 14653, 21779, 6297, 6422, 7216, 7889, 16460, 2588, 0, 0, 305, 388, 801, 1487, 2629, 3149, 4117, 4345, 7554, 768, 0, 0
17:36:38, 1019.30, 28.81, 31.81, 30.078, 5411, 12155, 15711, 25882, 22064, 20370, 29683, 35936, 23377, 4589, 0, 1, 327, 421, 868, 1597, 2756, 3289, 4299, 4526, 8499, 886, 0, 0
17:36:38, 1022.00, 28.88, 31.75, 30.078, 6684, 13853, 20728, 22493, 32912, 32654, 35932, 36000, 36000, 19983, 1, 1, 312, 404, 827, 1523, 2624, 3146, 4118, 4347, 8548, 889, 0, 0
17:36:39, 1021.40, 28.95, 31.77, 30.094, 12839, 23498, 30180, 33376, 35287, 33645, 36000, 36000, 36000, 14431, 1, 1, 307, 398, 817, 1513, 2644, 3169, 4145, 4370, 8513, 884, 0, 0
17:36:40, 1019.80, 29.00, 31.77, 30.109, 4856, 10141, 12568, 15569, 18031, 17406, 21474, 26814, 36000, 6444, 1, 1, 314, 409, 841, 1545, 2708, 3233, 4231, 4450, 8443, 876, 0, 0
17:36:40, 1019.30, 29.03, 31.75, 30.109, 5816, 12242, 16367, 21711, 31840, 32255, 35942, 36000, 36000, 9696, 1, 1, 307, 398, 816, 1497, 2600, 3102, 4059, 4264, 7986, 833, 0, 0
17:36:41, 1023.80, 29.05, 31.77, 30.117, 6877, 14287, 21734, 24519, 29585, 28764, 36000, 35898, 36000, 10701, 1, 1, 290, 370, 761, 1409, 2389, 2864, 3745, 3951, 7614, 792, 0, 0
17:36:42, 1022.10, 29.08, 31.79, 30.125, 6110, 13270, 19354, 25280, 21385, 20364, 29403, 33700, 21399, 3620, 0, 1, 278, 348, 724, 1362, 2398, 2880, 3779, 3972, 7158, 727, 0, 0
17:36:42, 1019.60, 29.11, 31.75, 30.125, 5076, 11921, 16825, 28721, 22261, 20312, 31739, 34882, 22409, 4233, 0, 1, 289, 369, 762, 1408, 2425, 2897, 3786, 3986, 7365, 768, 0, 0
17:36:43, 1024.00, 29.14, 31.71, 30.125, 6189, 12449, 19411, 26693, 26684, 27043, 31996, 32371, 33357, 9998, 0, 1, 266, 340, 699, 1294, 2219, 2664, 3474, 3669, 7032, 733, 0, 0
17:36:44, 1024.60, 29.17, 31.73, 30.133, 2913, 6314, 9647, 13649, 12226, 12466, 16993, 17224, 20125, 2968, 0, 0, 247, 306, 637, 1207, 2191, 2644, 3468, 3649, 6632, 672, 0, 0
17:36:44, 1022.80, 29.19, 31.75, 30.133, 4684, 9854, 15641, 24343, 25540, 25179, 36000, 35943, 26062, 4528, 1, 1, 272, 342, 710, 1328, 2340, 2811, 3683, 3873, 7160, 736, 0, 0
17:36:45, 1023.40, 29.21, 31.75, 30.133, 5376, 11416, 17577, 20992, 25627, 25834, 33109, 34224, 31695, 5919, 0, 1, 271, 342, 709, 1328, 2279, 2739, 3597, 3775, 6992, 719, 0, 0
17:36:46, 1022.50, 29.23, 31.71, 30.141, 6165, 12078, 19145, 24872, 25956, 26705, 33794, 32433, 36000, 10425, 1, 1, 247, 310, 643, 1213, 2212, 2661, 3506, 3667, 6694, 679, 0, 0
17:36:46, 1017.90, 29.24, 31.71, 30.141, 4930, 9732, 13086, 19583, 27145, 23590, 35739, 35996, 27483, 5407, 0, 1, 274, 355, 726, 1339, 2360, 2811, 3685, 3852, 7378, 779, 0, 0
17:36:47, 1018.50, 29.25, 31.77, 30.148, 6409, 14167, 19810, 23400, 32415, 31315, 36000, 35926, 36000, 13687, 1, 1, 275, 362, 738, 1347, 2265, 2696, 3520, 3682, 7357, 786, 0, 0
17:36:48, 1021.40, 29.27, 31.73, 30.148, 6953, 14419, 20434, 24086, 30089, 29925, 35731, 35149, 36000, 17726, 1, 1, 268, 350, 716, 1317, 2294, 2740, 3581, 3750, 7448, 781, 0, 0
17:36:48, 1019.30, 29.28, 31.75, 30.148, 6354, 12902, 18610, 21620, 30797, 30297, 34744, 36000, 36000, 10664, 1, 1, 280, 364, 746, 1375, 2450, 2917, 3810, 3994, 7932, 836, 0, 0
17:36:49, 1014.80, 29.29, 31.75, 30.141, 6484, 13967, 20419, 23806, 34811, 32625, 36000, 36000, 36000, 15133, 1, 1, 315, 421, 852, 1537, 2624, 3100, 4031, 4221, 8430, 912, 0, 0
17:36:50, 1015.20, 29.30, 31.75, 30.156, 9021, 18451, 26266, 26646, 31321, 30542, 33185, 33428, 34839, 18695, 0, 1, 332, 444, 899, 1616, 2709, 3201, 4159, 4356, 8679, 938, 0, 0
17:36:50, 1015.90, 29.31, 31.75, 30.156, 7742, 15095, 22115, 24484, 33200, 32106, 34107, 34560, 36000, 23886, 1, 1, 350, 469, 948, 1705, 2828, 3348, 4346, 4562, 9116, 979, 0, 0
17:36:51, 1015.90, 29.32, 31.73, 30.148, 7385, 14716, 20837, 24103, 34817, 31683, 35999, 36000, 36000, 27914, 1, 1, 362, 489, 986, 1766, 2853, 3377, 4380, 4602, 9286, 1006, 0, 0
17:36:52, 1018.80, 29.34, 31.73, 30.148, 7463, 15487, 20247, 26358, 35350, 35101, 36000, 36000, 36000, 19076, 1, 1, 322, 425, 865, 1564, 2569, 3046, 3961, 4166, 8168, 876, 0, 0
17:36:52, 1017.20, 29.35, 31.73, 30.148, 6360, 13591, 20110, 23608, 27048, 27189, 34357, 36000, 36000, 7407, 1, 1, 310, 400, 823, 1512, 2639, 3138, 4085, 4293, 8108, 856, 0, 0
17:36:53, 1015.10, 29.37, 31.73, 30.148, 7002, 15748, 20510, 25244, 32745, 33692, 36000, 36000, 36000, 11739, 1, 1, 345, 456, 925, 1661, 2795, 3309, 4289, 4511, 8530, 923, 0, 0
17:36:54, 1018.90, 29.38, 31.75, 30.148, 7244, 14444, 21172, 29800, 31651, 31969, 35663, 34927, 36000, 34395, 1, 1, 316, 411, 840, 1531, 2605, 3104, 4031, 4244, 7935, 843, 0, 0
17:36:54, 1017.90, 29.39, 31.75, 30.148, 6316, 12512, 17799, 23303, 29938, 31387, 36000, 35990, 35999, 8231, 1, 1, 309, 397, 815, 1496, 2621, 3128, 4058, 4275, 7761, 817, 0, 0
17:36:55, 1017.10, 29.40, 31.75, 30.148, 6446, 13072, 19518, 29695, 30669, 30729, 36000, 35880, 36000, 9548, 1, 1, 315, 407, 833, 1524, 2608, 3111, 4028, 4245, 7660, 810, 0, 0
17:36:56, 1015.20, 29.41, 31.75, 30.148, 1908, 3200, 4598, 5140, 5650, 5606, 6219, 6500, 14723, 2914, 0, 0, 315, 407, 832, 1517, 2581, 3072, 3968, 4176, 7469, 800, 0, 0
17:36:56, 1020.20, 29.43, 31.73, 30.148, 12639, 16841, 20353, 32067, 35518, 35903, 35986, 35908, 36000, 33568, 1, 1, 281, 362, 742, 1361, 2387, 2859, 3692, 3890, 6807, 715, 0, 0
17:36:57, 1017.40, 29.44, 31.73, 30.148, 9282, 13014, 17677, 27747, 34853, 36000, 36000, 35119, 36000, 13675, 1, 1, 291, 374, 769, 1417, 2489, 2981, 3843, 4051, 6912, 726, 0, 0
17:36:58, 1018.80, 29.45, 31.73, 30.148, 11430, 14978, 20192, 29916, 35186, 35421, 34972, 35042, 24179, 6175, 0, 1, 291, 371, 767, 1422, 2394, 2879, 3713, 3907, 6430, 661, 0, 0
17:36:58, 1020.70, 29.46, 31.75, 30.148, 11148, 13985, 16139, 30538, 33586, 35341, 35789, 33986, 34953, 9607, 0, 1, 258, 322, 670, 1259, 2174, 2630, 3399, 3569, 5632, 558, 0, 0
17:36:59, 1020.90, 29.47, 31.75, 30.156, 8784, 11670, 13372, 26104, 30572, 33834, 34316, 31855, 35562, 11365, 0, 1, 230, 284, 593, 1129, 1951, 2372, 3083, 3219, 4883, 464, 0, 0
17:37:00, 1021.20, 29.48, 31.75, 30.156, 956, 1772, 2606, 3095, 3537, 3383, 3908, 4113, 8022, 1071, 0, 0, 209, 259, 537, 1029, 1817, 2210, 2888, 3005, 4541, 444, 0, 0
17:37:00, 1019.50, 29.49, 31.73, 30.156, 1033, 1944, 2838, 3356, 3979, 3745, 4347, 4607, 9268, 1299, 0, 0, 219, 273, 566, 1077, 1971, 2393, 3112, 3245, 4880, 467, 0, 0
17:37:01, 1022.60, 29.49, 31.75, 30.164, 1315, 2393, 3504, 4406, 31696, 32769, 34513, 34667, 30581, 10047, 0, 1, 237, 290, 607, 1156, 2062, 2509, 3255, 3411, 5247, 503, 0, 0
17:37:02, 1024.10, 29.49, 31.75, 30.164, 6282, 10093, 16059, 22817, 26945, 29395, 30528, 30927, 31914, 9615, 0, 0, 231, 280, 587, 1127, 2051, 2497, 3246, 3405, 5261, 508, 0, 0
17:37:02, 1024.20, 29.50, 31.71, 30.180, 6976, 10674, 16074, 24350, 29467, 30721, 34488, 34307, 30204, 7461, 0, 1, 242, 296, 620, 1182, 2127, 2586, 3362, 3531, 5686, 558, 0, 0
17:37:03, 1022.50, 29.51, 31.75, 30.180, 6180, 9570, 15091, 22196, 31516, 31339, 32230, 32628, 27846, 6247, 0, 1, 250, 308, 644, 1222, 2212, 2677, 3479, 3653, 5991, 595, 0, 0
17:37:04, 1026.20, 29.52, 31.71, 30.180, 2888, 5767, 8586, 11008, 23980, 23383, 31722, 31048, 35916, 6797, 0, 1, 265, 330, 686, 1295, 2268, 2747, 3572, 3765, 6745, 677, 0, 0
17:37:04, 1030.50, 29.52, 31.71, 30.187, 2788, 5526, 9061, 12467, 14667, 15595, 24851, 23552, 25044, 3620, 0, 0, 233, 280, 587, 1138, 2080, 2546, 3339, 3517, 6091, 591, 0, 0
17:37:05, 1028.80, 29.54, 31.73, 30.195, 3629, 7221, 12297, 17960, 21914, 23410, 36000, 34615, 36000, 5990, 1, 1, 240, 289, 608, 1174, 2189, 2668, 3498, 3677, 6484, 636, 0, 0
17:37:06, 1028.40, 29.55, 31.71, 30.195, 3849, 8263, 13104, 16541, 23734, 24183, 35333, 34964, 36000, 6001, 1, 1, 253, 308, 646, 1242, 2287, 2780, 3642, 3827, 6874, 678, 0, 0
17:37:06, 1029.50, 29.55, 31.75, 30.187, 4175, 9104, 14199, 18332, 22601, 22813, 30340, 33860, 35999, 5369, 0, 1, 251, 306, 641, 1237, 2248, 2737, 3593, 3773, 6814, 669, 0, 0
17:37:07, 1027.70, 29.56, 31.70, 30.195, 3529, 7535, 11930, 15538, 24449, 24707, 32114, 34941, 36000, 5587, 1, 1, 249, 303, 636, 1226, 2266, 2753, 3617, 3796, 6916, 680, 0, 0
17:37:08, 1023.10, 29.57, 31.70, 30.195, 4419, 9472, 15036, 18367, 27208, 26761, 33101, 35112, 36000, 7837, 1, 1, 268, 337, 700, 1320, 2380, 2863, 3751, 3935, 7356, 746, 0, 0
17:37:08, 1024.90, 29.58, 31.71, 30.187, 5066, 10560, 16638, 18999, 27256, 28055, 34682, 36000, 36000, 10842, 1, 1, 267, 339, 701, 1317, 2309, 2783, 3652, 3836, 7225, 734, 0, 0
17:37:09, 1027.90, 29.58, 31.71, 30.187, 4451, 9203, 14529, 17682, 26136, 26464, 34480, 35098, 36000, 7921, 1, 1, 236, 289, 603, 1158, 2091, 2543, 3351, 3522, 6411, 638, 0, 0
17:37:10, 1022.70, 29.59, 31.70, 30.187, 4817, 9357, 16102, 21236, 26182, 28660, 36000, 35893, 36000, 12665, 1, 1, 256, 322, 666, 1253, 2293, 2757, 3604, 3799, 7053, 725, 0, 0
17:37:10, 1022.20, 29.61, 31.73, 30.195, 6990, 13244, 19771, 22995, 31291, 31400, 36000, 36000, 36000, 11905, 1, 1, 309, 396, 817, 1519, 2733, 3277, 4270, 4488, 8487, 870, 0, 0
17:37:11, 1025.20, 29.63, 31.71, 30.203, 4674, 9690, 14704, 16314, 25062, 22371, 28720, 33262, 36000, 8013, 1, 1, 310, 393, 817, 1535, 2701, 3252, 4246, 4458, 8383, 840, 0, 0
17:37:12, 1027.10, 29.64, 31.75, 30.203, 4317, 9111, 14395, 15254, 24237, 21128, 25236, 34443, 36000, 11397, 1, 1, 306, 386, 804, 1519, 2678, 3232, 4227, 4439, 8429, 837, 0, 0
17:37:12, 1027.80, 29.65, 31.71, 30.195, 4135, 8681, 13871, 16053, 22406, 21437, 26735, 33631, 36000, 11776, 1, 1, 294, 366, 766, 1462, 2602, 3151, 4129, 4334, 8195, 805, 0, 0
17:37:13, 1025.20, 29.66, 31.77, 30.180, 4773, 10331, 16051, 19882, 20805, 20507, 24353, 28798, 36000, 10793, 1, 1, 295, 372, 774, 1471, 2690, 3243, 4243, 4447, 8445, 834, 0, 0
17:37:14, 1023.80, 29.67, 31.75, 30.180, 5661, 11766, 16689, 20284, 29049, 28345, 33630, 34852, 36000, 18995, 1, 1, 310, 401, 828, 1540, 2703, 3243, 4228, 4438, 8821, 892, 0, 0
17:37:14, 1025.90, 29.68, 31.75, 30.172, 5854, 11000, 15456, 18210, 24193, 23343, 27358, 30017, 36000, 15187, 1, 1, 296, 376, 782, 1476, 2580, 3113, 4069, 4268, 8224, 813, 0, 0
17:37:15, 1021.10, 29.69, 31.75, 30.172, 4671, 9482, 15360, 18722, 28924, 28189, 31828, 33115, 36000, 12827, 1, 1, 317, 410, 848, 1577, 2801, 3349, 4355, 4563, 8907, 907, 0, 0
17:37:16, 1020.70, 29.70, 31.75, 30.172, 6262, 12656, 16997, 19533, 30782, 30047, 32621, 33775, 36000, 22886, 1, 1, 339, 447, 918, 1685, 2927, 3488, 4521, 4731, 9423, 958, 0, 0
17:37:16, 1021.60, 29.71, 31.73, 30.172, 6607, 12602, 18243, 19703, 23956, 22890, 26261, 30007, 36000, 18391, 1, 1, 332, 435, 897, 1658, 2884, 3446, 4472, 4675, 9208, 927, 0, 0
17:37:17, 1021.00, 29.71, 31.73, 30.172, 5900, 12112, 17542, 19048, 27693, 25092, 28594, 35194, 36000, 17664, 1, 1, 335, 439, 908, 1676, 2917, 3480, 4516, 4720, 9308, 947, 0, 0
17:37:18, 1020.60, 29.73, 31.75, 30.172, 6124, 13143, 19228, 21506, 26828, 24345, 29767, 36000, 36000, 20554, 1, 1, 343, 452, 931, 1714, 2946, 3514, 4559, 4766, 9303, 946, 0, 0
17:37:18, 1020.90, 29.73, 31.75, 30.180, 6661, 14465, 21299, 24643, 28083, 26538, 32565, 35124, 36000, 19763, 1, 1, 331, 433, 892, 1646, 2852, 3405, 4424, 4632, 9058, 925, 0, 0
17:37:19, 1019.80, 29.74, 31.73, 30.187, 4937, 10757, 12911, 17443, 27303, 26133, 32148, 36000, 36000, 7601, 1, 1, 328, 422, 874, 1617, 2790, 3334, 4335, 4541, 8547, 878, 0, 0
17:37:20, 1017.90, 29.75, 31.73, 30.187, 6013, 12587, 18610, 22536, 29283, 26971, 35008, 35825, 35597, 6758, 0, 1, 330, 424, 878, 1622, 2851, 3400, 4413, 4621, 8320, 847, 0, 0
17:37:20, 1019.40, 29.75, 31.75, 30.180, 6605, 13947, 17796, 24567, 24529, 25406, 32226, 35927, 36000, 8413, 1, 1, 333, 431, 889, 1638, 2842, 3393, 4408, 4620, 8742, 900, 0, 0
17:37:21, 1027.60, 29.76, 31.77, 30.187, 5259, 10629, 16570, 19309, 26701, 26797, 28255, 32416, 36000, 22489, 1, 1, 336, 446, 913, 1674, 2893, 3455, 4489, 4729, 9946, 986, 0, 0
17:37:22, 1034.90, 29.78, 31.73, 30.187, 5100, 9349, 15193, 18421, 19974, 20544, 22751, 27998, 36000, 10397, 1, 1, 264, 324, 679, 1321, 2382, 2915, 3845, 4049, 7782, 738, 0, 0
17:37:22, 1038.40, 29.79, 31.77, 30.187, 4130, 7590, 12706, 17753, 17519, 19154, 20843, 26445, 36000, 8869, 1, 1, 247, 300, 629, 1233, 2261, 2788, 3678, 3894, 7638, 711, 0, 0
17:37:23, 1044.50, 29.80, 31.73, 30.187, 2427, 4637, 7794, 12551, 20130, 23721, 27616, 29282, 36000, 9235, 1, 1, 213, 248, 521, 1043, 1950, 2441, 3234, 3432, 6645, 605, 0, 0
17:37:24, 1053.50, 29.81, 31.75, 30.187, 2126, 4220, 7480, 10916, 13918, 15721, 17445, 23419, 36000, 6831, 1, 1, 186, 208, 435, 895, 1664, 2117, 2834, 3014, 5674, 504, 0, 0
17:37:24, 1059.90, 29.82, 31.75, 30.180, 1512, 2744, 5307, 8087, 10199, 11669, 13846, 17185, 36000, 3853, 1, 1, 153, 160, 332, 708, 1425, 1844, 2493, 2654, 4792, 421, 0, 0
17:37:25, 1067.50, 29.83, 31.73, 30.172, 1185, 2188, 4232, 6326, 9084, 10541, 12549, 16281, 36000, 3680, 1, 1, 150, 155, 320, 688, 1397, 1814, 2448, 2608, 4686, 406, 0, 0
17:37:26, 1079.70, 29.83, 31.75, 30.172, 895, 1561, 3103, 5417, 7219, 8550, 10509, 13670, 30318, 2688, 0, 0, 119, 117, 234, 523, 1058, 1412, 1950, 2074, 3527, 303, 0, 0
17:37:26, 1091.70, 29.84, 31.77, 30.180, 697, 1074, 2272, 4196, 5880, 7117, 9229, 10875, 23426, 1679, 0, 0, 89, 83, 159, 363, 817, 1116, 1570, 1670, 2694, 231, 0, 0
17:37:27, 1098.90, 29.84, 31.75, 30.172, 456, 645, 1385, 2646, 4707, 5749, 7620, 9003, 17106, 1242, 0, 0, 75, 68, 126, 292, 695, 962, 1367, 1455, 2267, 195, 0, 0
17:37:28, 1105.20, 29.84, 31.75, 30.172, 375, 513, 1086, 2093, 3830, 4711, 6175, 7516, 13558, 1017, 0, 0, 68, 60, 110, 257, 621, 868, 1238, 1318, 2015, 173, 0, 0
17:37:28, 1111.80, 29.84, 31.77, 30.172, 301, 390, 813, 1611, 3112, 3815, 5113, 6277, 10534, 784, 0, 0, 62, 54, 96, 226, 561, 792, 1136, 1209, 1812, 155, 0, 0
17:37:29, 1119.80, 29.84, 31.77, 30.172, 241, 298, 611, 1261, 2411, 3022, 4087, 4976, 8603, 640, 0, 0, 55, 48, 83, 197, 491, 702, 1013, 1078, 1598, 137, 0, 0
17:37:30, 1129.00, 29.84, 31.73, 30.172, 224, 269, 553, 1164, 2187, 2790, 3796, 4579, 8062, 602, 0, 0, 48, 41, 69, 164, 416, 603, 877, 934, 1398, 119, 0, 0
17:37:30, 1134.40, 29.84, 31.75, 30.164, 190, 216, 443, 975, 1900, 2462, 3391, 4018, 6631, 481, 0, 0, 40, 34, 56, 133, 356, 524, 767, 818, 1198, 102, 0, 0
17:37:31, 1137.90, 29.85, 31.71, 30.172, 178, 199, 407, 905, 1794, 2335, 3251, 3777, 6028, 427, 0, 0, 36, 31, 50, 118, 325, 480, 707, 755, 1085, 93, 0, 0
17:37:32, 1144.50, 29.85, 31.75, 30.172, 162, 178, 360, 808, 1692, 2218, 3087, 3614, 5716, 405, 0, 0, 34, 29, 46, 110, 304, 452, 668, 714, 1051, 89, 0, 0
17:37:32, 1150.50, 29.85, 31.77, 30.172, 128, 136, 261, 597, 1297, 1720, 2421, 2862, 4101, 291, 0, 0, 30, 25, 38, 90, 262, 395, 590, 631, 888, 76, 0, 0
17:37:33, 1158.50, 29.85, 31.75, 30.180, 110, 115, 213, 494, 990, 1338, 1897, 2231, 3599, 262, 0, 0, 29, 24, 37, 86, 240, 366, 550, 589, 824, 70, 0, 0
17:37:34, 1163.00, 29.86, 31.77, 30.180, 99, 101, 185, 436, 974, 1322, 1887, 2225, 3290, 235, 0, 0, 25, 21, 31, 72, 214, 329, 499, 534, 733, 62, 0, 0
17:37:34, 1171.90, 29.87, 31.75, 30.172, 100, 102, 190, 456, 1029, 1410, 2023, 2337, 3894, 277, 0, 0, 22, 18, 27, 62, 181, 281, 428, 460, 649, 55, 0, 0
17:37:35, 1177.40, 29.87, 31.75, 30.180, 77, 76, 133, 320, 759, 1055, 1523, 1784, 2626, 188, 0, 0, 19, 15, 22, 51, 156, 247, 381, 409, 554, 47, 0, 0
17:37:36, 1183.90, 29.88, 31.75, 30.180, 70, 69, 120, 290, 689, 965, 1400, 1641, 2575, 186, 0, 0, 17, 14, 20, 45, 140, 223, 347, 373, 509, 43, 0, 0
17:37:36, 1187.30, 29.88, 31.73, 30.172, 61, 59, 100, 243, 588, 835, 1219, 1427, 2186, 159, 0, 0, 15, 13, 18, 40, 129, 206, 322, 349, 468, 40, 0, 0
17:37:37, 1195.80, 29.88, 31.75, 30.180, 57, 55, 92, 225, 524, 746, 1095, 1283, 2200, 163, 0, 0, 14, 12, 17, 37, 115, 186, 292, 317, 435, 37, 0, 0
17:37:38, 1198.90, 29.89, 31.79, 30.180, 47, 45, 72, 175, 461, 668, 989, 1152, 1717, 124, 0, 0, 12, 10, 14, 31, 104, 171, 271, 294, 390, 33, 0, 0
17:37:38, 1202.20, 29.89, 31.75, 30.172, 44, 42, 66, 160, 425, 618, 921, 1075, 1680, 123, 0, 0, 12, 10, 14, 30, 98, 162, 257, 280, 371, 32, 0, 0
17:37:39, 1206.70, 29.89, 31.79, 30.172, 41, 40, 62, 152, 403, 589, 884, 1026, 1700, 125, 0, 0, 11, 9, 13, 27, 91, 150, 240, 262, 350, 30, 0, 0
17:37:40, 1210.50, 29.90, 31.75, 30.172, 39, 37, 57, 140, 382, 566, 849, 977, 1598, 116, 0, 0, 10, 8, 12, 25, 84, 141, 226, 246, 328, 28, 0, 0
17:37:40, 1216.50, 29.90, 31.77, 30.148, 36, 34, 51, 127, 343, 511, 772, 890, 1369, 100, 0, 0, 9, 7, 10, 22, 75, 126, 204, 223, 295, 25, 0, 0
17:37:41, 1221.50, 29.90, 31.75, 30.148, 31, 29, 43, 105, 299, 447, 680, 788, 1243, 92, 0, 0, 8, 7, 9, 20, 68, 115, 187, 205, 269, 23, 0, 0
17:37:42, 1225.50, 29.90, 31.75, 30.148, 29, 27, 39, 95, 269, 406, 621, 718, 1082, 80, 0, 0, 8, 6, 8, 17, 62, 105, 173, 189, 243, 20, 0, 0
17:37:42, 1229.80, 29.90, 31.75, 30.141, 27, 26, 37, 89, 255, 385, 592, 686, 1006, 74, 0, 0, 7, 6, 8, 17, 58, 100, 165, 181, 232, 20, 0, 0
17:37:43, 1235.50, 29.91, 31.75, 30.133, 24, 22, 32, 75, 213, 325, 503, 587, 810, 59, 0, 0, 6, 5, 7, 14, 51, 88, 147, 162, 201, 17, 0, 0
17:37:44, 1240.60, 29.91, 31.77, 30.133, 21, 20, 27, 63, 185, 287, 445, 520, 703, 52, 0, 0, 6, 5, 6, 13, 46, 80, 134, 148, 183, 15, 0, 0
17:37:44, 1244.40, 29.91, 31.77, 30.125, 19, 17, 23, 54, 164, 256, 399, 467, 621, 46, 0, 0, 5, 4, 6, 11, 43, 75, 127, 140, 171, 14, 0, 0
17:37:45, 1249.80, 29.91, 31.79, 30.125, 17, 16, 21, 49, 150, 236, 369, 433, 588, 44, 0, 0, 5, 4, 5, 10, 38, 68, 115, 128, 158, 13, 0, 0
17:37:46, 1254.10, 29.91, 31.77, 30.125, 15, 14, 19, 43, 132, 209, 332, 390, 558, 42, 0, 0, 4, 3, 5, 9, 34, 60, 103, 114, 140, 11, 0, 0
17:37:46, 1257.00, 29.91, 31.75, 30.117, 14, 13, 17, 39, 124, 198, 312, 366, 500, 37, 0, 0, 4, 3, 4, 8, 32, 57, 98, 109, 133, 11, 0, 0
17:37:47, 1262.00, 29.91, 31.77, 30.117, 13, 12, 16, 36, 117, 187, 296, 348, 490, 36, 0, 0, 4, 3, 4, 8, 30, 54, 92, 102, 127, 10, 0, 0
17:37:48, 1265.40, 29.91, 31.73, 30.117, 13, 12, 15, 34, 109, 175, 277, 324, 426, 32, 0, 0, 3, 3, 4, 7, 28, 50, 87, 97, 119, 9, 0, 0
17:37:48, 1265.60, 29.91, 31.75, 30.109, 12, 11, 14, 32, 103, 166, 262, 307, 383, 28, 0, 0, 3, 3, 3, 7, 27, 50, 86, 96, 116, 9, 0, 0
17:37:49, 1267.40, 29.91, 31.75, 30.117, 12, 11, 14, 32, 105, 170, 269, 313, 418, 31, 0, 0, 3, 3, 3, 7, 27, 49, 85, 94, 116, 9, 0, 0
17:37:50, 1268.00, 29.91, 31.79, 30.117, 12, 11, 14, 32, 104, 168, 267, 311, 408, 30, 0, 0, 3, 3, 3, 7, 27, 49, 85, 94, 113, 9, 0, 0
17:37:50, 1271.50, 29.91, 31.75, 30.109, 12, 11, 14, 31, 101, 164, 261, 304, 415, 31, 0, 0, 3, 2, 3, 6, 25, 46, 80, 89, 107, 9, 0, 0
17:37:51, 1273.40, 29.92, 31.75, 30.109, 11, 10, 13, 28, 94, 154, 245, 286, 375, 28, 0, 0, 3, 2, 3, 6, 24, 44, 77, 86, 100, 8, 0, 0
17:37:52, 1273.10, 29.92, 31.75, 30.109, 11, 10, 13, 28, 95, 155, 247, 288, 365, 27, 0, 0, 3, 2, 3, 6, 24, 44, 78, 86, 100, 8, 0, 0
17:37:52, 1272.50, 29.92, 31.77, 30.117, 11, 10, 13, 28, 96, 157, 249, 290, 364, 27, 0, 0, 3, 2, 3, 6, 24, 45, 78, 87, 101, 8, 0, 0
17:37:53, 1273.20, 29.93, 31.77, 30.117, 11, 10, 13, 28, 96, 157, 249, 290, 382, 28, 0, 0, 3, 2, 3, 6, 24, 45, 78, 87, 104, 8, 0, 0
17:37:54, 1274.00, 29.93, 31.77, 30.117, 11, 10, 12, 28, 95, 154, 247, 287, 394, 29, 0, 0, 3, 2, 3, 6, 24, 44, 78, 86, 104, 9, 0, 0
17:37:54, 1277.30, 29.93, 31.81, 30.117, 11, 10, 12, 28, 95, 154, 247, 287, 404, 30, 0, 0, 3, 2, 3, 6, 23, 43, 75, 83, 101, 8, 0, 0
17:37:55, 1280.80, 29.94, 31.75, 30.117, 10, 10, 12, 27, 91, 148, 239, 277, 384, 29, 0, 0, 2, 2, 3, 5, 21, 39, 69, 77, 92, 7, 0, 0
17:37:56, 1283.00, 29.94, 31.75, 30.117, 10, 9, 11, 25, 84, 138, 223, 259, 352, 26, 0, 0, 2, 2, 2, 5, 20, 37, 66, 73, 87, 7, 0, 0
17:37:57, 1282.90, 29.94, 31.77, 30.109, 9, 9, 10, 22, 79, 131, 209, 245, 304, 23, 0, 0, 3, 2, 3, 5, 21, 38, 67, 75, 88, 7, 0, 0
17:37:57, 1289.20, 29.94, 31.73, 30.109, 9, 9, 10, 22, 77, 126, 205, 240, 331, 25, 0, 0, 2, 2, 2, 5, 18, 34, 61, 68, 81, 6, 0, 0
17:37:58, 1290.80, 29.94, 31.77, 30.109, 8, 8, 9, 19, 67, 111, 181, 211, 273, 20, 0, 0, 2, 1, 2, 4, 17, 32, 58, 64, 75, 6, 0, 0
17:37:59, 1294.50, 29.94, 31.75, 30.109, 8, 7, 8, 18, 66, 110, 179, 208, 281, 21, 0, 0, 2, 1, 2, 4, 16, 30, 53, 59, 71, 5, 0, 0
17:37:59, 1298.30, 29.95, 31.75, 30.117, 7, 7, 8, 17, 60, 101, 164, 192, 257, 19, 0, 0, 2, 1, 2, 3, 15, 28, 50, 56, 67, 5, 0, 0
17:38:00, 1303.50, 29.95, 31.75, 30.117, 7, 6, 7, 16, 55, 93, 153, 179, 235, 18, 0, 0, 1, 1, 2, 3, 13, 25, 46, 51, 61, 5, 0, 0
17:38:01, 1308.00, 29.95, 31.75, 30.117, 6, 6, 6, 13, 48, 81, 134, 157, 210, 16, 0, 0, 1, 1, 1, 3, 11, 22, 41, 46, 54, 4, 0, 0
17:38:01, 1311.90, 29.95, 31.79, 30.117, 5, 5, 6, 12, 44, 76, 126, 148, 191, 14, 0, 0, 1, 1, 1, 2, 11, 21, 39, 43, 51, 4, 0, 0
17:38:02, 1317.00, 29.95, 31.75, 30.117, 5, 5, 5, 11, 40, 70, 116, 136, 179, 14, 0, 0, 1, 0, 1, 2, 9, 19, 35, 39, 45, 3, 0, 0
17:38:03, 1322.10, 29.95, 31.77, 30.117, 4, 4, 5, 10, 37, 63, 107, 125, 164, 13, 0, 0, 1, 0, 1, 2, 8, 17, 31, 35, 41, 3, 0, 0
17:38:03, 1325.30, 29.95, 31.77, 30.117, 4, 4, 4, 9, 33, 58, 98, 114, 146, 11, 0, 0, 1, 0, 1, 2, 8, 16, 30, 33, 39, 3, 0, 0
17:38:04, 1329.40, 29.95, 31.79, 30.117, 4, 4, 5, 8, 31, 55, 93, 109, 141, 11, 0, 0, 0, 0, 1, 2, 7, 15, 28, 31, 37, 3, 0, 0
17:38:05, 1335.80, 29.95, 31.79, 30.109, 3, 3, 3, 7, 27, 48, 81, 96, 130, 10, 0, 0, 0, 0, 1, 1, 6, 12, 24, 27, 31, 2, 0, 0
17:38:05, 1338.70, 29.95, 31.75, 30.117, 3, 3, 3, 6, 25, 44, 75, 88, 115, 9, 0, 0, 0, 0, 1, 1, 6, 12, 23, 26, 30, 2, 0, 0
17:38:06, 1343.60, 29.96, 31.79, 30.117, 3, 3, 3, 6, 23, 42, 72, 84, 111, 9, 0, 0, 0, 0, 0, 1, 5, 11, 21, 24, 28, 2, 0, 0
17:38:07, 1351.40, 29.96, 31.77, 30.102, 2, 3, 2, 5, 19, 36, 61, 72, 95, 7, 0, 0, 0, 0, 0, 1, 4, 9, 18, 21, 24, 1, 0, 0
17:38:07, 1354.20, 29.96, 31.79, 30.109, 2, 2, 2, 4, 17, 31, 54, 64, 81, 6, 0, 0, 0, 0, 0, 1, 4, 8, 16, 19, 21, 1, 0, 0
17:38:08, 1355.40, 29.96, 31.79, 30.109, 2, 2, 2, 4, 16, 30, 53, 62, 78, 6, 0, 0, 0, 0, 0, 1, 4, 8, 16, 18, 20, 1, 0, 0
17:38:09, 1358.50, 29.96, 31.79, 30.102, 2, 2, 2, 4, 16, 29, 51, 60, 76, 6, 0, 0, 0, 0, 0, 1, 3, 7, 15, 18, 20, 1, 0, 0
17:38:09, 1365.90, 29.96, 31.81, 30.109, 2, 2, 2, 3, 14, 26, 45, 53, 66, 5, 0, 0, 0, 0, 0, 0, 3, 6, 13, 15, 17, 1, 0, 0
17:38:10, 1369.40, 29.96, 31.75, 30.109, 1, 2, 1, 3, 11, 22, 38, 45, 54, 4, 0, 0, 0, 0, 0, 0, 2, 6, 12, 14, 16, 1, 0, 0
17:38:11, 1375.10, 29.96, 31.77, 30.102, 1, 2, 1, 2, 10, 20, 35, 41, 52, 4, 0, 0, 0, 0, 0, 0, 2, 5, 11, 13, 14, 0, 0, 0
17:38:11, 1379.60, 29.96, 31.81, 30.102, 1, 1, 1, 2, 9, 17, 30, 36, 45, 4, 0, 0, 0, 0, 0, 0, 2, 4, 9, 11, 12, 0, 0, 0
17:38:12, 1387.00, 29.96, 31.79, 30.102, 1, 1, 2, 2, 7, 15, 26, 32, 41, 3, 0, 0, 0, 0, 0, 0, 1, 3, 8, 10, 11, 0, 0, 0
17:38:13, 1391.10, 29.97, 31.79, 30.094, 1, 1, 0, 1, 6, 12, 22, 27, 32, 3, 0, 0, 0, 0, 0, 0, 1, 3, 7, 8, 9, 0, 0, 0
17:38:13, 1392.40, 29.97, 31.75, 30.094, 1, 1, 0, 1, 6, 12, 21, 26, 31, 3, 0, 0, 0, 0, 0, 0, 1, 3, 7, 8, 9, 0, 0, 0
17:38:14, 1397.10, 29.97, 31.75, 30.094, 1, 1, 0, 1, 6, 12, 21, 25, 33, 3, 0, 0, 0, 0, 0, 0, 1, 3, 7, 8, 9, 0, 0, 0
17:38:15, 1403.70, 29.97, 31.81, 30.086, 0, 1, 0, 1, 5, 11, 19, 23, 29, 2, 0, 0, 0, 0, 0, 0, 1, 2, 6, 7, 8, 0, 0, 0
17:38:15, 1408.30, 29.97, 31.81, 30.078, 0, 1, 0, 1, 4, 9, 17, 20, 24, 2, 0, 0, 0, 0, 0, 0, 0, 2, 5, 6, 7, 0, 0, 0
17:38:16, 1410.30, 29.97, 31.77, 30.078, 0, 1, 0, 1, 4, 9, 15, 18, 22, 2, 0, 0, 0, 0, 0, 0, 0, 2, 5, 6, 7, 0, 0, 0
17:38:17, 1411.20, 29.97, 31.79, 30.070, 0, 1, 0, 1, 4, 9, 15, 19, 23, 2, 0, 0, 0, 0, 0, 0, 0, 2, 5, 6, 6, 0, 0, 0
17:38:17, 1411.60, 29.97, 31.77, 30.070, 0, 1, 0, 1, 4, 8, 15, 18, 21, 2, 0, 0, 0, 0, 0, 0, 0, 2, 5, 6, 6, 0, 0, 0
17:38:18, 1414.40, 29.97, 31.77, 30.070, 0, 1, 0, 1, 4, 8, 14, 18, 21, 2, 0, 0, 0, 0, 0, 0, 0, 1, 5, 5, 6, 0, 0, 0
17:38:19, 1416.90, 29.97, 31.79, 30.062, 0, 1, 0, 0, 3, 7, 13, 16, 19, 2, 0, 0, 0, 0, 0, 0, 0, 1, 4, 5, 5, 0, 0, 0
17:38:19, 1418.90, 29.97, 31.77, 30.070, 0, 1, 0, 0, 3, 7, 12, 15, 17, 2, 0, 0, 0, 0, 0, 0, 0, 1, 4, 5, 5, 0, 0, 0
17:38:20, 1422.70, 29.97, 31.75, 30.070, 0, 1, 0, 0, 3, 7, 12, 15, 18, 2, 0, 0, 0, 0, 0, 0, 0, 1, 4, 5, 5, 0, 0, 0
17:38:21, 1427.70, 29.97, 31.81, 30.070, 0, 1, 0, 0, 3, 6, 11, 13, 16, 2, 0, 0, 0, 0, 0, 0, 0, 1, 3, 4, 4, 0, 0, 0
17:38:21, 1430.50, 29.98, 31.79, 30.070, 0, 1, 0, 0, 2, 5, 9, 12, 13, 1, 0, 0, 0, 0, 0, 0, 0, 1, 3, 4, 4, 0, 0, 0
17:38:22, 1432.50, 29.98, 31.79, 30.070, 0, 1, 0, 0, 2, 5, 9, 11, 13, 1, 0, 0, 0, 0, 0, 0, 0, 1, 3, 4, 4, 0, 0, 0
17:38:23, 1437.80, 29.98, 31.77, 30.062, 0, 1, 0, 0, 2, 5, 9, 11, 13, 1, 0, 0, 0, 0, 0, 0, 0, 1, 3, 3, 3, 0, 0, 0
17:38:23, 1445.30, 29.98, 31.79, 30.062, 0, 0, 0, 0, 2, 4, 7, 9, 10, 1, 0, 0, 0, 0, 0, 0, 0, 0, 2, 3, 3, 0, 0, 0
17:38:24, 1452.20, 29.98, 31.79, 30.062, 0, 0, 0, 0, 1, 4, 6, 8, 9, 1, 0, 0, 0, 0, 0, 0, 0, 0, 2, 2, 2, 0, 0, 0
17:38:25, 1460.90, 29.98, 31.75, 30.062, 0, 0, 0, 0, 1, 3, 5, 7, 8, 1, 0, 0, 0, 0, 0, 0, 0, 0, 1, 2, 2, 0, 0, 0
17:38:25, 1471.00, 29.98, 31.75, 30.062, 0, 0, 0, 0, 1, 3, 4, 5, 6, 1, 0, 0, 0, 0, 0, 0, 0, 0, 1, 1, 1, 0, 0, 0
17:38:26, 1474.10, 29.98, 31.79, 30.070, 0, 0, 0, 0, 1, 2, 3, 4, 5, 1, 0, 0, 0, 0, 0, 0, 0, 0, 1, 1, 1, 0, 0, 0
17:38:27, 1469.70, 29.99, 31.75, 30.062, 0, 0, 0, 0, 1, 2, 3, 4, 4, 1, 0, 0, 0, 0, 0, 0, 0, 0, 1, 1, 1, 0, 0, 0
17:38:27, 1466.60, 29.99, 31.77, 30.062, 0, 0, 0, 0, 1, 2, 4, 5, 5, 1, 0, 0, 0, 0, 0, 0, 0, 0, 1, 2, 1, 0, 0, 0
17:38:28, 1468.40, 29.99, 31.79, 30.070, 0, 0, 0, 0, 1, 2, 4, 5, 6, 1, 0, 0, 0, 0, 0, 0, 0, 0, 1, 1, 1, 0, 0, 0
17:38:29, 1468.60, 29.99, 31.79, 30.062, 0, 0, 0, 0, 1, 2, 4, 5, 5, 1, 0, 0, 0, 0, 0, 0, 0, 0, 1, 1, 1, 0, 0, 0
17:38:29, 1466.40, 29.99, 31.81, 30.062, 0, 0, 0, 0, 1, 2, 4, 5, 5, 1, 0, 0, 0, 0, 0, 0, 0, 0, 1, 1, 1, 0, 0, 0
17:38:30, 1466.80, 29.99, 31.79, 30.062, 0, 0, 0, 0, 1, 2, 4, 5, 5, 1, 0, 0, 0, 0, 0, 0, 0, 0, 1, 1, 1, 0, 0, 0
17:38:31, 1457.00, 29.99, 31.83, 30.062, 0, 0, 0, 0, 1, 2, 4, 5, 5, 1, 0, 0, 0, 0, 0, 0, 0, 0, 1, 2, 2, 0, 0, 0
17:38:31, 1448.30, 29.99, 31.77, 30.062, 0, 0, 0, 0, 1, 3, 4, 6, 6, 1, 0, 0, 0, 0, 0, 0, 0, 0, 2, 2, 2, 0, 0, 0
17:38:32, 1442.80, 30.00, 31.77, 30.055, 0, 0, 0, 0, 1, 3, 5, 7, 7, 1, 0, 0, 0, 0, 0, 0, 0, 0, 2, 2, 2, 0, 0, 0
17:38:33, 1436.10, 30.00, 31.81, 30.062, 0, 0, 0, 0, 1, 4, 6, 8, 9, 1, 0, 0, 0, 0, 0, 0, 0, 0, 2, 3, 3, 0, 0, 0
17:38:33, 1427.70, 30.00, 31.83, 30.062, 0, 0, 0, 0, 2, 4, 7, 9, 10, 1, 0, 0, 0, 0, 0, 0, 0, 1, 2, 3, 3, 0, 0, 0
17:38:34, 1419.50, 30.00, 31.77, 30.062, 0, 1, 0, 0, 2, 5, 9, 11, 12, 1, 0, 0, 0, 0, 0, 0, 0, 1, 3, 4, 4, 0, 0, 0
17:38:35, 1410.60, 30.00, 31.79, 30.062, 0, 1, 0, 0, 3, 6, 11, 13, 14, 1, 0, 0, 0, 0, 0, 0, 0, 1, 4, 5, 5, 0, 0, 0
17:38:35, 1400.50, 30.01, 31.77, 30.062, 0, 1, 0, 0, 3, 7, 12, 15, 17, 2, 0, 0, 0, 0, 0, 0, 0, 2, 5, 6, 6, 0, 0, 0
17:38:36, 1395.60, 30.01, 31.77, 30.062, 0, 1, 0, 0, 4, 8, 14, 17, 19, 2, 0, 0, 0, 0, 0, 0, 0, 2, 5, 6, 7, 0, 0, 0
17:38:37, 1389.60, 30.01, 31.77, 30.062, 0, 1, 0, 1, 4, 9, 16, 19, 20, 2, 0, 0, 0, 0, 0, 0, 1, 2, 6, 8, 7, 0, 0, 0
17:38:37, 1384.60, 30.01, 31.77, 30.062, 0, 1, 0, 1, 5, 10, 18, 23, 25, 2, 0, 0, 0, 0, 0, 0, 1, 3, 7, 8, 8, 0, 0, 0
17:38:38, 1377.80, 30.01, 31.79, 30.055, 1, 1, 0, 1, 5, 11, 20, 24, 26, 2, 0, 0, 0, 0, 0, 0, 1, 3, 8, 9, 10, 0, 0, 0
17:38:39, 1372.80, 30.01, 31.81, 30.047, 1, 1, 0, 1, 6, 12, 22, 27, 29, 3, 0, 0, 0, 0, 0, 0, 1, 4, 9, 11, 11, 0, 0, 0
17:38:39, 1369.90, 30.02, 31.77, 30.047, 1, 1, 1, 1, 7, 14, 25, 31, 33, 3, 0, 0, 0, 0, 0, 0, 1, 4, 9, 11, 11, 0, 0, 0
17:38:40, 1363.90, 30.02, 31.79, 30.047, 1, 1, 1, 2, 8, 15, 27, 33, 36, 3, 0, 0, 0, 0, 0, 0, 2, 5, 11, 13, 13, 0, 0, 0
17:38:41, 1360.10, 30.02, 31.77, 30.047, 1, 1, 1, 2, 9, 17, 31, 37, 39, 3, 0, 0, 0, 0, 0, 0, 2, 5, 12, 14, 14, 1, 0, 0
17:38:41, 1359.00, 30.02, 31.81, 30.047, 1, 2, 1, 2, 10, 19, 33, 40, 46, 4, 0, 0, 0, 0, 0, 0, 2, 5, 11, 14, 14, 0, 0, 0
17:38:42, 1354.50, 30.02, 31.75, 30.039, 1, 1, 1, 2, 9, 18, 31, 38, 40, 3, 0, 0, 0, 0, 0, 1, 2, 6, 13, 15, 16, 1, 0, 0
17:38:43, 1352.00, 30.02, 31.77, 30.047, 1, 2, 2, 2, 11, 20, 35, 43, 47, 4, 0, 0, 0, 0, 0, 0, 3, 6, 14, 16, 17, 1, 0, 0
17:38:43, 1350.20, 30.02, 31.83, 30.047, 1, 2, 1, 3, 12, 23, 41, 49, 54, 4, 0, 0, 0, 0, 0, 1, 3, 7, 14, 17, 18, 1, 0, 0
17:38:44, 1343.40, 30.02, 31.81, 30.047, 2, 2, 1, 3, 13, 24, 41, 50, 53, 4, 0, 0, 0, 0, 0, 1, 4, 8, 16, 19, 20, 1, 0, 0
17:38:45, 1337.80, 30.02, 31.75, 30.047, 2, 2, 2, 4, 15, 28, 49, 59, 65, 5, 0, 0, 0, 0, 0, 1, 4, 9, 18, 21, 22, 1, 0, 0
17:38:45, 1334.20, 30.02, 31.79, 30.047, 2, 2, 2, 4, 17, 31, 54, 65, 76, 6, 0, 0, 0, 0, 0, 1, 4, 9, 19, 23, 24, 1, 0, 0
17:38:46, 1328.00, 30.03, 31.79, 30.047, 2, 3, 2, 5, 19, 35, 59, 71, 82, 6, 0, 0, 0, 0, 0, 1, 5, 11, 22, 26, 28, 2, 0, 0
17:38:47, 1320.50, 30.03, 31.75, 30.047, 3, 3, 3, 6, 23, 41, 69, 82, 95, 7, 0, 0, 0, 0, 1, 1, 6, 13, 26, 30, 32, 2, 0, 0
17:38:47, 1313.30, 30.03, 31.81, 30.047, 3, 4, 3, 7, 29, 51, 86, 103, 118, 9, 0, 0, 1, 0, 1, 2, 8, 15, 30, 34, 38, 3, 0, 0
17:38:48, 1307.70, 30.03, 31.83, 30.039, 4, 4, 4, 8, 33, 58, 96, 115, 140, 11, 0, 0, 1, 1, 1, 2, 9, 18, 34, 39, 44, 3, 0, 0
17:38:49, 1302.40, 30.03, 31.79, 30.047, 4, 4, 5, 10, 37, 63, 105, 125, 154, 12, 0, 0, 1, 1, 1, 2, 10, 20, 39, 44, 49, 4, 0, 0
17:38:49, 1299.70, 30.03, 31.79, 30.047, 5, 5, 5, 12, 44, 75, 124, 147, 182, 14, 0, 0, 1, 1, 1, 2, 11, 21, 40, 46, 52, 4, 0, 0
17:38:50, 1296.40, 30.03, 31.83, 30.047, 5, 5, 5, 11, 42, 72, 117, 139, 165, 13, 0, 0, 1, 1, 1, 3, 12, 23, 43, 49, 54, 4, 0, 0
17:38:51, 1290.80, 30.04, 31.77, 30.055, 5, 5, 5, 11, 42, 72, 116, 138, 157, 12, 0, 0, 2, 1, 2, 3, 14, 26, 48, 55, 60, 5, 0, 0
17:38:51, 1285.00, 30.04, 31.79, 30.055, 6, 6, 6, 13, 48, 81, 131, 157, 175, 13, 0, 0, 2, 1, 2, 4, 15, 29, 53, 61, 66, 5, 0, 0
17:38:52, 1279.50, 30.04, 31.79, 30.062, 7, 6, 7, 15, 56, 94, 152, 182, 201, 15, 0, 0, 2, 1, 2, 4, 18, 33, 60, 68, 75, 6, 0, 0
17:38:53, 1274.50, 30.05, 31.81, 30.062, 7, 7, 8, 17, 60, 100, 161, 192, 227, 17, 0, 0, 2, 2, 2, 5, 19, 36, 66, 74, 84, 7, 0, 0
17:38:53, 1268.60, 30.05, 31.81, 30.062, 8, 7, 9, 19, 66, 109, 175, 209, 256, 19, 0, 0, 3, 2, 3, 5, 23, 42, 75, 85, 96, 8, 0, 0
17:38:54, 1265.90, 30.05, 31.77, 30.062, 9, 9, 10, 23, 81, 133, 215, 254, 322, 24, 0, 0, 3, 2, 3, 6, 23, 42, 75, 86, 98, 8, 0, 0
17:38:55, 1257.40, 30.05, 31.77, 30.047, 10, 9, 11, 25, 86, 140, 222, 265, 313, 23, 0, 0, 3, 3, 4, 7, 28, 51, 91, 102, 115, 9, 0, 0
17:38:55, 1252.30, 30.05, 31.79, 30.047, 12, 11, 14, 31, 105, 169, 267, 317, 395, 29, 0, 0, 4, 3, 4, 8, 31, 57, 99, 113, 129, 10, 0, 0
17:38:56, 1248.80, 30.05, 31.81, 30.047, 13, 12, 15, 35, 118, 188, 297, 352, 447, 33, 0, 0, 4, 3, 4, 9, 33, 59, 104, 118, 138, 11, 0, 0
17:38:57, 1240.90, 30.06, 31.75, 30.055, 13, 12, 16, 35, 116, 185, 287, 340, 431, 32, 0, 0, 5, 4, 5, 11, 40, 72, 124, 141, 165, 14, 0, 0
17:38:57, 1234.00, 30.06, 31.81, 30.055, 17, 15, 20, 47, 155, 242, 374, 441, 580, 43, 0, 0, 6, 5, 6, 13, 47, 83, 142, 160, 188, 16, 0, 0
17:38:58, 1227.50, 30.06, 31.79, 30.047, 20, 19, 26, 61, 191, 293, 454, 533, 708, 52, 0, 0, 7, 5, 7, 14, 55, 96, 162, 182, 211, 18, 0, 0
17:38:59, 1219.50, 30.06, 31.79, 30.055, 23, 21, 29, 68, 204, 311, 476, 561, 679, 50, 0, 0, 8, 7, 9, 18, 65, 111, 187, 210, 247, 21, 0, 0
17:38:59, 1215.10, 30.06, 31.81, 30.055, 25, 22, 31, 74, 227, 344, 517, 613, 770, 56, 0, 0, 9, 7, 10, 20, 70, 119, 197, 221, 267, 23, 0, 0
17:39:00, 1209.30, 30.06, 31.81, 30.039, 27, 25, 36, 85, 239, 361, 541, 641, 791, 58, 0, 0, 10, 8, 11, 22, 79, 133, 221, 247, 294, 25, 0, 0
17:39:01, 1201.20, 30.06, 31.79, 30.055, 32, 29, 43, 103, 290, 431, 641, 759, 959, 70, 0, 0, 11, 9, 12, 26, 94, 156, 256, 286, 341, 29, 0, 0
17:39:01, 1192.50, 30.07, 31.79, 30.055, 37, 33, 51, 120, 342, 504, 739, 880, 1064, 77, 0, 0, 14, 11, 15, 32, 110, 182, 295, 329, 393, 34, 0, 0
17:39:02, 1182.60, 30.07, 31.81, 30.047, 43, 39, 61, 143, 395, 576, 839, 1003, 1207, 87, 0, 0, 17, 14, 19, 42, 141, 229, 367, 406, 495, 43, 0, 0
17:39:03, 1178.50, 30.07, 31.83, 30.055, 51, 46, 75, 179, 477, 686, 998, 1182, 1621, 117, 0, 0, 19, 16, 23, 49, 155, 249, 396, 440, 572, 49, 0, 0
17:39:03, 1171.60, 30.08, 31.81, 30.055, 63, 62, 104, 252, 538, 765, 1114, 1317, 1857, 135, 0, 0, 21, 17, 25, 54, 174, 277, 439, 487, 631, 55, 0, 0
17:39:04, 1162.90, 30.08, 31.77, 30.055, 55, 49, 81, 196, 492, 709, 1019, 1181, 1740, 128, 0, 0, 25, 21, 30, 67, 204, 321, 504, 557, 723, 63, 0, 0
17:39:05, 1157.00, 30.08, 31.79, 30.055, 75, 73, 127, 300, 703, 979, 1391, 1655, 2274, 163, 0, 0, 28, 23, 33, 75, 225, 351, 547, 607, 773, 67, 0, 0
17:39:05, 1150.90, 30.08, 31.79, 30.055, 93, 94, 170, 396, 973, 1317, 1901, 2241, 3031, 214, 0, 0, 29, 24, 36, 81, 251, 387, 600, 665, 832, 73, 0, 0
17:39:06, 1143.20, 30.08, 31.81, 30.047, 108, 107, 200, 457, 1065, 1429, 2015, 2406, 2893, 204, 0, 0, 35, 29, 44, 99, 299, 455, 697, 770, 986, 87, 0, 0
17:39:07, 1136.70, 30.08, 31.83, 30.055, 126, 126, 241, 542, 1233, 1639, 2269, 2704, 3624, 255, 0, 0, 41, 34, 53, 122, 355, 533, 808, 891, 1180, 104, 0, 0
17:39:07, 1129.40, 30.09, 31.81, 30.055, 146, 144, 280, 624, 1278, 1744, 2318, 2781, 3661, 262, 0, 0, 49, 42, 67, 155, 420, 622, 933, 1026, 1391, 122, 0, 0
17:39:08, 1126.30, 30.09, 31.81, 30.047, 185, 206, 417, 904, 1912, 2438, 3393, 4003, 5453, 384, 0, 0, 50, 42, 69, 159, 430, 633, 943, 1037, 1416, 124, 0, 0
17:39:09, 1117.80, 30.09, 31.81, 30.055, 199, 210, 414, 875, 1753, 2261, 2996, 3676, 4215, 303, 0, 0, 58, 50, 82, 192, 512, 743, 1097, 1200, 1602, 140, 0, 0
17:39:09, 1108.80, 30.09, 31.77, 30.055, 245, 260, 529, 1089, 1977, 2610, 3310, 4112, 4870, 353, 0, 0, 71, 62, 106, 246, 646, 919, 1347, 1463, 2038, 179, 0, 0
17:39:10, 1104.10, 30.09, 31.79, 30.055, 245, 237, 489, 1036, 1836, 2556, 3187, 3645, 5722, 426, 0, 0, 83, 74, 131, 303, 720, 1012, 1467, 1590, 2298, 201, 0, 0
17:39:11, 1101.90, 30.10, 31.81, 30.062, 405, 530, 1155, 2347, 4657, 5820, 7958, 8644, 16292, 1098, 0, 0, 75, 67, 120, 278, 692, 968, 1395, 1514, 2223, 193, 0, 0
17:39:11, 1097.40, 30.10, 31.77, 30.062, 374, 450, 930, 1817, 3935, 4709, 6264, 7892, 9136, 643, 0, 0, 85, 75, 137, 315, 786, 1093, 1571, 1699, 2403, 211, 0, 0
17:39:12, 1093.10, 30.10, 31.81, 30.070, 436, 531, 1088, 2069, 3586, 4427, 5549, 6969, 7925, 577, 0, 0, 94, 85, 158, 363, 853, 1173, 1674, 1806, 2571, 227, 0, 0
17:39:13, 1087.70, 30.10, 31.83, 30.078, 519, 684, 1342, 2490, 4101, 4873, 6255, 7945, 8083, 597, 0, 0, 101, 92, 173, 395, 941, 1283, 1820, 1957, 2707, 239, 0, 0
17:39:13, 1079.30, 30.11, 31.85, 30.078, 555, 767, 1513, 2761, 4816, 5589, 7270, 9363, 8679, 660, 0, 0, 114, 106, 204, 462, 1075, 1444, 2032, 2184, 3128, 277, 0, 0
17:39:14, 1069.40, 30.11, 31.79, 30.078, 663, 888, 1727, 3001, 5354, 6379, 7986, 10151, 12131, 911, 0, 0, 131, 127, 253, 559, 1230, 1626, 2267, 2434, 3771, 336, 0, 0
17:39:15, 1058.20, 30.11, 31.79, 30.086, 918, 1418, 2678, 4358, 6791, 7522, 9545, 11996, 21739, 1673, 0, 0, 157, 162, 331, 709, 1503, 1939, 2666, 2863, 4832, 434, 0, 0
17:39:15, 1051.90, 30.11, 31.79, 30.086, 1337, 2501, 4775, 6987, 12318, 14016, 16434, 22730, 36000, 5330, 1, 1, 180, 197, 407, 846, 1672, 2131, 2899, 3120, 5698, 514, 0, 0
17:39:16, 1041.90, 30.12, 31.83, 30.094, 1634, 3230, 5858, 8182, 13826, 14879, 17472, 25325, 36000, 6527, 1, 1, 207, 236, 492, 997, 1962, 2459, 3315, 3552, 6638, 619, 0, 0
17:39:17, 1032.50, 30.12, 31.79, 30.102, 2637, 5102, 8725, 12255, 18531, 20883, 22802, 29177, 36000, 8990, 1, 1, 235, 282, 586, 1152, 2223, 2738, 3659, 3904, 7500, 727, 0, 0
17:39:17, 1022.50, 30.12, 31.79, 30.102, 4494, 8321, 13657, 17028, 25655, 27413, 28123, 35404, 36000, 17120, 1, 1, 299, 386, 789, 1471, 2675, 3220, 4254, 4528, 9135, 943, 0, 0
17:39:18, 1016.80, 30.13, 31.81, 30.094, 5695, 11664, 18826, 19142, 28422, 25975, 30775, 35517, 36000, 23982, 1, 1, 340, 456, 918, 1663, 2822, 3354, 4404, 4665, 9549, 1032, 0, 0
17:39:19, 1014.50, 30.13, 31.83, 30.102, 9105, 16571, 25784, 27115, 35894, 35710, 35344, 36000, 36000, 36000, 1, 1, 350, 483, 958, 1703, 2873, 3382, 4420, 4659, 9926, 1106, 0, 0
17:39:19, 1014.50, 30.13, 31.81, 30.102, 10044, 15788, 21159, 23659, 35932, 35697, 36000, 36000, 36000, 36000, 1, 1, 352, 485, 972, 1728, 2900, 3415, 4454, 4685, 9810, 1063, 0, 0
17:39:20, 1018.90, 30.13, 31.85, 30.109, 8277, 15506, 21430, 22375, 17840, 17644, 20396, 24598, 35622, 20554, 0, 1, 350, 479, 966, 1733, 2951, 3491, 4543, 4790, 9985, 1026, 0, 0
17:39:21, 1019.10, 30.14, 31.85, 30.117, 7420, 15475, 22037, 26557, 34183, 32750, 36000, 36000, 36000, 23684, 1, 1, 332, 444, 907, 1657, 2865, 3406, 4450, 4688, 9494, 974, 0, 0
17:39:21, 1010.20, 30.14, 31.83, 30.117, 6909, 14693, 21208, 24139, 35599, 34638, 36000, 36000, 36000, 28433, 1, 1, 349, 473, 960, 1734, 3052, 3594, 4673, 4916, 10111, 1060, 0, 0
17:39:22, 1011.00, 30.14, 31.83, 30.125, 12143, 20542, 27782, 34103, 36000, 36000, 36000, 36000, 36000, 36000, 1, 1, 3256, 5391, 7719, 10239, 22296, 23908, 26486, 28447, 36000, 31375, 1, 1
17:39:23, 1010.60, 30.15, 31.86, 30.109, 11655, 19482, 27772, 29182, 31459, 33849, 35457, 36000, 36000, 36000, 1, 1, 2647, 4239, 6413, 8243, 14568, 15765, 18981, 21505, 36000, 19589, 1, 1
17:39:23, 1010.80, 30.15, 31.83, 30.109, 9795, 18990, 28476, 29173, 36000, 36000, 35991, 36000, 36000, 36000, 1, 1, 13574, 20717, 30289, 35506, 36000, 36000, 36000, 36000, 36000, 36000, 1, 1
17:39:24, 1010.60, 30.15, 31.85, 30.039, 11215, 19199, 28530, 31153, 35154, 35549, 36000, 36000, 36000, 36000, 1, 1, 18963, 27400, 36000, 36000, 36000, 36000, 36000, 36000, 36000, 36000, 1, 1
17:39:25, 1010.60, 30.16, 31.86, 29.937, 8866, 15346, 22165, 22319, 34048, 32139, 32411, 36000, 36000, 36000, 1, 1, 18282, 31109, 36000, 36000, 36000, 36000, 36000, 36000, 36000, 36000, 1, 1
