Secchi Depth (cm) = 9999
Forel Ule Scale = 99
pH Colour Scale = 99
SensingSecchi S/N = A017
Latitude (degs N) = 33.94728
Longitude (degs E) = -77.96989
Date = 2026-07-16
Time (UTC), Pressure (mbar) MS5803, Temp (deg C) MS5803, Temp (deg C) 10KTHERM, Temp (deg C) TMP117, ED 415nm, ED 445nm, ED 480nm, ED 515nm, ED 555nm, ED 590nm, ED 630nm, ED 680nm, ED Clear, ED NIR, ED D-SAT, ED A-SAT, EU 415nm, EU 445nm, EU 480nm, EU 515nm, EU 555nm, EU 590nm, EU 630nm, EU 680nm, EU Clear, EU NIR, EU D-SAT, EU A-SAT
15:27:48, 1012.50, 28.32, 29.23, 28.266, 1498, 2273, 3282, 3656, 4115, 4141, 4595, 4873, 24919, 6441, 0, 0, 4267, 6088, 8398, 10490, 12257, 12280, 16429, 19189, 36000, 30620, 1, 1
15:27:48, 1012.10, 28.32, 29.27, 28.242, 1515, 2302, 3317, 3685, 4211, 4206, 4695, 4990, 25361, 6711, 0, 0, 4307, 6166, 8441, 10592, 12327, 12368, 16580, 19546, 36000, 32103, 1, 1
15:27:49, 1012.30, 28.33, 29.25, 28.219, 1507, 2291, 3297, 3662, 4157, 4172, 4629, 4937, 25090, 6559, 0, 0, 4255, 6087, 8376, 10473, 12149, 12167, 16284, 19111, 36000, 30805, 1, 1
15:27:50, 1012.30, 28.33, 29.27, 28.219, 1487, 2259, 3262, 3630, 4123, 4139, 4607, 4870, 24947, 6451, 0, 0, 4249, 6062, 8342, 10414, 12202, 12260, 16370, 19214, 36000, 31383, 1, 1
15:27:50, 1012.30, 28.33, 29.29, 28.195, 1523, 2330, 3363, 3720, 4470, 4348, 4982, 5242, 26913, 7327, 0, 0, 4715, 6908, 9645, 12301, 14929, 14510, 20791, 21758, 36000, 32182, 1, 1
15:27:51, 1012.10, 28.33, 29.27, 28.195, 2241, 3658, 5443, 5482, 8174, 7310, 8547, 10152, 36000, 19536, 1, 1, 7096, 10893, 14762, 19713, 24858, 25842, 33950, 35771, 36000, 36000, 1, 1
15:27:52, 1012.30, 28.33, 29.23, 28.195, 7859, 15362, 18493, 29065, 34112, 36000, 36000, 36000, 36000, 36000, 1, 1, 7459, 12492, 17599, 23207, 17883, 18375, 20876, 21499, 36000, 30003, 1, 1
15:27:52, 1012.20, 28.34, 29.27, 28.141, 2359, 3565, 5615, 5612, 26615, 29631, 31173, 35795, 34234, 12018, 0, 1, 4419, 7179, 11005, 14801, 21680, 22142, 24660, 26223, 36000, 26882, 1, 1
15:27:53, 1019.90, 28.34, 29.25, 28.320, 7783, 15071, 15760, 23481, 21822, 24442, 27753, 34540, 36000, 36000, 1, 1, 1070, 1847, 3623, 5708, 7595, 7085, 6727, 5645, 18826, 1448, 0, 0
15:27:54, 1017.50, 28.35, 29.27, 28.320, 11748, 19307, 23183, 25051, 13697, 15526, 17056, 18275, 35250, 11756, 0, 1, 1029, 1777, 3586, 5704, 8751, 8085, 7658, 6314, 17758, 1362, 0, 0
15:27:54, 1019.10, 28.36, 29.25, 28.758, 6005, 3458, 7193, 6521, 4876, 5783, 5468, 6543, 13934, 2937, 0, 0, 1072, 1836, 3705, 5873, 7769, 7140, 6681, 5458, 15350, 1152, 0, 0
15:27:55, 1019.60, 28.37, 29.23, 28.992, 4065, 3106, 5690, 5393, 4949, 6157, 5491, 6743, 12403, 2442, 0, 0, 1123, 1929, 3900, 6175, 9164, 8454, 8017, 6622, 17799, 1335, 0, 0
15:27:56, 1016.70, 28.38, 29.27, 28.992, 2540, 2535, 3976, 4462, 4551, 5523, 5226, 6125, 12721, 2829, 0, 0, 1075, 1840, 3726, 5916, 8180, 7519, 7076, 5796, 16473, 1258, 0, 0
15:27:56, 1016.70, 28.39, 29.20, 29.125, 6496, 3637, 7369, 7395, 5330, 7847, 6108, 7446, 16559, 3130, 0, 0, 1028, 1767, 3566, 5656, 7920, 7273, 6885, 5652, 16567, 1301, 0, 0
15:27:57, 1018.60, 28.40, 29.23, 29.211, 2960, 3139, 4383, 6439, 4883, 7113, 7240, 6769, 21666, 3857, 0, 0, 1047, 1818, 3653, 5809, 8113, 7493, 7137, 5939, 18359, 1448, 0, 0
15:27:58, 1020.40, 28.41, 29.25, 29.211, 3780, 3633, 5080, 8855, 3791, 4468, 4616, 5081, 14093, 2715, 0, 0, 1153, 1987, 3993, 6311, 8377, 7709, 7308, 5996, 17003, 1288, 0, 0
15:27:58, 1020.60, 28.42, 29.22, 29.266, 2805, 2665, 4761, 4568, 5585, 6071, 5710, 7132, 10732, 2020, 0, 0, 1011, 1731, 3515, 5598, 7815, 7228, 6821, 5654, 14985, 1107, 0, 0
15:27:59, 1021.40, 28.44, 29.20, 29.297, 5942, 6745, 10919, 11821, 9102, 9705, 10036, 12725, 18480, 3049, 0, 0, 885, 1510, 3103, 4989, 7448, 6895, 6554, 5423, 14930, 1129, 0, 0
15:28:00, 1020.80, 28.45, 29.20, 29.297, 4867, 8872, 11394, 15534, 21783, 20674, 29849, 31491, 36000, 33654, 1, 1, 903, 1562, 3143, 5045, 8008, 7472, 7188, 5999, 18474, 1435, 0, 0
15:28:00, 1023.40, 28.46, 29.18, 29.305, 1489, 2628, 3409, 5573, 11065, 9331, 15928, 10474, 35951, 16951, 0, 1, 903, 1560, 3142, 5050, 7167, 6709, 6409, 5345, 17428, 1334, 0, 0
15:28:01, 1021.60, 28.48, 29.14, 29.305, 5323, 6207, 10887, 10051, 7813, 7593, 8918, 9630, 35579, 16380, 0, 1, 950, 1651, 3293, 5247, 7446, 6949, 6632, 5480, 17548, 1321, 0, 0
15:28:02, 1021.60, 28.48, 29.18, 29.305, 1734, 2555, 3389, 5250, 5963, 8804, 11034, 7706, 32566, 5802, 0, 1, 946, 1640, 3296, 5277, 7576, 7036, 6745, 5572, 16809, 1308, 0, 0
15:28:02, 1025.40, 28.49, 29.18, 29.312, 5365, 10130, 13553, 15890, 18630, 18607, 22503, 27953, 36000, 16565, 1, 1, 861, 1495, 3010, 4815, 6927, 6457, 6166, 5147, 16935, 1278, 0, 0
15:28:03, 1018.60, 28.50, 29.14, 29.312, 4296, 8203, 11545, 12703, 7055, 10956, 9879, 11613, 23458, 3187, 0, 0, 1035, 1785, 3582, 5675, 8475, 7856, 7547, 6263, 17710, 1373, 0, 0
15:28:04, 1026.50, 28.51, 29.18, 29.312, 1795, 2277, 3279, 4287, 6472, 12551, 10750, 10604, 25193, 3780, 0, 0, 856, 1473, 3032, 4906, 6844, 6339, 5989, 4901, 15031, 1147, 0, 0
15:28:04, 1023.10, 28.52, 29.20, 29.320, 2096, 3786, 5678, 6789, 15991, 13933, 20426, 20299, 36000, 20427, 1, 1, 874, 1512, 3072, 4945, 7308, 6790, 6457, 5309, 16634, 1260, 0, 0
15:28:05, 1018.40, 28.53, 29.16, 29.320, 1801, 2485, 3361, 5324, 2745, 2976, 3280, 3372, 10561, 1417, 0, 0, 1224, 2110, 4195, 6614, 8505, 7906, 7597, 6315, 18948, 1500, 0, 0
15:28:06, 1022.10, 28.54, 29.16, 29.320, 1714, 2317, 3306, 4081, 4106, 4606, 4757, 5325, 12753, 2335, 0, 0, 1009, 1731, 3523, 5625, 7727, 7141, 6768, 5546, 15593, 1181, 0, 0
15:28:06, 1022.30, 28.55, 29.16, 29.328, 6716, 9036, 13827, 17084, 12419, 14488, 18785, 16267, 36000, 12054, 1, 1, 929, 1617, 3228, 5149, 7902, 7384, 7088, 5967, 20255, 1553, 0, 0
15:28:07, 1024.80, 28.56, 29.16, 29.328, 7505, 11154, 15045, 17120, 3443, 4013, 3914, 4302, 10448, 1632, 0, 0, 1176, 2059, 4039, 6329, 7917, 7356, 7039, 5827, 18126, 1398, 0, 0
15:28:08, 1025.90, 28.57, 29.16, 29.320, 2624, 3829, 6799, 6905, 14610, 9372, 17825, 13182, 36000, 35297, 1, 1, 858, 1487, 2977, 4777, 6724, 6277, 5936, 4951, 16658, 1245, 0, 0
15:28:08, 1021.10, 28.58, 29.14, 29.328, 3891, 8266, 11029, 13501, 15906, 15422, 21248, 17136, 36000, 20320, 1, 1, 1098, 1916, 3795, 6008, 9322, 8654, 8350, 6960, 21157, 1658, 0, 0
15:28:09, 1026.50, 28.59, 29.18, 29.328, 1112, 1664, 2342, 3163, 4516, 5436, 5836, 6080, 18445, 3635, 0, 0, 1004, 1743, 3544, 5668, 7579, 6983, 6591, 5372, 15948, 1206, 0, 0
15:28:10, 1024.20, 28.60, 29.16, 29.336, 7625, 14148, 17729, 22587, 12792, 19580, 13076, 22947, 21772, 3200, 0, 0, 960, 1650, 3392, 5454, 8855, 8166, 7727, 6339, 16826, 1252, 0, 0
15:28:10, 1022.40, 28.61, 29.14, 29.336, 1836, 2184, 3321, 3917, 5920, 10648, 7670, 9325, 18021, 2838, 0, 0, 877, 1517, 3096, 4969, 7371, 6767, 6361, 5160, 15464, 1169, 0, 0
15:28:11, 1025.90, 28.62, 29.12, 29.336, 996, 1430, 2067, 2750, 4567, 5870, 6618, 5977, 22181, 3174, 0, 0, 894, 1554, 3161, 5091, 6898, 6393, 6055, 4986, 15928, 1198, 0, 0
15:28:12, 1020.70, 28.62, 29.14, 29.336, 7820, 15650, 18576, 21781, 16572, 17344, 19067, 22819, 36000, 20147, 1, 1, 858, 1487, 3012, 4835, 7738, 7149, 6811, 5620, 17236, 1343, 0, 0
15:28:12, 1026.20, 28.63, 29.18, 29.328, 1763, 2238, 3304, 4251, 4570, 5624, 5843, 6034, 17825, 2816, 0, 0, 931, 1616, 3308, 5344, 7395, 6817, 6443, 5240, 16112, 1223, 0, 0
15:28:13, 1026.00, 28.64, 29.14, 29.328, 5633, 11261, 16571, 18491, 17441, 15957, 18991, 24537, 35957, 7882, 0, 1, 766, 1330, 2745, 4452, 6415, 5890, 5503, 4485, 14150, 1062, 0, 0
15:28:14, 1025.80, 28.65, 29.14, 29.336, 6002, 12730, 17859, 19524, 21322, 19508, 23408, 28455, 34089, 4943, 0, 1, 834, 1440, 2969, 4788, 7283, 6665, 6271, 5069, 14926, 1120, 0, 0
15:28:14, 1027.40, 28.66, 29.16, 29.336, 4876, 12393, 15886, 21984, 7143, 6129, 8676, 7271, 34884, 19097, 0, 1, 1035, 1785, 3543, 5610, 8373, 7780, 7428, 6222, 22018, 1686, 0, 0
15:28:15, 1018.90, 28.66, 29.14, 29.336, 6110, 9017, 13708, 15860, 20751, 22988, 22195, 27930, 36000, 22575, 1, 1, 932, 1625, 3242, 5182, 8509, 7884, 7485, 6234, 20181, 1555, 0, 0
15:28:16, 1022.30, 28.67, 29.18, 29.336, 849, 1408, 1966, 2652, 3454, 3606, 4327, 4162, 17323, 2730, 0, 0, 1040, 1817, 3657, 5839, 7854, 7211, 6775, 5523, 17453, 1311, 0, 0
15:28:16, 1025.10, 28.68, 29.14, 29.352, 3899, 3362, 5250, 8114, 7945, 14783, 10254, 13853, 20277, 2838, 0, 0, 884, 1527, 3150, 5065, 7365, 6720, 6231, 5043, 14218, 1044, 0, 0
15:28:17, 1021.10, 28.69, 29.16, 29.352, 5158, 3785, 8043, 6863, 6891, 8117, 7563, 10005, 12779, 1780, 0, 0, 906, 1562, 3214, 5163, 7526, 6873, 6390, 5190, 14842, 1102, 0, 0
15:28:18, 1021.10, 28.70, 29.14, 29.344, 4077, 3864, 6483, 8745, 7580, 12650, 11296, 13080, 24126, 3221, 0, 0, 918, 1597, 3257, 5214, 7508, 6846, 6421, 5210, 15948, 1209, 0, 0
15:28:18, 1026.10, 28.70, 29.16, 29.352, 5472, 8791, 11836, 14886, 28370, 28025, 29868, 32499, 36000, 24281, 1, 1, 778, 1360, 2789, 4510, 6639, 6081, 5664, 4613, 15618, 1144, 0, 0
15:28:19, 1029.60, 28.71, 29.16, 29.352, 4378, 8802, 11735, 14156, 16182, 17614, 18571, 25161, 36000, 19941, 1, 1, 747, 1302, 2652, 4290, 6048, 5523, 5108, 4133, 14252, 1046, 0, 0
15:28:20, 1039.50, 28.72, 29.12, 29.352, 7322, 11919, 16954, 23695, 12316, 12090, 15756, 16552, 36000, 16955, 1, 1, 823, 1439, 2941, 4761, 7000, 6436, 5914, 4792, 16429, 1159, 0, 0
15:28:20, 1046.90, 28.72, 29.14, 29.359, 2817, 4442, 8595, 8163, 13693, 10421, 15429, 15044, 36000, 13619, 1, 1, 656, 1145, 2446, 4081, 6832, 6193, 5612, 4368, 13790, 985, 0, 0
15:28:21, 1054.80, 28.73, 29.14, 29.359, 626, 969, 1515, 2038, 3696, 4360, 4306, 4621, 10757, 1015, 0, 0, 707, 1230, 2667, 4468, 6311, 5703, 5107, 3952, 12260, 874, 0, 0
15:28:22, 1057.30, 28.73, 29.14, 29.359, 2379, 4573, 6541, 9477, 13713, 13794, 19097, 19263, 36000, 7591, 1, 1, 593, 1033, 2246, 3788, 5666, 5127, 4541, 3507, 11611, 814, 0, 0
15:28:22, 1061.50, 28.74, 29.16, 29.367, 2603, 4525, 6876, 8936, 7914, 10282, 11846, 11112, 30725, 1850, 0, 0, 624, 1084, 2384, 4052, 5987, 5408, 4796, 3670, 12030, 846, 0, 0
15:28:23, 1068.10, 28.75, 29.18, 29.367, 2596, 4096, 5751, 10050, 13807, 15256, 18532, 21344, 36000, 3708, 1, 1, 550, 953, 2122, 3634, 5390, 4875, 4290, 3286, 11056, 766, 0, 0
15:28:24, 1067.20, 28.75, 29.16, 29.367, 2598, 5098, 8106, 10005, 6792, 8887, 8687, 9615, 18369, 1161, 0, 0, 661, 1140, 2546, 4363, 7143, 6439, 5744, 4359, 12906, 920, 0, 0
15:28:24, 1072.10, 28.76, 29.14, 29.375, 802, 1190, 1990, 2675, 3855, 4466, 4343, 4631, 9610, 763, 0, 0, 628, 1079, 2425, 4177, 6170, 5574, 4907, 3716, 11334, 805, 0, 0
15:28:25, 1076.00, 28.76, 29.14, 29.375, 1850, 2836, 4801, 6499, 6798, 8171, 7863, 9374, 15294, 976, 0, 0, 558, 953, 2179, 3807, 6041, 5462, 4793, 3604, 10906, 775, 0, 0
15:28:26, 1076.20, 28.77, 29.14, 29.359, 1245, 1696, 2927, 3961, 4361, 5065, 4942, 5131, 10664, 777, 0, 0, 615, 1056, 2392, 4164, 6242, 5651, 4992, 3757, 11903, 848, 0, 0
15:28:26, 1078.40, 28.77, 29.14, 29.367, 1557, 2438, 3850, 6285, 9698, 10284, 12769, 12465, 35615, 2361, 0, 1, 525, 900, 2048, 3584, 5482, 4979, 4356, 3280, 10820, 755, 0, 0
15:28:27, 1082.10, 28.77, 29.16, 29.367, 1233, 1912, 3043, 4942, 7294, 8677, 10103, 9230, 29004, 1638, 0, 0, 496, 847, 1943, 3424, 5302, 4821, 4214, 3179, 10495, 731, 0, 0
15:28:28, 1084.00, 28.78, 29.14, 29.359, 2124, 3455, 5826, 8021, 6291, 8093, 7009, 8383, 13575, 859, 0, 0, 564, 955, 2206, 3894, 6337, 5729, 5028, 3733, 11068, 789, 0, 0
15:28:28, 1085.20, 28.78, 29.16, 29.367, 787, 1184, 2084, 2799, 3339, 3621, 3592, 3644, 7426, 535, 0, 0, 610, 1038, 2390, 4203, 6227, 5648, 4964, 3712, 10939, 778, 0, 0
15:28:29, 1087.20, 28.79, 29.14, 29.367, 2022, 2469, 4833, 5876, 6768, 7971, 7219, 8530, 13751, 848, 0, 0, 490, 831, 1935, 3449, 5322, 4818, 4180, 3093, 9911, 700, 0, 0
15:28:30, 1087.60, 28.79, 29.11, 29.359, 1098, 1902, 3011, 5101, 5540, 6043, 8104, 6058, 25347, 1578, 0, 0, 542, 929, 2134, 3783, 5946, 5418, 4755, 3558, 12028, 844, 0, 0
15:28:30, 1091.40, 28.80, 29.14, 29.359, 1031, 1746, 2842, 4676, 4764, 5457, 5937, 5281, 15976, 1007, 0, 0, 523, 892, 2069, 3687, 5519, 4998, 4332, 3196, 10417, 732, 0, 0
15:28:31, 1094.70, 28.80, 29.16, 29.359, 1479, 2606, 4353, 6326, 7267, 7812, 8738, 8858, 22622, 1225, 0, 0, 459, 779, 1829, 3289, 5208, 4707, 4052, 2965, 9577, 677, 0, 0
15:28:32, 1091.20, 28.81, 29.12, 29.359, 780, 1220, 2170, 3019, 3749, 4089, 4022, 4020, 8623, 573, 0, 0, 534, 902, 2107, 3755, 5817, 5251, 4544, 3337, 10125, 722, 0, 0
15:28:32, 1091.50, 28.81, 29.16, 29.367, 1099, 1477, 2747, 3532, 5144, 6209, 5414, 6151, 10455, 676, 0, 0, 506, 854, 2008, 3597, 5902, 5340, 4641, 3419, 10285, 727, 0, 0
15:28:33, 1094.70, 28.81, 29.14, 29.367, 1124, 1455, 2654, 3740, 4234, 5153, 4756, 4802, 10558, 697, 0, 0, 505, 855, 2002, 3587, 5350, 4842, 4187, 3073, 9887, 699, 0, 0
15:28:34, 1095.70, 28.82, 29.16, 29.359, 789, 1342, 2280, 3348, 3419, 3627, 3823, 3496, 10086, 652, 0, 0, 513, 874, 2042, 3663, 5501, 4977, 4311, 3152, 10233, 720, 0, 0
15:28:34, 1096.30, 28.82, 29.14, 29.367, 1188, 1789, 3058, 4907, 6286, 7144, 7753, 7211, 19017, 1072, 0, 0, 461, 781, 1841, 3322, 5205, 4705, 4050, 2966, 9672, 680, 0, 0
15:28:35, 1100.20, 28.83, 29.14, 29.367, 1319, 2111, 3597, 5564, 6136, 7776, 8568, 7415, 21347, 1162, 0, 0, 460, 781, 1838, 3323, 5047, 4563, 3910, 2849, 9623, 670, 0, 0
15:28:36, 1101.20, 28.83, 29.14, 29.359, 1222, 2590, 4433, 6275, 8491, 8258, 10403, 10431, 35521, 2627, 0, 1, 436, 738, 1741, 3156, 4930, 4485, 3864, 2859, 9642, 671, 0, 0
15:28:36, 1100.40, 28.83, 29.12, 29.352, 1485, 2710, 4634, 6698, 6227, 7212, 7715, 7563, 18183, 1006, 0, 0, 432, 723, 1721, 3141, 5139, 4651, 4002, 2927, 9108, 649, 0, 0
15:28:37, 1098.50, 28.84, 29.16, 29.352, 888, 1263, 2346, 3122, 3949, 4290, 4115, 4288, 8047, 534, 0, 0, 495, 826, 1966, 3559, 5592, 5070, 4383, 3227, 9447, 669, 0, 0
15:28:38, 1097.00, 28.84, 29.16, 29.344, 1059, 1607, 3063, 3879, 6092, 6314, 6155, 6834, 10337, 679, 0, 0, 464, 771, 1840, 3350, 5477, 4947, 4260, 3104, 9276, 660, 0, 0
15:28:38, 1098.90, 28.84, 29.16, 29.344, 841, 1192, 2163, 3033, 3794, 4422, 4271, 4199, 9631, 632, 0, 0, 494, 832, 1961, 3545, 5724, 5204, 4542, 3358, 10625, 753, 0, 0
15:28:39, 1102.80, 28.85, 29.12, 29.344, 554, 965, 1695, 2533, 3641, 3833, 4137, 3683, 11233, 717, 0, 0, 440, 740, 1765, 3231, 5122, 4625, 3967, 2876, 9368, 660, 0, 0
15:28:40, 1105.60, 28.85, 29.16, 29.336, 907, 1454, 2557, 3959, 5145, 6022, 6353, 5884, 14744, 835, 0, 0, 429, 720, 1724, 3160, 4983, 4492, 3840, 2780, 9119, 644, 0, 0
15:28:40, 1109.90, 28.85, 29.11, 29.344, 1239, 2199, 3638, 6133, 6521, 6967, 8671, 7076, 26085, 1516, 0, 0, 384, 642, 1548, 2861, 4504, 4070, 3433, 2475, 8631, 599, 0, 0
15:28:41, 1109.70, 28.86, 29.12, 29.344, 1180, 1974, 3882, 4923, 8866, 8633, 8923, 9195, 36000, 3451, 1, 1, 410, 683, 1631, 2987, 4518, 4101, 3474, 2539, 8881, 616, 0, 0
15:28:42, 1103.30, 28.86, 29.14, 29.336, 755, 1339, 2346, 3584, 3430, 3682, 3838, 3476, 9745, 612, 0, 0, 480, 806, 1927, 3528, 6144, 5577, 4868, 3569, 11045, 790, 0, 0
15:28:42, 1108.00, 28.86, 29.14, 29.344, 470, 752, 1408, 2058, 2707, 2852, 2830, 2655, 6152, 394, 0, 0, 480, 798, 1919, 3518, 5201, 4690, 4004, 2880, 8841, 630, 0, 0
15:28:43, 1110.80, 28.86, 29.16, 29.344, 1172, 2118, 3616, 5428, 8243, 8610, 10468, 10553, 29595, 1825, 0, 0, 379, 625, 1520, 2836, 4778, 4338, 3695, 2673, 8871, 628, 0, 0
15:28:44, 1109.20, 28.87, 29.16, 29.336, 681, 1148, 2056, 3158, 3637, 4080, 4102, 3797, 9755, 627, 0, 0, 427, 704, 1709, 3181, 5143, 4652, 3971, 2847, 9032, 646, 0, 0
15:28:44, 1110.40, 28.87, 29.18, 29.328, 603, 988, 1814, 2689, 3542, 3865, 3911, 3671, 8977, 552, 0, 0, 428, 708, 1716, 3190, 5033, 4562, 3904, 2814, 9083, 644, 0, 0
15:28:45, 1113.70, 28.87, 29.12, 29.328, 664, 1164, 2064, 3281, 4068, 4456, 5222, 4164, 14841, 920, 0, 0, 397, 657, 1593, 2973, 4705, 4273, 3621, 2601, 8975, 631, 0, 0
15:28:46, 1118.70, 28.88, 29.18, 29.328, 576, 1038, 1845, 2935, 4065, 4390, 4938, 4159, 13384, 796, 0, 0, 374, 616, 1509, 2840, 4463, 4039, 3405, 2427, 8322, 585, 0, 0
15:28:46, 1119.50, 28.88, 29.16, 29.328, 863, 1600, 2846, 4396, 5369, 6087, 6797, 5811, 17521, 970, 0, 0, 356, 582, 1436, 2712, 4398, 3969, 3330, 2359, 7866, 559, 0, 0
15:28:47, 1117.10, 28.88, 29.14, 29.328, 644, 1033, 1926, 2869, 3666, 4108, 3960, 3810, 8801, 538, 0, 0, 383, 627, 1542, 2900, 4788, 4321, 3660, 2606, 8142, 580, 0, 0
15:28:48, 1118.60, 28.88, 29.14, 29.328, 640, 985, 1854, 2735, 3543, 3934, 3842, 3659, 8721, 548, 0, 0, 385, 631, 1549, 2916, 4624, 4173, 3522, 2501, 8167, 581, 0, 0
15:28:48, 1122.10, 28.89, 29.16, 29.328, 876, 1622, 2872, 4491, 8052, 8414, 9011, 9728, 28948, 1869, 0, 0, 329, 538, 1329, 2514, 4120, 3728, 3120, 2235, 7803, 544, 0, 0
15:28:49, 1118.80, 28.89, 29.16, 29.328, 880, 1594, 2802, 4525, 4993, 5601, 5956, 5345, 14606, 824, 0, 0, 362, 593, 1466, 2775, 4822, 4357, 3697, 2633, 8334, 594, 0, 0
15:28:50, 1116.10, 28.89, 29.12, 29.336, 463, 753, 1446, 2115, 2971, 3128, 3032, 2915, 6139, 408, 0, 0, 444, 727, 1779, 3311, 5195, 4672, 3963, 2814, 8419, 597, 0, 0
15:28:50, 1118.20, 28.90, 29.12, 29.336, 695, 1054, 2025, 2890, 3981, 4499, 4244, 4155, 8851, 540, 0, 0, 388, 638, 1563, 2929, 4758, 4292, 3635, 2596, 8413, 599, 0, 0
15:28:51, 1122.50, 28.90, 29.14, 29.336, 743, 1247, 2189, 3674, 5057, 5490, 6609, 5337, 18959, 1110, 0, 0, 338, 555, 1369, 2589, 4170, 3752, 3121, 2211, 7720, 540, 0, 0
15:28:52, 1122.90, 28.90, 29.11, 29.336, 829, 1541, 2713, 4372, 6293, 6995, 7814, 7096, 20551, 1126, 0, 0, 332, 542, 1351, 2570, 4301, 3858, 3190, 2231, 7606, 536, 0, 0
15:28:52, 1122.90, 28.90, 29.12, 29.336, 630, 1061, 1937, 3050, 3732, 4141, 4248, 3771, 10393, 612, 0, 0, 372, 612, 1511, 2853, 4748, 4265, 3578, 2518, 8336, 593, 0, 0
15:28:53, 1122.10, 28.91, 29.14, 29.336, 537, 907, 1702, 2587, 3089, 3224, 3234, 2930, 7752, 476, 0, 0, 389, 640, 1578, 2974, 4795, 4304, 3613, 2546, 8327, 591, 0, 0
15:28:54, 1128.40, 28.91, 29.16, 29.344, 551, 909, 1661, 2632, 3527, 3879, 4048, 3520, 10253, 625, 0, 0, 354, 583, 1444, 2732, 4133, 3714, 3076, 2175, 7669, 535, 0, 0
15:28:54, 1127.70, 28.91, 29.16, 29.344, 1019, 2078, 3773, 5519, 7486, 7700, 8397, 8469, 29463, 1844, 0, 0, 308, 504, 1257, 2396, 3977, 3572, 2934, 2063, 7358, 511, 0, 0
15:28:55, 1125.10, 28.92, 29.16, 29.344, 510, 899, 1657, 2572, 2936, 3115, 3168, 2805, 7858, 505, 0, 0, 374, 614, 1518, 2872, 4639, 4150, 3462, 2422, 7943, 566, 0, 0
15:28:56, 1128.40, 28.91, 29.12, 29.352, 558, 882, 1688, 2477, 3575, 3788, 3652, 3546, 7433, 454, 0, 0, 357, 582, 1453, 2754, 4332, 3872, 3190, 2233, 7266, 515, 0, 0
15:28:56, 1124.10, 28.92, 29.16, 29.352, 951, 1557, 2943, 4386, 4419, 4898, 4778, 4600, 10152, 598, 0, 0, 359, 586, 1460, 2772, 4874, 4376, 3670, 2579, 8458, 603, 0, 0
15:28:57, 1123.20, 28.92, 29.16, 29.352, 332, 583, 1103, 1709, 2268, 2312, 2341, 2028, 6058, 385, 0, 0, 438, 723, 1768, 3311, 5221, 4699, 3978, 2824, 9293, 664, 0, 0
15:28:58, 1124.80, 28.92, 29.14, 29.352, 582, 961, 1794, 2776, 3712, 4115, 4177, 3732, 10005, 618, 0, 0, 368, 603, 1497, 2840, 4607, 4145, 3456, 2429, 8181, 579, 0, 0
15:28:58, 1125.90, 28.93, 29.14, 29.352, 553, 990, 1819, 2870, 3965, 4319, 4690, 3955, 12375, 718, 0, 0, 347, 569, 1415, 2691, 4384, 3949, 3303, 2338, 7948, 558, 0, 0
15:28:59, 1127.80, 28.93, 29.16, 29.352, 948, 1783, 3162, 4992, 5714, 6266, 7113, 6247, 19054, 1085, 0, 0, 324, 528, 1319, 2522, 4070, 3650, 3001, 2089, 7320, 514, 0, 0
15:29:00, 1127.90, 28.93, 29.16, 29.336, 810, 1540, 2754, 4394, 5122, 5564, 6271, 5392, 17239, 957, 0, 0, 333, 544, 1361, 2597, 4299, 3862, 3208, 2256, 7666, 541, 0, 0
15:29:00, 1127.30, 28.93, 29.12, 29.336, 671, 1018, 1923, 2966, 3405, 3779, 3645, 3421, 7996, 500, 0, 0, 363, 592, 1477, 2810, 4570, 4082, 3389, 2352, 7642, 542, 0, 0
15:29:01, 1131.20, 28.93, 29.16, 29.344, 572, 931, 1772, 2712, 3513, 3954, 3889, 3490, 9081, 562, 0, 0, 367, 602, 1496, 2844, 4579, 4123, 3445, 2429, 8379, 595, 0, 0
15:29:02, 1137.00, 28.94, 29.18, 29.344, 696, 1389, 2499, 4048, 6537, 6602, 7501, 6959, 22431, 1403, 0, 0, 299, 485, 1225, 2361, 3868, 3478, 2846, 1986, 7073, 493, 0, 0
15:29:02, 1137.60, 28.94, 29.18, 29.344, 912, 1837, 3417, 5017, 7445, 7598, 8101, 8170, 23177, 1437, 0, 0, 288, 464, 1178, 2277, 3848, 3453, 2822, 1962, 6921, 486, 0, 0
15:29:03, 1138.60, 28.94, 29.18, 29.352, 668, 1060, 2047, 3128, 3663, 4010, 3804, 3595, 8140, 488, 0, 0, 335, 540, 1366, 2629, 4457, 3987, 3291, 2274, 7249, 518, 0, 0
15:29:04, 1143.30, 28.94, 29.16, 29.352, 496, 777, 1568, 2277, 3341, 3457, 3297, 3161, 6283, 389, 0, 0, 316, 503, 1290, 2505, 4072, 3638, 2960, 2027, 6539, 464, 0, 0
15:29:04, 1142.70, 28.95, 29.14, 29.352, 682, 1058, 2110, 3134, 3892, 4291, 4067, 3846, 8504, 505, 0, 0, 330, 528, 1345, 2607, 4489, 4032, 3345, 2313, 7570, 542, 0, 0
15:29:05, 1145.10, 28.95, 29.14, 29.352, 403, 688, 1339, 2127, 2825, 2963, 2948, 2557, 7248, 451, 0, 0, 315, 505, 1288, 2507, 4129, 3701, 3039, 2085, 7138, 507, 0, 0
15:29:06, 1148.50, 28.95, 29.18, 29.352, 466, 801, 1547, 2492, 3313, 3574, 3625, 3106, 8843, 530, 0, 0, 303, 486, 1244, 2434, 3892, 3486, 2839, 1947, 6834, 482, 0, 0
15:29:06, 1151.60, 28.95, 29.18, 29.352, 703, 1389, 2610, 4168, 6372, 6477, 7354, 6854, 21137, 1332, 0, 0, 260, 416, 1072, 2107, 3533, 3151, 2530, 1724, 6269, 440, 0, 0
15:29:07, 1152.60, 28.95, 29.14, 29.352, 576, 1048, 1987, 3228, 3931, 4202, 4348, 3764, 10748, 616, 0, 0, 274, 438, 1132, 2230, 3713, 3304, 2661, 1801, 6301, 447, 0, 0
15:29:08, 1151.30, 28.95, 29.18, 29.359, 672, 1163, 2263, 3526, 5360, 5691, 5849, 5571, 12288, 681, 0, 0, 269, 428, 1112, 2190, 3716, 3297, 2637, 1780, 6109, 433, 0, 0
15:29:08, 1149.90, 28.96, 29.16, 29.359, 619, 1014, 2032, 3134, 3751, 4136, 3960, 3613, 8672, 513, 0, 0, 288, 462, 1189, 2329, 3906, 3470, 2802, 1896, 6580, 467, 0, 0
15:29:09, 1150.30, 28.95, 29.14, 29.367, 428, 747, 1445, 2302, 3121, 3313, 3377, 2868, 8521, 523, 0, 0, 293, 474, 1213, 2366, 3777, 3360, 2707, 1842, 6631, 466, 0, 0
15:29:10, 1152.70, 28.96, 29.14, 29.367, 834, 1682, 3211, 4929, 7294, 7364, 7825, 7835, 21273, 1316, 0, 0, 254, 407, 1053, 2075, 3466, 3077, 2447, 1654, 6087, 426, 0, 0
15:29:10, 1154.20, 28.96, 29.16, 29.367, 735, 1476, 2808, 4344, 5467, 5622, 6261, 5722, 16830, 1001, 0, 0, 254, 405, 1051, 2077, 3549, 3150, 2518, 1697, 6072, 429, 0, 0
15:29:11, 1152.90, 28.96, 29.18, 29.359, 397, 664, 1328, 2101, 2710, 2853, 2713, 2414, 5922, 368, 0, 0, 301, 478, 1240, 2436, 4153, 3675, 2972, 1997, 6449, 460, 0, 0
15:29:12, 1151.20, 28.97, 29.16, 29.359, 423, 652, 1362, 2032, 2719, 2810, 2648, 2429, 5099, 321, 0, 0, 322, 513, 1325, 2584, 4260, 3769, 3053, 2063, 6563, 467, 0, 0
15:29:12, 1155.20, 28.97, 29.16, 29.359, 423, 690, 1408, 2143, 2798, 2925, 2808, 2512, 6054, 372, 0, 0, 289, 461, 1196, 2354, 3822, 3387, 2725, 1831, 6269, 446, 0, 0
15:29:13, 1158.30, 28.97, 29.16, 29.352, 435, 736, 1444, 2361, 3214, 3450, 3541, 2978, 8887, 536, 0, 0, 251, 399, 1042, 2071, 3380, 3003, 2387, 1604, 5868, 413, 0, 0
15:29:14, 1157.20, 28.97, 29.18, 29.359, 624, 1084, 2073, 3550, 3941, 4524, 4786, 3912, 12047, 675, 0, 0, 253, 402, 1050, 2088, 3463, 3078, 2454, 1647, 5980, 422, 0, 0
15:29:14, 1157.10, 28.97, 29.18, 29.359, 448, 803, 1547, 2647, 3107, 3287, 3419, 2833, 8662, 519, 0, 0, 263, 416, 1087, 2164, 3562, 3175, 2546, 1713, 6077, 430, 0, 0
15:29:15, 1158.90, 28.97, 29.16, 29.352, 506, 883, 1744, 2848, 3514, 3807, 3859, 3339, 9135, 541, 0, 0, 254, 398, 1044, 2093, 3427, 3067, 2458, 1653, 5824, 414, 0, 0
15:29:16, 1159.70, 28.98, 29.18, 29.344, 528, 972, 1878, 3117, 4273, 4509, 4923, 4314, 12726, 732, 0, 0, 235, 366, 962, 1942, 3366, 3028, 2442, 1650, 5820, 414, 0, 0
15:29:16, 1159.00, 28.97, 29.16, 29.344, 412, 684, 1375, 2257, 2852, 3052, 2968, 2617, 6696, 408, 0, 0, 257, 397, 1046, 2107, 3644, 3269, 2651, 1783, 5824, 417, 0, 0
15:29:17, 1156.00, 28.98, 29.18, 29.328, 418, 642, 1346, 2095, 2925, 3129, 2956, 2722, 5840, 358, 0, 0, 271, 418, 1098, 2207, 3884, 3494, 2857, 1928, 6263, 450, 0, 0
15:29:18, 1156.40, 28.98, 29.18, 29.312, 279, 472, 961, 1584, 2121, 2199, 2183, 1833, 5323, 334, 0, 0, 304, 474, 1228, 2447, 3939, 3571, 2941, 2009, 6836, 490, 0, 0
15:29:18, 1161.20, 28.98, 29.20, 29.312, 413, 713, 1434, 2387, 3565, 3849, 3957, 3416, 9403, 546, 0, 0, 229, 350, 925, 1877, 3176, 2864, 2303, 1548, 5403, 385, 0, 0
15:29:19, 1159.50, 28.98, 29.16, 29.297, 542, 1034, 2029, 3209, 4169, 4395, 4675, 4260, 11251, 634, 0, 0, 232, 357, 941, 1905, 3251, 2934, 2372, 1601, 5593, 398, 0, 0
15:29:20, 1160.20, 28.98, 29.16, 29.305, 582, 1131, 2226, 3577, 4780, 4944, 5360, 4823, 13856, 826, 0, 0, 231, 357, 938, 1903, 3403, 3065, 2479, 1665, 5821, 417, 0, 0
15:29:20, 1161.70, 28.98, 29.16, 29.305, 366, 617, 1248, 2083, 2650, 2847, 2828, 2417, 6790, 420, 0, 0, 247, 380, 1003, 2032, 3511, 3154, 2550, 1704, 5813, 416, 0, 0
15:29:21, 1160.50, 28.98, 29.16, 29.305, 387, 622, 1270, 2108, 2600, 2828, 2722, 2377, 5957, 365, 0, 0, 277, 429, 1123, 2257, 3872, 3483, 2846, 1912, 6377, 460, 0, 0
15:29:22, 1168.40, 28.98, 29.16, 29.305, 293, 493, 1032, 1701, 2454, 2566, 2492, 2128, 5775, 356, 0, 0, 237, 363, 963, 1964, 3270, 2937, 2355, 1567, 5453, 390, 0, 0
15:29:22, 1175.40, 28.98, 29.18, 29.305, 425, 794, 1579, 2639, 4130, 4221, 4572, 4082, 11968, 725, 0, 0, 196, 297, 797, 1644, 2820, 2539, 2010, 1338, 4852, 343, 0, 0
15:29:23, 1176.90, 28.99, 29.20, 29.312, 469, 894, 1818, 2973, 3521, 3710, 3807, 3299, 9013, 517, 0, 0, 203, 305, 822, 1703, 3099, 2777, 2211, 1455, 4909, 353, 0, 0
15:29:24, 1177.20, 28.99, 29.20, 29.312, 257, 406, 887, 1447, 2063, 2115, 1953, 1713, 3773, 237, 0, 0, 251, 376, 1011, 2073, 3710, 3318, 2673, 1762, 5363, 384, 0, 0
15:29:24, 1180.50, 28.99, 29.22, 29.312, 238, 384, 854, 1399, 2013, 2040, 1905, 1613, 3643, 225, 0, 0, 238, 356, 960, 1978, 3356, 2996, 2390, 1561, 5012, 360, 0, 0
15:29:25, 1186.60, 28.99, 29.20, 29.312, 274, 443, 969, 1588, 2443, 2605, 2412, 2109, 5099, 311, 0, 0, 190, 282, 767, 1603, 2726, 2449, 1923, 1258, 4513, 324, 0, 0
15:29:26, 1186.10, 28.99, 29.22, 29.312, 317, 537, 1125, 1907, 2447, 2563, 2496, 2072, 5965, 367, 0, 0, 196, 291, 790, 1657, 2928, 2633, 2078, 1355, 4818, 346, 0, 0
15:29:26, 1187.00, 28.99, 29.22, 29.312, 264, 440, 949, 1611, 2435, 2565, 2444, 2063, 5389, 326, 0, 0, 201, 298, 809, 1694, 2957, 2656, 2103, 1374, 4798, 345, 0, 0
15:29:27, 1189.10, 28.99, 29.18, 29.312, 246, 418, 897, 1558, 2190, 2265, 2245, 1798, 5519, 342, 0, 0, 205, 306, 829, 1738, 3023, 2730, 2164, 1417, 5160, 370, 0, 0
15:29:28, 1192.40, 28.99, 29.18, 29.312, 248, 442, 945, 1645, 2295, 2349, 2345, 1879, 5865, 358, 0, 0, 189, 279, 763, 1613, 2849, 2565, 2025, 1319, 4705, 338, 0, 0
15:29:28, 1195.10, 28.99, 29.22, 29.312, 227, 378, 824, 1438, 2052, 2155, 2038, 1677, 4632, 289, 0, 0, 188, 275, 756, 1605, 2731, 2452, 1919, 1235, 4383, 315, 0, 0
15:29:29, 1197.30, 28.99, 29.20, 29.305, 269, 474, 1023, 1763, 2639, 2693, 2728, 2219, 6865, 409, 0, 0, 158, 229, 634, 1363, 2465, 2218, 1721, 1111, 4167, 297, 0, 0
15:29:30, 1198.70, 28.99, 29.18, 29.305, 289, 541, 1126, 2037, 2813, 2832, 3047, 2379, 8364, 517, 0, 0, 163, 237, 654, 1403, 2505, 2251, 1742, 1119, 4236, 302, 0, 0
15:29:30, 1198.50, 28.99, 29.20, 29.305, 221, 386, 840, 1494, 1838, 1876, 1809, 1414, 4434, 277, 0, 0, 192, 280, 769, 1639, 2947, 2650, 2085, 1342, 4794, 347, 0, 0
15:29:31, 1201.90, 28.99, 29.20, 29.305, 187, 302, 679, 1192, 1897, 1990, 1822, 1514, 3864, 240, 0, 0, 180, 260, 721, 1546, 2750, 2456, 1912, 1215, 4170, 300, 0, 0
15:29:32, 1205.10, 29.00, 29.18, 29.305, 215, 354, 793, 1383, 1994, 2056, 1939, 1567, 4372, 268, 0, 0, 172, 248, 689, 1482, 2577, 2313, 1792, 1147, 4272, 306, 0, 0
15:29:32, 1208.70, 29.00, 29.18, 29.305, 278, 526, 1120, 2001, 3198, 3192, 3424, 2750, 9473, 595, 0, 0, 144, 206, 576, 1253, 2297, 2061, 1575, 1003, 3899, 277, 0, 0
15:29:33, 1208.60, 29.00, 29.18, 29.305, 221, 396, 864, 1549, 2278, 2345, 2311, 1819, 5756, 347, 0, 0, 151, 216, 605, 1318, 2454, 2196, 1691, 1072, 3925, 283, 0, 0
15:29:34, 1207.70, 29.00, 29.22, 29.305, 214, 343, 771, 1370, 1960, 2056, 1901, 1561, 4139, 254, 0, 0, 164, 234, 655, 1424, 2546, 2274, 1753, 1106, 3934, 284, 0, 0
15:29:34, 1209.40, 29.00, 29.22, 29.305, 217, 362, 804, 1441, 2228, 2328, 2290, 1811, 5532, 332, 0, 0, 147, 210, 588, 1284, 2343, 2103, 1608, 1021, 3919, 280, 0, 0
15:29:35, 1212.50, 29.00, 29.18, 29.312, 220, 407, 886, 1596, 2611, 2585, 2770, 2109, 7716, 484, 0, 0, 139, 197, 554, 1213, 2243, 2012, 1533, 971, 3770, 269, 0, 0
15:29:36, 1211.30, 29.00, 29.18, 29.312, 198, 350, 777, 1391, 1998, 2029, 1971, 1539, 4905, 300, 0, 0, 153, 217, 609, 1331, 2531, 2271, 1755, 1113, 4097, 296, 0, 0
15:29:36, 1209.40, 29.00, 29.20, 29.312, 192, 313, 702, 1263, 1881, 1957, 1816, 1476, 4002, 245, 0, 0, 161, 227, 638, 1392, 2536, 2267, 1750, 1104, 3851, 278, 0, 0
15:29:37, 1209.50, 29.00, 29.25, 29.297, 174, 282, 647, 1141, 1746, 1798, 1646, 1327, 3583, 222, 0, 0, 166, 237, 662, 1439, 2551, 2287, 1771, 1121, 4023, 290, 0, 0
15:29:38, 1211.90, 29.00, 29.18, 29.305, 206, 358, 791, 1408, 2110, 2134, 2105, 1647, 5318, 324, 0, 0, 148, 210, 588, 1287, 2340, 2102, 1614, 1026, 3888, 278, 0, 0
15:29:38, 1216.40, 29.00, 29.22, 29.305, 239, 430, 937, 1703, 2665, 2680, 2756, 2183, 7294, 447, 0, 0, 130, 182, 516, 1136, 2035, 1823, 1375, 866, 3383, 241, 0, 0
15:29:39, 1215.30, 29.00, 29.20, 29.289, 307, 591, 1286, 2199, 3288, 3280, 3303, 2870, 8836, 545, 0, 0, 127, 178, 506, 1115, 2129, 1901, 1442, 906, 3373, 242, 0, 0
15:29:40, 1212.00, 29.01, 29.18, 29.289, 178, 284, 652, 1154, 1635, 1673, 1508, 1219, 3017, 187, 0, 0, 172, 243, 682, 1482, 2768, 2466, 1916, 1204, 3972, 287, 0, 0
15:29:40, 1214.50, 29.01, 29.20, 29.297, 146, 231, 543, 961, 1455, 1477, 1324, 1059, 2680, 169, 0, 0, 180, 255, 716, 1552, 2699, 2412, 1870, 1174, 4098, 296, 0, 0
15:29:41, 1223.70, 29.01, 29.22, 29.289, 161, 277, 625, 1133, 1865, 1854, 1835, 1383, 4839, 302, 0, 0, 132, 187, 527, 1165, 2022, 1814, 1366, 861, 3466, 246, 0, 0
15:29:42, 1228.00, 29.01, 29.22, 29.289, 213, 403, 898, 1607, 2298, 2269, 2325, 1767, 6360, 396, 0, 0, 122, 168, 483, 1078, 1997, 1784, 1335, 826, 3197, 229, 0, 0
15:29:42, 1231.40, 29.01, 29.20, 29.289, 173, 287, 660, 1193, 1715, 1760, 1602, 1271, 3461, 212, 0, 0, 131, 179, 516, 1153, 2177, 1936, 1460, 898, 3165, 229, 0, 0
15:29:43, 1231.70, 29.01, 29.18, 29.297, 154, 237, 565, 1008, 1482, 1500, 1333, 1068, 2552, 158, 0, 0, 146, 200, 574, 1278, 2372, 2107, 1604, 986, 3363, 243, 0, 0
15:29:44, 1236.60, 29.00, 29.22, 29.297, 126, 198, 472, 868, 1349, 1371, 1232, 953, 2733, 171, 0, 0, 132, 181, 520, 1171, 2072, 1854, 1392, 854, 3297, 238, 0, 0
15:29:44, 1242.30, 29.01, 29.22, 29.297, 146, 257, 594, 1104, 1675, 1658, 1631, 1204, 4368, 273, 0, 0, 108, 145, 422, 963, 1763, 1583, 1172, 719, 2904, 209, 0, 0
15:29:45, 1242.10, 29.01, 29.20, 29.289, 161, 281, 646, 1211, 1828, 1846, 1781, 1360, 4474, 274, 0, 0, 101, 135, 394, 905, 1706, 1524, 1124, 684, 2666, 192, 0, 0
15:29:46, 1240.80, 29.01, 29.20, 29.289, 193, 328, 750, 1375, 2253, 2300, 2234, 1848, 5099, 299, 0, 0, 100, 134, 389, 893, 1734, 1548, 1146, 698, 2656, 192, 0, 0
15:29:46, 1240.00, 29.01, 29.23, 29.289, 179, 290, 674, 1229, 1849, 1913, 1766, 1420, 3866, 233, 0, 0, 108, 145, 421, 962, 1851, 1655, 1234, 753, 2819, 204, 0, 0
15:29:47, 1240.70, 29.01, 29.20, 29.289, 170, 282, 654, 1215, 1855, 1900, 1813, 1404, 4317, 260, 0, 0, 104, 140, 406, 930, 1760, 1575, 1167, 711, 2800, 202, 0, 0
15:29:48, 1240.70, 29.01, 29.20, 29.289, 149, 257, 592, 1107, 1733, 1753, 1723, 1283, 4445, 274, 0, 0, 105, 141, 408, 932, 1721, 1543, 1139, 697, 2808, 202, 0, 0
15:29:48, 1241.50, 29.01, 29.18, 29.289, 168, 299, 689, 1269, 1894, 1892, 1839, 1406, 4727, 289, 0, 0, 102, 136, 396, 909, 1721, 1544, 1142, 699, 2765, 199, 0, 0
15:29:49, 1241.00, 29.01, 29.22, 29.289, 202, 350, 802, 1476, 2159, 2215, 2148, 1739, 5017, 299, 0, 0, 100, 133, 388, 893, 1702, 1522, 1123, 683, 2644, 191, 0, 0
15:29:50, 1236.60, 29.01, 29.23, 29.289, 159, 258, 604, 1105, 1559, 1600, 1441, 1146, 3064, 188, 0, 0, 116, 154, 447, 1019, 1953, 1751, 1320, 812, 2918, 212, 0, 0
15:29:50, 1233.50, 29.01, 29.23, 29.281, 151, 226, 537, 974, 1584, 1659, 1491, 1212, 2995, 184, 0, 0, 121, 163, 471, 1069, 2037, 1825, 1378, 843, 3060, 222, 0, 0
15:29:51, 1234.00, 29.01, 29.22, 29.281, 125, 209, 488, 909, 1407, 1410, 1333, 1001, 3331, 209, 0, 0, 123, 166, 476, 1080, 2022, 1828, 1383, 859, 3370, 244, 0, 0
15:29:52, 1236.70, 29.01, 29.23, 29.281, 168, 295, 666, 1252, 2111, 2120, 2148, 1678, 5545, 347, 0, 0, 104, 139, 403, 922, 1739, 1566, 1164, 716, 2851, 205, 0, 0
15:29:52, 1235.90, 29.02, 29.25, 29.281, 184, 318, 726, 1344, 1912, 1980, 1906, 1491, 4589, 274, 0, 0, 104, 138, 402, 921, 1771, 1594, 1192, 733, 2777, 201, 0, 0
15:29:53, 1231.30, 29.02, 29.22, 29.273, 171, 275, 635, 1155, 1808, 1882, 1724, 1423, 3545, 215, 0, 0, 117, 157, 453, 1026, 1931, 1734, 1307, 806, 2906, 210, 0, 0
15:29:54, 1232.10, 29.02, 29.22, 29.273, 175, 278, 651, 1171, 1833, 1892, 1748, 1406, 3722, 225, 0, 0, 111, 150, 433, 981, 1827, 1643, 1234, 764, 2912, 210, 0, 0
15:29:54, 1235.50, 29.02, 29.23, 29.273, 175, 312, 706, 1303, 2048, 2036, 2059, 1584, 5537, 345, 0, 0, 104, 140, 404, 919, 1720, 1547, 1151, 711, 2842, 204, 0, 0
15:29:55, 1235.10, 29.02, 29.25, 29.273, 177, 316, 714, 1326, 1914, 1935, 1876, 1449, 4664, 284, 0, 0, 111, 149, 432, 985, 1946, 1748, 1313, 805, 3050, 222, 0, 0
15:29:56, 1237.10, 29.02, 29.23, 29.273, 144, 229, 541, 996, 1604, 1658, 1490, 1193, 3182, 195, 0, 0, 115, 154, 447, 1017, 1961, 1754, 1316, 804, 2906, 211, 0, 0
15:29:56, 1238.60, 29.02, 29.23, 29.281, 165, 264, 623, 1124, 1774, 1827, 1659, 1346, 3404, 206, 0, 0, 112, 150, 436, 995, 1908, 1708, 1279, 782, 2851, 207, 0, 0
15:29:57, 1237.60, 29.02, 29.20, 29.289, 147, 236, 556, 1019, 1538, 1579, 1435, 1120, 3180, 196, 0, 0, 119, 160, 461, 1048, 1968, 1766, 1327, 815, 3095, 225, 0, 0
15:29:58, 1240.70, 29.02, 29.23, 29.289, 157, 270, 625, 1160, 1831, 1844, 1790, 1358, 4513, 275, 0, 0, 102, 137, 398, 912, 1703, 1529, 1129, 691, 2773, 199, 0, 0
15:29:58, 1242.10, 29.02, 29.23, 29.281, 168, 305, 698, 1298, 1914, 1901, 1909, 1414, 5104, 316, 0, 0, 106, 141, 411, 942, 1800, 1618, 1203, 737, 2932, 211, 0, 0
15:29:59, 1244.60, 29.02, 29.23, 29.289, 170, 294, 677, 1252, 1895, 1944, 1839, 1442, 4328, 260, 0, 0, 104, 139, 404, 929, 1791, 1604, 1193, 727, 2748, 199, 0, 0
15:30:00, 1245.00, 29.02, 29.23, 29.289, 170, 276, 648, 1182, 1751, 1804, 1635, 1314, 3486, 211, 0, 0, 106, 140, 410, 940, 1775, 1586, 1174, 713, 2635, 191, 0, 0
15:30:00, 1244.70, 29.02, 29.25, 29.281, 177, 279, 659, 1186, 1758, 1797, 1628, 1323, 3228, 195, 0, 0, 102, 134, 394, 907, 1750, 1557, 1145, 690, 2550, 185, 0, 0
15:30:01, 1241.20, 29.02, 29.25, 29.289, 154, 244, 582, 1053, 1519, 1550, 1381, 1096, 2836, 174, 0, 0, 110, 146, 428, 984, 1893, 1685, 1252, 757, 2775, 201, 0, 0
15:30:02, 1239.80, 29.02, 29.22, 29.289, 144, 231, 547, 1002, 1533, 1560, 1401, 1102, 3057, 187, 0, 0, 113, 152, 442, 1008, 1903, 1699, 1265, 770, 2878, 209, 0, 0
15:30:02, 1239.90, 29.02, 29.23, 29.281, 158, 257, 597, 1089, 1757, 1800, 1672, 1319, 3783, 230, 0, 0, 108, 146, 423, 963, 1816, 1620, 1202, 735, 2819, 203, 0, 0
15:30:03, 1243.40, 29.02, 29.25, 29.297, 202, 353, 808, 1477, 2478, 2490, 2445, 1992, 6077, 367, 0, 0, 96, 129, 375, 859, 1612, 1437, 1047, 639, 2596, 185, 0, 0
15:30:04, 1242.40, 29.02, 29.22, 29.297, 188, 340, 776, 1419, 1934, 1964, 1905, 1464, 4695, 284, 0, 0, 104, 139, 407, 935, 1845, 1644, 1216, 736, 2810, 204, 0, 0
15:30:04, 1243.60, 29.02, 29.23, 29.289, 122, 194, 467, 866, 1319, 1326, 1168, 901, 2374, 147, 0, 0, 120, 160, 466, 1064, 2001, 1775, 1318, 798, 2790, 202, 0, 0
15:30:05, 1248.80, 29.02, 29.23, 29.305, 147, 225, 546, 982, 1760, 1788, 1607, 1317, 2874, 177, 0, 0, 102, 135, 396, 910, 1649, 1467, 1075, 649, 2500, 181, 0, 0
15:30:06, 1251.50, 29.03, 29.20, 29.305, 149, 254, 593, 1100, 1554, 1552, 1464, 1094, 3703, 229, 0, 0, 98, 130, 380, 881, 1675, 1498, 1098, 663, 2676, 193, 0, 0
15:30:06, 1251.60, 29.02, 29.25, 29.297, 161, 274, 638, 1198, 1749, 1805, 1704, 1303, 4033, 243, 0, 0, 95, 124, 366, 852, 1626, 1447, 1054, 631, 2489, 180, 0, 0
15:30:07, 1250.60, 29.03, 29.25, 29.305, 135, 226, 537, 1006, 1421, 1433, 1299, 977, 3008, 186, 0, 0, 102, 134, 393, 912, 1737, 1547, 1139, 685, 2602, 188, 0, 0
15:30:08, 1251.60, 29.03, 29.23, 29.305, 146, 231, 550, 1022, 1711, 1779, 1596, 1284, 3377, 204, 0, 0, 96, 127, 373, 863, 1630, 1447, 1056, 635, 2428, 175, 0, 0
15:30:08, 1250.70, 29.03, 29.25, 29.297, 183, 316, 741, 1349, 2208, 2209, 2123, 1690, 4991, 297, 0, 0, 88, 116, 342, 794, 1548, 1377, 1001, 602, 2433, 175, 0, 0
15:30:09, 1249.40, 29.03, 29.23, 29.305, 152, 268, 620, 1170, 1811, 1790, 1761, 1313, 4673, 291, 0, 0, 94, 124, 364, 844, 1614, 1442, 1053, 638, 2605, 187, 0, 0
15:30:10, 1250.50, 29.03, 29.29, 29.305, 164, 290, 676, 1273, 1925, 1924, 1867, 1404, 4823, 294, 0, 0, 94, 124, 366, 848, 1608, 1433, 1043, 628, 2541, 182, 0, 0
15:30:10, 1249.30, 29.03, 29.23, 29.305, 163, 281, 652, 1219, 1861, 1888, 1788, 1381, 4267, 256, 0, 0, 98, 130, 382, 882, 1713, 1524, 1121, 677, 2600, 187, 0, 0
15:30:11, 1248.20, 29.03, 29.27, 29.297, 170, 279, 655, 1211, 1985, 2040, 1894, 1505, 4121, 246, 0, 0, 98, 130, 381, 878, 1686, 1495, 1093, 657, 2523, 182, 0, 0
15:30:12, 1247.60, 29.03, 29.27, 29.297, 176, 302, 708, 1303, 2060, 2085, 2001, 1579, 4709, 279, 0, 0, 97, 129, 378, 874, 1695, 1509, 1105, 667, 2649, 190, 0, 0
15:30:12, 1251.60, 29.03, 29.25, 29.297, 173, 314, 727, 1347, 2376, 2343, 2351, 1837, 6434, 409, 0, 0, 92, 122, 358, 827, 1565, 1400, 1023, 623, 2545, 182, 0, 0
15:30:13, 1250.00, 29.03, 29.23, 29.297, 192, 353, 823, 1494, 2141, 2134, 2078, 1624, 5264, 319, 0, 0, 96, 127, 372, 859, 1702, 1519, 1120, 679, 2620, 189, 0, 0
15:30:14, 1248.40, 29.03, 29.25, 29.297, 150, 237, 559, 1031, 1662, 1719, 1545, 1256, 3171, 192, 0, 0, 105, 139, 406, 931, 1794, 1601, 1186, 721, 2603, 189, 0, 0
15:30:14, 1249.10, 29.03, 29.27, 29.289, 180, 284, 684, 1218, 2022, 2036, 1875, 1558, 3508, 211, 0, 0, 96, 126, 371, 860, 1649, 1469, 1073, 645, 2432, 176, 0, 0
15:30:15, 1249.20, 29.03, 29.25, 29.289, 136, 215, 514, 955, 1337, 1359, 1223, 932, 2759, 172, 0, 0, 111, 146, 427, 987, 1962, 1762, 1319, 802, 3066, 224, 0, 0
15:30:16, 1250.20, 29.03, 29.27, 29.289, 108, 170, 411, 785, 1295, 1309, 1163, 887, 2575, 161, 0, 0, 109, 144, 420, 969, 1813, 1616, 1198, 720, 2660, 193, 0, 0
15:30:16, 1254.40, 29.03, 29.25, 29.273, 127, 201, 485, 907, 1405, 1426, 1281, 978, 2859, 176, 0, 0, 103, 136, 399, 926, 1756, 1569, 1155, 694, 2684, 194, 0, 0
15:30:17, 1259.30, 29.03, 29.27, 29.289, 159, 276, 649, 1231, 2158, 2142, 2085, 1619, 5326, 328, 0, 0, 86, 112, 331, 778, 1514, 1353, 981, 589, 2434, 174, 0, 0
15:30:18, 1259.80, 29.03, 29.29, 29.289, 117, 195, 469, 910, 1454, 1471, 1348, 998, 3206, 198, 0, 0, 94, 122, 360, 844, 1642, 1466, 1075, 645, 2502, 181, 0, 0
15:30:18, 1261.40, 29.03, 29.22, 29.273, 120, 188, 455, 877, 1418, 1444, 1295, 996, 2866, 176, 0, 0, 95, 123, 363, 851, 1623, 1447, 1057, 630, 2429, 176, 0, 0
15:30:19, 1267.10, 29.04, 29.23, 29.281, 135, 222, 536, 1021, 1597, 1632, 1511, 1145, 3523, 213, 0, 0, 86, 111, 329, 779, 1477, 1316, 948, 561, 2255, 163, 0, 0
15:30:20, 1273.00, 29.03, 29.23, 29.281, 132, 226, 547, 1052, 1567, 1561, 1455, 1075, 3567, 217, 0, 0, 80, 101, 305, 730, 1504, 1338, 962, 563, 2247, 163, 0, 0
15:30:20, 1275.80, 29.03, 29.27, 29.273, 108, 167, 417, 808, 1300, 1313, 1134, 867, 2355, 145, 0, 0, 89, 112, 335, 798, 1597, 1414, 1026, 601, 2196, 159, 0, 0
15:30:21, 1282.30, 29.03, 29.25, 29.273, 108, 162, 410, 788, 1289, 1297, 1125, 855, 2182, 133, 0, 0, 79, 99, 298, 718, 1401, 1238, 880, 508, 1978, 143, 0, 0
15:30:22, 1289.70, 29.03, 29.29, 29.273, 82, 126, 319, 637, 1076, 1078, 950, 678, 2264, 142, 0, 0, 72, 88, 268, 654, 1280, 1140, 804, 467, 1985, 144, 0, 0
15:30:22, 1292.30, 29.04, 29.29, 29.273, 96, 156, 390, 786, 1281, 1278, 1151, 834, 2783, 172, 0, 0, 66, 80, 246, 605, 1225, 1086, 761, 437, 1800, 130, 0, 0
15:30:23, 1291.70, 29.04, 29.27, 29.281, 96, 146, 367, 729, 1188, 1207, 1044, 781, 2239, 137, 0, 0, 71, 87, 263, 644, 1284, 1136, 800, 460, 1826, 132, 0, 0
15:30:24, 1295.80, 29.03, 29.29, 29.281, 111, 180, 450, 877, 1515, 1506, 1386, 1043, 3226, 194, 0, 0, 59, 72, 220, 546, 1092, 964, 662, 377, 1640, 118, 0, 0
15:30:24, 1295.80, 29.04, 29.29, 29.281, 110, 185, 459, 919, 1305, 1292, 1172, 840, 2878, 176, 0, 0, 66, 81, 247, 612, 1277, 1130, 790, 450, 1875, 136, 0, 0
15:30:25, 1295.10, 29.04, 29.25, 29.297, 78, 117, 300, 611, 936, 940, 791, 563, 1708, 107, 0, 0, 73, 89, 272, 667, 1323, 1166, 819, 466, 1838, 133, 0, 0
15:30:26, 1298.20, 29.04, 29.29, 29.297, 91, 138, 351, 695, 1240, 1243, 1081, 805, 2283, 139, 0, 0, 62, 75, 231, 572, 1126, 992, 682, 387, 1643, 119, 0, 0
15:30:26, 1297.20, 29.04, 29.29, 29.297, 97, 157, 396, 788, 1205, 1201, 1063, 762, 2567, 158, 0, 0, 63, 77, 235, 584, 1180, 1042, 719, 408, 1753, 127, 0, 0
15:30:27, 1300.20, 29.04, 29.29, 29.297, 84, 130, 330, 669, 1070, 1064, 911, 650, 2087, 130, 0, 0, 67, 82, 251, 620, 1205, 1061, 735, 418, 1754, 127, 0, 0
15:30:28, 1305.20, 29.04, 29.29, 29.297, 97, 154, 387, 781, 1330, 1329, 1201, 871, 2880, 174, 0, 0, 59, 71, 220, 546, 1106, 975, 669, 379, 1641, 118, 0, 0
15:30:28, 1306.30, 29.04, 29.32, 29.297, 81, 124, 316, 647, 1046, 1051, 899, 644, 2008, 125, 0, 0, 62, 75, 231, 578, 1187, 1044, 719, 403, 1672, 121, 0, 0
15:30:29, 1307.00, 29.04, 29.29, 29.305, 76, 112, 291, 597, 1022, 1030, 872, 626, 1851, 114, 0, 0, 63, 75, 232, 580, 1194, 1052, 727, 409, 1703, 123, 0, 0
15:30:30, 1312.40, 29.04, 29.31, 29.305, 81, 125, 320, 662, 1183, 1168, 1064, 743, 2679, 167, 0, 0, 55, 65, 202, 508, 1002, 886, 602, 341, 1531, 110, 0, 0
15:30:30, 1311.50, 29.04, 29.27, 29.297, 97, 165, 416, 833, 1354, 1324, 1206, 873, 3116, 193, 0, 0, 53, 63, 194, 491, 1058, 935, 639, 360, 1550, 112, 0, 0
15:30:31, 1313.10, 29.04, 29.31, 29.297, 75, 112, 289, 600, 973, 974, 823, 583, 1755, 109, 0, 0, 60, 70, 218, 552, 1130, 995, 682, 380, 1528, 111, 0, 0
15:30:32, 1316.70, 29.04, 29.27, 29.297, 75, 110, 289, 585, 1045, 1037, 876, 647, 1716, 105, 0, 0, 54, 64, 197, 499, 996, 880, 598, 336, 1384, 100, 0, 0
15:30:32, 1314.70, 29.04, 29.23, 29.289, 82, 120, 311, 629, 1075, 1075, 925, 676, 1909, 116, 0, 0, 53, 62, 193, 491, 1055, 931, 635, 353, 1471, 107, 0, 0
15:30:33, 1317.40, 29.04, 29.27, 29.289, 65, 96, 252, 524, 932, 926, 786, 550, 1833, 114, 0, 0, 53, 62, 193, 491, 965, 853, 578, 324, 1421, 102, 0, 0
15:30:34, 1319.70, 29.04, 29.29, 29.289, 99, 164, 413, 857, 1446, 1415, 1284, 923, 3229, 198, 0, 0, 47, 55, 172, 439, 907, 802, 538, 302, 1344, 96, 0, 0
15:30:34, 1320.70, 29.04, 29.29, 29.289, 94, 157, 398, 811, 1345, 1320, 1188, 868, 2983, 184, 0, 0, 47, 55, 170, 437, 959, 847, 572, 318, 1376, 100, 0, 0
15:30:35, 1322.10, 29.04, 29.29, 29.281, 56, 80, 212, 452, 762, 756, 618, 425, 1292, 81, 0, 0, 59, 68, 211, 541, 1129, 990, 678, 372, 1471, 106, 0, 0
15:30:36, 1325.00, 29.04, 29.27, 29.281, 64, 93, 248, 515, 901, 886, 737, 521, 1466, 90, 0, 0, 53, 61, 190, 485, 995, 873, 590, 327, 1324, 96, 0, 0
15:30:36, 1325.70, 29.04, 29.31, 29.281, 75, 110, 287, 592, 978, 977, 827, 589, 1808, 111, 0, 0, 48, 55, 172, 443, 922, 811, 543, 299, 1321, 96, 0, 0
15:30:37, 1324.30, 29.04, 29.27, 29.289, 68, 106, 276, 576, 998, 981, 850, 585, 2061, 127, 0, 0, 48, 55, 173, 447, 946, 833, 559, 309, 1370, 99, 0, 0
15:30:38, 1328.30, 29.05, 29.27, 29.289, 82, 130, 337, 699, 1365, 1335, 1199, 859, 3005, 186, 0, 0, 44, 51, 159, 410, 866, 768, 513, 287, 1305, 94, 0, 0
15:30:38, 1326.20, 29.05, 29.31, 29.289, 92, 152, 390, 804, 1332, 1302, 1168, 831, 3236, 201, 0, 0, 45, 52, 161, 414, 888, 786, 527, 293, 1311, 94, 0, 0
15:30:39, 1325.70, 29.05, 29.29, 29.289, 69, 104, 272, 572, 901, 900, 758, 525, 1716, 107, 0, 0, 54, 62, 195, 503, 1091, 960, 654, 359, 1485, 108, 0, 0
15:30:40, 1333.50, 29.04, 29.32, 29.289, 57, 82, 219, 465, 844, 832, 685, 479, 1397, 86, 0, 0, 49, 56, 174, 451, 895, 791, 530, 292, 1228, 89, 0, 0
15:30:40, 1336.20, 29.05, 29.31, 29.281, 77, 123, 322, 659, 1167, 1143, 1020, 730, 2490, 154, 0, 0, 41, 46, 145, 379, 804, 715, 476, 263, 1198, 86, 0, 0
15:30:41, 1335.90, 29.05, 29.29, 29.273, 74, 118, 307, 652, 1076, 1048, 927, 645, 2331, 145, 0, 0, 42, 47, 149, 390, 860, 763, 512, 281, 1228, 89, 0, 0
15:30:42, 1338.80, 29.05, 29.29, 29.273, 57, 81, 216, 466, 805, 799, 654, 455, 1375, 85, 0, 0, 48, 55, 171, 444, 954, 841, 569, 311, 1243, 90, 0, 0
15:30:42, 1345.20, 29.04, 29.31, 29.266, 53, 75, 203, 429, 745, 732, 598, 416, 1162, 72, 0, 0, 45, 50, 157, 412, 841, 743, 495, 269, 1118, 81, 0, 0
15:30:43, 1349.10, 29.04, 29.27, 29.266, 56, 82, 220, 469, 786, 776, 646, 442, 1434, 89, 0, 0, 39, 43, 136, 364, 780, 692, 459, 248, 1113, 81, 0, 0
15:30:44, 1353.30, 29.04, 29.31, 29.266, 47, 68, 182, 401, 758, 744, 625, 418, 1515, 95, 0, 0, 35, 39, 121, 326, 686, 607, 398, 215, 979, 71, 0, 0
15:30:44, 1353.40, 29.05, 29.31, 29.258, 60, 92, 243, 514, 903, 886, 764, 535, 1758, 108, 0, 0, 34, 37, 118, 317, 685, 605, 394, 213, 956, 69, 0, 0
15:30:45, 1350.10, 29.05, 29.31, 29.266, 55, 81, 218, 466, 787, 775, 637, 441, 1337, 82, 0, 0, 37, 40, 127, 342, 776, 685, 453, 243, 1025, 74, 0, 0
15:30:46, 1349.80, 29.05, 29.32, 29.266, 42, 57, 157, 343, 613, 600, 479, 324, 932, 58, 0, 0, 43, 47, 148, 390, 811, 715, 475, 257, 1050, 76, 0, 0
15:30:46, 1351.90, 29.05, 29.29, 29.258, 55, 80, 216, 458, 798, 788, 658, 463, 1411, 87, 0, 0, 36, 39, 124, 333, 715, 633, 416, 225, 1001, 72, 0, 0
15:30:47, 1353.90, 29.05, 29.29, 29.258, 52, 79, 211, 456, 767, 749, 637, 426, 1568, 98, 0, 0, 36, 39, 124, 336, 719, 639, 420, 226, 1036, 75, 0, 0
15:30:48, 1356.10, 29.05, 29.29, 29.258, 57, 87, 234, 513, 952, 931, 802, 545, 2006, 125, 0, 0, 32, 34, 109, 294, 652, 577, 376, 202, 929, 67, 0, 0
15:30:48, 1357.70, 29.05, 29.31, 29.266, 52, 75, 202, 438, 755, 745, 614, 424, 1338, 82, 0, 0, 35, 38, 120, 324, 717, 632, 414, 220, 949, 69, 0, 0
15:30:49, 1365.00, 29.05, 29.31, 29.273, 44, 62, 170, 371, 725, 708, 573, 392, 1177, 72, 0, 0, 31, 33, 104, 284, 607, 536, 344, 183, 838, 61, 0, 0
15:30:50, 1364.20, 29.05, 29.31, 29.273, 45, 63, 173, 381, 681, 668, 537, 363, 1118, 69, 0, 0, 32, 34, 108, 295, 661, 583, 379, 201, 882, 64, 0, 0
15:30:50, 1367.40, 29.05, 29.31, 29.273, 43, 61, 165, 363, 677, 667, 542, 367, 1212, 75, 0, 0, 31, 33, 105, 287, 614, 543, 351, 187, 855, 62, 0, 0
15:30:51, 1367.90, 29.05, 29.31, 29.273, 57, 86, 234, 513, 909, 885, 755, 506, 1843, 113, 0, 0, 29, 30, 96, 265, 609, 537, 346, 183, 834, 60, 0, 0
15:30:52, 1366.40, 29.05, 29.27, 29.273, 41, 56, 155, 346, 613, 600, 475, 318, 987, 61, 0, 0, 33, 35, 113, 306, 683, 601, 392, 208, 881, 64, 0, 0
15:30:52, 1367.60, 29.05, 29.31, 29.266, 43, 58, 160, 351, 666, 653, 525, 358, 1024, 63, 0, 0, 32, 34, 109, 297, 643, 566, 366, 194, 840, 61, 0, 0
15:30:53, 1370.00, 29.05, 29.32, 29.273, 45, 64, 176, 385, 687, 670, 546, 365, 1199, 74, 0, 0, 29, 31, 100, 273, 594, 524, 338, 179, 833, 60, 0, 0
15:30:54, 1371.00, 29.05, 29.29, 29.273, 43, 60, 164, 366, 629, 620, 505, 333, 1181, 74, 0, 0, 31, 33, 106, 291, 636, 562, 364, 193, 871, 63, 0, 0
15:30:54, 1368.90, 29.05, 29.34, 29.273, 45, 63, 173, 383, 619, 611, 491, 328, 1065, 66, 0, 0, 32, 34, 108, 297, 656, 577, 375, 197, 868, 63, 0, 0
15:30:55, 1371.20, 29.05, 29.32, 29.281, 42, 58, 159, 354, 671, 659, 544, 362, 1240, 77, 0, 0, 29, 31, 99, 272, 596, 528, 340, 180, 827, 60, 0, 0
15:30:56, 1366.40, 29.05, 29.31, 29.281, 41, 58, 158, 353, 605, 598, 485, 322, 1093, 69, 0, 0, 30, 32, 103, 282, 621, 550, 357, 190, 849, 62, 0, 0
15:30:56, 1354.80, 29.05, 29.32, 29.273, 38, 51, 140, 314, 583, 578, 464, 312, 975, 61, 0, 0, 37, 40, 125, 339, 764, 676, 449, 240, 1003, 73, 0, 0
15:30:57, 1349.50, 29.05, 29.34, 29.273, 43, 59, 161, 355, 633, 627, 510, 346, 1083, 68, 0, 0, 38, 41, 131, 351, 773, 687, 457, 246, 1070, 78, 0, 0
15:30:58, 1346.10, 29.05, 29.29, 29.273, 41, 59, 158, 350, 614, 607, 499, 333, 1163, 74, 0, 0, 41, 45, 142, 379, 798, 710, 474, 257, 1119, 82, 0, 0
15:30:58, 1346.40, 29.05, 29.34, 29.266, 49, 72, 193, 420, 698, 690, 573, 389, 1303, 81, 0, 0, 39, 42, 134, 358, 758, 673, 446, 241, 1067, 78, 0, 0
15:30:59, 1350.70, 29.05, 29.34, 29.266, 54, 81, 218, 469, 871, 853, 742, 513, 1776, 110, 0, 0, 33, 36, 114, 307, 662, 587, 382, 207, 949, 68, 0, 0
15:31:00, 1346.80, 29.05, 29.34, 29.266, 58, 87, 235, 503, 751, 745, 621, 423, 1367, 85, 0, 0, 38, 41, 131, 350, 764, 676, 448, 241, 1039, 75, 0, 0
15:31:00, 1346.40, 29.05, 29.31, 29.266, 43, 59, 160, 352, 624, 617, 496, 336, 1036, 65, 0, 0, 43, 47, 148, 392, 811, 717, 478, 258, 1088, 79, 0, 0
15:31:01, 1350.60, 29.05, 29.29, 29.266, 55, 80, 216, 467, 816, 805, 686, 471, 1573, 97, 0, 0, 35, 38, 121, 326, 709, 626, 410, 221, 1002, 72, 0, 0
15:31:02, 1351.80, 29.06, 29.34, 29.266, 52, 77, 208, 452, 768, 748, 634, 423, 1570, 99, 0, 0, 36, 40, 126, 338, 720, 636, 416, 224, 1032, 74, 0, 0
15:31:02, 1354.30, 29.05, 29.34, 29.281, 55, 83, 222, 481, 810, 790, 668, 448, 1606, 100, 0, 0, 36, 39, 124, 333, 704, 620, 405, 217, 996, 72, 0, 0
15:31:03, 1356.90, 29.06, 29.27, 29.281, 58, 88, 236, 508, 884, 859, 736, 501, 1782, 110, 0, 0, 33, 36, 113, 306, 668, 587, 380, 203, 934, 67, 0, 0
15:31:04, 1353.50, 29.06, 29.34, 29.273, 52, 76, 204, 443, 774, 761, 625, 426, 1377, 85, 0, 0, 36, 39, 123, 331, 737, 648, 424, 227, 992, 72, 0, 0
15:31:04, 1351.80, 29.06, 29.34, 29.281, 49, 69, 187, 404, 742, 731, 597, 409, 1244, 77, 0, 0, 37, 40, 127, 339, 731, 643, 420, 225, 983, 71, 0, 0
15:31:05, 1348.80, 29.06, 29.34, 29.281, 50, 72, 195, 423, 729, 719, 593, 400, 1350, 84, 0, 0, 39, 43, 135, 360, 764, 677, 446, 241, 1105, 80, 0, 0
15:31:06, 1348.90, 29.06, 29.32, 29.281, 47, 69, 186, 407, 726, 708, 595, 393, 1473, 93, 0, 0, 38, 42, 132, 351, 725, 642, 421, 228, 1040, 75, 0, 0
15:31:06, 1347.60, 29.06, 29.32, 29.281, 56, 84, 224, 483, 873, 856, 732, 501, 1732, 107, 0, 0, 37, 40, 128, 341, 749, 663, 438, 237, 1052, 76, 0, 0
15:31:07, 1345.80, 29.06, 29.34, 29.281, 56, 82, 219, 470, 832, 820, 686, 473, 1560, 96, 0, 0, 39, 43, 134, 358, 775, 686, 455, 247, 1079, 78, 0, 0
15:31:08, 1345.20, 29.06, 29.34, 29.273, 59, 90, 240, 510, 949, 927, 798, 549, 1867, 115, 0, 0, 37, 41, 129, 344, 789, 699, 465, 252, 1102, 80, 0, 0
15:31:08, 1341.20, 29.06, 29.34, 29.273, 51, 74, 198, 428, 751, 742, 614, 417, 1406, 88, 0, 0, 43, 48, 150, 395, 872, 773, 520, 283, 1209, 88, 0, 0
15:31:09, 1342.80, 29.06, 29.32, 29.273, 50, 71, 190, 410, 796, 786, 656, 454, 1386, 85, 0, 0, 41, 45, 141, 374, 805, 713, 475, 258, 1098, 79, 0, 0
15:31:10, 1341.20, 29.06, 29.32, 29.273, 63, 93, 247, 523, 973, 963, 837, 584, 1914, 117, 0, 0, 39, 43, 135, 358, 793, 704, 469, 256, 1138, 82, 0, 0
15:31:10, 1342.50, 29.06, 29.36, 29.266, 55, 83, 219, 471, 900, 879, 766, 518, 1920, 120, 0, 0, 39, 43, 135, 358, 784, 697, 465, 254, 1141, 82, 0, 0
15:31:11, 1345.80, 29.06, 29.31, 29.266, 52, 76, 203, 443, 777, 769, 647, 438, 1494, 93, 0, 0, 41, 46, 144, 382, 829, 736, 492, 267, 1169, 85, 0, 0
15:31:12, 1351.50, 29.06, 29.34, 29.266, 56, 82, 221, 474, 867, 851, 721, 499, 1635, 100, 0, 0, 36, 40, 125, 335, 744, 659, 436, 235, 1020, 74, 0, 0
15:31:12, 1352.60, 29.06, 29.34, 29.258, 43, 58, 159, 351, 605, 595, 471, 320, 928, 58, 0, 0, 44, 48, 152, 403, 907, 799, 538, 289, 1132, 82, 0, 0
15:31:13, 1356.50, 29.06, 29.36, 29.258, 36, 48, 135, 299, 587, 574, 460, 308, 873, 54, 0, 0, 42, 45, 142, 379, 871, 769, 517, 277, 1094, 79, 0, 0
15:31:14, 1357.10, 29.06, 29.34, 29.266, 30, 38, 107, 242, 425, 416, 319, 207, 651, 42, 0, 0, 46, 50, 158, 422, 888, 787, 530, 283, 1168, 85, 0, 0
15:31:14, 1357.90, 29.06, 29.32, 29.258, 29, 37, 103, 237, 442, 436, 337, 219, 716, 46, 0, 0, 45, 49, 153, 409, 861, 760, 510, 273, 1101, 80, 0, 0
15:31:15, 1356.80, 29.06, 29.34, 29.258, 36, 47, 131, 290, 540, 529, 421, 280, 800, 50, 0, 0, 40, 44, 138, 369, 804, 709, 470, 250, 1009, 73, 0, 0
15:31:16, 1354.50, 29.06, 29.32, 29.258, 34, 44, 123, 276, 493, 484, 378, 251, 776, 49, 0, 0, 41, 45, 142, 381, 815, 720, 481, 256, 1052, 77, 0, 0
15:31:16, 1349.20, 29.06, 29.36, 29.258, 33, 44, 122, 272, 489, 478, 376, 249, 734, 46, 0, 0, 46, 51, 159, 422, 906, 799, 537, 288, 1133, 82, 0, 0
15:31:17, 1349.00, 29.06, 29.34, 29.258, 31, 40, 110, 249, 463, 457, 356, 234, 750, 48, 0, 0, 45, 49, 154, 410, 868, 768, 516, 276, 1153, 84, 0, 0
15:31:18, 1345.20, 29.06, 29.32, 29.258, 33, 43, 119, 267, 463, 455, 355, 233, 756, 48, 0, 0, 51, 56, 175, 462, 984, 870, 594, 321, 1274, 93, 0, 0
15:31:18, 1345.60, 29.07, 29.34, 29.266, 34, 45, 124, 275, 527, 517, 409, 276, 790, 50, 0, 0, 47, 52, 161, 426, 906, 799, 540, 292, 1142, 83, 0, 0
15:31:19, 1340.50, 29.06, 29.34, 29.266, 38, 50, 138, 306, 537, 530, 421, 282, 878, 55, 0, 0, 49, 54, 168, 444, 965, 854, 582, 316, 1283, 94, 0, 0
15:31:20, 1338.70, 29.07, 29.34, 29.258, 35, 47, 130, 288, 539, 529, 418, 281, 843, 53, 0, 0, 50, 55, 173, 453, 976, 860, 585, 318, 1215, 88, 0, 0
15:31:20, 1335.70, 29.07, 29.36, 29.266, 40, 54, 148, 322, 580, 570, 458, 311, 860, 54, 0, 0, 53, 59, 184, 480, 988, 870, 593, 323, 1249, 91, 0, 0
15:31:21, 1332.00, 29.07, 29.36, 29.266, 42, 57, 156, 339, 589, 580, 464, 315, 943, 59, 0, 0, 52, 59, 182, 475, 1029, 911, 627, 343, 1338, 97, 0, 0
15:31:22, 1328.30, 29.07, 29.32, 29.266, 40, 54, 147, 320, 576, 566, 450, 306, 921, 58, 0, 0, 57, 65, 201, 519, 1096, 970, 672, 370, 1428, 104, 0, 0
15:31:22, 1325.90, 29.07, 29.36, 29.266, 40, 54, 148, 322, 581, 571, 453, 306, 936, 59, 0, 0, 60, 69, 213, 546, 1140, 1010, 703, 387, 1522, 111, 0, 0
15:31:23, 1326.60, 29.07, 29.36, 29.266, 43, 59, 161, 347, 625, 614, 490, 333, 1027, 65, 0, 0, 56, 65, 200, 514, 1053, 932, 643, 354, 1415, 103, 0, 0
15:31:24, 1325.30, 29.07, 29.34, 29.266, 47, 67, 180, 384, 675, 667, 544, 370, 1215, 77, 0, 0, 57, 65, 202, 517, 1072, 953, 658, 365, 1525, 112, 0, 0
15:31:24, 1321.30, 29.07, 29.34, 29.273, 58, 86, 227, 480, 823, 817, 686, 472, 1543, 96, 0, 0, 53, 62, 192, 491, 1093, 970, 672, 374, 1535, 112, 0, 0
15:31:25, 1317.50, 29.07, 29.34, 29.273, 47, 66, 176, 376, 663, 656, 530, 365, 1139, 72, 0, 0, 67, 78, 240, 605, 1285, 1136, 802, 447, 1669, 121, 0, 0
15:31:26, 1316.10, 29.07, 29.34, 29.258, 48, 65, 177, 372, 606, 599, 485, 335, 908, 58, 0, 0, 73, 86, 264, 662, 1356, 1197, 850, 474, 1731, 126, 0, 0
15:31:26, 1315.70, 29.07, 29.34, 29.266, 40, 55, 147, 317, 582, 578, 468, 320, 999, 64, 0, 0, 65, 76, 234, 594, 1228, 1094, 768, 429, 1734, 127, 0, 0
15:31:27, 1314.60, 29.07, 29.36, 29.266, 45, 62, 166, 357, 640, 638, 520, 361, 1096, 70, 0, 0, 61, 71, 219, 555, 1145, 1015, 710, 396, 1521, 111, 0, 0
15:31:28, 1309.10, 29.07, 29.32, 29.266, 49, 68, 183, 383, 638, 628, 513, 358, 983, 62, 0, 0, 70, 82, 251, 631, 1274, 1128, 798, 447, 1649, 120, 0, 0
15:31:28, 1303.00, 29.08, 29.32, 29.266, 49, 68, 182, 381, 665, 660, 542, 381, 1091, 69, 0, 0, 72, 84, 258, 646, 1327, 1180, 842, 475, 1762, 128, 0, 0
15:31:29, 1300.60, 29.08, 29.36, 29.266, 52, 72, 192, 399, 702, 700, 579, 410, 1114, 71, 0, 0, 74, 88, 267, 664, 1383, 1228, 880, 498, 1804, 131, 0, 0
15:31:30, 1295.80, 29.08, 29.40, 29.266, 53, 75, 199, 412, 712, 706, 588, 416, 1130, 71, 0, 0, 77, 92, 281, 694, 1452, 1288, 928, 528, 1881, 137, 0, 0
15:31:30, 1290.40, 29.08, 29.34, 29.266, 51, 73, 192, 396, 692, 680, 563, 399, 1104, 70, 0, 0, 81, 98, 297, 731, 1508, 1340, 972, 557, 1978, 144, 0, 0
15:31:31, 1286.30, 29.08, 29.38, 29.266, 50, 72, 188, 388, 664, 653, 538, 380, 1059, 67, 0, 0, 100, 123, 369, 891, 1765, 1565, 1153, 664, 2221, 161, 0, 0
15:31:32, 1283.70, 29.08, 29.36, 29.258, 55, 79, 207, 422, 696, 682, 570, 402, 1058, 67, 0, 0, 98, 120, 361, 869, 1785, 1584, 1167, 674, 2259, 163, 0, 0
15:31:32, 1281.90, 29.08, 29.38, 29.266, 53, 76, 199, 405, 719, 709, 591, 423, 1147, 73, 0, 0, 91, 112, 336, 812, 1596, 1419, 1034, 598, 2143, 156, 0, 0
15:31:33, 1277.30, 29.08, 29.36, 29.266, 57, 81, 210, 427, 700, 699, 582, 419, 1163, 75, 0, 0, 107, 134, 398, 948, 1883, 1675, 1244, 724, 2459, 178, 0, 0
15:31:34, 1273.20, 29.08, 29.34, 29.266, 57, 83, 215, 433, 726, 717, 607, 437, 1136, 72, 0, 0, 110, 138, 410, 971, 1932, 1719, 1283, 753, 2474, 179, 0, 0
15:31:34, 1271.40, 29.08, 29.36, 29.273, 57, 82, 212, 427, 732, 727, 616, 446, 1156, 73, 0, 0, 106, 132, 394, 936, 1790, 1602, 1192, 700, 2435, 178, 0, 0
15:31:35, 1267.80, 29.08, 29.40, 29.273, 56, 81, 206, 422, 720, 723, 619, 443, 1368, 88, 0, 0, 106, 134, 396, 944, 1856, 1674, 1249, 738, 2723, 200, 0, 0
15:31:36, 1266.20, 29.08, 29.38, 29.266, 60, 88, 224, 450, 772, 772, 658, 483, 1316, 84, 0, 0, 104, 130, 387, 919, 1804, 1612, 1202, 708, 2376, 173, 0, 0
15:31:36, 1262.60, 29.09, 29.36, 29.273, 64, 95, 244, 483, 793, 787, 676, 495, 1279, 81, 0, 0, 112, 142, 418, 987, 1941, 1744, 1320, 785, 2654, 194, 0, 0
15:31:37, 1261.20, 29.08, 29.40, 29.273, 61, 91, 230, 461, 759, 762, 653, 471, 1413, 91, 0, 0, 108, 137, 403, 954, 1805, 1627, 1220, 727, 2595, 190, 0, 0
15:31:38, 1258.80, 29.09, 29.36, 29.258, 80, 119, 300, 583, 945, 945, 821, 619, 1572, 99, 0, 0, 105, 132, 390, 917, 1783, 1601, 1196, 717, 2393, 174, 0, 0
15:31:38, 1253.30, 29.09, 29.40, 29.266, 75, 111, 280, 543, 826, 823, 708, 524, 1347, 85, 0, 0, 127, 164, 478, 1107, 2193, 1975, 1527, 925, 2983, 218, 0, 0
15:31:39, 1251.80, 29.09, 29.38, 29.266, 61, 89, 227, 452, 767, 766, 649, 475, 1304, 84, 0, 0, 137, 178, 516, 1189, 2204, 1980, 1522, 918, 2996, 218, 0, 0
15:31:40, 1252.10, 29.09, 29.36, 29.266, 74, 111, 280, 543, 903, 893, 773, 573, 1468, 92, 0, 0, 127, 165, 483, 1111, 2226, 1994, 1532, 924, 2963, 215, 0, 0
15:31:40, 1251.50, 29.09, 29.36, 29.266, 60, 89, 226, 448, 759, 753, 638, 464, 1283, 82, 0, 0, 142, 187, 540, 1241, 2295, 2060, 1586, 958, 3147, 229, 0, 0
15:31:41, 1253.50, 29.09, 29.40, 29.266, 78, 116, 292, 563, 986, 986, 854, 645, 1645, 103, 0, 0, 117, 151, 443, 1027, 2047, 1835, 1395, 839, 2798, 203, 0, 0
15:31:42, 1251.10, 29.09, 29.34, 29.266, 68, 102, 257, 502, 781, 775, 661, 485, 1295, 83, 0, 0, 145, 191, 551, 1264, 2353, 2116, 1639, 995, 3226, 235, 0, 0
15:31:42, 1251.90, 29.09, 29.34, 29.273, 73, 109, 276, 532, 924, 921, 800, 602, 1521, 96, 0, 0, 125, 162, 474, 1091, 2113, 1894, 1448, 875, 2865, 208, 0, 0
15:31:43, 1251.20, 29.09, 29.38, 29.273, 74, 111, 279, 541, 872, 873, 750, 558, 1546, 98, 0, 0, 126, 165, 479, 1110, 2121, 1907, 1456, 876, 3016, 220, 0, 0
15:31:44, 1252.60, 29.09, 29.34, 29.273, 73, 111, 279, 541, 933, 926, 798, 596, 1563, 98, 0, 0, 118, 153, 447, 1034, 2001, 1787, 1349, 811, 2673, 194, 0, 0
15:31:45, 1250.60, 29.09, 29.40, 29.273, 91, 136, 341, 646, 1011, 1011, 881, 666, 1647, 104, 0, 0, 124, 161, 470, 1083, 2136, 1908, 1455, 874, 2899, 211, 0, 0
15:31:45, 1248.60, 29.09, 29.34, 29.273, 75, 113, 283, 546, 872, 867, 744, 551, 1513, 96, 0, 0, 128, 168, 489, 1127, 2091, 1873, 1423, 856, 2998, 219, 0, 0
15:31:46, 1251.40, 29.10, 29.40, 29.258, 74, 113, 281, 552, 948, 952, 831, 613, 1839, 117, 0, 0, 118, 154, 449, 1039, 1990, 1788, 1351, 815, 2938, 215, 0, 0
15:31:47, 1249.10, 29.10, 29.38, 29.273, 93, 141, 347, 660, 1023, 1032, 895, 684, 1785, 113, 0, 0, 121, 158, 462, 1064, 2094, 1871, 1421, 856, 2852, 207, 0, 0
15:31:47, 1246.40, 29.10, 29.42, 29.273, 77, 118, 295, 566, 930, 917, 802, 598, 1474, 93, 0, 0, 141, 186, 539, 1226, 2369, 2115, 1624, 988, 3080, 222, 0, 0
15:31:48, 1246.60, 29.10, 29.36, 29.273, 73, 108, 273, 528, 859, 859, 740, 553, 1443, 92, 0, 0, 139, 184, 531, 1216, 2339, 2109, 1627, 989, 3397, 249, 0, 0
15:31:49, 1247.50, 29.10, 29.38, 29.273, 68, 102, 254, 503, 821, 827, 718, 527, 1564, 101, 0, 0, 135, 179, 517, 1186, 2202, 1982, 1523, 924, 3133, 229, 0, 0
15:31:49, 1243.10, 29.10, 29.42, 29.273, 84, 126, 314, 598, 953, 949, 832, 631, 1556, 98, 0, 0, 134, 176, 510, 1164, 2295, 2059, 1588, 972, 3057, 221, 0, 0
15:31:50, 1240.50, 29.10, 29.40, 29.266, 65, 97, 244, 474, 751, 742, 640, 470, 1206, 77, 0, 0, 157, 208, 597, 1351, 2489, 2235, 1745, 1067, 3326, 241, 0, 0
15:31:51, 1240.40, 29.10, 29.42, 29.273, 72, 109, 273, 525, 855, 848, 735, 548, 1399, 89, 0, 0, 150, 199, 572, 1297, 2469, 2214, 1724, 1054, 3270, 237, 0, 0
15:31:51, 1239.60, 29.10, 29.40, 29.273, 74, 111, 279, 536, 858, 854, 738, 550, 1459, 93, 0, 0, 150, 200, 572, 1299, 2472, 2224, 1736, 1060, 3443, 251, 0, 0
15:31:52, 1240.10, 29.10, 29.42, 29.266, 77, 117, 292, 558, 943, 938, 816, 615, 1637, 103, 0, 0, 133, 176, 508, 1158, 2194, 1972, 1518, 927, 3113, 227, 0, 0
15:31:53, 1238.00, 29.10, 29.42, 29.281, 80, 122, 301, 577, 816, 812, 697, 514, 1443, 93, 0, 0, 167, 225, 643, 1452, 2608, 2347, 1835, 1120, 3686, 269, 0, 0
15:31:53, 1239.90, 29.10, 29.40, 29.281, 79, 121, 300, 572, 922, 912, 789, 593, 1523, 96, 0, 0, 150, 199, 573, 1295, 2461, 2205, 1710, 1048, 3276, 237, 0, 0
15:31:54, 1238.20, 29.10, 29.40, 29.266, 77, 118, 294, 561, 897, 884, 771, 573, 1441, 91, 0, 0, 159, 213, 608, 1364, 2567, 2303, 1801, 1110, 3494, 254, 0, 0
15:31:55, 1238.10, 29.11, 29.40, 29.273, 77, 118, 291, 556, 912, 907, 784, 589, 1552, 99, 0, 0, 152, 204, 584, 1317, 2398, 2146, 1660, 1014, 3313, 240, 0, 0
15:31:55, 1237.80, 29.11, 29.40, 29.273, 92, 143, 351, 658, 1099, 1101, 966, 742, 1953, 123, 0, 0, 132, 177, 510, 1157, 2239, 2007, 1538, 942, 3226, 235, 0, 0
15:31:56, 1234.90, 29.11, 29.42, 29.273, 94, 146, 354, 671, 1023, 1033, 907, 689, 1917, 122, 0, 0, 149, 202, 579, 1302, 2421, 2169, 1675, 1029, 3428, 249, 0, 0
15:31:57, 1233.30, 29.11, 29.40, 29.281, 103, 159, 388, 713, 1196, 1190, 1071, 837, 1956, 122, 0, 0, 146, 196, 564, 1263, 2454, 2189, 1680, 1034, 3276, 236, 0, 0
15:31:57, 1230.20, 29.11, 29.38, 29.281, 88, 136, 332, 623, 995, 1000, 882, 674, 1806, 115, 0, 0, 154, 209, 596, 1341, 2541, 2296, 1791, 1113, 3795, 278, 0, 0
15:31:58, 1227.60, 29.11, 29.40, 29.273, 85, 131, 319, 605, 949, 959, 844, 642, 1761, 113, 0, 0, 165, 224, 636, 1421, 2670, 2401, 1884, 1170, 3708, 269, 0, 0
15:31:59, 1225.90, 29.11, 29.42, 29.281, 91, 144, 351, 651, 1087, 1070, 979, 743, 1756, 110, 0, 0, 165, 223, 636, 1406, 2702, 2429, 1894, 1190, 3601, 259, 0, 0
15:31:59, 1221.30, 29.11, 29.40, 29.281, 83, 128, 313, 586, 894, 893, 787, 602, 1536, 98, 0, 0, 200, 276, 773, 1697, 3109, 2811, 2258, 1418, 4429, 323, 0, 0
15:32:00, 1219.90, 29.11, 29.42, 29.266, 86, 132, 321, 598, 976, 976, 867, 669, 1675, 106, 0, 0, 185, 254, 716, 1574, 2942, 2645, 2101, 1321, 3951, 286, 0, 0
15:32:01, 1220.60, 29.12, 29.36, 29.266, 94, 147, 356, 656, 1033, 1029, 926, 713, 1700, 107, 0, 0, 182, 248, 701, 1542, 2831, 2551, 2024, 1269, 3890, 283, 0, 0
15:32:01, 1220.80, 29.11, 29.42, 29.266, 85, 133, 322, 602, 965, 968, 859, 657, 1812, 116, 0, 0, 177, 242, 682, 1512, 2888, 2631, 2097, 1324, 4420, 325, 0, 0
15:32:02, 1222.40, 29.12, 29.38, 29.258, 90, 139, 334, 628, 1001, 1013, 897, 692, 1827, 117, 0, 0, 168, 230, 649, 1440, 2656, 2393, 1886, 1181, 3682, 267, 0, 0
15:32:03, 1221.20, 29.12, 29.38, 29.258, 103, 163, 393, 718, 1185, 1176, 1074, 836, 1956, 123, 0, 0, 159, 216, 611, 1353, 2560, 2308, 1813, 1139, 3541, 257, 0, 0
15:32:03, 1214.40, 29.12, 29.38, 29.258, 95, 148, 355, 651, 1002, 1010, 899, 695, 1784, 114, 0, 0, 192, 267, 746, 1630, 3107, 2806, 2258, 1427, 4404, 320, 0, 0
15:32:04, 1216.80, 29.12, 29.42, 29.258, 83, 128, 310, 578, 884, 877, 773, 588, 1489, 95, 0, 0, 211, 293, 819, 1778, 3150, 2839, 2283, 1443, 4235, 305, 0, 0
15:32:05, 1219.20, 29.12, 29.42, 29.266, 93, 147, 354, 650, 1044, 1040, 926, 718, 1778, 113, 0, 0, 176, 242, 680, 1498, 2697, 2440, 1932, 1213, 3911, 286, 0, 0
15:32:05, 1218.70, 29.12, 29.43, 29.266, 93, 145, 348, 652, 1054, 1068, 949, 733, 1975, 126, 0, 0, 171, 236, 663, 1464, 2680, 2419, 1912, 1200, 3857, 281, 0, 0
15:32:06, 1217.40, 29.12, 29.42, 29.266, 110, 173, 414, 750, 1199, 1197, 1083, 855, 2024, 128, 0, 0, 168, 231, 650, 1425, 2660, 2395, 1886, 1191, 3688, 267, 0, 0
15:32:07, 1212.90, 29.12, 29.43, 29.266, 119, 187, 442, 801, 1238, 1260, 1141, 896, 2491, 158, 0, 0, 157, 218, 611, 1348, 2523, 2294, 1805, 1148, 4033, 295, 0, 0
15:32:07, 1210.60, 29.12, 29.42, 29.266, 106, 170, 397, 737, 1129, 1145, 1032, 801, 2249, 143, 0, 0, 186, 260, 725, 1582, 2808, 2536, 2016, 1274, 4109, 299, 0, 0
15:32:08, 1208.20, 29.12, 29.42, 29.266, 119, 189, 446, 799, 1212, 1209, 1089, 861, 2086, 131, 0, 0, 198, 279, 775, 1672, 3063, 2761, 2216, 1410, 4325, 313, 0, 0
15:32:09, 1206.90, 29.12, 29.43, 29.266, 111, 176, 415, 750, 1220, 1239, 1114, 883, 2331, 149, 0, 0, 179, 254, 703, 1525, 2677, 2417, 1912, 1217, 4052, 295, 0, 0
15:32:09, 1202.10, 29.13, 29.42, 29.266, 137, 216, 502, 888, 1286, 1299, 1169, 938, 2318, 147, 0, 0, 213, 305, 840, 1793, 3370, 3028, 2446, 1563, 4714, 341, 0, 0
15:32:10, 1203.70, 29.13, 29.45, 29.266, 111, 179, 423, 755, 1151, 1135, 1031, 802, 1930, 121, 0, 0, 224, 320, 884, 1879, 3398, 3053, 2470, 1584, 4688, 338, 0, 0
15:32:11, 1205.70, 29.13, 29.43, 29.273, 105, 165, 390, 703, 1120, 1128, 1007, 793, 2062, 132, 0, 0, 211, 302, 833, 1789, 3122, 2817, 2254, 1433, 4713, 344, 0, 0
15:32:11, 1204.40, 29.13, 29.43, 29.273, 113, 181, 427, 767, 1222, 1220, 1097, 866, 2171, 137, 0, 0, 199, 283, 785, 1682, 3062, 2745, 2180, 1392, 4225, 304, 0, 0
15:32:12, 1201.90, 29.13, 29.45, 29.266, 112, 183, 429, 762, 1169, 1150, 1042, 817, 1971, 124, 0, 0, 244, 352, 965, 2029, 3669, 3292, 2680, 1727, 5085, 367, 0, 0
15:32:13, 1204.50, 29.13, 29.45, 29.273, 117, 186, 435, 777, 1220, 1232, 1106, 875, 2271, 145, 0, 0, 202, 290, 800, 1717, 3056, 2754, 2196, 1398, 4633, 337, 0, 0
15:32:13, 1205.00, 29.13, 29.42, 29.273, 106, 171, 402, 731, 1106, 1103, 985, 761, 2005, 127, 0, 0, 222, 318, 876, 1865, 3270, 2930, 2350, 1502, 4529, 326, 0, 0
15:32:14, 1202.90, 29.13, 29.45, 29.273, 134, 217, 508, 887, 1389, 1365, 1273, 1010, 2297, 145, 0, 0, 215, 308, 850, 1799, 3223, 2891, 2309, 1489, 4461, 320, 0, 0
15:32:15, 1202.00, 29.13, 29.43, 29.281, 110, 172, 407, 728, 1095, 1091, 977, 766, 1909, 121, 0, 0, 232, 335, 920, 1950, 3433, 3090, 2503, 1604, 5042, 367, 0, 0
15:32:15, 1203.60, 29.13, 29.45, 29.281, 97, 158, 370, 684, 1069, 1067, 962, 732, 2181, 139, 0, 0, 220, 318, 873, 1867, 3171, 2857, 2287, 1462, 4804, 349, 0, 0
15:32:16, 1202.10, 29.13, 29.45, 29.273, 141, 224, 520, 908, 1471, 1479, 1346, 1100, 2565, 162, 0, 0, 207, 295, 817, 1741, 3251, 2911, 2318, 1490, 4478, 322, 0, 0
15:32:17, 1200.40, 29.14, 29.43, 29.273, 133, 214, 503, 880, 1237, 1225, 1105, 871, 2093, 131, 0, 0, 234, 338, 927, 1959, 3421, 3068, 2478, 1587, 4852, 351, 0, 0
15:32:17, 1201.90, 29.13, 29.42, 29.273, 105, 169, 395, 715, 1054, 1049, 934, 718, 1989, 127, 0, 0, 244, 355, 969, 2051, 3421, 3072, 2473, 1585, 5020, 365, 0, 0
15:32:18, 1198.10, 29.14, 29.43, 29.273, 147, 231, 537, 931, 1444, 1446, 1313, 1069, 2482, 157, 0, 0, 230, 333, 914, 1924, 3569, 3186, 2553, 1647, 4858, 348, 0, 0
15:32:19, 1196.90, 29.14, 29.45, 29.281, 128, 210, 490, 860, 1273, 1248, 1143, 891, 2102, 132, 0, 0, 255, 372, 1016, 2114, 3721, 3323, 2685, 1736, 5112, 366, 0, 0
15:32:19, 1194.30, 29.14, 29.43, 29.281, 118, 191, 446, 786, 1188, 1176, 1056, 832, 2122, 135, 0, 0, 265, 392, 1061, 2212, 3871, 3470, 2827, 1827, 5627, 408, 0, 0
15:32:20, 1195.10, 29.14, 29.45, 29.281, 153, 244, 557, 964, 1476, 1494, 1356, 1106, 2718, 171, 0, 0, 231, 338, 925, 1948, 3494, 3119, 2502, 1607, 5027, 362, 0, 0
15:32:21, 1193.00, 29.14, 29.47, 29.289, 127, 205, 475, 838, 1229, 1222, 1100, 869, 2229, 141, 0, 0, 279, 414, 1121, 2323, 4031, 3596, 2930, 1892, 5670, 409, 0, 0
15:32:21, 1189.00, 29.14, 29.42, 29.289, 138, 225, 518, 894, 1390, 1377, 1261, 1020, 2403, 152, 0, 0, 250, 369, 1005, 2089, 3629, 3231, 2586, 1674, 5058, 362, 0, 0
15:32:22, 1188.10, 29.15, 29.43, 29.281, 111, 181, 422, 742, 1082, 1058, 965, 751, 1794, 114, 0, 0, 325, 486, 1305, 2652, 4345, 3875, 3173, 2076, 5931, 424, 0, 0
15:32:23, 1185.50, 29.14, 29.45, 29.289, 138, 223, 516, 895, 1318, 1311, 1204, 962, 2300, 145, 0, 0, 291, 434, 1169, 2405, 4390, 3925, 3233, 2106, 6216, 447, 0, 0
15:32:23, 1186.90, 29.15, 29.45, 29.289, 112, 182, 419, 743, 1201, 1200, 1088, 869, 2254, 144, 0, 0, 273, 404, 1092, 2271, 4039, 3637, 2981, 1948, 6064, 440, 0, 0
15:32:24, 1187.20, 29.15, 29.43, 29.289, 124, 200, 461, 812, 1287, 1286, 1170, 941, 2278, 144, 0, 0, 269, 397, 1073, 2224, 3771, 3388, 2755, 1804, 5336, 383, 0, 0
15:32:25, 1186.50, 29.15, 29.45, 29.289, 141, 229, 528, 914, 1267, 1256, 1149, 913, 2198, 139, 0, 0, 317, 473, 1266, 2594, 4549, 4099, 3425, 2255, 6523, 471, 0, 0
15:32:25, 1188.60, 29.15, 29.47, 29.289, 124, 199, 458, 800, 1210, 1216, 1105, 892, 2210, 142, 0, 0, 279, 411, 1110, 2304, 4005, 3609, 2965, 1936, 5803, 420, 0, 0
15:32:26, 1189.60, 29.15, 29.43, 29.281, 133, 215, 495, 861, 1420, 1420, 1305, 1063, 2539, 159, 0, 0, 239, 349, 949, 1990, 3644, 3285, 2678, 1750, 5262, 379, 0, 0
15:32:27, 1190.90, 29.15, 29.47, 29.281, 130, 210, 483, 850, 1275, 1284, 1167, 931, 2437, 155, 0, 0, 242, 354, 959, 2012, 3464, 3122, 2527, 1641, 5202, 378, 0, 0
15:32:27, 1189.30, 29.15, 29.45, 29.281, 150, 239, 545, 949, 1340, 1359, 1243, 1005, 2590, 165, 0, 0, 246, 360, 978, 2055, 3659, 3307, 2695, 1750, 5514, 401, 0, 0
15:32:28, 1190.00, 29.15, 29.45, 29.266, 143, 234, 532, 917, 1394, 1390, 1277, 1039, 2497, 157, 0, 0, 249, 364, 989, 2063, 3770, 3399, 2784, 1827, 5345, 385, 0, 0
15:32:29, 1190.30, 29.15, 29.47, 29.273, 154, 247, 566, 972, 1510, 1526, 1401, 1152, 2676, 170, 0, 0, 238, 348, 944, 1978, 3435, 3099, 2517, 1639, 5121, 371, 0, 0
15:32:29, 1188.70, 29.15, 29.43, 29.273, 140, 229, 520, 914, 1339, 1348, 1234, 982, 2705, 171, 0, 0, 246, 361, 976, 2046, 3583, 3237, 2636, 1717, 5434, 394, 0, 0
15:32:30, 1188.60, 29.16, 29.43, 29.273, 153, 249, 564, 963, 1481, 1480, 1362, 1121, 2653, 168, 0, 0, 239, 349, 949, 1977, 3503, 3150, 2552, 1672, 5053, 364, 0, 0
15:32:31, 1187.70, 29.16, 29.47, 29.273, 189, 300, 679, 1146, 1726, 1759, 1620, 1351, 3153, 197, 0, 0, 225, 330, 896, 1873, 3201, 2880, 2316, 1508, 4885, 354, 0, 0
15:32:31, 1181.60, 29.16, 29.45, 29.273, 162, 271, 601, 1042, 1531, 1550, 1446, 1165, 3358, 212, 0, 0, 252, 377, 1009, 2091, 3824, 3453, 2820, 1852, 6064, 441, 0, 0
15:32:32, 1181.40, 29.16, 29.47, 29.266, 152, 246, 551, 944, 1458, 1473, 1346, 1115, 2713, 173, 0, 0, 280, 419, 1122, 2298, 4044, 3630, 2971, 1964, 5780, 415, 0, 0
15:32:33, 1180.10, 29.16, 29.47, 29.266, 165, 272, 615, 1039, 1514, 1497, 1403, 1134, 2556, 161, 0, 0, 301, 453, 1208, 2451, 4056, 3635, 2976, 1959, 5852, 421, 0, 0
15:32:33, 1177.20, 29.16, 29.47, 29.273, 162, 268, 598, 1019, 1488, 1498, 1388, 1131, 2981, 188, 0, 0, 274, 414, 1103, 2266, 4165, 3761, 3095, 2046, 6597, 478, 0, 0
15:32:34, 1175.90, 29.16, 29.47, 29.273, 137, 224, 500, 870, 1380, 1403, 1293, 1064, 2679, 171, 0, 0, 269, 402, 1077, 2211, 3819, 3439, 2813, 1864, 5709, 413, 0, 0
15:32:35, 1172.00, 29.16, 29.47, 29.273, 180, 292, 650, 1082, 1506, 1501, 1411, 1167, 2634, 165, 0, 0, 352, 536, 1409, 2816, 4900, 4401, 3685, 2470, 6797, 484, 0, 0
15:32:35, 1168.20, 29.16, 29.45, 29.281, 155, 256, 577, 978, 1405, 1396, 1304, 1060, 2508, 158, 0, 0, 314, 476, 1259, 2547, 4425, 3988, 3327, 2225, 6544, 471, 0, 0
15:32:36, 1168.80, 29.17, 29.47, 29.281, 153, 249, 551, 923, 1316, 1323, 1225, 1009, 2468, 158, 0, 0, 348, 532, 1394, 2804, 4560, 4120, 3454, 2315, 6807, 491, 0, 0
15:32:37, 1169.00, 29.17, 29.45, 29.281, 160, 260, 579, 977, 1423, 1428, 1328, 1096, 2539, 162, 0, 0, 337, 513, 1344, 2690, 4569, 4111, 3435, 2307, 6498, 465, 0, 0
15:32:37, 1168.10, 29.17, 29.49, 29.281, 176, 288, 643, 1069, 1597, 1602, 1519, 1274, 2879, 183, 0, 0, 297, 448, 1184, 2402, 4247, 3839, 3202, 2145, 6338, 458, 0, 0
15:32:38, 1164.50, 29.17, 29.43, 29.281, 163, 265, 578, 972, 1386, 1412, 1322, 1100, 2812, 180, 0, 0, 345, 529, 1381, 2780, 4620, 4195, 3536, 2385, 7145, 518, 0, 0
15:32:39, 1161.50, 29.17, 29.43, 29.281, 179, 297, 654, 1089, 1692, 1696, 1607, 1353, 3095, 192, 0, 0, 318, 483, 1267, 2536, 4517, 4078, 3419, 2317, 6455, 462, 0, 0
15:32:39, 1159.30, 29.17, 29.47, 29.273, 154, 258, 570, 952, 1385, 1378, 1301, 1074, 2538, 162, 0, 0, 367, 564, 1463, 2901, 4838, 4386, 3729, 2535, 7179, 516, 0, 0
15:32:40, 1158.30, 29.17, 29.45, 29.266, 173, 283, 614, 1018, 1558, 1583, 1489, 1259, 3062, 195, 0, 0, 328, 503, 1309, 2618, 4546, 4127, 3485, 2368, 7092, 514, 0, 0
15:32:41, 1157.40, 29.17, 29.47, 29.266, 173, 288, 623, 1046, 1438, 1455, 1372, 1129, 2909, 184, 0, 0, 361, 559, 1441, 2858, 4592, 4164, 3522, 2403, 7035, 508, 0, 0
15:32:41, 1153.10, 29.18, 29.45, 29.266, 211, 343, 746, 1209, 1640, 1657, 1581, 1345, 3055, 193, 0, 0, 407, 635, 1624, 3170, 5693, 5148, 4442, 3050, 8154, 582, 0, 0
15:32:42, 1151.10, 29.18, 29.47, 29.266, 169, 282, 613, 1008, 1508, 1509, 1431, 1199, 2811, 176, 0, 0, 382, 594, 1523, 2991, 4848, 4396, 3742, 2577, 7371, 531, 0, 0
15:32:43, 1149.50, 29.18, 29.45, 29.266, 179, 295, 638, 1043, 1428, 1425, 1348, 1128, 2682, 172, 0, 0, 409, 641, 1636, 3195, 5183, 4693, 4008, 2741, 7886, 568, 0, 0
15:32:43, 1150.50, 29.18, 29.47, 29.266, 166, 278, 600, 990, 1454, 1448, 1370, 1141, 2776, 176, 0, 0, 412, 647, 1644, 3195, 5294, 4791, 4112, 2840, 7832, 560, 0, 0
15:32:44, 1149.40, 29.18, 29.49, 29.273, 195, 322, 691, 1115, 1670, 1689, 1606, 1384, 3166, 201, 0, 0, 404, 632, 1611, 3143, 5341, 4840, 4157, 2859, 8160, 589, 0, 0
15:32:45, 1148.10, 29.18, 29.47, 29.273, 185, 308, 654, 1068, 1607, 1621, 1541, 1314, 3124, 198, 0, 0, 398, 624, 1589, 3097, 5107, 4627, 3954, 2727, 7739, 556, 0, 0
15:32:45, 1149.20, 29.18, 29.49, 29.281, 181, 304, 656, 1066, 1545, 1530, 1460, 1223, 2820, 177, 0, 0, 427, 672, 1705, 3291, 5303, 4791, 4095, 2828, 7773, 554, 0, 0
15:32:46, 1147.70, 29.18, 29.45, 29.281, 192, 321, 688, 1113, 1575, 1583, 1502, 1274, 3107, 198, 0, 0, 397, 625, 1591, 3108, 5223, 4740, 4046, 2780, 8380, 607, 0, 0
15:32:47, 1150.00, 29.19, 29.49, 29.281, 177, 296, 626, 1033, 1619, 1651, 1568, 1338, 3292, 211, 0, 0, 379, 595, 1519, 2970, 4660, 4203, 3529, 2409, 7147, 514, 0, 0
15:32:47, 1148.10, 29.19, 29.45, 29.281, 214, 359, 767, 1231, 1689, 1684, 1602, 1354, 3194, 200, 0, 0, 399, 629, 1599, 3100, 5326, 4799, 4101, 2830, 7877, 563, 0, 0
15:32:48, 1148.50, 29.19, 29.49, 29.281, 191, 320, 687, 1108, 1662, 1666, 1587, 1354, 3110, 199, 0, 0, 392, 618, 1571, 3052, 5210, 4703, 4009, 2758, 7997, 575, 0, 0
15:32:49, 1146.10, 29.19, 29.49, 29.281, 203, 337, 710, 1154, 1793, 1844, 1771, 1527, 3710, 235, 0, 0, 330, 518, 1330, 2612, 4509, 4068, 3411, 2340, 7054, 506, 0, 0
15:32:49, 1144.20, 29.19, 29.53, 29.289, 259, 428, 907, 1438, 1892, 1904, 1851, 1592, 3494, 220, 0, 0, 454, 720, 1818, 3488, 5861, 5305, 4603, 3205, 8675, 620, 0, 0
15:32:50, 1145.20, 29.19, 29.53, 29.281, 166, 280, 602, 986, 1382, 1375, 1300, 1078, 2619, 167, 0, 0, 474, 752, 1892, 3634, 5832, 5283, 4583, 3183, 8751, 627, 0, 0
15:32:51, 1147.50, 29.19, 29.51, 29.281, 222, 362, 774, 1227, 1887, 1897, 1838, 1599, 3369, 215, 0, 0, 365, 570, 1464, 2859, 4988, 4509, 3830, 2632, 7442, 532, 0, 0
15:32:51, 1147.60, 29.19, 29.47, 29.281, 173, 290, 622, 1022, 1420, 1425, 1350, 1119, 2848, 181, 0, 0, 414, 650, 1650, 3213, 5071, 4602, 3937, 2715, 7799, 562, 0, 0
15:32:52, 1150.30, 29.20, 29.45, 29.281, 197, 328, 706, 1143, 1638, 1636, 1557, 1311, 3026, 191, 0, 0, 391, 612, 1558, 3030, 5029, 4549, 3878, 2671, 7480, 536, 0, 0
15:32:53, 1149.30, 29.20, 29.51, 29.281, 197, 327, 699, 1135, 1613, 1632, 1543, 1305, 3331, 210, 0, 0, 389, 612, 1560, 3062, 5155, 4685, 3990, 2736, 8487, 617, 0, 0
15:32:53, 1149.50, 29.20, 29.51, 29.273, 193, 327, 690, 1128, 1733, 1750, 1666, 1412, 3484, 219, 0, 0, 368, 579, 1480, 2885, 4837, 4360, 3680, 2532, 7303, 523, 0, 0
15:32:54, 1148.60, 29.20, 29.49, 29.281, 263, 438, 929, 1449, 2022, 2018, 1958, 1692, 3675, 232, 0, 0, 394, 622, 1580, 3045, 5015, 4502, 3799, 2604, 7446, 532, 0, 0
15:32:55, 1144.30, 29.20, 29.47, 29.281, 223, 371, 781, 1248, 1744, 1773, 1690, 1454, 3682, 232, 0, 0, 383, 610, 1544, 3003, 4981, 4500, 3807, 2615, 8081, 582, 0, 0
15:32:55, 1142.80, 29.20, 29.47, 29.281, 267, 433, 912, 1430, 1955, 1978, 1912, 1677, 3686, 232, 0, 0, 400, 633, 1604, 3090, 5087, 4603, 3909, 2735, 7732, 552, 0, 0
15:32:56, 1143.70, 29.20, 29.49, 29.281, 233, 387, 820, 1297, 1746, 1744, 1684, 1450, 3279, 207, 0, 0, 423, 669, 1690, 3260, 5032, 4566, 3899, 2704, 7827, 563, 0, 0
15:32:57, 1141.00, 29.21, 29.53, 29.281, 208, 352, 733, 1192, 1603, 1622, 1566, 1315, 3680, 234, 0, 0, 450, 720, 1802, 3477, 5815, 5338, 4633, 3273, 10098, 733, 0, 0
15:32:57, 1139.70, 29.21, 29.49, 29.289, 206, 345, 723, 1164, 1642, 1653, 1584, 1361, 3176, 203, 0, 0, 479, 765, 1910, 3626, 5997, 5431, 4706, 3315, 8811, 627, 0, 0
15:32:58, 1138.20, 29.21, 29.49, 29.281, 212, 364, 767, 1227, 1726, 1702, 1696, 1430, 3130, 196, 0, 0, 462, 734, 1840, 3497, 5678, 5147, 4435, 3116, 8339, 591, 0, 0
15:32:59, 1135.00, 29.21, 29.53, 29.281, 195, 329, 692, 1100, 1553, 1555, 1501, 1284, 2976, 190, 0, 0, 466, 744, 1856, 3544, 5567, 5059, 4382, 3071, 8721, 628, 0, 0
15:32:59, 1132.10, 29.21, 29.49, 29.266, 219, 363, 754, 1190, 1594, 1605, 1554, 1355, 3152, 203, 0, 0, 528, 849, 2094, 3935, 6547, 5940, 5225, 3697, 9740, 696, 0, 0
15:33:00, 1133.30, 29.21, 29.53, 29.273, 227, 381, 798, 1249, 1843, 1850, 1812, 1575, 3416, 217, 0, 0, 458, 730, 1824, 3468, 5692, 5162, 4472, 3143, 8734, 627, 0, 0
15:33:01, 1132.20, 29.21, 29.54, 29.273, 198, 334, 698, 1112, 1555, 1558, 1502, 1282, 3157, 201, 0, 0, 460, 735, 1829, 3491, 5613, 5105, 4426, 3114, 9017, 651, 0, 0
15:33:01, 1131.00, 29.21, 29.49, 29.273, 242, 399, 818, 1285, 1843, 1877, 1822, 1613, 3756, 240, 0, 0, 445, 710, 1769, 3368, 5492, 4977, 4293, 3019, 8509, 609, 0, 0
15:33:02, 1129.20, 29.21, 29.51, 29.273, 364, 593, 1204, 1814, 2512, 2570, 2525, 2307, 4856, 307, 0, 0, 425, 681, 1693, 3226, 5709, 5182, 4503, 3178, 9073, 654, 0, 0
15:33:03, 1125.30, 29.22, 29.51, 29.273, 214, 363, 742, 1177, 1634, 1634, 1598, 1380, 3176, 203, 0, 0, 539, 869, 2141, 4000, 6656, 6033, 5295, 3773, 9819, 696, 0, 0
15:33:03, 1125.00, 29.22, 29.54, 29.281, 237, 403, 828, 1280, 1774, 1755, 1742, 1505, 3285, 208, 0, 0, 547, 885, 2168, 4035, 6642, 6038, 5342, 3837, 10154, 725, 0, 0
15:33:04, 1121.90, 29.22, 29.49, 29.281, 233, 387, 787, 1227, 1654, 1676, 1643, 1431, 3371, 217, 0, 0, 544, 882, 2158, 4024, 6373, 5775, 5056, 3595, 9785, 699, 0, 0
15:33:05, 1120.90, 29.22, 29.51, 29.281, 254, 425, 870, 1336, 1940, 1945, 1942, 1724, 3680, 238, 0, 0, 550, 891, 2170, 4010, 6450, 5859, 5127, 3679, 9856, 703, 0, 0
15:33:05, 1119.20, 29.22, 29.53, 29.281, 226, 382, 777, 1205, 1646, 1648, 1619, 1418, 3334, 214, 0, 0, 578, 942, 2281, 4234, 6601, 6026, 5347, 3849, 10653, 769, 0, 0
15:33:06, 1118.60, 29.22, 29.53, 29.281, 262, 437, 876, 1340, 1919, 1945, 1913, 1712, 3905, 249, 0, 0, 529, 857, 2090, 3898, 6227, 5676, 4999, 3594, 9875, 708, 0, 0
15:33:07, 1115.70, 29.23, 29.49, 29.281, 290, 484, 966, 1467, 1842, 1864, 1828, 1613, 3912, 248, 0, 0, 566, 925, 2227, 4130, 6436, 5894, 5217, 3776, 11059, 803, 0, 0
15:33:07, 1116.70, 29.22, 29.51, 29.273, 257, 433, 868, 1334, 1810, 1819, 1785, 1579, 3710, 237, 0, 0, 556, 908, 2194, 4051, 6325, 5749, 5045, 3630, 9854, 702, 0, 0
15:33:08, 1111.40, 29.23, 29.49, 29.273, 320, 530, 1048, 1543, 2156, 2178, 2172, 1984, 4208, 270, 0, 0, 594, 976, 2339, 4278, 6978, 6347, 5646, 4094, 11222, 806, 0, 0
15:33:09, 1109.70, 29.23, 29.51, 29.273, 299, 508, 994, 1498, 2132, 2165, 2149, 1937, 4627, 294, 0, 0, 559, 920, 2201, 4036, 6441, 5864, 5176, 3761, 10645, 766, 0, 0
15:33:09, 1106.60, 29.23, 29.51, 29.281, 325, 542, 1057, 1560, 2182, 2221, 2217, 2038, 4476, 289, 0, 0, 566, 933, 2229, 4069, 6270, 5708, 5024, 3665, 10229, 731, 0, 0
15:33:10, 1101.20, 29.23, 29.54, 29.289, 448, 717, 1372, 1982, 2557, 2666, 2662, 2498, 5472, 358, 0, 0, 585, 970, 2298, 4173, 6735, 6147, 5459, 4008, 11617, 840, 0, 0
15:33:11, 1102.00, 29.24, 29.54, 29.289, 269, 463, 892, 1350, 1837, 1850, 1847, 1646, 4123, 265, 0, 0, 629, 1046, 2459, 4441, 6826, 6206, 5514, 4040, 11379, 820, 0, 0
15:33:11, 1099.90, 29.24, 29.53, 29.281, 316, 529, 1014, 1476, 1997, 2009, 2006, 1844, 4110, 267, 0, 0, 721, 1210, 2817, 4994, 7641, 6918, 6188, 4561, 12030, 851, 0, 0
15:33:12, 1098.60, 29.24, 29.53, 29.289, 432, 722, 1370, 1939, 2670, 2684, 2730, 2541, 5324, 340, 0, 0, 604, 1008, 2378, 4272, 6718, 6076, 5359, 3918, 11044, 788, 0, 0
15:33:13, 1095.40, 29.24, 29.51, 29.289, 374, 631, 1177, 1718, 2135, 2182, 2195, 2008, 5055, 328, 0, 0, 673, 1136, 2632, 4688, 7158, 6479, 5745, 4214, 12450, 898, 0, 0
15:33:13, 1097.50, 29.24, 29.53, 29.289, 376, 612, 1154, 1658, 2336, 2375, 2389, 2253, 4775, 314, 0, 0, 669, 1120, 2614, 4645, 7009, 6353, 5606, 4145, 11328, 804, 0, 0
15:33:14, 1090.20, 29.25, 29.53, 29.305, 480, 794, 1480, 2072, 2570, 2612, 2662, 2498, 5470, 350, 0, 0, 688, 1157, 2684, 4758, 7748, 7040, 6329, 4704, 12951, 927, 0, 0
15:33:15, 1088.80, 29.25, 29.53, 29.305, 322, 536, 1012, 1475, 2094, 2137, 2171, 2035, 4590, 305, 0, 0, 758, 1278, 2925, 5136, 7768, 7113, 6448, 4873, 13082, 940, 0, 0
15:33:15, 1087.80, 29.25, 29.53, 29.289, 381, 624, 1168, 1677, 2163, 2206, 2243, 2106, 4628, 304, 0, 0, 737, 1232, 2834, 5017, 7658, 7030, 6389, 4810, 12985, 934, 0, 0
15:33:16, 1087.80, 29.25, 29.51, 29.297, 386, 645, 1180, 1689, 2111, 2152, 2190, 2044, 4906, 320, 0, 0, 731, 1228, 2823, 4997, 7645, 7037, 6410, 4850, 13489, 974, 0, 0
15:33:17, 1087.40, 29.26, 29.54, 29.297, 432, 706, 1294, 1848, 2652, 2783, 2821, 2715, 6126, 410, 0, 0, 621, 1039, 2409, 4291, 6630, 6056, 5416, 4034, 11550, 834, 0, 0
15:33:17, 1081.20, 29.26, 29.53, 29.281, 537, 876, 1564, 2198, 2696, 2831, 2894, 2764, 6517, 436, 0, 0, 708, 1197, 2722, 4771, 7848, 7185, 6548, 4959, 13771, 989, 0, 0
15:33:18, 1081.70, 29.26, 29.54, 29.281, 445, 727, 1315, 1829, 2440, 2486, 2537, 2450, 5248, 352, 0, 0, 713, 1201, 2746, 4802, 7447, 6761, 6056, 4520, 12277, 872, 0, 0
15:33:19, 1078.70, 29.26, 29.53, 29.281, 495, 803, 1440, 1987, 2520, 2602, 2667, 2549, 5859, 389, 0, 0, 698, 1185, 2688, 4696, 7271, 6640, 5975, 4505, 13538, 976, 0, 0
15:33:19, 1078.40, 29.27, 29.56, 29.281, 485, 820, 1425, 2022, 2354, 2418, 2506, 2345, 6015, 400, 0, 0, 761, 1295, 2915, 5055, 7324, 6652, 5962, 4481, 12940, 933, 0, 0
15:33:20, 1075.60, 29.27, 29.54, 29.289, 558, 892, 1587, 2143, 2488, 2527, 2608, 2517, 5320, 366, 0, 0, 834, 1421, 3181, 5449, 8273, 7528, 6836, 5198, 13879, 989, 0, 0
15:33:21, 1074.30, 29.27, 29.54, 29.289, 544, 880, 1547, 2081, 2905, 3035, 3101, 3083, 6777, 467, 0, 0, 705, 1198, 2704, 4700, 7161, 6526, 5863, 4438, 12916, 930, 0, 0
15:33:21, 1070.40, 29.27, 29.53, 29.289, 596, 981, 1686, 2334, 2742, 2872, 2984, 2881, 7200, 495, 0, 0, 835, 1432, 3168, 5427, 8130, 7422, 6753, 5159, 14983, 1085, 0, 0
15:33:22, 1072.70, 29.28, 29.54, 29.297, 464, 748, 1320, 1806, 2338, 2373, 2446, 2365, 5135, 357, 0, 0, 839, 1432, 3186, 5436, 8012, 7284, 6587, 5015, 13555, 963, 0, 0
15:33:23, 1067.10, 29.28, 29.53, 29.297, 703, 1085, 1882, 2511, 3005, 3167, 3241, 3213, 7027, 494, 0, 0, 834, 1433, 3161, 5390, 8144, 7426, 6762, 5178, 14790, 1067, 0, 0
15:33:23, 1067.00, 29.28, 29.54, 29.305, 521, 862, 1485, 2027, 2485, 2543, 2645, 2572, 5917, 410, 0, 0, 870, 1492, 3284, 5568, 8158, 7441, 6777, 5207, 14386, 1033, 0, 0
15:33:24, 1060.80, 29.29, 29.54, 29.305, 621, 957, 1651, 2222, 2963, 3157, 3251, 3228, 7141, 521, 0, 0, 909, 1564, 3416, 5767, 8919, 8174, 7542, 5854, 16314, 1181, 0, 0
15:33:25, 1061.80, 29.29, 29.53, 29.305, 418, 679, 1168, 1587, 2019, 2038, 2149, 2075, 4498, 322, 0, 0, 1111, 1906, 4094, 6777, 9772, 8960, 8350, 6545, 16676, 1185, 0, 0
15:33:25, 1060.10, 29.29, 29.54, 29.305, 499, 805, 1420, 1904, 2236, 2262, 2371, 2278, 4986, 351, 0, 0, 1057, 1809, 3890, 6470, 9784, 9013, 8444, 6658, 17399, 1262, 0, 0
15:33:26, 1064.10, 29.30, 29.56, 29.305, 368, 591, 1037, 1426, 1973, 2008, 2099, 2043, 4677, 334, 0, 0, 1020, 1749, 3806, 6413, 9828, 9073, 8530, 6690, 17767, 1290, 0, 0
15:33:27, 1063.20, 29.30, 29.56, 29.305, 439, 716, 1249, 1720, 2387, 2457, 2576, 2523, 5602, 401, 0, 0, 973, 1660, 3610, 6063, 9075, 8363, 7792, 6123, 15652, 1127, 0, 0
15:33:27, 1060.60, 29.30, 29.54, 29.305, 420, 686, 1205, 1634, 1992, 1982, 2105, 2022, 4390, 318, 0, 0, 1101, 1878, 4018, 6649, 9681, 8911, 8339, 6592, 16548, 1185, 0, 0
15:33:28, 1063.90, 29.31, 29.54, 29.297, 428, 679, 1187, 1601, 2154, 2188, 2312, 2261, 4815, 356, 0, 0, 936, 1597, 3496, 5906, 8793, 8079, 7488, 5803, 15755, 1143, 0, 0
15:33:29, 1056.10, 29.31, 29.53, 29.297, 692, 1093, 1836, 2478, 2948, 3130, 3247, 3248, 7421, 545, 0, 0, 920, 1577, 3417, 5736, 8974, 8253, 7687, 6052, 16297, 1187, 0, 0
15:33:29, 1057.70, 29.31, 29.58, 29.297, 364, 581, 1026, 1404, 1814, 1843, 1911, 1853, 4329, 315, 0, 0, 1078, 1848, 3951, 6542, 10021, 9200, 8641, 6798, 17820, 1293, 0, 0
15:33:30, 1058.20, 29.32, 29.56, 29.305, 439, 693, 1188, 1606, 2139, 2202, 2329, 2289, 5254, 391, 0, 0, 970, 1671, 3612, 6055, 8982, 8254, 7677, 6005, 16351, 1184, 0, 0
15:33:31, 1055.30, 29.32, 29.53, 29.305, 601, 927, 1571, 2055, 2722, 2797, 2930, 3004, 6004, 468, 0, 0, 983, 1687, 3625, 6016, 9125, 8354, 7752, 6091, 15838, 1131, 0, 0
15:33:31, 1053.20, 29.32, 29.58, 29.305, 473, 733, 1260, 1680, 1939, 2009, 2084, 2069, 4836, 369, 0, 0, 1084, 1865, 3963, 6543, 9723, 8932, 8365, 6600, 17983, 1312, 0, 0
15:33:32, 1053.40, 29.33, 29.53, 29.312, 373, 576, 992, 1355, 1931, 2018, 2092, 2079, 4875, 368, 0, 0, 1001, 1725, 3701, 6141, 9023, 8247, 7633, 5983, 16066, 1155, 0, 0
15:33:33, 1051.00, 29.33, 29.54, 29.312, 979, 1448, 2377, 3038, 3417, 3777, 3878, 4087, 8964, 814, 0, 0, 893, 1543, 3301, 5479, 7883, 7201, 6613, 5183, 14947, 1079, 0, 0
15:33:33, 1049.30, 29.33, 29.58, 29.305, 646, 948, 1580, 2070, 1938, 2072, 2119, 2157, 5273, 427, 0, 0, 1086, 1882, 3968, 6521, 9691, 8875, 8297, 6562, 18840, 1383, 0, 0
15:33:34, 1052.70, 29.33, 29.56, 29.312, 440, 678, 1126, 1551, 1958, 2080, 2165, 2163, 5675, 450, 0, 0, 1021, 1765, 3757, 6219, 8906, 8150, 7546, 5916, 16840, 1227, 0, 0
15:33:35, 1053.70, 29.34, 29.58, 29.312, 811, 1176, 1941, 2577, 4297, 5334, 4930, 5497, 11234, 901, 0, 0, 706, 1213, 2665, 4527, 7206, 6584, 6019, 4697, 13614, 979, 0, 0
15:33:35, 1047.50, 29.34, 29.56, 29.305, 829, 1312, 2053, 2904, 2371, 2523, 2850, 2703, 9006, 746, 0, 0, 1062, 1844, 3852, 6340, 9630, 8922, 8403, 6787, 20906, 1552, 0, 0
15:33:36, 1048.70, 29.35, 29.53, 29.312, 461, 718, 1165, 1650, 1949, 2103, 2280, 2219, 6668, 577, 0, 0, 945, 1635, 3476, 5787, 8173, 7541, 7053, 5623, 16375, 1194, 0, 0
15:33:37, 1048.70, 29.35, 29.60, 29.312, 2838, 4359, 6480, 9189, 13177, 16593, 18682, 21944, 33130, 2458, 0, 1, 738, 1275, 2740, 4577, 6339, 5791, 5306, 4145, 12354, 885, 0, 0
15:33:37, 1040.10, 29.36, 29.54, 29.305, 921, 1378, 2138, 2921, 2077, 2280, 2411, 2431, 6845, 647, 0, 0, 1077, 1863, 3889, 6367, 9287, 8555, 8051, 6461, 18882, 1398, 0, 0
15:33:38, 1039.40, 29.36, 29.56, 29.320, 773, 1108, 1746, 2288, 2819, 3101, 3183, 3420, 8064, 784, 0, 0, 981, 1697, 3554, 5799, 8411, 7710, 7194, 5751, 15791, 1152, 0, 0
15:33:39, 1035.20, 29.36, 29.60, 29.320, 2452, 2317, 4045, 4720, 4506, 5605, 5014, 5890, 10910, 1091, 0, 0, 924, 1592, 3326, 5417, 8405, 7697, 7203, 5799, 15974, 1177, 0, 0
15:33:39, 1037.20, 29.37, 29.56, 29.305, 1429, 1676, 2771, 3346, 4826, 6472, 5339, 6636, 10948, 1117, 0, 0, 760, 1304, 2768, 4555, 6526, 5960, 5562, 4414, 13136, 959, 0, 0
15:33:40, 1034.20, 29.37, 29.56, 29.312, 4367, 7142, 10009, 13174, 14010, 13498, 15790, 20673, 35979, 5547, 0, 1, 646, 1116, 2340, 3874, 5969, 5521, 5157, 4217, 14662, 1076, 0, 0
15:33:41, 1035.90, 29.38, 29.56, 29.312, 2077, 2558, 4623, 4872, 5420, 6312, 7112, 6467, 34459, 11203, 0, 1, 879, 1509, 3072, 5003, 6620, 6164, 5738, 4705, 16054, 1158, 0, 0
15:33:41, 1027.00, 29.38, 29.54, 29.312, 2561, 3088, 4484, 7353, 4631, 6727, 6733, 6323, 19046, 2068, 0, 0, 798, 1386, 2872, 4664, 6394, 5841, 5560, 4470, 13811, 1035, 0, 0
15:33:42, 1022.10, 29.38, 29.58, 29.320, 4223, 6657, 9360, 11200, 22940, 21270, 24590, 28112, 34383, 9867, 0, 1, 714, 1241, 2546, 4151, 5722, 5268, 4910, 3980, 13498, 1035, 0, 0
15:33:43, 1022.20, 29.38, 29.54, 29.320, 7423, 9023, 14174, 14587, 12552, 12026, 10686, 14599, 36000, 34591, 1, 1, 840, 1451, 2900, 4686, 7074, 6612, 6199, 5177, 18296, 1414, 0, 0
15:33:43, 1019.60, 29.39, 29.58, 29.312, 6706, 11935, 15831, 17431, 16380, 17140, 19416, 24372, 35994, 11199, 0, 1, 821, 1416, 2818, 4525, 6822, 6370, 5930, 4970, 17252, 1347, 0, 0
15:33:44, 1022.00, 29.39, 29.64, 29.320, 5187, 6386, 11989, 11501, 9309, 10830, 12677, 16640, 35999, 14491, 0, 1, 1015, 1733, 3448, 5436, 7366, 6861, 6393, 5347, 18077, 1368, 0, 0
15:33:45, 1015.70, 29.39, 29.62, 29.320, 2556, 6545, 8729, 13146, 15185, 9704, 19429, 16998, 36000, 30688, 1, 1, 960, 1661, 3300, 5257, 7609, 7063, 6661, 5537, 18568, 1448, 0, 0
15:33:45, 1017.20, 29.39, 29.60, 29.312, 6597, 12645, 16803, 19456, 23827, 26379, 31763, 35264, 36000, 36000, 1, 1, 987, 1718, 3416, 5443, 8667, 7973, 7577, 6211, 19468, 1511, 0, 0
15:33:46, 1017.40, 29.39, 29.56, 29.320, 8076, 8378, 9185, 21936, 12733, 19123, 23437, 19067, 36000, 8984, 1, 1, 924, 1601, 3241, 5185, 7351, 6744, 6315, 5165, 15816, 1222, 0, 0
15:33:47, 1018.50, 29.39, 29.62, 29.320, 6618, 13961, 15962, 19336, 19362, 16813, 21310, 25063, 23524, 5054, 0, 0, 862, 1475, 3015, 4846, 6852, 6292, 5842, 4791, 14086, 1093, 0, 0
15:33:47, 1021.30, 29.39, 29.60, 29.320, 5016, 6723, 10146, 10323, 12828, 12524, 13383, 18842, 17856, 2584, 0, 0, 830, 1440, 2955, 4776, 7130, 6560, 6167, 5059, 16490, 1232, 0, 0
15:33:48, 1013.60, 29.40, 29.60, 29.328, 4652, 10255, 11852, 18357, 31635, 33584, 35662, 36000, 36000, 36000, 1, 1, 4327, 7019, 10612, 13903, 25753, 26453, 30201, 32337, 36000, 35475, 1, 1
15:33:49, 1013.70, 29.40, 29.60, 29.328, 4523, 7588, 12131, 11383, 15954, 8406, 19209, 13802, 36000, 36000, 1, 1, 7168, 11026, 16967, 21679, 26506, 26482, 30909, 32240, 36000, 35732, 1, 1
