Secchi Depth (cm) = 153&
Forel Ule Scale = &p
pH Colour Scale =  H
SensingSecchi S/N = A016
Latitude (degs N) = 34.13999
Longitude (degs E) = -77.86250
Date = 2026-01-29
Time (UTC), Pressure (mbar) MS5803, Temp (deg C) MS5803, Temp (deg C) 10KTHERM, Temp (deg C) TMP117, ED 415nm, ED 445nm, ED 480nm, ED 515nm, ED 555nm, ED 590nm, ED 630nm, ED 680nm, ED Clear, ED NIR, ED D-SAT, ED A-SAT, EU 415nm, EU 445nm, EU 480nm, EU 515nm, EU 555nm, EU 590nm, EU 630nm, EU 680nm, EU Clear, EU NIR, EU D-SAT, EU A-SAT
20:57:01, 1018.00, 20.09, 22.27, 14.727, 538, 794, 1100, 1325, 1462, 1591, 1952, 2512, 9362, 5763, 0, 0, 1523, 1982, 2219, 2643, 2430, 2991, 3188, 4962, 26689, 29465, 0, 0
20:57:01, 1017.70, 20.08, 22.28, 14.727, 534, 788, 1089, 1314, 1019, 1127, 1441, 1911, 6454, 3831, 0, 0, 393, 512, 573, 711, 667, 885, 1103, 1727, 7792, 8436, 0, 0
20:57:02, 1017.90, 20.09, 22.28, 14.758, 26, 29, 29, 30, 30, 43, 99, 221, 545, 439, 0, 0, 598, 748, 857, 1032, 1150, 1455, 1857, 2800, 10658, 10543, 0, 0
20:57:03, 1017.80, 20.10, 22.27, 14.617, 27, 30, 29, 31, 145, 203, 355, 558, 1566, 1180, 0, 0, 1396, 1794, 1976, 2281, 2340, 2816, 3304, 5094, 25500, 28389, 0, 0
20:57:03, 1017.90, 20.09, 22.28, 14.617, 531, 784, 1067, 1298, 1470, 1616, 1946, 2450, 8593, 4306, 0, 0, 1481, 1899, 2124, 2466, 2413, 2872, 3267, 5026, 26337, 29699, 0, 0
20:57:04, 1018.00, 20.08, 22.28, 14.531, 562, 817, 1121, 1360, 1425, 1576, 1901, 2415, 8945, 4630, 0, 0, 1744, 2291, 2600, 3017, 3329, 3882, 4409, 6712, 33752, 34996, 0, 1
20:57:05, 1017.80, 20.08, 22.27, 14.406, 531, 781, 1074, 1323, 1391, 1534, 1878, 2395, 9216, 5153, 0, 0, 2448, 3585, 4080, 4941, 4180, 4931, 5415, 8348, 36000, 36000, 1, 1
20:57:05, 1018.10, 20.08, 22.27, 14.406, 631, 926, 1263, 1504, 1671, 1805, 2128, 2611, 8583, 3893, 0, 0, 1052, 1379, 1574, 1852, 1611, 2090, 2842, 4348, 15522, 15162, 0, 0
20:57:06, 1017.80, 20.08, 22.28, 14.281, 21, 23, 22, 23, 22, 32, 86, 197, 451, 320, 0, 0, 1039, 1424, 1726, 2100, 2315, 2823, 3366, 5171, 16623, 14880, 0, 0
20:57:07, 1017.90, 20.07, 22.27, 14.281, 29, 32, 32, 35, 33, 52, 134, 272, 638, 470, 0, 0, 999, 1375, 1700, 2101, 2327, 2874, 3500, 5256, 17452, 16255, 0, 0
20:57:07, 1017.80, 20.06, 22.28, 14.234, 95, 114, 142, 187, 194, 269, 469, 704, 2144, 1441, 0, 0, 808, 1116, 1297, 1598, 1609, 2031, 2527, 3991, 13484, 13108, 0, 0
20:57:08, 1018.00, 20.05, 22.23, 14.227, 171, 207, 254, 339, 385, 509, 754, 1125, 3414, 2303, 0, 0, 791, 1080, 1296, 1598, 2106, 2598, 3109, 4635, 14539, 12940, 0, 0
20:57:09, 1017.80, 20.05, 22.25, 14.227, 134, 161, 201, 266, 229, 311, 474, 699, 2188, 1467, 0, 0, 1055, 1435, 1821, 2262, 3066, 3712, 4757, 6858, 22758, 18770, 0, 0
20:57:09, 1017.60, 20.04, 22.27, 14.266, 105, 124, 151, 201, 280, 369, 567, 802, 2672, 1812, 0, 0, 1901, 2513, 3191, 3989, 7548, 9150, 11266, 15683, 36000, 36000, 1, 1
20:57:10, 1017.60, 20.01, 22.25, 14.211, 661, 999, 1367, 1566, 1809, 1839, 2274, 2597, 11611, 6102, 0, 0, 2849, 3877, 4850, 6172, 7420, 8690, 10408, 14958, 36000, 36000, 1, 1
20:57:11, 1018.00, 20.01, 22.25, 14.211, 745, 1136, 1525, 1882, 1747, 1846, 2310, 2632, 10642, 5399, 0, 0, 4817, 6606, 8218, 11196, 14618, 17487, 21142, 28364, 36000, 36000, 1, 1
20:57:11, 1015.80, 19.96, 22.25, 14.172, 599, 894, 1180, 1413, 1508, 1596, 2013, 2456, 8129, 4436, 0, 0, 5311, 6809, 9228, 11419, 14787, 16878, 20029, 27775, 36000, 36000, 1, 1
20:57:12, 1018.20, 20.01, 22.28, 14.063, 629, 946, 1259, 1509, 1502, 1623, 1993, 2437, 8294, 4567, 0, 0, 3967, 5276, 6614, 8517, 9950, 11679, 13980, 19003, 36000, 36000, 1, 1
20:57:12, 1017.60, 20.01, 22.30, 14.063, 529, 794, 1052, 1299, 1395, 1524, 1914, 2372, 7197, 4233, 0, 0, 3990, 5355, 6592, 8408, 9127, 10674, 12708, 17987, 36000, 36000, 1, 1
20:57:13, 1017.80, 20.01, 22.34, 13.984, 542, 816, 1081, 1336, 1441, 1551, 1978, 2405, 7511, 4343, 0, 0, 3887, 5193, 6401, 8125, 9302, 10935, 12990, 18273, 36000, 36000, 1, 1
20:57:14, 1017.40, 20.00, 22.35, 13.914, 567, 858, 1132, 1393, 1687, 1799, 2290, 2627, 9411, 5178, 0, 0, 3550, 4792, 5624, 6964, 7565, 8992, 10633, 16753, 36000, 36000, 1, 1
20:57:14, 1017.20, 20.00, 22.35, 13.914, 709, 1064, 1408, 1767, 2036, 2086, 2881, 3164, 15435, 8979, 0, 0, 3387, 4552, 5450, 6749, 8381, 9651, 11767, 15684, 36000, 36000, 1, 1
20:57:15, 1017.10, 20.01, 22.37, 13.914, 738, 1091, 1470, 1769, 1757, 1819, 2313, 2665, 10604, 5662, 0, 0, 2864, 3956, 5130, 6473, 8742, 9994, 12075, 15642, 36000, 36000, 1, 1
20:57:16, 1017.80, 20.02, 22.42, 13.813, 698, 1027, 1390, 1634, 2439, 2350, 3242, 3464, 18236, 10918, 0, 0, 2560, 3583, 4593, 5908, 7540, 8677, 10438, 13696, 36000, 36000, 1, 1
20:57:16, 1017.70, 20.01, 22.41, 13.813, 880, 1250, 1743, 2002, 2646, 2555, 3397, 3740, 20274, 12266, 0, 0, 3229, 4335, 5319, 6721, 9709, 11312, 13592, 18432, 36000, 36000, 1, 1
20:57:17, 1018.00, 20.01, 22.44, 13.789, 712, 1004, 1361, 1559, 1987, 2039, 2482, 2891, 13059, 7170, 0, 0, 4176, 5858, 8175, 10169, 12571, 14129, 17132, 22655, 36000, 36000, 1, 1
20:57:18, 1018.30, 20.01, 22.42, 13.742, 912, 1256, 1790, 2016, 3307, 3164, 4037, 4582, 28384, 19665, 0, 0, 3275, 4635, 6324, 7868, 9109, 10536, 12895, 17297, 36000, 36000, 1, 1
20:57:18, 1018.40, 20.01, 22.42, 13.742, 758, 1054, 1454, 1655, 1980, 2054, 2442, 2879, 12853, 6967, 0, 0, 4412, 7073, 9233, 12810, 10710, 12653, 15389, 21190, 36000, 32921, 1, 1
20:57:19, 1018.70, 20.00, 22.42, 13.680, 893, 1219, 1734, 1940, 2541, 2606, 3093, 3700, 19513, 11839, 0, 0, 2383, 3448, 4569, 6281, 7297, 9109, 11139, 15481, 21654, 12910, 0, 0
20:57:20, 1018.10, 20.02, 22.42, 13.680, 1101, 1430, 2126, 2310, 2203, 2306, 2710, 3266, 16148, 9417, 0, 0, 961, 1472, 2220, 2875, 3437, 3591, 4149, 5055, 18220, 9766, 0, 0
20:57:20, 1018.20, 20.02, 22.42, 13.617, 796, 1111, 1553, 1757, 1687, 1793, 2119, 2568, 10666, 5687, 0, 0, 1666, 2594, 3674, 4707, 7311, 7841, 9097, 12223, 33836, 30386, 0, 1
20:57:21, 1018.30, 20.02, 22.39, 13.539, 1166, 1532, 2300, 2489, 2713, 2770, 3369, 4008, 21546, 13713, 0, 0, 373, 603, 974, 1344, 2172, 2217, 2465, 2820, 8788, 3807, 0, 0
20:57:22, 1018.90, 20.01, 22.41, 13.539, 877, 1221, 1732, 1959, 2063, 2133, 2597, 3069, 14046, 7974, 0, 0, 1142, 1671, 2629, 3380, 6166, 6584, 7603, 9580, 34814, 25531, 0, 1
20:57:22, 1024.90, 19.96, 22.41, 13.445, 757, 1070, 1478, 1695, 1968, 2039, 2483, 2935, 12926, 7115, 0, 0, 199, 369, 755, 1202, 1673, 1564, 1404, 1193, 4257, 326, 0, 0
20:57:23, 1029.20, 19.76, 22.42, 9.680, 859, 1265, 1859, 2108, 2613, 2524, 3242, 3594, 17760, 5806, 0, 0, 201, 370, 762, 1219, 1759, 1643, 1474, 1251, 4489, 342, 0, 0
20:57:24, 1027.80, 19.47, 22.42, 9.680, 914, 1296, 1895, 2155, 2471, 2468, 3070, 3554, 16413, 5953, 0, 0, 187, 345, 714, 1136, 1638, 1533, 1372, 1164, 4197, 318, 0, 0
20:57:24, 1028.00, 19.16, 22.39, 7.820, 952, 1321, 1974, 2202, 2658, 2645, 3279, 3849, 18649, 7145, 0, 0, 183, 338, 700, 1111, 1593, 1490, 1333, 1131, 4075, 307, 0, 0
20:57:25, 1028.00, 18.88, 22.39, 7.141, 906, 1252, 1840, 2087, 2439, 2494, 3037, 3615, 16331, 6014, 0, 0, 189, 348, 721, 1143, 1621, 1517, 1358, 1151, 4133, 310, 0, 0
20:57:26, 1027.20, 18.62, 22.41, 7.141, 889, 1225, 1776, 2019, 2296, 2378, 2854, 3421, 15238, 5824, 0, 0, 197, 362, 748, 1190, 1687, 1580, 1415, 1201, 4300, 326, 0, 0
20:57:26, 1027.30, 18.38, 22.39, 6.875, 837, 1160, 1661, 1899, 2178, 2280, 2724, 3280, 14089, 5421, 0, 0, 201, 371, 763, 1216, 1714, 1604, 1436, 1221, 4373, 334, 0, 0
20:57:27, 1026.80, 18.17, 22.41, 6.789, 828, 1149, 1644, 1878, 2210, 2310, 2755, 3309, 14355, 5534, 0, 0, 199, 366, 754, 1202, 1682, 1575, 1410, 1198, 4295, 327, 0, 0
20:57:28, 1026.90, 17.99, 22.41, 6.789, 865, 1195, 1717, 1959, 2311, 2402, 2879, 3449, 15388, 6126, 0, 0, 193, 356, 735, 1169, 1636, 1533, 1370, 1163, 4182, 318, 0, 0
20:57:28, 1026.30, 17.84, 22.37, 6.687, 906, 1242, 1801, 2043, 2367, 2465, 2957, 3536, 15905, 6376, 0, 0, 190, 349, 722, 1147, 1618, 1514, 1353, 1149, 4138, 315, 0, 0
20:57:29, 1026.20, 17.72, 22.35, 6.617, 935, 1268, 1849, 2084, 2451, 2541, 3052, 3640, 16739, 6887, 0, 0, 190, 349, 721, 1147, 1623, 1518, 1357, 1151, 4148, 316, 0, 0
20:57:30, 1026.00, 17.63, 22.34, 6.617, 916, 1250, 1809, 2053, 2368, 2459, 2961, 3537, 15893, 6561, 0, 0, 193, 356, 734, 1167, 1645, 1537, 1376, 1167, 4200, 320, 0, 0
20:57:30, 1025.60, 17.54, 22.34, 6.617, 873, 1208, 1729, 1978, 2262, 2349, 2834, 3396, 14751, 6063, 0, 0, 195, 361, 744, 1183, 1659, 1551, 1389, 1178, 4238, 324, 0, 0
20:57:31, 1025.40, 17.44, 22.32, 6.633, 833, 1168, 1650, 1906, 2268, 2333, 2844, 3382, 14741, 6336, 0, 0, 196, 362, 745, 1185, 1652, 1544, 1385, 1173, 4222, 323, 0, 0
20:57:32, 1025.40, 17.35, 22.34, 6.633, 840, 1184, 1671, 1931, 2299, 2349, 2902, 3420, 14827, 6423, 0, 0, 193, 356, 734, 1167, 1625, 1516, 1360, 1151, 4148, 317, 0, 0
20:57:32, 1025.50, 17.26, 22.32, 6.633, 853, 1205, 1705, 1977, 2358, 2393, 2991, 3499, 15214, 6434, 0, 0, 187, 346, 713, 1132, 1589, 1483, 1331, 1126, 4059, 310, 0, 0
20:57:33, 1025.30, 17.19, 22.32, 6.633, 870, 1235, 1750, 2038, 2423, 2432, 3089, 3557, 15843, 6695, 0, 0, 184, 341, 703, 1116, 1570, 1464, 1315, 1111, 4007, 306, 0, 0
20:57:34, 1024.90, 17.14, 22.34, 6.641, 881, 1258, 1773, 2075, 2386, 2412, 3097, 3545, 15327, 6586, 0, 0, 186, 345, 711, 1129, 1581, 1473, 1325, 1119, 4020, 308, 0, 0
20:57:34, 1024.90, 17.10, 22.30, 6.648, 848, 1220, 1700, 2015, 2301, 2336, 3003, 3417, 14622, 6319, 0, 0, 187, 348, 717, 1139, 1606, 1495, 1344, 1134, 4060, 312, 0, 0
20:57:35, 1025.40, 17.06, 22.30, 6.648, 800, 1159, 1611, 1927, 2191, 2238, 2886, 3292, 13436, 5369, 0, 0, 187, 349, 716, 1139, 1598, 1487, 1338, 1129, 4014, 308, 0, 0
20:57:36, 1026.50, 17.03, 22.30, 6.633, 803, 1172, 1623, 1963, 2219, 2250, 2941, 3297, 13547, 5267, 0, 0, 183, 342, 704, 1119, 1569, 1461, 1314, 1108, 3916, 299, 0, 0
20:57:36, 1026.90, 16.99, 22.28, 6.617, 783, 1158, 1602, 1961, 2217, 2248, 2962, 3290, 13179, 4661, 0, 0, 179, 335, 690, 1098, 1539, 1433, 1290, 1087, 3806, 290, 0, 0
20:57:37, 1027.20, 16.96, 22.28, 6.617, 766, 1138, 1569, 1939, 2215, 2264, 2974, 3321, 12970, 4499, 0, 0, 177, 331, 682, 1084, 1525, 1417, 1277, 1075, 3736, 285, 0, 0
20:57:38, 1026.80, 16.93, 22.27, 6.609, 759, 1130, 1553, 1930, 2211, 2270, 2987, 3339, 12646, 4319, 0, 0, 175, 328, 677, 1077, 1534, 1424, 1284, 1082, 3725, 285, 0, 0
20:57:38, 1026.40, 16.91, 22.30, 6.602, 767, 1139, 1556, 1951, 2162, 2256, 2928, 3317, 12039, 4218, 0, 0, 177, 331, 684, 1088, 1539, 1428, 1286, 1084, 3697, 283, 0, 0
20:57:39, 1026.10, 16.88, 22.28, 6.602, 753, 1116, 1517, 1904, 2137, 2268, 2902, 3334, 11587, 4137, 0, 0, 177, 331, 682, 1084, 1535, 1422, 1281, 1080, 3652, 281, 0, 0
20:57:40, 1026.10, 16.86, 22.28, 6.609, 780, 1140, 1550, 1949, 2138, 2293, 2892, 3377, 11281, 4041, 0, 0, 174, 326, 673, 1072, 1525, 1413, 1273, 1073, 3588, 275, 0, 0
20:57:40, 1026.30, 16.81, 22.30, 6.633, 806, 1169, 1588, 1999, 2250, 2468, 3065, 3594, 11703, 4445, 0, 0, 171, 320, 659, 1047, 1486, 1376, 1238, 1046, 3460, 266, 0, 0
20:57:41, 1026.40, 16.78, 22.27, 6.633, 799, 1152, 1569, 1962, 2220, 2466, 2998, 3623, 11223, 4328, 0, 0, 169, 315, 650, 1035, 1473, 1364, 1226, 1036, 3388, 260, 0, 0
20:57:42, 1026.30, 16.74, 22.27, 6.617, 775, 1119, 1530, 1899, 2178, 2427, 2919, 3549, 10667, 4033, 0, 0, 168, 313, 647, 1029, 1481, 1370, 1232, 1039, 3361, 257, 0, 0
20:57:42, 1026.00, 16.71, 22.25, 6.656, 764, 1101, 1509, 1862, 2107, 2338, 2799, 3432, 10159, 3922, 0, 0, 169, 315, 653, 1037, 1490, 1378, 1237, 1043, 3339, 255, 0, 0
20:57:43, 1026.10, 16.68, 22.28, 6.656, 758, 1090, 1499, 1830, 2066, 2282, 2729, 3420, 9796, 3992, 0, 0, 170, 316, 655, 1040, 1491, 1379, 1237, 1042, 3300, 251, 0, 0
20:57:44, 1027.00, 16.65, 22.28, 6.672, 790, 1122, 1556, 1887, 2073, 2289, 2716, 3436, 9644, 3977, 0, 0, 167, 311, 646, 1026, 1464, 1357, 1215, 1024, 3204, 242, 0, 0
20:57:44, 1027.50, 16.61, 22.25, 6.633, 785, 1118, 1562, 1881, 2125, 2334, 2747, 3509, 9463, 3797, 0, 0, 164, 305, 635, 1008, 1436, 1334, 1192, 1006, 3108, 234, 0, 0
20:57:45, 1027.80, 16.57, 22.27, 6.633, 776, 1111, 1559, 1865, 2110, 2292, 2713, 3486, 9158, 3757, 0, 0, 162, 300, 625, 994, 1415, 1316, 1173, 991, 3026, 227, 0, 0
20:57:46, 1027.90, 16.53, 22.23, 6.602, 766, 1105, 1553, 1845, 2113, 2276, 2714, 3490, 9066, 3672, 0, 0, 163, 301, 628, 998, 1417, 1318, 1176, 993, 3002, 224, 0, 0
20:57:46, 1027.70, 16.49, 22.25, 6.602, 750, 1089, 1523, 1813, 2104, 2251, 2710, 3476, 9044, 3731, 0, 0, 163, 301, 628, 998, 1421, 1320, 1177, 993, 2985, 221, 0, 0
20:57:47, 1028.00, 16.45, 22.25, 6.594, 737, 1078, 1507, 1797, 2054, 2182, 2664, 3390, 8868, 3648, 0, 0, 163, 303, 631, 1002, 1425, 1324, 1180, 995, 2983, 220, 0, 0
20:57:48, 1029.40, 16.41, 22.22, 6.578, 717, 1059, 1482, 1769, 2076, 2204, 2689, 3399, 8610, 3185, 0, 0, 163, 301, 631, 1003, 1435, 1333, 1188, 1000, 2973, 216, 0, 0
20:57:48, 1029.60, 16.38, 22.25, 6.578, 744, 1093, 1541, 1834, 2094, 2210, 2712, 3399, 8506, 3061, 0, 0, 160, 295, 617, 981, 1406, 1307, 1165, 980, 2905, 212, 0, 0
20:57:49, 1030.20, 16.33, 22.25, 6.555, 733, 1083, 1536, 1826, 2121, 2232, 2742, 3420, 8354, 2889, 0, 0, 157, 290, 608, 968, 1394, 1296, 1155, 971, 2863, 208, 0, 0
20:57:50, 1031.40, 16.29, 22.23, 6.547, 712, 1063, 1510, 1800, 2157, 2269, 2784, 3469, 8226, 2737, 0, 0, 156, 290, 607, 965, 1398, 1302, 1160, 974, 2867, 206, 0, 0
20:57:50, 1033.50, 16.25, 22.23, 6.547, 704, 1055, 1506, 1795, 2159, 2256, 2783, 3444, 8141, 2569, 0, 0, 157, 291, 610, 970, 1410, 1313, 1171, 984, 2887, 206, 0, 0
20:57:51, 1034.70, 16.21, 22.23, 6.547, 637, 970, 1397, 1679, 2003, 2094, 2585, 3190, 7386, 1966, 0, 0, 158, 293, 617, 982, 1417, 1321, 1180, 990, 2906, 207, 0, 0
20:57:52, 1034.40, 16.17, 22.25, 6.594, 650, 985, 1418, 1701, 2011, 2102, 2599, 3210, 7502, 2064, 0, 0, 158, 294, 618, 984, 1421, 1323, 1181, 991, 2911, 207, 0, 0
20:57:52, 1032.20, 16.13, 22.25, 6.594, 638, 967, 1394, 1672, 1977, 2076, 2566, 3178, 7428, 2079, 0, 0, 156, 290, 608, 969, 1391, 1294, 1154, 969, 2856, 204, 0, 0
20:57:53, 1029.20, 16.09, 22.18, 6.609, 696, 1040, 1487, 1774, 2113, 2220, 2731, 3392, 8115, 2627, 0, 0, 155, 288, 603, 959, 1378, 1281, 1141, 959, 2836, 208, 0, 0
20:57:53, 1026.70, 16.05, 22.22, 6.633, 767, 1128, 1585, 1873, 2233, 2339, 2881, 3587, 9088, 3772, 0, 0, 156, 288, 602, 954, 1369, 1272, 1133, 954, 2841, 219, 0, 0
20:57:54, 1026.80, 16.02, 22.20, 6.633, 742, 1096, 1527, 1815, 2115, 2221, 2758, 3446, 8944, 3855, 0, 0, 159, 293, 613, 970, 1387, 1287, 1146, 965, 2874, 217, 0, 0
20:57:55, 1026.30, 15.98, 22.22, 6.633, 745, 1099, 1526, 1813, 2118, 2220, 2761, 3458, 9035, 3868, 0, 0, 163, 301, 628, 993, 1410, 1308, 1164, 981, 2920, 218, 0, 0
20:57:55, 1025.70, 15.94, 22.18, 6.609, 777, 1133, 1574, 1865, 2119, 2227, 2766, 3472, 9164, 4158, 0, 0, 164, 302, 632, 999, 1416, 1312, 1168, 983, 2934, 219, 0, 0
20:57:56, 1025.40, 15.90, 22.20, 6.609, 774, 1132, 1569, 1858, 2192, 2312, 2845, 3569, 9361, 4421, 0, 0, 160, 295, 615, 973, 1400, 1297, 1157, 974, 2912, 223, 0, 0
20:57:57, 1025.80, 15.87, 22.22, 6.586, 799, 1160, 1613, 1909, 2220, 2358, 2889, 3622, 9389, 4504, 0, 0, 156, 287, 599, 949, 1359, 1259, 1124, 946, 2833, 225, 0, 0
20:57:57, 1026.60, 15.82, 22.20, 6.586, 763, 1117, 1565, 1860, 2250, 2388, 2916, 3648, 9227, 4172, 0, 0, 153, 283, 590, 935, 1356, 1258, 1122, 945, 2824, 223, 0, 0
20:57:58, 1026.30, 15.78, 22.18, 6.570, 754, 1106, 1557, 1850, 2187, 2315, 2858, 3575, 9100, 3905, 0, 0, 156, 287, 599, 949, 1363, 1265, 1128, 950, 2834, 221, 0, 0
20:57:59, 1026.80, 15.74, 22.22, 6.570, 722, 1069, 1497, 1787, 2130, 2251, 2803, 3505, 8950, 3693, 0, 0, 160, 296, 619, 979, 1400, 1299, 1157, 974, 2894, 216, 0, 0
20:57:59, 1026.80, 15.69, 22.18, 6.570, 757, 1115, 1555, 1847, 2108, 2211, 2778, 3464, 9025, 3810, 0, 0, 162, 298, 624, 986, 1408, 1306, 1164, 979, 2905, 217, 0, 0
20:58:00, 1026.90, 15.64, 22.18, 6.578, 741, 1099, 1532, 1825, 2091, 2198, 2769, 3445, 8879, 3729, 0, 0, 160, 296, 619, 979, 1395, 1294, 1152, 970, 2871, 215, 0, 0
20:58:01, 1026.80, 15.60, 22.16, 6.570, 738, 1097, 1543, 1843, 2108, 2226, 2793, 3461, 8538, 3530, 0, 0, 158, 292, 611, 966, 1369, 1270, 1131, 951, 2812, 216, 0, 0
20:58:01, 1027.40, 15.56, 22.18, 6.570, 721, 1078, 1515, 1813, 2022, 2141, 2702, 3309, 8054, 3172, 0, 0, 155, 286, 600, 949, 1348, 1253, 1116, 938, 2765, 215, 0, 0
20:58:02, 1026.80, 15.53, 22.18, 6.547, 692, 1052, 1476, 1775, 2102, 2206, 2792, 3387, 8187, 3172, 0, 0, 153, 283, 593, 937, 1343, 1249, 1113, 936, 2759, 217, 0, 0
20:58:03, 1026.40, 15.47, 22.16, 6.562, 718, 1091, 1531, 1838, 2222, 2305, 2946, 3568, 8573, 3577, 0, 0, 155, 286, 601, 947, 1364, 1269, 1131, 952, 2805, 217, 0, 0
20:58:03, 1026.30, 15.43, 22.15, 6.562, 726, 1101, 1529, 1841, 2142, 2232, 2864, 3478, 8663, 3709, 0, 0, 160, 295, 620, 977, 1401, 1304, 1161, 977, 2872, 215, 0, 0
20:58:04, 1026.10, 15.40, 22.16, 6.570, 704, 1075, 1490, 1805, 2062, 2162, 2777, 3374, 8432, 3495, 0, 0, 162, 299, 628, 992, 1391, 1294, 1153, 969, 2850, 214, 0, 0
20:58:05, 1024.20, 15.37, 22.18, 6.578, 733, 1112, 1536, 1860, 2187, 2294, 2943, 3564, 8868, 4261, 0, 0, 159, 294, 615, 970, 1370, 1273, 1137, 956, 2836, 230, 0, 0
20:58:05, 1023.10, 15.33, 22.15, 6.578, 779, 1169, 1610, 1949, 2234, 2362, 3041, 3645, 9123, 4866, 0, 0, 160, 292, 612, 965, 1368, 1274, 1135, 958, 2852, 251, 0, 0
20:58:06, 1023.40, 15.30, 22.18, 6.562, 851, 1267, 1741, 2112, 2299, 2436, 3150, 3738, 9366, 5274, 0, 0, 159, 290, 606, 955, 1372, 1278, 1139, 963, 2873, 256, 0, 0
20:58:07, 1023.10, 15.26, 22.18, 6.562, 862, 1294, 1777, 2171, 2567, 2667, 3515, 4080, 10281, 5978, 0, 0, 160, 293, 611, 965, 1393, 1301, 1158, 978, 2907, 247, 0, 0
20:58:07, 1024.60, 15.24, 22.16, 6.562, 846, 1281, 1733, 2164, 2387, 2540, 3298, 3910, 9872, 5437, 0, 0, 161, 297, 619, 978, 1406, 1316, 1171, 990, 2919, 232, 0, 0
20:58:08, 1024.80, 15.21, 22.16, 6.570, 798, 1221, 1655, 2078, 2384, 2506, 3281, 3841, 9547, 4743, 0, 0, 161, 297, 621, 982, 1413, 1322, 1177, 994, 2934, 227, 0, 0
20:58:09, 1024.70, 15.19, 22.16, 6.586, 794, 1214, 1643, 2078, 2369, 2525, 3283, 3871, 9772, 4930, 0, 0, 161, 297, 620, 981, 1398, 1309, 1166, 987, 2931, 231, 0, 0
20:58:09, 1025.80, 15.17, 22.16, 6.586, 789, 1212, 1642, 2081, 2324, 2476, 3214, 3769, 9281, 3921, 0, 0, 165, 306, 638, 1012, 1452, 1360, 1212, 1022, 3020, 227, 0, 0
20:58:10, 1026.00, 15.14, 22.15, 6.570, 758, 1156, 1577, 1991, 2294, 2456, 3195, 3718, 9055, 4014, 0, 0, 161, 298, 620, 987, 1403, 1316, 1172, 990, 2948, 229, 0, 0
20:58:11, 1026.50, 15.09, 22.13, 6.578, 726, 1111, 1529, 1929, 2230, 2365, 3136, 3555, 8003, 3236, 0, 0, 159, 292, 609, 969, 1355, 1272, 1134, 960, 2890, 238, 0, 0
20:58:11, 1027.20, 15.04, 22.15, 6.578, 693, 1065, 1476, 1865, 2143, 2215, 3014, 3291, 6793, 2345, 0, 0, 156, 286, 597, 951, 1325, 1246, 1113, 941, 2841, 237, 0, 0
20:58:12, 1027.90, 14.99, 22.16, 6.562, 705, 1089, 1512, 1913, 2112, 2172, 2973, 3227, 6516, 2122, 0, 0, 155, 286, 600, 953, 1340, 1260, 1124, 949, 2841, 225, 0, 0
20:58:13, 1028.10, 14.95, 22.15, 6.562, 725, 1121, 1553, 1970, 2211, 2296, 3109, 3435, 7250, 2398, 0, 0, 159, 295, 618, 982, 1387, 1302, 1161, 979, 2908, 221, 0, 0
20:58:13, 1028.50, 14.91, 22.13, 6.562, 719, 1112, 1537, 1944, 2158, 2279, 3008, 3442, 7662, 2633, 0, 0, 163, 302, 633, 1004, 1423, 1335, 1189, 1002, 2961, 220, 0, 0
20:58:14, 1028.60, 14.89, 22.15, 6.539, 692, 1072, 1486, 1868, 2144, 2263, 2973, 3430, 7694, 2596, 0, 0, 162, 301, 628, 1003, 1421, 1332, 1188, 1000, 2950, 219, 0, 0
20:58:15, 1028.80, 14.86, 22.18, 6.539, 691, 1077, 1494, 1876, 2143, 2237, 2970, 3377, 7278, 2349, 0, 0, 160, 297, 620, 989, 1401, 1313, 1171, 985, 2898, 216, 0, 0
20:58:15, 1029.30, 14.84, 22.09, 6.531, 708, 1103, 1536, 1922, 2217, 2267, 3065, 3404, 6949, 2196, 0, 0, 155, 288, 603, 963, 1372, 1286, 1149, 965, 2835, 214, 0, 0
20:58:16, 1029.00, 14.81, 22.15, 6.547, 710, 1104, 1547, 1922, 2206, 2232, 3027, 3337, 6629, 2061, 0, 0, 153, 284, 595, 949, 1356, 1271, 1137, 954, 2806, 215, 0, 0
20:58:17, 1028.40, 14.78, 22.13, 6.547, 717, 1115, 1564, 1929, 2211, 2248, 3023, 3378, 6872, 2214, 0, 0, 157, 289, 607, 964, 1390, 1301, 1161, 976, 2861, 217, 0, 0
20:58:17, 1028.20, 14.75, 22.11, 6.555, 749, 1164, 1619, 2000, 2323, 2383, 3171, 3622, 7702, 2754, 0, 0, 157, 289, 607, 964, 1407, 1317, 1173, 988, 2883, 218, 0, 0
20:58:18, 1028.90, 14.73, 22.09, 6.562, 720, 1120, 1565, 1927, 2319, 2366, 3147, 3615, 7641, 2611, 0, 0, 155, 286, 601, 954, 1394, 1303, 1162, 977, 2851, 214, 0, 0
20:58:19, 1028.60, 14.71, 22.11, 6.562, 714, 1111, 1561, 1910, 2311, 2357, 3113, 3595, 7654, 2585, 0, 0, 155, 285, 599, 950, 1388, 1295, 1155, 971, 2835, 214, 0, 0
20:58:19, 1028.90, 14.70, 22.11, 6.539, 676, 1046, 1474, 1793, 2156, 2224, 2903, 3373, 7217, 2294, 0, 0, 156, 287, 604, 961, 1381, 1288, 1150, 966, 2822, 213, 0, 0
20:58:20, 1029.30, 14.68, 22.11, 6.539, 686, 1067, 1499, 1833, 2102, 2168, 2823, 3276, 6951, 2188, 0, 0, 157, 290, 610, 969, 1386, 1295, 1154, 969, 2823, 210, 0, 0
20:58:21, 1028.60, 14.65, 22.09, 6.539, 690, 1074, 1508, 1846, 2160, 2225, 2910, 3369, 7163, 2288, 0, 0, 156, 288, 607, 965, 1387, 1297, 1157, 972, 2832, 212, 0, 0
20:58:21, 1027.60, 14.63, 22.11, 6.523, 710, 1101, 1538, 1890, 2243, 2302, 3033, 3505, 7528, 2640, 0, 0, 156, 288, 606, 963, 1398, 1308, 1166, 981, 2865, 219, 0, 0
20:58:22, 1026.20, 14.61, 22.11, 6.531, 695, 1066, 1495, 1822, 2190, 2285, 2993, 3458, 7588, 2977, 0, 0, 160, 292, 612, 972, 1386, 1296, 1156, 977, 2881, 250, 0, 0
20:58:23, 1027.70, 14.59, 22.09, 6.531, 724, 1111, 1562, 1909, 2114, 2152, 2859, 3230, 6458, 2189, 0, 0, 159, 293, 615, 982, 1383, 1296, 1156, 975, 2857, 234, 0, 0
20:58:23, 1028.30, 14.57, 22.08, 6.539, 711, 1092, 1545, 1876, 2175, 2169, 2952, 3227, 6084, 1975, 0, 0, 154, 283, 594, 948, 1361, 1277, 1142, 960, 2826, 233, 0, 0
20:58:24, 1027.50, 14.54, 22.08, 6.539, 714, 1109, 1562, 1926, 2187, 2191, 3019, 3249, 6075, 1906, 0, 0, 154, 282, 595, 947, 1366, 1283, 1148, 966, 2858, 238, 0, 0
20:58:25, 1026.90, 14.51, 22.08, 6.562, 747, 1161, 1604, 2028, 2243, 2309, 3141, 3452, 6952, 2433, 0, 0, 162, 298, 625, 993, 1430, 1343, 1196, 1010, 2974, 232, 0, 0
20:58:25, 1027.10, 14.48, 22.04, 6.539, 744, 1151, 1581, 2016, 2183, 2300, 3063, 3461, 7430, 2651, 0, 0, 165, 306, 640, 1019, 1453, 1363, 1216, 1025, 3029, 229, 0, 0
20:58:26, 1027.30, 14.43, 22.08, 6.539, 722, 1107, 1521, 1943, 2107, 2262, 2949, 3402, 7650, 2794, 0, 0, 164, 306, 637, 1019, 1451, 1364, 1216, 1027, 3062, 233, 0, 0
20:58:27, 1027.30, 14.41, 22.08, 6.547, 706, 1074, 1483, 1899, 2148, 2301, 3026, 3418, 7678, 2712, 0, 0, 161, 298, 620, 993, 1417, 1335, 1191, 1006, 3032, 233, 0, 0
20:58:27, 1025.50, 14.39, 22.08, 6.562, 717, 1086, 1500, 1928, 2201, 2379, 3074, 3461, 8031, 3029, 0, 0, 160, 292, 608, 969, 1369, 1293, 1151, 980, 3018, 255, 0, 0
20:58:28, 1026.00, 14.37, 22.04, 6.562, 773, 1162, 1599, 2082, 2244, 2414, 3158, 3496, 8159, 3028, 0, 0, 161, 296, 616, 980, 1373, 1297, 1155, 983, 3033, 250, 0, 0
20:58:29, 1027.10, 14.34, 22.04, 6.555, 758, 1138, 1571, 2032, 2159, 2327, 3018, 3411, 8083, 2801, 0, 0, 163, 302, 629, 1003, 1394, 1312, 1171, 991, 3039, 234, 0, 0
20:58:29, 1027.40, 14.32, 22.06, 6.547, 744, 1118, 1546, 1977, 2151, 2361, 2953, 3491, 8764, 3117, 0, 0, 164, 306, 637, 1016, 1414, 1330, 1188, 1004, 3077, 233, 0, 0
20:58:30, 1027.20, 14.29, 22.04, 6.547, 741, 1108, 1530, 1932, 2195, 2438, 2991, 3629, 9577, 3588, 0, 0, 166, 308, 642, 1022, 1439, 1353, 1207, 1021, 3132, 237, 0, 0
20:58:31, 1026.40, 14.26, 22.08, 6.531, 716, 1067, 1476, 1854, 2157, 2408, 2931, 3603, 9679, 3664, 0, 0, 168, 313, 651, 1039, 1455, 1367, 1219, 1030, 3174, 241, 0, 0
20:58:31, 1027.00, 14.22, 22.04, 6.531, 736, 1089, 1501, 1880, 2185, 2455, 2962, 3638, 9887, 3931, 0, 0, 165, 306, 636, 1013, 1428, 1344, 1197, 1013, 3135, 240, 0, 0
20:58:32, 1027.60, 14.19, 22.06, 6.531, 739, 1098, 1517, 1929, 2253, 2512, 3055, 3645, 9558, 3483, 0, 0, 160, 297, 618, 985, 1398, 1317, 1172, 992, 3078, 237, 0, 0
20:58:33, 1026.50, 14.16, 22.09, 6.531, 737, 1102, 1522, 1956, 2237, 2453, 3094, 3533, 8897, 3140, 0, 0, 159, 293, 610, 973, 1378, 1299, 1157, 978, 3040, 237, 0, 0
20:58:33, 1027.00, 14.12, 22.06, 6.555, 760, 1135, 1564, 2022, 2315, 2533, 3220, 3651, 9115, 3330, 0, 0, 158, 293, 610, 973, 1395, 1314, 1171, 990, 3047, 235, 0, 0
20:58:34, 1027.30, 14.09, 22.08, 6.555, 767, 1152, 1588, 2050, 2314, 2544, 3202, 3698, 9240, 3349, 0, 0, 161, 298, 620, 989, 1431, 1347, 1200, 1014, 3086, 234, 0, 0
20:58:35, 1027.00, 14.07, 22.09, 6.547, 799, 1208, 1653, 2139, 2368, 2588, 3284, 3794, 9690, 3763, 0, 0, 164, 304, 633, 1009, 1469, 1379, 1229, 1039, 3137, 238, 0, 0
20:58:35, 1027.30, 14.06, 22.06, 6.531, 789, 1197, 1640, 2107, 2329, 2527, 3229, 3742, 9471, 3681, 0, 0, 165, 305, 636, 1014, 1460, 1370, 1220, 1031, 3103, 234, 0, 0
20:58:36, 1027.40, 14.05, 22.01, 6.531, 758, 1160, 1596, 2046, 2236, 2415, 3099, 3586, 8668, 3150, 0, 0, 163, 301, 628, 1001, 1426, 1338, 1191, 1008, 3025, 230, 0, 0
20:58:37, 1026.90, 14.04, 22.04, 6.539, 756, 1158, 1593, 2040, 2236, 2394, 3124, 3543, 8158, 2976, 0, 0, 160, 296, 618, 986, 1408, 1322, 1177, 995, 2979, 230, 0, 0
20:58:37, 1027.10, 14.02, 22.04, 6.539, 750, 1155, 1592, 2038, 2251, 2360, 3173, 3486, 7568, 2646, 0, 0, 157, 289, 605, 964, 1371, 1291, 1149, 971, 2899, 226, 0, 0
20:58:38, 1026.60, 14.00, 22.02, 6.539, 732, 1131, 1561, 1989, 2268, 2358, 3193, 3490, 7400, 2668, 0, 0, 155, 283, 592, 941, 1342, 1263, 1125, 952, 2846, 232, 0, 0
20:58:38, 1026.80, 13.99, 22.02, 6.555, 720, 1112, 1537, 1943, 2216, 2299, 3112, 3426, 7142, 2520, 0, 0, 155, 284, 596, 948, 1359, 1277, 1136, 960, 2846, 223, 0, 0
20:58:39, 1026.70, 13.98, 22.02, 6.555, 748, 1159, 1595, 2017, 2295, 2405, 3209, 3607, 7920, 3053, 0, 0, 156, 288, 603, 959, 1389, 1303, 1158, 978, 2889, 222, 0, 0
20:58:40, 1027.00, 13.98, 22.02, 6.555, 736, 1138, 1564, 1973, 2292, 2415, 3187, 3642, 8266, 3221, 0, 0, 158, 291, 609, 968, 1403, 1316, 1170, 989, 2910, 221, 0, 0
20:58:40, 1026.90, 13.97, 22.02, 6.555, 734, 1138, 1562, 1974, 2243, 2378, 3107, 3596, 8299, 3158, 0, 0, 158, 293, 612, 973, 1410, 1321, 1176, 993, 2923, 221, 0, 0
20:58:41, 1027.30, 13.96, 22.04, 6.555, 735, 1141, 1568, 1982, 2227, 2354, 3088, 3548, 7999, 2901, 0, 0, 159, 294, 614, 977, 1394, 1307, 1164, 982, 2892, 218, 0, 0
20:58:42, 1027.00, 13.95, 22.01, 6.555, 729, 1132, 1562, 1974, 2225, 2330, 3101, 3492, 7514, 2649, 0, 0, 156, 288, 602, 957, 1361, 1278, 1138, 961, 2841, 220, 0, 0
20:58:42, 1026.70, 13.95, 22.01, 6.570, 724, 1124, 1554, 1960, 2196, 2273, 3069, 3388, 6980, 2427, 0, 0, 154, 284, 594, 945, 1333, 1254, 1118, 945, 2801, 226, 0, 0
20:58:43, 1027.50, 13.94, 22.01, 6.570, 739, 1149, 1588, 2006, 2228, 2283, 3124, 3391, 6818, 2312, 0, 0, 153, 281, 588, 934, 1328, 1249, 1113, 941, 2788, 223, 0, 0
20:58:44, 1025.80, 13.92, 22.01, 6.578, 715, 1112, 1530, 1935, 2182, 2276, 3053, 3394, 7164, 2557, 0, 0, 154, 284, 593, 942, 1353, 1271, 1132, 957, 2831, 223, 0, 0
20:58:44, 1024.30, 13.91, 21.99, 6.562, 820, 1253, 1700, 2154, 2503, 2664, 3510, 3969, 9843, 5091, 0, 0, 157, 288, 599, 950, 1360, 1277, 1137, 965, 2886, 242, 0, 0
20:58:45, 1025.40, 13.89, 22.01, 6.562, 750, 1150, 1574, 1974, 2196, 2330, 3080, 3522, 7809, 3208, 0, 0, 157, 291, 607, 963, 1375, 1291, 1149, 973, 2896, 230, 0, 0
20:58:46, 1025.90, 13.86, 21.99, 6.562, 757, 1160, 1580, 2000, 2328, 2467, 3273, 3714, 8591, 3644, 0, 0, 157, 290, 604, 959, 1363, 1281, 1141, 966, 2874, 226, 0, 0
20:58:46, 1026.90, 13.84, 21.99, 6.562, 737, 1136, 1552, 1973, 2252, 2388, 3152, 3584, 8065, 3133, 0, 0, 153, 282, 590, 937, 1347, 1265, 1128, 954, 2839, 221, 0, 0
20:58:47, 1027.80, 13.82, 21.99, 6.562, 699, 1082, 1493, 1894, 2262, 2370, 3178, 3533, 7673, 2628, 0, 0, 152, 281, 588, 935, 1342, 1263, 1126, 952, 2830, 218, 0, 0
20:58:48, 1027.80, 13.81, 21.99, 6.555, 704, 1089, 1505, 1917, 2245, 2361, 3141, 3516, 7654, 2601, 0, 0, 153, 283, 591, 939, 1352, 1272, 1134, 960, 2853, 219, 0, 0
20:58:48, 1028.20, 13.80, 22.01, 6.547, 716, 1108, 1529, 1946, 2246, 2371, 3146, 3537, 7863, 2781, 0, 0, 154, 286, 597, 949, 1361, 1280, 1141, 965, 2872, 220, 0, 0
20:58:49, 1028.60, 13.80, 21.99, 6.547, 688, 1066, 1482, 1882, 2154, 2274, 2996, 3389, 7354, 2310, 0, 0, 155, 288, 603, 960, 1365, 1284, 1144, 967, 2872, 216, 0, 0
20:58:50, 1028.30, 13.80, 21.99, 6.547, 717, 1113, 1536, 1959, 2240, 2361, 3128, 3525, 7814, 2668, 0, 0, 155, 287, 599, 953, 1361, 1281, 1142, 965, 2869, 218, 0, 0
20:58:50, 1028.80, 13.80, 21.99, 6.547, 715, 1110, 1535, 1958, 2178, 2303, 3036, 3435, 7525, 2454, 0, 0, 155, 287, 600, 954, 1355, 1275, 1137, 961, 2854, 215, 0, 0
20:58:51, 1029.20, 13.78, 21.97, 6.539, 695, 1082, 1496, 1909, 2164, 2287, 3021, 3405, 7393, 2331, 0, 0, 154, 285, 596, 949, 1344, 1265, 1128, 953, 2833, 213, 0, 0
20:58:52, 1028.30, 13.77, 21.97, 6.531, 700, 1087, 1502, 1919, 2183, 2318, 3042, 3454, 7669, 2526, 0, 0, 153, 282, 591, 940, 1343, 1263, 1126, 952, 2842, 216, 0, 0
20:58:52, 1028.10, 13.77, 21.97, 6.531, 709, 1097, 1515, 1932, 2175, 2313, 3037, 3458, 7791, 2651, 0, 0, 155, 286, 598, 953, 1351, 1271, 1133, 958, 2862, 217, 0, 0
20:58:53, 1029.50, 13.76, 21.96, 6.523, 699, 1075, 1488, 1896, 2120, 2265, 2940, 3398, 7740, 2572, 0, 0, 156, 289, 605, 963, 1359, 1279, 1140, 963, 2879, 215, 0, 0
20:58:54, 1026.70, 13.76, 21.97, 6.539, 696, 1071, 1487, 1897, 2190, 2353, 3031, 3511, 8319, 2845, 0, 0, 154, 286, 597, 950, 1349, 1269, 1131, 958, 2884, 222, 0, 0
20:58:54, 1028.70, 13.75, 21.97, 6.539, 748, 1141, 1563, 1993, 2198, 2376, 3047, 3560, 8686, 3377, 0, 0, 158, 294, 612, 975, 1385, 1303, 1161, 982, 2946, 222, 0, 0
20:58:55, 1029.00, 13.75, 22.01, 6.523, 683, 1050, 1459, 1853, 2123, 2277, 2926, 3375, 7789, 2477, 0, 0, 156, 290, 607, 967, 1371, 1290, 1151, 972, 2921, 219, 0, 0
20:58:56, 1028.70, 13.72, 21.96, 6.531, 700, 1078, 1497, 1915, 2168, 2310, 3005, 3387, 7604, 2374, 0, 0, 153, 283, 591, 942, 1347, 1270, 1133, 957, 2879, 219, 0, 0
20:58:56, 1028.80, 13.69, 21.97, 6.531, 708, 1093, 1515, 1949, 2227, 2344, 3136, 3411, 7418, 2255, 0, 0, 152, 282, 588, 938, 1355, 1276, 1137, 961, 2884, 219, 0, 0
20:58:57, 1028.20, 13.67, 21.96, 6.531, 733, 1134, 1566, 2026, 2264, 2394, 3179, 3491, 7711, 2487, 0, 0, 152, 282, 588, 937, 1345, 1267, 1129, 955, 2877, 221, 0, 0
20:58:58, 1027.90, 13.64, 21.97, 6.516, 709, 1090, 1511, 1938, 2176, 2311, 3045, 3390, 7567, 2474, 0, 0, 154, 285, 595, 948, 1351, 1272, 1134, 960, 2890, 222, 0, 0
20:58:58, 1028.10, 13.62, 21.97, 6.516, 703, 1078, 1492, 1906, 2170, 2316, 3028, 3416, 7776, 2609, 0, 0, 155, 287, 599, 956, 1368, 1288, 1148, 970, 2923, 222, 0, 0
20:58:59, 1027.80, 13.61, 21.96, 6.523, 702, 1075, 1490, 1902, 2144, 2306, 2959, 3400, 7879, 2615, 0, 0, 156, 290, 605, 964, 1377, 1296, 1155, 977, 2953, 225, 0, 0
20:59:00, 1027.30, 13.60, 21.94, 6.547, 728, 1111, 1530, 1963, 2214, 2399, 3064, 3526, 8382, 3000, 0, 0, 156, 289, 601, 958, 1361, 1282, 1143, 967, 2931, 225, 0, 0
20:59:00, 1026.60, 13.56, 21.94, 6.547, 731, 1111, 1533, 1969, 2207, 2392, 3064, 3506, 8371, 3011, 0, 0, 155, 287, 598, 954, 1347, 1270, 1132, 959, 2922, 228, 0, 0
20:59:01, 1026.40, 13.55, 21.94, 6.539, 754, 1143, 1576, 2029, 2222, 2423, 3074, 3549, 8563, 3127, 0, 0, 156, 289, 600, 956, 1351, 1273, 1135, 961, 2939, 229, 0, 0
20:59:02, 1026.50, 13.55, 21.96, 6.539, 758, 1146, 1576, 2031, 2205, 2407, 3043, 3532, 8645, 3175, 0, 0, 157, 291, 605, 964, 1352, 1274, 1136, 962, 2943, 228, 0, 0
20:59:02, 1026.50, 13.54, 21.92, 6.539, 768, 1154, 1584, 2032, 2197, 2424, 3019, 3565, 9003, 3388, 0, 0, 158, 293, 610, 973, 1367, 1287, 1148, 971, 2986, 230, 0, 0
20:59:03, 1026.10, 13.54, 21.96, 6.523, 764, 1143, 1566, 2002, 2194, 2443, 2992, 3602, 9440, 3633, 0, 0, 160, 297, 616, 982, 1396, 1312, 1170, 990, 3059, 235, 0, 0
20:59:04, 1025.00, 13.54, 21.92, 6.523, 774, 1148, 1569, 1997, 2179, 2448, 2943, 3611, 9783, 3894, 0, 0, 162, 301, 625, 997, 1403, 1318, 1175, 994, 3092, 239, 0, 0
20:59:04, 1024.10, 13.53, 21.89, 6.523, 830, 1211, 1647, 2080, 2245, 2552, 3041, 3758, 10674, 5320, 0, 0, 162, 299, 619, 986, 1387, 1303, 1161, 984, 3108, 248, 0, 0
20:59:05, 1025.20, 13.51, 21.94, 6.516, 838, 1228, 1671, 2166, 2271, 2566, 3075, 3745, 10352, 4090, 0, 0, 159, 294, 610, 975, 1361, 1280, 1141, 967, 3056, 241, 0, 0
20:59:06, 1025.90, 13.50, 21.90, 6.516, 842, 1224, 1669, 2123, 2243, 2544, 3052, 3703, 10350, 4632, 0, 0, 158, 291, 603, 960, 1365, 1283, 1145, 969, 3061, 239, 0, 0
20:59:06, 1026.40, 13.47, 21.96, 6.555, 800, 1180, 1619, 2065, 2250, 2541, 3043, 3700, 10344, 4125, 0, 0, 159, 293, 609, 969, 1376, 1292, 1154, 975, 3062, 235, 0, 0
20:59:07, 1026.40, 13.44, 21.92, 6.570, 798, 1184, 1621, 2083, 2231, 2501, 3024, 3685, 10162, 3986, 0, 0, 159, 295, 612, 975, 1391, 1306, 1166, 986, 3073, 236, 0, 0
20:59:08, 1025.90, 13.42, 21.90, 6.570, 795, 1183, 1616, 2073, 2257, 2523, 3089, 3727, 10187, 4244, 0, 0, 159, 294, 611, 973, 1383, 1300, 1159, 982, 3042, 235, 0, 0
20:59:08, 1027.20, 13.40, 21.90, 6.547, 782, 1168, 1598, 2052, 2258, 2500, 3134, 3691, 9547, 3706, 0, 0, 157, 291, 604, 963, 1364, 1283, 1144, 968, 2976, 229, 0, 0
20:59:09, 1027.70, 13.39, 21.90, 6.539, 746, 1126, 1549, 1992, 2212, 2423, 3055, 3553, 8744, 3078, 0, 0, 154, 285, 593, 946, 1342, 1265, 1127, 952, 2911, 224, 0, 0
20:59:10, 1027.20, 13.38, 21.92, 6.539, 732, 1109, 1532, 1968, 2160, 2339, 2986, 3413, 8108, 2805, 0, 0, 152, 282, 587, 936, 1326, 1249, 1112, 941, 2868, 222, 0, 0
20:59:10, 1026.30, 13.37, 21.90, 6.547, 750, 1131, 1565, 2062, 2447, 2685, 3589, 3899, 9363, 3328, 0, 0, 151, 278, 578, 922, 1313, 1236, 1101, 932, 2844, 225, 0, 0
20:59:11, 1025.30, 13.35, 21.90, 6.539, 769, 1158, 1596, 2148, 2523, 2783, 3681, 3992, 9625, 3772, 0, 0, 152, 280, 581, 926, 1321, 1244, 1108, 940, 2873, 232, 0, 0
20:59:12, 1026.40, 13.34, 21.89, 6.539, 755, 1138, 1561, 2002, 2215, 2416, 3084, 3595, 8780, 3564, 0, 0, 155, 286, 594, 946, 1336, 1257, 1121, 948, 2872, 224, 0, 0
20:59:12, 1026.20, 13.33, 21.85, 6.531, 731, 1114, 1535, 1970, 2179, 2350, 3038, 3503, 8280, 3054, 0, 0, 154, 285, 594, 946, 1324, 1246, 1111, 939, 2839, 221, 0, 0
20:59:13, 1026.40, 13.33, 21.87, 6.531, 733, 1115, 1537, 1957, 2171, 2326, 3022, 3445, 8012, 3081, 0, 0, 153, 283, 590, 940, 1329, 1249, 1112, 941, 2845, 225, 0, 0
20:59:14, 1025.40, 13.32, 21.87, 6.531, 727, 1113, 1538, 1959, 2150, 2262, 3021, 3343, 7350, 2745, 0, 0, 152, 279, 580, 924, 1287, 1211, 1077, 914, 2778, 237, 0, 0
20:59:14, 1026.50, 13.30, 21.85, 6.523, 722, 1107, 1520, 1935, 2174, 2268, 3058, 3331, 7138, 2663, 0, 0, 149, 274, 571, 910, 1289, 1213, 1080, 916, 2771, 233, 0, 0
20:59:15, 1027.20, 13.28, 21.89, 6.531, 716, 1108, 1524, 1945, 2157, 2250, 3018, 3313, 7062, 2470, 0, 0, 150, 276, 577, 918, 1309, 1231, 1095, 927, 2781, 222, 0, 0
20:59:16, 1027.60, 13.26, 21.87, 6.531, 703, 1091, 1509, 1922, 2083, 2181, 2892, 3234, 6880, 2180, 0, 0, 152, 282, 589, 938, 1316, 1238, 1104, 932, 2783, 215, 0, 0
20:59:16, 1026.80, 13.24, 21.85, 6.523, 707, 1094, 1508, 1917, 2102, 2215, 2933, 3311, 7220, 2522, 0, 0, 153, 283, 591, 940, 1314, 1236, 1101, 930, 2782, 217, 0, 0
20:59:17, 1026.80, 13.23, 21.85, 6.523, 715, 1105, 1520, 1930, 2180, 2301, 3037, 3416, 7482, 2688, 0, 0, 150, 278, 580, 924, 1308, 1230, 1097, 927, 2770, 219, 0, 0
20:59:18, 1027.40, 13.21, 21.82, 6.508, 709, 1100, 1517, 1929, 2125, 2221, 2960, 3294, 6953, 2358, 0, 0, 149, 275, 575, 914, 1290, 1214, 1082, 914, 2733, 218, 0, 0
20:59:18, 1027.10, 13.20, 21.83, 6.516, 691, 1075, 1487, 1883, 2094, 2174, 2912, 3210, 6641, 2175, 0, 0, 148, 272, 569, 904, 1280, 1204, 1074, 908, 2717, 220, 0, 0
20:59:19, 1026.90, 13.19, 21.87, 6.516, 705, 1096, 1510, 1918, 2123, 2214, 2953, 3280, 6903, 2372, 0, 0, 149, 273, 571, 907, 1287, 1211, 1079, 912, 2728, 218, 0, 0
20:59:20, 1028.10, 13.19, 21.83, 6.516, 714, 1111, 1530, 1945, 2086, 2189, 2892, 3255, 6942, 2236, 0, 0, 151, 279, 585, 931, 1320, 1241, 1106, 932, 2770, 211, 0, 0
20:59:20, 1027.10, 13.19, 21.87, 6.523, 727, 1134, 1557, 1983, 2173, 2289, 3007, 3407, 7516, 2548, 0, 0, 151, 280, 585, 930, 1339, 1258, 1120, 946, 2809, 215, 0, 0
20:59:21, 1026.60, 13.18, 21.85, 6.523, 753, 1169, 1601, 2034, 2254, 2375, 3135, 3533, 7966, 3055, 0, 0, 150, 276, 576, 914, 1300, 1223, 1089, 921, 2756, 220, 0, 0
20:59:22, 1027.10, 13.16, 21.83, 6.508, 726, 1131, 1556, 1978, 2201, 2305, 3051, 3426, 7420, 2551, 0, 0, 147, 271, 566, 900, 1286, 1210, 1078, 912, 2720, 218, 0, 0
20:59:22, 1027.30, 13.15, 21.80, 6.508, 707, 1102, 1516, 1922, 2153, 2250, 2987, 3348, 7187, 2446, 0, 0, 148, 273, 571, 907, 1289, 1212, 1081, 913, 2715, 213, 0, 0
20:59:23, 1027.40, 13.13, 21.83, 6.508, 692, 1079, 1484, 1879, 2109, 2218, 2915, 3308, 7184, 2477, 0, 0, 149, 275, 574, 913, 1297, 1220, 1088, 919, 2730, 212, 0, 0
20:59:24, 1026.60, 13.13, 21.82, 6.508, 671, 1042, 1438, 1814, 2081, 2196, 2879, 3279, 7149, 2498, 0, 0, 149, 274, 573, 910, 1292, 1214, 1083, 915, 2732, 217, 0, 0
20:59:24, 1026.20, 13.12, 21.82, 6.516, 693, 1073, 1476, 1867, 2163, 2282, 3000, 3400, 7490, 2706, 0, 0, 148, 273, 570, 906, 1286, 1211, 1079, 914, 2741, 224, 0, 0
20:59:25, 1026.20, 13.11, 21.82, 6.516, 723, 1124, 1544, 1959, 2204, 2317, 3074, 3450, 7543, 2780, 0, 0, 150, 275, 574, 910, 1289, 1213, 1082, 917, 2752, 226, 0, 0
20:59:25, 1027.60, 13.11, 21.82, 6.516, 722, 1118, 1534, 1948, 2171, 2275, 3031, 3386, 7335, 2635, 0, 0, 149, 274, 573, 911, 1291, 1215, 1083, 916, 2734, 215, 0, 0
20:59:26, 1027.10, 13.11, 21.82, 6.531, 679, 1054, 1458, 1843, 2122, 2228, 2950, 3314, 7168, 2474, 0, 0, 148, 273, 570, 905, 1282, 1206, 1076, 911, 2729, 221, 0, 0
20:59:27, 1027.90, 13.10, 21.82, 6.531, 683, 1057, 1460, 1845, 2119, 2224, 2939, 3304, 7113, 2417, 0, 0, 147, 271, 566, 900, 1279, 1205, 1074, 908, 2715, 214, 0, 0
20:59:27, 1027.60, 13.08, 21.78, 6.531, 664, 1032, 1433, 1810, 2115, 2207, 2944, 3273, 6963, 2280, 0, 0, 147, 270, 563, 894, 1263, 1190, 1061, 899, 2700, 217, 0, 0
20:59:28, 1027.30, 13.07, 21.82, 6.547, 687, 1065, 1475, 1868, 2130, 2235, 2959, 3315, 7154, 2396, 0, 0, 147, 271, 566, 900, 1271, 1197, 1068, 905, 2715, 218, 0, 0
20:59:29, 1026.60, 13.06, 21.78, 6.547, 686, 1065, 1473, 1867, 2094, 2192, 2913, 3266, 6996, 2250, 0, 0, 149, 276, 575, 913, 1280, 1204, 1074, 908, 2720, 215, 0, 0
20:59:29, 1026.70, 13.06, 21.78, 6.539, 733, 1131, 1550, 1967, 2181, 2305, 3046, 3448, 7657, 3018, 0, 0, 149, 274, 571, 906, 1288, 1211, 1080, 914, 2738, 219, 0, 0
20:59:30, 1027.50, 13.05, 21.82, 6.539, 701, 1087, 1500, 1902, 2131, 2226, 2972, 3310, 7063, 2380, 0, 0, 147, 271, 566, 900, 1276, 1198, 1069, 904, 2695, 212, 0, 0
20:59:31, 1027.00, 13.05, 21.78, 6.523, 688, 1070, 1479, 1871, 2101, 2195, 2920, 3263, 6921, 2378, 0, 0, 146, 268, 560, 889, 1260, 1183, 1054, 892, 2662, 215, 0, 0
20:59:31, 1028.50, 13.03, 21.80, 6.516, 686, 1063, 1470, 1853, 2108, 2183, 2937, 3235, 6749, 2232, 0, 0, 145, 267, 559, 888, 1273, 1196, 1066, 901, 2670, 206, 0, 0
20:59:32, 1027.30, 13.02, 21.80, 6.516, 696, 1089, 1501, 1904, 2182, 2272, 3033, 3370, 7264, 2491, 0, 0, 144, 265, 554, 878, 1267, 1191, 1061, 897, 2665, 210, 0, 0
20:59:33, 1027.60, 13.00, 21.78, 6.508, 705, 1101, 1523, 1927, 2185, 2270, 3026, 3385, 7210, 2363, 0, 0, 145, 268, 561, 890, 1265, 1188, 1060, 894, 2644, 204, 0, 0
20:59:33, 1027.80, 12.98, 21.77, 6.500, 729, 1141, 1574, 1983, 2215, 2294, 3060, 3453, 7514, 2612, 0, 0, 145, 269, 562, 892, 1288, 1208, 1076, 907, 2661, 201, 0, 0
20:59:34, 1027.40, 12.96, 21.77, 6.500, 723, 1133, 1564, 1957, 2194, 2281, 3011, 3451, 7617, 2766, 0, 0, 146, 270, 565, 896, 1286, 1204, 1073, 905, 2650, 201, 0, 0
20:59:35, 1029.00, 12.95, 21.73, 6.500, 682, 1070, 1477, 1835, 2154, 2233, 2940, 3392, 7429, 2707, 0, 0, 143, 264, 553, 876, 1261, 1178, 1050, 884, 2586, 196, 0, 0
20:59:35, 1038.10, 12.94, 21.73, 6.500, 638, 1005, 1417, 1737, 2030, 2058, 2720, 3073, 6235, 1704, 0, 0, 135, 251, 529, 840, 1198, 1122, 1006, 842, 2437, 172, 0, 0
20:59:36, 1047.80, 12.92, 21.75, 6.500, 499, 793, 1169, 1418, 1720, 1717, 2213, 2450, 4366, 710, 0, 0, 133, 247, 524, 839, 1207, 1135, 1025, 859, 2465, 172, 0, 0
20:59:37, 1058.80, 12.89, 21.78, 6.484, 494, 794, 1202, 1451, 1782, 1748, 2246, 2431, 4249, 559, 0, 0, 131, 242, 515, 830, 1212, 1147, 1047, 882, 2497, 174, 0, 0
20:59:37, 1077.50, 12.85, 21.75, 6.477, 416, 684, 1065, 1310, 1518, 1507, 1876, 2018, 3399, 335, 0, 0, 134, 246, 524, 853, 1254, 1202, 1114, 953, 2631, 187, 0, 0
20:59:38, 1095.50, 12.76, 21.77, 6.477, 323, 558, 893, 1128, 1353, 1330, 1608, 1671, 2745, 212, 0, 0, 130, 233, 497, 814, 1189, 1161, 1099, 953, 2610, 187, 0, 0
20:59:39, 1111.30, 12.69, 21.75, 6.492, 393, 693, 1156, 1453, 1763, 1687, 2006, 2037, 3645, 264, 0, 0, 126, 221, 475, 773, 1177, 1165, 1125, 992, 2680, 196, 0, 0
20:59:39, 1123.20, 12.63, 21.75, 6.516, 268, 482, 817, 1044, 1094, 1070, 1210, 1213, 2071, 142, 0, 0, 133, 231, 489, 796, 1187, 1186, 1182, 1076, 2781, 210, 0, 0
20:59:40, 1130.50, 12.56, 21.73, 6.516, 253, 458, 790, 1019, 1153, 1122, 1250, 1231, 2175, 144, 0, 0, 126, 220, 461, 751, 1112, 1138, 1141, 1069, 2614, 202, 0, 0
20:59:41, 1138.30, 12.51, 21.71, 6.539, 247, 450, 784, 1016, 1197, 1165, 1280, 1254, 2273, 149, 0, 0, 112, 192, 400, 658, 899, 933, 949, 893, 2082, 168, 0, 0
20:59:41, 1145.90, 12.47, 21.73, 6.555, 208, 379, 670, 880, 1052, 1027, 1103, 1067, 1932, 127, 0, 0, 8, 12, 26, 44, 74, 76, 75, 71, 259, 27, 0, 0
20:59:42, 1146.10, 12.43, 21.73, 6.555, 237, 443, 785, 1034, 1311, 1261, 1373, 1310, 2636, 169, 0, 0, 14, 22, 45, 79, 112, 116, 116, 110, 372, 38, 0, 0
20:59:43, 1146.20, 12.40, 21.73, 6.547, 284, 521, 940, 1219, 1541, 1467, 1605, 1554, 2835, 189, 0, 0, 13, 22, 44, 76, 113, 117, 118, 112, 382, 39, 0, 0
20:59:43, 1145.60, 12.37, 21.70, 6.562, 279, 521, 931, 1221, 1536, 1474, 1598, 1537, 2958, 189, 0, 0, 17, 28, 56, 97, 136, 140, 140, 134, 453, 46, 0, 0
20:59:44, 1145.20, 12.35, 21.71, 6.562, 241, 440, 785, 1032, 1162, 1136, 1211, 1175, 2147, 140, 0, 0, 10, 15, 31, 53, 70, 71, 70, 65, 233, 24, 0, 0
20:59:45, 1144.80, 12.35, 21.70, 6.555, 188, 342, 606, 799, 987, 963, 1036, 1000, 1779, 117, 0, 0, 9, 15, 30, 52, 89, 91, 89, 82, 287, 29, 0, 0
20:59:45, 1144.40, 12.35, 21.71, 6.555, 187, 341, 604, 794, 932, 908, 982, 947, 1683, 111, 0, 0, 13, 21, 43, 74, 116, 118, 116, 107, 360, 35, 0, 0
20:59:46, 1142.90, 12.35, 21.70, 6.562, 193, 354, 625, 822, 989, 963, 1040, 1004, 1759, 116, 0, 0, 19, 31, 63, 107, 179, 182, 181, 168, 529, 50, 0, 0
20:59:47, 1137.80, 12.36, 21.70, 6.570, 195, 356, 628, 824, 1016, 986, 1078, 1044, 1776, 118, 0, 0, 74, 123, 254, 423, 730, 755, 779, 729, 1732, 144, 0, 0
20:59:47, 1136.80, 12.36, 21.70, 6.570, 212, 388, 679, 886, 1083, 1045, 1162, 1121, 1867, 123, 0, 0, 98, 166, 346, 571, 835, 868, 884, 833, 1983, 162, 0, 0
20:59:48, 1136.70, 12.36, 21.71, 6.586, 216, 397, 696, 909, 1119, 1070, 1206, 1152, 1857, 123, 0, 0, 99, 169, 351, 580, 863, 892, 912, 857, 2079, 168, 0, 0
20:59:49, 1136.70, 12.36, 21.66, 6.594, 219, 404, 708, 928, 1127, 1070, 1222, 1155, 1791, 118, 0, 0, 102, 173, 362, 593, 891, 917, 942, 880, 2155, 174, 0, 0
20:59:49, 1137.00, 12.35, 21.70, 6.594, 218, 407, 711, 935, 1146, 1080, 1250, 1166, 1759, 116, 0, 0, 103, 176, 367, 601, 915, 943, 968, 910, 2212, 179, 0, 0
20:59:50, 1136.70, 12.35, 21.68, 6.570, 224, 418, 732, 968, 1177, 1103, 1291, 1188, 1788, 116, 0, 0, 99, 169, 354, 580, 901, 928, 957, 899, 2175, 178, 0, 0
20:59:51, 1131.90, 12.36, 21.68, 6.578, 211, 395, 685, 910, 1155, 1085, 1281, 1179, 1745, 114, 0, 0, 121, 211, 440, 724, 1080, 1109, 1127, 1053, 2605, 204, 0, 0
20:59:51, 1129.30, 12.36, 21.66, 6.578, 228, 428, 737, 982, 1200, 1127, 1348, 1238, 1840, 123, 0, 0, 127, 223, 464, 764, 1117, 1143, 1149, 1080, 2674, 207, 0, 0
20:59:52, 1125.20, 12.35, 21.68, 6.570, 239, 446, 762, 1017, 1270, 1198, 1453, 1335, 2084, 140, 0, 0, 129, 228, 475, 781, 1150, 1171, 1163, 1080, 2782, 214, 0, 0
20:59:53, 1123.40, 12.33, 21.68, 6.570, 245, 457, 776, 1037, 1233, 1176, 1417, 1314, 2090, 138, 0, 0, 130, 225, 474, 773, 1157, 1156, 1164, 1053, 2842, 218, 0, 0
20:59:53, 1119.10, 12.32, 21.64, 6.570, 251, 466, 788, 1054, 1227, 1179, 1415, 1327, 2155, 141, 0, 0, 129, 221, 469, 768, 1176, 1172, 1172, 1053, 2876, 220, 0, 0
20:59:54, 1116.60, 12.31, 21.64, 6.570, 255, 472, 791, 1055, 1275, 1228, 1489, 1401, 2292, 153, 0, 0, 128, 220, 466, 764, 1177, 1173, 1163, 1044, 2855, 217, 0, 0
20:59:55, 1108.10, 12.30, 21.68, 6.570, 239, 437, 730, 970, 1179, 1145, 1385, 1322, 2065, 139, 0, 0, 132, 230, 485, 798, 1220, 1208, 1178, 1055, 2853, 214, 0, 0
20:59:55, 1100.60, 12.28, 21.64, 6.570, 266, 482, 790, 1044, 1298, 1263, 1557, 1501, 2419, 170, 0, 0, 132, 234, 499, 819, 1228, 1204, 1157, 1023, 2779, 206, 0, 0
20:59:56, 1097.00, 12.26, 21.61, 6.555, 289, 520, 846, 1116, 1322, 1289, 1604, 1552, 2502, 181, 0, 0, 133, 237, 505, 830, 1240, 1210, 1158, 1018, 2762, 205, 0, 0
20:59:57, 1088.70, 12.24, 21.64, 6.547, 301, 539, 864, 1132, 1401, 1368, 1721, 1680, 2826, 212, 0, 0, 133, 239, 511, 836, 1240, 1202, 1135, 985, 2720, 199, 0, 0
20:59:57, 1084.80, 12.22, 21.64, 6.547, 332, 587, 933, 1216, 1433, 1406, 1777, 1759, 3011, 237, 0, 0, 135, 243, 519, 848, 1258, 1218, 1144, 992, 2746, 201, 0, 0
20:59:58, 1079.70, 12.20, 21.63, 6.539, 335, 584, 923, 1198, 1445, 1423, 1797, 1805, 3155, 253, 0, 0, 135, 245, 523, 851, 1263, 1222, 1138, 985, 2727, 198, 0, 0
20:59:59, 1070.80, 12.18, 21.64, 6.539, 337, 582, 913, 1170, 1460, 1440, 1835, 1873, 3202, 281, 0, 0, 137, 250, 532, 865, 1271, 1224, 1127, 968, 2699, 194, 0, 0
20:59:59, 1062.80, 12.16, 21.63, 6.539, 403, 680, 1053, 1335, 1589, 1573, 2033, 2118, 3767, 372, 0, 0, 134, 247, 526, 850, 1236, 1182, 1081, 920, 2603, 185, 0, 0
21:00:00, 1056.70, 12.15, 21.63, 6.531, 433, 726, 1107, 1390, 1697, 1679, 2182, 2305, 4211, 465, 0, 0, 133, 246, 523, 841, 1218, 1158, 1054, 892, 2549, 181, 0, 0
21:00:01, 1050.50, 12.14, 21.59, 6.531, 462, 766, 1151, 1439, 1688, 1688, 2190, 2381, 4456, 563, 0, 0, 137, 253, 538, 864, 1244, 1179, 1065, 902, 2580, 184, 0, 0
21:00:01, 1045.60, 12.14, 21.59, 6.531, 490, 808, 1193, 1491, 1701, 1718, 2217, 2462, 4749, 671, 0, 0, 140, 259, 548, 878, 1271, 1201, 1079, 914, 2615, 186, 0, 0
21:00:02, 1038.50, 12.13, 21.61, 6.531, 514, 836, 1212, 1508, 1804, 1834, 2393, 2701, 5379, 995, 0, 0, 139, 257, 543, 866, 1239, 1165, 1043, 879, 2539, 180, 0, 0
21:00:03, 1033.30, 12.12, 21.59, 6.531, 555, 890, 1273, 1580, 1877, 1913, 2517, 2838, 5683, 1259, 0, 0, 135, 250, 526, 837, 1192, 1117, 999, 839, 2437, 174, 0, 0
21:00:03, 1026.00, 12.12, 21.57, 6.508, 636, 1009, 1413, 1756, 2142, 2179, 2910, 3275, 6928, 2220, 0, 0, 132, 242, 506, 799, 1135, 1061, 951, 803, 2400, 213, 0, 0
21:00:04, 1026.70, 12.11, 21.59, 6.500, 758, 1177, 1625, 1999, 2156, 2216, 2934, 3373, 7407, 2834, 0, 0, 137, 252, 527, 833, 1174, 1097, 981, 828, 2442, 196, 0, 0
21:00:05, 1027.00, 12.11, 21.56, 6.500, 723, 1119, 1544, 1898, 2076, 2143, 2803, 3300, 7940, 3165, 0, 0, 141, 261, 545, 863, 1216, 1137, 1013, 856, 2503, 187, 0, 0
21:00:05, 1027.30, 12.08, 21.56, 6.500, 691, 1061, 1460, 1785, 1948, 2023, 2605, 3129, 8011, 3298, 0, 0, 146, 271, 566, 894, 1256, 1175, 1046, 885, 2576, 189, 0, 0
21:00:06, 1027.70, 12.07, 21.56, 6.508, 677, 1033, 1428, 1730, 1946, 2004, 2580, 3080, 8008, 3304, 0, 0, 145, 269, 561, 886, 1253, 1172, 1042, 881, 2564, 187, 0, 0
21:00:07, 1027.70, 12.06, 21.56, 6.508, 682, 1045, 1444, 1755, 1986, 2041, 2642, 3148, 7996, 3216, 0, 0, 141, 261, 546, 861, 1211, 1130, 1006, 849, 2479, 182, 0, 0
21:00:07, 1027.00, 12.06, 21.54, 6.500, 696, 1069, 1482, 1800, 1988, 2049, 2659, 3163, 7658, 2960, 0, 0, 138, 255, 533, 841, 1175, 1093, 976, 821, 2408, 185, 0, 0
21:00:08, 1026.90, 12.05, 21.56, 6.500, 713, 1090, 1515, 1823, 2025, 2085, 2697, 3204, 7679, 3009, 0, 0, 135, 250, 522, 823, 1161, 1080, 965, 812, 2386, 189, 0, 0
21:00:09, 1022.80, 12.06, 21.54, 6.500, 718, 1092, 1520, 1822, 2018, 2077, 2682, 3191, 7703, 3001, 0, 0, 136, 251, 525, 827, 1169, 1086, 970, 818, 2417, 200, 0, 0
21:00:09, 1018.80, 12.06, 21.57, 6.500, 803, 1166, 1604, 1908, 2152, 2273, 2854, 3460, 10097, 6496, 0, 0, 151, 275, 566, 881, 1444, 1374, 1271, 1178, 3234, 500, 0, 0
21:00:10, 1018.60, 12.05, 21.47, 6.516, 774, 1082, 1478, 1763, 1941, 2098, 2544, 3171, 9962, 6559, 0, 0, 871, 1313, 1911, 2540, 4694, 5318, 6405, 8218, 23034, 15968, 0, 0
21:00:11, 1018.30, 12.03, 21.54, 6.516, 786, 1104, 1519, 1722, 1892, 1972, 2340, 2809, 9398, 6470, 0, 0, 1223, 1798, 2493, 3381, 3070, 3655, 3995, 5447, 13697, 8502, 0, 0
21:00:11, 1018.30, 12.00, 21.52, 6.531, 732, 1031, 1401, 1606, 1744, 1831, 2161, 2646, 9246, 5962, 0, 0, 621, 1005, 1511, 2030, 2476, 2659, 2982, 3490, 8280, 4025, 0, 0
21:00:12, 1018.10, 11.97, 21.52, 6.516, 797, 1095, 1506, 1713, 1927, 2063, 2364, 2969, 9985, 6604, 0, 0, 2328, 3490, 4857, 6253, 6621, 7538, 10149, 12562, 36000, 31693, 1, 1
21:00:13, 1018.40, 11.97, 21.54, 6.516, 897, 1179, 1625, 1863, 2027, 2222, 2500, 3155, 10560, 7102, 0, 0, 2454, 3643, 5180, 6632, 6807, 7338, 10698, 12314, 36000, 30256, 1, 1
21:00:13, 1019.10, 11.98, 21.56, 6.414, 702, 981, 1317, 1523, 1553, 1658, 1913, 2386, 9150, 5542, 0, 0, 1358, 2199, 3045, 4118, 5390, 5613, 7942, 8777, 25321, 17345, 0, 0
21:00:14, 1018.80, 12.00, 21.56, 6.414, 1039, 1359, 1903, 2260, 2554, 2923, 3190, 3871, 11999, 5882, 0, 0, 2336, 3126, 3940, 4824, 5350, 6156, 7622, 10184, 35601, 33380, 0, 1
21:00:15, 1019.40, 12.03, 21.54, 6.164, 624, 866, 1177, 1377, 1532, 1648, 1927, 2297, 9091, 4576, 0, 0, 1754, 2754, 3726, 5286, 4919, 5722, 6839, 9437, 30690, 25501, 0, 0
21:00:15, 1020.60, 12.03, 21.56, 5.984, 1100, 1531, 2062, 2722, 2148, 2326, 2917, 3191, 13790, 6653, 0, 0, 1705, 2631, 3392, 4659, 6446, 7272, 9370, 11198, 26147, 14170, 0, 0
21:00:16, 1018.70, 12.14, 21.57, 5.984, 698, 1004, 1372, 1665, 2262, 2264, 3078, 3239, 17079, 8719, 0, 0, 2403, 3471, 4073, 4880, 5462, 6352, 7402, 12478, 34320, 26875, 0, 1
21:00:17, 1018.70, 12.19, 21.56, 5.859, 791, 1098, 1565, 1770, 1830, 1927, 2331, 2795, 13164, 6883, 0, 0, 1840, 2794, 3451, 4529, 5740, 6665, 7798, 11972, 30148, 22324, 0, 0
21:00:17, 1018.50, 12.23, 21.57, 5.773, 802, 1087, 1526, 1772, 1806, 2033, 2342, 2838, 11258, 5829, 0, 0, 2466, 3479, 4702, 5925, 6337, 7315, 8744, 12435, 36000, 33091, 1, 1
21:00:18, 1018.90, 12.28, 21.56, 5.773, 730, 1085, 1448, 1800, 1754, 1857, 2324, 2623, 9119, 5058, 0, 0, 2494, 3388, 4537, 5456, 6764, 7612, 9678, 12735, 36000, 35915, 1, 1
21:00:19, 1018.60, 12.32, 21.56, 5.703, 418, 536, 704, 873, 1227, 1333, 1647, 2109, 9726, 9023, 0, 0, 2941, 4936, 5382, 7434, 7447, 8710, 10563, 15068, 36000, 36000, 1, 1
21:00:19, 1018.70, 12.35, 21.52, 5.625, 607, 890, 1201, 1375, 1392, 1426, 1784, 2117, 7916, 4370, 0, 0, 3169, 5610, 7052, 9050, 11945, 11876, 16804, 21871, 36000, 36000, 1, 1
