Secchi Depth (cm) = 153&
Forel Ule Scale = &p
pH Colour Scale =  H
SensingSecchi S/N = A016
Latitude (degs N) = 34.14014
Longitude (degs E) = -77.86224
Date = 2026-01-29
Time (UTC), Pressure (mbar) MS5803, Temp (deg C) MS5803, Temp (deg C) 10KTHERM, Temp (deg C) TMP117, ED 415nm, ED 445nm, ED 480nm, ED 515nm, ED 555nm, ED 590nm, ED 630nm, ED 680nm, ED Clear, ED NIR, ED D-SAT, ED A-SAT, EU 415nm, EU 445nm, EU 480nm, EU 515nm, EU 555nm, EU 590nm, EU 630nm, EU 680nm, EU Clear, EU NIR, EU D-SAT, EU A-SAT
21:03:20, 1017.70, 12.98, 20.12, 3.266, 2270, 3306, 4629, 5999, 6948, 7747, 9466, 11822, 36000, 18636, 1, 1, 2864, 3671, 4821, 5583, 6019, 7818, 10756, 15775, 36000, 36000, 1, 1
21:03:20, 1014.70, 12.96, 20.12, 3.289, 2236, 3219, 4484, 5883, 5989, 7207, 8520, 10553, 31808, 13797, 0, 0, 2410, 3189, 4092, 4890, 6722, 8805, 12169, 17828, 36000, 36000, 1, 1
21:03:21, 1017.70, 12.99, 20.14, 3.289, 1157, 1517, 2124, 2767, 2575, 3128, 3515, 4123, 14488, 6611, 0, 0, 3726, 5134, 6545, 8181, 8544, 11123, 15497, 22404, 36000, 36000, 1, 1
21:03:22, 1017.90, 12.99, 20.12, 3.313, 1019, 1528, 2030, 2791, 2593, 3001, 3656, 4042, 11704, 5383, 0, 0, 2809, 3707, 4866, 5723, 6043, 8191, 12499, 18094, 36000, 36000, 1, 1
21:03:22, 1017.60, 12.98, 20.12, 3.367, 1047, 1395, 1955, 2521, 2570, 3216, 3552, 4162, 15992, 7257, 0, 0, 2763, 3676, 4805, 5660, 5842, 7928, 11872, 17164, 36000, 36000, 1, 1
21:03:23, 1017.90, 12.98, 20.12, 3.367, 1173, 1623, 2202, 2981, 3597, 4620, 5261, 5950, 19687, 8753, 0, 0, 2495, 3379, 4552, 5430, 6359, 8774, 13489, 19064, 36000, 36000, 1, 1
21:03:24, 1018.10, 12.99, 20.09, 3.414, 2117, 2351, 3837, 4232, 5089, 5411, 5601, 8127, 36000, 33541, 1, 1, 2520, 3422, 4580, 5471, 7061, 9551, 14307, 20332, 36000, 36000, 1, 1
21:03:24, 1017.70, 13.01, 20.11, 3.453, 1031, 1185, 1848, 2048, 2258, 2745, 2800, 3599, 17508, 8533, 0, 0, 2434, 3323, 4452, 5341, 4380, 5864, 9370, 13600, 35725, 26725, 0, 1
21:03:25, 1017.80, 13.03, 20.09, 3.453, 738, 1074, 1453, 1824, 1620, 1740, 2152, 2463, 7925, 5291, 0, 0, 983, 1549, 2136, 2822, 3463, 3750, 4744, 5982, 19043, 12490, 0, 0
21:03:26, 1017.80, 13.03, 20.07, 3.586, 602, 869, 1175, 1416, 1880, 2082, 2490, 2873, 9499, 5272, 0, 0, 803, 1149, 1675, 2157, 2545, 2718, 3253, 4063, 12015, 7535, 0, 0
21:03:26, 1018.10, 13.04, 20.09, 3.727, 746, 1030, 1434, 1682, 1906, 2135, 2381, 2917, 12115, 6199, 0, 0, 900, 1364, 1944, 2513, 3292, 3693, 4377, 5974, 14507, 8101, 0, 0
21:03:27, 1017.80, 13.03, 20.07, 3.727, 871, 1208, 1756, 1948, 1772, 1816, 2204, 2589, 12588, 6876, 0, 0, 792, 1213, 1680, 2226, 2717, 3097, 3665, 4838, 8668, 4223, 0, 0
21:03:28, 1018.00, 13.05, 20.07, 3.789, 624, 937, 1272, 1536, 1444, 1525, 1862, 2145, 9353, 4587, 0, 0, 511, 734, 1116, 1417, 1688, 1724, 1956, 2255, 6414, 2674, 0, 0
21:03:28, 1017.90, 13.05, 20.07, 3.820, 583, 834, 1125, 1348, 1534, 1696, 1932, 2352, 7955, 4201, 0, 0, 359, 579, 859, 1141, 1246, 1265, 1414, 1618, 4520, 1785, 0, 0
21:03:29, 1018.20, 13.05, 20.09, 3.820, 542, 786, 1080, 1251, 1313, 1399, 1665, 2001, 5247, 3087, 0, 0, 360, 579, 876, 1126, 1196, 1188, 1244, 1401, 3581, 1311, 0, 0
21:03:30, 1019.60, 13.07, 20.04, 3.883, 601, 883, 1220, 1419, 1489, 1559, 1943, 2278, 5606, 3310, 0, 0, 106, 196, 391, 599, 837, 740, 612, 494, 1815, 222, 0, 0
21:03:30, 1023.70, 13.04, 20.06, 3.883, 607, 918, 1254, 1498, 1527, 1601, 2014, 2327, 5811, 3360, 0, 0, 107, 203, 409, 627, 837, 741, 617, 494, 1809, 173, 0, 0
21:03:31, 1028.10, 12.96, 20.07, 4.984, 533, 817, 1132, 1362, 1456, 1512, 1885, 2176, 5220, 1659, 0, 0, 109, 209, 426, 655, 893, 790, 650, 512, 1855, 137, 0, 0
21:03:31, 1025.80, 12.85, 20.06, 5.891, 589, 904, 1238, 1518, 1665, 1751, 2212, 2505, 6039, 2225, 0, 0, 107, 203, 412, 631, 865, 769, 638, 511, 1858, 156, 0, 0
21:03:32, 1025.80, 12.70, 20.04, 5.891, 590, 903, 1231, 1519, 1704, 1794, 2260, 2551, 6168, 2249, 0, 0, 108, 200, 406, 622, 876, 781, 648, 523, 1891, 166, 0, 0
21:03:33, 1025.20, 12.59, 20.06, 6.289, 572, 875, 1194, 1472, 1748, 1834, 2328, 2619, 6068, 2252, 0, 0, 106, 197, 400, 611, 863, 766, 638, 515, 1862, 180, 0, 0
21:03:33, 1024.30, 12.51, 20.04, 6.453, 615, 945, 1284, 1584, 1814, 1886, 2432, 2722, 6221, 2741, 0, 0, 107, 195, 393, 602, 859, 763, 637, 516, 1864, 199, 0, 0
21:03:34, 1023.70, 12.44, 20.00, 6.453, 584, 898, 1222, 1505, 1746, 1817, 2345, 2665, 5796, 2703, 0, 0, 107, 195, 393, 602, 847, 753, 631, 519, 1884, 244, 0, 0
21:03:35, 1023.40, 12.39, 19.99, 6.531, 570, 879, 1199, 1465, 1694, 1747, 2274, 2584, 5327, 2359, 0, 0, 107, 197, 396, 609, 852, 754, 631, 516, 1861, 242, 0, 0
21:03:35, 1024.40, 12.35, 20.00, 6.578, 586, 905, 1234, 1496, 1694, 1737, 2264, 2579, 5235, 2230, 0, 0, 106, 197, 394, 609, 850, 753, 630, 516, 1854, 256, 0, 0
21:03:36, 1025.00, 12.32, 19.97, 6.578, 574, 890, 1220, 1469, 1679, 1706, 2231, 2542, 4990, 2003, 0, 0, 105, 193, 385, 597, 843, 747, 624, 511, 1828, 262, 0, 0
21:03:37, 1025.20, 12.30, 19.97, 6.586, 583, 906, 1246, 1493, 1751, 1772, 2318, 2646, 5277, 2031, 0, 0, 103, 193, 388, 600, 855, 760, 635, 519, 1787, 217, 0, 0
21:03:37, 1025.20, 12.27, 20.00, 6.602, 575, 893, 1228, 1472, 1679, 1704, 2212, 2549, 5219, 2057, 0, 0, 104, 197, 393, 609, 849, 757, 632, 516, 1741, 189, 0, 0
21:03:38, 1024.40, 12.25, 19.95, 6.602, 535, 824, 1137, 1355, 1604, 1637, 2102, 2451, 5124, 2039, 0, 0, 105, 199, 398, 616, 850, 757, 629, 514, 1731, 179, 0, 0
21:03:39, 1023.80, 12.24, 19.97, 6.609, 553, 840, 1162, 1377, 1545, 1596, 2018, 2386, 5093, 2129, 0, 0, 106, 200, 400, 620, 846, 752, 623, 509, 1738, 196, 0, 0
21:03:39, 1021.30, 12.22, 19.97, 6.617, 631, 943, 1297, 1531, 1712, 1764, 2227, 2617, 6004, 2926, 0, 0, 105, 196, 392, 606, 860, 763, 631, 518, 1772, 207, 0, 0
21:03:40, 1019.70, 12.21, 19.97, 6.617, 644, 947, 1299, 1528, 1618, 1683, 2109, 2496, 6001, 3227, 0, 0, 109, 204, 402, 622, 872, 778, 648, 538, 1806, 208, 0, 0
21:03:41, 1018.70, 12.19, 19.95, 6.617, 626, 908, 1249, 1460, 1615, 1704, 2071, 2452, 6288, 3551, 0, 0, 113, 211, 423, 649, 888, 787, 646, 527, 1808, 172, 0, 0
21:03:41, 1019.90, 12.16, 19.92, 6.625, 611, 894, 1224, 1443, 1637, 1710, 2122, 2501, 6053, 3238, 0, 0, 105, 195, 393, 608, 844, 745, 611, 497, 1761, 219, 0, 0
21:03:42, 1018.60, 12.12, 19.94, 6.625, 621, 919, 1252, 1485, 1632, 1696, 2131, 2502, 5852, 3142, 0, 0, 109, 201, 397, 613, 878, 779, 647, 534, 1849, 243, 0, 0
21:03:43, 1018.30, 12.04, 19.92, 6.625, 602, 881, 1206, 1421, 1555, 1630, 2008, 2375, 5869, 3304, 0, 0, 113, 211, 419, 644, 887, 787, 650, 532, 1839, 207, 0, 0
21:03:43, 1018.40, 11.99, 19.92, 6.625, 605, 885, 1210, 1427, 1561, 1630, 2015, 2376, 5822, 3190, 0, 0, 120, 219, 429, 658, 891, 820, 760, 763, 1994, 463, 0, 0
21:03:44, 1018.30, 11.96, 19.90, 6.641, 593, 868, 1184, 1404, 1559, 1634, 2012, 2377, 5987, 3216, 0, 0, 177, 277, 496, 679, 898, 818, 791, 758, 1995, 467, 0, 0
21:03:45, 1018.50, 11.94, 19.90, 6.648, 594, 850, 1166, 1374, 1500, 1595, 1920, 2288, 6188, 3402, 0, 0, 213, 346, 587, 807, 1075, 969, 1067, 993, 2505, 729, 0, 0
21:03:45, 1018.60, 11.94, 19.92, 6.648, 617, 870, 1197, 1404, 1515, 1622, 1926, 2310, 6592, 3472, 0, 0, 152, 263, 455, 664, 816, 742, 697, 636, 2009, 476, 0, 0
21:03:46, 1021.60, 11.97, 19.92, 6.641, 616, 875, 1203, 1420, 1542, 1659, 1955, 2379, 7077, 3600, 0, 0, 106, 200, 400, 620, 875, 770, 634, 513, 1834, 155, 0, 0
21:03:47, 1023.80, 11.96, 19.88, 6.609, 629, 893, 1225, 1461, 1587, 1726, 2020, 2441, 7819, 3868, 0, 0, 108, 205, 411, 636, 879, 773, 638, 515, 1866, 148, 0, 0
21:03:47, 1024.00, 11.94, 19.90, 6.609, 585, 850, 1173, 1422, 1369, 1470, 1734, 2160, 6962, 2774, 0, 0, 112, 215, 431, 665, 897, 787, 649, 522, 1935, 149, 0, 0
21:03:48, 1025.50, 11.92, 19.90, 6.617, 589, 855, 1176, 1415, 1520, 1652, 1952, 2380, 8021, 3069, 0, 0, 109, 210, 422, 653, 895, 785, 652, 520, 1947, 149, 0, 0
21:03:49, 1025.90, 11.90, 19.87, 6.617, 563, 822, 1140, 1387, 1529, 1678, 1979, 2399, 8315, 3030, 0, 0, 105, 202, 406, 630, 858, 753, 624, 500, 1899, 151, 0, 0
21:03:49, 1026.20, 11.88, 19.87, 6.617, 550, 811, 1126, 1378, 1530, 1685, 2004, 2400, 8454, 2938, 0, 0, 103, 198, 397, 618, 831, 729, 603, 485, 1849, 151, 0, 0
21:03:50, 1026.60, 11.86, 19.85, 6.617, 536, 792, 1100, 1345, 1492, 1635, 1950, 2324, 8153, 2759, 0, 0, 102, 196, 392, 611, 831, 732, 605, 498, 1835, 151, 0, 0
21:03:51, 1027.00, 11.85, 19.83, 6.625, 508, 752, 1049, 1274, 1473, 1613, 1902, 2297, 7874, 2539, 0, 0, 103, 197, 396, 618, 844, 743, 611, 492, 1847, 146, 0, 0
21:03:51, 1026.50, 11.83, 19.83, 6.625, 521, 767, 1071, 1295, 1498, 1632, 1917, 2342, 7811, 2522, 0, 0, 105, 201, 408, 631, 879, 771, 633, 506, 1916, 147, 0, 0
21:03:52, 1025.10, 11.82, 19.85, 6.617, 516, 758, 1057, 1273, 1457, 1584, 1865, 2300, 7558, 2631, 0, 0, 109, 208, 420, 649, 902, 790, 648, 518, 1972, 152, 0, 0
21:03:53, 1025.30, 11.80, 19.81, 6.633, 536, 783, 1084, 1310, 1492, 1629, 1919, 2368, 7646, 2843, 0, 0, 109, 207, 419, 646, 889, 779, 640, 515, 1927, 151, 0, 0
21:03:53, 1025.40, 11.79, 19.83, 6.633, 554, 807, 1120, 1360, 1532, 1682, 1963, 2403, 7606, 2665, 0, 0, 106, 202, 402, 626, 869, 766, 635, 523, 1859, 156, 0, 0
21:03:54, 1024.00, 11.77, 19.81, 6.625, 569, 821, 1143, 1398, 1523, 1681, 1960, 2375, 7348, 2492, 0, 0, 106, 199, 392, 610, 851, 752, 627, 529, 1842, 176, 0, 0
21:03:55, 1023.70, 11.75, 19.81, 6.633, 604, 857, 1193, 1448, 1573, 1752, 2032, 2479, 7409, 2861, 0, 0, 107, 199, 390, 612, 854, 758, 635, 533, 1835, 180, 0, 0
21:03:55, 1023.90, 11.73, 19.81, 6.633, 606, 857, 1196, 1443, 1557, 1738, 2017, 2476, 7046, 2882, 0, 0, 107, 200, 400, 621, 864, 765, 629, 518, 1812, 165, 0, 0
21:03:56, 1024.20, 11.70, 19.83, 6.633, 609, 868, 1208, 1438, 1531, 1673, 1967, 2417, 6687, 2909, 0, 0, 106, 198, 400, 621, 868, 765, 623, 505, 1806, 155, 0, 0
21:03:57, 1025.30, 11.69, 19.78, 6.633, 527, 768, 1071, 1273, 1391, 1507, 1790, 2191, 5752, 2126, 0, 0, 103, 193, 392, 610, 846, 746, 607, 491, 1745, 152, 0, 0
21:03:57, 1025.30, 11.67, 19.78, 6.641, 536, 775, 1085, 1287, 1513, 1640, 1931, 2376, 5981, 2219, 0, 0, 101, 189, 382, 594, 837, 738, 602, 490, 1725, 165, 0, 0
21:03:58, 1024.00, 11.66, 19.80, 6.641, 560, 810, 1142, 1344, 1501, 1632, 1918, 2356, 5658, 1940, 0, 0, 101, 188, 378, 591, 845, 745, 612, 503, 1738, 184, 0, 0
21:03:59, 1022.10, 11.65, 19.78, 6.641, 618, 869, 1223, 1437, 1536, 1689, 1990, 2433, 5871, 2760, 0, 0, 108, 199, 390, 609, 855, 758, 625, 525, 1843, 264, 0, 0
21:03:59, 1021.60, 11.64, 19.80, 6.633, 544, 774, 1085, 1284, 1550, 1687, 1982, 2431, 5983, 2616, 0, 0, 107, 195, 379, 596, 837, 744, 612, 520, 1822, 283, 0, 0
21:04:00, 1022.30, 11.62, 19.76, 6.633, 539, 761, 1063, 1266, 1376, 1535, 1821, 2199, 5372, 2547, 0, 0, 108, 193, 376, 588, 815, 726, 594, 510, 1830, 324, 0, 0
21:04:01, 1024.30, 11.59, 19.76, 6.633, 563, 792, 1109, 1308, 1509, 1632, 1936, 2332, 5791, 2578, 0, 0, 101, 180, 351, 548, 764, 678, 553, 468, 1705, 304, 0, 0
21:04:01, 1024.10, 11.57, 19.78, 6.633, 467, 664, 935, 1126, 1301, 1432, 1707, 2054, 4729, 1755, 0, 0, 100, 184, 367, 575, 804, 711, 580, 476, 1694, 215, 0, 0
21:04:02, 1025.30, 11.56, 19.76, 6.641, 575, 815, 1150, 1360, 1519, 1674, 1959, 2414, 5627, 2071, 0, 0, 102, 190, 385, 601, 845, 747, 609, 493, 1715, 161, 0, 0
21:04:03, 1025.60, 11.55, 19.76, 6.641, 576, 819, 1162, 1370, 1502, 1642, 1924, 2365, 5659, 1967, 0, 0, 101, 190, 384, 598, 839, 741, 606, 493, 1711, 163, 0, 0
21:04:03, 1025.10, 11.54, 19.76, 6.633, 544, 777, 1101, 1308, 1463, 1592, 1873, 2276, 5764, 1923, 0, 0, 102, 190, 381, 597, 836, 739, 604, 496, 1727, 177, 0, 0
21:04:04, 1024.80, 11.53, 19.73, 6.633, 547, 781, 1099, 1311, 1422, 1557, 1827, 2206, 5880, 2039, 0, 0, 102, 189, 376, 590, 834, 736, 604, 497, 1734, 183, 0, 0
21:04:05, 1025.40, 11.52, 19.73, 6.633, 584, 826, 1161, 1389, 1482, 1633, 1906, 2313, 6209, 2146, 0, 0, 103, 190, 380, 594, 843, 745, 611, 501, 1743, 171, 0, 0
21:04:05, 1026.80, 11.52, 19.75, 6.633, 634, 888, 1257, 1502, 1561, 1735, 2006, 2465, 6516, 2194, 0, 0, 102, 191, 387, 603, 852, 752, 615, 498, 1747, 148, 0, 0
21:04:06, 1026.20, 11.51, 19.73, 6.633, 629, 894, 1265, 1503, 1577, 1737, 2005, 2493, 6609, 2266, 0, 0, 103, 195, 396, 616, 869, 766, 626, 504, 1789, 143, 0, 0
21:04:07, 1026.30, 11.51, 19.69, 6.633, 577, 835, 1172, 1395, 1502, 1633, 1905, 2386, 6490, 2307, 0, 0, 106, 201, 408, 633, 884, 779, 637, 513, 1825, 139, 0, 0
21:04:07, 1025.10, 11.49, 19.71, 6.633, 560, 819, 1141, 1364, 1436, 1558, 1832, 2306, 6448, 2374, 0, 0, 109, 207, 419, 648, 885, 781, 640, 515, 1848, 145, 0, 0
21:04:08, 1025.10, 11.47, 19.68, 6.633, 566, 825, 1147, 1375, 1411, 1535, 1809, 2259, 6531, 2468, 0, 0, 109, 206, 416, 643, 884, 781, 642, 521, 1854, 148, 0, 0
21:04:09, 1025.10, 11.42, 19.68, 6.625, 565, 823, 1141, 1370, 1508, 1653, 1928, 2376, 7041, 2647, 0, 0, 103, 195, 393, 610, 849, 747, 616, 501, 1798, 154, 0, 0
21:04:09, 1023.00, 11.41, 19.73, 6.617, 534, 778, 1082, 1303, 1532, 1687, 1969, 2425, 7286, 2981, 0, 0, 104, 194, 387, 605, 855, 752, 616, 503, 1846, 173, 0, 0
21:04:10, 1022.00, 11.40, 19.66, 6.617, 657, 924, 1282, 1553, 1753, 1965, 2285, 2779, 8297, 3565, 0, 0, 105, 194, 385, 602, 860, 756, 619, 507, 1866, 181, 0, 0
21:04:10, 1023.60, 11.38, 19.69, 6.617, 594, 845, 1171, 1405, 1532, 1702, 1981, 2442, 7316, 3530, 0, 0, 105, 195, 389, 606, 836, 736, 602, 497, 1809, 178, 0, 0
21:04:11, 1022.60, 11.36, 19.66, 6.617, 589, 841, 1169, 1409, 1548, 1703, 2003, 2482, 7259, 3162, 0, 0, 107, 198, 396, 615, 867, 764, 627, 513, 1858, 170, 0, 0
21:04:12, 1025.10, 11.35, 19.66, 6.617, 570, 827, 1140, 1375, 1654, 1830, 2156, 2636, 7476, 2931, 0, 0, 105, 198, 399, 619, 883, 782, 643, 522, 1841, 149, 0, 0
21:04:12, 1024.70, 11.34, 19.66, 6.625, 563, 826, 1149, 1372, 1529, 1660, 1946, 2416, 6870, 2569, 0, 0, 106, 199, 403, 624, 870, 769, 631, 512, 1819, 151, 0, 0
21:04:13, 1025.30, 11.32, 19.66, 6.633, 549, 805, 1118, 1332, 1492, 1614, 1898, 2357, 6617, 2423, 0, 0, 105, 199, 403, 626, 863, 763, 624, 504, 1783, 143, 0, 0
21:04:14, 1025.70, 11.31, 19.64, 6.633, 589, 853, 1193, 1422, 1523, 1661, 1933, 2419, 6581, 2395, 0, 0, 102, 194, 393, 614, 852, 752, 612, 492, 1758, 141, 0, 0
21:04:14, 1026.20, 11.30, 19.64, 6.625, 600, 862, 1212, 1441, 1552, 1695, 1959, 2467, 6533, 2364, 0, 0, 102, 195, 395, 617, 863, 760, 619, 496, 1774, 138, 0, 0
21:04:15, 1026.10, 11.30, 19.66, 6.633, 603, 862, 1212, 1436, 1631, 1786, 2054, 2568, 6766, 2538, 0, 0, 102, 194, 395, 615, 876, 774, 631, 506, 1788, 138, 0, 0
21:04:16, 1026.20, 11.30, 19.66, 6.633, 547, 806, 1125, 1331, 1584, 1712, 1997, 2491, 6539, 2397, 0, 0, 103, 195, 396, 615, 868, 767, 625, 504, 1769, 139, 0, 0
21:04:16, 1026.10, 11.29, 19.62, 6.625, 495, 744, 1040, 1232, 1480, 1570, 1869, 2319, 6022, 2040, 0, 0, 103, 196, 398, 620, 859, 759, 621, 503, 1748, 142, 0, 0
21:04:17, 1025.60, 11.28, 19.59, 6.625, 528, 786, 1099, 1298, 1480, 1560, 1877, 2307, 5942, 2130, 0, 0, 103, 195, 395, 616, 856, 755, 617, 498, 1740, 147, 0, 0
21:04:18, 1024.50, 11.28, 19.62, 6.625, 512, 770, 1072, 1268, 1454, 1536, 1866, 2280, 5663, 2211, 0, 0, 104, 195, 393, 615, 842, 743, 605, 491, 1741, 172, 0, 0
21:04:18, 1024.60, 11.27, 19.64, 6.625, 571, 838, 1178, 1388, 1486, 1579, 1914, 2346, 5445, 1994, 0, 0, 103, 193, 391, 613, 848, 749, 610, 493, 1725, 164, 0, 0
21:04:19, 1025.80, 11.26, 19.62, 6.633, 582, 850, 1201, 1408, 1563, 1657, 2010, 2448, 5533, 2104, 0, 0, 101, 188, 380, 599, 831, 734, 597, 485, 1689, 176, 0, 0
21:04:20, 1026.20, 11.25, 19.62, 6.633, 542, 805, 1137, 1337, 1504, 1582, 1934, 2344, 5048, 1686, 0, 0, 101, 189, 385, 603, 850, 752, 614, 496, 1704, 171, 0, 0
21:04:20, 1026.70, 11.25, 19.59, 6.625, 548, 827, 1158, 1369, 1541, 1601, 1992, 2382, 5157, 1702, 0, 0, 106, 199, 406, 632, 891, 793, 651, 526, 1761, 155, 0, 0
21:04:21, 1026.70, 11.25, 19.59, 6.625, 568, 867, 1204, 1429, 1571, 1610, 2048, 2412, 5238, 1786, 0, 0, 109, 206, 419, 651, 913, 814, 670, 538, 1806, 148, 0, 0
21:04:22, 1024.90, 11.25, 19.57, 6.633, 536, 832, 1146, 1379, 1522, 1558, 2003, 2352, 4974, 1734, 0, 0, 110, 209, 426, 662, 915, 814, 671, 536, 1832, 158, 0, 0
21:04:22, 1024.80, 11.25, 19.56, 6.625, 566, 873, 1202, 1445, 1626, 1677, 2149, 2518, 5138, 2071, 0, 0, 108, 201, 409, 639, 888, 788, 647, 520, 1839, 220, 0, 0
21:04:23, 1025.90, 11.25, 19.56, 6.625, 621, 961, 1343, 1598, 1707, 1724, 2229, 2534, 4660, 1564, 0, 0, 102, 183, 368, 582, 831, 735, 600, 492, 1792, 303, 0, 0
21:04:24, 1027.20, 11.24, 19.57, 6.625, 585, 884, 1262, 1479, 1785, 1754, 2332, 2563, 4342, 1420, 0, 0, 68, 86, 140, 284, 519, 447, 321, 317, 1435, 490, 0, 0
21:04:24, 1027.20, 11.22, 19.57, 6.625, 547, 833, 1186, 1411, 1665, 1646, 2195, 2400, 4023, 1227, 0, 0, 98, 168, 314, 519, 803, 714, 582, 505, 1892, 425, 0, 0
21:04:25, 1025.40, 11.20, 19.54, 6.625, 553, 853, 1196, 1445, 1706, 1722, 2298, 2528, 4688, 1611, 0, 0, 109, 195, 386, 603, 884, 785, 657, 543, 2018, 326, 0, 0
21:04:26, 1025.50, 11.18, 19.54, 6.625, 585, 907, 1242, 1525, 1754, 1815, 2352, 2677, 5612, 2269, 0, 0, 108, 200, 407, 630, 913, 809, 672, 534, 1898, 174, 0, 0
21:04:26, 1026.90, 11.15, 19.49, 6.641, 580, 901, 1238, 1525, 1825, 1869, 2425, 2737, 5957, 2191, 0, 0, 106, 200, 409, 634, 898, 795, 659, 520, 1849, 154, 0, 0
21:04:27, 1026.70, 11.12, 19.50, 6.641, 576, 898, 1241, 1525, 1742, 1790, 2305, 2628, 5605, 1869, 0, 0, 106, 200, 411, 636, 891, 789, 655, 516, 1843, 155, 0, 0
21:04:28, 1026.30, 11.11, 19.52, 6.633, 594, 917, 1261, 1543, 1757, 1807, 2326, 2646, 5909, 2240, 0, 0, 106, 201, 410, 636, 902, 800, 666, 527, 1892, 163, 0, 0
21:04:28, 1024.40, 11.09, 19.52, 6.633, 589, 908, 1247, 1528, 1814, 1871, 2413, 2748, 6282, 2663, 0, 0, 109, 205, 417, 644, 903, 802, 669, 537, 1954, 201, 0, 0
21:04:29, 1023.90, 11.09, 19.50, 6.633, 618, 942, 1290, 1579, 1720, 1808, 2308, 2678, 6009, 2711, 0, 0, 111, 207, 419, 647, 905, 804, 673, 543, 1995, 225, 0, 0
21:04:30, 1024.70, 11.08, 19.52, 6.641, 643, 981, 1337, 1647, 1846, 1924, 2481, 2817, 6447, 2955, 0, 0, 111, 204, 413, 638, 899, 797, 667, 538, 1988, 234, 0, 0
21:04:30, 1025.10, 11.08, 19.49, 6.641, 620, 958, 1308, 1618, 1876, 1944, 2523, 2844, 6297, 2629, 0, 0, 108, 199, 404, 625, 889, 789, 658, 531, 1951, 222, 0, 0
21:04:31, 1025.30, 11.08, 19.54, 6.641, 626, 969, 1325, 1639, 1864, 1922, 2501, 2814, 6141, 2517, 0, 0, 106, 197, 401, 623, 892, 790, 658, 527, 1912, 195, 0, 0
21:04:32, 1024.90, 11.08, 19.50, 6.633, 615, 953, 1307, 1609, 1859, 1907, 2481, 2803, 6191, 2569, 0, 0, 106, 199, 405, 628, 892, 792, 659, 525, 1897, 185, 0, 0
21:04:32, 1024.50, 11.09, 19.49, 6.641, 601, 924, 1265, 1552, 1764, 1823, 2345, 2690, 5984, 2551, 0, 0, 107, 203, 412, 639, 901, 800, 664, 529, 1895, 176, 0, 0
21:04:33, 1025.60, 11.09, 19.47, 6.641, 588, 903, 1230, 1510, 1765, 1822, 2335, 2672, 6011, 2547, 0, 0, 108, 203, 413, 641, 898, 798, 665, 531, 1892, 181, 0, 0
21:04:34, 1026.20, 11.10, 19.45, 6.633, 560, 872, 1191, 1466, 1752, 1799, 2332, 2664, 5616, 2114, 0, 0, 105, 197, 402, 625, 887, 788, 656, 526, 1875, 193, 0, 0
21:04:34, 1025.30, 11.10, 19.45, 6.633, 567, 888, 1216, 1495, 1751, 1799, 2336, 2658, 5450, 2008, 0, 0, 106, 197, 399, 622, 881, 783, 652, 528, 1888, 221, 0, 0
21:04:35, 1025.60, 11.10, 19.45, 6.641, 593, 925, 1261, 1548, 1778, 1823, 2382, 2705, 5478, 2172, 0, 0, 104, 193, 393, 612, 864, 768, 635, 510, 1828, 205, 0, 0
21:04:36, 1025.50, 11.10, 19.44, 6.648, 575, 901, 1232, 1513, 1761, 1799, 2344, 2663, 5368, 1975, 0, 0, 103, 193, 395, 616, 866, 769, 634, 504, 1792, 173, 0, 0
21:04:36, 1024.00, 11.09, 19.50, 6.648, 579, 904, 1230, 1512, 1791, 1834, 2377, 2727, 5757, 2367, 0, 0, 105, 196, 400, 621, 870, 772, 637, 509, 1814, 186, 0, 0
21:04:37, 1020.60, 11.09, 19.44, 6.656, 647, 974, 1329, 1608, 1861, 1921, 2457, 2839, 6633, 3610, 0, 0, 109, 203, 411, 638, 907, 805, 666, 537, 1913, 217, 0, 0
21:04:38, 1018.80, 11.08, 19.44, 6.648, 652, 978, 1327, 1607, 1715, 1792, 2296, 2698, 6351, 3603, 0, 0, 117, 214, 425, 657, 916, 816, 681, 566, 2046, 326, 0, 0
21:04:38, 1019.00, 11.08, 19.42, 6.648, 618, 942, 1276, 1553, 1722, 1798, 2301, 2714, 5952, 3089, 0, 0, 119, 208, 399, 621, 869, 781, 647, 565, 2126, 500, 0, 0
21:04:39, 1019.90, 11.07, 19.42, 6.641, 605, 902, 1252, 1486, 1664, 1741, 2194, 2604, 5581, 2761, 0, 0, 113, 201, 390, 609, 879, 779, 640, 535, 1947, 339, 0, 0
21:04:40, 1021.10, 11.06, 19.44, 6.648, 610, 912, 1251, 1489, 1658, 1727, 2175, 2599, 5908, 3062, 0, 0, 109, 202, 405, 631, 897, 794, 652, 532, 1853, 219, 0, 0
21:04:40, 1020.60, 11.04, 19.42, 6.648, 621, 918, 1256, 1490, 1621, 1689, 2107, 2540, 6042, 3129, 0, 0, 110, 204, 407, 634, 889, 786, 646, 530, 1859, 226, 0, 0
21:04:41, 1024.30, 11.02, 19.40, 6.641, 612, 897, 1239, 1462, 1666, 1757, 2149, 2620, 6190, 3151, 0, 0, 108, 200, 400, 623, 858, 760, 623, 510, 1771, 201, 0, 0
21:04:42, 1023.30, 11.02, 19.37, 6.641, 584, 854, 1197, 1405, 1646, 1766, 2122, 2605, 6058, 2814, 0, 0, 104, 191, 383, 599, 841, 742, 608, 503, 1800, 239, 0, 0
21:04:42, 1021.10, 10.99, 19.35, 6.641, 620, 899, 1255, 1471, 1719, 1842, 2207, 2728, 6532, 3171, 0, 0, 106, 196, 391, 612, 886, 783, 643, 525, 1838, 195, 0, 0
21:04:43, 1018.70, 10.97, 19.38, 6.633, 630, 910, 1258, 1481, 1653, 1758, 2127, 2628, 6626, 3529, 0, 0, 111, 206, 410, 638, 890, 787, 648, 532, 1877, 206, 0, 0
21:04:44, 1018.50, 10.96, 19.37, 6.633, 620, 895, 1235, 1460, 1617, 1716, 2075, 2561, 6690, 3417, 0, 0, 110, 202, 395, 618, 871, 771, 635, 531, 1892, 238, 0, 0
21:04:44, 1018.30, 10.95, 19.33, 6.633, 631, 909, 1256, 1482, 1640, 1745, 2095, 2570, 6846, 3440, 0, 0, 109, 202, 398, 622, 881, 779, 642, 529, 1866, 200, 0, 0
21:04:45, 1019.10, 10.94, 19.35, 6.641, 613, 881, 1209, 1430, 1605, 1714, 2053, 2513, 6940, 3574, 0, 0, 111, 210, 418, 648, 915, 808, 667, 544, 1898, 172, 0, 0
21:04:46, 1022.20, 10.94, 19.38, 6.641, 632, 906, 1246, 1473, 1628, 1734, 2078, 2580, 6967, 3547, 0, 0, 109, 201, 398, 621, 870, 770, 634, 524, 1858, 205, 0, 0
21:04:46, 1025.30, 10.93, 19.33, 6.641, 601, 860, 1197, 1415, 1639, 1775, 2070, 2515, 6962, 2408, 0, 0, 100, 186, 375, 589, 888, 787, 646, 524, 1823, 159, 0, 0
21:04:47, 1026.40, 10.92, 19.35, 6.641, 606, 873, 1229, 1444, 1689, 1820, 2122, 2619, 6724, 2502, 0, 0, 101, 189, 381, 598, 860, 759, 619, 500, 1754, 150, 0, 0
21:04:48, 1027.00, 10.90, 19.33, 6.641, 524, 772, 1090, 1292, 1547, 1642, 1951, 2393, 5909, 1826, 0, 0, 100, 190, 386, 605, 859, 758, 616, 494, 1734, 137, 0, 0
21:04:48, 1026.70, 10.89, 19.38, 6.633, 539, 794, 1120, 1325, 1567, 1678, 1981, 2457, 5945, 1967, 0, 0, 102, 194, 395, 616, 870, 765, 621, 496, 1772, 138, 0, 0
21:04:49, 1027.50, 10.88, 19.32, 6.633, 550, 809, 1142, 1347, 1539, 1648, 1951, 2416, 5835, 1933, 0, 0, 101, 192, 390, 610, 854, 753, 610, 489, 1729, 137, 0, 0
21:04:50, 1027.80, 10.88, 19.33, 6.633, 525, 772, 1093, 1293, 1468, 1581, 1871, 2310, 5523, 1727, 0, 0, 99, 187, 381, 598, 829, 732, 596, 481, 1672, 142, 0, 0
21:04:50, 1027.10, 10.88, 19.32, 6.625, 520, 767, 1086, 1283, 1441, 1544, 1843, 2264, 5394, 1699, 0, 0, 100, 188, 381, 598, 837, 741, 607, 491, 1687, 150, 0, 0
21:04:51, 1025.60, 10.88, 19.30, 6.633, 493, 734, 1034, 1225, 1414, 1507, 1816, 2222, 5147, 1684, 0, 0, 101, 189, 383, 599, 838, 742, 608, 494, 1704, 168, 0, 0
21:04:51, 1025.20, 10.89, 19.30, 6.633, 524, 774, 1087, 1286, 1564, 1662, 2015, 2465, 5551, 2112, 0, 0, 101, 189, 379, 594, 830, 732, 599, 485, 1706, 186, 0, 0
21:04:52, 1026.60, 10.89, 19.32, 6.641, 534, 792, 1120, 1322, 1494, 1571, 1923, 2325, 4984, 1684, 0, 0, 100, 189, 383, 600, 833, 736, 601, 484, 1675, 167, 0, 0
21:04:53, 1026.90, 10.89, 19.30, 6.633, 529, 792, 1120, 1321, 1449, 1524, 1872, 2250, 4615, 1489, 0, 0, 101, 189, 386, 604, 843, 747, 611, 491, 1682, 163, 0, 0
21:04:53, 1027.90, 10.89, 19.30, 6.633, 523, 793, 1120, 1326, 1406, 1470, 1818, 2167, 4294, 1269, 0, 0, 102, 193, 395, 617, 861, 767, 628, 503, 1696, 146, 0, 0
21:04:54, 1026.80, 10.90, 19.28, 6.641, 550, 841, 1189, 1405, 1535, 1586, 1989, 2346, 4678, 1431, 0, 0, 105, 198, 402, 628, 870, 775, 637, 512, 1732, 161, 0, 0
21:04:55, 1025.60, 10.90, 19.30, 6.633, 555, 853, 1199, 1421, 1585, 1627, 2064, 2410, 4753, 1542, 0, 0, 104, 195, 397, 620, 870, 775, 640, 516, 1780, 199, 0, 0
21:04:55, 1025.50, 10.90, 19.28, 6.633, 554, 840, 1181, 1392, 1710, 1741, 2246, 2586, 5083, 1859, 0, 0, 104, 191, 386, 602, 855, 760, 628, 507, 1787, 235, 0, 0
21:04:56, 1026.10, 10.90, 19.26, 6.633, 555, 850, 1203, 1418, 1712, 1730, 2250, 2559, 4770, 1618, 0, 0, 102, 185, 373, 582, 824, 734, 606, 495, 1786, 283, 0, 0
21:04:57, 1026.50, 10.90, 19.23, 6.641, 562, 860, 1222, 1442, 1734, 1741, 2285, 2571, 4686, 1545, 0, 0, 102, 184, 368, 577, 832, 741, 614, 501, 1815, 276, 0, 0
21:04:57, 1026.60, 10.90, 19.26, 6.641, 569, 879, 1238, 1482, 1815, 1822, 2421, 2713, 5018, 1695, 0, 0, 103, 189, 379, 591, 861, 767, 638, 524, 1861, 245, 0, 0
21:04:58, 1026.20, 10.90, 19.25, 6.633, 569, 889, 1233, 1502, 1817, 1845, 2427, 2758, 5472, 1949, 0, 0, 106, 199, 404, 627, 892, 796, 664, 536, 1890, 192, 0, 0
21:04:59, 1025.80, 10.90, 19.25, 6.633, 547, 855, 1180, 1446, 1673, 1731, 2247, 2594, 5317, 1981, 0, 0, 109, 205, 416, 643, 900, 803, 671, 541, 1921, 189, 0, 0
21:04:59, 1025.00, 10.91, 19.25, 6.641, 553, 859, 1180, 1450, 1723, 1790, 2316, 2678, 5591, 2252, 0, 0, 109, 204, 414, 640, 896, 798, 667, 539, 1936, 207, 0, 0
21:05:00, 1025.10, 10.91, 19.21, 6.648, 609, 948, 1305, 1606, 1800, 1850, 2437, 2756, 5537, 2095, 0, 0, 109, 201, 407, 630, 881, 783, 655, 538, 1977, 269, 0, 0
21:05:01, 1025.20, 10.91, 19.19, 6.648, 635, 995, 1378, 1695, 1879, 1904, 2562, 2815, 5406, 2019, 0, 0, 107, 193, 384, 598, 857, 761, 636, 528, 1996, 345, 0, 0
21:05:01, 1025.20, 10.91, 19.23, 6.648, 639, 1004, 1392, 1712, 1893, 1905, 2579, 2814, 5278, 1943, 0, 0, 107, 191, 382, 595, 862, 765, 639, 530, 1986, 334, 0, 0
21:05:02, 1024.80, 10.91, 19.19, 6.648, 634, 993, 1376, 1689, 1855, 1884, 2514, 2795, 5387, 2042, 0, 0, 109, 198, 399, 620, 885, 787, 658, 539, 1976, 274, 0, 0
21:05:03, 1024.80, 10.91, 19.19, 6.648, 629, 979, 1346, 1656, 1744, 1796, 2353, 2680, 5376, 2180, 0, 0, 110, 205, 415, 641, 904, 805, 674, 547, 1965, 222, 0, 0
21:05:03, 1024.60, 10.91, 19.19, 6.648, 623, 968, 1328, 1628, 1764, 1828, 2365, 2723, 5747, 2433, 0, 0, 110, 207, 418, 646, 907, 808, 675, 545, 1949, 203, 0, 0
21:05:04, 1024.70, 10.91, 19.18, 6.648, 606, 942, 1291, 1587, 1786, 1845, 2395, 2741, 5783, 2377, 0, 0, 109, 203, 411, 635, 890, 792, 662, 536, 1931, 217, 0, 0
21:05:05, 1025.00, 10.91, 19.16, 6.648, 593, 925, 1270, 1561, 1777, 1831, 2397, 2723, 5515, 2236, 0, 0, 108, 198, 400, 620, 867, 771, 644, 528, 1928, 260, 0, 0
21:05:05, 1024.70, 10.91, 19.19, 6.648, 583, 907, 1253, 1533, 1767, 1814, 2387, 2690, 5295, 2081, 0, 0, 107, 196, 393, 610, 855, 760, 633, 519, 1907, 277, 0, 0
21:05:06, 1024.70, 10.92, 19.18, 6.656, 588, 915, 1263, 1547, 1710, 1758, 2313, 2610, 5056, 1958, 0, 0, 107, 196, 395, 613, 850, 756, 630, 517, 1893, 275, 0, 0
21:05:07, 1024.80, 10.92, 19.14, 6.656, 573, 892, 1227, 1504, 1632, 1685, 2199, 2505, 4868, 1882, 0, 0, 108, 201, 405, 628, 867, 771, 642, 524, 1886, 234, 0, 0
21:05:07, 1024.60, 10.92, 19.14, 6.656, 576, 896, 1227, 1509, 1637, 1698, 2203, 2532, 5078, 2004, 0, 0, 109, 206, 416, 644, 883, 785, 654, 531, 1892, 209, 0, 0
21:05:08, 1024.60, 10.92, 19.16, 6.664, 585, 908, 1240, 1526, 1654, 1717, 2227, 2567, 5222, 2116, 0, 0, 110, 206, 417, 646, 888, 790, 659, 536, 1916, 217, 0, 0
21:05:09, 1024.50, 10.92, 19.16, 6.664, 594, 923, 1261, 1552, 1724, 1786, 2323, 2661, 5437, 2190, 0, 0, 109, 203, 409, 634, 878, 780, 650, 531, 1913, 237, 0, 0
21:05:09, 1025.20, 10.93, 19.14, 6.656, 604, 941, 1291, 1588, 1795, 1845, 2423, 2747, 5526, 2152, 0, 0, 107, 197, 398, 617, 867, 771, 643, 527, 1911, 256, 0, 0
21:05:10, 1025.20, 10.93, 19.14, 6.656, 587, 913, 1258, 1542, 1787, 1833, 2416, 2729, 5389, 2093, 0, 0, 107, 197, 396, 615, 865, 769, 642, 526, 1915, 262, 0, 0
21:05:11, 1025.20, 10.93, 19.13, 6.656, 579, 901, 1245, 1529, 1753, 1796, 2367, 2680, 5254, 1907, 0, 0, 106, 198, 400, 621, 873, 777, 647, 529, 1902, 233, 0, 0
21:05:11, 1024.60, 10.93, 19.14, 6.648, 610, 951, 1309, 1605, 1738, 1795, 2349, 2695, 5422, 2159, 0, 0, 108, 203, 411, 637, 893, 795, 663, 539, 1924, 213, 0, 0
21:05:12, 1025.10, 10.93, 19.11, 6.648, 584, 911, 1251, 1532, 1735, 1792, 2342, 2691, 5483, 2192, 0, 0, 108, 203, 412, 638, 892, 793, 660, 534, 1909, 208, 0, 0
21:05:13, 1025.00, 10.93, 19.13, 6.648, 584, 913, 1255, 1540, 1815, 1866, 2440, 2795, 5685, 2178, 0, 0, 109, 202, 408, 632, 884, 786, 656, 537, 1925, 244, 0, 0
21:05:13, 1025.40, 10.94, 19.11, 6.648, 588, 916, 1264, 1546, 1833, 1871, 2473, 2785, 5472, 2070, 0, 0, 109, 198, 396, 615, 867, 769, 644, 531, 1943, 296, 0, 0
21:05:14, 1025.60, 10.93, 19.13, 6.648, 565, 877, 1220, 1486, 1781, 1815, 2402, 2701, 5164, 1854, 0, 0, 107, 198, 397, 617, 867, 770, 644, 529, 1933, 286, 0, 0
21:05:15, 1025.70, 10.93, 19.09, 6.656, 573, 893, 1235, 1513, 1764, 1830, 2383, 2691, 5306, 1880, 0, 0, 109, 204, 411, 637, 882, 785, 655, 534, 1907, 226, 0, 0
21:05:15, 1025.40, 10.93, 19.07, 6.656, 570, 890, 1227, 1508, 1690, 1746, 2281, 2614, 5204, 1892, 0, 0, 110, 206, 418, 647, 897, 797, 666, 539, 1921, 200, 0, 0
21:05:16, 1025.50, 10.93, 19.07, 6.656, 609, 946, 1299, 1596, 1761, 1824, 2367, 2725, 5742, 2281, 0, 0, 110, 207, 420, 649, 907, 805, 673, 541, 1936, 193, 0, 0
21:05:17, 1025.70, 10.93, 19.06, 6.648, 608, 945, 1300, 1600, 1807, 1865, 2435, 2790, 5852, 2276, 0, 0, 108, 203, 413, 639, 893, 795, 664, 536, 1934, 209, 0, 0
21:05:17, 1025.60, 10.93, 19.06, 6.648, 604, 938, 1294, 1605, 1839, 1896, 2482, 2824, 5885, 2284, 0, 0, 108, 202, 408, 631, 883, 786, 657, 536, 1959, 246, 0, 0
21:05:18, 1025.20, 10.92, 19.07, 6.648, 586, 914, 1262, 1555, 1830, 1888, 2476, 2818, 5850, 2227, 0, 0, 108, 201, 406, 628, 881, 785, 657, 536, 1969, 250, 0, 0
21:05:19, 1025.40, 10.92, 19.07, 6.648, 594, 922, 1268, 1568, 1860, 1928, 2507, 2881, 6186, 2466, 0, 0, 109, 204, 414, 640, 899, 801, 672, 545, 1986, 221, 0, 0
21:05:19, 1026.10, 10.92, 19.04, 6.648, 585, 911, 1255, 1549, 1737, 1813, 2321, 2670, 5793, 1977, 0, 0, 111, 211, 430, 664, 911, 810, 678, 542, 1961, 182, 0, 0
21:05:20, 1029.00, 10.91, 19.04, 6.648, 633, 984, 1357, 1672, 1737, 1814, 2313, 2663, 6043, 2164, 0, 0, 112, 213, 435, 671, 943, 839, 702, 558, 1998, 154, 0, 0
21:05:21, 1033.20, 10.90, 19.04, 6.648, 584, 920, 1280, 1586, 1786, 1840, 2382, 2675, 5723, 1559, 0, 0, 108, 206, 423, 656, 922, 821, 684, 539, 1935, 141, 0, 0
21:05:21, 1037.50, 10.88, 19.04, 6.656, 540, 858, 1207, 1501, 1799, 1845, 2398, 2671, 5558, 1370, 0, 0, 103, 196, 404, 629, 872, 779, 649, 512, 1831, 133, 0, 0
21:05:22, 1048.00, 10.82, 19.02, 6.656, 478, 771, 1112, 1377, 1605, 1620, 2119, 2314, 4363, 743, 0, 0, 100, 192, 400, 626, 864, 773, 641, 500, 1789, 125, 0, 0
21:05:23, 1057.40, 10.79, 19.06, 6.648, 421, 692, 1032, 1273, 1371, 1378, 1756, 1894, 3245, 400, 0, 0, 100, 191, 402, 634, 881, 791, 657, 509, 1804, 126, 0, 0
21:05:23, 1068.20, 10.76, 19.02, 6.656, 386, 648, 977, 1213, 1319, 1316, 1660, 1773, 3038, 315, 0, 0, 99, 189, 399, 634, 889, 804, 668, 517, 1812, 126, 0, 0
21:05:24, 1074.20, 10.73, 19.01, 6.656, 351, 603, 927, 1158, 1196, 1185, 1466, 1546, 2506, 218, 0, 0, 98, 188, 397, 637, 893, 811, 675, 522, 1808, 127, 0, 0
21:05:25, 1081.60, 10.71, 18.99, 6.672, 361, 624, 965, 1206, 1358, 1341, 1649, 1728, 3013, 246, 0, 0, 92, 175, 373, 601, 853, 776, 646, 500, 1727, 120, 0, 0
21:05:25, 1088.60, 10.68, 18.99, 6.672, 346, 607, 956, 1198, 1136, 1114, 1346, 1399, 2218, 165, 0, 0, 94, 178, 379, 617, 873, 802, 668, 520, 1741, 123, 0, 0
21:05:26, 1096.60, 10.65, 19.01, 6.695, 319, 561, 893, 1117, 1138, 1120, 1321, 1379, 2272, 163, 0, 0, 90, 170, 363, 594, 850, 785, 654, 510, 1693, 120, 0, 0
21:05:27, 1105.40, 10.62, 19.02, 6.695, 273, 481, 776, 973, 1061, 1051, 1198, 1251, 2227, 156, 0, 0, 87, 162, 348, 575, 838, 781, 654, 513, 1673, 119, 0, 0
21:05:27, 1110.60, 10.60, 18.99, 6.695, 248, 434, 709, 896, 1048, 1046, 1158, 1208, 2392, 166, 0, 0, 85, 157, 338, 561, 829, 776, 653, 516, 1668, 120, 0, 0
21:05:28, 1120.60, 10.57, 18.99, 6.695, 252, 444, 732, 930, 1147, 1146, 1247, 1291, 2787, 190, 0, 0, 81, 150, 325, 541, 807, 759, 644, 510, 1654, 120, 0, 0
21:05:29, 1129.00, 10.55, 18.97, 6.703, 218, 386, 646, 832, 984, 983, 1050, 1066, 2421, 165, 0, 0, 81, 147, 318, 534, 799, 759, 650, 520, 1662, 122, 0, 0
21:05:29, 1135.00, 10.53, 18.97, 6.703, 212, 377, 637, 829, 986, 990, 1043, 1053, 2560, 174, 0, 0, 79, 144, 312, 524, 783, 747, 641, 515, 1661, 122, 0, 0
21:05:30, 1142.60, 10.52, 18.97, 6.711, 211, 380, 646, 848, 968, 973, 1011, 1007, 2647, 180, 0, 0, 78, 139, 303, 510, 770, 738, 638, 516, 1662, 123, 0, 0
21:05:31, 1148.50, 10.50, 18.97, 6.719, 188, 343, 587, 782, 844, 846, 875, 857, 2488, 171, 0, 0, 76, 135, 295, 498, 756, 725, 630, 511, 1666, 123, 0, 0
21:05:31, 1158.10, 10.49, 18.95, 6.719, 198, 364, 629, 846, 924, 926, 949, 912, 2807, 192, 0, 0, 74, 130, 283, 481, 735, 712, 628, 513, 1658, 124, 0, 0
21:05:32, 1163.90, 10.47, 18.95, 6.719, 169, 314, 548, 746, 870, 864, 883, 833, 2686, 183, 0, 0, 71, 123, 268, 456, 707, 690, 618, 509, 1597, 122, 0, 0
21:05:32, 1174.90, 10.46, 18.95, 6.719, 169, 317, 558, 758, 891, 878, 882, 826, 2606, 175, 0, 0, 65, 109, 236, 407, 629, 628, 566, 478, 1422, 112, 0, 0
21:05:33, 1181.20, 10.44, 18.95, 6.719, 144, 271, 485, 666, 784, 770, 765, 706, 2204, 148, 0, 0, 55, 86, 190, 330, 524, 539, 483, 410, 1209, 98, 0, 0
21:05:34, 1188.30, 10.43, 18.92, 6.711, 143, 271, 487, 667, 814, 796, 783, 721, 2117, 140, 0, 0, 37, 59, 129, 226, 309, 309, 281, 233, 815, 69, 0, 0
21:05:34, 1190.10, 10.42, 18.94, 6.719, 142, 270, 491, 673, 778, 755, 737, 672, 1925, 126, 0, 0, 16, 25, 54, 98, 154, 152, 138, 111, 418, 37, 0, 0
21:05:35, 1189.60, 10.41, 18.94, 6.719, 170, 328, 600, 810, 1046, 1003, 981, 902, 2438, 157, 0, 0, 19, 30, 65, 117, 210, 208, 190, 155, 585, 51, 0, 0
21:05:36, 1186.50, 10.41, 18.92, 6.727, 123, 234, 426, 581, 680, 655, 641, 581, 1684, 112, 0, 0, 27, 42, 90, 162, 338, 338, 311, 262, 836, 74, 0, 0
21:05:36, 1185.40, 10.40, 18.90, 6.734, 152, 287, 521, 714, 786, 768, 753, 691, 1976, 131, 0, 0, 45, 72, 159, 273, 469, 473, 434, 363, 1190, 96, 0, 0
21:05:37, 1182.90, 10.40, 18.90, 6.734, 159, 300, 544, 747, 859, 844, 828, 763, 2207, 146, 0, 0, 55, 93, 200, 350, 568, 573, 527, 444, 1353, 107, 0, 0
21:05:38, 1178.90, 10.40, 18.90, 6.727, 150, 282, 509, 700, 833, 821, 809, 748, 2163, 144, 0, 0, 63, 108, 234, 405, 645, 641, 588, 494, 1504, 117, 0, 0
21:05:38, 1177.30, 10.40, 18.94, 6.727, 145, 272, 487, 668, 855, 845, 834, 778, 2123, 140, 0, 0, 67, 114, 247, 424, 664, 656, 599, 506, 1553, 120, 0, 0
21:05:39, 1175.60, 10.40, 18.87, 6.727, 143, 266, 477, 648, 777, 763, 757, 708, 1760, 115, 0, 0, 67, 115, 249, 429, 674, 669, 610, 516, 1564, 121, 0, 0
21:05:40, 1175.30, 10.40, 18.87, 6.734, 141, 265, 474, 636, 792, 764, 774, 718, 1551, 98, 0, 0, 67, 114, 248, 424, 662, 657, 592, 509, 1508, 117, 0, 0
21:05:40, 1175.00, 10.41, 18.88, 6.734, 144, 274, 492, 657, 808, 769, 798, 730, 1370, 84, 0, 0, 66, 113, 244, 425, 658, 658, 593, 504, 1490, 116, 0, 0
21:05:41, 1175.50, 10.41, 18.87, 6.734, 155, 300, 538, 722, 877, 823, 877, 788, 1389, 83, 0, 0, 66, 113, 242, 425, 653, 652, 595, 501, 1455, 113, 0, 0
21:05:42, 1174.40, 10.40, 18.87, 6.734, 155, 302, 540, 729, 893, 834, 902, 799, 1357, 81, 0, 0, 65, 112, 238, 423, 662, 658, 600, 506, 1440, 112, 0, 0
21:05:42, 1175.60, 10.39, 18.88, 6.734, 161, 316, 564, 765, 970, 909, 993, 870, 1553, 91, 0, 0, 64, 111, 232, 419, 646, 649, 588, 503, 1386, 109, 0, 0
21:05:43, 1176.10, 10.38, 18.87, 6.734, 160, 314, 561, 765, 963, 903, 989, 860, 1540, 91, 0, 0, 62, 106, 220, 402, 631, 638, 572, 501, 1334, 107, 0, 0
21:05:44, 1176.70, 10.38, 18.85, 6.734, 159, 312, 557, 763, 966, 908, 996, 862, 1559, 92, 0, 0, 61, 103, 217, 393, 623, 634, 569, 498, 1319, 107, 0, 0
21:05:44, 1176.70, 10.38, 18.85, 6.734, 145, 284, 508, 695, 924, 866, 951, 824, 1449, 86, 0, 0, 61, 101, 217, 390, 617, 626, 566, 488, 1305, 107, 0, 0
21:05:45, 1176.40, 10.38, 18.83, 6.734, 148, 290, 519, 713, 930, 871, 961, 831, 1433, 86, 0, 0, 62, 102, 219, 393, 620, 629, 569, 489, 1321, 108, 0, 0
21:05:46, 1176.00, 10.37, 18.82, 6.727, 153, 300, 537, 733, 927, 868, 955, 829, 1414, 85, 0, 0, 63, 103, 221, 396, 625, 638, 576, 495, 1335, 109, 0, 0
21:05:46, 1176.40, 10.37, 18.83, 6.727, 155, 304, 545, 742, 936, 875, 961, 836, 1437, 85, 0, 0, 62, 103, 221, 396, 616, 625, 562, 484, 1315, 108, 0, 0
21:05:47, 1177.10, 10.37, 18.80, 6.727, 153, 299, 537, 729, 912, 850, 929, 813, 1352, 81, 0, 0, 61, 101, 215, 387, 611, 618, 557, 482, 1295, 105, 0, 0
21:05:48, 1177.20, 10.38, 18.82, 6.727, 141, 274, 491, 665, 841, 785, 850, 751, 1195, 73, 0, 0, 60, 101, 213, 389, 609, 613, 553, 478, 1284, 104, 0, 0
21:05:48, 1176.60, 10.39, 18.80, 6.727, 142, 275, 495, 667, 809, 758, 807, 722, 1162, 72, 0, 0, 60, 101, 213, 389, 610, 618, 553, 481, 1278, 103, 0, 0
21:05:49, 1175.70, 10.39, 18.78, 6.734, 139, 267, 480, 645, 818, 773, 813, 737, 1254, 78, 0, 0, 63, 107, 226, 406, 631, 637, 570, 493, 1348, 108, 0, 0
21:05:50, 1176.20, 10.39, 18.82, 6.734, 149, 283, 511, 688, 830, 793, 818, 750, 1398, 87, 0, 0, 62, 105, 224, 401, 625, 630, 563, 488, 1344, 107, 0, 0
21:05:50, 1176.70, 10.39, 18.78, 6.734, 145, 273, 493, 663, 817, 786, 799, 736, 1504, 95, 0, 0, 61, 103, 218, 392, 614, 617, 554, 476, 1339, 107, 0, 0
21:05:51, 1176.20, 10.39, 18.80, 6.734, 140, 264, 476, 640, 784, 758, 763, 709, 1522, 97, 0, 0, 61, 102, 219, 390, 615, 612, 553, 470, 1359, 107, 0, 0
21:05:52, 1176.10, 10.38, 18.82, 6.727, 147, 276, 497, 669, 791, 767, 770, 716, 1568, 100, 0, 0, 62, 104, 222, 396, 621, 620, 559, 478, 1367, 109, 0, 0
21:05:52, 1175.30, 10.38, 18.76, 6.727, 141, 264, 474, 639, 772, 748, 751, 699, 1521, 97, 0, 0, 63, 106, 228, 404, 634, 633, 570, 486, 1396, 110, 0, 0
21:05:53, 1175.70, 10.37, 18.78, 6.719, 143, 269, 484, 651, 795, 770, 776, 722, 1527, 97, 0, 0, 64, 107, 231, 406, 637, 632, 573, 484, 1408, 111, 0, 0
21:05:54, 1176.30, 10.37, 18.73, 6.719, 143, 268, 484, 651, 775, 748, 756, 702, 1416, 90, 0, 0, 63, 104, 226, 398, 621, 613, 558, 469, 1379, 109, 0, 0
21:05:54, 1177.70, 10.37, 18.76, 6.727, 142, 269, 485, 652, 792, 759, 774, 713, 1354, 85, 0, 0, 60, 99, 213, 381, 596, 589, 540, 452, 1318, 105, 0, 0
21:05:55, 1178.00, 10.36, 18.75, 6.727, 141, 269, 487, 654, 826, 783, 812, 738, 1325, 82, 0, 0, 57, 92, 199, 357, 569, 564, 514, 434, 1239, 101, 0, 0
21:05:56, 1178.20, 10.36, 18.75, 6.727, 142, 273, 494, 664, 836, 784, 830, 744, 1254, 77, 0, 0, 57, 93, 200, 359, 570, 569, 522, 444, 1236, 101, 0, 0
21:05:56, 1178.60, 10.36, 18.73, 6.727, 144, 279, 504, 680, 843, 786, 847, 749, 1193, 73, 0, 0, 56, 92, 195, 357, 564, 567, 524, 445, 1217, 100, 0, 0
21:05:57, 1179.30, 10.36, 18.73, 6.727, 147, 288, 521, 712, 890, 828, 903, 786, 1282, 77, 0, 0, 55, 92, 193, 353, 565, 569, 525, 446, 1210, 100, 0, 0
21:05:58, 1179.10, 10.36, 18.70, 6.727, 149, 293, 527, 723, 881, 823, 899, 780, 1281, 77, 0, 0, 57, 93, 199, 357, 573, 581, 529, 455, 1231, 103, 0, 0
21:05:58, 1179.30, 10.37, 18.73, 6.727, 152, 299, 538, 739, 895, 838, 918, 794, 1337, 80, 0, 0, 58, 94, 201, 364, 570, 583, 528, 457, 1234, 102, 0, 0
21:05:59, 1179.60, 10.38, 18.71, 6.734, 154, 303, 545, 750, 905, 851, 932, 805, 1386, 83, 0, 0, 58, 94, 201, 365, 569, 583, 532, 460, 1244, 103, 0, 0
21:06:00, 1179.00, 10.37, 18.73, 6.734, 157, 309, 556, 767, 918, 862, 945, 815, 1420, 85, 0, 0, 57, 93, 198, 359, 573, 587, 534, 463, 1244, 102, 0, 0
21:06:00, 1178.80, 10.38, 18.70, 6.734, 160, 315, 566, 781, 953, 894, 983, 846, 1493, 89, 0, 0, 57, 94, 201, 364, 566, 580, 526, 455, 1227, 101, 0, 0
21:06:01, 1178.70, 10.38, 18.71, 6.742, 155, 305, 549, 754, 928, 870, 955, 825, 1433, 86, 0, 0, 58, 94, 201, 363, 575, 591, 537, 463, 1250, 103, 0, 0
21:06:02, 1179.40, 10.38, 18.66, 6.742, 161, 317, 571, 783, 929, 869, 951, 824, 1424, 85, 0, 0, 57, 92, 196, 353, 547, 565, 512, 443, 1203, 100, 0, 0
21:06:02, 1179.40, 10.38, 18.68, 6.727, 155, 305, 549, 751, 882, 823, 899, 781, 1296, 78, 0, 0, 55, 89, 189, 343, 546, 566, 511, 444, 1200, 99, 0, 0
21:06:03, 1179.60, 10.38, 18.64, 6.734, 161, 316, 571, 779, 916, 853, 932, 811, 1371, 82, 0, 0, 54, 87, 188, 338, 535, 553, 495, 433, 1181, 98, 0, 0
21:06:04, 1181.00, 10.37, 18.70, 6.734, 158, 312, 563, 766, 897, 836, 906, 792, 1331, 80, 0, 0, 51, 81, 175, 316, 485, 497, 444, 383, 1080, 91, 0, 0
21:06:04, 1181.00, 10.36, 18.70, 6.734, 149, 292, 528, 717, 858, 800, 859, 755, 1245, 75, 0, 0, 47, 74, 160, 291, 472, 479, 434, 368, 1039, 87, 0, 0
21:06:05, 1179.80, 10.36, 18.64, 6.734, 146, 285, 516, 698, 852, 796, 850, 753, 1249, 76, 0, 0, 48, 77, 166, 301, 502, 505, 460, 391, 1089, 91, 0, 0
21:06:06, 1173.30, 10.36, 18.68, 6.734, 129, 249, 449, 603, 756, 710, 752, 679, 1078, 67, 0, 0, 62, 103, 222, 390, 640, 647, 581, 502, 1392, 111, 0, 0
21:06:06, 1163.30, 10.35, 18.64, 6.742, 143, 273, 490, 654, 773, 732, 774, 711, 1152, 72, 0, 0, 71, 119, 258, 445, 718, 707, 644, 543, 1551, 120, 0, 0
21:06:07, 1160.10, 10.34, 18.64, 6.742, 160, 303, 534, 707, 897, 852, 917, 851, 1460, 90, 0, 0, 73, 126, 271, 468, 731, 718, 649, 543, 1571, 120, 0, 0
21:06:08, 1153.90, 10.33, 18.64, 6.734, 162, 306, 538, 710, 862, 823, 884, 830, 1403, 88, 0, 0, 74, 129, 280, 482, 749, 730, 652, 538, 1601, 121, 0, 0
21:06:08, 1148.20, 10.31, 18.64, 6.727, 176, 330, 574, 754, 909, 872, 939, 893, 1578, 99, 0, 0, 76, 133, 288, 495, 762, 739, 653, 536, 1615, 121, 0, 0
21:06:09, 1144.70, 10.30, 18.61, 6.727, 193, 361, 624, 816, 952, 921, 990, 953, 1784, 112, 0, 0, 77, 137, 296, 504, 773, 747, 656, 537, 1624, 122, 0, 0
21:06:10, 1138.40, 10.29, 18.61, 6.727, 197, 364, 626, 816, 953, 932, 996, 974, 1912, 123, 0, 0, 78, 140, 303, 514, 790, 760, 662, 539, 1638, 122, 0, 0
21:06:10, 1128.50, 10.29, 18.59, 6.727, 186, 337, 572, 743, 892, 885, 948, 954, 1899, 127, 0, 0, 81, 148, 320, 538, 805, 766, 656, 525, 1664, 122, 0, 0
21:06:11, 1126.10, 10.29, 18.61, 6.727, 208, 373, 627, 812, 965, 959, 1031, 1041, 2186, 146, 0, 0, 82, 149, 322, 540, 811, 769, 657, 525, 1668, 122, 0, 0
21:06:12, 1123.70, 10.29, 18.61, 6.719, 225, 402, 675, 870, 1009, 1003, 1081, 1095, 2337, 157, 0, 0, 82, 149, 323, 541, 810, 767, 655, 522, 1657, 121, 0, 0
21:06:12, 1123.00, 10.25, 18.59, 6.719, 236, 421, 705, 905, 1088, 1081, 1170, 1190, 2472, 164, 0, 0, 81, 147, 320, 536, 806, 761, 648, 518, 1643, 119, 0, 0
21:06:13, 1121.10, 10.25, 18.57, 6.719, 232, 416, 696, 893, 1037, 1029, 1121, 1137, 2204, 146, 0, 0, 79, 143, 312, 527, 800, 755, 639, 505, 1619, 117, 0, 0
21:06:14, 1118.90, 10.25, 18.61, 6.719, 241, 433, 724, 925, 1084, 1067, 1182, 1195, 2181, 143, 0, 0, 82, 150, 326, 542, 818, 771, 656, 522, 1656, 119, 0, 0
21:06:14, 1117.20, 10.25, 18.57, 6.719, 241, 437, 728, 929, 1076, 1050, 1185, 1189, 2030, 132, 0, 0, 83, 153, 332, 552, 826, 779, 662, 528, 1672, 121, 0, 0
21:06:15, 1116.10, 10.29, 18.56, 6.719, 247, 450, 746, 954, 1111, 1074, 1234, 1227, 1993, 129, 0, 0, 85, 155, 337, 559, 836, 789, 673, 537, 1702, 123, 0, 0
21:06:16, 1114.40, 10.29, 18.57, 6.727, 249, 456, 756, 969, 1153, 1105, 1295, 1269, 2000, 131, 0, 0, 86, 157, 340, 563, 843, 794, 680, 541, 1728, 124, 0, 0
21:06:16, 1112.60, 10.30, 18.52, 6.734, 247, 453, 747, 963, 1171, 1124, 1332, 1297, 2035, 131, 0, 0, 86, 157, 342, 564, 843, 792, 678, 537, 1739, 125, 0, 0
21:06:17, 1110.80, 10.31, 18.57, 6.734, 245, 449, 737, 956, 1169, 1125, 1347, 1304, 2024, 131, 0, 0, 86, 158, 343, 566, 843, 790, 677, 535, 1747, 125, 0, 0
21:06:18, 1107.80, 10.32, 18.54, 6.727, 244, 445, 728, 948, 1148, 1106, 1338, 1291, 1926, 129, 0, 0, 87, 160, 348, 572, 848, 794, 679, 537, 1765, 126, 0, 0
21:06:18, 1105.20, 10.33, 18.54, 6.734, 246, 443, 723, 945, 1138, 1101, 1338, 1295, 1895, 127, 0, 0, 87, 161, 350, 573, 840, 783, 667, 525, 1747, 125, 0, 0
21:06:19, 1103.50, 10.34, 18.52, 6.734, 261, 473, 770, 1006, 1151, 1112, 1360, 1307, 1874, 128, 0, 0, 87, 162, 350, 574, 845, 787, 670, 527, 1752, 125, 0, 0
21:06:20, 1103.40, 10.34, 18.56, 6.734, 269, 488, 791, 1034, 1256, 1204, 1497, 1426, 2061, 143, 0, 0, 85, 158, 344, 563, 836, 778, 661, 518, 1721, 123, 0, 0
21:06:20, 1101.30, 10.34, 18.52, 6.727, 258, 467, 758, 983, 1174, 1126, 1378, 1337, 1849, 125, 0, 0, 86, 159, 345, 565, 835, 774, 654, 511, 1708, 121, 0, 0
21:06:21, 1101.80, 10.35, 18.54, 6.727, 264, 477, 773, 994, 1160, 1111, 1353, 1329, 1824, 124, 0, 0, 86, 159, 346, 567, 835, 775, 655, 511, 1700, 121, 0, 0
21:06:22, 1101.40, 10.35, 18.54, 6.727, 258, 467, 758, 971, 1105, 1061, 1281, 1274, 1708, 118, 0, 0, 87, 161, 349, 572, 836, 777, 655, 513, 1696, 120, 0, 0
21:06:22, 1100.70, 10.36, 18.54, 6.727, 257, 464, 753, 962, 1088, 1044, 1259, 1255, 1685, 117, 0, 0, 87, 162, 351, 575, 842, 781, 658, 515, 1701, 120, 0, 0
21:06:23, 1100.90, 10.36, 18.52, 6.719, 266, 476, 769, 981, 1122, 1080, 1299, 1299, 1803, 124, 0, 0, 87, 162, 351, 575, 846, 786, 664, 520, 1711, 121, 0, 0
21:06:24, 1100.70, 10.37, 18.52, 6.719, 258, 464, 751, 960, 1140, 1095, 1323, 1318, 1828, 127, 0, 0, 87, 162, 351, 576, 847, 787, 666, 522, 1718, 122, 0, 0
21:06:24, 1099.50, 10.36, 18.51, 6.719, 256, 462, 747, 956, 1119, 1074, 1303, 1290, 1772, 122, 0, 0, 87, 162, 352, 577, 848, 788, 668, 523, 1725, 122, 0, 0
21:06:25, 1097.10, 10.35, 18.49, 6.719, 250, 450, 725, 927, 1188, 1138, 1401, 1379, 1902, 133, 0, 0, 86, 161, 348, 569, 836, 774, 653, 511, 1706, 120, 0, 0
21:06:26, 1093.60, 10.35, 18.47, 6.719, 260, 465, 750, 964, 1199, 1150, 1418, 1394, 1957, 136, 0, 0, 87, 162, 352, 574, 851, 786, 664, 518, 1738, 123, 0, 0
21:06:26, 1089.00, 10.34, 18.47, 6.719, 294, 525, 835, 1076, 1350, 1301, 1633, 1605, 2404, 175, 0, 0, 88, 166, 359, 583, 864, 795, 671, 522, 1773, 125, 0, 0
21:06:27, 1081.80, 10.33, 18.45, 6.719, 310, 550, 867, 1115, 1344, 1311, 1634, 1640, 2574, 191, 0, 0, 92, 174, 372, 602, 882, 807, 679, 527, 1816, 128, 0, 0
21:06:28, 1079.10, 10.32, 18.45, 6.719, 332, 583, 909, 1162, 1342, 1326, 1646, 1688, 2759, 218, 0, 0, 95, 180, 384, 618, 895, 817, 686, 532, 1850, 131, 0, 0
21:06:28, 1069.70, 10.32, 18.45, 6.719, 323, 561, 873, 1108, 1283, 1273, 1592, 1651, 2646, 224, 0, 0, 99, 188, 399, 638, 915, 830, 696, 539, 1894, 134, 0, 0
21:06:29, 1061.90, 10.31, 18.45, 6.719, 352, 598, 917, 1154, 1281, 1283, 1610, 1720, 2735, 264, 0, 0, 102, 196, 413, 658, 944, 853, 713, 553, 1943, 138, 0, 0
21:06:30, 1060.70, 10.30, 18.45, 6.719, 358, 595, 904, 1133, 1436, 1429, 1826, 1937, 3127, 344, 0, 0, 99, 188, 398, 632, 901, 814, 679, 530, 1842, 129, 0, 0
21:06:30, 1061.50, 10.29, 18.44, 6.719, 333, 550, 841, 1050, 1329, 1310, 1664, 1777, 2494, 277, 0, 0, 94, 180, 382, 610, 850, 769, 639, 500, 1704, 118, 0, 0
21:06:31, 1055.10, 10.25, 18.40, 6.703, 324, 535, 818, 1016, 1290, 1260, 1596, 1726, 2258, 262, 0, 0, 96, 182, 387, 616, 866, 781, 647, 507, 1716, 119, 0, 0
21:06:32, 1047.50, 10.23, 18.42, 6.703, 420, 684, 1029, 1252, 1650, 1630, 2065, 2273, 3598, 508, 0, 0, 98, 187, 394, 623, 888, 798, 660, 519, 1754, 121, 0, 0
21:06:32, 1039.50, 10.22, 18.44, 6.703, 445, 711, 1063, 1273, 1510, 1540, 1910, 2190, 3925, 593, 0, 0, 103, 198, 414, 651, 918, 823, 678, 535, 1810, 126, 0, 0
21:06:33, 1033.40, 10.21, 18.44, 6.687, 509, 800, 1160, 1393, 1500, 1541, 1937, 2296, 4590, 946, 0, 0, 110, 211, 436, 682, 950, 850, 697, 554, 1866, 132, 0, 0
21:06:34, 1025.80, 10.20, 18.42, 6.680, 499, 768, 1095, 1314, 1525, 1600, 1995, 2446, 5313, 1628, 0, 0, 112, 214, 438, 681, 929, 826, 676, 545, 1864, 150, 0, 0
21:06:34, 1026.70, 10.20, 18.40, 6.680, 629, 915, 1301, 1536, 1586, 1684, 2043, 2539, 5908, 1955, 0, 0, 108, 205, 418, 652, 902, 800, 655, 529, 1832, 152, 0, 0
21:06:35, 1025.20, 10.20, 18.40, 6.664, 623, 899, 1275, 1524, 1784, 1966, 2290, 2865, 7112, 2549, 0, 0, 105, 196, 395, 617, 855, 754, 619, 507, 1824, 178, 0, 0
21:06:36, 1020.60, 10.19, 18.42, 6.648, 629, 904, 1267, 1535, 1894, 2106, 2447, 3055, 8436, 3420, 0, 0, 107, 197, 393, 614, 888, 782, 646, 533, 1944, 190, 0, 0
21:06:36, 1019.60, 10.19, 18.40, 6.648, 656, 946, 1308, 1575, 1770, 1935, 2301, 2848, 8780, 4252, 0, 0, 115, 216, 431, 665, 947, 836, 698, 577, 2050, 172, 0, 0
21:06:37, 1018.30, 10.17, 18.39, 6.656, 651, 944, 1289, 1573, 1695, 1825, 2217, 2587, 9152, 4463, 0, 0, 122, 228, 456, 698, 968, 854, 712, 584, 2138, 176, 0, 0
21:06:38, 1018.30, 10.16, 18.35, 6.656, 679, 994, 1354, 1657, 1788, 1909, 2345, 2676, 10267, 4833, 0, 0, 122, 229, 456, 697, 947, 834, 701, 579, 2144, 180, 0, 0
21:06:38, 1018.30, 10.14, 18.37, 6.641, 705, 1042, 1426, 1752, 1825, 1921, 2406, 2685, 11426, 5224, 0, 0, 327, 583, 879, 1243, 1518, 1510, 1725, 1795, 5416, 1933, 0, 0
21:06:39, 1018.30, 10.12, 18.39, 6.602, 700, 1056, 1431, 1769, 1961, 2031, 2596, 2858, 13285, 6275, 0, 0, 397, 639, 979, 1316, 1726, 1772, 1944, 2166, 6214, 2235, 0, 0
21:06:40, 1018.40, 10.14, 18.40, 6.602, 711, 1067, 1461, 1771, 1994, 2030, 2603, 2847, 13907, 6750, 0, 0, 585, 830, 1293, 1642, 2087, 2116, 2429, 2810, 7600, 3227, 0, 0
21:06:40, 1018.30, 10.15, 18.40, 6.555, 733, 1091, 1514, 1790, 2211, 2197, 2842, 3119, 16100, 8466, 0, 0, 761, 1108, 1665, 2115, 3362, 3566, 4582, 5653, 10105, 5648, 0, 0
21:06:41, 1018.20, 10.18, 18.44, 6.469, 791, 1146, 1628, 1871, 2303, 2290, 2877, 3269, 17450, 9686, 0, 0, 1263, 2065, 2653, 3706, 3851, 4538, 5166, 7228, 11778, 5770, 0, 0
21:06:42, 1018.50, 10.21, 18.42, 6.469, 938, 1298, 1901, 2115, 2286, 2364, 2834, 3376, 17182, 9152, 0, 0, 1140, 1867, 2426, 3392, 4089, 4829, 5618, 7685, 15005, 7735, 0, 0
21:06:42, 1018.10, 10.24, 18.40, 6.281, 931, 1293, 1885, 2118, 2415, 2505, 3011, 3583, 17968, 9920, 0, 0, 1192, 1823, 2427, 3203, 3791, 4124, 4856, 6514, 12276, 6280, 0, 0
21:06:43, 1018.30, 10.29, 18.42, 6.180, 739, 1116, 1572, 1881, 1852, 1906, 2530, 2880, 13228, 6849, 0, 0, 1309, 2019, 2596, 3574, 4455, 5390, 6184, 9151, 21260, 13749, 0, 0
21:06:44, 1018.30, 10.31, 18.39, 6.180, 498, 720, 981, 1248, 1154, 1243, 1578, 1868, 8490, 4392, 0, 0, 1481, 2168, 2839, 3595, 3797, 4210, 5088, 6828, 19036, 13053, 0, 0
21:06:44, 1018.30, 10.34, 18.39, 6.109, 474, 651, 888, 1111, 1584, 1736, 2200, 2505, 10864, 5345, 0, 0, 1415, 2058, 2627, 3307, 3719, 4130, 4995, 6729, 17670, 11643, 0, 0
21:06:45, 1017.80, 10.36, 18.39, 6.039, 581, 817, 1124, 1398, 1459, 1579, 1860, 2186, 9157, 3926, 0, 0, 11038, 15381, 23110, 27485, 33501, 35960, 36000, 36000, 36000, 36000, 1, 1
21:06:45, 1018.00, 10.39, 18.42, 6.039, 358, 541, 734, 918, 951, 1032, 1213, 1453, 3853, 1993, 0, 0, 12138, 20144, 24843, 33759, 34690, 36000, 36000, 36000, 36000, 36000, 1, 1
21:06:46, 1018.20, 10.43, 18.39, 5.836, 379, 587, 808, 989, 1077, 1142, 1369, 1629, 5218, 2245, 0, 0, 5094, 9303, 10490, 16836, 7357, 7835, 10583, 12470, 34653, 24191, 0, 1
21:06:47, 1019.00, 10.44, 18.40, 5.602, 548, 674, 946, 1153, 1124, 1340, 1515, 1869, 7860, 4963, 0, 0, 2112, 3043, 4123, 5062, 6868, 7731, 9898, 12927, 36000, 29550, 1, 1
21:06:47, 1018.90, 10.43, 18.40, 5.602, 216, 277, 312, 364, 345, 418, 472, 899, 4077, 4128, 0, 0, 19625, 30441, 36000, 36000, 36000, 36000, 36000, 36000, 36000, 36000, 1, 1
21:06:48, 1019.30, 10.42, 18.40, 5.469, 452, 716, 985, 1211, 1127, 1163, 1354, 1778, 8466, 6186, 0, 0, 7305, 11196, 14592, 23209, 19017, 19158, 29490, 28797, 36000, 36000, 1, 1
21:06:49, 1019.30, 10.42, 18.39, 5.336, 415, 605, 814, 996, 958, 1076, 1247, 1636, 4948, 3590, 0, 0, 8985, 11583, 19106, 21460, 24336, 23903, 35415, 34571, 36000, 36000, 1, 1
21:06:49, 1018.00, 10.54, 18.42, 5.336, 511, 754, 1017, 1259, 889, 1053, 1159, 1702, 6173, 5086, 0, 0, 13581, 22286, 28811, 36000, 36000, 36000, 36000, 36000, 36000, 36000, 1, 1
21:06:50, 1017.90, 10.56, 18.39, 4.930, 250, 314, 380, 501, 693, 749, 857, 1228, 7755, 7855, 0, 0, 17617, 25515, 35986, 36000, 36000, 35999, 36000, 36000, 36000, 36000, 1, 1
21:06:51, 1018.50, 10.56, 18.37, 4.930, 425, 580, 753, 894, 918, 910, 1202, 1645, 8586, 10995, 0, 0, 6901, 12956, 16740, 24496, 17314, 16992, 26689, 27755, 36000, 32858, 1, 1
21:06:51, 1017.90, 10.59, 18.39, 4.547, 605, 845, 1154, 1431, 2731, 3118, 3939, 4912, 15115, 11847, 0, 0, 4674, 8083, 11266, 13451, 3313, 2981, 3184, 4136, 23013, 24220, 0, 0
21:06:52, 1017.90, 10.61, 18.39, 4.281, 1881, 1719, 2518, 3611, 3730, 8222, 6985, 7140, 20307, 8941, 0, 0, 1294, 2285, 2968, 3143, 2799, 2650, 2891, 3656, 23421, 28189, 0, 0
21:06:53, 1017.80, 10.64, 18.42, 4.281, 968, 1250, 1760, 2072, 1298, 1437, 1588, 2316, 10500, 13346, 0, 0, 1929, 3043, 3885, 4012, 2490, 2680, 2871, 3685, 22220, 29311, 0, 0
21:06:53, 1018.00, 10.65, 18.39, 4.172, 477, 611, 757, 903, 751, 834, 899, 1450, 7650, 10535, 0, 0, 1312, 2298, 3193, 3460, 4047, 3590, 3857, 4882, 27218, 25631, 0, 0
