Secchi Depth (cm) = 0136
Forel Ule Scale = 08
pH Colour Scale = 99
SensingSecchi S/N = A016
Latitude (degs N) = 34.14015
Longitude (degs E) = -77.86229
Date = 2026-02-18
Time (UTC), Pressure (mbar) MS5803, Temp (deg C) MS5803, Temp (deg C) 10KTHERM, Temp (deg C) TMP117, ED 415nm, ED 445nm, ED 480nm, ED 515nm, ED 555nm, ED 590nm, ED 630nm, ED 680nm, ED Clear, ED NIR, ED D-SAT, ED A-SAT, EU 415nm, EU 445nm, EU 480nm, EU 515nm, EU 555nm, EU 590nm, EU 630nm, EU 680nm, EU Clear, EU NIR, EU D-SAT, EU A-SAT
16:59:30, 1011.60, 21.41, 20.95, 26.000, 2265, 3627, 4984, 6654, 7349, 7656, 10302, 10207, 36000, 22749, 1, 1, 6617, 9919, 11951, 13577, 14138, 16581, 21128, 29452, 36000, 36000, 1, 1
16:59:30, 1011.70, 21.43, 20.97, 26.039, 2200, 3513, 4851, 6360, 6874, 7074, 9468, 9538, 36000, 21986, 1, 1, 6686, 9677, 11637, 13244, 13559, 15873, 20133, 28327, 36000, 36000, 1, 1
16:59:31, 1012.20, 21.43, 20.95, 26.109, 2264, 3627, 4999, 6618, 7364, 7574, 10303, 10159, 36000, 23129, 1, 1, 6485, 9368, 11204, 12793, 13731, 16056, 20330, 28440, 36000, 36000, 1, 1
16:59:32, 1011.30, 21.50, 20.97, 26.109, 2316, 3658, 4998, 6647, 7369, 7894, 10194, 10434, 36000, 20598, 1, 1, 5963, 8724, 10584, 12076, 11971, 13675, 15709, 21421, 36000, 36000, 1, 1
16:59:32, 1011.20, 21.50, 20.99, 26.203, 7569, 13242, 18894, 23629, 33516, 34003, 36000, 36000, 36000, 36000, 1, 1, 5441, 7879, 10589, 12381, 14492, 15982, 18819, 23193, 36000, 36000, 1, 1
16:59:33, 1011.20, 21.49, 21.00, 26.141, 7784, 14329, 19055, 22944, 21460, 24005, 27566, 32606, 36000, 36000, 1, 1, 5893, 8799, 10870, 12274, 12560, 14058, 16248, 22935, 36000, 36000, 1, 1
16:59:34, 1011.30, 21.50, 20.99, 26.141, 2346, 3698, 5046, 6722, 8154, 8775, 11390, 11531, 36000, 21925, 1, 1, 6026, 8860, 10046, 11261, 10562, 13104, 17568, 26101, 36000, 36000, 1, 1
16:59:34, 1011.60, 21.52, 20.99, 26.164, 8057, 12929, 19600, 23306, 28704, 29716, 36000, 36000, 36000, 36000, 1, 1, 5298, 7796, 9092, 10209, 10581, 12573, 14787, 22048, 36000, 36000, 1, 1
16:59:35, 1011.40, 21.54, 21.00, 26.086, 5202, 8323, 11423, 14280, 10131, 11961, 14046, 15082, 36000, 18804, 1, 1, 3480, 5008, 6722, 7677, 9517, 10354, 12277, 15158, 36000, 36000, 1, 1
16:59:36, 1011.20, 21.55, 20.99, 26.086, 5766, 10406, 14543, 17931, 22542, 22864, 28593, 32509, 36000, 33611, 1, 1, 3960, 5782, 7895, 9297, 10845, 11962, 14332, 17432, 36000, 36000, 1, 1
16:59:36, 1011.80, 21.56, 20.99, 25.891, 2400, 3442, 4607, 6318, 5235, 5747, 7232, 7777, 28745, 13460, 0, 0, 1851, 2873, 4220, 5450, 6972, 7556, 8851, 10183, 31468, 14324, 0, 0
16:59:37, 1012.00, 21.58, 21.02, 25.891, 3595, 4758, 7443, 7844, 14562, 15625, 17633, 22119, 36000, 36000, 1, 1, 2032, 3305, 4405, 6078, 5536, 5853, 6428, 7244, 24459, 8976, 0, 0
16:59:38, 1012.10, 21.59, 21.00, 25.734, 2818, 3906, 5436, 6958, 10498, 11733, 14620, 15328, 36000, 19525, 1, 1, 1275, 2049, 3112, 4083, 4497, 4646, 5210, 5405, 18890, 6340, 0, 0
16:59:38, 1011.90, 21.59, 20.97, 25.555, 3112, 4942, 6968, 8413, 8653, 8647, 11126, 12035, 27834, 12608, 0, 0, 1165, 1879, 2811, 3679, 4286, 4505, 4807, 5218, 14454, 4838, 0, 0
16:59:39, 1012.00, 21.60, 21.02, 25.555, 2915, 4179, 6035, 6860, 6472, 6867, 8216, 9484, 20038, 9546, 0, 0, 993, 1637, 2435, 3231, 4219, 4432, 4745, 5159, 13468, 4395, 0, 0
16:59:40, 1012.20, 21.61, 21.00, 25.273, 2463, 3676, 5149, 6100, 6830, 7323, 8761, 10201, 18570, 7881, 0, 0, 286, 476, 953, 1535, 2365, 2315, 2035, 1682, 5381, 573, 0, 0
16:59:40, 1015.30, 21.60, 20.97, 22.641, 2321, 3526, 4907, 5841, 7164, 7642, 9254, 10665, 20834, 8941, 0, 0, 284, 500, 1016, 1642, 2514, 2441, 2136, 1729, 5643, 442, 0, 0
16:59:41, 1017.30, 21.59, 20.97, 22.641, 2594, 3981, 5545, 6618, 7190, 7594, 9354, 10581, 22460, 9631, 0, 0, 298, 530, 1072, 1731, 2645, 2565, 2268, 1839, 6281, 497, 0, 0
16:59:42, 1016.80, 21.57, 21.02, 16.437, 2897, 4592, 6353, 7827, 9114, 9547, 12181, 13155, 33597, 13775, 0, 1, 304, 540, 1093, 1755, 2663, 2565, 2279, 1851, 6638, 530, 0, 0
16:59:42, 1016.40, 21.55, 20.97, 14.055, 2626, 4041, 5542, 7097, 8701, 9493, 11595, 12708, 36000, 14563, 1, 1, 293, 515, 1043, 1672, 2596, 2494, 2207, 1797, 6632, 530, 0, 0
16:59:43, 1016.30, 21.51, 20.99, 14.055, 3504, 5434, 7580, 9154, 8432, 9509, 11052, 12661, 35918, 18281, 0, 1, 302, 528, 1064, 1704, 2536, 2443, 2155, 1763, 6536, 529, 0, 0
16:59:44, 1016.10, 21.47, 20.97, 13.023, 3295, 4794, 6775, 8139, 9100, 10071, 11552, 13760, 35235, 23070, 0, 1, 299, 524, 1051, 1682, 2438, 2347, 2074, 1697, 6309, 511, 0, 0
16:59:44, 1017.00, 21.44, 20.97, 12.523, 3034, 4386, 6276, 7459, 9530, 10421, 11830, 14200, 36000, 27904, 1, 1, 297, 523, 1050, 1682, 2498, 2401, 2128, 1736, 6410, 514, 0, 0
16:59:45, 1018.40, 21.40, 20.99, 12.523, 2342, 3419, 4933, 5766, 6611, 7270, 8197, 9756, 36000, 18141, 1, 1, 300, 529, 1057, 1698, 2524, 2422, 2149, 1752, 6404, 506, 0, 0
16:59:45, 1017.40, 21.35, 20.99, 12.289, 2683, 3779, 5571, 6450, 8452, 9167, 10381, 12471, 36000, 24823, 1, 1, 292, 516, 1036, 1664, 2414, 2308, 2047, 1667, 6077, 480, 0, 0
16:59:46, 1017.30, 21.31, 21.00, 12.211, 2731, 3942, 5805, 6671, 8256, 8797, 10007, 11994, 36000, 30073, 1, 1, 285, 503, 1012, 1628, 2430, 2323, 2059, 1680, 6107, 484, 0, 0
16:59:47, 1017.70, 21.27, 20.95, 12.211, 2926, 4341, 6326, 7323, 8467, 8925, 10357, 12210, 36000, 27998, 1, 1, 281, 496, 998, 1606, 2499, 2386, 2122, 1725, 6205, 488, 0, 0
16:59:47, 1017.10, 21.22, 20.97, 12.188, 2984, 4686, 6630, 7981, 8867, 9223, 10890, 12710, 36000, 26929, 1, 1, 283, 500, 1004, 1611, 2377, 2270, 2016, 1636, 5841, 462, 0, 0
16:59:48, 1018.30, 21.18, 20.97, 12.148, 2686, 4027, 5833, 6787, 8359, 8735, 10407, 12058, 36000, 27347, 1, 1, 278, 489, 979, 1565, 2442, 2335, 2076, 1685, 5912, 464, 0, 0
16:59:49, 1018.10, 21.14, 20.97, 12.148, 2462, 3709, 5380, 6299, 8101, 8303, 10156, 11532, 36000, 26695, 1, 1, 289, 511, 1027, 1642, 2457, 2351, 2088, 1692, 5853, 456, 0, 0
16:59:49, 1017.80, 21.10, 20.97, 12.117, 2430, 3688, 5335, 6285, 7570, 7695, 9636, 10690, 36000, 23288, 1, 1, 277, 489, 984, 1579, 2452, 2348, 2084, 1686, 5776, 448, 0, 0
16:59:50, 1018.40, 21.06, 20.95, 12.117, 2342, 3662, 5176, 6251, 7503, 7503, 9428, 10452, 36000, 25523, 1, 1, 281, 499, 1007, 1618, 2383, 2284, 2028, 1641, 5604, 435, 0, 0
16:59:51, 1018.70, 21.01, 20.97, 12.109, 2293, 3517, 5090, 6045, 7347, 7447, 9332, 10279, 36000, 24648, 1, 1, 281, 498, 1006, 1615, 2350, 2252, 1997, 1619, 5526, 431, 0, 0
16:59:51, 1020.00, 20.97, 20.97, 12.086, 2374, 3748, 5381, 6486, 6856, 6837, 8837, 9578, 36000, 21234, 1, 1, 279, 495, 1002, 1611, 2390, 2290, 2026, 1638, 5592, 430, 0, 0
16:59:52, 1019.50, 20.93, 20.95, 12.086, 2294, 3651, 5282, 6379, 6928, 6887, 8988, 9598, 36000, 17152, 1, 1, 281, 498, 1010, 1626, 2350, 2250, 1988, 1602, 5448, 419, 0, 0
16:59:53, 1020.00, 20.89, 20.97, 12.070, 2801, 4401, 6305, 7521, 7701, 7734, 9874, 10839, 36000, 20851, 1, 1, 270, 478, 969, 1564, 2427, 2325, 2061, 1664, 5585, 430, 0, 0
16:59:53, 1019.10, 20.86, 20.94, 12.063, 2601, 4074, 5872, 7055, 8647, 8927, 10938, 12450, 36000, 23093, 1, 1, 262, 465, 938, 1512, 2379, 2280, 2019, 1635, 5460, 426, 0, 0
16:59:54, 1019.50, 20.82, 20.95, 12.063, 2409, 3872, 5522, 6793, 7905, 7943, 10201, 11010, 36000, 21047, 1, 1, 277, 493, 998, 1608, 2413, 2317, 2042, 1666, 5581, 435, 0, 0
16:59:55, 1019.40, 20.78, 20.94, 12.055, 2116, 3417, 4864, 6080, 6969, 7045, 9255, 9749, 36000, 17913, 1, 1, 285, 507, 1024, 1646, 2472, 2372, 2096, 1704, 5676, 441, 0, 0
16:59:55, 1019.70, 20.74, 20.95, 12.055, 2291, 3716, 5220, 6574, 7209, 7281, 9485, 10099, 36000, 18274, 1, 1, 300, 534, 1082, 1737, 2455, 2353, 2081, 1685, 5595, 432, 0, 0
16:59:56, 1019.10, 20.70, 20.99, 12.055, 2277, 3668, 5224, 6449, 6959, 7049, 9247, 9736, 36000, 17751, 1, 1, 290, 516, 1049, 1690, 2417, 2319, 2045, 1663, 5562, 435, 0, 0
16:59:57, 1018.80, 20.67, 20.99, 12.047, 2397, 3843, 5525, 6695, 6576, 6642, 8640, 9219, 36000, 17791, 1, 1, 289, 514, 1043, 1681, 2456, 2360, 2074, 1691, 5690, 446, 0, 0
16:59:57, 1019.30, 20.63, 20.99, 12.055, 2651, 4204, 6059, 7252, 7754, 7764, 10064, 10794, 36000, 18784, 1, 1, 282, 501, 1022, 1652, 2511, 2407, 2126, 1716, 5754, 442, 0, 0
16:59:58, 1019.70, 20.60, 20.97, 12.055, 2821, 4473, 6348, 7712, 9084, 9338, 11698, 13048, 36000, 24147, 1, 1, 287, 509, 1042, 1687, 2694, 2581, 2289, 1856, 6188, 475, 0, 0
16:59:59, 1018.70, 20.56, 20.94, 12.039, 2631, 4236, 6067, 7392, 8384, 8476, 10767, 11797, 36000, 22179, 1, 1, 299, 531, 1078, 1738, 2748, 2631, 2324, 1890, 6383, 492, 0, 0
16:59:59, 1016.70, 20.53, 20.99, 12.039, 2653, 4258, 6090, 7437, 7972, 8056, 10258, 11323, 36000, 19557, 1, 1, 299, 531, 1079, 1739, 2637, 2525, 2231, 1806, 6147, 477, 0, 0
17:00:00, 1017.90, 20.49, 20.97, 12.039, 2353, 3680, 5192, 6290, 8055, 8329, 10345, 11657, 36000, 23739, 1, 1, 294, 521, 1055, 1697, 2608, 2494, 2210, 1788, 6099, 473, 0, 0
17:00:01, 1016.70, 20.46, 20.95, 12.039, 2380, 3681, 5292, 6292, 8809, 8946, 11199, 12396, 36000, 27173, 1, 1, 287, 507, 1031, 1665, 2728, 2609, 2312, 1870, 6392, 495, 0, 0
17:00:01, 1018.00, 20.42, 20.97, 12.039, 1867, 3051, 4292, 5267, 6814, 6936, 8686, 9709, 36000, 20413, 1, 1, 314, 557, 1132, 1822, 2736, 2623, 2322, 1885, 6507, 504, 0, 0
17:00:02, 1018.30, 20.39, 20.99, 12.039, 2373, 3662, 5286, 6258, 8187, 8323, 10307, 11726, 36000, 25895, 1, 1, 322, 572, 1162, 1868, 2750, 2634, 2332, 1895, 6668, 518, 0, 0
17:00:03, 1018.70, 20.36, 20.97, 12.039, 2622, 3963, 5788, 6701, 8163, 8322, 10220, 11705, 36000, 24944, 1, 1, 346, 612, 1243, 2002, 3039, 2909, 2582, 2103, 7458, 578, 0, 0
17:00:03, 1019.70, 20.33, 21.00, 12.039, 2971, 4604, 6599, 7823, 8969, 9196, 11128, 12964, 36000, 23478, 1, 1, 390, 693, 1418, 2299, 3413, 3270, 2909, 2362, 8416, 645, 0, 0
17:00:04, 1019.20, 20.29, 20.95, 12.039, 3110, 4868, 6922, 8276, 9400, 9993, 11554, 13943, 36000, 22211, 1, 1, 395, 698, 1432, 2327, 3508, 3368, 2999, 2434, 8744, 672, 0, 0
17:00:05, 1018.70, 20.26, 20.94, 12.047, 2980, 4363, 6420, 7497, 9831, 10469, 12052, 14473, 36000, 23459, 1, 1, 370, 652, 1337, 2169, 3499, 3361, 2987, 2435, 8806, 681, 0, 0
17:00:05, 1017.30, 20.23, 20.97, 12.047, 2984, 4338, 6391, 7462, 8972, 9695, 10924, 13203, 36000, 23804, 1, 1, 384, 677, 1376, 2217, 3267, 3132, 2780, 2265, 8307, 649, 0, 0
17:00:06, 1018.00, 20.20, 20.95, 12.039, 2932, 4089, 6023, 6967, 8744, 9522, 10801, 12847, 36000, 25326, 1, 1, 349, 617, 1246, 2003, 2890, 2764, 2451, 1995, 7336, 576, 0, 0
17:00:07, 1018.70, 20.17, 20.99, 12.047, 2797, 3916, 5800, 6699, 7511, 8156, 9218, 11017, 36000, 21635, 1, 1, 322, 569, 1149, 1849, 2655, 2538, 2246, 1823, 6712, 525, 0, 0
17:00:07, 1018.50, 20.14, 20.99, 12.047, 2990, 4289, 6332, 7346, 6540, 7071, 7964, 9591, 36000, 19857, 1, 1, 326, 578, 1169, 1880, 2736, 2621, 2322, 1884, 6953, 543, 0, 0
17:00:08, 1019.10, 20.11, 20.97, 12.039, 3229, 4685, 6819, 8046, 9272, 9968, 11310, 13698, 36000, 24739, 1, 1, 352, 624, 1260, 2022, 3022, 2906, 2577, 2101, 7717, 603, 0, 0
17:00:09, 1018.30, 20.08, 20.95, 12.047, 3239, 4640, 6840, 8034, 8794, 9806, 10825, 13085, 36000, 24232, 1, 1, 343, 604, 1225, 1971, 3024, 2908, 2575, 2103, 7785, 612, 0, 0
17:00:09, 1018.30, 20.05, 20.95, 12.047, 3206, 4593, 6785, 7968, 8451, 9428, 10471, 12693, 36000, 19663, 1, 1, 348, 612, 1249, 2016, 3133, 3016, 2666, 2179, 8062, 631, 0, 0
17:00:10, 1019.00, 20.02, 20.97, 12.031, 3263, 4958, 7079, 8523, 7590, 8425, 9332, 11403, 36000, 18921, 1, 1, 364, 641, 1304, 2095, 3044, 2933, 2593, 2118, 7839, 616, 0, 0
17:00:11, 1017.80, 19.99, 21.00, 12.031, 3180, 5130, 7196, 8668, 10229, 11206, 12694, 15273, 36000, 20914, 1, 1, 334, 587, 1192, 1917, 2972, 2865, 2526, 2068, 7625, 606, 0, 0
17:00:11, 1018.10, 19.96, 20.99, 12.031, 3316, 4862, 6975, 8385, 9501, 10657, 12097, 14353, 36000, 20372, 1, 1, 325, 571, 1154, 1855, 2911, 2802, 2470, 2017, 7487, 594, 0, 0
17:00:12, 1017.80, 19.93, 20.97, 12.031, 2953, 4530, 6453, 7743, 8790, 10071, 11245, 13422, 36000, 17858, 1, 1, 315, 553, 1127, 1820, 2811, 2707, 2384, 1944, 7244, 573, 0, 0
17:00:13, 1017.00, 19.90, 21.00, 12.031, 3267, 4832, 6831, 8377, 10341, 11043, 12895, 15572, 36000, 22506, 1, 1, 310, 542, 1105, 1789, 2868, 2765, 2430, 1985, 7409, 592, 0, 0
17:00:13, 1016.20, 19.87, 21.02, 12.031, 3072, 4850, 6721, 8201, 9203, 9961, 11664, 13946, 36000, 19753, 1, 1, 318, 556, 1129, 1824, 2772, 2672, 2347, 1915, 7167, 575, 0, 0
17:00:14, 1017.10, 19.85, 21.00, 12.023, 2706, 4021, 5667, 6846, 10199, 11247, 13003, 15542, 36000, 21845, 1, 1, 293, 511, 1037, 1681, 2716, 2622, 2304, 1878, 7013, 566, 0, 0
17:00:15, 1017.40, 19.82, 20.99, 12.023, 2920, 4423, 6197, 7581, 9378, 10617, 12171, 14301, 36000, 20367, 1, 1, 326, 570, 1155, 1853, 2902, 2793, 2472, 2024, 7520, 605, 0, 0
17:00:15, 1017.50, 19.79, 20.99, 12.023, 3148, 4653, 6492, 8108, 8355, 9540, 10939, 12530, 36000, 17245, 1, 1, 335, 587, 1190, 1906, 2848, 2740, 2425, 1980, 7368, 589, 0, 0
17:00:16, 1019.20, 19.76, 20.97, 12.008, 3090, 4940, 6864, 8446, 10696, 11548, 13419, 16353, 36000, 16035, 1, 1, 333, 587, 1195, 1918, 2934, 2825, 2507, 2046, 7521, 595, 0, 0
17:00:17, 1017.40, 19.74, 21.00, 12.008, 3440, 5346, 7501, 9164, 9409, 10458, 12440, 13953, 36000, 14781, 1, 1, 330, 580, 1170, 1873, 2832, 2726, 2428, 1985, 7261, 581, 0, 0
17:00:17, 1016.20, 19.71, 21.02, 12.016, 3177, 4808, 6607, 8417, 8850, 9894, 11929, 12993, 36000, 16570, 1, 1, 331, 585, 1177, 1882, 2830, 2726, 2428, 1987, 7230, 585, 0, 0
17:00:18, 1016.50, 19.69, 21.00, 12.008, 3002, 4661, 6401, 8150, 8292, 9072, 10974, 12295, 32809, 12826, 0, 1, 331, 586, 1177, 1885, 2772, 2669, 2370, 1930, 7015, 563, 0, 0
17:00:19, 1016.60, 19.66, 21.02, 12.008, 3246, 5038, 6959, 8582, 8739, 9561, 11708, 12853, 36000, 16185, 1, 1, 311, 550, 1107, 1774, 2546, 2453, 2178, 1773, 6425, 518, 0, 0
17:00:19, 1016.50, 19.63, 21.00, 12.008, 3202, 4974, 6934, 8420, 9554, 10440, 12614, 14344, 36000, 17021, 1, 1, 310, 546, 1102, 1763, 2622, 2525, 2236, 1823, 6631, 535, 0, 0
17:00:20, 1017.60, 19.61, 20.99, 12.016, 3055, 4757, 6585, 8181, 7922, 8664, 10463, 11708, 35302, 13278, 0, 1, 310, 547, 1105, 1765, 2630, 2529, 2242, 1824, 6681, 533, 0, 0
17:00:20, 1018.70, 19.58, 21.02, 12.016, 3085, 4995, 7002, 8297, 9661, 10538, 12644, 14496, 36000, 14048, 1, 1, 309, 544, 1100, 1761, 2703, 2599, 2308, 1885, 6905, 553, 0, 0
17:00:21, 1021.40, 19.56, 21.02, 12.008, 3218, 5147, 7201, 8967, 8990, 9626, 11553, 13414, 35999, 11428, 0, 1, 316, 558, 1131, 1813, 2838, 2730, 2430, 1984, 7265, 574, 0, 0
17:00:22, 1020.80, 19.53, 21.00, 12.008, 2861, 4533, 6398, 7947, 9281, 10317, 12167, 13835, 36000, 11633, 1, 1, 317, 557, 1133, 1820, 2784, 2680, 2382, 1946, 7132, 561, 0, 0
17:00:22, 1020.90, 19.51, 21.00, 12.008, 2920, 4445, 6231, 7894, 7630, 8591, 9840, 11433, 36000, 12624, 1, 1, 333, 586, 1185, 1896, 2816, 2713, 2410, 1971, 7234, 567, 0, 0
17:00:23, 1019.20, 19.49, 21.02, 12.008, 3091, 4733, 6688, 8337, 8130, 9238, 10404, 12229, 36000, 14510, 1, 1, 333, 587, 1186, 1897, 2787, 2688, 2382, 1952, 7174, 569, 0, 0
17:00:24, 1019.20, 19.46, 21.00, 12.016, 3253, 4972, 6977, 8617, 8777, 9860, 11191, 13183, 36000, 18623, 1, 1, 333, 586, 1179, 1882, 2787, 2686, 2376, 1946, 7178, 570, 0, 0
17:00:24, 1018.50, 19.44, 21.00, 12.016, 3158, 4741, 6737, 8261, 8272, 9141, 10281, 12301, 36000, 17003, 1, 1, 327, 577, 1167, 1872, 2725, 2628, 2321, 1900, 6996, 553, 0, 0
17:00:25, 1018.50, 19.42, 21.04, 12.023, 3157, 4535, 6594, 7804, 8047, 8874, 9893, 12034, 36000, 22252, 1, 1, 341, 604, 1212, 1938, 2770, 2668, 2363, 1935, 7110, 561, 0, 0
17:00:26, 1017.40, 19.39, 21.02, 12.016, 3212, 4882, 7027, 8337, 8728, 9665, 10728, 12965, 36000, 23998, 1, 1, 329, 580, 1169, 1876, 2801, 2696, 2387, 1956, 7178, 572, 0, 0
17:00:26, 1016.60, 19.37, 21.04, 12.016, 3078, 4463, 6520, 7580, 8366, 9289, 10264, 12529, 36000, 26335, 1, 1, 332, 588, 1180, 1892, 2715, 2607, 2312, 1888, 6978, 555, 0, 0
17:00:27, 1016.80, 19.35, 21.00, 12.023, 2911, 4104, 5960, 7007, 8979, 9751, 11065, 13381, 36000, 27881, 1, 1, 330, 582, 1178, 1899, 2878, 2764, 2448, 2000, 7397, 587, 0, 0
17:00:28, 1016.50, 19.33, 20.99, 12.023, 3141, 4590, 6646, 7846, 8787, 9527, 10759, 13070, 36000, 26344, 1, 1, 354, 623, 1261, 2030, 3140, 3021, 2681, 2194, 8111, 641, 0, 0
17:00:28, 1016.50, 19.31, 20.99, 12.031, 3142, 4570, 6614, 7762, 9325, 10119, 11537, 13956, 36000, 29044, 1, 1, 378, 664, 1349, 2175, 3297, 3176, 2819, 2306, 8523, 674, 0, 0
17:00:29, 1018.00, 19.29, 21.00, 12.023, 2944, 4262, 6200, 7259, 7920, 8917, 9849, 11967, 36000, 22037, 1, 1, 388, 683, 1388, 2238, 3315, 3197, 2835, 2315, 8548, 671, 0, 0
17:00:30, 1017.70, 19.27, 21.02, 12.023, 3096, 4733, 6758, 8048, 9785, 10430, 12055, 14461, 36000, 24408, 1, 1, 365, 641, 1302, 2102, 3328, 3212, 2846, 2330, 8604, 682, 0, 0
17:00:30, 1017.50, 19.25, 21.02, 12.031, 2966, 4238, 6188, 7306, 8568, 9634, 10677, 12794, 36000, 20669, 1, 1, 368, 647, 1317, 2125, 3314, 3200, 2833, 2314, 8604, 677, 0, 0
17:00:31, 1018.20, 19.23, 21.02, 12.047, 2459, 3439, 4953, 5876, 6961, 7665, 8694, 10443, 36000, 17825, 1, 1, 379, 663, 1349, 2168, 3131, 3020, 2673, 2176, 8148, 642, 0, 0
17:00:32, 1020.40, 19.21, 21.00, 12.047, 2530, 3527, 5060, 6040, 6808, 7630, 8606, 10300, 34513, 16414, 0, 1, 398, 699, 1421, 2281, 3191, 3079, 2722, 2222, 8290, 650, 0, 0
17:00:32, 1018.30, 19.19, 21.02, 12.031, 2667, 4021, 5842, 7006, 8936, 9776, 11284, 13445, 36000, 15898, 1, 1, 344, 604, 1241, 2023, 2970, 2863, 2521, 2049, 7726, 611, 0, 0
17:00:33, 1019.70, 19.17, 21.02, 12.023, 2855, 4199, 6058, 7282, 7067, 8010, 8991, 10810, 36000, 14311, 1, 1, 374, 655, 1346, 2171, 3083, 2977, 2626, 2140, 8029, 629, 0, 0
17:00:34, 1020.20, 19.15, 21.04, 12.023, 2974, 4737, 6705, 7999, 7706, 8610, 9817, 11612, 36000, 15841, 1, 1, 393, 690, 1405, 2247, 3267, 3156, 2791, 2288, 8482, 668, 0, 0
17:00:34, 1021.00, 19.13, 21.00, 12.016, 2963, 4559, 6398, 7967, 8411, 9382, 10635, 12578, 36000, 15395, 1, 1, 379, 668, 1357, 2165, 3293, 3174, 2811, 2307, 8510, 671, 0, 0
17:00:35, 1020.60, 19.11, 21.04, 12.023, 2761, 4089, 5848, 7269, 7806, 8759, 9894, 11626, 36000, 12709, 1, 1, 363, 639, 1296, 2069, 3124, 3014, 2664, 2190, 8034, 636, 0, 0
17:00:36, 1021.30, 19.09, 21.02, 12.023, 2739, 3938, 5668, 6891, 7661, 8648, 9864, 11418, 36000, 14594, 1, 1, 398, 699, 1422, 2275, 3495, 3366, 2988, 2461, 9124, 714, 0, 0
17:00:36, 1018.80, 19.07, 21.04, 12.016, 2727, 3982, 5762, 7022, 7524, 8486, 9735, 11294, 36000, 13899, 1, 1, 432, 753, 1546, 2485, 3807, 3668, 3250, 2678, 9920, 787, 0, 0
17:00:37, 1020.30, 19.05, 21.02, 12.023, 2949, 4545, 6528, 7790, 8065, 8928, 10100, 12215, 36000, 15128, 1, 1, 384, 673, 1377, 2222, 3262, 3147, 2783, 2284, 8480, 667, 0, 0
17:00:38, 1020.00, 19.03, 21.02, 12.023, 3268, 5010, 7130, 8662, 9299, 10318, 11901, 13961, 36000, 18874, 1, 1, 357, 627, 1272, 2044, 3091, 2981, 2627, 2160, 7960, 634, 0, 0
17:00:38, 1018.70, 19.01, 21.02, 12.016, 2992, 4453, 6426, 7845, 8984, 9936, 11447, 13492, 36000, 14596, 1, 1, 336, 593, 1204, 1937, 2990, 2886, 2547, 2084, 7685, 606, 0, 0
17:00:39, 1019.90, 19.00, 21.07, 12.016, 3142, 5076, 7178, 8597, 7849, 8702, 9748, 11823, 36000, 17149, 1, 1, 351, 619, 1249, 2002, 2917, 2816, 2487, 2037, 7489, 590, 0, 0
17:00:40, 1019.60, 18.98, 21.04, 12.016, 2930, 4668, 6654, 7987, 9646, 10322, 11783, 14247, 36000, 21520, 1, 1, 341, 602, 1217, 1953, 2963, 2858, 2521, 2070, 7596, 607, 0, 0
17:00:40, 1018.70, 18.96, 21.07, 12.016, 3136, 4720, 6973, 8265, 9346, 10043, 11537, 13858, 36000, 18413, 1, 1, 319, 563, 1135, 1826, 2821, 2719, 2403, 1968, 7240, 576, 0, 0
17:00:41, 1020.20, 18.94, 21.04, 12.016, 2683, 3805, 5600, 6563, 8226, 8870, 10047, 12190, 36000, 18192, 1, 1, 332, 587, 1186, 1900, 2795, 2691, 2385, 1947, 7144, 557, 0, 0
17:00:42, 1019.10, 18.92, 21.04, 12.016, 2718, 3910, 5701, 6720, 8446, 9324, 10402, 12563, 36000, 21441, 1, 1, 326, 577, 1161, 1861, 2694, 2594, 2293, 1875, 6887, 542, 0, 0
17:00:42, 1019.20, 18.91, 21.02, 12.016, 2568, 3638, 5321, 6294, 7638, 8419, 9425, 11330, 36000, 18149, 1, 1, 324, 570, 1148, 1844, 2629, 2532, 2234, 1815, 6692, 523, 0, 0
17:00:43, 1019.00, 18.89, 21.04, 12.016, 2854, 4092, 5984, 7102, 7009, 7810, 8700, 10458, 36000, 16421, 1, 1, 329, 583, 1173, 1884, 2673, 2574, 2277, 1853, 6814, 535, 0, 0
17:00:44, 1020.00, 18.87, 21.04, 12.016, 2745, 4202, 5946, 7156, 7341, 8225, 9114, 11011, 36000, 19332, 1, 1, 332, 588, 1187, 1905, 2812, 2708, 2398, 1959, 7168, 562, 0, 0
17:00:44, 1018.80, 18.85, 21.06, 12.016, 2977, 4520, 6595, 7810, 8322, 9210, 10240, 12369, 36000, 19292, 1, 1, 329, 581, 1174, 1889, 2711, 2605, 2304, 1881, 6918, 543, 0, 0
17:00:45, 1018.50, 18.84, 21.04, 12.016, 2806, 4027, 5915, 6991, 8429, 9297, 10425, 12600, 36000, 20038, 1, 1, 320, 564, 1137, 1829, 2758, 2653, 2348, 1919, 7051, 557, 0, 0
17:00:46, 1019.60, 18.82, 21.06, 12.016, 3162, 4702, 6859, 8085, 8278, 9161, 10193, 12283, 36000, 20542, 1, 1, 347, 614, 1235, 1984, 2932, 2823, 2499, 2048, 7480, 587, 0, 0
17:00:46, 1017.60, 18.81, 21.04, 12.023, 3213, 4530, 6695, 7855, 8465, 9417, 10426, 12596, 36000, 21044, 1, 1, 342, 604, 1210, 1938, 2867, 2760, 2445, 2007, 7335, 587, 0, 0
17:00:47, 1020.20, 18.79, 21.04, 12.023, 3033, 4694, 6686, 8049, 7303, 8112, 8961, 10953, 36000, 19149, 1, 1, 350, 621, 1244, 1985, 2867, 2759, 2447, 2006, 7326, 576, 0, 0
17:00:48, 1017.50, 18.77, 21.06, 12.023, 2896, 4101, 6012, 7127, 8032, 8976, 9961, 11973, 36000, 22151, 1, 1, 342, 606, 1215, 1940, 2783, 2676, 2373, 1939, 7170, 565, 0, 0
17:00:48, 1019.80, 18.76, 21.07, 12.023, 2713, 3866, 5657, 6668, 7286, 7921, 8927, 10746, 36000, 17175, 1, 1, 352, 623, 1254, 1998, 2788, 2680, 2381, 1946, 7183, 563, 0, 0
17:00:49, 1018.60, 18.74, 21.06, 12.023, 3076, 4274, 6253, 7416, 8620, 9606, 10724, 12868, 36000, 24565, 1, 1, 353, 625, 1252, 1992, 2895, 2788, 2473, 2030, 7493, 595, 0, 0
17:00:50, 1018.70, 18.73, 21.06, 12.023, 2987, 4247, 6169, 7363, 9669, 10671, 12161, 14555, 36000, 19778, 1, 1, 344, 606, 1218, 1945, 2801, 2691, 2385, 1953, 7212, 567, 0, 0
17:00:50, 1018.40, 18.71, 21.07, 12.023, 2794, 3932, 5729, 6827, 7476, 8278, 9378, 11096, 36000, 17689, 1, 1, 331, 586, 1178, 1888, 2734, 2626, 2327, 1902, 7017, 551, 0, 0
17:00:51, 1018.90, 18.70, 21.06, 12.023, 3188, 4722, 6916, 8177, 8817, 9869, 10949, 13162, 36000, 22571, 1, 1, 357, 629, 1272, 2041, 3136, 3022, 2677, 2219, 8030, 649, 0, 0
17:00:52, 1017.00, 18.68, 21.02, 12.016, 2943, 4296, 6377, 7415, 9570, 10515, 11779, 14189, 36000, 21239, 1, 1, 365, 643, 1295, 2074, 3127, 3012, 2668, 2195, 8052, 645, 0, 0
17:00:52, 1017.60, 18.66, 21.04, 12.016, 2739, 4099, 5915, 6983, 8508, 9478, 10502, 12711, 36000, 25064, 1, 1, 366, 645, 1299, 2081, 3007, 2896, 2566, 2108, 7739, 619, 0, 0
17:00:53, 1016.80, 18.65, 21.09, 12.016, 2601, 3675, 5393, 6361, 8252, 9170, 10267, 12299, 36000, 21916, 1, 1, 339, 599, 1208, 1941, 2807, 2700, 2387, 1958, 7211, 575, 0, 0
17:00:54, 1018.40, 18.63, 21.09, 12.016, 2935, 4183, 6099, 7148, 9267, 10048, 11579, 13888, 36000, 22114, 1, 1, 330, 583, 1171, 1878, 2821, 2716, 2405, 1969, 7228, 573, 0, 0
17:00:54, 1021.90, 18.62, 21.06, 12.016, 2924, 4313, 6349, 7383, 8448, 9595, 10402, 12645, 36000, 19534, 1, 1, 337, 596, 1202, 1928, 2820, 2715, 2409, 1969, 7172, 559, 0, 0
17:00:55, 1023.00, 18.60, 21.07, 12.023, 2742, 3954, 5864, 6941, 7251, 8020, 8978, 10695, 36000, 14001, 1, 1, 339, 602, 1214, 1954, 2913, 2810, 2497, 2046, 7378, 574, 0, 0
17:00:56, 1021.60, 18.59, 21.07, 12.023, 2555, 3620, 5400, 6337, 6904, 7461, 8458, 10075, 36000, 13708, 1, 1, 347, 615, 1237, 1983, 2857, 2748, 2440, 1998, 7256, 565, 0, 0
17:00:56, 1023.00, 18.58, 21.06, 12.023, 2476, 3588, 5227, 6205, 6112, 6677, 7507, 9092, 36000, 14725, 1, 1, 352, 623, 1251, 2011, 2941, 2834, 2514, 2056, 7481, 583, 0, 0
17:00:57, 1025.30, 18.56, 21.06, 12.031, 2459, 3993, 5745, 7066, 6909, 7619, 8495, 10204, 36000, 11571, 1, 1, 317, 558, 1142, 1860, 2746, 2650, 2345, 1904, 6958, 537, 0, 0
17:00:57, 1019.10, 18.55, 21.02, 12.031, 2642, 4369, 6228, 7548, 8498, 9461, 10601, 12680, 36000, 14967, 1, 1, 299, 525, 1074, 1750, 2650, 2554, 2262, 1837, 6808, 536, 0, 0
17:00:58, 1015.30, 18.53, 21.07, 12.031, 3205, 4998, 7094, 8437, 9207, 10020, 11386, 13828, 36000, 27545, 1, 1, 332, 584, 1184, 1904, 2835, 2730, 2424, 1985, 7364, 592, 0, 0
17:00:59, 1015.70, 18.52, 21.11, 12.016, 3120, 4456, 6451, 7590, 9426, 10387, 11714, 14128, 36000, 28702, 1, 1, 359, 634, 1276, 2043, 3124, 3017, 2678, 2210, 8102, 655, 0, 0
17:00:59, 1015.10, 18.50, 21.09, 12.031, 3261, 4643, 6670, 7895, 7606, 8619, 9653, 11458, 36000, 23198, 1, 1, 368, 650, 1307, 2087, 3156, 3043, 2694, 2225, 8188, 668, 0, 0
17:01:00, 1015.40, 18.49, 21.09, 12.031, 3306, 4899, 7020, 8252, 8094, 9104, 10229, 12239, 36000, 25824, 1, 1, 364, 641, 1287, 2064, 2951, 2842, 2516, 2066, 7666, 618, 0, 0
17:01:01, 1014.80, 18.48, 21.09, 12.039, 3215, 4921, 6916, 8224, 9337, 10021, 11666, 14030, 36000, 30472, 1, 1, 326, 574, 1154, 1859, 2848, 2736, 2432, 1994, 7370, 596, 0, 0
17:01:01, 1016.00, 18.46, 21.06, 12.047, 3189, 4869, 6900, 8243, 8860, 9691, 10917, 13217, 36000, 27580, 1, 1, 316, 557, 1125, 1814, 2856, 2742, 2440, 1996, 7319, 581, 0, 0
17:01:02, 1018.10, 18.45, 21.07, 12.047, 3193, 4673, 6798, 7918, 9058, 9876, 11075, 13339, 36000, 30126, 1, 1, 359, 638, 1276, 2038, 3154, 3034, 2705, 2234, 8040, 646, 0, 0
17:01:03, 1018.50, 18.43, 21.04, 12.039, 2859, 4096, 6067, 7005, 7816, 8430, 9539, 11394, 36000, 20232, 1, 1, 351, 625, 1258, 2014, 3062, 2944, 2624, 2153, 7719, 603, 0, 0
17:01:03, 1016.60, 18.42, 21.11, 12.031, 2662, 3744, 5513, 6372, 8027, 8710, 9805, 11741, 36000, 24718, 1, 1, 349, 621, 1248, 1997, 3016, 2892, 2577, 2112, 7645, 605, 0, 0
17:01:04, 1016.40, 18.41, 21.09, 12.031, 3058, 4471, 6473, 7557, 8614, 9233, 10530, 12643, 36000, 29781, 1, 1, 340, 603, 1209, 1938, 2922, 2799, 2493, 2039, 7438, 593, 0, 0
17:01:05, 1017.20, 18.40, 21.07, 12.039, 2877, 4214, 6099, 7148, 8387, 9183, 10318, 12445, 36000, 26500, 1, 1, 323, 568, 1147, 1851, 2779, 2663, 2365, 1926, 7086, 560, 0, 0
17:01:05, 1015.10, 18.39, 21.07, 12.039, 2997, 4527, 6489, 7690, 9238, 9942, 11385, 13702, 36000, 27466, 1, 1, 324, 571, 1157, 1867, 2861, 2741, 2434, 1992, 7333, 584, 0, 0
17:01:06, 1015.00, 18.37, 21.09, 12.031, 3211, 4901, 6954, 8251, 9370, 10109, 11542, 13833, 36000, 30736, 1, 1, 346, 609, 1226, 1964, 3028, 2909, 2591, 2131, 7783, 623, 0, 0
17:01:07, 1015.00, 18.36, 21.09, 12.039, 3225, 4665, 6770, 7879, 9083, 9957, 11177, 13427, 36000, 29997, 1, 1, 356, 628, 1260, 2013, 3007, 2894, 2574, 2112, 7760, 623, 0, 0
17:01:07, 1014.60, 18.35, 21.09, 12.039, 3138, 4411, 6404, 7497, 8960, 9880, 11085, 13291, 36000, 29586, 1, 1, 344, 607, 1222, 1952, 2878, 2770, 2457, 2011, 7459, 604, 0, 0
17:01:08, 1014.80, 18.34, 21.09, 12.039, 3155, 4428, 6422, 7581, 9170, 10112, 11459, 13692, 36000, 27707, 1, 1, 323, 566, 1145, 1841, 2820, 2716, 2404, 1976, 7312, 594, 0, 0
17:01:09, 1015.20, 18.32, 21.11, 12.055, 3412, 4962, 7139, 8505, 9242, 10394, 11591, 13899, 36000, 25702, 1, 1, 345, 607, 1224, 1951, 2834, 2728, 2414, 1986, 7335, 593, 0, 0
17:01:09, 1017.10, 18.31, 21.11, 12.055, 3274, 4605, 6596, 7933, 9266, 10627, 11806, 13985, 36000, 24610, 1, 1, 332, 582, 1171, 1865, 2875, 2771, 2455, 2018, 7404, 594, 0, 0
17:01:10, 1017.50, 18.30, 21.09, 12.047, 2365, 3479, 4999, 5944, 8164, 9202, 10489, 12165, 36000, 17699, 1, 1, 326, 573, 1159, 1844, 2771, 2669, 2363, 1940, 7126, 572, 0, 0
17:01:11, 1016.30, 18.29, 21.07, 12.055, 2963, 4257, 6106, 7431, 8481, 9539, 10940, 12586, 36000, 17917, 1, 1, 326, 575, 1159, 1844, 2840, 2732, 2425, 1987, 7341, 588, 0, 0
17:01:11, 1015.50, 18.28, 21.13, 12.055, 3266, 4836, 6770, 8363, 7934, 8792, 10160, 11875, 35975, 18490, 0, 1, 332, 584, 1179, 1881, 2805, 2694, 2391, 1962, 7240, 581, 0, 0
17:01:12, 1016.70, 18.27, 21.11, 12.039, 3336, 5037, 7031, 8664, 9884, 10960, 12801, 14969, 36000, 20730, 1, 1, 332, 584, 1183, 1892, 2963, 2851, 2535, 2071, 7630, 610, 0, 0
17:01:13, 1015.10, 18.26, 21.11, 12.047, 2890, 4730, 6565, 8062, 8061, 8899, 10317, 12200, 36000, 14581, 1, 1, 329, 577, 1174, 1887, 2824, 2722, 2415, 1974, 7282, 585, 0, 0
17:01:13, 1016.40, 18.25, 21.13, 12.047, 2692, 4123, 5703, 7140, 9207, 10128, 12005, 13751, 36000, 16732, 1, 1, 312, 548, 1110, 1780, 2713, 2614, 2320, 1899, 6960, 561, 0, 0
17:01:14, 1016.70, 18.23, 21.14, 12.039, 2596, 3905, 5436, 6779, 7517, 8425, 9722, 11200, 35213, 14893, 0, 1, 321, 567, 1146, 1828, 2663, 2563, 2273, 1860, 6806, 546, 0, 0
17:01:15, 1017.60, 18.22, 21.13, 12.039, 2951, 4341, 6079, 7531, 9454, 10756, 12315, 14224, 36000, 21173, 1, 1, 323, 570, 1148, 1825, 2827, 2719, 2417, 1979, 7270, 582, 0, 0
17:01:15, 1017.70, 18.21, 21.07, 12.039, 2822, 4069, 5756, 7121, 7355, 8152, 9341, 10886, 36000, 15530, 1, 1, 323, 571, 1151, 1832, 2658, 2567, 2267, 1858, 6786, 540, 0, 0
17:01:16, 1017.90, 18.20, 21.13, 12.031, 2906, 4359, 6122, 7473, 8614, 9812, 10857, 12915, 36000, 21458, 1, 1, 315, 557, 1122, 1793, 2640, 2549, 2255, 1852, 6759, 540, 0, 0
17:01:17, 1018.50, 18.19, 21.13, 12.039, 3108, 4379, 6325, 7585, 7888, 8949, 9938, 11866, 36000, 18516, 1, 1, 314, 554, 1115, 1786, 2621, 2528, 2241, 1835, 6722, 530, 0, 0
17:01:17, 1017.20, 18.18, 21.11, 12.039, 2620, 3758, 5505, 6497, 7663, 8540, 9557, 11439, 36000, 18003, 1, 1, 308, 544, 1096, 1759, 2624, 2528, 2243, 1835, 6735, 533, 0, 0
17:01:18, 1017.70, 18.16, 21.13, 12.039, 3119, 4571, 6651, 7767, 7923, 8615, 9774, 11760, 36000, 23280, 1, 1, 303, 534, 1075, 1728, 2594, 2499, 2218, 1814, 6677, 529, 0, 0
17:01:19, 1018.00, 18.15, 21.13, 12.039, 3230, 4821, 7024, 8234, 8868, 9703, 10938, 13192, 36000, 24590, 1, 1, 302, 533, 1075, 1730, 2584, 2484, 2203, 1805, 6610, 526, 0, 0
17:01:19, 1018.80, 18.14, 21.11, 12.047, 2665, 3944, 5771, 6746, 7432, 7894, 9129, 10819, 36000, 17562, 1, 1, 303, 536, 1078, 1732, 2500, 2401, 2135, 1741, 6346, 500, 0, 0
17:01:20, 1019.00, 18.13, 21.13, 12.047, 2958, 4320, 6298, 7317, 8661, 9386, 10584, 12754, 36000, 24410, 1, 1, 308, 545, 1094, 1754, 2688, 2583, 2300, 1883, 6822, 537, 0, 0
17:01:21, 1017.60, 18.12, 21.13, 12.047, 2656, 3883, 5756, 6687, 8640, 9391, 10554, 12650, 36000, 21144, 1, 1, 304, 539, 1082, 1734, 2621, 2516, 2240, 1834, 6644, 527, 0, 0
17:01:21, 1019.00, 18.11, 21.13, 12.039, 2972, 4484, 6449, 7543, 6776, 7087, 8263, 9774, 36000, 20866, 1, 1, 308, 546, 1097, 1756, 2565, 2458, 2192, 1791, 6485, 510, 0, 0
17:01:22, 1017.40, 18.10, 21.11, 12.047, 2857, 4227, 6213, 7220, 8514, 9110, 10377, 12409, 36000, 23093, 1, 1, 297, 525, 1056, 1695, 2562, 2456, 2188, 1787, 6469, 511, 0, 0
17:01:23, 1019.10, 18.09, 21.11, 12.047, 3052, 4644, 6697, 7880, 7626, 8044, 9258, 11079, 36000, 22512, 1, 1, 308, 546, 1095, 1753, 2577, 2469, 2203, 1795, 6476, 507, 0, 0
17:01:23, 1019.10, 18.08, 21.14, 12.039, 2962, 4513, 6562, 7739, 8668, 9128, 10559, 12505, 36000, 22825, 1, 1, 292, 518, 1045, 1680, 2572, 2466, 2199, 1790, 6459, 507, 0, 0
17:01:24, 1019.50, 18.07, 21.11, 12.031, 2498, 3613, 5395, 6198, 8317, 8740, 10105, 11974, 36000, 20164, 1, 1, 292, 519, 1048, 1683, 2498, 2394, 2131, 1740, 6269, 490, 0, 0
17:01:25, 1019.30, 18.06, 21.11, 12.031, 2400, 3508, 5201, 5995, 7796, 8202, 9484, 11263, 36000, 21528, 1, 1, 295, 522, 1048, 1677, 2480, 2377, 2113, 1725, 6203, 487, 0, 0
17:01:25, 1019.00, 18.05, 21.13, 12.031, 2094, 3132, 4645, 5354, 7437, 7742, 9172, 10606, 36000, 17047, 1, 1, 291, 517, 1044, 1679, 2473, 2368, 2105, 1713, 6148, 479, 0, 0
17:01:26, 1018.50, 18.04, 21.13, 12.039, 2583, 3778, 5538, 6377, 7715, 8061, 9395, 11122, 36000, 24357, 1, 1, 302, 536, 1077, 1723, 2503, 2397, 2140, 1745, 6251, 493, 0, 0
17:01:27, 1016.90, 18.03, 21.09, 12.039, 2676, 3924, 5760, 6642, 7801, 8174, 9539, 11221, 36000, 25554, 1, 1, 301, 535, 1075, 1717, 2456, 2349, 2092, 1702, 6145, 485, 0, 0
17:01:27, 1021.30, 18.02, 21.11, 12.031, 2123, 3254, 4705, 5572, 7747, 8116, 9504, 11167, 36000, 19636, 1, 1, 290, 514, 1039, 1669, 2488, 2384, 2127, 1727, 6182, 478, 0, 0
17:01:28, 1023.30, 18.01, 21.13, 12.039, 2747, 4220, 6233, 7274, 8969, 9317, 10942, 12864, 36000, 19139, 1, 1, 296, 525, 1059, 1703, 2670, 2562, 2293, 1866, 6642, 510, 0, 0
17:01:29, 1025.30, 18.00, 21.13, 12.039, 2411, 3732, 5562, 6557, 9111, 9597, 10808, 13004, 36000, 16699, 1, 1, 300, 532, 1082, 1744, 2733, 2628, 2351, 1917, 6794, 519, 0, 0
17:01:29, 1037.50, 17.99, 21.13, 12.031, 1486, 2242, 3385, 3987, 4464, 4484, 5477, 6175, 31413, 7339, 0, 0, 304, 542, 1112, 1809, 2473, 2392, 2135, 1727, 6025, 450, 0, 0
17:01:30, 1046.90, 17.98, 21.13, 12.039, 1691, 2673, 4204, 4994, 5543, 5609, 6556, 7436, 35708, 5964, 0, 1, 268, 474, 988, 1624, 2338, 2272, 2028, 1634, 5625, 417, 0, 0
17:01:31, 1053.70, 17.96, 21.13, 12.039, 1817, 2867, 4759, 5559, 6642, 6869, 7797, 8780, 36000, 4902, 1, 1, 242, 425, 899, 1495, 2276, 2224, 1987, 1601, 5441, 401, 0, 0
17:01:31, 1056.30, 17.96, 21.14, 12.031, 1515, 2589, 4178, 5165, 6586, 6623, 7574, 8454, 36000, 4177, 1, 1, 231, 402, 858, 1436, 2222, 2179, 1944, 1567, 5250, 386, 0, 0
17:01:32, 1060.80, 17.94, 21.11, 12.031, 1531, 2364, 4072, 4717, 5792, 5607, 6645, 7241, 35438, 4771, 0, 1, 239, 417, 893, 1498, 2307, 2271, 2038, 1645, 5444, 399, 0, 0
17:01:33, 1064.50, 17.93, 21.14, 12.039, 1384, 2257, 3861, 4603, 5281, 5241, 6123, 6632, 30870, 3657, 0, 0, 245, 426, 916, 1539, 2361, 2332, 2098, 1697, 5557, 407, 0, 0
17:01:33, 1066.30, 17.92, 21.13, 12.039, 1646, 2761, 4641, 5662, 6475, 6554, 7335, 8146, 35364, 3881, 0, 1, 246, 428, 919, 1547, 2475, 2447, 2205, 1790, 5865, 431, 0, 0
17:01:34, 1076.60, 17.91, 21.13, 12.039, 893, 1463, 2529, 3078, 4331, 4231, 4939, 5188, 26056, 2800, 0, 0, 249, 428, 928, 1576, 2406, 2413, 2179, 1780, 5660, 419, 0, 0
17:01:35, 1080.90, 17.90, 21.13, 12.031, 1433, 1969, 3914, 4182, 6111, 6252, 6393, 7333, 35895, 4145, 0, 1, 256, 435, 948, 1619, 2616, 2639, 2395, 1968, 6192, 461, 0, 0
17:01:35, 1085.10, 17.89, 21.14, 12.031, 1486, 2245, 4179, 4917, 6812, 7338, 7255, 8318, 35217, 3300, 0, 1, 256, 432, 945, 1621, 2633, 2671, 2438, 2012, 6279, 471, 0, 0
17:01:36, 1088.90, 17.88, 21.14, 12.031, 1592, 2053, 4127, 4587, 7588, 8652, 7463, 9326, 36000, 4380, 1, 1, 242, 406, 888, 1528, 2477, 2517, 2307, 1910, 5964, 450, 0, 0
17:01:37, 1092.70, 17.87, 21.13, 12.031, 1119, 1745, 3207, 3967, 5645, 6008, 6068, 6812, 28007, 2511, 0, 0, 237, 398, 873, 1500, 2435, 2474, 2279, 1891, 5906, 448, 0, 0
17:01:37, 1092.30, 17.86, 21.13, 12.031, 1236, 1986, 3654, 4709, 6373, 6875, 7054, 7793, 26884, 2203, 0, 0, 220, 369, 809, 1397, 2290, 2325, 2141, 1770, 5571, 425, 0, 0
17:01:38, 1089.00, 17.85, 21.13, 12.031, 1128, 1909, 3416, 4460, 6240, 6486, 7074, 7425, 24296, 1834, 0, 0, 210, 354, 773, 1341, 2226, 2250, 2063, 1699, 5429, 416, 0, 0
17:01:39, 1090.60, 17.84, 21.13, 12.039, 1418, 2184, 3854, 5311, 5324, 6179, 6101, 6701, 25664, 2005, 0, 0, 232, 389, 853, 1469, 2255, 2282, 2098, 1731, 5531, 428, 0, 0
17:01:39, 1094.30, 17.82, 21.16, 12.039, 1179, 2074, 3525, 4877, 5531, 6097, 6543, 6902, 22800, 1671, 0, 0, 252, 423, 927, 1591, 2623, 2671, 2469, 2052, 6575, 507, 0, 0
17:01:40, 1097.30, 17.82, 21.13, 12.039, 1390, 2515, 4270, 6063, 7774, 8131, 9103, 9630, 23247, 1514, 0, 0, 235, 391, 860, 1498, 2562, 2613, 2429, 2011, 6419, 498, 0, 0
17:01:40, 1106.00, 17.80, 21.14, 12.031, 633, 962, 1710, 2425, 4319, 5046, 5346, 5234, 16834, 1193, 0, 0, 239, 389, 864, 1505, 2439, 2534, 2369, 1990, 6125, 480, 0, 0
17:01:41, 1111.00, 17.79, 21.13, 12.039, 936, 1592, 2745, 4255, 4149, 4623, 4979, 4795, 14727, 1048, 0, 0, 254, 412, 914, 1595, 2655, 2770, 2621, 2215, 6676, 527, 0, 0
17:01:42, 1113.30, 17.78, 21.14, 12.039, 891, 1593, 2749, 4339, 5343, 6281, 7284, 5977, 15854, 1089, 0, 0, 265, 432, 949, 1667, 2674, 2807, 2660, 2273, 6723, 535, 0, 0
17:01:42, 1115.20, 17.77, 21.13, 12.031, 939, 1714, 2955, 4688, 5348, 5796, 6416, 6126, 15890, 1071, 0, 0, 299, 486, 1066, 1878, 3076, 3238, 3082, 2641, 7787, 616, 0, 0
17:01:43, 1118.40, 17.76, 21.14, 12.039, 964, 1676, 2833, 4773, 5364, 6002, 6910, 5973, 15708, 1049, 0, 0, 300, 485, 1061, 1863, 3118, 3304, 3158, 2728, 7926, 623, 0, 0
17:01:44, 1122.50, 17.75, 21.14, 12.039, 881, 1622, 2926, 4304, 7912, 9251, 10996, 9063, 18822, 1165, 0, 0, 321, 516, 1124, 1981, 3327, 3533, 3412, 2963, 8480, 671, 0, 0
17:01:44, 1125.40, 17.73, 21.13, 12.039, 994, 1780, 3017, 5302, 5512, 6262, 6995, 6187, 15046, 1010, 0, 0, 326, 525, 1139, 2018, 3230, 3463, 3362, 2930, 8331, 662, 0, 0
17:01:45, 1126.70, 17.72, 21.14, 12.039, 854, 1510, 2681, 4324, 5438, 5884, 6458, 6109, 15916, 1041, 0, 0, 266, 429, 926, 1645, 2616, 2789, 2721, 2356, 6729, 533, 0, 0
17:01:46, 1130.10, 17.71, 21.11, 12.039, 716, 1307, 2373, 3507, 3899, 4407, 4605, 4436, 14354, 961, 0, 0, 227, 366, 788, 1390, 2204, 2344, 2294, 1977, 5626, 448, 0, 0
17:01:46, 1135.30, 17.70, 21.14, 12.039, 746, 1391, 2562, 3729, 4019, 4298, 4490, 4411, 14505, 978, 0, 0, 201, 322, 696, 1226, 2147, 2287, 2244, 1938, 5525, 442, 0, 0
17:01:47, 1141.60, 17.69, 21.11, 12.039, 441, 704, 1372, 1973, 3465, 3664, 3745, 3672, 13183, 914, 0, 0, 161, 248, 536, 944, 1707, 1835, 1808, 1580, 4548, 365, 0, 0
17:01:48, 1143.80, 17.68, 21.13, 12.031, 451, 772, 1493, 2177, 2870, 3094, 3109, 3058, 11482, 816, 0, 0, 161, 251, 547, 954, 1580, 1688, 1683, 1469, 4326, 350, 0, 0
17:01:48, 1148.60, 17.67, 21.13, 12.031, 375, 588, 1160, 1720, 2134, 2349, 2261, 2291, 9089, 678, 0, 0, 105, 160, 339, 607, 982, 1072, 1067, 950, 2983, 270, 0, 0
17:01:49, 1150.00, 17.66, 21.13, 12.031, 170, 224, 454, 670, 419, 553, 428, 428, 2100, 174, 0, 0, 189, 293, 633, 1097, 1867, 2019, 2022, 1793, 5383, 446, 0, 0
17:01:50, 1149.60, 17.65, 21.14, 12.031, 75, 86, 188, 270, 344, 418, 335, 326, 1611, 129, 0, 0, 211, 331, 713, 1236, 2016, 2167, 2176, 1926, 5720, 466, 0, 0
17:01:50, 1149.20, 17.64, 21.13, 12.031, 70, 82, 180, 260, 331, 388, 320, 307, 1456, 116, 0, 0, 212, 334, 717, 1246, 2041, 2196, 2203, 1952, 5786, 473, 0, 0
17:01:51, 1148.80, 17.63, 21.13, 12.031, 74, 83, 186, 262, 342, 419, 328, 321, 1816, 151, 0, 0, 212, 338, 723, 1259, 2023, 2168, 2178, 1927, 5702, 463, 0, 0
17:01:52, 1149.20, 17.62, 21.13, 12.039, 73, 84, 186, 266, 333, 399, 322, 309, 1591, 127, 0, 0, 212, 336, 721, 1254, 2042, 2196, 2203, 1955, 5764, 469, 0, 0
17:01:52, 1149.10, 17.61, 21.14, 12.039, 72, 84, 184, 263, 330, 395, 319, 307, 1587, 127, 0, 0, 221, 349, 748, 1301, 2179, 2349, 2363, 2106, 6191, 505, 0, 0
17:01:53, 1149.10, 17.60, 21.14, 12.039, 72, 85, 185, 266, 327, 386, 317, 301, 1511, 120, 0, 0, 226, 357, 765, 1330, 2192, 2361, 2374, 2115, 6210, 507, 0, 0
17:01:54, 1149.10, 17.59, 21.13, 12.039, 69, 82, 180, 257, 339, 395, 327, 312, 1523, 121, 0, 0, 223, 353, 754, 1316, 2116, 2279, 2288, 2034, 5997, 490, 0, 0
17:01:54, 1149.20, 17.58, 21.11, 12.039, 71, 85, 184, 267, 331, 389, 320, 305, 1498, 119, 0, 0, 219, 347, 741, 1293, 2164, 2333, 2345, 2087, 6135, 501, 0, 0
17:01:55, 1149.30, 17.57, 21.13, 12.039, 70, 83, 180, 261, 331, 388, 321, 304, 1482, 118, 0, 0, 221, 350, 748, 1306, 2152, 2318, 2330, 2075, 6108, 499, 0, 0
17:01:56, 1149.20, 17.56, 21.13, 12.039, 70, 83, 182, 262, 324, 382, 313, 298, 1495, 119, 0, 0, 220, 349, 745, 1299, 2129, 2295, 2306, 2054, 6037, 493, 0, 0
17:01:56, 1149.10, 17.55, 21.14, 12.047, 71, 85, 184, 266, 324, 381, 312, 296, 1469, 118, 0, 0, 218, 345, 737, 1285, 2101, 2265, 2277, 2026, 5964, 487, 0, 0
17:01:57, 1149.10, 17.54, 21.13, 12.047, 69, 82, 179, 259, 327, 383, 316, 300, 1474, 117, 0, 0, 224, 355, 757, 1321, 2114, 2280, 2292, 2041, 5999, 490, 0, 0
17:01:58, 1149.20, 17.53, 21.13, 12.039, 70, 83, 180, 261, 331, 391, 321, 306, 1527, 122, 0, 0, 221, 350, 747, 1305, 2120, 2288, 2298, 2045, 6009, 492, 0, 0
17:01:58, 1144.80, 17.53, 21.13, 12.047, 83, 92, 205, 291, 542, 700, 534, 565, 3122, 271, 0, 0, 161, 253, 539, 950, 1370, 1468, 1494, 1310, 4045, 344, 0, 0
17:01:59, 1137.20, 17.52, 21.14, 12.047, 423, 692, 1328, 2018, 2278, 2666, 2599, 2624, 9816, 711, 0, 0, 169, 266, 572, 1018, 1592, 1708, 1695, 1468, 4125, 332, 0, 0
17:02:00, 1128.60, 17.51, 21.14, 12.039, 553, 1070, 2049, 2873, 3703, 3789, 4053, 4050, 10898, 732, 0, 0, 161, 256, 558, 999, 1645, 1748, 1689, 1440, 3997, 319, 0, 0
17:02:00, 1121.90, 17.50, 21.16, 12.039, 629, 1242, 2345, 3285, 4528, 4627, 5043, 5006, 11212, 731, 0, 0, 164, 264, 581, 1033, 1734, 1832, 1760, 1489, 4222, 333, 0, 0
17:02:01, 1109.70, 17.49, 21.16, 12.039, 825, 1608, 2994, 4095, 5467, 5636, 6030, 6042, 14569, 957, 0, 0, 176, 285, 631, 1118, 1876, 1969, 1847, 1539, 4551, 351, 0, 0
17:02:02, 1104.70, 17.48, 21.14, 12.039, 820, 1553, 2786, 3794, 5861, 6116, 6652, 6936, 14188, 948, 0, 0, 185, 301, 670, 1176, 2019, 2091, 1959, 1612, 4881, 375, 0, 0
17:02:02, 1104.20, 17.48, 21.16, 12.039, 825, 1548, 2718, 3762, 5054, 5215, 6017, 5824, 12497, 856, 0, 0, 206, 337, 744, 1299, 2148, 2237, 2098, 1745, 5204, 402, 0, 0
17:02:03, 1104.20, 17.47, 21.11, 12.047, 919, 1730, 3056, 4173, 5586, 5746, 6713, 6411, 13753, 943, 0, 0, 225, 368, 805, 1412, 2296, 2404, 2243, 1886, 5624, 435, 0, 0
17:02:04, 1103.60, 17.46, 21.14, 12.039, 1074, 2062, 3650, 4898, 5958, 6307, 7205, 6964, 16034, 1099, 0, 0, 239, 391, 857, 1493, 2423, 2539, 2373, 2001, 6030, 463, 0, 0
17:02:04, 1101.80, 17.45, 21.13, 12.039, 1297, 2515, 4508, 5879, 6339, 6623, 7185, 7632, 20900, 1433, 0, 0, 249, 409, 896, 1555, 2513, 2620, 2458, 2065, 6315, 485, 0, 0
17:02:05, 1098.00, 17.44, 21.09, 12.039, 1157, 2165, 3822, 5066, 7421, 7290, 8086, 8924, 26295, 1879, 0, 0, 248, 409, 899, 1559, 2501, 2586, 2419, 2021, 6264, 481, 0, 0
17:02:06, 1092.00, 17.43, 21.13, 12.039, 1216, 2190, 3810, 5194, 6589, 6835, 7462, 8026, 26148, 2054, 0, 0, 238, 396, 871, 1497, 2426, 2478, 2301, 1918, 5989, 460, 0, 0
17:02:06, 1084.80, 17.43, 21.09, 12.039, 1461, 2551, 4449, 5946, 6490, 6875, 7299, 7906, 28053, 2274, 0, 0, 223, 376, 823, 1415, 2314, 2339, 2142, 1772, 5631, 428, 0, 0
17:02:07, 1081.90, 17.42, 21.14, 12.047, 1302, 2181, 3865, 4934, 7087, 7365, 7826, 8687, 31192, 2633, 0, 0, 217, 366, 799, 1373, 2247, 2260, 2060, 1689, 5367, 403, 0, 0
17:02:08, 1080.30, 17.41, 21.11, 12.055, 1119, 1881, 3284, 4163, 5983, 6263, 6392, 7233, 32460, 3040, 0, 1, 222, 375, 819, 1408, 2200, 2205, 2002, 1637, 5209, 391, 0, 0
17:02:08, 1077.40, 17.40, 21.11, 12.055, 1455, 2345, 4207, 5247, 6269, 6769, 6823, 7770, 33346, 3188, 0, 1, 229, 389, 846, 1447, 2292, 2304, 2089, 1708, 5523, 416, 0, 0
17:02:09, 1069.80, 17.40, 21.14, 12.047, 1430, 2583, 4258, 5560, 7522, 8224, 8376, 9778, 34576, 3143, 0, 1, 229, 391, 848, 1443, 2323, 2320, 2090, 1702, 5651, 427, 0, 0
17:02:10, 1065.10, 17.39, 21.14, 12.055, 1796, 2623, 4722, 5907, 6752, 7279, 7772, 8839, 31984, 3015, 0, 0, 238, 407, 879, 1496, 2373, 2365, 2126, 1724, 5841, 444, 0, 0
17:02:10, 1054.90, 17.38, 21.09, 12.055, 2045, 3343, 5353, 7257, 8014, 8755, 9955, 11033, 35568, 3292, 0, 1, 250, 431, 921, 1562, 2481, 2462, 2197, 1785, 6188, 472, 0, 0
17:02:11, 1049.90, 17.38, 21.09, 12.047, 2130, 3745, 5889, 7540, 9945, 10258, 11983, 13992, 34181, 3111, 0, 1, 262, 455, 967, 1624, 2621, 2584, 2307, 1868, 6549, 501, 0, 0
17:02:12, 1047.70, 17.37, 21.13, 12.047, 2212, 3924, 6143, 7597, 11215, 12036, 14699, 15446, 29952, 3092, 0, 0, 304, 531, 1124, 1878, 3045, 3004, 2700, 2192, 7653, 587, 0, 0
17:02:12, 1044.60, 17.36, 21.09, 12.047, 2101, 3750, 5611, 7688, 16140, 14979, 22333, 21810, 27795, 3195, 0, 0, 357, 628, 1321, 2189, 3366, 3316, 2984, 2446, 8454, 652, 0, 0
17:02:13, 1035.50, 17.35, 21.14, 12.047, 2381, 4296, 6113, 9421, 8551, 8955, 12027, 11385, 28425, 3744, 0, 0, 395, 694, 1448, 2358, 3650, 3570, 3218, 2650, 9274, 720, 0, 0
17:02:14, 1026.10, 17.35, 21.11, 12.063, 2300, 3699, 5316, 7452, 7817, 8501, 11598, 10849, 30062, 5501, 0, 0, 453, 796, 1640, 2633, 4119, 4010, 3615, 3000, 10658, 839, 0, 0
17:02:14, 1018.30, 17.34, 21.09, 12.063, 2639, 4244, 5991, 7756, 9135, 10221, 12420, 13531, 36000, 9872, 1, 1, 479, 838, 1728, 2788, 4200, 4082, 3663, 3006, 11031, 877, 0, 0
17:02:15, 1013.60, 17.33, 21.09, 12.055, 3632, 5665, 8007, 9702, 10993, 12429, 14524, 17161, 36000, 19038, 1, 1, 442, 773, 1584, 2557, 3952, 3828, 3441, 2831, 10450, 858, 0, 0
17:02:16, 1012.40, 17.33, 21.13, 12.055, 3717, 5637, 7886, 9809, 11098, 12485, 14562, 16792, 36000, 20735, 1, 1, 475, 838, 1676, 2645, 3936, 3802, 3427, 2864, 10328, 888, 0, 0
17:02:16, 1012.40, 17.31, 21.11, 12.063, 3123, 4516, 6266, 8044, 9715, 11129, 13059, 14366, 36000, 20334, 1, 1, 1491, 2317, 3842, 4764, 4789, 4780, 5001, 5139, 18458, 5546, 0, 0
17:02:17, 1012.20, 17.30, 21.09, 12.172, 3762, 5610, 7904, 9490, 12300, 13199, 15234, 18893, 36000, 28884, 1, 1, 1141, 1873, 2878, 3814, 4956, 5178, 5370, 5995, 20079, 6283, 0, 0
17:02:18, 1012.20, 17.30, 21.13, 12.172, 3757, 4986, 7260, 9007, 8900, 10936, 11356, 13493, 36000, 25746, 1, 1, 1619, 2509, 3954, 5005, 6705, 6907, 7557, 8068, 29466, 9818, 0, 0
17:02:18, 1012.30, 17.28, 21.11, 12.305, 4787, 5215, 8832, 9713, 15173, 16368, 17075, 22717, 36000, 36000, 1, 1, 3278, 5406, 7055, 9841, 12443, 14521, 16714, 21239, 36000, 18395, 1, 1
17:02:19, 1012.00, 17.28, 21.13, 12.461, 4171, 4807, 7779, 8333, 4554, 4965, 5761, 6781, 30647, 14177, 0, 0, 3989, 6035, 8670, 10621, 11737, 13477, 15181, 19065, 35256, 15879, 0, 1
17:02:20, 1012.20, 17.28, 21.13, 12.461, 5895, 10258, 13482, 17952, 10665, 12395, 12130, 15560, 36000, 35891, 1, 1, 3207, 5501, 7224, 9959, 11729, 13190, 15340, 18510, 36000, 15742, 1, 1
17:02:20, 1012.40, 17.28, 21.13, 12.648, 4353, 6796, 9878, 11294, 14893, 17693, 19686, 25758, 36000, 36000, 1, 1, 4280, 6900, 9371, 12372, 13554, 15321, 18227, 22180, 36000, 29374, 1, 1
