Secchi Depth (cm) = 0140
Forel Ule Scale = 08
pH Colour Scale = 99
SensingSecchi S/N = A016
Latitude (degs N) = 34.13993
Longitude (degs E) = -77.86248
Date = 2026-02-18
Time (UTC), Pressure (mbar) MS5803, Temp (deg C) MS5803, Temp (deg C) 10KTHERM, Temp (deg C) TMP117, ED 415nm, ED 445nm, ED 480nm, ED 515nm, ED 555nm, ED 590nm, ED 630nm, ED 680nm, ED Clear, ED NIR, ED D-SAT, ED A-SAT, EU 415nm, EU 445nm, EU 480nm, EU 515nm, EU 555nm, EU 590nm, EU 630nm, EU 680nm, EU Clear, EU NIR, EU D-SAT, EU A-SAT
17:07:54, 1011.60, 18.58, 20.33, 16.805, 788, 1325, 1696, 1911, 2139, 2208, 2890, 3599, 15291, 8203, 0, 0, 12923, 21881, 27684, 34834, 31304, 31903, 34819, 36000, 36000, 36000, 1, 1
17:07:54, 1011.70, 18.60, 20.31, 16.828, 1487, 2025, 2880, 3254, 4717, 4664, 5817, 6528, 36000, 21598, 1, 1, 2670, 4439, 5726, 7288, 7800, 8668, 9833, 11993, 29451, 12217, 0, 0
17:07:55, 1011.80, 18.59, 20.31, 16.828, 2274, 3061, 4683, 5038, 4772, 4761, 5924, 6567, 36000, 20390, 1, 1, 1537, 2738, 3426, 4944, 5581, 6036, 6931, 8173, 20387, 7521, 0, 0
17:07:56, 1011.50, 18.60, 20.30, 16.844, 2433, 3265, 4586, 5858, 4899, 5467, 6409, 7019, 31490, 13244, 0, 0, 1074, 1565, 2217, 2865, 3162, 3446, 4060, 4849, 12038, 4638, 0, 0
17:07:56, 1011.60, 18.61, 20.30, 16.805, 1647, 2423, 3335, 4080, 5562, 6069, 7359, 7975, 27822, 11959, 0, 0, 997, 1612, 2424, 3097, 3864, 3967, 4439, 4700, 16116, 4951, 0, 0
17:07:57, 1018.00, 18.59, 20.33, 16.805, 1761, 2718, 3680, 4560, 5491, 5775, 7326, 7996, 19856, 8374, 0, 0, 209, 364, 723, 1172, 1617, 1613, 1485, 1276, 3896, 318, 0, 0
17:07:58, 1016.70, 18.49, 20.30, 15.305, 1799, 2985, 4123, 5071, 4529, 4634, 5659, 6399, 15383, 4555, 0, 0, 199, 351, 697, 1126, 1480, 1484, 1361, 1162, 3471, 280, 0, 0
17:07:58, 1013.80, 18.34, 20.26, 13.414, 1609, 2588, 3585, 4383, 3842, 4021, 4856, 5639, 14176, 5097, 0, 0, 203, 357, 695, 1113, 1706, 1693, 1562, 1338, 4306, 359, 0, 0
17:07:59, 1014.10, 18.15, 20.30, 13.414, 2491, 4055, 5581, 6719, 7442, 7814, 9725, 10640, 27842, 11131, 0, 0, 237, 414, 814, 1311, 2250, 2224, 2062, 1769, 5906, 488, 0, 0
17:08:00, 1015.10, 17.98, 20.26, 12.711, 2504, 3748, 5051, 6453, 7065, 7586, 9255, 10128, 34079, 14133, 0, 1, 246, 429, 838, 1352, 2099, 2074, 1933, 1658, 5580, 459, 0, 0
17:08:00, 1017.80, 17.85, 20.30, 12.469, 2134, 3542, 4709, 5786, 7162, 7626, 9040, 10374, 32574, 11146, 0, 1, 230, 401, 789, 1268, 1831, 1803, 1688, 1446, 4980, 404, 0, 0
17:08:01, 1016.30, 17.78, 20.28, 12.469, 1700, 2546, 3620, 4312, 4415, 4871, 5333, 6388, 32032, 11246, 0, 0, 244, 426, 836, 1336, 1714, 1679, 1567, 1339, 4721, 385, 0, 0
17:08:02, 1017.80, 17.75, 20.28, 12.367, 2317, 3344, 4974, 5556, 6492, 7426, 7524, 9531, 35988, 21540, 0, 1, 260, 457, 895, 1430, 2160, 2122, 1997, 1713, 5720, 456, 0, 0
17:08:02, 1019.00, 17.72, 20.28, 12.328, 2870, 4508, 6236, 7399, 5364, 5716, 6441, 7642, 35786, 20501, 0, 1, 270, 474, 937, 1508, 2194, 2151, 2024, 1732, 5810, 461, 0, 0
17:08:03, 1015.30, 17.71, 20.28, 12.328, 1852, 2536, 3814, 4310, 6667, 7042, 7616, 9291, 36000, 29291, 1, 1, 282, 494, 979, 1569, 2370, 2326, 2191, 1877, 6287, 516, 0, 0
17:08:04, 1016.30, 17.70, 20.26, 12.305, 2785, 3303, 5308, 5450, 5666, 6160, 6861, 8160, 34202, 17587, 0, 1, 267, 464, 915, 1467, 2091, 2051, 1924, 1649, 5649, 463, 0, 0
17:08:04, 1016.00, 17.69, 20.26, 12.305, 1979, 2681, 3846, 4481, 6564, 7782, 8114, 9913, 34165, 16908, 0, 1, 253, 440, 872, 1404, 2337, 2309, 2159, 1851, 6209, 506, 0, 0
17:08:05, 1018.80, 17.68, 20.26, 12.305, 2622, 4036, 5708, 6801, 8157, 8712, 10752, 11682, 33057, 10089, 0, 1, 268, 467, 927, 1501, 2260, 2251, 2092, 1798, 5869, 473, 0, 0
17:08:05, 1019.80, 17.67, 20.25, 12.297, 2622, 4297, 6113, 7167, 5109, 5624, 6959, 7279, 24800, 7291, 0, 0, 283, 495, 984, 1593, 2213, 2208, 2046, 1764, 5648, 451, 0, 0
17:08:06, 1018.60, 17.66, 20.23, 12.297, 2627, 4201, 6072, 7038, 4220, 4613, 5473, 6173, 19509, 6167, 0, 0, 275, 480, 953, 1540, 2085, 2074, 1917, 1650, 5387, 427, 0, 0
17:08:07, 1017.80, 17.65, 20.26, 12.297, 1835, 2805, 3892, 5016, 4872, 5331, 6300, 7077, 23146, 7033, 0, 0, 223, 389, 766, 1235, 1839, 1814, 1689, 1442, 4983, 404, 0, 0
17:08:07, 1018.00, 17.64, 20.21, 12.297, 1317, 1963, 2786, 3403, 5566, 6180, 7346, 8116, 29237, 7896, 0, 0, 203, 351, 698, 1117, 1897, 1862, 1743, 1486, 5138, 415, 0, 0
17:08:08, 1032.10, 17.63, 20.26, 12.297, 1521, 2104, 3116, 3573, 3807, 4121, 4637, 5537, 26536, 8095, 0, 0, 248, 432, 866, 1411, 1871, 1846, 1730, 1472, 4978, 387, 0, 0
17:08:09, 1038.70, 17.61, 20.21, 12.297, 1618, 2493, 3920, 4660, 4954, 5211, 5895, 6792, 28265, 4071, 0, 0, 187, 322, 658, 1089, 1545, 1533, 1436, 1222, 4120, 317, 0, 0
17:08:09, 1031.30, 17.60, 20.25, 12.297, 1722, 3139, 4542, 5838, 6234, 6638, 7466, 8947, 23635, 3042, 0, 0, 169, 290, 592, 959, 1566, 1542, 1447, 1228, 4233, 329, 0, 0
17:08:10, 1017.90, 17.58, 20.25, 12.297, 1947, 3298, 4717, 5899, 7871, 8123, 9689, 10954, 27169, 3751, 0, 0, 173, 301, 607, 989, 1583, 1556, 1460, 1243, 4317, 337, 0, 0
17:08:11, 1012.00, 17.54, 20.26, 12.289, 3032, 4903, 6911, 7919, 9610, 10525, 11877, 14691, 35082, 13386, 0, 1, 675, 1143, 1781, 2416, 2695, 2636, 2725, 2638, 8588, 2080, 0, 0
17:08:11, 1033.40, 17.48, 20.21, 12.305, 1878, 2915, 4023, 4892, 5494, 5789, 7119, 7799, 21733, 8346, 0, 0, 346, 610, 1230, 1969, 3075, 3061, 2893, 2471, 7719, 604, 0, 0
17:08:12, 1050.80, 17.37, 20.26, 12.305, 1625, 2765, 4192, 5269, 6521, 6866, 7892, 8964, 23063, 2631, 0, 0, 294, 510, 1049, 1714, 2706, 2741, 2629, 2280, 6953, 534, 0, 0
17:08:13, 1058.50, 17.28, 20.23, 12.273, 1289, 2227, 3442, 4355, 6304, 6323, 7475, 8455, 24032, 2360, 0, 0, 230, 394, 807, 1365, 2138, 2195, 2102, 1854, 5405, 420, 0, 0
17:08:13, 1057.60, 17.20, 20.25, 12.266, 1245, 2340, 3596, 4713, 6638, 6733, 7956, 8589, 24240, 2053, 0, 0, 195, 333, 686, 1169, 1807, 1832, 1754, 1526, 4686, 361, 0, 0
17:08:14, 1062.20, 17.14, 20.25, 12.266, 1347, 2517, 3877, 5080, 5927, 6166, 7145, 7909, 23411, 2100, 0, 0, 173, 294, 611, 1039, 1645, 1665, 1586, 1375, 4288, 327, 0, 0
17:08:15, 1077.10, 17.08, 20.23, 12.258, 333, 482, 830, 1001, 1667, 1682, 1874, 2033, 10709, 1154, 0, 0, 154, 255, 532, 929, 1394, 1435, 1383, 1208, 3548, 275, 0, 0
17:08:15, 1084.80, 17.02, 20.19, 12.258, 736, 1197, 2040, 2631, 2305, 2453, 2589, 2834, 12405, 1096, 0, 0, 197, 315, 656, 1141, 1663, 1726, 1679, 1483, 4387, 339, 0, 0
17:08:16, 1081.50, 16.96, 20.21, 12.258, 919, 1792, 3023, 4039, 4502, 4612, 5132, 5380, 15538, 1159, 0, 0, 162, 262, 545, 968, 1523, 1581, 1544, 1358, 3852, 297, 0, 0
17:08:17, 1087.80, 16.91, 20.21, 12.258, 765, 1418, 2355, 3095, 3227, 3439, 3668, 4032, 14194, 1203, 0, 0, 194, 314, 647, 1137, 1851, 1910, 1851, 1655, 4743, 380, 0, 0
17:08:17, 1104.10, 16.85, 20.21, 12.258, 753, 1263, 2194, 3009, 3635, 3815, 4161, 4368, 13265, 949, 0, 0, 168, 268, 552, 982, 1714, 1778, 1791, 1602, 4523, 354, 0, 0
17:08:18, 1117.90, 16.77, 20.21, 12.250, 580, 1115, 2013, 2744, 3171, 3204, 3516, 3457, 9503, 637, 0, 0, 84, 126, 253, 474, 833, 889, 898, 821, 2394, 214, 0, 0
17:08:19, 1119.30, 16.72, 20.21, 12.250, 351, 596, 1121, 1525, 1698, 1776, 1808, 1852, 7890, 631, 0, 0, 53, 78, 154, 296, 654, 699, 722, 659, 2073, 194, 0, 0
17:08:19, 1120.00, 16.67, 20.23, 12.250, 165, 220, 442, 588, 734, 798, 749, 804, 4124, 369, 0, 0, 102, 156, 315, 559, 922, 983, 1022, 934, 2889, 256, 0, 0
17:08:20, 1119.80, 16.64, 20.21, 12.250, 162, 224, 437, 570, 769, 835, 788, 858, 4315, 383, 0, 0, 107, 165, 334, 588, 940, 1003, 1048, 962, 2959, 261, 0, 0
17:08:21, 1119.90, 16.63, 20.19, 12.258, 154, 214, 418, 543, 685, 762, 700, 765, 3941, 353, 0, 0, 109, 169, 341, 599, 979, 1047, 1089, 998, 3041, 267, 0, 0
17:08:21, 1119.60, 16.61, 20.19, 12.258, 143, 183, 370, 472, 557, 637, 570, 622, 3351, 302, 0, 0, 112, 173, 350, 613, 1048, 1121, 1156, 1062, 3202, 278, 0, 0
17:08:22, 1117.90, 16.60, 20.19, 12.266, 83, 87, 195, 234, 247, 297, 234, 255, 1567, 146, 0, 0, 172, 271, 544, 972, 1343, 1415, 1439, 1334, 3727, 313, 0, 0
17:08:23, 1118.20, 16.59, 20.18, 12.258, 371, 644, 1181, 1651, 2006, 2132, 2225, 2298, 7836, 566, 0, 0, 72, 101, 206, 415, 820, 858, 864, 784, 2477, 221, 0, 0
17:08:23, 1114.60, 16.58, 20.23, 12.258, 357, 671, 1222, 1716, 2800, 2844, 3084, 3022, 8440, 554, 0, 0, 44, 59, 120, 244, 636, 681, 675, 614, 1853, 168, 0, 0
17:08:24, 1105.70, 16.56, 20.19, 12.250, 523, 1057, 1967, 2752, 3426, 3479, 3823, 3716, 9453, 610, 0, 0, 99, 155, 319, 571, 994, 1045, 1056, 960, 2673, 217, 0, 0
17:08:25, 1101.50, 16.54, 20.19, 12.258, 558, 1115, 2003, 2787, 3652, 3699, 4117, 4059, 11752, 783, 0, 0, 110, 174, 360, 653, 1113, 1164, 1169, 1040, 2973, 234, 0, 0
17:08:25, 1097.70, 16.51, 20.16, 12.258, 547, 1056, 1844, 2527, 3317, 3402, 3705, 3850, 12995, 956, 0, 0, 132, 209, 437, 766, 1241, 1311, 1316, 1185, 3289, 262, 0, 0
17:08:26, 1083.00, 16.48, 20.19, 12.258, 619, 1146, 2006, 2704, 3684, 3795, 4231, 4339, 11577, 793, 0, 0, 143, 237, 492, 854, 1409, 1483, 1461, 1301, 3577, 278, 0, 0
17:08:27, 1075.30, 16.45, 20.19, 12.266, 754, 1390, 2318, 3129, 4352, 4497, 5144, 5351, 12035, 850, 0, 0, 147, 244, 510, 886, 1404, 1443, 1406, 1236, 3510, 275, 0, 0
17:08:27, 1069.00, 16.42, 20.14, 12.266, 1005, 1874, 3145, 3989, 5172, 5294, 5973, 6409, 14882, 1099, 0, 0, 151, 258, 528, 922, 1513, 1561, 1502, 1334, 3738, 291, 0, 0
17:08:28, 1060.90, 16.39, 20.19, 12.258, 985, 1808, 2960, 3781, 4019, 4137, 4780, 5260, 12649, 1054, 0, 0, 169, 289, 589, 1021, 1555, 1595, 1526, 1336, 3908, 307, 0, 0
17:08:29, 1050.60, 16.36, 20.18, 12.266, 1067, 1853, 2940, 3923, 4561, 4940, 5636, 6157, 15606, 1346, 0, 0, 182, 313, 638, 1086, 1737, 1763, 1672, 1455, 4431, 346, 0, 0
17:08:29, 1044.60, 16.33, 20.18, 12.266, 1231, 2192, 3392, 4329, 5433, 5625, 6734, 7451, 16518, 1571, 0, 0, 183, 319, 647, 1088, 1748, 1771, 1661, 1452, 4451, 345, 0, 0
17:08:30, 1038.30, 16.30, 20.18, 12.258, 1626, 2937, 4489, 5360, 6949, 7156, 8187, 9638, 23713, 2890, 0, 0, 201, 351, 710, 1185, 1882, 1896, 1777, 1541, 4793, 371, 0, 0
17:08:31, 1025.90, 16.28, 20.14, 12.258, 1371, 2263, 3298, 4282, 5441, 5952, 6997, 7758, 21293, 2915, 0, 0, 223, 391, 785, 1290, 1965, 1962, 1834, 1579, 5065, 396, 0, 0
17:08:31, 1015.70, 16.26, 20.18, 12.258, 1655, 2480, 3539, 4494, 5832, 6474, 7836, 8407, 27586, 7119, 0, 0, 233, 410, 813, 1318, 2100, 2083, 1937, 1661, 5485, 440, 0, 0
17:08:32, 1015.10, 16.23, 20.18, 12.266, 2769, 4543, 6485, 7552, 8876, 9621, 10997, 13394, 35043, 14722, 0, 1, 323, 554, 1074, 1689, 2403, 2382, 2219, 1912, 6269, 512, 0, 0
17:08:33, 1012.00, 16.20, 20.16, 12.266, 2507, 3872, 5296, 6593, 6155, 6840, 8281, 8859, 28806, 11788, 0, 0, 335, 576, 1079, 1670, 4805, 4908, 5504, 5788, 20131, 6054, 0, 0
17:08:33, 1011.90, 16.17, 20.19, 12.273, 2114, 3058, 4185, 5416, 6154, 7427, 8572, 9183, 33768, 13488, 0, 1, 973, 1546, 2393, 3090, 4131, 4219, 5117, 5414, 15400, 5412, 0, 0
17:08:34, 1011.90, 16.15, 20.18, 12.375, 2987, 4857, 6645, 7942, 5933, 6709, 7562, 8677, 31893, 14356, 0, 0, 2697, 4357, 6128, 7656, 5366, 5839, 6625, 7983, 17575, 6022, 0, 0
17:08:35, 1012.00, 16.14, 20.14, 12.375, 3423, 5474, 8060, 9465, 6971, 7566, 8399, 10243, 36000, 23559, 1, 1, 1893, 3167, 4150, 5582, 6396, 6764, 8132, 9471, 24406, 10407, 0, 0
17:08:35, 1011.80, 16.15, 20.18, 12.563, 1664, 2386, 3370, 3904, 3599, 3891, 4509, 5247, 24764, 11156, 0, 0, 2752, 3846, 5586, 7185, 9003, 9791, 11459, 13024, 36000, 23747, 1, 1
17:08:36, 1011.70, 16.18, 20.18, 12.820, 1953, 2884, 3949, 4719, 5030, 5584, 6298, 7339, 22310, 8595, 0, 0, 3528, 5207, 7376, 8747, 10817, 11474, 13485, 15802, 36000, 35833, 1, 1
