Secchi Depth (cm) = 0241
Forel Ule Scale = 10
pH Colour Scale = 99
SensingSecchi S/N = A016
Latitude (degs N) = 34.14026
Longitude (degs E) = -77.86221
Date = 2026-02-06
Time (UTC), Pressure (mbar) MS5803, Temp (deg C) MS5803, Temp (deg C) 10KTHERM, Temp (deg C) TMP117, ED 415nm, ED 445nm, ED 480nm, ED 515nm, ED 555nm, ED 590nm, ED 630nm, ED 680nm, ED Clear, ED NIR, ED D-SAT, ED A-SAT, EU 415nm, EU 445nm, EU 480nm, EU 515nm, EU 555nm, EU 590nm, EU 630nm, EU 680nm, EU Clear, EU NIR, EU D-SAT, EU A-SAT
18:47:49, 1000.80, 18.85, 21.28, 14.477, 986, 1587, 2122, 2468, 2609, 2677, 3169, 3471, 10389, 4977, 0, 0, 6091, 8003, 9917, 11200, 9730, 10874, 12594, 19944, 36000, 36000, 1, 1
18:47:49, 1000.90, 18.87, 21.32, 14.477, 10292, 16097, 24106, 27775, 36000, 36000, 36000, 36000, 36000, 36000, 1, 1, 5158, 6960, 8764, 10362, 6904, 8467, 11506, 15472, 36000, 34783, 1, 1
18:47:50, 1001.10, 18.86, 21.30, 14.336, 1863, 3277, 4317, 6201, 16272, 13926, 24144, 23745, 14647, 6325, 0, 0, 1501, 2139, 2738, 3474, 4040, 5108, 6294, 8944, 21216, 16453, 0, 0
18:47:51, 1001.20, 18.81, 21.26, 14.352, 955, 1337, 1893, 2010, 2075, 1892, 2517, 2589, 8184, 6088, 0, 0, 3215, 4914, 6312, 7970, 12945, 14432, 17515, 20898, 36000, 36000, 1, 1
18:47:51, 1001.10, 18.80, 21.30, 14.352, 1666, 3046, 3722, 6622, 6716, 4342, 9275, 6654, 36000, 36000, 1, 1, 5005, 8374, 10991, 14369, 14724, 17529, 18919, 24877, 36000, 31572, 1, 1
18:47:52, 999.00, 18.76, 21.32, 14.320, 2433, 2061, 3278, 3749, 4164, 5731, 4321, 6480, 36000, 27775, 1, 1, 4947, 8623, 11183, 15306, 14879, 17249, 20461, 26320, 36000, 26633, 1, 1
18:47:53, 1000.70, 18.81, 21.30, 14.305, 1434, 2562, 3547, 5101, 6354, 5955, 11503, 7209, 36000, 27424, 1, 1, 5301, 8098, 11420, 14386, 14930, 16527, 20833, 24458, 36000, 36000, 1, 1
18:47:53, 1000.90, 18.77, 21.28, 14.305, 2076, 1643, 2780, 2844, 4346, 5057, 4407, 6396, 8849, 6642, 0, 0, 3979, 6088, 8439, 10984, 10565, 12117, 13867, 17915, 36000, 35549, 1, 1
18:47:54, 1000.40, 18.81, 21.32, 14.141, 509, 708, 937, 1027, 2276, 2239, 2496, 3018, 6754, 5508, 0, 0, 2105, 3197, 4496, 5982, 6800, 7440, 8657, 10541, 34154, 25697, 0, 1
18:47:55, 1001.30, 18.83, 21.30, 13.953, 3914, 2906, 5304, 4590, 5762, 7850, 5484, 9196, 9780, 6436, 0, 0, 1434, 2339, 3424, 4678, 8234, 9100, 10352, 11725, 24071, 11126, 0, 0
18:47:55, 1001.60, 18.84, 21.30, 13.953, 1309, 1383, 1913, 2420, 2155, 2956, 2816, 3205, 10062, 5844, 0, 0, 2759, 4444, 6613, 8529, 5372, 5867, 6521, 7596, 24209, 12750, 0, 0
18:47:56, 1001.40, 18.83, 21.28, 13.938, 1879, 2810, 3176, 6425, 3383, 4083, 6001, 4412, 26689, 10864, 0, 0, 1261, 2128, 3221, 4430, 4821, 4805, 4924, 5292, 16982, 5277, 0, 0
18:47:57, 1001.30, 18.84, 21.30, 13.938, 979, 1538, 2068, 2773, 3868, 2829, 5716, 3966, 36000, 24050, 1, 1, 1304, 2698, 3749, 5257, 6793, 6445, 7584, 8182, 24701, 14198, 0, 0
18:47:57, 1005.60, 18.31, 21.32, 13.953, 1901, 2401, 4056, 3714, 3894, 3561, 4711, 4934, 27969, 19615, 0, 0, 599, 1128, 2131, 3135, 4036, 3694, 3130, 2580, 10168, 818, 0, 0
18:47:58, 1008.00, 17.45, 21.30, 10.406, 4120, 3268, 7369, 4679, 10726, 14719, 5736, 14957, 36000, 34536, 1, 1, 543, 1029, 1985, 2935, 4012, 3660, 3073, 2506, 10177, 777, 0, 0
18:47:59, 1009.10, 16.84, 21.32, 10.406, 5460, 3668, 9722, 7514, 4152, 11742, 3874, 7642, 36000, 32954, 1, 1, 588, 1108, 2147, 3152, 4181, 3797, 3194, 2581, 10603, 796, 0, 0
18:47:59, 1010.30, 16.37, 21.33, 8.523, 3378, 1935, 2925, 4255, 3081, 4086, 3818, 4567, 20046, 6364, 0, 0, 626, 1176, 2266, 3311, 4312, 3913, 3314, 2674, 10956, 829, 0, 0
18:48:00, 1010.40, 16.03, 21.32, 7.719, 2260, 1744, 2441, 4020, 2854, 4528, 3768, 4345, 19904, 5339, 0, 0, 620, 1161, 2242, 3271, 4366, 3965, 3362, 2711, 11169, 844, 0, 0
18:48:00, 1011.10, 15.76, 21.30, 7.719, 4716, 2262, 4040, 7460, 2796, 3837, 3447, 4089, 20311, 5210, 0, 0, 601, 1130, 2194, 3215, 4387, 3987, 3369, 2713, 11068, 832, 0, 0
18:48:01, 1011.10, 15.56, 21.30, 7.406, 5681, 2570, 5578, 8441, 3144, 6983, 3747, 5045, 36000, 9347, 1, 1, 585, 1102, 2143, 3139, 4340, 3939, 3325, 2679, 10913, 816, 0, 0
18:48:02, 1011.40, 15.42, 21.26, 7.281, 5299, 2278, 4121, 6764, 3386, 10235, 4640, 6248, 36000, 8168, 1, 1, 588, 1106, 2145, 3134, 4390, 3993, 3370, 2728, 11076, 824, 0, 0
18:48:02, 1011.80, 15.35, 21.30, 7.281, 2978, 1888, 2802, 3824, 3044, 5262, 3566, 4709, 33801, 6976, 0, 1, 594, 1119, 2168, 3183, 4399, 4008, 3372, 2716, 11089, 815, 0, 0
18:48:03, 1009.60, 15.26, 21.28, 7.164, 2370, 1765, 2666, 3173, 2897, 3704, 3313, 4207, 30734, 6258, 0, 0, 594, 1120, 2168, 3183, 4347, 3946, 3326, 2685, 10936, 818, 0, 0
18:48:04, 1010.80, 15.12, 21.30, 7.141, 2028, 1688, 2641, 2828, 3320, 6178, 3622, 4967, 36000, 20427, 1, 1, 589, 1107, 2143, 3140, 4334, 3947, 3314, 2682, 10922, 816, 0, 0
18:48:04, 1010.60, 15.00, 21.28, 7.141, 4827, 2508, 6654, 5814, 4054, 6898, 4025, 6167, 35754, 17506, 0, 1, 579, 1093, 2116, 3121, 4235, 3870, 3229, 2613, 10596, 783, 0, 0
18:48:05, 1010.70, 14.91, 21.26, 7.117, 3556, 1747, 3599, 2978, 3785, 5753, 3600, 5383, 36000, 25487, 1, 1, 567, 1067, 2068, 3049, 4142, 3783, 3159, 2563, 10354, 767, 0, 0
18:48:06, 1011.00, 14.85, 21.28, 7.102, 4579, 1951, 4657, 3151, 3765, 5354, 3518, 5246, 36000, 29722, 1, 1, 577, 1090, 2098, 3087, 4245, 3880, 3260, 2654, 10587, 788, 0, 0
18:48:06, 1010.00, 14.80, 21.25, 7.102, 4543, 2037, 4780, 3243, 3558, 4775, 3376, 4891, 36000, 30519, 1, 1, 576, 1094, 2101, 3106, 4351, 3978, 3347, 2724, 10799, 800, 0, 0
18:48:07, 1010.00, 14.75, 21.25, 7.094, 1473, 1577, 2542, 2506, 3633, 3714, 3632, 4760, 35935, 24832, 0, 1, 578, 1101, 2109, 3126, 4310, 3934, 3306, 2666, 10644, 780, 0, 0
18:48:08, 1010.40, 14.66, 21.28, 7.109, 3748, 1795, 5473, 2665, 4175, 4201, 3913, 5289, 36000, 36000, 1, 1, 574, 1093, 2099, 3117, 4285, 3917, 3299, 2671, 10594, 782, 0, 0
18:48:08, 1009.90, 14.57, 21.21, 7.109, 3615, 2103, 7619, 2984, 4737, 4477, 4045, 5593, 36000, 35643, 1, 1, 567, 1086, 2085, 3110, 4256, 3889, 3271, 2655, 10538, 781, 0, 0
18:48:09, 1010.90, 14.52, 21.25, 7.109, 3960, 1922, 5910, 2852, 5400, 4623, 4119, 5432, 36000, 35707, 1, 1, 572, 1091, 2095, 3110, 4264, 3894, 3281, 2650, 10515, 779, 0, 0
18:48:10, 1010.30, 14.48, 21.25, 7.109, 4183, 2140, 6798, 3003, 7364, 5632, 4190, 6379, 36000, 36000, 1, 1, 576, 1100, 2110, 3134, 4354, 3976, 3347, 2710, 10744, 797, 0, 0
18:48:10, 1010.10, 14.37, 21.21, 7.094, 3664, 1832, 5248, 2738, 6394, 5831, 4345, 6606, 36000, 35745, 1, 1, 590, 1121, 2149, 3170, 4345, 3970, 3344, 2705, 10729, 788, 0, 0
18:48:11, 1008.40, 14.32, 21.25, 7.086, 3428, 1849, 5037, 2764, 3566, 3494, 3513, 4543, 36000, 31423, 1, 1, 586, 1117, 2141, 3172, 4259, 3890, 3278, 2688, 10597, 789, 0, 0
18:48:12, 1008.90, 14.22, 21.23, 7.086, 1728, 1689, 3007, 2652, 4726, 4232, 4108, 5291, 31490, 27683, 0, 0, 566, 1084, 2072, 3082, 4177, 3807, 3207, 2623, 10327, 766, 0, 0
18:48:12, 1009.80, 14.15, 21.21, 7.070, 3822, 1956, 5543, 2903, 3981, 3266, 3818, 4597, 35820, 32870, 0, 1, 578, 1104, 2112, 3140, 4208, 3830, 3242, 2626, 10324, 767, 0, 0
18:48:13, 1009.40, 14.09, 21.19, 7.078, 2586, 2028, 5245, 3001, 5041, 3507, 4190, 4839, 35993, 34350, 0, 1, 564, 1079, 2064, 3065, 4252, 3871, 3273, 2637, 10410, 775, 0, 0
18:48:14, 1009.90, 14.02, 21.21, 7.078, 1456, 1668, 2995, 2577, 9453, 5070, 7426, 7376, 36000, 34851, 1, 1, 574, 1103, 2102, 3120, 4239, 3863, 3260, 2641, 10344, 757, 0, 0
18:48:14, 1008.50, 13.98, 21.19, 7.086, 1346, 1709, 2742, 2709, 3924, 3230, 3829, 4554, 36000, 34387, 1, 1, 583, 1118, 2122, 3130, 4310, 3924, 3325, 2726, 10523, 784, 0, 0
18:48:15, 1008.20, 13.97, 21.19, 7.094, 1486, 1796, 3340, 2797, 3980, 3301, 4052, 4619, 23016, 13421, 0, 0, 567, 1089, 2072, 3072, 4248, 3853, 3254, 2630, 10309, 761, 0, 0
18:48:16, 1009.20, 13.93, 21.21, 7.094, 3556, 2503, 6847, 3266, 8174, 3920, 8938, 6730, 36000, 36000, 1, 1, 570, 1095, 2091, 3109, 4288, 3895, 3307, 2667, 10443, 782, 0, 0
18:48:16, 1007.60, 13.87, 21.21, 7.078, 1668, 1848, 3552, 2820, 8672, 5201, 9456, 8442, 36000, 36000, 1, 1, 552, 1055, 2006, 2968, 4062, 3696, 3128, 2546, 9924, 751, 0, 0
18:48:17, 1007.30, 13.79, 21.23, 7.086, 1573, 1920, 3243, 2986, 4264, 3422, 4572, 4844, 35557, 33098, 0, 1, 592, 1138, 2160, 3198, 4273, 3881, 3297, 2681, 10433, 787, 0, 0
18:48:18, 1006.80, 13.72, 21.19, 7.086, 1495, 1945, 3304, 2856, 3974, 3097, 4081, 4298, 31956, 26345, 0, 0, 573, 1100, 2095, 3100, 4292, 3900, 3305, 2694, 10454, 791, 0, 0
18:48:18, 1007.40, 13.66, 21.19, 7.078, 4647, 3243, 9195, 3965, 5756, 3696, 6235, 5333, 28767, 23196, 0, 0, 578, 1108, 2105, 3116, 4278, 3890, 3302, 2680, 10467, 785, 0, 0
18:48:19, 1007.70, 13.63, 21.21, 7.078, 1640, 1814, 3314, 2787, 5528, 4013, 4676, 5651, 36000, 36000, 1, 1, 577, 1106, 2105, 3119, 4271, 3890, 3295, 2691, 10535, 795, 0, 0
18:48:20, 1007.40, 13.61, 21.21, 7.078, 1553, 1714, 3186, 2643, 3751, 3299, 3880, 4543, 35264, 26171, 0, 1, 587, 1124, 2141, 3176, 4283, 3907, 3297, 2682, 10582, 786, 0, 0
18:48:20, 1006.70, 13.60, 21.19, 7.070, 1484, 1638, 2709, 2574, 4105, 3603, 3932, 4827, 31446, 28823, 0, 0, 581, 1110, 2122, 3156, 4280, 3908, 3290, 2666, 10580, 792, 0, 0
18:48:21, 1007.90, 13.60, 21.19, 7.070, 5778, 2886, 9004, 3820, 4720, 4765, 4166, 5721, 33113, 24489, 0, 1, 576, 1098, 2100, 3117, 4228, 3865, 3244, 2625, 10478, 783, 0, 0
18:48:22, 1008.00, 13.60, 21.21, 7.070, 3747, 2593, 5874, 3741, 6036, 8578, 3972, 7972, 36000, 35977, 1, 1, 556, 1060, 2038, 3018, 4216, 3861, 3242, 2630, 10494, 788, 0, 0
18:48:22, 1008.10, 13.54, 21.21, 7.062, 1976, 1776, 2959, 2779, 7060, 13512, 4371, 10018, 36000, 35856, 1, 1, 555, 1054, 2024, 2991, 4174, 3818, 3190, 2588, 10391, 774, 0, 0
18:48:23, 1008.30, 13.55, 21.21, 7.062, 3434, 1872, 4423, 2956, 3919, 5338, 3398, 5075, 36000, 31396, 1, 1, 568, 1078, 2084, 3080, 4211, 3847, 3212, 2595, 10495, 778, 0, 0
18:48:24, 1008.40, 13.59, 21.18, 7.070, 1941, 1703, 2660, 2695, 3048, 3434, 3413, 4416, 35437, 13835, 0, 1, 598, 1134, 2183, 3229, 4288, 3927, 3278, 2657, 10697, 797, 0, 0
18:48:24, 1008.20, 13.56, 21.19, 7.062, 3063, 1769, 3246, 2827, 3010, 3941, 3225, 4395, 36000, 20958, 1, 1, 611, 1156, 2217, 3268, 4271, 3905, 3263, 2647, 10682, 800, 0, 0
18:48:25, 1008.60, 13.53, 21.14, 7.062, 2472, 1749, 2946, 2757, 3677, 5873, 3286, 5242, 36000, 31502, 1, 1, 606, 1147, 2199, 3234, 4274, 3910, 3274, 2667, 10734, 806, 0, 0
18:48:26, 1007.80, 13.47, 21.18, 7.047, 4337, 2049, 5490, 3389, 3378, 4211, 3590, 4834, 34766, 21331, 0, 1, 582, 1100, 2124, 3131, 4148, 3801, 3178, 2600, 10462, 783, 0, 0
18:48:26, 1007.50, 13.38, 21.18, 7.047, 2325, 2266, 3685, 3754, 4419, 5942, 3873, 6131, 31519, 19741, 0, 0, 578, 1095, 2104, 3102, 4138, 3779, 3154, 2571, 10378, 776, 0, 0
18:48:27, 1009.00, 13.32, 21.16, 7.047, 5476, 2392, 7659, 4026, 4359, 5339, 3775, 5686, 35496, 31426, 0, 1, 618, 1167, 2232, 3286, 4248, 3883, 3254, 2640, 10550, 787, 0, 0
18:48:28, 1008.50, 13.27, 21.19, 7.047, 5896, 2083, 6961, 3083, 5307, 5654, 3931, 6082, 36000, 36000, 1, 1, 580, 1106, 2127, 3158, 4279, 3913, 3280, 2655, 10623, 801, 0, 0
18:48:28, 1007.30, 13.22, 21.18, 7.055, 3269, 1760, 4922, 2697, 3150, 3195, 3067, 4050, 33404, 22835, 0, 1, 570, 1088, 2092, 3120, 4305, 3936, 3302, 2677, 10663, 799, 0, 0
18:48:29, 1007.70, 13.19, 21.16, 7.055, 2704, 2402, 4572, 3595, 5787, 4809, 4348, 6014, 26846, 19950, 0, 0, 585, 1114, 2128, 3159, 4171, 3807, 3205, 2602, 10361, 776, 0, 0
18:48:30, 1008.20, 13.15, 21.16, 7.039, 2809, 1917, 4323, 2871, 14922, 11193, 7177, 14168, 36000, 35822, 1, 1, 544, 1031, 1979, 2922, 4123, 3762, 3173, 2604, 10282, 788, 0, 0
18:48:30, 1007.50, 13.11, 21.19, 7.047, 3365, 1811, 5331, 2680, 3690, 3362, 3629, 4414, 34766, 24868, 0, 1, 562, 1077, 2065, 3076, 4222, 3855, 3237, 2629, 10464, 778, 0, 0
18:48:31, 1008.00, 13.06, 21.18, 7.047, 4125, 1953, 5529, 2879, 4372, 3963, 4033, 5154, 33456, 26531, 0, 1, 590, 1128, 2150, 3192, 4275, 3903, 3300, 2680, 10589, 790, 0, 0
18:48:32, 1008.30, 13.03, 21.14, 7.047, 3063, 1953, 5108, 2897, 5029, 4262, 4098, 5205, 36000, 36000, 1, 1, 592, 1129, 2155, 3190, 4411, 4026, 3409, 2778, 10897, 819, 0, 0
18:48:32, 1007.40, 13.04, 21.19, 7.039, 2094, 1796, 3728, 2737, 4418, 3829, 3994, 4930, 36000, 35477, 1, 1, 587, 1122, 2136, 3168, 4354, 3971, 3365, 2747, 10761, 811, 0, 0
18:48:33, 1007.10, 13.05, 21.16, 7.039, 1573, 1730, 3029, 2668, 5817, 4525, 5196, 6378, 28903, 23136, 0, 0, 559, 1070, 2053, 3052, 4271, 3896, 3287, 2671, 10503, 788, 0, 0
18:48:34, 1007.70, 13.05, 21.18, 7.047, 2221, 1894, 4664, 2711, 4478, 3743, 4355, 5333, 31138, 27473, 0, 0, 564, 1081, 2067, 3078, 4259, 3891, 3292, 2694, 10556, 788, 0, 0
18:48:34, 1008.10, 13.03, 21.14, 7.047, 4388, 2374, 8912, 3208, 10827, 9460, 10940, 14107, 36000, 36000, 1, 1, 575, 1096, 2092, 3106, 4352, 3977, 3364, 2735, 10760, 809, 0, 0
18:48:35, 1007.10, 13.02, 21.14, 7.055, 2277, 2145, 4324, 3127, 8339, 4259, 5649, 6563, 36000, 36000, 1, 1, 564, 1076, 2068, 3077, 4182, 3815, 3211, 2607, 10298, 775, 0, 0
18:48:36, 1007.10, 12.99, 21.14, 7.047, 1402, 1538, 2564, 2445, 3654, 3293, 3850, 4585, 26603, 18992, 0, 0, 573, 1092, 2088, 3100, 4339, 3966, 3345, 2721, 10704, 803, 0, 0
18:48:36, 1008.10, 12.98, 21.19, 7.047, 2575, 1818, 4101, 2751, 4138, 3731, 3682, 4600, 36000, 35829, 1, 1, 576, 1097, 2085, 3091, 4322, 3950, 3343, 2733, 10715, 809, 0, 0
18:48:37, 1006.70, 12.98, 21.16, 7.055, 1901, 1741, 3225, 2681, 3678, 3406, 3656, 4431, 36000, 31978, 1, 1, 593, 1131, 2147, 3179, 4337, 3963, 3350, 2727, 10715, 810, 0, 0
18:48:38, 1008.00, 12.97, 21.14, 7.047, 1987, 1780, 3711, 2722, 3657, 3373, 3457, 4317, 36000, 33948, 1, 1, 582, 1110, 2117, 3137, 4280, 3907, 3297, 2679, 10544, 783, 0, 0
18:48:38, 1007.30, 12.96, 21.14, 7.047, 1626, 1772, 2922, 2777, 4006, 3590, 3961, 4792, 36000, 36000, 1, 1, 597, 1139, 2164, 3211, 4281, 3904, 3300, 2691, 10556, 790, 0, 0
18:48:39, 1007.20, 12.95, 21.16, 7.039, 1687, 1850, 3170, 2902, 3392, 3205, 3700, 4393, 31297, 21242, 0, 0, 575, 1100, 2098, 3127, 4230, 3858, 3262, 2661, 10453, 782, 0, 0
18:48:40, 1008.10, 12.96, 21.13, 7.047, 3449, 1981, 5625, 2936, 3873, 3403, 3862, 4609, 33718, 27231, 0, 1, 607, 1159, 2203, 3271, 4363, 3981, 3363, 2731, 10741, 798, 0, 0
18:48:40, 1008.30, 12.98, 21.14, 7.047, 1933, 1838, 3777, 2805, 3961, 3431, 3888, 4737, 36000, 35805, 1, 1, 595, 1138, 2170, 3223, 4381, 4002, 3382, 2753, 10805, 813, 0, 0
18:48:41, 1007.80, 12.97, 21.11, 7.047, 2907, 2090, 6967, 2887, 5174, 3458, 4464, 4851, 36000, 35430, 1, 1, 583, 1114, 2128, 3167, 4341, 3961, 3351, 2727, 10681, 810, 0, 0
18:48:41, 1008.50, 12.96, 21.14, 7.055, 4005, 2935, 7228, 3506, 5965, 3273, 4922, 4540, 35899, 34878, 0, 1, 570, 1093, 2094, 3131, 4352, 3970, 3359, 2733, 10660, 800, 0, 0
18:48:42, 1009.00, 12.96, 21.14, 7.055, 1992, 1840, 4038, 2780, 6474, 3632, 6321, 5154, 36000, 36000, 1, 1, 567, 1090, 2085, 3113, 4252, 3871, 3275, 2651, 10369, 767, 0, 0
18:48:43, 1008.90, 12.98, 21.13, 7.047, 1558, 1760, 3222, 2739, 5073, 3368, 5136, 4782, 36000, 36000, 1, 1, 573, 1101, 2096, 3118, 4238, 3852, 3261, 2638, 10280, 757, 0, 0
18:48:43, 1009.00, 12.99, 21.11, 7.055, 1414, 1747, 3128, 2716, 4968, 3389, 5188, 4871, 36000, 34511, 1, 1, 564, 1085, 2071, 3083, 4219, 3830, 3249, 2628, 10167, 752, 0, 0
18:48:44, 1008.90, 12.99, 21.14, 7.055, 1481, 1858, 3430, 2904, 4869, 3298, 5517, 4751, 36000, 35764, 1, 1, 553, 1065, 2043, 3053, 4289, 3881, 3298, 2647, 10323, 761, 0, 0
18:48:45, 1009.10, 12.97, 21.11, 7.055, 1251, 1735, 3007, 2738, 4588, 3263, 5628, 4757, 36000, 29997, 1, 1, 568, 1095, 2087, 3111, 4197, 3803, 3231, 2599, 10098, 742, 0, 0
18:48:45, 1008.80, 12.91, 21.14, 7.062, 1262, 1774, 2981, 2795, 4137, 3070, 4938, 4427, 35968, 29406, 0, 1, 557, 1074, 2052, 3062, 4093, 3711, 3145, 2533, 9876, 727, 0, 0
18:48:46, 1008.00, 12.86, 21.13, 7.062, 1256, 1725, 2733, 2752, 4192, 3038, 5088, 4394, 36000, 35331, 1, 1, 540, 1037, 1983, 2959, 4061, 3690, 3127, 2537, 9850, 735, 0, 0
18:48:47, 1008.00, 12.84, 21.13, 7.062, 1149, 1632, 2382, 2617, 7248, 3483, 6820, 5107, 36000, 35133, 1, 1, 539, 1035, 1976, 2947, 4127, 3760, 3190, 2590, 10038, 753, 0, 0
18:48:47, 1007.90, 12.82, 21.11, 7.062, 1430, 1835, 3205, 2871, 4528, 3959, 5182, 5728, 36000, 30211, 1, 1, 567, 1086, 2064, 3059, 4112, 3744, 3168, 2575, 10004, 753, 0, 0
18:48:48, 1008.20, 12.77, 21.11, 7.070, 1805, 1877, 4076, 2874, 4543, 3458, 4377, 4901, 36000, 35483, 1, 1, 575, 1102, 2096, 3114, 4314, 3930, 3335, 2712, 10573, 795, 0, 0
18:48:49, 1008.10, 12.75, 21.13, 7.070, 1810, 1867, 3658, 2883, 5158, 3733, 4398, 5355, 36000, 36000, 1, 1, 580, 1111, 2117, 3155, 4392, 4004, 3389, 2744, 10811, 808, 0, 0
18:48:49, 1008.00, 12.75, 21.13, 7.070, 2965, 2055, 6469, 3047, 5150, 4273, 4390, 5527, 36000, 36000, 1, 1, 586, 1117, 2135, 3175, 4421, 4040, 3423, 2792, 10970, 828, 0, 0
18:48:50, 1008.10, 12.75, 21.13, 7.055, 1865, 1833, 3189, 2846, 4001, 3814, 3872, 4889, 36000, 36000, 1, 1, 585, 1114, 2127, 3162, 4377, 4006, 3375, 2762, 10891, 822, 0, 0
18:48:51, 1008.00, 12.75, 21.11, 7.055, 1839, 1728, 3057, 2717, 3609, 3953, 3728, 4872, 36000, 24162, 1, 1, 576, 1093, 2100, 3120, 4259, 3904, 3275, 2670, 10597, 788, 0, 0
18:48:51, 1005.20, 12.73, 21.13, 7.055, 2479, 1865, 3375, 2921, 3443, 3729, 3709, 4749, 36000, 25678, 1, 1, 595, 1129, 2156, 3197, 4309, 3953, 3317, 2708, 10815, 821, 0, 0
18:48:52, 1005.50, 12.68, 21.11, 7.055, 3009, 3021, 5041, 4390, 3747, 4263, 3754, 5039, 36000, 33857, 1, 1, 592, 1122, 2143, 3176, 4268, 3910, 3287, 2678, 10660, 813, 0, 0
18:48:53, 1009.00, 12.66, 21.11, 7.055, 1853, 1792, 3030, 2773, 7566, 6122, 4472, 6642, 36000, 36000, 1, 1, 593, 1125, 2163, 3205, 4356, 3989, 3356, 2739, 10822, 813, 0, 0
18:48:53, 1007.30, 12.64, 21.09, 7.055, 1840, 1508, 2843, 2341, 3829, 3665, 3400, 4475, 35853, 30894, 0, 1, 570, 1086, 2086, 3096, 4252, 3887, 3267, 2647, 10528, 789, 0, 0
18:48:54, 1008.20, 12.57, 21.07, 7.039, 1463, 1424, 2486, 2264, 3430, 3362, 3489, 4407, 29104, 17497, 0, 0, 553, 1055, 2017, 2993, 4075, 3717, 3138, 2552, 10057, 753, 0, 0
18:48:55, 1009.50, 12.51, 21.11, 7.039, 2429, 1793, 3804, 2723, 5801, 4560, 4234, 5468, 36000, 36000, 1, 1, 555, 1061, 2015, 2979, 4213, 3834, 3249, 2633, 10294, 764, 0, 0
18:48:55, 1008.10, 12.48, 21.11, 7.039, 1870, 1793, 3739, 2732, 5705, 3310, 5022, 4584, 36000, 35335, 1, 1, 572, 1096, 2086, 3087, 4182, 3808, 3220, 2620, 10153, 753, 0, 0
18:48:56, 1006.60, 12.46, 21.11, 7.031, 1204, 1655, 2492, 2618, 4183, 3055, 4816, 4412, 34069, 31452, 0, 1, 555, 1067, 2041, 3040, 4184, 3802, 3226, 2619, 10121, 762, 0, 0
18:48:57, 1008.70, 12.47, 21.11, 7.039, 1368, 1829, 3518, 2895, 8102, 3519, 12021, 5486, 36000, 35779, 1, 1, 563, 1086, 2075, 3092, 4204, 3816, 3250, 2638, 10156, 757, 0, 0
18:48:57, 1008.20, 12.47, 21.07, 7.039, 1175, 1695, 2508, 2735, 5018, 2947, 6356, 4279, 36000, 36000, 1, 1, 565, 1087, 2066, 3065, 4092, 3718, 3163, 2566, 9821, 737, 0, 0
18:48:58, 1009.20, 12.47, 21.06, 7.031, 1163, 1815, 3098, 3071, 4292, 2857, 5522, 4130, 35763, 30581, 0, 1, 547, 1053, 2013, 2994, 3988, 3609, 3068, 2465, 9512, 698, 0, 0
18:48:59, 1009.70, 12.47, 21.07, 7.039, 1035, 1560, 2251, 2552, 5292, 3110, 7247, 4601, 35983, 30945, 0, 1, 533, 1028, 1972, 2940, 3999, 3618, 3065, 2461, 9500, 691, 0, 0
18:48:59, 1010.30, 12.47, 21.11, 7.039, 1040, 1515, 2146, 2482, 3328, 2887, 4247, 4167, 27529, 11419, 0, 0, 535, 1030, 1973, 2939, 4001, 3619, 3070, 2464, 9491, 686, 0, 0
18:49:00, 1011.00, 12.47, 21.07, 7.031, 1060, 1618, 2327, 2686, 3848, 2893, 5164, 4194, 33450, 21910, 0, 1, 538, 1038, 1987, 2958, 4062, 3687, 3131, 2530, 9569, 696, 0, 0
18:49:01, 1010.30, 12.47, 21.09, 7.031, 1086, 1699, 2473, 2920, 4163, 2849, 5752, 4089, 36000, 23838, 1, 1, 546, 1052, 2012, 2988, 3998, 3639, 3080, 2500, 9335, 681, 0, 0
18:49:01, 1010.60, 12.44, 21.07, 7.031, 1070, 1628, 2237, 2781, 3759, 2866, 6561, 4103, 33811, 14376, 0, 1, 533, 1025, 1976, 2933, 3978, 3604, 3051, 2449, 9253, 664, 0, 0
18:49:02, 1010.30, 12.42, 21.06, 7.023, 970, 1506, 2033, 2598, 3136, 2785, 4638, 4041, 29507, 9006, 0, 0, 534, 1027, 1975, 2933, 3890, 3525, 2986, 2406, 8986, 649, 0, 0
18:49:03, 1010.30, 12.44, 21.02, 7.023, 1034, 1662, 2276, 3023, 2846, 2673, 4014, 3820, 21364, 5854, 0, 0, 520, 999, 1919, 2844, 3800, 3442, 2921, 2357, 8785, 637, 0, 0
18:49:03, 1010.60, 12.45, 21.04, 7.031, 1032, 1601, 2135, 2879, 3165, 2940, 4872, 4067, 33130, 8272, 0, 1, 512, 985, 1888, 2801, 3806, 3440, 2922, 2330, 8677, 632, 0, 0
18:49:04, 1009.60, 12.45, 21.06, 7.039, 1089, 1653, 2184, 3058, 3264, 3093, 5270, 4212, 28501, 8003, 0, 0, 503, 958, 1861, 2738, 3736, 3375, 2855, 2282, 8460, 618, 0, 0
18:49:05, 1009.30, 12.40, 21.04, 7.039, 1064, 1576, 2043, 2975, 3381, 3288, 6241, 4337, 24440, 6674, 0, 0, 499, 955, 1850, 2737, 3769, 3400, 2882, 2296, 8542, 626, 0, 0
18:49:05, 1009.40, 12.34, 21.07, 7.031, 1204, 1854, 2264, 4308, 3697, 3631, 8266, 4504, 34611, 8694, 0, 1, 503, 964, 1861, 2752, 3862, 3497, 2972, 2379, 8673, 637, 0, 0
18:49:06, 1009.30, 12.29, 21.07, 7.039, 1245, 1804, 2289, 3657, 3812, 3725, 9008, 4608, 35468, 9166, 0, 1, 511, 972, 1879, 2752, 3741, 3403, 2891, 2336, 8335, 627, 0, 0
18:49:07, 1008.20, 12.28, 21.00, 7.039, 1278, 1808, 2399, 3292, 4024, 4542, 6286, 5944, 23749, 6482, 0, 0, 505, 962, 1872, 2746, 3721, 3370, 2848, 2276, 8323, 619, 0, 0
18:49:07, 1008.00, 12.27, 21.06, 7.031, 1033, 1585, 2140, 2818, 4060, 4452, 5853, 6209, 22138, 7483, 0, 0, 510, 973, 1890, 2791, 3681, 3328, 2812, 2246, 8241, 614, 0, 0
18:49:08, 1007.90, 12.26, 21.06, 7.039, 1235, 1795, 2260, 3726, 3620, 4166, 6836, 4728, 30732, 8228, 0, 0, 488, 930, 1800, 2659, 3802, 3439, 2918, 2340, 8492, 636, 0, 0
18:49:09, 1008.40, 12.25, 21.06, 7.039, 1307, 1883, 2388, 3685, 4234, 4284, 11429, 4872, 36000, 11683, 1, 1, 500, 950, 1845, 2711, 3718, 3370, 2852, 2298, 8280, 626, 0, 0
18:49:09, 1007.50, 12.26, 21.04, 7.039, 1329, 1907, 2369, 4032, 3371, 3723, 5445, 4661, 22208, 6568, 0, 0, 504, 957, 1860, 2731, 3705, 3360, 2836, 2285, 8224, 624, 0, 0
18:49:10, 1008.40, 12.27, 21.04, 7.039, 1305, 1870, 2319, 3821, 3111, 3427, 4676, 4466, 17746, 6391, 0, 0, 520, 990, 1922, 2827, 3864, 3504, 2964, 2380, 8540, 636, 0, 0
18:49:11, 1007.80, 12.27, 21.06, 7.039, 1268, 1830, 2298, 3731, 3268, 3508, 4993, 4560, 21070, 7528, 0, 0, 507, 965, 1871, 2752, 3728, 3381, 2870, 2318, 8387, 642, 0, 0
18:49:11, 1008.10, 12.23, 21.04, 7.039, 1124, 1604, 2057, 3030, 3158, 3468, 4845, 4405, 17777, 6186, 0, 0, 507, 963, 1870, 2747, 3724, 3371, 2847, 2278, 8354, 625, 0, 0
18:49:12, 1008.30, 12.21, 21.04, 7.047, 1206, 1822, 2257, 3991, 2719, 2855, 3954, 3772, 16139, 4702, 0, 0, 514, 981, 1907, 2815, 3773, 3411, 2886, 2310, 8434, 626, 0, 0
18:49:13, 1008.60, 12.20, 21.06, 7.047, 1210, 1756, 2230, 3410, 3936, 4072, 9710, 4509, 35673, 11650, 0, 1, 491, 937, 1804, 2665, 3713, 3358, 2845, 2288, 8279, 630, 0, 0
18:49:13, 1009.00, 12.19, 21.04, 7.031, 1150, 1670, 2168, 3142, 4529, 3808, 11375, 4454, 36000, 15592, 1, 1, 491, 935, 1801, 2647, 3612, 3278, 2779, 2247, 8199, 624, 0, 0
18:49:14, 1009.80, 12.18, 21.06, 7.031, 1109, 1596, 2083, 2984, 3579, 3390, 8460, 4254, 34646, 8816, 0, 1, 488, 933, 1802, 2660, 3711, 3354, 2831, 2250, 8321, 607, 0, 0
18:49:15, 1011.10, 12.19, 21.04, 7.039, 995, 1450, 1881, 2697, 2970, 3081, 4201, 4139, 16154, 4975, 0, 0, 502, 957, 1865, 2753, 3763, 3403, 2858, 2264, 8348, 596, 0, 0
18:49:15, 1011.70, 12.17, 21.02, 7.039, 1014, 1588, 1971, 3558, 2709, 2723, 4054, 3686, 18979, 4613, 0, 0, 502, 960, 1876, 2777, 3827, 3461, 2926, 2318, 8546, 617, 0, 0
18:49:16, 1012.20, 12.15, 21.04, 7.039, 1345, 2026, 2526, 4413, 3224, 3057, 6498, 3829, 33542, 6602, 0, 1, 504, 966, 1878, 2773, 3817, 3456, 2920, 2318, 8409, 602, 0, 0
18:49:17, 1012.30, 12.16, 21.04, 7.039, 1017, 1586, 2039, 3197, 3435, 3081, 7326, 4042, 33449, 7952, 0, 1, 497, 952, 1850, 2732, 3795, 3438, 2908, 2313, 8495, 609, 0, 0
18:49:17, 1012.90, 12.18, 21.06, 7.039, 989, 1450, 1918, 2661, 3730, 3223, 8457, 4119, 30081, 9083, 0, 0, 499, 956, 1859, 2741, 3799, 3429, 2896, 2291, 8502, 596, 0, 0
18:49:18, 1012.20, 12.19, 21.04, 7.039, 1131, 1962, 2333, 5904, 3008, 2935, 4549, 3976, 22463, 5604, 0, 0, 501, 955, 1870, 2755, 3884, 3509, 2981, 2375, 8735, 629, 0, 0
18:49:19, 1012.00, 12.18, 21.04, 7.047, 1108, 1654, 2162, 3135, 3369, 3116, 6963, 4108, 32678, 7872, 0, 1, 505, 971, 1879, 2783, 3769, 3410, 2883, 2292, 8450, 607, 0, 0
18:49:19, 1012.90, 12.13, 21.00, 7.039, 978, 1475, 1943, 2759, 2999, 2866, 5609, 3768, 30770, 5717, 0, 0, 498, 955, 1857, 2749, 3744, 3389, 2860, 2272, 8435, 598, 0, 0
18:49:20, 1013.20, 12.07, 21.02, 7.039, 1111, 1688, 2199, 3257, 3970, 3366, 10124, 4374, 35706, 10633, 0, 1, 488, 932, 1818, 2678, 3753, 3409, 2874, 2290, 8302, 591, 0, 0
18:49:21, 1012.50, 12.05, 21.06, 7.031, 938, 1453, 1891, 2824, 3426, 3315, 6422, 4270, 33095, 6349, 0, 1, 490, 933, 1826, 2684, 3758, 3404, 2871, 2287, 8389, 599, 0, 0
18:49:21, 1012.70, 12.02, 21.02, 7.039, 1210, 1938, 2351, 4783, 3296, 3208, 6655, 4082, 28316, 5584, 0, 0, 496, 950, 1853, 2743, 3750, 3386, 2862, 2266, 8416, 600, 0, 0
18:49:22, 1012.60, 11.98, 20.99, 7.039, 1162, 1770, 2230, 3636, 5175, 4478, 13117, 4907, 30857, 11526, 0, 0, 495, 950, 1853, 2743, 3797, 3427, 2890, 2282, 8412, 596, 0, 0
18:49:23, 1012.40, 11.96, 21.04, 7.023, 984, 1503, 1935, 2939, 4015, 3956, 9366, 4491, 27286, 8358, 0, 0, 494, 944, 1845, 2721, 3740, 3380, 2853, 2260, 8317, 588, 0, 0
18:49:23, 1013.00, 11.95, 21.02, 7.023, 1018, 1532, 1982, 3058, 3282, 3116, 6891, 3890, 27723, 5709, 0, 0, 496, 953, 1849, 2734, 3692, 3338, 2812, 2220, 8174, 575, 0, 0
18:49:24, 1012.70, 11.94, 21.00, 7.023, 937, 1473, 1885, 2999, 3611, 3514, 6017, 4635, 29015, 7193, 0, 0, 493, 941, 1840, 2715, 3766, 3401, 2862, 2260, 8384, 591, 0, 0
18:49:24, 1011.30, 11.93, 21.02, 7.031, 1300, 2078, 2523, 5359, 2973, 2927, 4764, 3906, 21015, 5019, 0, 0, 492, 934, 1826, 2683, 3700, 3344, 2819, 2242, 8273, 599, 0, 0
18:49:25, 1012.60, 11.94, 20.99, 7.039, 1009, 1567, 1953, 3485, 2901, 2910, 4867, 3782, 20718, 4607, 0, 0, 494, 948, 1845, 2733, 3715, 3362, 2844, 2261, 8304, 597, 0, 0
18:49:26, 1012.40, 11.96, 21.02, 7.039, 1158, 1702, 2247, 3269, 3294, 3098, 6949, 3980, 31606, 7357, 0, 0, 486, 932, 1814, 2684, 3643, 3302, 2782, 2219, 8109, 588, 0, 0
18:49:26, 1013.70, 11.98, 21.02, 7.031, 1002, 1631, 1978, 4375, 2911, 3092, 5315, 3782, 24359, 4513, 0, 0, 483, 930, 1808, 2686, 3688, 3332, 2806, 2216, 8268, 592, 0, 0
18:49:27, 1013.30, 11.98, 20.99, 7.031, 1043, 1921, 2115, 5657, 3705, 3907, 8651, 4359, 31822, 6795, 0, 0, 484, 929, 1812, 2685, 3784, 3420, 2884, 2278, 8369, 595, 0, 0
18:49:28, 1009.00, 11.95, 21.02, 7.039, 1142, 1845, 2251, 4533, 3873, 3713, 10562, 4425, 35266, 8770, 0, 1, 494, 941, 1832, 2694, 3691, 3331, 2813, 2244, 8267, 619, 0, 0
18:49:28, 1007.90, 11.90, 21.02, 7.039, 1161, 1697, 2223, 3169, 3145, 3991, 7028, 4122, 29358, 5786, 0, 0, 493, 940, 1831, 2704, 3636, 3286, 2762, 2210, 8084, 619, 0, 0
18:49:29, 1008.90, 11.88, 21.00, 7.039, 1315, 1678, 2194, 3560, 4697, 4898, 8474, 5893, 26385, 11966, 0, 0, 495, 940, 1828, 2691, 3750, 3398, 2849, 2278, 8157, 610, 0, 0
18:49:30, 1007.90, 11.85, 21.02, 7.039, 1422, 1866, 2382, 3968, 3713, 4712, 7272, 5004, 28281, 7428, 0, 0, 484, 914, 1787, 2624, 3685, 3352, 2803, 2250, 7998, 612, 0, 0
18:49:30, 1007.80, 11.86, 20.99, 7.039, 1362, 1672, 2245, 3178, 3804, 4768, 5207, 5260, 15323, 5949, 0, 0, 486, 915, 1788, 2625, 3717, 3378, 2837, 2270, 8080, 619, 0, 0
18:49:31, 1007.80, 11.87, 21.00, 7.039, 2043, 1996, 2774, 4081, 3259, 4666, 4661, 4848, 14178, 5550, 0, 0, 497, 938, 1836, 2699, 3783, 3426, 2882, 2302, 8186, 634, 0, 0
18:49:32, 1006.50, 11.88, 21.02, 7.023, 1745, 1895, 2596, 3701, 3350, 8157, 4795, 5480, 13701, 5553, 0, 0, 495, 932, 1827, 2685, 3729, 3382, 2839, 2267, 8088, 639, 0, 0
18:49:32, 1005.80, 11.90, 20.99, 7.031, 1567, 1865, 2494, 3266, 2967, 3950, 3821, 4575, 12778, 6744, 0, 0, 502, 942, 1831, 2682, 3670, 3338, 2817, 2273, 8108, 710, 0, 0
18:49:33, 1005.00, 11.93, 21.00, 7.031, 1493, 1822, 2463, 3128, 3091, 3777, 3980, 4804, 14283, 7947, 0, 0, 515, 965, 1874, 2744, 3701, 3369, 2849, 2299, 8171, 725, 0, 0
18:49:34, 1004.90, 11.97, 20.95, 7.031, 1817, 1947, 2598, 4111, 3113, 4004, 4090, 4842, 14338, 7774, 0, 0, 508, 951, 1852, 2711, 3719, 3386, 2859, 2311, 8193, 751, 0, 0
18:49:34, 1006.30, 11.98, 20.97, 7.047, 1812, 1984, 2682, 3624, 2878, 3688, 3821, 4471, 13439, 7050, 0, 0, 499, 930, 1809, 2649, 3519, 3226, 2739, 2269, 8143, 959, 0, 0
18:49:35, 1007.20, 11.96, 20.97, 7.047, 1400, 1583, 2167, 2858, 2905, 3683, 3822, 4485, 12656, 5913, 0, 0, 481, 901, 1767, 2595, 3583, 3267, 2749, 2226, 7925, 712, 0, 0
18:49:36, 1005.90, 11.94, 21.00, 7.047, 1355, 1740, 2334, 3184, 2858, 3800, 3994, 4402, 12366, 4748, 0, 0, 489, 919, 1800, 2642, 3521, 3209, 2704, 2183, 7823, 699, 0, 0
18:49:36, 1007.00, 11.89, 21.02, 7.039, 1363, 1709, 2294, 3005, 3141, 4879, 4417, 4918, 14176, 6961, 0, 0, 482, 894, 1736, 2550, 3539, 3217, 2707, 2180, 7846, 700, 0, 0
18:49:37, 1005.90, 11.86, 21.00, 7.039, 1133, 1510, 1989, 2755, 3851, 5939, 5930, 5994, 16359, 6939, 0, 0, 481, 903, 1763, 2596, 3585, 3264, 2764, 2235, 8043, 720, 0, 0
18:49:38, 1006.10, 11.83, 20.99, 7.039, 1282, 1658, 2199, 2956, 2774, 3304, 3873, 4202, 14378, 7365, 0, 0, 492, 908, 1740, 2548, 3446, 3199, 2749, 2352, 8231, 1046, 0, 0
18:49:38, 1006.10, 11.81, 20.95, 7.039, 1373, 1808, 2393, 3203, 3117, 3880, 4475, 4618, 14942, 7245, 0, 0, 493, 916, 1775, 2592, 3575, 3268, 2791, 2304, 8184, 901, 0, 0
18:49:39, 1005.30, 11.80, 21.02, 7.039, 1747, 2202, 2743, 4951, 3139, 3906, 4412, 4676, 14697, 7176, 0, 0, 503, 940, 1830, 2684, 3711, 3370, 2848, 2301, 8210, 766, 0, 0
18:49:40, 1007.40, 11.78, 20.95, 7.031, 1637, 1868, 2471, 3711, 2932, 6172, 5630, 4756, 15577, 4897, 0, 0, 490, 918, 1784, 2618, 3685, 3337, 2806, 2247, 8005, 676, 0, 0
18:49:40, 1007.90, 11.77, 20.97, 7.031, 1634, 1961, 2539, 4025, 3207, 5350, 4724, 4970, 14311, 6617, 0, 0, 475, 889, 1726, 2535, 3490, 3177, 2691, 2182, 7791, 764, 0, 0
18:49:41, 1007.80, 11.74, 20.95, 7.031, 1235, 1424, 1934, 2604, 3654, 6837, 6048, 5689, 16250, 5646, 0, 0, 468, 876, 1711, 2516, 3507, 3189, 2686, 2157, 7762, 702, 0, 0
18:49:42, 1009.30, 11.74, 20.95, 7.023, 1292, 1500, 2003, 2933, 2466, 2898, 3196, 3664, 10511, 3538, 0, 0, 479, 908, 1786, 2638, 3626, 3289, 2752, 2193, 7801, 625, 0, 0
18:49:42, 1010.30, 11.73, 20.94, 7.023, 1964, 1954, 2536, 5397, 3764, 11488, 9518, 9298, 18098, 4809, 0, 0, 461, 859, 1675, 2458, 3656, 3323, 2795, 2238, 7928, 674, 0, 0
18:49:43, 1007.30, 11.72, 20.99, 7.023, 1817, 1881, 2562, 3905, 4502, 11807, 9056, 8815, 19574, 6093, 0, 0, 460, 856, 1668, 2447, 3422, 3144, 2667, 2218, 7978, 973, 0, 0
18:49:44, 1011.50, 11.69, 20.97, 7.023, 3010, 2169, 3061, 4506, 2723, 4638, 3591, 4403, 10130, 3996, 0, 0, 479, 907, 1790, 2648, 3656, 3330, 2766, 2190, 7731, 592, 0, 0
18:49:44, 1018.30, 11.68, 20.94, 7.023, 2290, 1605, 2660, 3633, 2776, 3459, 3339, 4178, 9637, 2880, 0, 0, 494, 943, 1869, 2791, 3785, 3457, 2846, 2217, 7854, 537, 0, 0
18:49:45, 1022.20, 11.66, 20.95, 7.016, 1784, 1697, 2584, 3064, 3013, 5876, 3614, 4856, 9749, 2289, 0, 0, 486, 928, 1847, 2756, 3827, 3501, 2885, 2238, 7920, 537, 0, 0
18:49:46, 1027.20, 11.66, 20.95, 7.023, 2919, 1756, 3389, 4975, 3130, 4647, 3821, 4830, 9947, 2442, 0, 0, 473, 903, 1805, 2693, 3767, 3449, 2833, 2189, 7790, 524, 0, 0
18:49:46, 1032.80, 11.68, 20.97, 7.023, 1338, 1514, 2336, 2794, 3410, 7313, 4716, 5404, 11034, 2012, 0, 0, 451, 863, 1738, 2593, 3720, 3406, 2807, 2162, 7668, 511, 0, 0
18:49:47, 1037.10, 11.68, 20.95, 7.016, 1322, 1577, 2356, 3080, 2870, 3934, 3662, 4013, 10063, 1510, 0, 0, 435, 833, 1684, 2524, 3597, 3286, 2708, 2079, 7440, 490, 0, 0
18:49:48, 1047.40, 11.69, 20.97, 7.023, 1938, 1878, 2843, 4555, 2164, 2608, 2729, 2887, 7749, 954, 0, 0, 437, 834, 1702, 2565, 3632, 3336, 2759, 2114, 7517, 493, 0, 0
18:49:48, 1055.10, 11.70, 20.95, 7.023, 1170, 1566, 2222, 3923, 2561, 3662, 3968, 3359, 10167, 1072, 0, 0, 433, 828, 1688, 2559, 3584, 3299, 2748, 2102, 7368, 483, 0, 0
18:49:49, 1059.50, 11.70, 20.94, 7.008, 1394, 1798, 2454, 5410, 3227, 4493, 5780, 3835, 15414, 1147, 0, 0, 414, 795, 1619, 2479, 3550, 3275, 2736, 2095, 7352, 480, 0, 0
18:49:50, 1064.20, 11.70, 20.92, 7.016, 757, 1206, 1735, 2675, 5033, 7653, 11567, 5443, 27052, 1998, 0, 0, 397, 764, 1555, 2395, 3464, 3206, 2684, 2045, 7273, 474, 0, 0
18:49:50, 1069.50, 11.67, 20.92, 7.016, 1027, 1597, 2202, 4224, 3131, 3485, 4772, 3311, 16398, 1117, 0, 0, 400, 764, 1563, 2410, 3505, 3245, 2733, 2083, 7409, 483, 0, 0
18:49:51, 1075.00, 11.65, 20.95, 7.016, 579, 995, 1439, 2212, 2792, 2873, 4019, 2929, 14631, 1119, 0, 0, 404, 767, 1578, 2432, 3596, 3332, 2837, 2154, 7653, 500, 0, 0
18:49:52, 1084.60, 11.64, 20.92, 7.016, 526, 892, 1314, 2119, 2645, 2583, 3925, 2696, 15271, 1180, 0, 0, 398, 752, 1551, 2412, 3544, 3300, 2840, 2153, 7584, 496, 0, 0
18:49:52, 1088.60, 11.63, 20.88, 7.016, 589, 1121, 1639, 2816, 2610, 2316, 4078, 2341, 15785, 1164, 0, 0, 406, 769, 1584, 2478, 3611, 3394, 2920, 2234, 7535, 495, 0, 0
18:49:53, 1093.80, 11.64, 20.90, 7.008, 516, 965, 1482, 2200, 2948, 2500, 4088, 2532, 18405, 1363, 0, 0, 402, 758, 1570, 2463, 3685, 3480, 3013, 2321, 7760, 512, 0, 0
18:49:54, 1097.90, 11.66, 20.92, 7.008, 531, 1008, 1578, 2308, 3017, 2302, 4549, 2426, 24193, 2092, 0, 0, 410, 768, 1589, 2476, 3628, 3441, 2966, 2303, 7579, 507, 0, 0
18:49:54, 1101.40, 11.67, 20.94, 7.016, 655, 1302, 2082, 3258, 5119, 3064, 7266, 3230, 32039, 3427, 0, 0, 403, 759, 1558, 2463, 3505, 3347, 2877, 2236, 7348, 491, 0, 0
18:49:55, 1103.40, 11.64, 20.90, 7.016, 546, 1042, 1711, 2384, 3367, 2585, 3965, 2662, 19066, 1766, 0, 0, 416, 778, 1606, 2523, 3720, 3543, 3062, 2403, 7832, 523, 0, 0
18:49:56, 1104.40, 11.59, 20.87, 7.016, 621, 1162, 1982, 2535, 3677, 2501, 4411, 2653, 23401, 2490, 0, 0, 410, 770, 1585, 2495, 3723, 3549, 3075, 2408, 8084, 541, 0, 0
18:49:56, 1113.20, 11.55, 20.88, 7.016, 632, 1100, 1961, 2388, 2223, 1804, 2423, 1922, 12852, 1183, 0, 0, 421, 786, 1617, 2548, 3653, 3485, 3064, 2400, 8100, 559, 0, 0
18:49:57, 1119.00, 11.52, 20.87, 7.008, 843, 1413, 2866, 3144, 3427, 2351, 3621, 2453, 24292, 2573, 0, 0, 425, 785, 1609, 2548, 3731, 3628, 3185, 2531, 8451, 586, 0, 0
18:49:58, 1122.50, 11.50, 20.94, 7.008, 947, 1365, 3336, 2980, 3642, 2557, 3658, 2661, 25803, 3069, 0, 0, 423, 774, 1591, 2532, 3897, 3827, 3362, 2721, 8787, 619, 0, 0
18:49:58, 1126.40, 11.48, 20.92, 7.008, 693, 1103, 2251, 2374, 3835, 2683, 3777, 2742, 24243, 2553, 0, 0, 427, 778, 1606, 2551, 3833, 3767, 3319, 2687, 8622, 611, 0, 0
18:49:59, 1129.60, 11.47, 20.90, 7.008, 582, 979, 1848, 2082, 3241, 2479, 2987, 2455, 21956, 2712, 0, 0, 436, 787, 1626, 2586, 3904, 3886, 3415, 2783, 8959, 634, 0, 0
18:50:00, 1133.10, 11.47, 20.87, 7.008, 545, 881, 1685, 1877, 2890, 2306, 2653, 2267, 17910, 1893, 0, 0, 433, 776, 1601, 2566, 3833, 3825, 3369, 2793, 8694, 624, 0, 0
18:50:00, 1135.60, 11.41, 20.90, 7.008, 477, 755, 1457, 1614, 2835, 2210, 2503, 2142, 19270, 2123, 0, 0, 420, 749, 1541, 2476, 3771, 3771, 3352, 2746, 8491, 619, 0, 0
18:50:01, 1138.40, 11.39, 20.87, 7.016, 757, 1039, 2253, 2224, 2751, 2273, 2448, 2195, 18176, 1978, 0, 0, 440, 791, 1610, 2622, 3896, 3931, 3490, 2916, 9030, 661, 0, 0
18:50:02, 1144.40, 11.38, 20.87, 7.016, 821, 1153, 2565, 2473, 2844, 2359, 2432, 2190, 17939, 1798, 0, 0, 449, 795, 1634, 2668, 4100, 4153, 3718, 3099, 9875, 728, 0, 0
18:50:02, 1151.80, 11.37, 20.85, 7.008, 625, 916, 1862, 1999, 2884, 2508, 2367, 2241, 18629, 1847, 0, 0, 432, 745, 1533, 2508, 4088, 4222, 3866, 3225, 9674, 723, 0, 0
18:50:03, 1156.90, 11.36, 20.85, 7.008, 617, 919, 1838, 2034, 3216, 2837, 2615, 2545, 25390, 2678, 0, 0, 451, 777, 1601, 2607, 3908, 4099, 3771, 3148, 9709, 722, 0, 0
18:50:04, 1162.10, 11.35, 20.87, 7.008, 688, 954, 1998, 2146, 2643, 2338, 2164, 2020, 17243, 1662, 0, 0, 401, 695, 1418, 2281, 3742, 3903, 3623, 3070, 9516, 712, 0, 0
18:50:04, 1166.50, 11.34, 20.87, 7.000, 815, 1022, 2299, 2317, 3567, 3266, 2670, 2734, 22364, 2277, 0, 0, 385, 645, 1360, 2159, 3192, 3317, 3188, 2683, 9368, 734, 0, 0
18:50:05, 1168.10, 11.32, 20.81, 7.008, 645, 833, 1738, 1940, 2117, 2070, 1758, 1692, 12932, 1061, 0, 0, 380, 630, 1315, 2121, 3364, 3504, 3268, 2731, 9327, 732, 0, 0
18:50:06, 1168.20, 11.31, 20.83, 7.008, 141, 214, 426, 565, 645, 615, 566, 492, 2633, 208, 0, 0, 481, 819, 1686, 2702, 5279, 5526, 5242, 4451, 13984, 1074, 0, 0
18:50:06, 1168.30, 11.33, 20.85, 7.016, 134, 205, 406, 525, 673, 649, 591, 516, 2752, 218, 0, 0, 544, 926, 1909, 3076, 4993, 5212, 4944, 4191, 13238, 1025, 0, 0
18:50:07, 1167.70, 11.35, 20.81, 7.016, 143, 218, 432, 559, 675, 649, 581, 518, 2859, 226, 0, 0, 593, 1005, 2071, 3337, 4397, 4547, 4296, 3610, 11616, 902, 0, 0
18:50:08, 1166.50, 11.37, 20.81, 7.023, 273, 412, 810, 981, 1585, 1524, 1341, 1259, 8335, 672, 0, 0, 326, 546, 1134, 1812, 3181, 3297, 3236, 2731, 9863, 787, 0, 0
18:50:08, 1166.80, 11.35, 20.83, 7.016, 555, 752, 1535, 1751, 1978, 1963, 1671, 1651, 11625, 961, 0, 0, 332, 562, 1159, 1854, 3043, 3083, 2952, 2416, 8925, 671, 0, 0
18:50:09, 1167.10, 11.35, 20.85, 7.016, 546, 766, 1523, 1791, 2947, 3209, 2367, 2472, 19444, 1528, 0, 0, 301, 497, 1009, 1658, 1930, 1999, 1880, 1593, 5878, 490, 0, 0
18:50:10, 1167.10, 11.38, 20.81, 7.023, 508, 699, 1379, 1633, 2260, 2417, 1909, 1942, 13911, 1060, 0, 0, 418, 693, 1439, 2304, 2695, 2749, 2607, 2150, 8073, 631, 0, 0
18:50:10, 1166.90, 11.39, 20.81, 7.023, 852, 961, 2040, 2322, 2860, 3187, 2325, 2464, 19689, 1544, 0, 0, 221, 370, 757, 1224, 2327, 2436, 2344, 2003, 7220, 601, 0, 0
18:50:11, 1166.40, 11.38, 20.78, 7.023, 650, 849, 1729, 1994, 2429, 2521, 1996, 1992, 14508, 1110, 0, 0, 258, 430, 885, 1427, 2401, 2519, 2435, 2064, 7474, 621, 0, 0
18:50:12, 1164.10, 11.39, 20.78, 7.031, 942, 1150, 2519, 2761, 3473, 3969, 2719, 2963, 21182, 1887, 0, 0, 328, 553, 1151, 1821, 3304, 3357, 3197, 2643, 8976, 662, 0, 0
18:50:12, 1158.70, 11.42, 20.78, 7.023, 1189, 1252, 3009, 2996, 4418, 5331, 3305, 3930, 30326, 2837, 0, 0, 351, 601, 1235, 1974, 3478, 3620, 3292, 2781, 8637, 642, 0, 0
18:50:13, 1150.80, 11.47, 20.80, 7.023, 1672, 1339, 3694, 3014, 3496, 3301, 2765, 2832, 19779, 1742, 0, 0, 399, 680, 1406, 2264, 3766, 3867, 3502, 2905, 8958, 673, 0, 0
18:50:14, 1142.70, 11.47, 20.78, 7.008, 808, 1087, 2302, 2374, 3746, 3194, 2981, 2877, 26487, 2741, 0, 0, 422, 736, 1516, 2462, 3729, 3825, 3429, 2831, 8794, 652, 0, 0
18:50:14, 1137.00, 11.46, 20.78, 7.023, 811, 1187, 2540, 2567, 4772, 3336, 4174, 3315, 35194, 4400, 0, 1, 420, 749, 1544, 2483, 3730, 3742, 3327, 2715, 8748, 628, 0, 0
18:50:15, 1133.40, 11.48, 20.76, 7.023, 724, 1192, 2471, 2647, 3803, 2633, 3849, 2665, 27743, 3014, 0, 0, 404, 725, 1495, 2389, 3692, 3667, 3282, 2611, 8713, 605, 0, 0
18:50:15, 1130.00, 11.47, 20.78, 7.023, 871, 1565, 3148, 3707, 5672, 3181, 6438, 3419, 34374, 4266, 0, 1, 399, 717, 1498, 2376, 3696, 3644, 3214, 2559, 8396, 576, 0, 0
18:50:16, 1125.60, 11.42, 20.75, 7.016, 649, 1270, 2268, 3037, 4940, 3106, 6087, 3185, 31900, 3344, 0, 0, 407, 740, 1537, 2458, 3555, 3498, 3073, 2436, 7768, 533, 0, 0
18:50:17, 1119.50, 11.39, 20.80, 7.016, 561, 1106, 1898, 2622, 5326, 3262, 6709, 3310, 30323, 3285, 0, 0, 405, 744, 1543, 2457, 3555, 3466, 3035, 2387, 7551, 513, 0, 0
18:50:17, 1110.70, 11.36, 20.78, 7.008, 682, 1454, 2452, 4003, 5383, 3331, 8346, 3368, 35673, 3745, 0, 1, 401, 742, 1545, 2444, 3614, 3494, 3042, 2362, 7679, 508, 0, 0
18:50:18, 1102.90, 11.33, 20.76, 7.008, 760, 1643, 2561, 4750, 4548, 3252, 6753, 3140, 28559, 2467, 0, 0, 391, 729, 1516, 2394, 3659, 3458, 3012, 2302, 7855, 514, 0, 0
18:50:19, 1098.60, 11.31, 20.78, 7.008, 691, 1483, 2101, 4426, 3545, 3177, 5522, 2930, 20957, 1436, 0, 0, 395, 734, 1538, 2392, 3608, 3401, 2941, 2265, 7520, 496, 0, 0
18:50:19, 1093.60, 11.30, 20.76, 7.008, 734, 1429, 2011, 3954, 4397, 5317, 8575, 3833, 27893, 1492, 0, 0, 396, 747, 1551, 2423, 3542, 3325, 2872, 2195, 7114, 470, 0, 0
18:50:20, 1087.00, 11.26, 20.78, 7.000, 766, 1283, 1861, 3436, 3549, 4203, 5262, 3599, 15396, 861, 0, 0, 391, 737, 1537, 2378, 3511, 3287, 2791, 2150, 6878, 458, 0, 0
18:50:21, 1079.00, 11.23, 20.75, 7.000, 784, 1187, 1744, 3134, 2911, 4174, 4562, 3200, 11777, 673, 0, 0, 395, 745, 1556, 2381, 3396, 3175, 2654, 2035, 6823, 448, 0, 0
18:50:21, 1069.60, 11.20, 20.75, 7.000, 979, 1340, 1972, 3518, 3304, 5733, 5460, 4207, 12570, 993, 0, 0, 397, 748, 1555, 2358, 3490, 3251, 2696, 2064, 7210, 472, 0, 0
18:50:22, 1062.80, 11.17, 20.75, 7.000, 811, 1099, 1710, 2493, 3533, 6659, 4513, 4686, 9819, 954, 0, 0, 404, 776, 1591, 2439, 3548, 3281, 2717, 2076, 7347, 480, 0, 0
18:50:23, 1058.10, 11.14, 20.73, 7.008, 1395, 1403, 2484, 3649, 4945, 7673, 5005, 5843, 8473, 734, 0, 0, 434, 846, 1729, 2663, 3802, 3498, 2906, 2226, 7765, 512, 0, 0
18:50:23, 1053.60, 11.10, 20.75, 7.008, 3565, 2215, 5737, 5645, 3361, 4580, 3350, 4293, 6085, 553, 0, 0, 434, 840, 1720, 2641, 3802, 3502, 2909, 2217, 7786, 517, 0, 0
18:50:24, 1048.40, 11.07, 20.76, 7.008, 5636, 2339, 7828, 4630, 3209, 4010, 3064, 4164, 5767, 630, 0, 0, 436, 841, 1721, 2625, 3730, 3424, 2829, 2167, 7663, 514, 0, 0
18:50:25, 1042.20, 11.06, 20.75, 7.008, 1240, 1472, 2520, 2692, 4842, 5348, 4195, 5482, 6556, 883, 0, 0, 442, 851, 1728, 2625, 3709, 3401, 2798, 2143, 7819, 526, 0, 0
18:50:25, 1032.50, 11.05, 20.76, 7.008, 1149, 1072, 2224, 2256, 3883, 4106, 3617, 4321, 6777, 975, 0, 0, 438, 843, 1704, 2587, 3676, 3357, 2734, 2092, 7723, 519, 0, 0
18:50:26, 1026.70, 11.07, 20.75, 7.008, 922, 1264, 1938, 2172, 2470, 2476, 2704, 2955, 6100, 879, 0, 0, 466, 899, 1815, 2735, 3819, 3476, 2819, 2170, 8006, 540, 0, 0
18:50:27, 1021.00, 11.09, 20.69, 7.008, 2946, 2528, 5597, 3759, 8283, 4785, 10397, 7662, 7772, 1701, 0, 0, 488, 939, 1881, 2810, 3961, 3594, 2948, 2289, 8552, 586, 0, 0
18:50:27, 1015.20, 11.10, 20.68, 7.008, 1440, 1950, 3659, 3215, 7672, 3187, 10802, 4705, 8600, 2429, 0, 0, 508, 979, 1937, 2890, 4034, 3663, 3030, 2396, 9087, 645, 0, 0
18:50:28, 1009.60, 11.11, 20.71, 7.008, 1042, 1550, 2193, 2568, 5358, 3031, 9078, 4361, 9101, 3007, 0, 0, 520, 1000, 1967, 2931, 4123, 3713, 3093, 2432, 9630, 713, 0, 0
18:50:29, 1005.50, 11.10, 20.73, 7.016, 1137, 1765, 2362, 3161, 3910, 3218, 6473, 4332, 11507, 5168, 0, 0, 534, 1018, 1994, 2946, 3956, 3543, 2980, 2350, 9606, 741, 0, 0
18:50:29, 1006.30, 11.11, 20.69, 7.016, 1352, 2177, 2782, 4682, 6171, 4621, 11329, 5325, 12082, 5862, 0, 0, 535, 1016, 1984, 2944, 4114, 3695, 3101, 2457, 9863, 772, 0, 0
18:50:30, 1006.40, 11.12, 20.69, 7.016, 1624, 3825, 4268, 10926, 5299, 4246, 10663, 5073, 13049, 6950, 0, 0, 538, 1024, 2003, 2961, 4121, 3709, 3108, 2470, 9864, 777, 0, 0
18:50:31, 1001.60, 11.14, 20.68, 7.023, 1313, 2126, 2747, 4292, 6076, 3880, 12309, 5156, 12765, 7018, 0, 0, 560, 1057, 2057, 3028, 4209, 3778, 3165, 2529, 10056, 815, 0, 0
18:50:31, 1001.80, 11.11, 20.64, 7.086, 1248, 1858, 2482, 3265, 3910, 3214, 6640, 4409, 14151, 8977, 0, 0, 2883, 6702, 7683, 12281, 12190, 12707, 12951, 16823, 24014, 8899, 0, 0
18:50:32, 1001.30, 11.09, 20.69, 7.086, 1348, 1919, 2814, 3009, 3539, 2702, 4478, 3654, 10395, 7407, 0, 0, 3371, 6657, 8567, 13401, 7812, 8577, 9134, 10351, 18025, 5733, 0, 0
18:50:33, 1001.10, 11.07, 20.71, 7.148, 1014, 1253, 1840, 1848, 2394, 2320, 2686, 3070, 8926, 6368, 0, 0, 2628, 4105, 5821, 7587, 10744, 11742, 14550, 18052, 36000, 36000, 1, 1
18:50:33, 1001.00, 11.07, 20.69, 7.070, 1949, 1574, 2375, 2629, 2175, 2598, 2611, 3167, 9971, 6793, 0, 0, 2010, 3274, 4547, 6231, 8820, 9159, 10180, 12453, 32284, 13659, 0, 0
18:50:34, 1001.80, 11.09, 20.68, 7.070, 1486, 2104, 2523, 5434, 8516, 4937, 24857, 5548, 36000, 34745, 1, 1, 2923, 5068, 6755, 9065, 10521, 11121, 13442, 17397, 35827, 16842, 0, 1
18:50:35, 1000.70, 11.13, 20.69, 7.062, 1287, 2012, 3210, 3606, 6526, 3247, 10442, 4787, 36000, 36000, 1, 1, 3442, 6818, 8001, 11568, 17242, 17486, 24236, 30108, 36000, 28987, 1, 1
18:50:35, 1000.80, 11.16, 20.66, 7.062, 1491, 1770, 3164, 2710, 3974, 2909, 4285, 4061, 36000, 35799, 1, 1, 4383, 9136, 10547, 15429, 14212, 15359, 20414, 25688, 35935, 19723, 0, 1
18:50:36, 1000.70, 11.17, 20.69, 7.039, 1389, 1674, 2873, 2550, 3218, 2750, 3644, 3749, 27536, 19589, 0, 0, 3507, 6775, 8486, 11619, 16396, 15718, 20216, 26308, 36000, 29406, 1, 1
