Secchi Depth (cm) = 0103
Forel Ule Scale = 14
pH Colour Scale = 99
SensingSecchi S/N = A016
Latitude (degs N) = 34.14006
Longitude (degs E) = -77.86247
Date = 2026-03-18
Time (UTC), Pressure (mbar) MS5803, Temp (deg C) MS5803, Temp (deg C) 10KTHERM, Temp (deg C) TMP117, ED 415nm, ED 445nm, ED 480nm, ED 515nm, ED 555nm, ED 590nm, ED 630nm, ED 680nm, ED Clear, ED NIR, ED D-SAT, ED A-SAT, EU 415nm, EU 445nm, EU 480nm, EU 515nm, EU 555nm, EU 590nm, EU 630nm, EU 680nm, EU Clear, EU NIR, EU D-SAT, EU A-SAT
15:33:31, 1022.30, 15.93, 19.68, 10.203, 1305, 2032, 2733, 3139, 2550, 2522, 2947, 3057, 12751, 4285, 0, 0, 10178, 13901, 17298, 22882, 22554, 27949, 32574, 36000, 36000, 36000, 1, 1
15:33:31, 1023.30, 15.96, 19.66, 10.367, 915, 1393, 1908, 2244, 2357, 2458, 2851, 3166, 11402, 4184, 0, 0, 9906, 12987, 16944, 19760, 19772, 21899, 27122, 35275, 36000, 36000, 1, 1
15:33:32, 1023.70, 15.98, 19.68, 10.578, 789, 1146, 1622, 2045, 2445, 2762, 3277, 3939, 13222, 7751, 0, 0, 6400, 9292, 11911, 13296, 14116, 14258, 16309, 19231, 36000, 36000, 1, 1
15:33:33, 1023.70, 15.98, 19.73, 10.578, 1008, 1404, 1963, 2492, 3249, 3586, 4413, 5194, 14368, 7942, 0, 0, 2448, 2920, 4391, 4672, 8926, 10280, 16176, 18584, 36000, 36000, 1, 1
15:33:33, 1024.20, 16.01, 19.76, 10.719, 949, 1388, 1929, 2434, 2970, 3321, 4045, 4793, 14604, 8678, 0, 0, 7322, 10281, 15241, 16990, 17626, 19624, 23310, 31493, 36000, 36000, 1, 1
15:33:34, 1023.70, 16.02, 19.75, 10.719, 828, 1216, 1696, 2165, 2460, 2827, 3383, 4177, 12243, 8196, 0, 0, 8867, 10869, 14524, 17663, 13976, 15079, 19339, 25447, 36000, 36000, 1, 1
15:33:35, 1023.40, 16.02, 19.75, 10.805, 324, 414, 557, 666, 558, 717, 1176, 1840, 4731, 3121, 0, 0, 6674, 9817, 11364, 13192, 9347, 10146, 12570, 17782, 36000, 36000, 1, 1
15:33:35, 1023.30, 16.02, 19.75, 10.984, 891, 1248, 1768, 2123, 2359, 2546, 2933, 3426, 11546, 4915, 0, 0, 5472, 7821, 9169, 11768, 14064, 17709, 23935, 34194, 36000, 36000, 1, 1
15:33:36, 1023.20, 16.01, 19.71, 10.984, 958, 1379, 1955, 2342, 2773, 2925, 3476, 4005, 13883, 6097, 0, 0, 5325, 7839, 9594, 11644, 12703, 14554, 16635, 23423, 36000, 36000, 1, 1
15:33:37, 1023.10, 16.01, 19.75, 10.883, 2450, 3409, 5988, 5457, 21121, 20586, 22940, 29769, 36000, 36000, 1, 1, 4334, 6122, 7547, 9713, 11530, 12458, 14104, 17270, 36000, 36000, 1, 1
15:33:37, 1023.10, 16.02, 19.75, 10.781, 9287, 18415, 24135, 30676, 36000, 36000, 36000, 36000, 36000, 36000, 1, 1, 5286, 7399, 9262, 11711, 14916, 17806, 20722, 30084, 36000, 36000, 1, 1
15:33:38, 1023.30, 16.02, 19.69, 10.781, 6509, 11800, 14474, 21408, 18083, 20530, 27953, 28944, 36000, 36000, 1, 1, 8446, 12982, 16135, 20921, 24291, 27552, 32723, 36000, 36000, 36000, 1, 1
15:33:39, 1022.80, 16.01, 19.69, 10.695, 4235, 3914, 4007, 9438, 7125, 7851, 16786, 6060, 31815, 19093, 0, 0, 6234, 10673, 14179, 18727, 30886, 35453, 36000, 36000, 36000, 36000, 1, 1
15:33:39, 1023.40, 16.02, 19.73, 10.578, 3866, 2845, 5712, 4761, 13462, 19541, 18489, 24344, 36000, 32616, 1, 1, 8511, 12611, 18777, 23203, 27386, 30426, 35590, 36000, 36000, 36000, 1, 1
15:33:40, 1022.70, 16.02, 19.73, 10.578, 814, 1169, 1557, 1669, 3906, 4126, 3835, 5279, 8030, 5011, 0, 0, 8254, 11456, 16187, 19432, 22084, 24679, 30133, 36000, 36000, 36000, 1, 1
15:33:41, 1023.10, 16.02, 19.69, 10.531, 630, 871, 1127, 1218, 5950, 10332, 6185, 11053, 10430, 5580, 0, 0, 5754, 9271, 12500, 17009, 26059, 28467, 34565, 36000, 36000, 36000, 1, 1
15:33:41, 1023.50, 16.04, 19.68, 10.461, 2201, 2450, 4100, 3586, 15360, 11850, 21870, 19877, 11690, 5384, 0, 0, 6005, 9234, 12919, 16436, 17010, 19672, 22486, 26817, 36000, 18357, 1, 1
15:33:42, 1023.30, 16.02, 19.69, 10.461, 5255, 4353, 6889, 9360, 5599, 9214, 5466, 9056, 36000, 32185, 1, 1, 8213, 13656, 18754, 24781, 32032, 33866, 36000, 36000, 36000, 36000, 1, 1
15:33:43, 1022.90, 16.04, 19.68, 10.375, 3179, 5566, 8616, 10784, 20068, 19686, 26178, 31234, 36000, 36000, 1, 1, 6447, 9421, 13740, 18330, 14824, 16761, 20463, 24821, 36000, 36000, 1, 1
15:33:43, 1023.70, 16.06, 19.71, 10.297, 4312, 3110, 5391, 5977, 4826, 6977, 4801, 7619, 10646, 6207, 0, 0, 1840, 3398, 4969, 7439, 8138, 8131, 8757, 9030, 20858, 4072, 0, 0
15:33:44, 1023.80, 16.06, 19.69, 10.297, 4302, 5944, 9632, 9595, 11765, 7692, 16434, 12388, 11551, 5481, 0, 0, 2122, 4233, 5316, 8551, 10410, 9726, 12730, 11451, 30946, 10184, 0, 0
15:33:45, 1027.90, 15.99, 19.66, 10.258, 4828, 6640, 7560, 15214, 14402, 20695, 22780, 26425, 36000, 29535, 1, 1, 750, 1296, 2571, 4038, 6060, 6134, 6144, 5604, 17274, 1521, 0, 0
15:33:45, 1029.40, 15.80, 19.68, 11.602, 3674, 9475, 9147, 12726, 13837, 18454, 16714, 25310, 35750, 33868, 0, 1, 817, 1414, 2811, 4428, 6143, 6232, 6232, 5681, 17271, 1472, 0, 0
15:33:46, 1028.90, 15.68, 19.64, 11.602, 7103, 13972, 15332, 16231, 27111, 20347, 33004, 34183, 36000, 36000, 1, 1, 751, 1301, 2599, 4079, 5836, 5901, 5915, 5382, 16619, 1426, 0, 0
15:33:47, 1029.90, 15.61, 19.64, 12.242, 7310, 14595, 12110, 14995, 26464, 24151, 35759, 36000, 36000, 36000, 1, 1, 722, 1247, 2490, 3903, 5856, 5925, 5941, 5418, 16791, 1450, 0, 0
15:33:47, 1029.30, 15.56, 19.66, 12.523, 6988, 8100, 14070, 15985, 21850, 19507, 22839, 30930, 35643, 31303, 0, 1, 710, 1231, 2449, 3824, 5633, 5698, 5712, 5212, 16243, 1402, 0, 0
15:33:48, 1028.90, 15.51, 19.68, 12.523, 7666, 6966, 13864, 16707, 8620, 23044, 13732, 25899, 36000, 36000, 1, 1, 765, 1322, 2616, 4083, 5957, 6024, 6046, 5515, 17175, 1493, 0, 0
15:33:48, 1029.10, 15.43, 19.62, 12.648, 7056, 5480, 9413, 15573, 5963, 28433, 8778, 21476, 36000, 35655, 1, 1, 783, 1354, 2687, 4219, 5909, 5979, 6006, 5468, 16955, 1466, 0, 0
15:33:49, 1030.70, 15.41, 19.64, 12.648, 6337, 9152, 11335, 16773, 16405, 22535, 21789, 27759, 36000, 8995, 1, 1, 803, 1385, 2759, 4354, 6473, 6599, 6554, 6007, 17979, 1568, 0, 0
15:33:50, 1031.00, 15.38, 19.59, 12.695, 5650, 10835, 17755, 16294, 19688, 19093, 26212, 33511, 14678, 3932, 0, 1, 741, 1285, 2575, 4105, 6246, 6380, 6311, 5771, 16902, 1462, 0, 0
15:33:50, 1032.20, 15.36, 19.59, 12.734, 2811, 7281, 8383, 18077, 16028, 16813, 21389, 31471, 12658, 3475, 0, 0, 718, 1247, 2516, 4028, 5921, 6038, 5975, 5434, 15779, 1349, 0, 0
15:33:51, 1031.80, 15.35, 19.61, 12.734, 6254, 11425, 13267, 15397, 19676, 22763, 25321, 36000, 13471, 3955, 1, 1, 734, 1273, 2563, 4097, 6142, 6283, 6204, 5684, 16391, 1418, 0, 0
15:33:52, 1032.00, 15.35, 19.62, 12.742, 3899, 7433, 11019, 16853, 17571, 20553, 26378, 24117, 13743, 3642, 0, 0, 736, 1275, 2567, 4099, 6053, 6190, 6133, 5614, 16420, 1413, 0, 0
15:33:52, 1030.60, 15.35, 19.57, 12.750, 4663, 8515, 8555, 21032, 17472, 20698, 24121, 31108, 23795, 4514, 0, 0, 750, 1300, 2596, 4126, 6187, 6306, 6285, 5755, 17255, 1491, 0, 0
15:33:53, 1030.80, 15.36, 19.59, 12.750, 6313, 8170, 9313, 14245, 12560, 19757, 28458, 25450, 36000, 13008, 1, 1, 785, 1357, 2697, 4245, 6249, 6340, 6347, 5798, 17713, 1524, 0, 0
15:33:54, 1031.10, 15.37, 19.61, 12.742, 6978, 8072, 11616, 16123, 10446, 21276, 17694, 27226, 36000, 35819, 1, 1, 753, 1301, 2596, 4080, 6079, 6162, 6177, 5639, 17298, 1476, 0, 0
15:33:54, 1030.10, 15.37, 19.54, 12.758, 8060, 5330, 12457, 15244, 20805, 26236, 27042, 31288, 36000, 36000, 1, 1, 738, 1278, 2555, 4011, 5954, 6028, 6041, 5501, 16862, 1433, 0, 0
15:33:55, 1030.50, 15.36, 19.57, 12.758, 8731, 5321, 12113, 15862, 10162, 19794, 8204, 17325, 36000, 36000, 1, 1, 782, 1355, 2691, 4220, 6139, 6220, 6231, 5681, 17359, 1478, 0, 0
15:33:56, 1028.80, 15.34, 19.57, 12.750, 7274, 4948, 12356, 13465, 23932, 23185, 27675, 33870, 36000, 36000, 1, 1, 743, 1286, 2567, 4035, 6113, 6194, 6198, 5652, 17308, 1492, 0, 0
15:33:56, 1029.20, 15.34, 19.59, 12.766, 6687, 9663, 12633, 17880, 12498, 20567, 26887, 31239, 36000, 34032, 1, 1, 785, 1358, 2698, 4243, 6260, 6349, 6349, 5797, 17794, 1550, 0, 0
15:33:57, 1029.30, 15.34, 19.57, 12.766, 6552, 12738, 17185, 15430, 23386, 21308, 24017, 34209, 36000, 35836, 1, 1, 781, 1352, 2677, 4207, 6255, 6346, 6355, 5815, 17843, 1568, 0, 0
15:33:58, 1028.60, 15.35, 19.57, 12.758, 5262, 14466, 14325, 20258, 13092, 22312, 24844, 29510, 36000, 30932, 1, 1, 774, 1339, 2653, 4155, 6004, 6074, 6093, 5560, 17208, 1490, 0, 0
15:33:58, 1031.20, 15.35, 19.56, 12.766, 5275, 15124, 14265, 21513, 26970, 18837, 27102, 35275, 36000, 36000, 1, 1, 796, 1375, 2732, 4280, 6579, 6685, 6686, 6122, 18742, 1622, 0, 0
15:33:59, 1030.50, 15.36, 19.54, 12.766, 5341, 13884, 12892, 20309, 31893, 16846, 26142, 31641, 36000, 35995, 1, 1, 722, 1247, 2498, 3928, 6029, 6114, 6126, 5589, 17097, 1456, 0, 0
15:34:00, 1032.30, 15.35, 19.56, 12.758, 6941, 7863, 13293, 16139, 17257, 23684, 24724, 31283, 36000, 36000, 1, 1, 765, 1325, 2645, 4164, 6342, 6448, 6447, 5889, 17878, 1514, 0, 0
15:34:00, 1031.50, 15.34, 19.54, 12.766, 6655, 7823, 10727, 13067, 23221, 21119, 26393, 36000, 36000, 34482, 1, 1, 721, 1247, 2515, 3982, 6065, 6156, 6155, 5607, 17188, 1452, 0, 0
15:34:01, 1032.90, 15.31, 19.52, 12.766, 6514, 2164, 6551, 5255, 6522, 18835, 6647, 15099, 36000, 35376, 1, 1, 702, 1214, 2441, 3849, 5572, 5644, 5648, 5134, 15933, 1330, 0, 0
15:34:02, 1032.80, 15.30, 19.52, 12.758, 7401, 6164, 13432, 17111, 14162, 21838, 11027, 27511, 36000, 36000, 1, 1, 684, 1183, 2375, 3750, 5505, 5581, 5585, 5093, 15839, 1342, 0, 0
15:34:02, 1033.10, 15.30, 19.52, 12.758, 5991, 5037, 12375, 9864, 18053, 27229, 10964, 33003, 36000, 36000, 1, 1, 711, 1234, 2456, 3862, 5686, 5770, 5775, 5273, 16187, 1371, 0, 0
15:34:03, 1034.60, 15.31, 19.52, 12.766, 6592, 10318, 13719, 17322, 19109, 22036, 13164, 26368, 36000, 36000, 1, 1, 695, 1208, 2427, 3838, 5639, 5720, 5729, 5229, 15888, 1334, 0, 0
15:34:04, 1037.80, 15.30, 19.50, 12.766, 4259, 1911, 5290, 3234, 4731, 6002, 4183, 6289, 36000, 33271, 1, 1, 685, 1190, 2420, 3866, 5294, 5365, 5386, 4875, 14804, 1198, 0, 0
15:34:04, 1027.80, 15.28, 19.49, 12.766, 5977, 6556, 12707, 13021, 16752, 22151, 12766, 29177, 36000, 36000, 1, 1, 732, 1265, 2532, 3972, 5931, 6001, 6006, 5464, 17011, 1455, 0, 0
15:34:05, 1027.00, 15.25, 19.50, 12.766, 7839, 9474, 15865, 20831, 24494, 19651, 29618, 34381, 36000, 35948, 1, 1, 759, 1312, 2585, 4041, 5911, 5978, 5997, 5473, 17335, 1544, 0, 0
15:34:06, 1027.60, 15.23, 19.50, 12.773, 7841, 9641, 13487, 17151, 14424, 20371, 26991, 25829, 36000, 17587, 1, 1, 734, 1266, 2507, 3935, 5647, 5711, 5724, 5218, 16484, 1461, 0, 0
15:34:06, 1028.90, 15.22, 19.47, 12.773, 4933, 7623, 6669, 16616, 14808, 18242, 24118, 19060, 27109, 5959, 0, 0, 784, 1356, 2682, 4221, 6307, 6419, 6402, 5869, 17942, 1582, 0, 0
15:34:07, 1028.20, 15.23, 19.50, 12.766, 6505, 9401, 15046, 17125, 15599, 23726, 28350, 22160, 36000, 8359, 1, 1, 820, 1413, 2789, 4386, 6420, 6543, 6516, 5994, 18111, 1609, 0, 0
15:34:08, 1029.30, 15.23, 19.49, 12.758, 8125, 11118, 8935, 23431, 10623, 16296, 19178, 14569, 30651, 7859, 0, 0, 841, 1447, 2862, 4492, 6537, 6670, 6637, 6101, 18386, 1634, 0, 0
15:34:08, 1029.10, 15.24, 19.49, 12.758, 9090, 12523, 14706, 23445, 17345, 21225, 26616, 27407, 36000, 8389, 1, 1, 771, 1332, 2644, 4175, 6149, 6273, 6236, 5729, 17362, 1532, 0, 0
15:34:09, 1028.80, 15.24, 19.50, 12.766, 6910, 10614, 18589, 19811, 19813, 26769, 33328, 29528, 31636, 6255, 0, 1, 732, 1265, 2516, 3987, 5659, 5770, 5730, 5241, 16043, 1415, 0, 0
15:34:10, 1028.10, 15.25, 19.49, 12.773, 7754, 13334, 15399, 21728, 20215, 23958, 28309, 35561, 24553, 5966, 0, 1, 713, 1235, 2455, 3894, 5484, 5593, 5547, 5066, 15509, 1369, 0, 0
15:34:10, 1031.50, 15.25, 19.44, 12.773, 6287, 12068, 17472, 19589, 8481, 10129, 16187, 8938, 14039, 4494, 0, 0, 799, 1382, 2747, 4345, 5982, 6109, 6067, 5567, 16729, 1453, 0, 0
15:34:11, 1030.40, 15.25, 19.45, 12.758, 6892, 12316, 17849, 17499, 25590, 27995, 34655, 30402, 35502, 7222, 0, 1, 740, 1279, 2549, 4041, 5875, 5971, 5964, 5446, 16676, 1439, 0, 0
15:34:12, 1031.00, 15.25, 19.44, 12.758, 6197, 8210, 10554, 13895, 5705, 19779, 17700, 14332, 36000, 12899, 1, 1, 784, 1353, 2691, 4234, 6011, 6091, 6106, 5569, 17195, 1473, 0, 0
15:34:12, 1030.30, 15.23, 19.45, 12.758, 6381, 6924, 12050, 14345, 13046, 25136, 20583, 30708, 36000, 34857, 1, 1, 742, 1279, 2559, 4009, 5860, 5932, 5942, 5405, 16743, 1421, 0, 0
15:34:13, 1030.30, 15.22, 19.45, 12.766, 7389, 3272, 10462, 9038, 12701, 23616, 7821, 20037, 36000, 36000, 1, 1, 740, 1285, 2557, 4017, 5855, 5920, 5934, 5400, 16702, 1416, 0, 0
15:34:14, 1030.30, 15.21, 19.45, 12.773, 6893, 2905, 10480, 8461, 11756, 22551, 7055, 20217, 36000, 36000, 1, 1, 763, 1319, 2632, 4131, 5923, 5997, 6007, 5464, 16858, 1428, 0, 0
15:34:14, 1029.90, 15.21, 19.42, 12.773, 8011, 3984, 13282, 12016, 5081, 16739, 6078, 13986, 36000, 34018, 1, 1, 775, 1340, 2674, 4201, 5943, 6006, 6023, 5478, 16941, 1430, 0, 0
15:34:15, 1030.30, 15.21, 19.42, 12.773, 7461, 8426, 13950, 17294, 5263, 23572, 7014, 17064, 36000, 35329, 1, 1, 796, 1375, 2731, 4290, 6150, 6235, 6242, 5690, 17513, 1496, 0, 0
15:34:16, 1030.30, 15.20, 19.42, 12.773, 5915, 6713, 12056, 14622, 12296, 21052, 21463, 27935, 36000, 35847, 1, 1, 747, 1290, 2582, 4065, 5973, 6043, 6057, 5503, 17155, 1470, 0, 0
15:34:16, 1034.80, 15.20, 19.45, 12.781, 7522, 5473, 11798, 16227, 6893, 20020, 8888, 23658, 36000, 36000, 1, 1, 780, 1347, 2701, 4266, 6219, 6326, 6325, 5765, 17618, 1480, 0, 0
15:34:17, 1032.60, 15.21, 19.45, 12.773, 5226, 5722, 9449, 12516, 18551, 14603, 20679, 25394, 36000, 22014, 1, 1, 700, 1206, 2441, 3867, 5747, 5829, 5841, 5311, 16515, 1392, 0, 0
15:34:18, 1026.80, 15.21, 19.42, 12.773, 7059, 9455, 12358, 17013, 9908, 23387, 22314, 31894, 36000, 35888, 1, 1, 727, 1250, 2479, 3878, 5692, 5751, 5764, 5256, 16818, 1493, 0, 0
15:34:18, 1029.80, 15.19, 19.38, 12.773, 7215, 7933, 9746, 14935, 8769, 18829, 20041, 21017, 35932, 19949, 0, 1, 713, 1228, 2443, 3847, 5830, 5906, 5908, 5377, 16843, 1470, 0, 0
15:34:19, 1031.20, 15.18, 19.38, 12.766, 2113, 2834, 3099, 6051, 10931, 13496, 15433, 16893, 35775, 5745, 0, 1, 728, 1259, 2527, 4020, 5899, 6019, 5987, 5472, 16516, 1419, 0, 0
15:34:20, 1032.20, 15.16, 19.42, 12.766, 4844, 11050, 8990, 20437, 15369, 15670, 31090, 20415, 18314, 4294, 0, 0, 797, 1378, 2762, 4393, 6494, 6642, 6578, 6037, 17670, 1529, 0, 0
15:34:20, 1031.90, 15.16, 19.38, 12.758, 6208, 10684, 16236, 15748, 22102, 21032, 28715, 33420, 17980, 4428, 0, 1, 786, 1361, 2732, 4348, 6514, 6665, 6588, 6037, 17709, 1533, 0, 0
15:34:21, 1031.70, 15.15, 19.40, 12.750, 8052, 14857, 20360, 23039, 19813, 18779, 28850, 35800, 18177, 4220, 0, 1, 753, 1302, 2620, 4183, 6245, 6395, 6321, 5792, 17078, 1473, 0, 0
15:34:22, 1032.90, 15.15, 19.37, 12.750, 7412, 15847, 22324, 23150, 20272, 23251, 29984, 35926, 28279, 5536, 0, 1, 755, 1305, 2609, 4148, 6248, 6387, 6348, 5827, 17381, 1514, 0, 0
15:34:22, 1032.50, 15.15, 19.40, 12.758, 6056, 12380, 18668, 16483, 23980, 22623, 30344, 35963, 36000, 6123, 1, 1, 674, 1166, 2342, 3740, 5783, 5884, 5873, 5350, 16446, 1414, 0, 0
15:34:23, 1032.80, 15.15, 19.33, 12.758, 5557, 7629, 8657, 14703, 18405, 23787, 24051, 31468, 36000, 8716, 1, 1, 703, 1219, 2445, 3886, 5723, 5810, 5815, 5285, 16267, 1374, 0, 0
15:34:24, 1031.90, 15.15, 19.35, 12.758, 4963, 9113, 11177, 10966, 18178, 20137, 32706, 35042, 36000, 30816, 1, 1, 739, 1279, 2569, 4069, 5956, 6033, 6049, 5493, 16919, 1426, 0, 0
15:34:24, 1030.90, 15.14, 19.33, 12.758, 7268, 4489, 13525, 14563, 8239, 20822, 10086, 26582, 36000, 35989, 1, 1, 744, 1289, 2588, 4081, 5922, 5988, 6007, 5453, 16853, 1413, 0, 0
15:34:25, 1030.00, 15.14, 19.37, 12.773, 6982, 2489, 7423, 5320, 4269, 9914, 4455, 7237, 36000, 33978, 1, 1, 771, 1336, 2658, 4164, 5883, 5955, 5966, 5439, 16693, 1406, 0, 0
15:34:26, 1030.10, 15.13, 19.33, 12.773, 8324, 3994, 15312, 8902, 14153, 21216, 7394, 26633, 36000, 36000, 1, 1, 769, 1334, 2632, 4123, 6108, 6196, 6206, 5689, 17381, 1507, 0, 0
15:34:26, 1028.60, 15.14, 19.33, 12.773, 6897, 11651, 13442, 16488, 22224, 23428, 30104, 35897, 36000, 36000, 1, 1, 725, 1256, 2498, 3909, 5826, 5902, 5910, 5409, 16738, 1462, 0, 0
15:34:27, 1029.40, 15.14, 19.37, 12.773, 7763, 8162, 14128, 14192, 12179, 15738, 7394, 17751, 36000, 33970, 1, 1, 770, 1336, 2643, 4136, 5800, 5879, 5885, 5379, 16513, 1418, 0, 0
15:34:28, 1028.60, 15.15, 19.35, 12.773, 7141, 12608, 13240, 18784, 9044, 14830, 5209, 14231, 36000, 36000, 1, 1, 809, 1404, 2770, 4344, 5969, 6046, 6063, 5539, 16975, 1452, 0, 0
15:34:28, 1029.40, 15.14, 19.33, 12.773, 7979, 12740, 14490, 19605, 11426, 25821, 6935, 26224, 36000, 36000, 1, 1, 843, 1461, 2876, 4507, 6493, 6599, 6610, 6063, 18453, 1600, 0, 0
15:34:29, 1029.60, 15.13, 19.33, 12.773, 7445, 16377, 14792, 21936, 25743, 19622, 31482, 33491, 36000, 36000, 1, 1, 793, 1370, 2721, 4268, 6413, 6512, 6531, 5980, 18277, 1583, 0, 0
15:34:30, 1030.20, 15.12, 19.30, 12.773, 7666, 14714, 14315, 16831, 27040, 19757, 32626, 36000, 36000, 36000, 1, 1, 758, 1311, 2611, 4102, 6232, 6321, 6339, 5790, 17804, 1531, 0, 0
15:34:30, 1030.30, 15.13, 19.33, 12.773, 8565, 10760, 15256, 16828, 23269, 17545, 28471, 32427, 36000, 36000, 1, 1, 723, 1251, 2499, 3928, 5859, 5941, 5957, 5442, 16827, 1448, 0, 0
15:34:31, 1029.70, 15.13, 19.32, 12.773, 7360, 8700, 16634, 18156, 20228, 22013, 26636, 35991, 36000, 36000, 1, 1, 736, 1271, 2527, 3952, 5990, 6076, 6092, 5577, 17170, 1484, 0, 0
15:34:32, 1030.60, 15.13, 19.32, 12.781, 7094, 14912, 16264, 18865, 22022, 17349, 26216, 33932, 36000, 36000, 1, 1, 770, 1334, 2653, 4166, 6243, 6335, 6351, 5809, 17906, 1542, 0, 0
15:34:32, 1029.50, 15.12, 19.33, 12.789, 7986, 11184, 16958, 18874, 14681, 21860, 15412, 24365, 36000, 36000, 1, 1, 781, 1344, 2681, 4194, 6220, 6306, 6325, 5772, 17706, 1518, 0, 0
15:34:33, 1030.40, 15.11, 19.33, 12.789, 7018, 8065, 13194, 16430, 14377, 20169, 19095, 24674, 36000, 35269, 1, 1, 802, 1386, 2763, 4360, 6380, 6478, 6488, 5924, 18041, 1550, 0, 0
15:34:33, 1029.10, 15.09, 19.30, 12.781, 7000, 9368, 12238, 14184, 18062, 21102, 23990, 27234, 36000, 23572, 1, 1, 769, 1328, 2655, 4193, 6149, 6248, 6245, 5694, 17348, 1490, 0, 0
15:34:34, 1030.00, 15.09, 19.32, 12.773, 4797, 3574, 4382, 12400, 4139, 9583, 9182, 6756, 27207, 6301, 0, 0, 771, 1337, 2666, 4225, 5961, 6057, 6045, 5509, 16829, 1441, 0, 0
15:34:35, 1029.60, 15.08, 19.30, 12.773, 5975, 7632, 7363, 16160, 16421, 20672, 21335, 25135, 36000, 8316, 1, 1, 761, 1318, 2631, 4176, 5964, 6061, 6056, 5526, 16947, 1465, 0, 0
15:34:35, 1030.00, 15.08, 19.35, 12.750, 6634, 10538, 12866, 17496, 9053, 18479, 22050, 17419, 36000, 9939, 1, 1, 783, 1351, 2686, 4240, 6034, 6123, 6131, 5594, 17239, 1491, 0, 0
15:34:36, 1029.60, 15.09, 19.30, 12.742, 7105, 7846, 10367, 16854, 6224, 22208, 20965, 15358, 36000, 12574, 1, 1, 781, 1353, 2683, 4218, 5880, 5946, 5966, 5426, 16907, 1447, 0, 0
15:34:37, 1030.30, 15.09, 19.26, 12.742, 7209, 8427, 12208, 16756, 9326, 21823, 22219, 26818, 36000, 28835, 1, 1, 781, 1348, 2683, 4204, 6217, 6304, 6320, 5767, 17684, 1522, 0, 0
15:34:37, 1029.70, 15.08, 19.25, 12.734, 6088, 5111, 9729, 11641, 8571, 19177, 15355, 18627, 35832, 22025, 0, 1, 746, 1295, 2581, 4066, 6054, 6125, 6138, 5586, 17187, 1467, 0, 0
15:34:38, 1029.60, 15.08, 19.25, 12.750, 6667, 6180, 10385, 17872, 7811, 19784, 19752, 22355, 36000, 25652, 1, 1, 791, 1371, 2730, 4293, 6211, 6296, 6299, 5735, 17608, 1507, 0, 0
15:34:39, 1030.60, 15.08, 19.26, 12.750, 6995, 5791, 10092, 18227, 16800, 20915, 26447, 29394, 36000, 32308, 1, 1, 774, 1341, 2680, 4243, 6143, 6233, 6237, 5682, 17323, 1486, 0, 0
15:34:39, 1031.30, 15.08, 19.28, 12.758, 6363, 9376, 11424, 13663, 14427, 22626, 24966, 29009, 36000, 30019, 1, 1, 759, 1314, 2624, 4146, 6117, 6199, 6220, 5670, 17480, 1504, 0, 0
15:34:40, 1031.10, 15.08, 19.28, 12.766, 6678, 5158, 7466, 13556, 26926, 23211, 25014, 35790, 36000, 28999, 1, 1, 714, 1238, 2482, 3927, 5714, 5780, 5804, 5266, 16430, 1405, 0, 0
15:34:41, 1031.20, 15.09, 19.25, 12.766, 3243, 1876, 2852, 4200, 6318, 12883, 9129, 12156, 34014, 19513, 0, 1, 710, 1233, 2464, 3886, 5459, 5508, 5539, 5015, 15748, 1333, 0, 0
15:34:41, 1032.20, 15.09, 19.28, 12.766, 6476, 8544, 11436, 16269, 11296, 23515, 25693, 28166, 36000, 29051, 1, 1, 785, 1356, 2706, 4271, 6327, 6437, 6441, 5888, 17913, 1534, 0, 0
15:34:42, 1031.10, 15.08, 19.25, 12.766, 5453, 5039, 7595, 14035, 16600, 19405, 22499, 25751, 36000, 17076, 1, 1, 740, 1281, 2564, 4060, 5978, 6072, 6094, 5564, 16898, 1450, 0, 0
15:34:43, 1034.90, 15.07, 19.25, 12.758, 6405, 6038, 6528, 17495, 6936, 17111, 21132, 16709, 36000, 9089, 1, 1, 854, 1470, 2942, 4660, 6647, 6786, 6760, 6190, 18285, 1555, 0, 0
15:34:43, 1042.10, 15.06, 19.26, 12.758, 4857, 6984, 8186, 15843, 16597, 20887, 25769, 23464, 32662, 5015, 0, 1, 759, 1308, 2664, 4293, 6276, 6450, 6418, 5871, 17023, 1410, 0, 0
15:34:44, 1052.60, 15.05, 19.25, 12.758, 6007, 10253, 12366, 21398, 10839, 11889, 16113, 18625, 24678, 2624, 0, 0, 669, 1144, 2382, 3900, 5733, 5930, 5930, 5419, 15483, 1258, 0, 0
15:34:45, 1060.30, 15.04, 19.23, 12.773, 2794, 4332, 6266, 9443, 9751, 12474, 13972, 15461, 34470, 2938, 0, 1, 589, 1000, 2117, 3521, 5326, 5514, 5550, 5045, 14633, 1171, 0, 0
15:34:45, 1073.10, 15.04, 19.23, 12.773, 2008, 2083, 3389, 5390, 6408, 12430, 8726, 11046, 36000, 4765, 1, 1, 502, 839, 1809, 3052, 4468, 4645, 4729, 4303, 12343, 976, 0, 0
15:34:46, 1080.20, 15.03, 19.25, 12.773, 2998, 3186, 6846, 8236, 7517, 8929, 7681, 10820, 36000, 5181, 1, 1, 439, 728, 1589, 2705, 4090, 4274, 4366, 3986, 11064, 876, 0, 0
15:34:47, 1086.90, 15.01, 19.26, 12.766, 2185, 2326, 5188, 5628, 6020, 6867, 5891, 7735, 36000, 5984, 1, 1, 476, 785, 1713, 2949, 4519, 4767, 4920, 4547, 12167, 956, 0, 0
15:34:47, 1096.70, 14.99, 19.23, 12.758, 1407, 1609, 3484, 3807, 4880, 5292, 5052, 6035, 33697, 3865, 0, 1, 489, 792, 1731, 3007, 4704, 5018, 5265, 4921, 12698, 1003, 0, 0
15:34:48, 1105.00, 14.98, 19.23, 12.758, 1737, 2359, 4860, 6163, 8578, 11549, 7650, 12652, 36000, 8001, 1, 1, 495, 790, 1726, 3001, 4804, 5166, 5444, 5145, 13041, 1048, 0, 0
15:34:49, 1114.80, 14.98, 19.23, 12.750, 1348, 2030, 3967, 5523, 10058, 11040, 11672, 14927, 35988, 3670, 0, 1, 417, 651, 1403, 2499, 4001, 4388, 4709, 4571, 11105, 909, 0, 0
15:34:49, 1122.60, 14.98, 19.21, 12.750, 1142, 1689, 3308, 4879, 5423, 6879, 6338, 7756, 24877, 2112, 0, 0, 395, 601, 1299, 2306, 3585, 3912, 4248, 4111, 10040, 839, 0, 0
15:34:50, 1130.60, 14.99, 19.25, 12.750, 931, 1287, 2574, 3968, 4695, 6353, 5921, 6770, 22249, 1674, 0, 0, 338, 498, 1070, 1908, 2965, 3313, 3646, 3601, 8778, 754, 0, 0
15:34:51, 1136.30, 15.00, 19.21, 12.844, 733, 1065, 2128, 3391, 4325, 5518, 5435, 5943, 18924, 1401, 0, 0, 146, 210, 429, 788, 881, 1000, 1087, 1098, 3201, 355, 0, 0
15:34:51, 1136.30, 15.01, 19.21, 13.008, 334, 357, 815, 1129, 1528, 1896, 1637, 1852, 9876, 879, 0, 0, 270, 399, 834, 1496, 2310, 2563, 2857, 2831, 7638, 700, 0, 0
15:34:52, 1136.90, 15.03, 19.21, 13.008, 307, 345, 771, 1086, 1432, 1767, 1557, 1725, 8544, 751, 0, 0, 280, 413, 868, 1548, 2542, 2838, 3185, 3154, 8488, 768, 0, 0
15:34:53, 1136.90, 15.05, 19.25, 13.094, 267, 327, 712, 1027, 1370, 1675, 1483, 1623, 7901, 689, 0, 0, 266, 394, 824, 1476, 2523, 2826, 3176, 3153, 8464, 770, 0, 0
15:34:53, 1137.50, 15.07, 19.18, 13.125, 231, 281, 610, 876, 1145, 1350, 1238, 1306, 6031, 532, 0, 0, 268, 398, 838, 1491, 2555, 2858, 3197, 3174, 8477, 760, 0, 0
15:34:54, 1137.40, 15.08, 19.23, 13.125, 224, 289, 614, 898, 1123, 1312, 1209, 1255, 5659, 489, 0, 0, 269, 400, 846, 1499, 2437, 2710, 2997, 2944, 7926, 703, 0, 0
15:34:55, 1137.40, 15.10, 19.19, 13.133, 222, 290, 618, 905, 1189, 1408, 1302, 1365, 5967, 522, 0, 0, 268, 399, 844, 1498, 2639, 2954, 3316, 3301, 8805, 784, 0, 0
15:34:55, 1137.30, 15.11, 19.18, 13.133, 211, 274, 588, 850, 1173, 1388, 1276, 1328, 5947, 515, 0, 0, 274, 408, 860, 1527, 2610, 2913, 3273, 3251, 8725, 779, 0, 0
15:34:56, 1137.30, 15.13, 19.16, 13.164, 230, 297, 630, 924, 1182, 1400, 1292, 1347, 5964, 523, 0, 0, 286, 423, 890, 1578, 2552, 2850, 3197, 3168, 8475, 757, 0, 0
15:34:57, 1137.30, 15.14, 19.18, 13.180, 214, 281, 598, 872, 1157, 1353, 1249, 1294, 5792, 499, 0, 0, 271, 403, 851, 1508, 2617, 2921, 3271, 3255, 8707, 784, 0, 0
15:34:57, 1137.20, 15.15, 19.18, 13.180, 230, 298, 630, 929, 1163, 1363, 1255, 1305, 5840, 508, 0, 0, 280, 414, 873, 1545, 2558, 2850, 3192, 3164, 8466, 754, 0, 0
15:34:58, 1137.50, 15.15, 19.18, 13.195, 199, 256, 550, 790, 1075, 1257, 1154, 1197, 5554, 483, 0, 0, 276, 409, 867, 1532, 2861, 3203, 3619, 3628, 9589, 849, 0, 0
15:34:59, 1136.80, 15.15, 19.18, 13.211, 272, 336, 710, 1050, 1804, 2356, 2089, 2237, 9565, 761, 0, 0, 184, 269, 556, 1009, 1506, 1684, 1861, 1876, 5052, 505, 0, 0
15:34:59, 1137.00, 15.16, 19.14, 13.211, 336, 382, 816, 1221, 1218, 1471, 1330, 1411, 6602, 578, 0, 0, 264, 392, 829, 1470, 2367, 2598, 2902, 2834, 7764, 697, 0, 0
15:35:00, 1137.10, 15.16, 19.18, 13.211, 259, 318, 678, 1010, 1287, 1563, 1425, 1498, 6716, 578, 0, 0, 249, 371, 784, 1391, 2434, 2678, 3016, 2960, 8101, 728, 0, 0
15:35:01, 1137.00, 15.17, 19.16, 13.219, 253, 310, 668, 987, 1277, 1551, 1406, 1483, 6707, 576, 0, 0, 257, 383, 808, 1435, 2569, 2841, 3234, 3199, 8677, 778, 0, 0
15:35:01, 1136.90, 15.17, 19.14, 13.219, 273, 332, 714, 1057, 1388, 1740, 1561, 1675, 7538, 652, 0, 0, 270, 400, 839, 1489, 2406, 2649, 2992, 2941, 8041, 724, 0, 0
15:35:02, 1137.00, 15.17, 19.18, 13.211, 292, 344, 736, 1090, 1369, 1687, 1517, 1619, 7329, 629, 0, 0, 260, 387, 815, 1448, 2232, 2441, 2717, 2640, 7278, 652, 0, 0
15:35:03, 1137.00, 15.17, 19.14, 13.219, 284, 337, 725, 1071, 1371, 1712, 1530, 1632, 7400, 638, 0, 0, 285, 420, 881, 1566, 2381, 2618, 2939, 2880, 7888, 714, 0, 0
15:35:03, 1137.00, 15.18, 19.14, 13.219, 285, 339, 728, 1074, 1312, 1615, 1450, 1539, 7087, 611, 0, 0, 268, 397, 836, 1483, 2427, 2672, 3017, 2963, 8099, 733, 0, 0
15:35:04, 1137.10, 15.18, 19.13, 13.219, 288, 339, 731, 1081, 1322, 1635, 1476, 1570, 7044, 610, 0, 0, 261, 388, 816, 1448, 2285, 2505, 2803, 2737, 7506, 674, 0, 0
15:35:05, 1137.10, 15.18, 19.18, 13.234, 273, 328, 703, 1041, 1346, 1685, 1512, 1622, 7244, 634, 0, 0, 266, 397, 835, 1477, 2300, 2524, 2821, 2757, 7566, 681, 0, 0
15:35:05, 1137.00, 15.18, 19.13, 13.234, 265, 327, 699, 1031, 1352, 1677, 1512, 1615, 7240, 627, 0, 0, 273, 406, 854, 1515, 2451, 2695, 3034, 2982, 8118, 732, 0, 0
15:35:06, 1137.00, 15.18, 19.11, 13.227, 261, 325, 692, 1026, 1342, 1655, 1494, 1588, 7144, 619, 0, 0, 280, 414, 869, 1543, 2373, 2607, 2929, 2874, 7850, 710, 0, 0
15:35:07, 1136.90, 15.19, 19.14, 13.234, 262, 320, 685, 1011, 1318, 1619, 1458, 1544, 6956, 592, 0, 0, 254, 379, 799, 1421, 2314, 2534, 2832, 2758, 7594, 680, 0, 0
15:35:07, 1137.00, 15.19, 19.13, 13.234, 280, 339, 727, 1075, 1353, 1693, 1507, 1620, 7348, 634, 0, 0, 253, 376, 790, 1408, 2322, 2549, 2866, 2805, 7670, 693, 0, 0
15:35:08, 1136.90, 15.19, 19.11, 13.203, 285, 348, 742, 1106, 1330, 1615, 1474, 1552, 6941, 597, 0, 0, 259, 385, 810, 1438, 2301, 2525, 2835, 2774, 7572, 686, 0, 0
15:35:09, 1134.50, 15.18, 19.14, 13.203, 508, 624, 1274, 2064, 3904, 5057, 5199, 5205, 15951, 1083, 0, 0, 25, 32, 70, 130, 189, 210, 216, 202, 592, 60, 0, 0
15:35:09, 1128.10, 15.17, 19.13, 13.188, 904, 1550, 2943, 4814, 5892, 6587, 7303, 7644, 16613, 1068, 0, 0, 259, 379, 812, 1457, 2593, 2866, 3144, 3047, 7555, 651, 0, 0
15:35:10, 1124.40, 15.15, 19.11, 13.172, 1074, 1826, 3396, 5465, 7111, 7955, 8624, 9741, 20446, 1281, 0, 0, 328, 489, 1048, 1861, 3086, 3389, 3659, 3581, 8714, 735, 0, 0
15:35:11, 1121.40, 15.14, 19.07, 13.172, 1182, 2014, 3865, 5617, 7645, 8425, 9187, 10375, 25074, 1654, 0, 0, 359, 544, 1166, 2073, 3416, 3732, 4046, 3933, 9463, 797, 0, 0
15:35:11, 1109.80, 15.14, 19.09, 13.164, 1357, 2294, 4238, 6389, 7761, 8475, 9171, 10834, 24077, 1589, 0, 0, 384, 596, 1287, 2284, 3682, 4016, 4263, 4073, 10208, 836, 0, 0
15:35:12, 1104.60, 15.12, 19.11, 13.156, 1311, 2199, 3933, 5914, 8849, 10097, 11621, 13871, 34288, 2519, 0, 1, 396, 624, 1368, 2384, 3667, 3960, 4167, 3923, 10431, 846, 0, 0
15:35:13, 1098.70, 15.10, 19.07, 13.156, 1448, 2540, 4640, 6561, 11670, 13541, 14254, 19225, 33306, 2441, 0, 1, 376, 599, 1315, 2293, 3681, 3952, 4109, 3864, 10432, 848, 0, 0
15:35:13, 1096.20, 15.10, 19.07, 13.117, 1388, 2631, 4728, 6544, 12819, 14265, 15882, 21057, 32757, 2115, 0, 1, 405, 650, 1424, 2476, 4032, 4302, 4466, 4179, 11182, 910, 0, 0
15:35:14, 1095.70, 15.08, 19.09, 13.078, 1536, 3026, 5471, 7355, 11857, 12345, 14447, 17836, 24626, 1550, 0, 0, 412, 662, 1449, 2524, 4153, 4438, 4606, 4305, 11451, 931, 0, 0
15:35:14, 1096.10, 15.07, 19.11, 13.078, 2413, 4476, 7829, 10418, 13628, 14588, 15443, 21641, 35541, 2601, 0, 1, 403, 647, 1423, 2475, 4093, 4367, 4552, 4249, 11352, 913, 0, 0
15:35:15, 1094.80, 15.06, 19.07, 12.961, 1728, 3205, 5282, 7677, 11094, 11114, 12310, 14774, 36000, 3257, 1, 1, 397, 641, 1410, 2450, 4007, 4249, 4440, 4132, 10987, 878, 0, 0
15:35:16, 1095.70, 15.03, 19.07, 12.875, 1576, 2370, 4377, 5850, 8590, 9380, 9137, 12004, 36000, 4419, 1, 1, 402, 653, 1434, 2490, 3973, 4215, 4404, 4088, 10662, 845, 0, 0
15:35:16, 1094.70, 15.01, 19.07, 12.875, 1882, 2698, 5233, 6632, 8771, 9294, 9573, 12229, 36000, 4736, 1, 1, 402, 652, 1433, 2486, 4014, 4250, 4454, 4122, 10814, 857, 0, 0
15:35:17, 1093.40, 14.98, 19.06, 12.836, 1673, 2381, 4768, 6030, 9501, 11001, 9270, 12910, 36000, 5958, 1, 1, 438, 714, 1564, 2706, 4392, 4661, 4872, 4533, 11974, 945, 0, 0
15:35:18, 1092.50, 14.96, 19.07, 12.797, 1758, 2740, 4948, 6702, 9484, 11068, 9767, 13883, 36000, 5351, 1, 1, 455, 740, 1620, 2806, 4511, 4797, 5008, 4641, 12341, 982, 0, 0
15:35:18, 1092.80, 14.96, 19.07, 12.797, 1825, 2786, 5060, 7122, 11440, 12703, 14059, 17083, 36000, 4145, 1, 1, 449, 725, 1590, 2759, 4345, 4643, 4812, 4510, 11954, 964, 0, 0
15:35:19, 1092.60, 14.95, 19.06, 12.766, 1999, 3372, 5833, 8231, 11217, 12780, 13823, 17096, 35499, 2283, 0, 1, 458, 738, 1615, 2795, 4417, 4713, 4887, 4586, 12105, 986, 0, 0
15:35:20, 1092.40, 14.95, 19.09, 12.758, 1672, 3103, 5636, 7738, 14022, 14644, 18368, 23305, 28509, 1680, 0, 0, 436, 703, 1540, 2666, 4204, 4477, 4635, 4321, 11627, 946, 0, 0
15:35:20, 1092.70, 14.95, 19.04, 12.758, 1894, 3524, 6045, 8752, 8908, 9692, 11565, 12865, 23400, 1526, 0, 0, 426, 684, 1506, 2601, 4125, 4392, 4528, 4235, 11486, 930, 0, 0
15:35:21, 1092.70, 14.95, 19.04, 12.742, 1908, 3273, 5667, 8038, 9727, 10426, 11363, 14240, 33395, 2304, 0, 1, 403, 650, 1432, 2482, 4039, 4286, 4454, 4127, 11384, 912, 0, 0
15:35:22, 1093.20, 14.95, 19.06, 12.742, 1682, 2568, 4684, 6696, 11949, 16697, 14965, 20730, 36000, 5904, 1, 1, 406, 655, 1441, 2497, 4010, 4247, 4426, 4094, 11177, 894, 0, 0
15:35:22, 1094.00, 14.94, 19.07, 12.750, 1862, 2480, 4805, 6609, 8261, 9514, 9225, 11659, 36000, 3739, 1, 1, 403, 651, 1432, 2487, 4012, 4250, 4427, 4107, 11142, 891, 0, 0
15:35:23, 1097.60, 14.93, 19.06, 12.750, 1458, 2098, 3982, 5531, 6405, 8928, 6693, 9794, 36000, 4312, 1, 1, 467, 751, 1640, 2860, 4366, 4681, 4886, 4585, 12020, 967, 0, 0
15:35:24, 1091.60, 14.92, 19.04, 12.750, 2048, 3746, 7012, 9020, 9206, 9341, 10910, 12690, 33215, 2551, 0, 1, 413, 665, 1462, 2546, 3923, 4166, 4329, 4016, 10925, 881, 0, 0
15:35:24, 1084.70, 14.92, 19.04, 12.750, 2293, 3967, 7020, 9032, 9399, 9932, 11029, 13213, 33375, 2497, 0, 1, 436, 709, 1557, 2679, 4222, 4457, 4586, 4233, 11822, 949, 0, 0
15:35:25, 1077.80, 14.92, 19.04, 12.742, 2675, 5011, 8237, 11186, 9585, 10169, 11075, 14494, 29245, 2028, 0, 0, 445, 731, 1601, 2732, 4334, 4552, 4641, 4250, 12100, 973, 0, 0
15:35:26, 1075.50, 14.92, 19.06, 12.742, 2209, 4284, 7402, 9265, 12015, 12327, 14626, 18888, 26892, 1745, 0, 0, 457, 754, 1645, 2811, 4466, 4688, 4759, 4371, 12316, 994, 0, 0
15:35:26, 1073.10, 14.92, 19.04, 12.742, 3278, 6868, 11861, 13824, 16335, 16975, 19335, 27446, 36000, 2518, 1, 1, 484, 799, 1739, 2964, 4614, 4840, 4909, 4502, 12740, 1025, 0, 0
15:35:27, 1069.50, 14.91, 19.04, 12.742, 3105, 6069, 10004, 12371, 10297, 11165, 12460, 16162, 33802, 2523, 0, 1, 499, 829, 1797, 3044, 4682, 4888, 4955, 4534, 13015, 1043, 0, 0
15:35:28, 1066.70, 14.91, 19.01, 12.742, 2415, 4197, 6800, 8508, 11630, 12282, 14136, 17455, 35986, 3469, 0, 1, 518, 868, 1864, 3140, 4872, 5075, 5131, 4689, 13500, 1073, 0, 0
15:35:28, 1062.30, 14.91, 19.02, 12.734, 2866, 4566, 7276, 9863, 16285, 19174, 21749, 28110, 36000, 5218, 1, 1, 549, 924, 1974, 3311, 4962, 5157, 5201, 4751, 13696, 1096, 0, 0
15:35:29, 1056.80, 14.91, 19.04, 12.742, 3348, 5614, 8320, 11873, 10911, 13586, 14291, 18552, 36000, 3303, 1, 1, 584, 987, 2101, 3502, 5187, 5380, 5404, 4914, 14192, 1136, 0, 0
15:35:30, 1049.60, 14.90, 19.02, 12.742, 3928, 8081, 12852, 13903, 14648, 15663, 18005, 23662, 34398, 3907, 0, 1, 601, 1024, 2150, 3558, 5338, 5509, 5510, 5015, 14739, 1196, 0, 0
15:35:30, 1044.70, 14.90, 19.01, 12.742, 3424, 6692, 8555, 12025, 21402, 24402, 28802, 30600, 32520, 3645, 0, 1, 590, 1009, 2096, 3436, 5184, 5312, 5316, 4829, 14496, 1192, 0, 0
15:35:31, 1042.30, 14.90, 18.99, 12.750, 1955, 3574, 4295, 8679, 10040, 13806, 16141, 13007, 20278, 2763, 0, 0, 624, 1069, 2204, 3588, 5483, 5615, 5629, 5132, 15310, 1265, 0, 0
15:35:32, 1037.50, 14.90, 19.02, 12.750, 4450, 7749, 9123, 13616, 17862, 19937, 24709, 28406, 29889, 3861, 0, 0, 683, 1180, 2404, 3884, 5819, 5958, 5950, 5424, 16105, 1336, 0, 0
15:35:32, 1031.70, 14.89, 19.04, 12.742, 6073, 11733, 14668, 17773, 18859, 17547, 19996, 28058, 34214, 6089, 0, 1, 749, 1295, 2620, 4209, 6262, 6411, 6358, 5802, 17139, 1450, 0, 0
15:35:33, 1030.50, 14.88, 18.99, 12.742, 6719, 12206, 16744, 17679, 19388, 21744, 29396, 36000, 31051, 6622, 1, 1, 786, 1358, 2732, 4365, 6545, 6703, 6635, 6075, 17780, 1538, 0, 0
15:35:34, 1031.30, 14.89, 19.01, 12.742, 6094, 10469, 16244, 15031, 21099, 19999, 27654, 32692, 20444, 5552, 0, 1, 779, 1346, 2710, 4328, 6612, 6769, 6704, 6150, 17897, 1559, 0, 0
15:35:34, 1029.40, 14.89, 19.01, 12.727, 1900, 3988, 3765, 8620, 20601, 20772, 30675, 35657, 22400, 5461, 0, 1, 758, 1312, 2631, 4188, 6224, 6362, 6317, 5786, 17196, 1486, 0, 0
15:35:35, 1023.00, 14.89, 18.99, 12.727, 6939, 9168, 11605, 18045, 19298, 25878, 30096, 18722, 29337, 9064, 0, 0, 2037, 3348, 5187, 6848, 10108, 10247, 11697, 11971, 35973, 13341, 0, 1
15:35:36, 1023.20, 14.87, 18.99, 12.727, 2858, 6240, 4960, 16144, 21130, 15741, 34399, 16026, 22279, 8310, 0, 1, 2751, 5184, 6811, 10171, 16211, 17770, 21005, 23819, 35947, 10960, 0, 1
15:35:36, 1022.80, 14.84, 18.97, 12.766, 2295, 3903, 6132, 6473, 12954, 5370, 16528, 8465, 14920, 6375, 0, 0, 3415, 6426, 8334, 11822, 14469, 15513, 19563, 23870, 36000, 33748, 1, 1
15:35:37, 1023.00, 14.84, 18.99, 12.766, 9877, 6775, 16878, 19946, 4233, 12861, 6941, 7606, 13862, 7175, 0, 0, 2767, 4561, 6984, 8599, 11882, 11797, 13841, 16440, 36000, 21507, 1, 1
15:35:38, 1021.70, 14.87, 19.01, 12.602, 4863, 4640, 10603, 6393, 18928, 24326, 22220, 32782, 36000, 36000, 1, 1, 3818, 6104, 8725, 11366, 13828, 16158, 18814, 24057, 36000, 21737, 1, 1
15:35:38, 1022.40, 14.85, 18.99, 12.445, 6647, 12408, 16326, 19877, 20086, 13312, 27059, 19084, 19408, 8935, 0, 0, 4652, 7398, 10489, 13253, 23254, 26297, 31771, 35873, 36000, 36000, 1, 1
15:35:39, 1023.70, 14.93, 18.95, 12.445, 1241, 1348, 2064, 2021, 3384, 3556, 3733, 4406, 11020, 4990, 0, 0, 2318, 4229, 5944, 8512, 22019, 25980, 25776, 29663, 35921, 17755, 0, 1
15:35:40, 1024.80, 14.92, 19.02, 12.266, 2370, 2335, 3925, 3388, 2975, 3083, 3556, 3922, 12256, 4939, 0, 0, 2734, 4378, 6116, 8293, 12686, 15613, 18771, 23673, 36000, 33296, 1, 1
15:35:40, 1023.70, 14.97, 19.02, 12.070, 4554, 3683, 8716, 5329, 15735, 7094, 22902, 10879, 17398, 8490, 0, 0, 2355, 4304, 5751, 8835, 9977, 10753, 12253, 13286, 26824, 7548, 0, 0
15:35:41, 1024.40, 14.98, 19.02, 12.070, 3939, 10060, 11847, 18910, 34735, 36000, 35770, 36000, 29294, 11582, 1, 1, 6564, 9913, 13975, 16786, 17529, 20149, 23998, 29486, 36000, 32067, 1, 1
15:35:42, 1024.00, 15.00, 19.02, 11.844, 3086, 2073, 3367, 4237, 11540, 25067, 13325, 28123, 36000, 36000, 1, 1, 3642, 6029, 8107, 10946, 16780, 19049, 22368, 28848, 36000, 36000, 1, 1
15:35:42, 1024.00, 15.00, 19.02, 11.570, 7723, 5228, 14841, 9078, 16899, 9466, 19646, 17861, 36000, 36000, 1, 1, 2960, 5264, 7359, 10691, 13136, 13581, 16980, 18126, 36000, 30681, 1, 1
15:35:43, 1024.30, 15.02, 19.02, 11.570, 8439, 14046, 16705, 16576, 35077, 34646, 36000, 36000, 36000, 36000, 1, 1, 7235, 10534, 13617, 16792, 20034, 22999, 27342, 36000, 36000, 36000, 1, 1
15:35:44, 1024.80, 15.04, 19.01, 11.414, 5124, 9965, 9964, 19560, 8527, 10909, 22331, 7549, 36000, 27137, 1, 1, 8213, 12174, 17216, 20872, 23085, 26712, 31482, 36000, 36000, 36000, 1, 1
15:35:44, 1024.50, 15.04, 19.02, 11.281, 7926, 18270, 26839, 23085, 22924, 17268, 33523, 20505, 36000, 36000, 1, 1, 8633, 13223, 18047, 22258, 26505, 30093, 35821, 36000, 36000, 36000, 1, 1
15:35:45, 1024.20, 15.07, 19.01, 11.281, 1273, 1887, 2382, 3541, 4804, 4456, 7101, 6115, 36000, 20781, 1, 1, 8122, 12411, 17181, 21860, 25938, 29879, 35586, 36000, 36000, 36000, 1, 1
15:35:46, 1024.10, 15.09, 19.02, 11.227, 1282, 2062, 2773, 3701, 11653, 10724, 16967, 14145, 35926, 31625, 0, 1, 8736, 12984, 17992, 21693, 26465, 30167, 36000, 36000, 36000, 36000, 1, 1
