Secchi Depth (cm) = /1.1
Forel Ule Scale = os
pH Colour Scale = 19
SensingSecchi S/N = A016
Latitude (degs N) = 34.14011
Longitude (degs E) = -77.86236
Date = 2026-03-18
Time (UTC), Pressure (mbar) MS5803, Temp (deg C) MS5803, Temp (deg C) 10KTHERM, Temp (deg C) TMP117, ED 415nm, ED 445nm, ED 480nm, ED 515nm, ED 555nm, ED 590nm, ED 630nm, ED 680nm, ED Clear, ED NIR, ED D-SAT, ED A-SAT, EU 415nm, EU 445nm, EU 480nm, EU 515nm, EU 555nm, EU 590nm, EU 630nm, EU 680nm, EU Clear, EU NIR, EU D-SAT, EU A-SAT
15:27:30, 1023.50, 17.45, 21.02, 12.367, 876, 1271, 1672, 1865, 1932, 1968, 2209, 2462, 9829, 4279, 0, 0, 13051, 19606, 27717, 35681, 36000, 36000, 36000, 36000, 36000, 36000, 1, 1
15:27:30, 1023.70, 17.44, 21.07, 12.352, 876, 1270, 1672, 1864, 1932, 1968, 2207, 2462, 9821, 4277, 0, 0, 13031, 19578, 27674, 35628, 36000, 36000, 36000, 36000, 36000, 36000, 1, 1
15:27:31, 1023.70, 17.44, 21.07, 12.352, 876, 1270, 1671, 1863, 1932, 1967, 2207, 2461, 9819, 4276, 0, 0, 13012, 19547, 27628, 35573, 36000, 36000, 36000, 36000, 36000, 36000, 1, 1
15:27:32, 1023.70, 17.45, 21.07, 12.344, 876, 1270, 1671, 1863, 1932, 1967, 2206, 2461, 9816, 4275, 0, 0, 13022, 19561, 27646, 35601, 36000, 36000, 36000, 36000, 36000, 36000, 1, 1
15:27:32, 1023.70, 17.46, 21.11, 12.328, 876, 1270, 1672, 1864, 1931, 1967, 2207, 2461, 9818, 4279, 0, 0, 13042, 19597, 27688, 35649, 36000, 36000, 36000, 36000, 36000, 36000, 1, 1
15:27:33, 1023.60, 17.46, 21.09, 12.328, 876, 1271, 1673, 1864, 1933, 1969, 2208, 2464, 9828, 4286, 0, 0, 13074, 19643, 27758, 35734, 36000, 36000, 36000, 36000, 36000, 36000, 1, 1
15:27:34, 1023.70, 17.47, 21.11, 12.320, 877, 1272, 1673, 1865, 1934, 1971, 2210, 2467, 9840, 4294, 0, 0, 13121, 19706, 27845, 35861, 36000, 36000, 36000, 36000, 36000, 36000, 1, 1
15:27:34, 1023.50, 17.48, 21.13, 12.328, 877, 1272, 1675, 1867, 1935, 1973, 2212, 2469, 9848, 4300, 0, 0, 13161, 19767, 27933, 35981, 36000, 36000, 36000, 36000, 36000, 36000, 1, 1
15:27:35, 1023.50, 17.49, 21.16, 12.328, 878, 1273, 1675, 1867, 1936, 1974, 2213, 2471, 9858, 4306, 0, 0, 13182, 19796, 27961, 36000, 36000, 36000, 36000, 36000, 36000, 36000, 1, 1
15:27:36, 1023.70, 17.51, 21.23, 12.313, 878, 1272, 1676, 1868, 1936, 1973, 2213, 2472, 9861, 4309, 0, 0, 13174, 19780, 27943, 36000, 36000, 36000, 36000, 36000, 36000, 36000, 1, 1
15:27:36, 1023.70, 17.52, 21.21, 12.359, 878, 1273, 1676, 1868, 1937, 1974, 2213, 2471, 9860, 4307, 0, 0, 13157, 19753, 27911, 35946, 36000, 36000, 36000, 36000, 36000, 36000, 1, 1
15:27:37, 1023.60, 17.53, 21.21, 12.359, 878, 1273, 1675, 1867, 1936, 1973, 2212, 2470, 9855, 4305, 0, 0, 13162, 19764, 27928, 35972, 36000, 36000, 36000, 36000, 36000, 36000, 1, 1
15:27:38, 1023.60, 17.54, 21.21, 12.391, 878, 1273, 1676, 1869, 1938, 1975, 2214, 2473, 9866, 4313, 0, 0, 13158, 19756, 27912, 35946, 36000, 36000, 36000, 36000, 36000, 36000, 1, 1
15:27:38, 1023.70, 17.54, 21.19, 12.367, 879, 1273, 1677, 1869, 1939, 1976, 2214, 2472, 9868, 4313, 0, 0, 13179, 19787, 27956, 36000, 36000, 36000, 36000, 36000, 36000, 36000, 1, 1
15:27:39, 1023.70, 17.53, 21.25, 12.367, 879, 1273, 1677, 1870, 1938, 1976, 2214, 2475, 9874, 4318, 0, 0, 13196, 19814, 27987, 36000, 36000, 36000, 36000, 36000, 36000, 36000, 1, 1
15:27:40, 1023.60, 17.52, 21.28, 12.320, 879, 1275, 1678, 1870, 1939, 1978, 2215, 2477, 9885, 4326, 0, 0, 13206, 19828, 28015, 36000, 36000, 36000, 36000, 36000, 36000, 36000, 1, 1
15:27:40, 1023.70, 17.52, 21.28, 12.305, 880, 1274, 1678, 1871, 1940, 1978, 2217, 2477, 9894, 4327, 0, 0, 13208, 19834, 28029, 36000, 36000, 36000, 36000, 36000, 36000, 36000, 1, 1
15:27:41, 1023.50, 17.53, 21.30, 12.305, 880, 1275, 1679, 1872, 1941, 1979, 2218, 2478, 9898, 4327, 0, 0, 13230, 19864, 28067, 36000, 36000, 36000, 36000, 36000, 36000, 36000, 1, 1
15:27:41, 1023.70, 17.54, 21.30, 12.289, 880, 1275, 1679, 1872, 1941, 1979, 2218, 2478, 9895, 4327, 0, 0, 13211, 19833, 28026, 36000, 36000, 36000, 36000, 36000, 36000, 36000, 1, 1
15:27:42, 1023.50, 17.54, 21.30, 12.258, 880, 1275, 1679, 1871, 1940, 1978, 2216, 2477, 9891, 4325, 0, 0, 13207, 19828, 28020, 35999, 36000, 36000, 36000, 36000, 36000, 36000, 1, 1
15:27:43, 1023.60, 17.54, 21.33, 12.258, 879, 1275, 1678, 1871, 1940, 1978, 2216, 2477, 9890, 4323, 0, 0, 13175, 19785, 27950, 36000, 36000, 36000, 36000, 36000, 36000, 36000, 1, 1
15:27:43, 1023.40, 17.55, 21.33, 12.242, 879, 1275, 1678, 1870, 1939, 1977, 2215, 2475, 9885, 4319, 0, 0, 13148, 19741, 27895, 35931, 36000, 36000, 36000, 36000, 36000, 36000, 1, 1
15:27:44, 1023.70, 17.58, 21.37, 12.242, 879, 1274, 1678, 1870, 1939, 1977, 2215, 2474, 9881, 4316, 0, 0, 13124, 19710, 27853, 35870, 36000, 36000, 36000, 36000, 36000, 36000, 1, 1
15:27:45, 1023.70, 17.59, 21.33, 12.258, 878, 1274, 1677, 1869, 1939, 1977, 2214, 2475, 9878, 4318, 0, 0, 13151, 19743, 27900, 35941, 36000, 36000, 36000, 36000, 36000, 36000, 1, 1
15:27:45, 1023.60, 17.61, 21.35, 12.266, 879, 1274, 1678, 1870, 1939, 1978, 2215, 2476, 9887, 4322, 0, 0, 13133, 19718, 27863, 35888, 36000, 36000, 36000, 36000, 36000, 36000, 1, 1
15:27:46, 1023.40, 17.61, 21.38, 12.266, 880, 1275, 1678, 1870, 1939, 1978, 2215, 2476, 9887, 4323, 0, 0, 13172, 19781, 27945, 35998, 36000, 36000, 36000, 36000, 36000, 36000, 1, 1
15:27:47, 1023.50, 17.62, 21.38, 12.281, 880, 1275, 1679, 1871, 1941, 1979, 2217, 2478, 9898, 4329, 0, 0, 13193, 19807, 27981, 36000, 36000, 36000, 36000, 36000, 36000, 36000, 1, 1
15:27:47, 1023.70, 17.62, 21.38, 12.289, 880, 1276, 1679, 1872, 1941, 1980, 2217, 2478, 9901, 4332, 0, 0, 13202, 19824, 28010, 36000, 36000, 36000, 36000, 36000, 36000, 36000, 1, 1
15:27:48, 1023.60, 17.63, 21.40, 12.289, 881, 1276, 1680, 1873, 1942, 1980, 2217, 2480, 9904, 4337, 0, 0, 13208, 19827, 28018, 36000, 36000, 36000, 36000, 36000, 36000, 36000, 1, 1
15:27:49, 1023.50, 17.63, 21.40, 12.297, 880, 1275, 1680, 1872, 1942, 1981, 2217, 2480, 9905, 4335, 0, 0, 13204, 19824, 28015, 36000, 36000, 36000, 36000, 36000, 36000, 36000, 1, 1
15:27:49, 1023.70, 17.63, 21.38, 12.289, 880, 1276, 1680, 1873, 1941, 1981, 2218, 2481, 9909, 4342, 0, 0, 13206, 19831, 28018, 36000, 36000, 36000, 36000, 36000, 36000, 36000, 1, 1
15:27:50, 1023.50, 17.62, 21.44, 12.289, 880, 1275, 1680, 1872, 1941, 1980, 2217, 2479, 9902, 4341, 0, 0, 13197, 19814, 28003, 36000, 36000, 36000, 36000, 36000, 36000, 36000, 1, 1
15:27:51, 1023.60, 17.62, 21.42, 12.266, 880, 1276, 1680, 1872, 1942, 1980, 2217, 2480, 9905, 4343, 0, 0, 13207, 19824, 28011, 36000, 36000, 36000, 36000, 36000, 36000, 36000, 1, 1
15:27:51, 1023.50, 17.61, 21.45, 12.242, 880, 1276, 1680, 1873, 1942, 1981, 2218, 2481, 9908, 4345, 0, 0, 13211, 19835, 28021, 35999, 36000, 36000, 36000, 36000, 36000, 36000, 1, 1
15:27:52, 1023.30, 17.61, 21.47, 12.242, 881, 1276, 1680, 1873, 1942, 1981, 2217, 2481, 9906, 4343, 0, 0, 13187, 19802, 27980, 36000, 36000, 36000, 36000, 36000, 36000, 36000, 1, 1
15:27:53, 1023.60, 17.59, 21.49, 12.211, 880, 1276, 1681, 1873, 1942, 1981, 2218, 2480, 9909, 4341, 0, 0, 13211, 19836, 28017, 36000, 36000, 36000, 36000, 36000, 36000, 36000, 1, 1
15:27:53, 1023.40, 17.59, 21.47, 12.172, 881, 1277, 1681, 1873, 1942, 1981, 2218, 2480, 9912, 4341, 0, 0, 13205, 19823, 28007, 36000, 36000, 36000, 36000, 36000, 36000, 36000, 1, 1
15:27:54, 1023.60, 17.62, 21.47, 12.172, 881, 1277, 1680, 1874, 1943, 1982, 2219, 2482, 9917, 4345, 0, 0, 13207, 19830, 28015, 36000, 36000, 36000, 36000, 36000, 36000, 36000, 1, 1
15:27:55, 1023.40, 17.64, 21.51, 12.188, 881, 1277, 1681, 1874, 1943, 1983, 2219, 2482, 9917, 4343, 0, 0, 13207, 19829, 28014, 36000, 36000, 36000, 36000, 36000, 36000, 36000, 1, 1
15:27:55, 1023.60, 17.67, 21.47, 12.211, 881, 1277, 1681, 1874, 1943, 1983, 2220, 2481, 9923, 4345, 0, 0, 13203, 19828, 28009, 36000, 36000, 36000, 36000, 36000, 36000, 36000, 1, 1
15:27:56, 1023.60, 17.68, 21.51, 12.211, 881, 1277, 1681, 1874, 1944, 1984, 2220, 2483, 9923, 4348, 0, 0, 13220, 19854, 28045, 36000, 36000, 36000, 36000, 36000, 36000, 36000, 1, 1
15:27:57, 1023.50, 17.68, 21.51, 12.227, 881, 1277, 1682, 1875, 1944, 1984, 2219, 2483, 9927, 4350, 0, 0, 13231, 19873, 28070, 36000, 36000, 36000, 36000, 36000, 36000, 36000, 1, 1
15:27:57, 1023.70, 17.67, 21.52, 12.227, 882, 1278, 1683, 1876, 1945, 1985, 2221, 2485, 9933, 4357, 0, 0, 13238, 19878, 28083, 36000, 36000, 36000, 36000, 36000, 36000, 36000, 1, 1
15:27:58, 1024.00, 17.70, 21.56, 12.219, 882, 1278, 1683, 1876, 1944, 1984, 2220, 2485, 9927, 4356, 0, 0, 13209, 19842, 28031, 35992, 35467, 36000, 36000, 36000, 36000, 36000, 1, 1
15:27:59, 1024.20, 17.74, 21.54, 12.227, 878, 1271, 1676, 1864, 1927, 1968, 2196, 2472, 9796, 4378, 0, 0, 10597, 15969, 22211, 29362, 34954, 36000, 36000, 36000, 36000, 36000, 1, 1
15:27:59, 1024.20, 17.81, 21.54, 12.227, 727, 1081, 1401, 1555, 1662, 1667, 1881, 2126, 7434, 3251, 0, 0, 1553, 2300, 3091, 3898, 4077, 4543, 5621, 6892, 22161, 16158, 0, 0
15:28:00, 1024.40, 17.82, 21.56, 12.242, 776, 1167, 1505, 1675, 1406, 1479, 1769, 2056, 6698, 3211, 0, 0, 1556, 2297, 3122, 3926, 4563, 5088, 6327, 7721, 23858, 16763, 0, 0
15:28:01, 1023.70, 17.82, 21.52, 12.234, 135, 167, 232, 286, 239, 337, 511, 734, 2055, 1354, 0, 0, 6386, 9083, 12973, 14684, 10489, 11804, 14063, 18219, 36000, 36000, 1, 1
15:28:01, 1024.20, 17.82, 21.47, 12.234, 117, 145, 202, 228, 314, 386, 596, 824, 1777, 990, 0, 0, 5476, 7879, 11101, 13115, 7258, 8523, 10104, 13974, 36000, 36000, 1, 1
15:28:02, 1024.30, 17.80, 21.47, 12.203, 172, 228, 317, 374, 460, 526, 784, 1022, 1804, 1108, 0, 0, 2589, 3486, 4384, 5162, 2744, 3268, 3651, 5784, 24937, 24754, 0, 0
15:28:03, 1024.00, 17.79, 21.42, 12.164, 280, 412, 555, 655, 756, 837, 1099, 1375, 3082, 1710, 0, 0, 1249, 1645, 1860, 2218, 2034, 2450, 2742, 4592, 20463, 22005, 0, 0
15:28:03, 1023.80, 17.75, 21.40, 12.164, 605, 883, 1191, 1385, 1954, 2531, 3881, 5232, 15024, 7627, 0, 0, 917, 1352, 1781, 2182, 2638, 2903, 3426, 4120, 12124, 7377, 0, 0
15:28:04, 1023.60, 17.71, 21.35, 12.078, 419, 629, 831, 1000, 2125, 2237, 2702, 3089, 11702, 6794, 0, 0, 14790, 22416, 29186, 36000, 36000, 36000, 36000, 36000, 36000, 36000, 1, 1
15:28:05, 1024.10, 17.73, 21.33, 12.219, 686, 955, 1324, 1778, 2026, 2269, 2715, 3329, 9347, 4514, 0, 0, 13509, 15448, 23052, 25284, 25544, 29896, 30833, 36000, 36000, 36000, 1, 1
15:28:05, 1024.10, 17.74, 21.32, 12.219, 661, 868, 1216, 1793, 2431, 2850, 3368, 4224, 9971, 5088, 0, 0, 10174, 14167, 16534, 17776, 5443, 6402, 7168, 10576, 36000, 36000, 1, 1
15:28:06, 1023.40, 17.72, 21.26, 12.148, 603, 840, 1164, 1502, 1928, 2246, 2711, 3241, 6863, 3359, 0, 0, 6957, 10045, 13266, 16675, 16212, 17864, 21150, 28977, 36000, 36000, 1, 1
15:28:07, 1024.10, 17.72, 21.26, 12.359, 775, 1101, 1487, 1672, 1969, 2079, 2321, 2500, 8536, 3016, 0, 0, 5893, 9026, 11322, 14660, 16229, 18966, 22294, 30916, 36000, 36000, 1, 1
15:28:07, 1023.20, 17.71, 21.23, 12.359, 360, 462, 705, 873, 1025, 1075, 1236, 1317, 3517, 1557, 0, 0, 4816, 6219, 7131, 8162, 9661, 11789, 13431, 24163, 36000, 36000, 1, 1
15:28:08, 1023.50, 17.73, 21.23, 12.586, 1600, 2608, 3571, 4656, 11342, 8290, 17039, 12607, 13077, 5677, 0, 0, 7377, 10657, 14339, 17282, 21955, 25078, 30431, 36000, 36000, 36000, 1, 1
15:28:09, 1023.60, 17.74, 21.19, 12.516, 13956, 26098, 35302, 36000, 16643, 16631, 17362, 19681, 35224, 33803, 1, 1, 4586, 7334, 10314, 13639, 13584, 14675, 18149, 21069, 36000, 35941, 1, 1
15:28:09, 1024.00, 17.75, 21.19, 12.516, 2190, 3532, 3978, 7848, 5044, 6215, 9030, 6589, 27229, 14263, 0, 0, 2838, 4529, 6417, 8606, 12003, 13558, 15226, 18627, 36000, 29133, 1, 1
15:28:10, 1024.00, 17.77, 21.18, 12.414, 2810, 3080, 5164, 4612, 13332, 10172, 20246, 15844, 11912, 6261, 0, 0, 2349, 4008, 5768, 7879, 7934, 8134, 9779, 10172, 32944, 11569, 0, 1
15:28:11, 1023.60, 17.77, 21.18, 12.414, 7262, 9303, 13514, 15399, 5801, 6007, 5295, 7444, 36000, 36000, 1, 1, 2288, 3844, 5363, 7371, 11261, 11578, 14131, 16958, 36000, 30354, 1, 1
15:28:11, 1024.10, 17.80, 21.13, 12.430, 3251, 2951, 4119, 6428, 10320, 15946, 11532, 18276, 18387, 8524, 0, 0, 1809, 3241, 4713, 6636, 8404, 9329, 9836, 11628, 18537, 4919, 0, 0
15:28:12, 1025.70, 17.82, 21.16, 12.305, 2748, 5324, 7048, 10557, 8084, 9217, 14529, 10364, 18789, 6888, 0, 0, 763, 1272, 2236, 3216, 5002, 4975, 4889, 4495, 14679, 1416, 0, 0
15:28:13, 1028.50, 17.57, 21.14, 12.305, 6718, 5240, 10215, 8505, 9821, 9999, 8183, 13014, 36000, 36000, 1, 1, 724, 1284, 2467, 3792, 5721, 5670, 5581, 5086, 15619, 1374, 0, 0
15:28:13, 1030.20, 17.26, 21.09, 12.617, 3729, 3470, 10953, 6035, 10449, 6370, 13485, 9256, 28842, 20396, 0, 0, 783, 1402, 2733, 4233, 5692, 5636, 5519, 4997, 14745, 1233, 0, 0
15:28:14, 1032.60, 17.02, 21.11, 12.867, 3835, 6920, 14791, 15097, 7909, 3470, 13305, 5061, 36000, 35500, 1, 1, 734, 1312, 2591, 4038, 5722, 5670, 5567, 5034, 14866, 1236, 0, 0
15:28:15, 1033.80, 16.87, 21.06, 12.867, 2310, 3308, 6539, 5415, 13336, 3889, 16188, 6151, 36000, 35329, 1, 1, 716, 1282, 2521, 3937, 5563, 5514, 5408, 4903, 14757, 1219, 0, 0
15:28:15, 1034.90, 16.74, 21.09, 12.945, 2080, 2171, 5325, 3406, 8855, 4587, 9012, 7595, 36000, 33997, 1, 1, 687, 1225, 2399, 3738, 5192, 5155, 5045, 4575, 14105, 1177, 0, 0
15:28:16, 1036.30, 16.66, 21.07, 12.992, 4818, 3472, 9613, 4213, 13456, 11704, 8800, 12643, 35986, 30757, 0, 1, 649, 1147, 2272, 3553, 5062, 5031, 4917, 4438, 14080, 1161, 0, 0
15:28:17, 1035.00, 16.62, 21.04, 12.992, 4718, 2061, 5875, 3402, 8547, 14345, 6225, 14251, 35432, 30091, 0, 1, 664, 1163, 2304, 3576, 5124, 5101, 4975, 4480, 14491, 1201, 0, 0
15:28:17, 1036.10, 16.56, 21.07, 13.008, 3212, 2306, 5281, 4310, 9152, 22163, 11119, 19697, 36000, 25694, 1, 1, 682, 1199, 2389, 3730, 5488, 5483, 5342, 4818, 15494, 1281, 0, 0
15:28:18, 1034.80, 16.50, 21.00, 13.023, 4246, 4839, 7603, 11903, 5843, 18943, 14889, 14402, 36000, 13041, 1, 1, 707, 1245, 2470, 3860, 5582, 5566, 5431, 4892, 15627, 1307, 0, 0
15:28:19, 1035.80, 16.45, 20.99, 13.023, 5598, 6058, 6949, 13552, 6549, 13066, 17516, 9698, 25764, 4035, 0, 0, 699, 1237, 2458, 3859, 5535, 5531, 5389, 4859, 15254, 1275, 0, 0
15:28:19, 1035.60, 16.41, 21.00, 13.023, 3378, 4777, 5087, 13120, 14970, 19356, 26683, 15132, 22191, 4692, 0, 0, 693, 1228, 2439, 3842, 5461, 5467, 5313, 4789, 14824, 1238, 0, 0
15:28:20, 1036.50, 16.38, 21.00, 13.031, 2039, 5260, 4273, 11790, 17498, 15755, 26002, 14848, 16302, 3804, 0, 0, 673, 1196, 2385, 3762, 5368, 5384, 5217, 4706, 14339, 1195, 0, 0
15:28:21, 1036.90, 16.37, 20.99, 13.031, 1686, 3438, 4105, 9482, 6926, 5262, 10422, 5650, 9515, 2080, 0, 0, 654, 1162, 2326, 3686, 5313, 5331, 5160, 4652, 13982, 1169, 0, 0
15:28:21, 1038.50, 16.35, 20.99, 13.039, 1710, 4472, 5227, 11374, 7906, 5899, 14956, 7127, 10502, 2221, 0, 0, 645, 1143, 2306, 3666, 5265, 5291, 5117, 4599, 13598, 1122, 0, 0
15:28:22, 1036.30, 16.32, 20.95, 13.031, 1854, 4361, 7157, 8414, 11692, 10581, 16534, 16651, 9603, 2176, 0, 0, 635, 1131, 2261, 3581, 5314, 5335, 5157, 4645, 13738, 1143, 0, 0
15:28:22, 1038.90, 16.27, 20.92, 13.031, 2274, 5092, 9030, 11348, 27052, 22442, 31231, 28310, 12309, 3254, 0, 0, 651, 1157, 2328, 3699, 5524, 5550, 5369, 4829, 14054, 1163, 0, 0
15:28:23, 1034.20, 16.24, 20.92, 13.023, 2319, 5511, 9648, 12597, 20713, 12289, 25974, 16703, 11349, 2910, 0, 0, 669, 1193, 2384, 3768, 5592, 5608, 5432, 4901, 14459, 1212, 0, 0
15:28:24, 1029.50, 16.19, 20.90, 13.023, 1695, 4359, 4887, 11878, 15923, 7885, 29901, 9042, 10702, 3401, 0, 0, 723, 1283, 2539, 3968, 5784, 5791, 5617, 5090, 15256, 1314, 0, 0
15:28:24, 1029.20, 16.16, 20.87, 13.023, 1588, 3260, 3670, 9381, 11198, 7010, 22297, 7297, 10616, 3896, 0, 0, 728, 1292, 2536, 3948, 5478, 5480, 5334, 4833, 14707, 1269, 0, 0
15:28:25, 1028.70, 16.14, 20.87, 13.023, 1890, 5093, 5540, 17168, 13492, 12542, 25201, 11058, 12259, 4824, 0, 0, 720, 1276, 2505, 3902, 5518, 5520, 5365, 4869, 14816, 1296, 0, 0
15:28:26, 1028.60, 16.13, 20.90, 13.023, 3782, 7433, 7334, 15511, 16649, 12763, 27685, 14241, 11125, 3999, 0, 0, 673, 1197, 2358, 3701, 5242, 5250, 5094, 4609, 13845, 1197, 0, 0
15:28:26, 1028.10, 16.11, 20.87, 13.031, 3079, 8432, 16669, 16513, 19205, 19082, 25820, 33705, 12160, 4932, 0, 1, 693, 1233, 2425, 3799, 5418, 5432, 5262, 4767, 14160, 1226, 0, 0
15:28:27, 1028.80, 16.11, 20.87, 13.031, 3845, 9731, 11548, 17440, 14684, 12415, 18850, 17773, 12404, 5072, 0, 0, 694, 1235, 2440, 3829, 5862, 5873, 5691, 5165, 15199, 1321, 0, 0
15:28:28, 1028.90, 16.11, 20.85, 13.031, 4613, 9052, 15217, 17487, 20926, 11035, 31159, 12825, 11979, 4856, 0, 0, 740, 1315, 2588, 4041, 5637, 5647, 5481, 4974, 14859, 1286, 0, 0
15:28:28, 1029.50, 16.10, 20.85, 13.023, 2466, 5278, 6110, 12727, 10394, 6064, 20420, 6961, 11583, 4276, 0, 0, 731, 1297, 2556, 3993, 5639, 5639, 5490, 4978, 15083, 1303, 0, 0
15:28:29, 1030.10, 16.09, 20.87, 13.023, 2167, 5763, 5855, 14790, 12237, 9527, 24928, 7861, 12686, 4715, 0, 0, 788, 1395, 2733, 4250, 6146, 6141, 5983, 5435, 16696, 1461, 0, 0
15:28:30, 1028.70, 16.05, 20.83, 13.023, 3826, 5557, 5464, 14537, 5541, 8293, 15677, 5917, 13307, 4243, 0, 0, 789, 1392, 2727, 4233, 5972, 5957, 5819, 5279, 16416, 1436, 0, 0
15:28:30, 1028.90, 16.03, 20.80, 13.031, 3916, 5143, 5011, 13960, 8888, 15501, 24057, 10231, 24120, 6263, 0, 0, 765, 1349, 2643, 4100, 6154, 6145, 5995, 5453, 16972, 1493, 0, 0
15:28:31, 1029.70, 16.01, 20.81, 13.039, 7354, 10093, 10696, 19642, 10105, 14862, 19223, 12748, 21468, 5075, 0, 0, 747, 1320, 2594, 4041, 5879, 5880, 5731, 5209, 16165, 1399, 0, 0
15:28:32, 1029.80, 16.00, 20.78, 13.039, 4221, 9002, 8730, 16741, 11732, 11088, 26853, 8822, 13299, 4404, 0, 0, 748, 1323, 2599, 4051, 5724, 5734, 5583, 5074, 15512, 1340, 0, 0
15:28:32, 1032.00, 15.98, 20.81, 13.031, 2557, 6346, 7493, 14650, 16000, 15538, 24352, 17109, 10756, 3328, 0, 0, 672, 1193, 2366, 3721, 5514, 5538, 5367, 4853, 14452, 1224, 0, 0
15:28:33, 1030.80, 15.97, 20.81, 13.023, 3920, 8782, 12246, 16446, 19428, 7613, 25516, 10868, 10272, 3097, 0, 0, 675, 1202, 2386, 3754, 5570, 5592, 5418, 4899, 14314, 1215, 0, 0
15:28:34, 1031.60, 15.97, 20.78, 13.023, 3240, 6308, 8888, 11977, 13367, 5291, 20817, 7524, 9933, 3341, 0, 0, 693, 1233, 2458, 3871, 5782, 5802, 5617, 5070, 14610, 1237, 0, 0
15:28:34, 1031.50, 15.97, 20.78, 13.023, 3158, 7211, 11324, 13426, 16328, 6958, 24596, 11564, 9604, 3305, 0, 0, 695, 1236, 2458, 3866, 5691, 5714, 5536, 5010, 14465, 1227, 0, 0
15:28:35, 1031.80, 15.97, 20.76, 13.016, 4027, 8787, 11298, 13449, 13533, 8758, 17208, 14939, 10096, 3134, 0, 0, 676, 1202, 2396, 3782, 5543, 5564, 5381, 4857, 14145, 1197, 0, 0
15:28:36, 1029.90, 15.97, 20.78, 13.016, 5282, 9287, 11329, 14777, 19678, 11295, 29756, 18550, 10898, 3435, 0, 0, 674, 1198, 2378, 3741, 5478, 5506, 5327, 4822, 14141, 1207, 0, 0
15:28:36, 1028.60, 15.98, 20.75, 13.016, 3843, 7449, 13812, 16263, 18127, 14956, 29596, 25288, 11356, 4714, 0, 0, 678, 1205, 2378, 3733, 5405, 5426, 5262, 4771, 14062, 1222, 0, 0
15:28:37, 1028.40, 15.98, 20.75, 13.016, 2507, 5068, 7563, 10514, 16525, 5526, 26380, 8563, 10628, 4343, 0, 0, 667, 1185, 2342, 3675, 5379, 5405, 5235, 4746, 13890, 1197, 0, 0
15:28:38, 1028.40, 15.98, 20.71, 13.016, 4232, 8129, 11560, 15514, 16734, 8515, 26937, 12400, 13037, 6106, 0, 0, 700, 1243, 2456, 3836, 5704, 5730, 5558, 5054, 14727, 1273, 0, 0
15:28:38, 1028.70, 15.98, 20.75, 13.016, 2435, 7372, 11740, 15335, 20953, 8213, 26192, 11274, 11419, 4930, 0, 0, 716, 1274, 2504, 3915, 5726, 5745, 5580, 5067, 14973, 1300, 0, 0
15:28:39, 1031.00, 15.98, 20.73, 13.016, 1488, 2640, 3482, 4986, 13614, 8229, 20543, 9748, 11827, 4127, 0, 0, 745, 1329, 2614, 4083, 5546, 5569, 5413, 4913, 14552, 1242, 0, 0
15:28:40, 1032.30, 15.97, 20.75, 13.016, 1768, 4097, 5281, 11108, 22007, 7766, 31296, 9314, 10543, 3842, 0, 0, 725, 1288, 2545, 3989, 5609, 5629, 5478, 4974, 14809, 1266, 0, 0
15:28:40, 1032.90, 15.97, 20.71, 13.023, 1506, 3498, 4170, 10590, 22026, 8439, 28591, 10414, 10424, 2966, 0, 0, 683, 1211, 2413, 3805, 5533, 5562, 5401, 4889, 14445, 1216, 0, 0
15:28:41, 1033.30, 15.96, 20.69, 13.023, 1822, 4523, 5247, 14505, 16181, 8364, 28504, 9673, 10226, 2870, 0, 0, 698, 1240, 2463, 3874, 5501, 5526, 5368, 4864, 14331, 1218, 0, 0
15:28:42, 1032.40, 15.95, 20.69, 13.016, 1676, 3487, 4791, 9300, 15562, 12337, 18866, 19751, 9981, 2860, 0, 0, 692, 1229, 2440, 3842, 5435, 5463, 5296, 4787, 14074, 1191, 0, 0
15:28:42, 1033.30, 15.95, 20.71, 13.023, 1701, 5249, 6550, 10973, 18826, 8366, 25594, 10917, 10179, 3012, 0, 0, 698, 1244, 2472, 3900, 5612, 5639, 5467, 4948, 14421, 1216, 0, 0
15:28:43, 1032.70, 15.97, 20.68, 13.023, 2268, 7688, 10176, 13049, 17815, 8186, 24903, 10903, 10194, 2886, 0, 0, 688, 1224, 2438, 3852, 5443, 5476, 5300, 4784, 13949, 1173, 0, 0
15:28:44, 1033.60, 15.97, 20.69, 13.023, 2974, 7747, 12766, 16801, 14513, 8928, 19302, 10638, 9972, 2812, 0, 0, 687, 1223, 2437, 3845, 5539, 5570, 5399, 4879, 14222, 1199, 0, 0
15:28:44, 1034.60, 15.96, 20.69, 13.023, 4146, 7008, 12037, 14451, 24060, 9840, 26244, 12409, 10753, 3056, 0, 0, 666, 1184, 2367, 3740, 5446, 5476, 5305, 4791, 13944, 1168, 0, 0
15:28:45, 1034.30, 15.95, 20.69, 13.023, 3246, 6285, 11558, 13698, 17076, 8202, 22868, 14716, 9655, 2653, 0, 0, 650, 1156, 2316, 3671, 5443, 5474, 5301, 4784, 13845, 1156, 0, 0
15:28:46, 1034.50, 15.95, 20.71, 13.016, 2494, 5357, 8822, 11496, 18645, 9828, 23050, 18712, 9449, 2756, 0, 0, 664, 1182, 2363, 3739, 5450, 5486, 5302, 4786, 13758, 1151, 0, 0
15:28:46, 1035.30, 15.96, 20.69, 13.023, 3152, 6418, 9682, 13835, 17839, 9002, 25458, 15800, 9481, 2623, 0, 0, 670, 1193, 2391, 3784, 5512, 5546, 5366, 4842, 13887, 1157, 0, 0
15:28:47, 1032.40, 15.97, 20.68, 13.023, 2485, 5296, 8363, 11060, 19153, 7517, 27288, 13848, 9490, 2925, 0, 0, 680, 1210, 2416, 3815, 5515, 5540, 5370, 4855, 14053, 1191, 0, 0
15:28:48, 1031.70, 15.95, 20.68, 13.016, 2615, 5698, 10176, 13273, 13419, 5309, 19517, 8590, 8738, 2920, 0, 0, 678, 1207, 2407, 3792, 5392, 5420, 5250, 4748, 13750, 1163, 0, 0
15:28:48, 1031.90, 15.93, 20.64, 13.016, 2198, 4970, 8418, 11492, 11828, 4133, 18507, 6500, 8913, 3283, 0, 0, 669, 1187, 2376, 3743, 5276, 5310, 5139, 4640, 13440, 1137, 0, 0
15:28:49, 1031.70, 15.93, 20.64, 13.016, 1823, 3264, 5274, 5724, 13851, 4410, 22247, 7166, 8375, 2964, 0, 0, 679, 1209, 2407, 3792, 5369, 5401, 5225, 4726, 13611, 1155, 0, 0
15:28:50, 1030.70, 15.93, 20.62, 13.016, 1420, 2306, 3414, 3958, 11040, 4019, 21450, 6297, 8802, 3451, 0, 0, 680, 1214, 2403, 3776, 5321, 5348, 5184, 4698, 13712, 1172, 0, 0
15:28:50, 1031.20, 15.93, 20.64, 13.016, 1636, 2900, 4302, 6180, 12415, 4849, 19910, 7827, 9059, 3445, 0, 0, 668, 1189, 2359, 3706, 5250, 5282, 5122, 4644, 13620, 1163, 0, 0
15:28:51, 1031.40, 15.91, 20.62, 13.016, 1707, 3645, 5928, 8655, 21555, 13235, 28363, 19761, 10676, 3690, 0, 0, 654, 1163, 2313, 3644, 5304, 5339, 5175, 4684, 13678, 1162, 0, 0
15:28:52, 1031.70, 15.90, 20.64, 13.016, 2406, 5699, 10266, 14080, 18648, 8162, 24077, 11792, 9652, 3361, 0, 0, 673, 1199, 2380, 3743, 5372, 5403, 5232, 4737, 13777, 1172, 0, 0
15:28:52, 1031.70, 15.88, 20.61, 13.016, 1954, 4190, 7300, 10083, 18175, 8341, 27796, 13675, 9611, 3317, 0, 0, 684, 1221, 2425, 3817, 5586, 5613, 5441, 4934, 14213, 1209, 0, 0
15:28:53, 1030.80, 15.86, 20.62, 13.016, 1717, 3095, 5205, 5800, 14496, 4490, 23548, 7406, 9055, 3537, 0, 0, 679, 1208, 2402, 3776, 5391, 5422, 5243, 4740, 13626, 1157, 0, 0
15:28:54, 1030.40, 15.85, 20.62, 13.016, 1851, 3173, 5279, 6366, 17257, 5038, 21122, 9229, 8660, 3190, 0, 0, 660, 1172, 2344, 3691, 5594, 5627, 5440, 4923, 13932, 1174, 0, 0
15:28:54, 1030.90, 15.85, 20.61, 13.016, 3821, 6911, 11824, 12238, 15607, 5010, 21359, 9371, 8854, 3571, 0, 0, 653, 1161, 2322, 3655, 5167, 5202, 5020, 4541, 12842, 1090, 0, 0
15:28:55, 1030.90, 15.84, 20.61, 13.016, 5395, 5646, 11923, 8915, 16456, 8048, 19194, 14360, 8852, 3294, 0, 0, 622, 1108, 2218, 3503, 5011, 5050, 4866, 4402, 12297, 1037, 0, 0
15:28:56, 1031.90, 15.84, 20.59, 13.016, 4201, 3308, 9358, 4868, 9641, 4532, 10097, 7320, 8400, 3363, 0, 0, 649, 1159, 2316, 3653, 5176, 5197, 5028, 4531, 12678, 1069, 0, 0
15:28:56, 1032.90, 15.82, 20.61, 13.016, 2367, 2571, 6421, 3865, 9255, 4195, 9761, 6757, 8251, 2734, 0, 0, 640, 1143, 2291, 3628, 5307, 5333, 5154, 4638, 12988, 1081, 0, 0
15:28:57, 1033.50, 15.82, 20.62, 13.016, 2330, 2788, 6695, 4461, 13061, 4698, 17140, 8045, 8591, 2902, 0, 0, 647, 1154, 2314, 3663, 5401, 5430, 5247, 4726, 13347, 1114, 0, 0
15:28:58, 1030.60, 15.81, 20.59, 13.016, 1978, 3104, 6190, 5164, 17754, 5970, 21967, 12618, 9120, 3097, 0, 0, 665, 1183, 2361, 3717, 5505, 5534, 5353, 4834, 13857, 1175, 0, 0
15:28:58, 1030.30, 15.80, 20.59, 13.016, 2091, 4277, 7385, 10168, 17896, 5419, 25946, 9806, 9533, 3860, 0, 0, 659, 1172, 2333, 3676, 5304, 5333, 5157, 4669, 13536, 1154, 0, 0
15:28:59, 1029.20, 15.79, 20.61, 13.023, 2668, 5708, 9246, 12845, 17918, 5584, 25728, 9951, 9272, 3552, 0, 0, 659, 1168, 2329, 3665, 5372, 5402, 5223, 4731, 13688, 1171, 0, 0
15:29:00, 1029.90, 15.78, 20.57, 13.023, 3107, 6602, 10922, 14802, 16229, 4968, 26614, 8461, 9358, 4068, 0, 0, 678, 1206, 2392, 3759, 5264, 5293, 5120, 4636, 13506, 1158, 0, 0
15:29:00, 1030.30, 15.77, 20.57, 13.023, 2709, 5959, 10243, 13630, 16296, 4957, 27107, 8320, 9326, 3703, 0, 0, 675, 1200, 2386, 3752, 5399, 5428, 5260, 4761, 13824, 1186, 0, 0
15:29:01, 1030.30, 15.78, 20.57, 13.016, 2123, 5184, 9610, 12833, 20441, 8172, 26628, 11538, 10416, 3884, 0, 0, 679, 1206, 2398, 3775, 5491, 5517, 5342, 4831, 14122, 1205, 0, 0
15:29:02, 1030.40, 15.79, 20.57, 13.016, 2438, 5955, 11705, 13923, 20427, 11430, 24771, 13442, 10429, 3719, 0, 0, 716, 1273, 2520, 3954, 5679, 5706, 5533, 5017, 14742, 1267, 0, 0
15:29:02, 1030.20, 15.80, 20.59, 13.016, 2035, 6220, 8906, 13979, 16394, 20614, 27502, 17210, 11096, 3695, 0, 0, 714, 1268, 2515, 3947, 5665, 5690, 5514, 4996, 14758, 1261, 0, 0
15:29:03, 1029.50, 15.82, 20.54, 13.016, 1940, 5895, 7044, 14647, 17021, 12016, 24939, 16748, 10488, 3712, 0, 0, 699, 1240, 2456, 3852, 5603, 5629, 5450, 4947, 14636, 1261, 0, 0
15:29:04, 1029.50, 15.81, 20.57, 13.016, 2973, 10150, 12364, 14565, 20338, 21236, 25781, 34940, 11824, 4094, 0, 1, 695, 1232, 2434, 3813, 5674, 5700, 5526, 5027, 14785, 1280, 0, 0
15:29:04, 1031.20, 15.79, 20.54, 13.023, 4998, 8695, 15507, 17656, 21274, 14846, 24693, 31325, 10714, 4081, 0, 0, 661, 1172, 2330, 3668, 5517, 5545, 5376, 4878, 14389, 1234, 0, 0
15:29:05, 1029.90, 15.77, 20.54, 13.016, 1977, 4327, 7577, 10393, 14297, 5277, 22588, 8555, 9135, 3069, 0, 0, 663, 1176, 2334, 3674, 5323, 5352, 5191, 4704, 13827, 1189, 0, 0
15:29:05, 1032.10, 15.74, 20.57, 13.016, 2377, 5819, 8001, 11271, 9845, 3724, 15537, 5320, 8361, 2961, 0, 0, 698, 1242, 2468, 3882, 5421, 5448, 5281, 4783, 13999, 1194, 0, 0
15:29:06, 1031.50, 15.72, 20.52, 13.008, 1679, 3320, 5283, 7874, 15999, 7659, 23392, 11826, 9386, 3051, 0, 0, 688, 1224, 2431, 3831, 5473, 5497, 5328, 4820, 14166, 1209, 0, 0
15:29:07, 1032.00, 15.71, 20.52, 13.008, 1467, 3026, 4046, 7952, 14430, 8181, 21267, 9169, 10935, 3401, 0, 0, 712, 1266, 2515, 3957, 5702, 5727, 5555, 5030, 14839, 1259, 0, 0
15:29:07, 1031.50, 15.72, 20.52, 13.008, 1684, 4720, 5035, 14580, 12826, 10368, 20818, 9244, 11043, 3435, 0, 0, 732, 1297, 2571, 4036, 5816, 5837, 5670, 5145, 15367, 1317, 0, 0
15:29:08, 1030.80, 15.72, 20.52, 13.008, 1797, 4538, 4972, 11983, 15369, 11456, 24679, 10538, 12208, 3577, 0, 0, 741, 1314, 2598, 4070, 5826, 5842, 5678, 5151, 15544, 1340, 0, 0
15:29:09, 1031.40, 15.73, 20.54, 13.016, 2486, 6118, 7290, 14446, 13453, 9839, 20025, 8918, 11224, 3700, 0, 0, 756, 1341, 2642, 4127, 5692, 5703, 5552, 5044, 15359, 1325, 0, 0
15:29:09, 1029.60, 15.74, 20.50, 13.016, 1509, 3069, 3608, 9129, 8701, 5084, 18140, 6020, 10306, 3699, 0, 0, 728, 1292, 2552, 3999, 5541, 5561, 5402, 4905, 14792, 1284, 0, 0
15:29:10, 1031.00, 15.72, 20.50, 13.008, 2151, 8808, 8571, 16009, 16411, 6126, 23333, 7457, 9569, 3180, 0, 0, 674, 1196, 2375, 3735, 5213, 5239, 5079, 4595, 13673, 1167, 0, 0
15:29:11, 1032.30, 15.70, 20.52, 13.008, 2726, 6133, 10397, 13206, 16079, 6066, 22969, 9946, 9067, 3198, 0, 0, 655, 1165, 2326, 3669, 5222, 5255, 5084, 4588, 13205, 1116, 0, 0
15:29:11, 1033.30, 15.70, 20.50, 13.008, 2668, 3642, 8516, 6159, 14011, 5186, 17329, 10210, 8132, 2649, 0, 0, 659, 1176, 2359, 3734, 5275, 5311, 5127, 4622, 12954, 1079, 0, 0
15:29:12, 1032.50, 15.68, 20.50, 13.000, 2402, 2717, 6566, 3951, 12609, 5276, 14141, 9801, 8370, 2951, 0, 0, 644, 1148, 2303, 3647, 5307, 5340, 5154, 4644, 12980, 1081, 0, 0
15:29:13, 1032.10, 15.68, 20.47, 13.008, 1632, 2425, 4855, 4109, 9037, 4368, 9817, 6922, 8501, 2676, 0, 0, 642, 1145, 2299, 3638, 5419, 5454, 5268, 4749, 13231, 1100, 0, 0
15:29:13, 1031.50, 15.67, 20.52, 13.008, 3209, 3773, 10167, 6263, 14323, 4954, 18653, 8860, 8544, 3159, 0, 0, 656, 1168, 2334, 3683, 5340, 5377, 5193, 4692, 13181, 1109, 0, 0
15:29:14, 1031.40, 15.67, 20.50, 13.000, 3333, 4170, 11084, 6933, 16963, 5687, 23523, 12046, 8474, 3039, 0, 0, 632, 1126, 2252, 3566, 5170, 5206, 5031, 4545, 12929, 1092, 0, 0
15:29:15, 1031.40, 15.66, 20.49, 13.000, 6364, 6999, 11986, 12510, 20203, 10066, 25375, 21454, 9055, 3409, 0, 0, 624, 1110, 2209, 3491, 5344, 5382, 5208, 4715, 13458, 1144, 0, 0
15:29:15, 1032.10, 15.65, 20.49, 13.000, 4178, 7733, 13023, 13178, 20500, 9848, 23933, 19183, 9602, 3343, 0, 0, 642, 1141, 2289, 3618, 5467, 5502, 5325, 4819, 13733, 1157, 0, 0
15:29:16, 1030.90, 15.64, 20.47, 12.992, 3161, 7284, 11289, 13723, 14368, 4537, 25051, 7313, 9008, 3322, 0, 0, 692, 1229, 2441, 3835, 5635, 5673, 5498, 4990, 14440, 1237, 0, 0
15:29:17, 1030.50, 15.63, 20.47, 12.992, 2505, 9602, 11074, 16137, 15807, 7645, 20781, 9372, 9676, 3256, 0, 0, 711, 1259, 2490, 3907, 5613, 5644, 5473, 4970, 14660, 1267, 0, 0
15:29:17, 1032.00, 15.64, 20.47, 12.992, 2096, 6841, 6890, 11569, 14308, 13418, 18581, 14464, 12008, 3712, 0, 0, 708, 1254, 2481, 3900, 5539, 5570, 5412, 4912, 14785, 1273, 0, 0
15:29:18, 1031.50, 15.63, 20.45, 13.000, 2206, 7201, 7043, 19283, 17293, 21699, 26945, 23970, 11989, 3385, 0, 0, 708, 1254, 2480, 3897, 5638, 5668, 5515, 5017, 15047, 1298, 0, 0
15:29:19, 1032.50, 15.64, 20.45, 13.000, 2318, 7600, 7340, 17961, 15672, 19140, 23298, 20150, 10869, 3445, 0, 0, 703, 1244, 2466, 3878, 5710, 5743, 5575, 5067, 15075, 1296, 0, 0
15:29:19, 1031.70, 15.62, 20.45, 13.000, 1796, 6392, 7639, 12330, 14001, 13490, 18953, 18290, 10481, 2959, 0, 0, 674, 1193, 2376, 3744, 5476, 5511, 5345, 4846, 14290, 1218, 0, 0
15:29:20, 1031.40, 15.62, 20.47, 13.000, 2957, 7840, 14649, 16052, 14495, 10259, 22084, 15900, 9498, 2960, 0, 0, 706, 1251, 2490, 3914, 5645, 5677, 5512, 4996, 14642, 1247, 0, 0
15:29:21, 1030.50, 15.61, 20.40, 13.000, 1959, 3910, 6632, 9016, 12013, 4281, 19405, 5975, 9603, 3727, 0, 0, 723, 1281, 2533, 3964, 5764, 5795, 5625, 5121, 14979, 1303, 0, 0
15:29:21, 1030.60, 15.62, 20.47, 12.992, 2758, 6195, 11455, 14327, 18223, 8860, 22938, 13131, 9965, 3358, 0, 0, 687, 1219, 2413, 3794, 5577, 5613, 5447, 4948, 14593, 1258, 0, 0
15:29:22, 1030.20, 15.62, 20.45, 13.000, 1638, 3623, 4771, 9527, 20108, 9310, 22912, 13218, 9765, 3403, 0, 0, 694, 1232, 2432, 3813, 5541, 5573, 5416, 4925, 14581, 1267, 0, 0
15:29:23, 1031.40, 15.62, 20.42, 13.000, 1540, 3229, 4059, 8889, 16517, 7708, 21570, 10798, 9506, 3341, 0, 0, 684, 1215, 2406, 3787, 5463, 5498, 5335, 4841, 14331, 1229, 0, 0
15:29:23, 1031.30, 15.63, 20.45, 12.992, 1523, 3206, 4368, 8112, 20939, 11360, 25181, 17212, 9878, 3089, 0, 0, 656, 1166, 2314, 3651, 5348, 5387, 5229, 4750, 13938, 1193, 0, 0
15:29:24, 1031.70, 15.62, 20.42, 13.000, 1966, 4944, 8214, 12998, 17909, 10311, 28619, 15652, 9589, 3285, 0, 0, 649, 1151, 2293, 3619, 5276, 5312, 5153, 4667, 13594, 1159, 0, 0
15:29:25, 1031.90, 15.61, 20.43, 13.000, 2862, 6542, 11159, 15650, 14711, 7299, 22127, 11393, 8990, 2913, 0, 0, 631, 1119, 2237, 3539, 5195, 5238, 5076, 4598, 13280, 1128, 0, 0
15:29:25, 1033.20, 15.60, 20.43, 12.992, 4200, 7313, 13424, 15733, 17422, 14403, 23684, 22077, 9385, 2941, 0, 0, 661, 1176, 2352, 3724, 5264, 5310, 5140, 4658, 13339, 1122, 0, 0
15:29:26, 1032.70, 15.59, 20.42, 12.992, 2604, 6025, 9875, 13411, 18908, 6640, 26639, 10052, 9434, 3187, 0, 0, 696, 1234, 2467, 3895, 5571, 5613, 5447, 4938, 14163, 1201, 0, 0
15:29:27, 1031.00, 15.58, 20.42, 12.992, 1546, 3123, 4522, 8443, 13179, 5061, 23393, 6702, 9424, 3107, 0, 0, 704, 1251, 2488, 3921, 5516, 5551, 5388, 4885, 14327, 1222, 0, 0
15:29:27, 1031.10, 15.57, 20.43, 12.992, 1698, 4008, 5555, 10783, 12639, 7160, 22352, 7814, 10043, 3419, 0, 0, 735, 1299, 2577, 4043, 5731, 5763, 5597, 5081, 15051, 1294, 0, 0
15:29:28, 1031.80, 15.57, 20.40, 12.992, 2137, 7881, 8555, 16270, 13240, 11712, 23463, 10551, 10671, 3445, 0, 0, 726, 1284, 2541, 3987, 5693, 5726, 5562, 5061, 15032, 1300, 0, 0
15:29:29, 1031.00, 15.56, 20.38, 12.992, 2402, 8633, 10912, 13183, 15818, 14416, 25431, 16627, 10095, 3178, 0, 0, 697, 1233, 2448, 3854, 5503, 5539, 5370, 4875, 14468, 1246, 0, 0
15:29:29, 1031.80, 15.56, 20.38, 12.984, 3730, 9705, 16562, 18026, 17232, 9514, 21463, 14901, 9435, 2982, 0, 0, 688, 1219, 2425, 3819, 5505, 5543, 5378, 4880, 14288, 1226, 0, 0
15:29:30, 1032.90, 15.56, 20.40, 12.984, 2816, 6270, 12947, 13515, 16439, 7649, 26338, 11947, 9445, 3146, 0, 0, 698, 1242, 2475, 3909, 5671, 5704, 5538, 5013, 14551, 1237, 0, 0
15:29:31, 1032.20, 15.56, 20.40, 12.984, 1984, 4812, 7610, 11586, 15321, 5026, 24618, 7700, 9228, 2967, 0, 0, 693, 1229, 2460, 3886, 5629, 5663, 5491, 4967, 14347, 1212, 0, 0
15:29:31, 1033.10, 15.56, 20.38, 12.984, 1856, 4069, 6587, 9918, 13018, 5074, 18118, 7181, 9040, 3028, 0, 0, 709, 1261, 2519, 3974, 5591, 5620, 5460, 4942, 14306, 1211, 0, 0
15:29:32, 1032.10, 15.57, 20.37, 12.984, 1675, 3320, 5118, 7815, 11611, 4140, 18084, 5890, 8719, 3080, 0, 0, 694, 1231, 2462, 3889, 5454, 5488, 5320, 4813, 13948, 1185, 0, 0
15:29:33, 1032.40, 15.57, 20.37, 12.984, 1727, 3439, 5794, 8037, 7745, 3680, 14949, 5489, 8402, 2912, 0, 0, 669, 1189, 2384, 3778, 5248, 5290, 5112, 4614, 13303, 1121, 0, 0
15:29:33, 1031.50, 15.56, 20.42, 12.984, 2646, 5653, 8963, 9999, 12566, 4136, 21767, 6554, 8161, 2790, 0, 0, 653, 1159, 2322, 3676, 5255, 5294, 5121, 4624, 13232, 1120, 0, 0
15:29:34, 1030.80, 15.56, 20.33, 12.984, 2279, 4027, 7695, 6881, 17553, 4809, 22193, 8423, 8430, 3131, 0, 0, 671, 1195, 2386, 3774, 5275, 5312, 5136, 4642, 13248, 1128, 0, 0
15:29:35, 1030.80, 15.56, 20.37, 12.984, 1767, 2838, 4872, 4766, 16562, 4806, 24377, 8392, 8526, 3356, 0, 0, 656, 1166, 2333, 3692, 5272, 5308, 5136, 4645, 13329, 1134, 0, 0
15:29:35, 1030.40, 15.56, 20.35, 12.977, 1729, 3367, 5867, 7388, 20698, 6956, 25298, 14386, 8938, 3354, 0, 0, 658, 1168, 2334, 3689, 5301, 5337, 5159, 4659, 13373, 1138, 0, 0
15:29:36, 1031.00, 15.56, 20.37, 12.977, 3343, 7274, 11071, 14490, 15718, 9539, 17702, 15177, 8957, 3055, 0, 0, 641, 1140, 2279, 3607, 5099, 5132, 4960, 4476, 12871, 1092, 0, 0
15:29:37, 1032.40, 15.56, 20.37, 12.977, 2797, 6600, 10352, 11562, 17818, 6128, 22474, 11661, 8495, 3041, 0, 0, 639, 1136, 2282, 3619, 5182, 5221, 5036, 4547, 12971, 1093, 0, 0
15:29:37, 1031.90, 15.55, 20.38, 12.977, 1775, 3303, 5443, 5692, 17197, 5282, 20662, 9969, 8331, 2800, 0, 0, 641, 1139, 2286, 3626, 5214, 5251, 5069, 4572, 13123, 1105, 0, 0
15:29:38, 1032.50, 15.54, 20.35, 12.977, 1811, 3759, 6404, 8032, 13846, 4767, 20680, 7791, 8809, 3157, 0, 0, 666, 1183, 2367, 3740, 5346, 5375, 5197, 4692, 13595, 1154, 0, 0
15:29:39, 1032.00, 15.54, 20.33, 12.977, 1593, 3248, 5053, 7906, 13948, 5269, 23888, 7429, 9340, 2984, 0, 0, 654, 1163, 2323, 3671, 5288, 5313, 5146, 4649, 13701, 1165, 0, 0
15:29:39, 1032.70, 15.54, 20.35, 12.977, 2125, 8187, 8893, 15364, 13261, 10453, 19051, 11844, 9616, 2899, 0, 0, 636, 1128, 2246, 3544, 5145, 5175, 5012, 4528, 13558, 1152, 0, 0
15:29:40, 1032.30, 15.54, 20.33, 12.977, 1999, 6826, 6836, 20071, 16580, 18656, 24806, 21916, 10538, 2846, 0, 0, 625, 1109, 2210, 3482, 5027, 5047, 4890, 4422, 13261, 1129, 0, 0
15:29:41, 1032.10, 15.53, 20.35, 12.961, 2247, 9903, 8439, 14175, 16015, 18634, 23824, 21002, 10164, 2981, 0, 0, 628, 1117, 2214, 3483, 5030, 5045, 4888, 4423, 13298, 1140, 0, 0
15:29:41, 1032.90, 15.53, 20.31, 12.977, 1818, 7004, 6614, 17165, 11176, 10947, 18173, 9899, 9988, 2728, 0, 0, 615, 1093, 2174, 3427, 4951, 4972, 4801, 4335, 12951, 1099, 0, 0
15:29:42, 1032.50, 15.51, 20.33, 12.977, 1658, 4801, 5170, 15567, 12804, 9528, 20414, 9593, 9726, 2677, 0, 0, 607, 1077, 2146, 3375, 4998, 5009, 4847, 4384, 13082, 1115, 0, 0
15:29:43, 1031.80, 15.51, 20.33, 12.977, 1543, 3533, 4181, 11569, 10576, 6860, 16572, 7177, 9560, 2765, 0, 0, 617, 1096, 2172, 3400, 4836, 4848, 4687, 4232, 12741, 1089, 0, 0
15:29:43, 1032.10, 15.50, 20.33, 12.977, 1769, 4765, 5251, 12446, 11075, 11665, 20165, 10161, 9809, 2707, 0, 0, 585, 1039, 2064, 3241, 4725, 4731, 4582, 4140, 12510, 1064, 0, 0
15:29:44, 1029.40, 15.47, 20.31, 12.977, 1620, 5241, 5188, 15317, 15917, 10637, 23078, 12648, 9681, 3131, 0, 0, 575, 1023, 2022, 3168, 4493, 4501, 4356, 3936, 11913, 1024, 0, 0
15:29:45, 1031.40, 15.45, 20.30, 12.969, 2458, 8320, 10108, 12793, 16103, 6670, 20034, 9436, 8713, 3139, 0, 0, 567, 1011, 1999, 3138, 4387, 4400, 4244, 3826, 11382, 968, 0, 0
15:29:45, 1031.60, 15.43, 20.26, 12.969, 1725, 4159, 6809, 10622, 14438, 6977, 22062, 11262, 8541, 2578, 0, 0, 544, 969, 1935, 3039, 4361, 4376, 4215, 3792, 11087, 929, 0, 0
15:29:46, 1030.30, 15.42, 20.35, 12.969, 1973, 4321, 7228, 10013, 10164, 3671, 19293, 5569, 8513, 2939, 0, 0, 566, 1008, 2005, 3139, 4646, 4655, 4491, 4055, 11832, 1005, 0, 0
15:29:47, 1030.30, 15.42, 20.28, 12.969, 1850, 5695, 6953, 13692, 8721, 3531, 14091, 4853, 8414, 2666, 0, 0, 583, 1039, 2064, 3231, 4600, 4609, 4449, 4016, 11762, 996, 0, 0
15:29:47, 1031.10, 15.42, 20.28, 12.969, 1736, 5148, 7364, 11403, 17345, 6213, 22395, 7397, 9100, 3262, 0, 0, 593, 1058, 2093, 3272, 4689, 4694, 4547, 4112, 12151, 1034, 0, 0
15:29:48, 1030.50, 15.40, 20.28, 12.969, 2506, 8827, 9912, 14258, 12655, 4742, 18680, 6173, 8512, 2558, 0, 0, 572, 1018, 2027, 3183, 4493, 4509, 4356, 3934, 11655, 986, 0, 0
15:29:49, 1028.70, 15.38, 20.28, 12.969, 3225, 6806, 13459, 14377, 14712, 9620, 26228, 15101, 9849, 3834, 0, 0, 589, 1049, 2073, 3240, 4750, 4763, 4605, 4176, 12308, 1062, 0, 0
15:29:49, 1029.40, 15.36, 20.28, 12.969, 2196, 4584, 7478, 9381, 12516, 4730, 19477, 6301, 9111, 3755, 0, 0, 622, 1106, 2193, 3433, 4856, 4869, 4711, 4260, 12486, 1071, 0, 0
15:29:50, 1030.10, 15.35, 20.31, 12.961, 2330, 5423, 8408, 11749, 11469, 4147, 19774, 6414, 8458, 3034, 0, 0, 626, 1114, 2209, 3461, 4863, 4887, 4720, 4267, 12410, 1053, 0, 0
15:29:51, 1031.00, 15.35, 20.30, 12.969, 1999, 4366, 7614, 10623, 15823, 7297, 20815, 10641, 9264, 3460, 0, 0, 649, 1155, 2296, 3607, 5262, 5282, 5115, 4631, 13435, 1146, 0, 0
15:29:51, 1029.30, 15.36, 20.28, 12.969, 3355, 6490, 9252, 11138, 14184, 5038, 22356, 7726, 9220, 3178, 0, 0, 666, 1182, 2346, 3679, 5308, 5333, 5162, 4670, 13577, 1161, 0, 0
15:29:52, 1031.80, 15.36, 20.26, 12.969, 5303, 9706, 12587, 16211, 11471, 10542, 16601, 15945, 10943, 3228, 0, 0, 676, 1200, 2390, 3759, 5404, 5428, 5261, 4766, 13864, 1176, 0, 0
15:29:53, 1029.80, 15.35, 20.26, 12.977, 4214, 8262, 15316, 16748, 17704, 13036, 27288, 24026, 9964, 3524, 0, 0, 658, 1166, 2312, 3630, 5161, 5189, 5032, 4564, 13412, 1161, 0, 0
15:29:53, 1032.80, 15.33, 20.26, 12.977, 3141, 6272, 8087, 11135, 11286, 7334, 15542, 11936, 8963, 2663, 0, 0, 645, 1147, 2289, 3617, 5204, 5236, 5065, 4576, 13358, 1127, 0, 0
15:29:54, 1030.50, 15.32, 20.26, 12.977, 3165, 6819, 13710, 14741, 17092, 14785, 25024, 24116, 10053, 2927, 0, 0, 629, 1113, 2222, 3508, 5206, 5238, 5071, 4586, 13420, 1145, 0, 0
15:29:55, 1031.90, 15.32, 20.28, 12.977, 1807, 5591, 6064, 13827, 17363, 12204, 24629, 16915, 10417, 3291, 0, 0, 683, 1213, 2409, 3797, 5385, 5418, 5251, 4752, 14008, 1187, 0, 0
15:29:55, 1031.40, 15.32, 20.26, 12.977, 1816, 5875, 7316, 13214, 12890, 11113, 23110, 10455, 10365, 3212, 0, 0, 694, 1232, 2437, 3835, 5455, 5483, 5321, 4822, 14340, 1233, 0, 0
15:29:56, 1032.60, 15.32, 20.25, 12.969, 1919, 5233, 5753, 14656, 14392, 17387, 23830, 17550, 12623, 3312, 0, 0, 673, 1192, 2372, 3746, 5486, 5513, 5352, 4843, 14471, 1232, 0, 0
15:29:57, 1031.50, 15.33, 20.25, 12.977, 3346, 6766, 9980, 16531, 18201, 20356, 28029, 24428, 12616, 3307, 0, 0, 685, 1212, 2409, 3797, 5560, 5594, 5437, 4937, 14729, 1259, 0, 0
15:29:57, 1030.70, 15.34, 20.25, 12.977, 3371, 7970, 9416, 16948, 17914, 20356, 26624, 24493, 12214, 3424, 0, 0, 694, 1227, 2434, 3825, 5511, 5540, 5385, 4890, 14603, 1258, 0, 0
15:29:58, 1031.70, 15.36, 20.26, 12.969, 2700, 6552, 7417, 12059, 17243, 11735, 27591, 15249, 10407, 3246, 0, 0, 705, 1245, 2475, 3891, 5657, 5689, 5531, 5029, 14895, 1279, 0, 0
15:29:59, 1030.80, 15.37, 20.25, 12.977, 1944, 6906, 6863, 16512, 15233, 7526, 27560, 8630, 10118, 3192, 0, 0, 702, 1244, 2468, 3881, 5588, 5620, 5466, 4964, 14734, 1270, 0, 0
15:29:59, 1031.10, 15.37, 20.26, 12.977, 1866, 4846, 4824, 10920, 11204, 6112, 21809, 6890, 10487, 3388, 0, 0, 716, 1268, 2508, 3940, 5447, 5473, 5331, 4830, 14522, 1248, 0, 0
15:30:00, 1030.60, 15.37, 20.21, 12.977, 1761, 4385, 4304, 11736, 10762, 7615, 19367, 7466, 10310, 3329, 0, 0, 705, 1245, 2467, 3876, 5546, 5576, 5430, 4935, 14845, 1281, 0, 0
15:30:01, 1030.70, 15.36, 20.25, 12.977, 1744, 4433, 4682, 12869, 15864, 15914, 22617, 15307, 11518, 3458, 0, 0, 706, 1249, 2471, 3882, 5644, 5676, 5527, 5028, 15062, 1298, 0, 0
15:30:01, 1029.90, 15.35, 20.25, 12.984, 2757, 8328, 8604, 17633, 14654, 16550, 26526, 13831, 11371, 3797, 0, 0, 721, 1275, 2517, 3945, 5716, 5749, 5596, 5091, 15183, 1317, 0, 0
15:30:02, 1036.50, 15.34, 20.23, 12.969, 2091, 5085, 5838, 11462, 15552, 16333, 20290, 19404, 10404, 3235, 0, 0, 725, 1285, 2553, 4013, 5703, 5736, 5588, 5071, 15027, 1276, 0, 0
15:30:02, 1044.80, 15.33, 20.21, 12.969, 2031, 8070, 7953, 13529, 14934, 15559, 21396, 17315, 11014, 2243, 0, 0, 641, 1133, 2296, 3676, 5336, 5395, 5239, 4726, 13741, 1132, 0, 0
15:30:03, 1061.10, 15.32, 20.21, 12.977, 1779, 4796, 5763, 12811, 25058, 27418, 31201, 32373, 14115, 2125, 0, 0, 537, 937, 1957, 3219, 4575, 4668, 4538, 4068, 11644, 938, 0, 0
15:30:04, 1071.60, 15.29, 20.23, 12.984, 1748, 4173, 5767, 10069, 12074, 12009, 16774, 17375, 13461, 1336, 0, 0, 508, 876, 1854, 3098, 4640, 4760, 4642, 4168, 11951, 957, 0, 0
15:30:04, 1082.00, 15.27, 20.26, 12.984, 1491, 3268, 4799, 8695, 8157, 8179, 11238, 9954, 12554, 1021, 0, 0, 432, 733, 1578, 2689, 4177, 4319, 4226, 3813, 10888, 870, 0, 0
15:30:05, 1090.90, 15.25, 20.19, 12.984, 1408, 2764, 3838, 8073, 8072, 9776, 12597, 10383, 17387, 1287, 0, 0, 436, 730, 1584, 2726, 4448, 4612, 4536, 4108, 11575, 921, 0, 0
15:30:06, 1104.40, 15.24, 20.21, 13.016, 1611, 2348, 3929, 6517, 7155, 8185, 9824, 9498, 15669, 1064, 0, 0, 338, 553, 1219, 2142, 3576, 3768, 3758, 3440, 9348, 747, 0, 0
15:30:06, 1119.80, 15.22, 20.19, 13.016, 1543, 2111, 3936, 6112, 7636, 8668, 9683, 10842, 28259, 2014, 0, 0, 308, 483, 1064, 1924, 3036, 3277, 3329, 3107, 7844, 634, 0, 0
15:30:07, 1131.10, 15.20, 20.21, 13.031, 1111, 1781, 3249, 5055, 5728, 6814, 7079, 7809, 22359, 1610, 0, 0, 299, 454, 989, 1811, 2981, 3271, 3340, 3214, 7673, 631, 0, 0
15:30:08, 1140.70, 15.20, 20.19, 13.047, 741, 1097, 2218, 3367, 5067, 6407, 6423, 7203, 21331, 1592, 0, 0, 234, 341, 731, 1365, 2248, 2503, 2670, 2528, 5905, 502, 0, 0
15:30:08, 1148.80, 15.20, 20.23, 13.047, 809, 961, 2133, 3087, 3253, 3893, 3470, 3950, 16551, 1416, 0, 0, 165, 231, 478, 893, 916, 1102, 1208, 1206, 3226, 302, 0, 0
15:30:09, 1149.20, 15.19, 20.18, 13.055, 279, 368, 824, 1158, 1562, 1708, 1625, 1715, 8910, 812, 0, 0, 125, 164, 357, 638, 1111, 1309, 1402, 1383, 3797, 347, 0, 0
15:30:10, 1148.80, 15.20, 20.19, 13.086, 264, 336, 754, 1039, 1470, 1600, 1511, 1606, 8491, 784, 0, 0, 127, 165, 353, 633, 1095, 1298, 1434, 1394, 3783, 354, 0, 0
15:30:10, 1148.30, 15.22, 20.19, 13.086, 404, 491, 1157, 1522, 3154, 3507, 3190, 3723, 18560, 1772, 0, 0, 70, 92, 190, 363, 562, 668, 715, 728, 1971, 192, 0, 0
15:30:11, 1140.40, 15.23, 20.18, 13.086, 674, 917, 2003, 2911, 4452, 5239, 4861, 5614, 20421, 1737, 0, 0, 165, 226, 470, 881, 1768, 1990, 2078, 1991, 4873, 433, 0, 0
15:30:12, 1141.00, 15.22, 20.16, 13.094, 761, 1040, 2208, 3220, 5166, 6405, 5700, 7066, 24448, 2128, 0, 0, 199, 283, 598, 1122, 1831, 2057, 2163, 2058, 4965, 441, 0, 0
15:30:12, 1142.50, 15.22, 20.14, 13.094, 763, 1019, 2182, 3234, 4664, 5683, 5253, 6087, 20582, 1669, 0, 0, 211, 302, 643, 1184, 1963, 2195, 2327, 2230, 5684, 489, 0, 0
15:30:13, 1142.40, 15.22, 20.16, 13.094, 746, 1100, 2258, 3462, 5379, 6449, 6477, 7160, 20680, 1545, 0, 0, 214, 301, 659, 1188, 2059, 2327, 2432, 2389, 6307, 544, 0, 0
15:30:14, 1142.60, 15.22, 20.14, 13.094, 782, 1100, 2261, 3520, 4943, 5926, 5946, 6453, 18831, 1386, 0, 0, 218, 317, 667, 1231, 2193, 2442, 2657, 2594, 6255, 561, 0, 0
15:30:14, 1142.40, 15.21, 20.14, 13.094, 712, 1075, 2158, 3402, 4450, 5310, 5347, 5652, 16350, 1185, 0, 0, 231, 333, 688, 1309, 2271, 2566, 2784, 2765, 7072, 603, 0, 0
15:30:15, 1142.50, 15.22, 20.18, 13.094, 710, 1084, 2174, 3420, 4322, 5188, 5250, 5488, 15920, 1135, 0, 0, 242, 344, 732, 1346, 2290, 2509, 2732, 2647, 7028, 585, 0, 0
15:30:16, 1142.60, 15.23, 20.14, 13.094, 708, 1080, 2156, 3429, 4772, 5887, 6016, 6275, 17887, 1237, 0, 0, 240, 342, 732, 1344, 2365, 2602, 2838, 2744, 7090, 593, 0, 0
15:30:16, 1142.50, 15.25, 20.12, 13.086, 774, 1152, 2274, 3664, 4501, 5338, 5503, 5666, 16057, 1116, 0, 0, 258, 372, 793, 1468, 2486, 2739, 2984, 2860, 7241, 607, 0, 0
15:30:17, 1142.70, 15.26, 20.14, 13.086, 694, 1053, 2089, 3381, 4616, 5574, 5848, 6027, 16847, 1150, 0, 0, 260, 375, 799, 1488, 2548, 2801, 3041, 2936, 7362, 617, 0, 0
15:30:18, 1142.10, 15.28, 20.14, 13.086, 663, 1094, 2163, 3380, 4284, 4870, 5110, 5156, 14349, 1000, 0, 0, 262, 376, 803, 1488, 2596, 2876, 3131, 3011, 7707, 638, 0, 0
15:30:18, 1142.20, 15.29, 20.12, 13.094, 685, 1077, 2100, 3418, 4669, 5620, 5993, 6075, 16227, 1070, 0, 0, 250, 354, 755, 1398, 2483, 2762, 3011, 2964, 7822, 644, 0, 0
15:30:19, 1141.90, 15.30, 20.12, 13.102, 702, 1126, 2207, 3558, 4267, 5054, 5322, 5279, 14470, 983, 0, 0, 247, 353, 749, 1403, 2577, 2885, 3128, 3082, 7837, 644, 0, 0
15:30:20, 1141.40, 15.30, 20.14, 13.102, 707, 1121, 2180, 3602, 4251, 5012, 5325, 5212, 13970, 939, 0, 0, 238, 343, 720, 1359, 2457, 2760, 2970, 2952, 7299, 606, 0, 0
15:30:20, 1141.70, 15.31, 20.14, 13.094, 745, 1202, 2333, 3781, 4432, 5007, 5369, 5325, 13787, 940, 0, 0, 231, 330, 685, 1317, 2195, 2435, 2580, 2538, 6286, 531, 0, 0
15:30:21, 1141.80, 15.32, 20.14, 13.094, 691, 1157, 2231, 3610, 5054, 6255, 6906, 6717, 16037, 998, 0, 0, 212, 299, 616, 1212, 1975, 2211, 2301, 2231, 5435, 477, 0, 0
15:30:22, 1142.20, 15.32, 20.11, 13.094, 847, 1378, 2599, 4398, 4921, 5780, 6330, 6199, 14675, 960, 0, 0, 199, 280, 577, 1140, 1916, 2159, 2231, 2182, 5139, 458, 0, 0
15:30:22, 1140.60, 15.33, 20.14, 13.094, 766, 1285, 2451, 4091, 4816, 5506, 6034, 5948, 13758, 896, 0, 0, 205, 294, 606, 1187, 2117, 2372, 2498, 2433, 5736, 498, 0, 0
15:30:23, 1141.30, 15.34, 20.11, 13.094, 689, 1155, 2211, 3631, 4244, 4915, 5349, 5197, 12721, 838, 0, 0, 220, 321, 664, 1280, 2147, 2408, 2538, 2487, 5779, 500, 0, 0
15:30:24, 1140.50, 15.32, 20.09, 13.094, 666, 1132, 2167, 3512, 4695, 5438, 5972, 5915, 13847, 879, 0, 0, 223, 330, 692, 1305, 2115, 2358, 2520, 2403, 5900, 506, 0, 0
15:30:24, 1140.70, 15.31, 20.11, 13.086, 673, 1066, 2023, 3384, 4043, 4773, 5104, 5013, 12786, 846, 0, 0, 225, 332, 710, 1298, 2196, 2426, 2628, 2524, 6352, 542, 0, 0
15:30:25, 1140.30, 15.31, 20.09, 13.086, 569, 946, 1838, 2943, 3733, 4486, 4820, 4683, 12505, 824, 0, 0, 230, 339, 737, 1318, 2267, 2483, 2681, 2556, 6649, 562, 0, 0
15:30:26, 1140.60, 15.32, 20.09, 13.086, 607, 949, 1860, 2978, 4099, 5013, 5235, 5331, 15003, 1002, 0, 0, 238, 353, 771, 1386, 2321, 2540, 2726, 2605, 6761, 562, 0, 0
15:30:26, 1140.30, 15.31, 20.07, 13.078, 656, 984, 1947, 3110, 3999, 5146, 5086, 5370, 16180, 1127, 0, 0, 227, 339, 734, 1326, 2321, 2550, 2738, 2639, 6780, 562, 0, 0
15:30:27, 1140.70, 15.31, 20.09, 13.086, 696, 1101, 2149, 3379, 3854, 4609, 4527, 4797, 14780, 1059, 0, 0, 243, 364, 787, 1422, 2479, 2733, 2954, 2869, 7321, 601, 0, 0
15:30:28, 1143.20, 15.29, 20.09, 13.086, 700, 958, 1950, 3094, 3326, 4299, 3880, 4230, 14730, 1082, 0, 0, 220, 330, 704, 1295, 2048, 2278, 2469, 2366, 6259, 532, 0, 0
15:30:28, 1143.30, 15.29, 20.09, 13.070, 698, 1028, 2062, 3299, 4069, 4834, 4850, 5128, 15267, 1105, 0, 0, 223, 330, 710, 1296, 2294, 2553, 2812, 2695, 7125, 602, 0, 0
15:30:29, 1143.50, 15.29, 20.09, 13.078, 572, 903, 1790, 2833, 3557, 4588, 4465, 4523, 14115, 956, 0, 0, 236, 342, 754, 1352, 2141, 2364, 2547, 2416, 6665, 565, 0, 0
15:30:30, 1143.80, 15.29, 20.07, 13.078, 619, 936, 1875, 2999, 4032, 4977, 5197, 5221, 15060, 1011, 0, 0, 193, 277, 611, 1078, 1796, 1978, 2113, 2008, 5560, 478, 0, 0
15:30:30, 1143.90, 15.29, 20.06, 13.078, 689, 1092, 2151, 3438, 4569, 5656, 6090, 6002, 16360, 1063, 0, 0, 176, 252, 551, 1009, 1724, 1923, 2060, 1937, 5167, 436, 0, 0
15:30:31, 1140.90, 15.28, 20.07, 13.078, 659, 1102, 2142, 3409, 4815, 5621, 6105, 6107, 14842, 951, 0, 0, 191, 267, 580, 1071, 2002, 2197, 2348, 2197, 5657, 481, 0, 0
15:30:32, 1140.00, 15.27, 20.07, 13.086, 666, 1125, 2176, 3434, 4358, 5066, 5480, 5353, 13581, 891, 0, 0, 210, 293, 640, 1172, 2100, 2330, 2484, 2346, 5977, 508, 0, 0
15:30:32, 1141.20, 15.27, 20.07, 13.086, 743, 1239, 2336, 3814, 4449, 5504, 6008, 5880, 14924, 940, 0, 0, 213, 297, 652, 1181, 1915, 2117, 2246, 2096, 5562, 478, 0, 0
15:30:33, 1142.10, 15.27, 20.04, 13.086, 604, 994, 1921, 3101, 3770, 4476, 4764, 4698, 12794, 856, 0, 0, 182, 260, 557, 1019, 1665, 1855, 1978, 1899, 4915, 429, 0, 0
15:30:34, 1142.20, 15.26, 20.04, 13.078, 553, 900, 1776, 2805, 3432, 4486, 4416, 4424, 13840, 938, 0, 0, 186, 268, 571, 1041, 1797, 1991, 2116, 2067, 5353, 468, 0, 0
15:30:34, 1142.00, 15.26, 20.02, 13.070, 700, 1002, 2015, 3197, 3687, 4438, 4325, 4544, 14482, 1039, 0, 0, 192, 277, 589, 1083, 1860, 2058, 2177, 2142, 5701, 488, 0, 0
15:30:35, 1142.70, 15.25, 20.06, 13.070, 693, 973, 1975, 3123, 3862, 4806, 4587, 4993, 15838, 1169, 0, 0, 214, 307, 665, 1209, 2145, 2364, 2549, 2465, 6767, 571, 0, 0
15:30:36, 1142.60, 15.25, 20.06, 13.070, 708, 1048, 2095, 3353, 3873, 4765, 4683, 4947, 15231, 1093, 0, 0, 223, 314, 696, 1226, 2033, 2255, 2401, 2318, 6491, 548, 0, 0
15:30:36, 1142.70, 15.25, 20.02, 13.070, 626, 1016, 2019, 3150, 3971, 4797, 4868, 5074, 15287, 1082, 0, 0, 227, 324, 717, 1257, 2097, 2328, 2487, 2412, 6607, 561, 0, 0
15:30:37, 1142.50, 15.23, 20.06, 13.070, 678, 1037, 2048, 3314, 4086, 4696, 4949, 5028, 14122, 969, 0, 0, 232, 338, 730, 1305, 2164, 2402, 2604, 2538, 6619, 571, 0, 0
15:30:38, 1142.30, 15.24, 20.04, 13.063, 618, 975, 1899, 3105, 4370, 5308, 5638, 5737, 15640, 1030, 0, 0, 225, 332, 703, 1284, 2139, 2393, 2574, 2522, 6424, 561, 0, 0
15:30:38, 1142.70, 15.25, 20.06, 13.063, 602, 991, 1938, 3106, 4683, 5884, 6345, 6262, 16243, 1024, 0, 0, 212, 310, 654, 1217, 1950, 2221, 2360, 2293, 5950, 512, 0, 0
15:30:39, 1143.00, 15.25, 20.02, 13.063, 669, 1106, 2141, 3529, 4629, 5422, 5905, 5779, 14146, 918, 0, 0, 193, 278, 593, 1088, 1865, 2102, 2297, 2157, 5875, 497, 0, 0
15:30:40, 1142.30, 15.25, 20.04, 13.070, 711, 1176, 2217, 3825, 4495, 5050, 5484, 5475, 12951, 849, 0, 0, 197, 277, 604, 1092, 2027, 2275, 2476, 2325, 6387, 535, 0, 0
15:30:40, 1142.40, 15.25, 20.00, 13.070, 676, 1136, 2159, 3666, 4130, 4747, 5175, 4951, 12026, 803, 0, 0, 200, 280, 619, 1109, 1973, 2182, 2382, 2215, 6160, 527, 0, 0
15:30:41, 1142.30, 15.25, 20.02, 13.070, 667, 1129, 2158, 3593, 4324, 5032, 5488, 5320, 12905, 842, 0, 0, 204, 285, 631, 1125, 1979, 2185, 2378, 2226, 6142, 530, 0, 0
15:30:42, 1142.00, 15.25, 20.00, 13.063, 670, 1096, 2097, 3508, 4858, 5879, 6464, 6294, 15163, 963, 0, 0, 214, 301, 661, 1179, 2044, 2271, 2424, 2318, 6260, 541, 0, 0
15:30:42, 1142.30, 15.26, 19.97, 13.070, 682, 1088, 2107, 3459, 4402, 5444, 5889, 5805, 15465, 1000, 0, 0, 205, 291, 632, 1139, 1982, 2200, 2365, 2269, 6080, 529, 0, 0
15:30:43, 1141.90, 15.27, 20.00, 13.070, 731, 1182, 2306, 3705, 4398, 5131, 5450, 5477, 15021, 1006, 0, 0, 209, 297, 641, 1161, 2074, 2324, 2474, 2395, 6388, 550, 0, 0
15:30:44, 1141.80, 15.27, 20.00, 13.070, 676, 1089, 2154, 3402, 4672, 5959, 6060, 6248, 18277, 1230, 0, 0, 216, 308, 668, 1209, 2091, 2349, 2477, 2403, 6408, 552, 0, 0
15:30:44, 1140.80, 15.28, 19.99, 13.070, 804, 1179, 2325, 3826, 5078, 6017, 6221, 6514, 18620, 1297, 0, 0, 237, 337, 733, 1326, 2419, 2692, 2845, 2769, 7402, 629, 0, 0
15:30:45, 1148.90, 15.27, 20.00, 13.070, 754, 1026, 2137, 3237, 3538, 4487, 3949, 4440, 17324, 1348, 0, 0, 178, 256, 558, 1002, 1021, 1151, 1262, 1249, 3405, 336, 0, 0
15:30:46, 1149.70, 15.24, 19.97, 13.063, 429, 588, 1243, 1886, 1980, 2294, 2162, 2216, 8738, 695, 0, 0, 147, 210, 439, 819, 1458, 1646, 1816, 1820, 4864, 459, 0, 0
15:30:46, 1137.90, 15.23, 19.97, 13.063, 551, 778, 1647, 2482, 5096, 6078, 6103, 6742, 19211, 1480, 0, 0, 169, 242, 509, 947, 2167, 2413, 2549, 2512, 6570, 568, 0, 0
15:30:47, 1130.20, 15.20, 19.97, 13.070, 925, 1606, 3021, 4607, 5182, 5745, 6224, 6598, 18442, 1312, 0, 0, 301, 449, 971, 1792, 2988, 3281, 3408, 3242, 7941, 660, 0, 0
15:30:48, 1127.90, 15.17, 19.99, 13.070, 968, 1601, 2920, 4767, 5705, 6625, 7226, 7557, 17326, 1090, 0, 0, 291, 434, 937, 1734, 2914, 3227, 3322, 3185, 7544, 620, 0, 0
15:30:48, 1122.70, 15.15, 19.95, 13.070, 990, 1741, 3178, 5250, 6263, 6875, 7881, 7969, 15221, 976, 0, 0, 304, 459, 1001, 1834, 3150, 3419, 3506, 3332, 8124, 663, 0, 0
15:30:49, 1115.20, 15.14, 19.97, 13.055, 962, 1757, 3206, 5006, 6959, 7990, 9453, 9009, 15478, 1004, 0, 0, 331, 512, 1123, 2033, 3462, 3706, 3752, 3502, 8887, 719, 0, 0
15:30:50, 1111.80, 15.12, 19.94, 13.055, 908, 1589, 2738, 4598, 6142, 6975, 8505, 7643, 13606, 925, 0, 0, 352, 552, 1211, 2176, 3629, 3858, 3888, 3621, 9233, 748, 0, 0
15:30:50, 1107.70, 15.12, 19.97, 13.055, 1136, 2146, 3572, 6252, 6535, 7115, 8891, 8066, 13159, 903, 0, 0, 360, 570, 1250, 2242, 3681, 3897, 3909, 3615, 9272, 751, 0, 0
15:30:51, 1107.60, 15.12, 19.95, 13.047, 1166, 2395, 3741, 6714, 5994, 6515, 8139, 7483, 12731, 882, 0, 0, 376, 597, 1311, 2351, 3727, 3945, 3963, 3658, 9366, 760, 0, 0
15:30:52, 1102.40, 15.12, 19.95, 13.047, 1035, 2077, 3622, 5509, 13140, 12428, 19208, 15239, 13269, 1022, 0, 0, 371, 597, 1307, 2336, 3776, 3995, 3987, 3668, 9488, 763, 0, 0
15:30:52, 1099.20, 15.12, 19.95, 13.047, 1231, 2452, 4163, 6366, 7712, 7897, 10043, 9785, 13842, 969, 0, 0, 392, 636, 1391, 2468, 3945, 4146, 4117, 3782, 9941, 802, 0, 0
15:30:53, 1092.70, 15.12, 19.95, 13.031, 1457, 2887, 4581, 7314, 9978, 10896, 13439, 14074, 18132, 1218, 0, 0, 401, 657, 1435, 2521, 4094, 4283, 4222, 3868, 10453, 832, 0, 0
15:30:54, 1083.40, 15.13, 19.95, 13.016, 1673, 2817, 4529, 7311, 7035, 8069, 9782, 9216, 18550, 1233, 0, 0, 443, 739, 1608, 2781, 4469, 4636, 4556, 4124, 11553, 918, 0, 0
15:30:54, 1073.60, 15.12, 19.94, 13.016, 1777, 2731, 4086, 7570, 6206, 7641, 9596, 8136, 18497, 1384, 0, 0, 492, 839, 1794, 3031, 4665, 4795, 4694, 4215, 12154, 962, 0, 0
15:30:55, 1069.90, 15.11, 19.92, 13.016, 2656, 3559, 4822, 11095, 6441, 8434, 10882, 8361, 19873, 1567, 0, 0, 495, 847, 1810, 3043, 4658, 4770, 4668, 4185, 12200, 966, 0, 0
15:30:56, 1066.50, 15.09, 19.95, 13.016, 1675, 2698, 3822, 7072, 7400, 8388, 11914, 8961, 16822, 1395, 0, 0, 502, 865, 1836, 3064, 4590, 4683, 4577, 4092, 11844, 942, 0, 0
15:30:56, 1063.40, 15.09, 19.95, 13.016, 1792, 3827, 4745, 9076, 12117, 13553, 20785, 17553, 18009, 1611, 0, 0, 505, 873, 1846, 3074, 4684, 4768, 4663, 4172, 11973, 955, 0, 0
15:30:57, 1058.70, 15.08, 19.94, 13.008, 1468, 3069, 4322, 7426, 7916, 8257, 11429, 9464, 11318, 1138, 0, 0, 504, 881, 1844, 3051, 4535, 4619, 4490, 4012, 11431, 913, 0, 0
15:30:58, 1054.60, 15.08, 19.87, 13.000, 1767, 4917, 5960, 10901, 9491, 9805, 13383, 13189, 10101, 1171, 0, 0, 507, 887, 1854, 3047, 4491, 4567, 4427, 3961, 11239, 902, 0, 0
15:30:58, 1043.60, 15.08, 19.92, 13.000, 1558, 4378, 5691, 8544, 14908, 8251, 17868, 10793, 9607, 1403, 0, 0, 525, 923, 1905, 3094, 4643, 4697, 4545, 4072, 11683, 949, 0, 0
15:30:59, 1037.20, 15.08, 19.94, 12.984, 2438, 6976, 11343, 13105, 11373, 8098, 17243, 13397, 8782, 1802, 0, 0, 563, 998, 2017, 3216, 4660, 4698, 4544, 4085, 11734, 971, 0, 0
15:31:00, 1033.80, 15.07, 19.90, 12.984, 2041, 3731, 6871, 6502, 14891, 6167, 20247, 12856, 8655, 2353, 0, 0, 570, 1014, 2039, 3239, 4748, 4782, 4618, 4158, 11805, 980, 0, 0
15:31:00, 1031.20, 15.06, 19.92, 12.984, 2880, 4032, 9391, 7210, 15225, 6772, 18806, 13855, 8492, 2464, 0, 0, 581, 1036, 2076, 3291, 4858, 4890, 4723, 4253, 12012, 1002, 0, 0
15:31:01, 1033.70, 15.07, 19.92, 12.961, 3293, 6432, 9072, 10999, 17793, 10418, 22143, 17382, 9519, 2917, 0, 0, 651, 1160, 2318, 3661, 5233, 5257, 5094, 4582, 13070, 1087, 0, 0
15:31:02, 1031.80, 15.07, 19.92, 12.961, 3351, 6887, 10117, 12563, 15085, 7457, 20586, 10602, 8854, 2610, 0, 0, 662, 1180, 2350, 3705, 5261, 5286, 5133, 4630, 13348, 1125, 0, 0
15:31:02, 1033.10, 15.07, 19.92, 12.961, 2276, 5223, 9158, 12381, 15654, 5635, 19751, 7504, 8985, 2780, 0, 0, 667, 1185, 2366, 3729, 5411, 5433, 5275, 4763, 13830, 1166, 0, 0
15:31:03, 1024.30, 15.07, 19.90, 12.953, 1571, 3298, 4515, 8847, 18609, 6858, 23877, 7787, 9362, 2802, 0, 0, 660, 1173, 2326, 3651, 5228, 5248, 5091, 4600, 13580, 1172, 0, 0
15:31:04, 1023.90, 15.07, 19.90, 12.953, 1870, 5662, 7350, 12922, 18855, 7879, 23299, 10656, 11664, 4999, 0, 0, 2006, 4158, 5395, 8029, 7362, 7718, 8179, 9254, 19347, 4276, 0, 0
15:31:04, 1023.50, 15.04, 19.88, 12.977, 2206, 4307, 7088, 8089, 13809, 3776, 16069, 5812, 10655, 4982, 0, 0, 2135, 4131, 5336, 9069, 12740, 14123, 14782, 17944, 27048, 8211, 0, 0
15:31:05, 1023.00, 15.02, 19.87, 12.836, 2397, 1936, 4362, 2709, 12940, 12721, 8396, 15000, 10866, 5690, 0, 0, 4093, 6804, 8905, 12295, 13715, 15219, 18180, 22026, 36000, 36000, 1, 1
15:31:06, 1023.00, 15.03, 19.85, 12.836, 2012, 1678, 2266, 3065, 1888, 2056, 2552, 2764, 9940, 6018, 0, 0, 7367, 10920, 16611, 19202, 18191, 19945, 23691, 28866, 36000, 36000, 1, 1
15:31:06, 1023.40, 15.07, 19.88, 12.570, 7558, 12909, 13680, 17347, 28187, 26386, 31106, 36000, 36000, 36000, 1, 1, 5059, 7798, 10465, 14494, 18627, 20581, 24239, 28538, 36000, 31476, 1, 1
15:31:07, 1023.50, 15.09, 19.88, 12.234, 2425, 5871, 6828, 13958, 11988, 15970, 24406, 13802, 15270, 4870, 0, 0, 5277, 8145, 10893, 14821, 15380, 18303, 20336, 25384, 36000, 22619, 1, 1
