Secchi Depth (cm) = 0032
Forel Ule Scale = 14
pH Colour Scale = 99
SensingSecchi S/N = A016
Latitude (degs N) = 34.13989
Longitude (degs E) = -77.86257
Date = 2026-03-20
Time (UTC), Pressure (mbar) MS5803, Temp (deg C) MS5803, Temp (deg C) 10KTHERM, Temp (deg C) TMP117, ED 415nm, ED 445nm, ED 480nm, ED 515nm, ED 555nm, ED 590nm, ED 630nm, ED 680nm, ED Clear, ED NIR, ED D-SAT, ED A-SAT, EU 415nm, EU 445nm, EU 480nm, EU 515nm, EU 555nm, EU 590nm, EU 630nm, EU 680nm, EU Clear, EU NIR, EU D-SAT, EU A-SAT
18:37:31, 1015.70, 18.36, 20.69, 14.555, 1986, 3089, 4727, 5239, 6598, 4502, 8750, 6032, 36000, 36000, 1, 1, 395, 490, 518, 657, 816, 1177, 2418, 4093, 9353, 6969, 0, 0
18:37:31, 1016.20, 18.36, 20.69, 14.469, 7509, 13455, 17767, 22327, 36000, 36000, 36000, 36000, 36000, 36000, 1, 1, 2099, 3134, 4343, 5384, 16757, 19529, 23320, 29338, 36000, 36000, 1, 1
18:37:32, 1016.00, 18.36, 20.69, 14.469, 1566, 1510, 2509, 2249, 5311, 6084, 5138, 7962, 7664, 4532, 0, 0, 2905, 4462, 6282, 8580, 11323, 13465, 15354, 19287, 36000, 28530, 1, 1
18:37:33, 1016.00, 18.37, 20.69, 14.359, 4680, 5297, 7057, 11150, 26859, 25162, 32491, 31066, 36000, 36000, 1, 1, 2020, 3581, 5309, 7059, 9378, 10296, 11388, 12820, 31443, 11197, 0, 0
18:37:33, 1016.20, 18.37, 20.71, 14.195, 6786, 8118, 13292, 12243, 14915, 15163, 13853, 20445, 36000, 36000, 1, 1, 1620, 2977, 4304, 6114, 11521, 12469, 14204, 15686, 30204, 16200, 0, 0
18:37:34, 1022.40, 18.34, 20.71, 14.195, 6945, 10450, 13794, 18249, 13947, 19209, 21439, 23759, 36000, 21545, 1, 1, 1013, 1700, 3170, 4885, 7133, 7822, 8918, 9484, 21232, 2123, 0, 0
18:37:35, 1023.60, 18.25, 20.69, 14.789, 577, 877, 1250, 1559, 2038, 2088, 2892, 3056, 6357, 1792, 0, 0, 986, 1632, 3094, 4819, 6716, 7415, 8520, 9044, 19336, 1863, 0, 0
18:37:35, 1023.90, 18.16, 20.66, 15.398, 2170, 4746, 9561, 11128, 13673, 6076, 18062, 11057, 8821, 3469, 0, 0, 922, 1540, 2938, 4571, 6272, 6914, 7877, 8309, 17404, 1715, 0, 0
18:37:36, 1025.90, 18.09, 20.68, 15.398, 5370, 9623, 13246, 14706, 19015, 8691, 29941, 13203, 9310, 2862, 0, 0, 868, 1448, 2776, 4342, 6289, 6893, 7868, 8252, 17920, 1748, 0, 0
18:37:37, 1022.30, 18.03, 20.68, 15.625, 3972, 10837, 7853, 19101, 23857, 21528, 29405, 32069, 19099, 5079, 0, 0, 952, 1590, 2975, 4562, 6432, 7052, 8011, 8493, 19350, 2035, 0, 0
18:37:37, 1022.70, 17.99, 20.64, 15.734, 5540, 10216, 16293, 18866, 22260, 23928, 32215, 35660, 24747, 5597, 0, 1, 996, 1671, 3103, 4802, 6961, 7642, 8765, 9342, 21116, 2095, 0, 0
18:37:38, 1024.20, 17.95, 20.64, 15.734, 7856, 15558, 19542, 21002, 22733, 24811, 28587, 30950, 35112, 13970, 0, 1, 1059, 1759, 3312, 5106, 7787, 8515, 9661, 10288, 23883, 2350, 0, 0
18:37:39, 1024.90, 17.93, 20.62, 15.766, 7277, 10271, 11986, 18239, 14957, 20032, 24335, 27378, 36000, 27057, 1, 1, 1056, 1749, 3295, 5066, 7147, 7833, 8899, 9467, 22518, 2170, 0, 0
18:37:39, 1024.10, 17.91, 20.61, 15.789, 6956, 5316, 13147, 14332, 22848, 23428, 25054, 32436, 36000, 36000, 1, 1, 1048, 1717, 3223, 4948, 7442, 8159, 9345, 9993, 24098, 2361, 0, 0
18:37:40, 1025.60, 17.89, 20.61, 15.789, 7840, 15370, 17790, 22947, 18811, 17010, 23071, 29355, 36000, 36000, 1, 1, 1105, 1813, 3394, 5214, 7682, 8452, 9623, 10253, 25109, 2440, 0, 0
18:37:41, 1029.60, 17.88, 20.62, 15.789, 5107, 4380, 9311, 6666, 7418, 10508, 5597, 10404, 36000, 34638, 1, 1, 1016, 1663, 3186, 4944, 7322, 8058, 9224, 9769, 23709, 2196, 0, 0
18:37:41, 1026.20, 17.87, 20.62, 15.797, 6583, 6608, 13320, 7794, 16038, 19774, 20015, 33418, 36000, 35859, 1, 1, 1027, 1696, 3212, 4982, 7176, 7860, 9104, 9590, 23595, 2233, 0, 0
18:37:42, 1025.30, 17.85, 20.62, 15.797, 5722, 7170, 13050, 10379, 26064, 35465, 31092, 35942, 36000, 36000, 1, 1, 992, 1624, 3096, 4736, 7085, 7755, 8958, 9460, 23683, 2276, 0, 0
18:37:43, 1030.00, 17.84, 20.61, 15.797, 3775, 5270, 10155, 7645, 13180, 8493, 17167, 14937, 36000, 36000, 1, 1, 1017, 1667, 3190, 4930, 7193, 7872, 9087, 9568, 23693, 2201, 0, 0
18:37:43, 1026.60, 17.83, 20.62, 15.797, 4545, 4653, 10484, 6838, 20491, 13956, 25365, 26313, 36000, 36000, 1, 1, 1007, 1649, 3149, 4898, 7213, 7936, 9099, 9629, 23492, 2197, 0, 0
18:37:44, 1024.10, 17.82, 20.61, 15.797, 4487, 3746, 11175, 5256, 16384, 17158, 19439, 27392, 36000, 35553, 1, 1, 1083, 1786, 3371, 5166, 7343, 8002, 9252, 9737, 24806, 2384, 0, 0
18:37:45, 1029.00, 17.81, 20.59, 15.797, 9033, 11855, 18423, 18399, 17828, 21408, 19459, 30551, 36000, 36000, 1, 1, 1075, 1772, 3359, 5187, 7140, 7812, 9003, 9440, 23498, 2177, 0, 0
18:37:45, 1026.30, 17.80, 20.61, 15.797, 3489, 4609, 8219, 7747, 14964, 19969, 21021, 33679, 36000, 36000, 1, 1, 1005, 1658, 3148, 4880, 7112, 7812, 8911, 9518, 23205, 2190, 0, 0
18:37:46, 1025.30, 17.80, 20.59, 15.805, 6609, 10397, 14203, 15765, 21490, 15487, 25738, 25927, 36000, 36000, 1, 1, 1082, 1774, 3337, 5099, 7390, 8116, 9377, 9890, 24440, 2349, 0, 0
18:37:46, 1031.10, 17.78, 20.59, 15.805, 5945, 7079, 12537, 9180, 17392, 15092, 10070, 23846, 36000, 34771, 1, 1, 1031, 1690, 3224, 5020, 7102, 7826, 8978, 9489, 22841, 2118, 0, 0
18:37:47, 1028.40, 17.77, 20.61, 15.805, 5340, 7480, 11066, 10825, 13896, 19335, 18624, 31454, 36000, 34492, 1, 1, 1033, 1691, 3218, 4956, 7033, 7745, 8878, 9475, 22876, 2151, 0, 0
18:37:48, 1030.10, 17.77, 20.59, 15.805, 5993, 7191, 12568, 10015, 15340, 17160, 16155, 24043, 36000, 31134, 1, 1, 1063, 1751, 3277, 5096, 7531, 8246, 9549, 10158, 24827, 2353, 0, 0
18:37:48, 1032.00, 17.76, 20.62, 15.805, 5056, 6611, 11079, 10198, 16990, 18976, 16309, 29192, 36000, 31753, 1, 1, 1034, 1703, 3244, 5055, 7202, 7891, 9143, 9633, 23258, 2157, 0, 0
18:37:49, 1028.40, 17.75, 20.59, 15.805, 4563, 8012, 9902, 13929, 25419, 15968, 26786, 25383, 36000, 36000, 1, 1, 1053, 1714, 3275, 5026, 7468, 8217, 9498, 10102, 24329, 2326, 0, 0
18:37:50, 1027.10, 17.74, 20.57, 15.805, 5656, 5470, 12944, 7285, 18409, 10545, 22896, 23095, 36000, 36000, 1, 1, 1126, 1870, 3501, 5406, 7810, 8543, 9850, 10419, 25508, 2455, 0, 0
18:37:50, 1028.00, 17.74, 20.61, 15.813, 4724, 7567, 10872, 13544, 14135, 9706, 22109, 21273, 36000, 36000, 1, 1, 964, 1603, 3055, 4779, 6905, 7574, 8727, 9235, 22555, 2118, 0, 0
18:37:51, 1020.40, 17.73, 20.59, 15.813, 3077, 8001, 12236, 15499, 17194, 18996, 22134, 35622, 36000, 36000, 1, 1, 1012, 1686, 3165, 4861, 7112, 7724, 8909, 9391, 23539, 2348, 0, 0
18:37:52, 1017.20, 17.72, 20.59, 15.797, 5363, 11995, 14422, 18825, 23071, 15010, 32560, 24358, 36000, 36000, 1, 1, 1000, 1667, 3128, 4793, 7149, 7727, 8848, 9228, 23664, 2388, 0, 0
18:37:52, 1016.10, 17.71, 20.56, 15.805, 2874, 11172, 14583, 21327, 20761, 9143, 28709, 12936, 36000, 36000, 1, 1, 1152, 1936, 3586, 5447, 7693, 8305, 9514, 9951, 25340, 2616, 0, 0
18:37:53, 1016.80, 17.70, 20.59, 15.805, 3898, 9734, 17048, 18041, 24808, 15890, 32129, 20718, 36000, 36000, 1, 1, 1010, 1679, 3147, 4789, 6734, 7265, 8360, 8769, 22685, 2344, 0, 0
18:37:54, 1028.30, 17.69, 20.56, 15.797, 2772, 10463, 12356, 18883, 9146, 9769, 14356, 11698, 26177, 21284, 0, 0, 1123, 1881, 3529, 5447, 7731, 8400, 9685, 10182, 25034, 2411, 0, 0
18:37:54, 1029.50, 17.68, 20.57, 15.805, 2902, 6326, 8635, 12187, 15061, 13132, 20521, 16732, 35831, 25504, 0, 1, 965, 1581, 3009, 4671, 6937, 7611, 8856, 9443, 22652, 2152, 0, 0
18:37:55, 1022.60, 17.67, 20.59, 15.805, 2179, 6651, 9878, 13766, 17279, 13308, 25417, 13044, 36000, 35737, 1, 1, 988, 1636, 3110, 4760, 6999, 7574, 8729, 9172, 22820, 2252, 0, 0
18:37:56, 1023.60, 17.66, 20.61, 15.797, 2331, 4839, 6349, 8106, 23327, 21109, 27252, 26204, 36000, 32651, 1, 1, 908, 1514, 2876, 4495, 6535, 7144, 8213, 8657, 20793, 1987, 0, 0
18:37:56, 1023.50, 17.65, 20.61, 15.797, 5257, 10194, 15574, 18522, 21128, 23073, 29050, 35933, 36000, 36000, 1, 1, 1018, 1687, 3183, 4866, 7484, 8132, 9386, 9876, 24442, 2405, 0, 0
18:37:57, 1028.40, 17.65, 20.57, 15.797, 1905, 4184, 5908, 11444, 16868, 15565, 20946, 13824, 36000, 31089, 1, 1, 992, 1633, 3125, 4825, 6952, 7615, 8777, 9269, 22150, 2090, 0, 0
18:37:58, 1021.90, 17.65, 20.57, 15.797, 2366, 6807, 7878, 14702, 13873, 17567, 22817, 24079, 36000, 36000, 1, 1, 1005, 1669, 3153, 4870, 7218, 7839, 9055, 9552, 23608, 2319, 0, 0
18:37:58, 1026.30, 17.65, 20.61, 15.797, 5170, 10477, 13001, 16305, 17942, 17961, 24518, 30353, 36000, 36000, 1, 1, 1015, 1689, 3188, 4927, 6986, 7623, 8816, 9277, 22732, 2173, 0, 0
18:37:59, 1025.60, 17.65, 20.59, 15.797, 4170, 10609, 14360, 18993, 15026, 19519, 19308, 33146, 36000, 36000, 1, 1, 990, 1640, 3111, 4798, 6916, 7507, 8717, 9171, 22755, 2187, 0, 0
18:38:00, 1028.50, 17.65, 20.57, 15.805, 4485, 9072, 12422, 15120, 16062, 7595, 18538, 13459, 36000, 36000, 1, 1, 1080, 1804, 3374, 5226, 7359, 8010, 9278, 9747, 24182, 2305, 0, 0
18:38:00, 1027.80, 17.65, 20.56, 15.805, 6274, 12648, 13747, 19344, 20309, 7175, 26729, 13063, 36000, 35597, 1, 1, 1051, 1742, 3275, 5069, 7333, 8053, 9304, 9870, 23970, 2306, 0, 0
18:38:01, 1029.50, 17.66, 20.54, 15.813, 5708, 8512, 14029, 16656, 17828, 6295, 23014, 11612, 36000, 36000, 1, 1, 1075, 1785, 3334, 5178, 7469, 8216, 9460, 10048, 24222, 2299, 0, 0
18:38:02, 1027.20, 17.67, 20.59, 15.805, 4485, 7780, 9711, 14801, 17683, 8836, 23092, 20864, 36000, 35990, 1, 1, 1019, 1693, 3177, 4944, 7172, 7853, 9056, 9553, 23710, 2236, 0, 0
18:38:02, 1022.90, 17.67, 20.54, 15.805, 4440, 7406, 12965, 11538, 24691, 8507, 28830, 20855, 36000, 36000, 1, 1, 1057, 1743, 3280, 5019, 7468, 8150, 9363, 9907, 24959, 2434, 0, 0
18:38:03, 1027.00, 17.68, 20.56, 15.805, 6208, 12967, 14478, 21986, 21702, 14848, 23459, 22518, 36000, 35936, 1, 1, 1068, 1773, 3334, 5142, 7130, 7795, 8902, 9434, 23458, 2209, 0, 0
18:38:04, 1022.00, 17.67, 20.54, 15.805, 5876, 7675, 13533, 11786, 18000, 27419, 20498, 33226, 36000, 35457, 1, 1, 1005, 1656, 3109, 4798, 7166, 7809, 8976, 9499, 24010, 2353, 0, 0
18:38:04, 1026.20, 17.67, 20.59, 15.805, 6791, 13943, 15487, 22239, 18680, 22410, 20150, 29748, 35304, 33961, 0, 1, 1091, 1802, 3370, 5206, 7960, 8693, 9937, 10556, 26045, 2518, 0, 0
18:38:05, 1022.70, 17.66, 20.56, 15.805, 4700, 7998, 11065, 12797, 18364, 24831, 23992, 33731, 36000, 36000, 1, 1, 1049, 1726, 3254, 5014, 7358, 8036, 9183, 9728, 24141, 2324, 0, 0
18:38:06, 1024.20, 17.66, 20.54, 15.813, 6874, 15434, 16080, 26182, 27036, 28449, 27801, 35987, 36000, 36000, 1, 1, 1084, 1785, 3354, 5132, 7622, 8313, 9522, 10074, 24928, 2430, 0, 0
18:38:06, 1024.70, 17.66, 20.57, 15.813, 8233, 7182, 14066, 9368, 18237, 21106, 19493, 28186, 36000, 36000, 1, 1, 1057, 1740, 3281, 5052, 7294, 7981, 9147, 9669, 23921, 2297, 0, 0
18:38:07, 1023.30, 17.65, 20.56, 15.797, 5217, 3668, 10003, 4470, 18208, 18405, 19393, 22275, 36000, 32569, 1, 1, 1052, 1723, 3264, 5009, 7535, 8201, 9419, 9943, 24635, 2378, 0, 0
18:38:08, 1023.10, 17.65, 20.54, 15.805, 6653, 8430, 16132, 14610, 15349, 21346, 21812, 31222, 36000, 36000, 1, 1, 1112, 1839, 3439, 5294, 7835, 8532, 9774, 10392, 25455, 2524, 0, 0
18:38:08, 1023.80, 17.65, 20.59, 15.805, 6454, 10087, 13288, 16637, 13177, 6972, 15669, 11401, 36000, 35594, 1, 1, 1136, 1896, 3519, 5446, 7556, 8227, 9451, 10000, 24405, 2382, 0, 0
18:38:09, 1023.80, 17.65, 20.54, 15.797, 4729, 9431, 12151, 16360, 18279, 6505, 19738, 11229, 36000, 36000, 1, 1, 1086, 1805, 3375, 5214, 7492, 8139, 9377, 9870, 24573, 2376, 0, 0
18:38:10, 1025.70, 17.65, 20.52, 15.805, 5738, 10506, 11902, 19784, 17285, 19075, 23732, 35744, 36000, 36000, 1, 1, 1093, 1811, 3398, 5239, 7645, 8331, 9573, 10089, 25076, 2433, 0, 0
18:38:10, 1025.80, 17.65, 20.54, 15.805, 4948, 9291, 13309, 14706, 23037, 16937, 29457, 26261, 36000, 36000, 1, 1, 1034, 1703, 3223, 4982, 7214, 7915, 9114, 9615, 23751, 2253, 0, 0
18:38:11, 1026.10, 17.65, 20.54, 15.805, 4166, 6617, 11875, 15158, 15340, 6350, 22664, 11455, 36000, 35108, 1, 1, 1073, 1780, 3356, 5150, 7265, 7900, 9144, 9569, 24098, 2318, 0, 0
18:38:12, 1025.20, 17.65, 20.54, 15.805, 4317, 7651, 10187, 13133, 16827, 12096, 20993, 21067, 36000, 35515, 1, 1, 1019, 1690, 3199, 4931, 6996, 7638, 8838, 9248, 23211, 2205, 0, 0
18:38:12, 1024.50, 17.65, 20.50, 15.805, 1861, 3156, 5712, 6371, 19396, 22941, 24913, 29695, 36000, 36000, 1, 1, 1047, 1735, 3276, 5020, 7132, 7779, 8971, 9419, 23383, 2236, 0, 0
18:38:13, 1023.80, 17.66, 20.56, 15.805, 4298, 8456, 10731, 13427, 17026, 7131, 20269, 12292, 36000, 36000, 1, 1, 1057, 1755, 3307, 5087, 7444, 8116, 9354, 9864, 24160, 2360, 0, 0
18:38:14, 1025.10, 17.65, 20.52, 15.805, 4914, 8889, 13373, 14885, 19435, 5561, 22881, 9379, 36000, 36000, 1, 1, 1115, 1867, 3469, 5339, 7512, 8190, 9428, 9957, 24498, 2406, 0, 0
18:38:14, 1026.00, 17.64, 20.54, 15.813, 2959, 5914, 9728, 12202, 27492, 19541, 29519, 24559, 36000, 36000, 1, 1, 1055, 1757, 3281, 5062, 7124, 7756, 8963, 9421, 23325, 2252, 0, 0
18:38:15, 1026.70, 17.65, 20.52, 15.820, 3223, 5964, 11149, 14074, 18460, 18348, 24885, 26685, 36000, 33299, 1, 1, 1029, 1696, 3212, 4938, 7379, 8036, 9309, 9773, 24016, 2321, 0, 0
18:38:16, 1027.60, 17.66, 20.52, 15.820, 4122, 7730, 9546, 13268, 14659, 14879, 19334, 21080, 36000, 35959, 1, 1, 1015, 1665, 3166, 4888, 7289, 7945, 9217, 9694, 23822, 2287, 0, 0
18:38:16, 1027.30, 17.66, 20.52, 15.813, 10258, 19528, 19411, 23801, 16702, 14619, 23435, 23471, 36000, 35799, 1, 1, 1029, 1703, 3198, 4967, 7407, 8133, 9370, 9913, 24415, 2330, 0, 0
18:38:17, 1028.20, 17.66, 20.54, 15.820, 4665, 5541, 10110, 10455, 16365, 17196, 19812, 24932, 36000, 35729, 1, 1, 1036, 1715, 3238, 5017, 7182, 7863, 9111, 9590, 23417, 2219, 0, 0
18:38:18, 1027.10, 17.66, 20.52, 15.820, 4725, 9416, 11933, 17022, 13289, 8008, 20287, 17791, 36000, 34303, 1, 1, 999, 1648, 3119, 4828, 7076, 7747, 8961, 9456, 23572, 2246, 0, 0
18:38:18, 1027.90, 17.65, 20.52, 15.813, 4224, 8451, 12692, 13020, 17971, 9081, 20434, 18658, 36000, 36000, 1, 1, 1019, 1683, 3164, 4928, 7187, 7870, 9070, 9597, 23814, 2268, 0, 0
18:38:19, 1027.60, 17.64, 20.52, 15.820, 4749, 4372, 9917, 6609, 15647, 22169, 19906, 32618, 36000, 35101, 1, 1, 1036, 1696, 3225, 4962, 7185, 7879, 9069, 9631, 23576, 2231, 0, 0
18:38:20, 1028.40, 17.64, 20.54, 15.820, 5216, 6608, 11414, 9863, 20210, 14697, 14335, 18752, 36000, 36000, 1, 1, 1052, 1721, 3250, 5030, 7360, 8066, 9268, 9870, 24110, 2297, 0, 0
18:38:20, 1028.60, 17.64, 20.56, 15.805, 8962, 8449, 17227, 10799, 14782, 13639, 16421, 19513, 36000, 36000, 1, 1, 1087, 1786, 3358, 5168, 7352, 8082, 9276, 9921, 23683, 2279, 0, 0
18:38:21, 1029.50, 17.63, 20.52, 15.797, 6339, 7312, 13674, 10224, 18861, 22324, 19703, 31902, 36000, 36000, 1, 1, 1075, 1774, 3323, 5156, 7388, 8102, 9351, 9921, 23874, 2282, 0, 0
18:38:22, 1029.10, 17.62, 20.52, 15.797, 4748, 5268, 10512, 8453, 14122, 16746, 17273, 28685, 36000, 35770, 1, 1, 1030, 1683, 3204, 4938, 7311, 8028, 9232, 9817, 23950, 2281, 0, 0
18:38:22, 1029.50, 17.62, 20.52, 15.789, 5362, 9907, 12374, 16298, 19412, 26517, 24131, 31497, 36000, 36000, 1, 1, 996, 1627, 3093, 4795, 7145, 7860, 9066, 9585, 23387, 2224, 0, 0
18:38:23, 1029.60, 17.63, 20.52, 15.797, 3987, 6024, 9774, 11845, 17985, 15980, 22653, 24584, 36000, 36000, 1, 1, 955, 1568, 2984, 4643, 7126, 7837, 9081, 9610, 23060, 2215, 0, 0
18:38:24, 1029.30, 17.63, 20.52, 15.797, 4531, 9971, 11611, 17312, 15780, 20660, 22508, 33319, 36000, 35815, 1, 1, 972, 1598, 3034, 4725, 7112, 7778, 9076, 9571, 23124, 2209, 0, 0
18:38:24, 1029.60, 17.62, 20.52, 15.797, 3770, 6265, 10464, 12308, 17023, 8245, 23812, 12240, 36000, 36000, 1, 1, 990, 1638, 3103, 4845, 7283, 7947, 9247, 9770, 23638, 2248, 0, 0
18:38:25, 1029.20, 17.61, 20.50, 15.805, 2021, 6943, 8674, 12821, 17225, 14330, 23643, 24487, 36000, 35931, 1, 1, 1014, 1682, 3177, 4921, 6991, 7640, 8910, 9386, 22748, 2164, 0, 0
18:38:26, 1029.20, 17.61, 20.50, 15.805, 1588, 4208, 6861, 9115, 13800, 7955, 19442, 11608, 36000, 35651, 1, 1, 989, 1634, 3099, 4808, 7069, 7744, 8968, 9447, 23190, 2194, 0, 0
18:38:26, 1029.20, 17.60, 20.54, 15.797, 2218, 5528, 7367, 10414, 17299, 20353, 22794, 32371, 36000, 34831, 1, 1, 1007, 1652, 3156, 4865, 6954, 7601, 8838, 9289, 22679, 2157, 0, 0
18:38:27, 1029.80, 17.60, 20.52, 15.813, 3209, 7215, 10837, 13660, 16404, 7348, 20698, 12045, 36000, 36000, 1, 1, 993, 1640, 3106, 4819, 7035, 7749, 8967, 9472, 22829, 2167, 0, 0
18:38:28, 1029.70, 17.61, 20.50, 15.813, 2312, 4471, 7777, 10422, 14528, 12719, 20381, 22889, 36000, 30111, 1, 1, 1005, 1655, 3142, 4869, 6989, 7673, 8906, 9384, 22759, 2149, 0, 0
18:38:28, 1029.40, 17.61, 20.50, 15.805, 4885, 8847, 12621, 15458, 14541, 10664, 22474, 20884, 36000, 35840, 1, 1, 998, 1634, 3118, 4826, 6934, 7629, 8845, 9339, 22782, 2139, 0, 0
18:38:29, 1029.80, 17.61, 20.50, 15.805, 3626, 5415, 9433, 10165, 16462, 13074, 19659, 19268, 36000, 35772, 1, 1, 1023, 1681, 3192, 4928, 6947, 7603, 8817, 9330, 22793, 2175, 0, 0
18:38:30, 1030.40, 17.62, 20.50, 15.813, 4274, 7692, 10474, 13385, 33991, 32960, 35538, 35898, 36000, 36000, 1, 1, 990, 1619, 3075, 4769, 6882, 7550, 8743, 9221, 22984, 2163, 0, 0
18:38:30, 1030.40, 17.61, 20.50, 15.820, 3696, 7094, 9299, 12840, 16801, 15893, 18253, 25098, 36000, 34114, 1, 1, 1007, 1647, 3133, 4847, 6802, 7490, 8653, 9185, 22195, 2128, 0, 0
18:38:31, 1029.50, 17.62, 20.50, 15.820, 4458, 8844, 10656, 14434, 19509, 19489, 22377, 27124, 36000, 36000, 1, 1, 1016, 1662, 3139, 4857, 6960, 7680, 8851, 9429, 22683, 2187, 0, 0
18:38:32, 1029.80, 17.61, 20.50, 15.820, 5946, 8740, 14237, 14495, 17744, 16397, 17770, 21114, 36000, 34618, 1, 1, 1043, 1708, 3220, 4989, 7307, 8013, 9285, 9825, 23799, 2275, 0, 0
18:38:32, 1030.00, 17.61, 20.52, 15.820, 4114, 7966, 9916, 13066, 14021, 10489, 14981, 14966, 36000, 35897, 1, 1, 1014, 1654, 3132, 4851, 7138, 7837, 9055, 9620, 23487, 2232, 0, 0
18:38:33, 1030.20, 17.61, 20.49, 15.820, 4161, 3545, 8518, 5050, 21202, 20407, 21480, 25938, 36000, 34438, 1, 1, 1043, 1716, 3216, 4989, 7067, 7760, 8963, 9530, 23367, 2206, 0, 0
18:38:34, 1029.80, 17.61, 20.50, 15.813, 5363, 8449, 10232, 12984, 13969, 16928, 17235, 23323, 36000, 28801, 1, 1, 1006, 1640, 3125, 4816, 7212, 7924, 9130, 9726, 23857, 2264, 0, 0
18:38:34, 1030.20, 17.62, 20.50, 15.820, 5235, 10038, 11762, 16337, 15198, 12607, 19842, 25576, 36000, 35805, 1, 1, 1012, 1654, 3146, 4863, 7150, 7858, 9075, 9608, 23857, 2251, 0, 0
18:38:35, 1030.30, 17.61, 20.47, 15.820, 4037, 5271, 11857, 8170, 26225, 29941, 29063, 34964, 36000, 36000, 1, 1, 995, 1627, 3108, 4795, 6982, 7649, 8879, 9359, 23198, 2182, 0, 0
18:38:36, 1030.60, 17.61, 20.45, 15.813, 4201, 6905, 9677, 13413, 19751, 21883, 24762, 28139, 36000, 34217, 1, 1, 983, 1609, 3078, 4756, 7049, 7679, 8972, 9411, 23384, 2186, 0, 0
18:38:36, 1030.20, 17.60, 20.52, 15.820, 3005, 6383, 9017, 9964, 19332, 16937, 25247, 26247, 36000, 34434, 1, 1, 987, 1619, 3095, 4774, 7095, 7799, 9041, 9536, 23369, 2203, 0, 0
18:38:37, 1028.20, 17.59, 20.54, 15.820, 4325, 9495, 10622, 16151, 16135, 18267, 24845, 29165, 36000, 35025, 1, 1, 971, 1592, 3037, 4711, 6898, 7572, 8776, 9263, 22628, 2145, 0, 0
18:38:38, 1023.90, 17.59, 20.50, 15.813, 5277, 7328, 12961, 15775, 21824, 28261, 28374, 34087, 36000, 36000, 1, 1, 1025, 1695, 3198, 4923, 7252, 7909, 9099, 9607, 23724, 2302, 0, 0
18:38:38, 1023.20, 17.57, 20.50, 15.820, 5603, 11908, 14917, 18463, 20021, 18240, 27269, 35888, 36000, 36000, 1, 1, 1063, 1764, 3297, 5078, 7616, 8315, 9544, 10102, 24939, 2450, 0, 0
18:38:39, 1024.10, 17.57, 20.52, 15.820, 7076, 14676, 16509, 22561, 20403, 17957, 20879, 23768, 36000, 36000, 1, 1, 1136, 1889, 3512, 5410, 7662, 8378, 9597, 10194, 24986, 2441, 0, 0
18:38:40, 1024.00, 17.56, 20.50, 15.813, 6303, 9800, 12260, 13829, 21261, 13595, 17046, 19021, 36000, 36000, 1, 1, 1088, 1796, 3367, 5169, 7406, 8067, 9275, 9770, 24314, 2340, 0, 0
18:38:40, 1024.20, 17.56, 20.52, 15.813, 7155, 5971, 15410, 6587, 17796, 13973, 16495, 18585, 36000, 32953, 1, 1, 1060, 1752, 3297, 5082, 7551, 8205, 9453, 9944, 24741, 2382, 0, 0
18:38:41, 1023.90, 17.57, 20.52, 15.813, 6708, 9929, 13950, 13308, 22807, 21419, 23426, 33797, 36000, 36000, 1, 1, 1085, 1796, 3382, 5191, 7516, 8176, 9431, 9921, 24482, 2386, 0, 0
18:38:42, 1022.60, 17.57, 20.49, 15.820, 6785, 6427, 12638, 8794, 22358, 35013, 29595, 36000, 36000, 36000, 1, 1, 1026, 1699, 3202, 4926, 7360, 8014, 9194, 9676, 24447, 2375, 0, 0
18:38:42, 1023.50, 17.58, 20.54, 15.820, 5570, 9877, 13460, 16390, 26318, 35415, 32907, 36000, 36000, 36000, 1, 1, 1020, 1683, 3175, 4882, 7667, 8381, 9601, 10129, 25175, 2463, 0, 0
18:38:43, 1023.40, 17.58, 20.50, 15.820, 6041, 14431, 12545, 19535, 23428, 32369, 29703, 35344, 36000, 36000, 1, 1, 1077, 1784, 3337, 5139, 7828, 8556, 9806, 10344, 25672, 2525, 0, 0
18:38:44, 1023.50, 17.58, 20.49, 15.813, 5819, 10945, 13369, 17918, 24039, 26339, 29864, 32375, 36000, 36000, 1, 1, 1107, 1846, 3432, 5283, 7752, 8472, 9721, 10277, 25195, 2470, 0, 0
18:38:44, 1023.90, 17.58, 20.52, 15.813, 4023, 6635, 11858, 14787, 21681, 14722, 25128, 24357, 36000, 33958, 1, 1, 1082, 1801, 3372, 5196, 7538, 8231, 9451, 9966, 24534, 2386, 0, 0
18:38:45, 1023.90, 17.58, 20.50, 15.820, 5811, 8629, 12852, 15169, 20536, 10577, 27023, 23454, 36000, 35360, 1, 1, 1069, 1774, 3339, 5127, 7300, 7962, 9190, 9637, 24171, 2319, 0, 0
18:38:46, 1022.30, 17.58, 20.49, 15.820, 3258, 5269, 10959, 13447, 23456, 26083, 26762, 31758, 36000, 36000, 1, 1, 1053, 1750, 3299, 5063, 7316, 7961, 9179, 9619, 24181, 2351, 0, 0
18:38:46, 1021.40, 17.57, 20.45, 15.820, 6239, 13944, 14043, 20791, 23685, 32347, 28162, 35308, 36000, 36000, 1, 1, 1093, 1823, 3405, 5223, 7622, 8292, 9542, 10038, 24994, 2470, 0, 0
18:38:47, 1021.80, 17.57, 20.47, 15.820, 6199, 14715, 13050, 20052, 27788, 35610, 32309, 36000, 36000, 36000, 1, 1, 1110, 1855, 3451, 5299, 7746, 8422, 9672, 10178, 25488, 2505, 0, 0
18:38:48, 1022.40, 17.57, 20.50, 15.813, 8497, 16971, 19855, 26298, 22721, 23231, 30322, 31431, 36000, 36000, 1, 1, 1144, 1916, 3561, 5481, 7820, 8528, 9798, 10351, 25445, 2500, 0, 0
18:38:48, 1023.40, 17.57, 20.47, 15.813, 6505, 10511, 13895, 18913, 18657, 7198, 26081, 16986, 36000, 36000, 1, 1, 1143, 1913, 3547, 5464, 7863, 8577, 9847, 10432, 25490, 2512, 0, 0
18:38:49, 1023.40, 17.56, 20.42, 15.805, 4705, 7810, 12118, 10687, 22148, 11205, 32577, 30955, 36000, 36000, 1, 1, 1117, 1865, 3470, 5339, 7599, 8286, 9519, 10067, 24554, 2399, 0, 0
18:38:49, 1023.80, 17.56, 20.47, 15.813, 6678, 8197, 14442, 11102, 21069, 26522, 25943, 35951, 36000, 36000, 1, 1, 1067, 1762, 3314, 5098, 7719, 8447, 9663, 10233, 24987, 2448, 0, 0
18:38:50, 1023.70, 17.55, 20.47, 15.813, 6603, 12288, 12748, 17873, 20758, 24930, 20603, 35952, 36000, 36000, 1, 1, 1089, 1804, 3382, 5204, 7672, 8383, 9612, 10175, 25148, 2446, 0, 0
18:38:51, 1023.30, 17.55, 20.49, 15.805, 7368, 13550, 16260, 20724, 19357, 16373, 26183, 34263, 36000, 36000, 1, 1, 1125, 1873, 3489, 5378, 7456, 8156, 9344, 9854, 24369, 2360, 0, 0
18:38:51, 1023.10, 17.55, 20.47, 15.813, 5219, 9671, 12968, 17198, 22827, 10335, 26016, 21331, 36000, 36000, 1, 1, 1142, 1910, 3547, 5461, 7494, 8168, 9404, 9890, 24502, 2395, 0, 0
18:38:52, 1022.40, 17.56, 20.47, 15.813, 5532, 10177, 12732, 17061, 18952, 7711, 24611, 15872, 36000, 36000, 1, 1, 1086, 1802, 3386, 5204, 7446, 8100, 9352, 9814, 24339, 2377, 0, 0
18:38:53, 1031.20, 17.55, 20.50, 15.813, 5925, 10505, 13781, 14959, 17165, 15524, 23262, 29571, 36000, 36000, 1, 1, 1112, 1845, 3463, 5360, 7979, 8738, 10086, 10683, 26167, 2520, 0, 0
18:38:53, 1043.00, 17.55, 20.47, 15.813, 2772, 4706, 7313, 8631, 12970, 10551, 16568, 17281, 36000, 21811, 1, 1, 935, 1514, 2876, 4507, 6795, 7545, 8846, 9516, 22426, 2177, 0, 0
18:38:54, 1052.00, 17.54, 20.45, 15.813, 3660, 6598, 10270, 13161, 14884, 13654, 19568, 20747, 36000, 21738, 1, 1, 819, 1284, 2420, 3782, 6062, 6784, 8166, 8832, 21841, 2237, 0, 0
18:38:55, 1056.60, 17.53, 20.49, 15.805, 2268, 4164, 6387, 8924, 12211, 12883, 15123, 20204, 36000, 11562, 1, 1, 725, 1119, 2079, 3250, 5068, 5757, 6888, 7580, 19052, 2109, 0, 0
18:38:55, 1060.70, 17.52, 20.47, 15.805, 3330, 5227, 8827, 10551, 10397, 10199, 11686, 14953, 36000, 13319, 1, 1, 462, 717, 1282, 2024, 3199, 3634, 4545, 5063, 13800, 1923, 0, 0
18:38:56, 1063.60, 17.51, 20.47, 15.805, 2025, 2238, 4876, 4733, 4859, 5565, 5395, 6707, 35022, 5485, 0, 1, 666, 1014, 1878, 2899, 6357, 7392, 8664, 9869, 23613, 2687, 0, 0
18:38:57, 1063.10, 17.51, 20.50, 15.797, 449, 632, 1140, 1475, 1982, 2170, 2355, 2717, 11188, 1419, 0, 0, 1244, 1943, 3539, 5513, 6176, 7106, 8384, 9486, 23652, 2738, 0, 0
18:38:57, 1062.70, 17.51, 20.47, 15.805, 453, 642, 1152, 1492, 1781, 1926, 2139, 2385, 9562, 1182, 0, 0, 1128, 1763, 3206, 4989, 6388, 7355, 8693, 9816, 23900, 2703, 0, 0
18:38:58, 1062.30, 17.51, 20.47, 15.805, 429, 599, 1088, 1386, 1711, 1822, 2043, 2311, 9926, 1344, 0, 0, 965, 1516, 2760, 4319, 5870, 6724, 7901, 8929, 22015, 2525, 0, 0
18:38:59, 1061.80, 17.52, 20.43, 15.813, 392, 563, 1004, 1317, 1964, 2099, 2344, 2676, 11174, 1493, 0, 0, 917, 1441, 2629, 4103, 5461, 6272, 7448, 8362, 21064, 2413, 0, 0
18:38:59, 1062.40, 17.52, 20.43, 15.813, 606, 861, 1558, 1971, 2568, 2750, 3037, 3475, 15396, 2137, 0, 0, 839, 1303, 2393, 3703, 6415, 7476, 8802, 10093, 24475, 2790, 0, 0
18:39:00, 1062.40, 17.52, 20.49, 15.805, 430, 598, 1085, 1406, 1786, 1931, 2129, 2440, 9802, 1252, 0, 0, 1142, 1793, 3267, 5065, 6729, 7799, 9247, 10543, 25997, 2964, 0, 0
18:39:01, 1061.30, 17.52, 20.43, 15.805, 553, 765, 1387, 1751, 2819, 3008, 3294, 3788, 18033, 2537, 0, 0, 692, 1051, 1954, 2996, 3954, 4468, 5425, 5950, 16615, 1995, 0, 0
18:39:01, 1061.30, 17.52, 20.45, 15.805, 1258, 1284, 2722, 2834, 4052, 4308, 4578, 5423, 31084, 5089, 0, 0, 523, 800, 1484, 2290, 3240, 3635, 4426, 4783, 13567, 1610, 0, 0
18:39:02, 1062.90, 17.52, 20.45, 15.805, 686, 913, 1687, 2072, 2283, 2493, 2677, 3124, 14208, 1927, 0, 0, 962, 1520, 2771, 4323, 8055, 9326, 11264, 12792, 30592, 3435, 0, 0
18:39:03, 1062.90, 17.52, 20.43, 15.805, 493, 690, 1247, 1599, 2115, 2293, 2505, 2886, 12072, 1580, 0, 0, 1270, 1954, 3614, 5538, 6279, 7304, 8561, 9806, 24353, 2869, 0, 0
18:39:03, 1062.80, 17.51, 20.45, 15.805, 387, 556, 991, 1307, 1799, 1959, 2159, 2498, 9820, 1249, 0, 0, 915, 1433, 2614, 4073, 6355, 7342, 8686, 9830, 23878, 2719, 0, 0
18:39:04, 1062.50, 17.51, 20.43, 15.805, 463, 665, 1193, 1556, 1973, 2132, 2351, 2699, 11124, 1463, 0, 0, 1021, 1613, 2933, 4574, 6423, 7387, 8914, 10003, 25291, 2899, 0, 0
18:39:05, 1063.00, 17.51, 20.47, 15.813, 405, 590, 1050, 1388, 1854, 1998, 2199, 2524, 10528, 1383, 0, 0, 979, 1524, 2779, 4326, 6949, 8048, 9520, 10833, 26132, 2959, 0, 0
18:39:05, 1062.50, 17.50, 20.47, 15.813, 387, 559, 991, 1308, 1916, 2086, 2275, 2650, 10956, 1432, 0, 0, 998, 1571, 2859, 4454, 7588, 8783, 10568, 12002, 28772, 3219, 0, 0
18:39:06, 1061.70, 17.50, 20.45, 15.813, 465, 660, 1192, 1535, 2389, 2601, 2786, 3256, 15352, 2209, 0, 0, 1046, 1655, 2983, 4675, 5731, 6558, 7927, 8923, 23107, 2781, 0, 0
18:39:07, 1060.30, 17.49, 20.43, 15.813, 1194, 1568, 2958, 3458, 7319, 7155, 7369, 9216, 36000, 12992, 1, 1, 595, 897, 1654, 2564, 2753, 3099, 3779, 4131, 11367, 1472, 0, 0
18:39:07, 1059.50, 17.49, 20.45, 15.813, 2157, 2489, 5284, 5246, 10056, 10436, 11372, 14683, 36000, 10107, 1, 1, 361, 534, 980, 1545, 2145, 2497, 2952, 3323, 8982, 1271, 0, 0
18:39:08, 1051.60, 17.49, 20.43, 15.805, 2960, 5577, 8698, 12309, 8672, 10796, 10541, 14644, 36000, 6619, 1, 1, 700, 1078, 2000, 3139, 4941, 5522, 6631, 7199, 17605, 1941, 0, 0
18:39:09, 1050.00, 17.49, 20.43, 15.813, 2202, 3484, 5814, 6805, 17895, 20320, 21844, 26475, 36000, 22299, 1, 1, 814, 1249, 2381, 3665, 6410, 7155, 8637, 9340, 23993, 2356, 0, 0
18:39:09, 1048.70, 17.48, 20.45, 15.813, 1982, 3618, 5488, 7546, 18245, 21451, 22588, 31178, 36000, 19466, 1, 1, 830, 1292, 2432, 3818, 6162, 6883, 8276, 8921, 22733, 2304, 0, 0
18:39:10, 1047.30, 17.47, 20.45, 15.805, 4083, 7878, 11755, 16285, 11817, 13884, 14239, 19548, 36000, 10557, 1, 1, 843, 1316, 2505, 3910, 6229, 6953, 8345, 8998, 22271, 2267, 0, 0
18:39:11, 1040.40, 17.47, 20.43, 15.820, 2432, 4547, 6903, 8902, 13820, 17831, 15763, 25549, 36000, 13502, 1, 1, 915, 1460, 2782, 4356, 6465, 7122, 8501, 9069, 21534, 2097, 0, 0
18:39:11, 1033.50, 17.47, 20.43, 15.820, 4243, 8436, 11070, 15374, 18153, 21307, 19064, 29782, 36000, 25281, 1, 1, 944, 1527, 2906, 4535, 6738, 7464, 8657, 9261, 22307, 2115, 0, 0
18:39:12, 1030.40, 17.46, 20.43, 15.813, 4878, 7557, 11679, 12102, 24460, 26773, 25009, 34148, 36000, 35747, 1, 1, 1017, 1654, 3133, 4852, 7250, 7974, 9212, 9858, 23586, 2251, 0, 0
18:39:13, 1027.70, 17.46, 20.43, 15.820, 4885, 8994, 10438, 14632, 17309, 18870, 21184, 29472, 36000, 35077, 1, 1, 1048, 1720, 3230, 5015, 7343, 8066, 9258, 9912, 23912, 2291, 0, 0
18:39:13, 1026.70, 17.46, 20.45, 15.820, 6589, 5513, 13165, 9795, 14944, 19736, 8677, 20127, 36000, 36000, 1, 1, 1110, 1814, 3409, 5239, 7650, 8422, 9624, 10368, 24657, 2390, 0, 0
18:39:14, 1022.00, 17.45, 20.43, 15.813, 5831, 12030, 11611, 15935, 23001, 22554, 27522, 32036, 36000, 35980, 1, 1, 1117, 1840, 3442, 5259, 7611, 8301, 9493, 10081, 24691, 2407, 0, 0
18:39:15, 1022.60, 17.46, 20.43, 15.813, 8148, 13971, 18396, 23499, 20654, 23553, 30715, 35928, 36000, 36000, 1, 1, 1155, 1900, 3563, 5444, 8107, 8875, 10110, 10782, 26125, 2585, 0, 0
18:39:15, 1018.60, 17.46, 20.43, 15.820, 6040, 11709, 13612, 17681, 27475, 28090, 23149, 31352, 36000, 35764, 1, 1, 1189, 1971, 3671, 5603, 7727, 8442, 9623, 10231, 25049, 2473, 0, 0
18:39:16, 1015.80, 17.45, 20.45, 15.813, 9696, 10666, 17466, 10167, 18515, 25152, 26451, 35325, 36000, 36000, 1, 1, 1662, 3084, 4916, 7391, 11720, 12607, 15289, 16016, 33935, 13936, 0, 1
18:39:17, 1016.40, 17.45, 20.45, 15.813, 7537, 15323, 17519, 22996, 22059, 32070, 26607, 36000, 36000, 36000, 1, 1, 2370, 4543, 6281, 8945, 8124, 8436, 9825, 10791, 29477, 5734, 0, 0
18:39:17, 1015.50, 17.42, 20.47, 15.773, 5026, 5524, 12937, 7310, 12132, 3635, 18435, 5629, 36000, 36000, 1, 1, 5142, 7452, 12268, 15416, 14241, 14786, 18482, 20500, 36000, 18588, 1, 1
18:39:18, 1016.10, 17.43, 20.45, 15.555, 14224, 19535, 30862, 31741, 34321, 35436, 35151, 35811, 36000, 36000, 1, 1, 3573, 5692, 8295, 10370, 17811, 19242, 20842, 26091, 36000, 15426, 1, 1
18:39:19, 1016.30, 17.44, 20.45, 15.555, 4710, 11437, 16017, 16078, 21657, 26069, 20823, 32421, 14468, 4333, 0, 1, 5470, 8620, 12158, 15468, 15595, 17006, 19755, 22213, 36000, 19014, 1, 1
18:39:19, 1016.10, 17.45, 20.45, 15.344, 7020, 14699, 15967, 20985, 23099, 17376, 29573, 32830, 36000, 36000, 1, 1, 5521, 9616, 12692, 17136, 20815, 23644, 29462, 35855, 36000, 36000, 1, 1
18:39:20, 1015.70, 17.48, 20.45, 15.172, 7474, 17072, 15448, 25495, 5056, 7141, 6728, 8116, 13924, 9869, 0, 0, 2595, 4570, 5695, 7696, 2029, 2098, 2706, 3065, 7598, 5067, 0, 0
