Secchi Depth (cm) = 0103
Forel Ule Scale = 17
pH Colour Scale = 99
SensingSecchi S/N = A016
Latitude (degs N) = 34.14027
Longitude (degs E) = -77.86220
Date = 2026-03-11
Time (UTC), Pressure (mbar) MS5803, Temp (deg C) MS5803, Temp (deg C) 10KTHERM, Temp (deg C) TMP117, ED 415nm, ED 445nm, ED 480nm, ED 515nm, ED 555nm, ED 590nm, ED 630nm, ED 680nm, ED Clear, ED NIR, ED D-SAT, ED A-SAT, EU 415nm, EU 445nm, EU 480nm, EU 515nm, EU 555nm, EU 590nm, EU 630nm, EU 680nm, EU Clear, EU NIR, EU D-SAT, EU A-SAT
15:36:01, 1013.60, 23.21, 22.34, 25.648, 4648, 5565, 7379, 11748, 9870, 14023, 15820, 14698, 36000, 16500, 1, 1, 6972, 11034, 13179, 18539, 18798, 21136, 24291, 34831, 36000, 36000, 1, 1
15:36:01, 1013.10, 23.24, 22.35, 25.703, 3840, 4363, 5938, 8747, 6615, 8783, 9601, 9227, 34019, 10873, 0, 1, 9343, 13992, 19879, 23940, 26890, 29547, 35541, 36000, 36000, 36000, 1, 1
15:36:02, 1013.90, 23.26, 22.34, 25.703, 2594, 3723, 5611, 6117, 5797, 4803, 9046, 6643, 10743, 6413, 0, 0, 2950, 4502, 6173, 8035, 14378, 14993, 18472, 19967, 36000, 22186, 1, 1
15:36:03, 1013.80, 23.27, 22.37, 25.625, 1693, 2073, 3221, 3232, 2054, 2039, 2382, 2750, 8829, 6025, 0, 0, 1562, 2408, 3232, 4521, 10399, 12713, 13088, 16498, 24412, 8068, 0, 0
15:36:03, 1013.00, 23.27, 22.39, 25.461, 2074, 3009, 3536, 6626, 4692, 4255, 7706, 5331, 32246, 18763, 0, 0, 5119, 10352, 13020, 16937, 8047, 8397, 10714, 11590, 29435, 14925, 0, 0
15:36:04, 1013.80, 23.27, 22.37, 25.461, 7639, 10930, 15730, 18466, 15238, 16308, 23201, 21600, 24403, 8962, 0, 0, 1006, 1727, 2428, 3612, 7370, 8340, 9691, 10993, 18497, 5831, 0, 0
15:36:05, 1014.90, 23.22, 22.37, 25.383, 4408, 3984, 6393, 7467, 3850, 6008, 5410, 5973, 18283, 7585, 0, 0, 444, 690, 1372, 2331, 3672, 4019, 4273, 4023, 10236, 1000, 0, 0
15:36:05, 1020.30, 22.91, 22.41, 22.586, 1900, 2481, 4310, 3955, 9332, 8495, 9760, 11824, 34456, 33460, 0, 1, 446, 686, 1376, 2350, 3910, 4329, 4567, 4297, 11243, 1035, 0, 0
15:36:06, 1023.80, 22.64, 22.39, 22.586, 2533, 2154, 3096, 4649, 3749, 7315, 6548, 5674, 20841, 4074, 0, 0, 427, 650, 1323, 2297, 3899, 4324, 4570, 4282, 10299, 968, 0, 0
15:36:07, 1022.80, 22.46, 22.37, 20.680, 1547, 2852, 3683, 7193, 7550, 4174, 14617, 5502, 8697, 2486, 0, 0, 384, 589, 1212, 2129, 3397, 3783, 3991, 3708, 8304, 752, 0, 0
15:36:07, 1023.30, 22.31, 22.39, 19.820, 3891, 5178, 9212, 8628, 12352, 8143, 13085, 11410, 10002, 2864, 0, 0, 333, 504, 1043, 1852, 3104, 3458, 3653, 3404, 7399, 713, 0, 0
15:36:08, 1020.70, 22.20, 22.35, 19.820, 2963, 2025, 5148, 3061, 7997, 8044, 5499, 8991, 10086, 3441, 0, 0, 341, 514, 1040, 1818, 2977, 3307, 3510, 3325, 7402, 886, 0, 0
15:36:09, 1021.80, 22.11, 22.41, 19.344, 4561, 4712, 8445, 7110, 5896, 6944, 4694, 7007, 10120, 3108, 0, 0, 339, 510, 1042, 1831, 3011, 3344, 3541, 3327, 7315, 784, 0, 0
15:36:09, 1022.60, 22.05, 22.42, 19.344, 4321, 2801, 7852, 4066, 5046, 4288, 4367, 5774, 8455, 2614, 0, 0, 337, 507, 1045, 1838, 3049, 3393, 3576, 3339, 7336, 733, 0, 0
15:36:10, 1022.70, 22.00, 22.39, 19.148, 2827, 2301, 5642, 3519, 8599, 5689, 9469, 8071, 9449, 2725, 0, 0, 338, 510, 1062, 1885, 3263, 3631, 3824, 3547, 7813, 703, 0, 0
15:36:10, 1020.80, 21.97, 22.37, 19.062, 2346, 3075, 7194, 5075, 12851, 4835, 18962, 7675, 8743, 2579, 0, 0, 370, 570, 1170, 2054, 3451, 3840, 4046, 3763, 8578, 785, 0, 0
15:36:11, 1019.00, 21.94, 22.35, 19.062, 1798, 3723, 4338, 10599, 13538, 9761, 21000, 9585, 11697, 4123, 0, 0, 405, 624, 1264, 2180, 3588, 3973, 4199, 3953, 9464, 893, 0, 0
15:36:12, 1019.10, 21.89, 22.42, 19.023, 4797, 6754, 7157, 15233, 8586, 16572, 21753, 12229, 30366, 5808, 0, 0, 441, 673, 1356, 2314, 3821, 4223, 4459, 4222, 10562, 1016, 0, 0
15:36:12, 1021.00, 21.86, 22.39, 19.008, 4549, 4127, 6078, 9875, 6757, 18769, 15761, 18874, 35850, 20949, 0, 1, 415, 629, 1276, 2191, 3733, 4131, 4355, 4131, 10586, 984, 0, 0
15:36:13, 1022.20, 21.85, 22.41, 19.008, 5843, 2895, 8242, 6960, 6703, 15027, 5700, 11437, 36000, 34604, 1, 1, 418, 635, 1285, 2208, 3721, 4122, 4346, 4128, 10710, 980, 0, 0
15:36:14, 1023.50, 21.84, 22.35, 18.992, 5220, 2493, 6924, 4215, 12434, 13897, 7723, 18766, 36000, 35775, 1, 1, 430, 655, 1325, 2289, 3722, 4124, 4359, 4113, 10773, 976, 0, 0
15:36:14, 1022.70, 21.83, 22.41, 19.000, 2915, 1989, 4427, 3205, 6196, 4950, 5100, 6434, 36000, 36000, 1, 1, 430, 662, 1336, 2315, 3712, 4108, 4351, 4098, 10732, 967, 0, 0
15:36:15, 1021.40, 21.80, 22.35, 19.000, 2034, 1913, 4431, 2997, 6939, 4095, 6174, 5528, 36000, 36000, 1, 1, 429, 664, 1331, 2303, 3653, 4026, 4269, 4028, 10663, 965, 0, 0
15:36:16, 1021.30, 21.76, 22.35, 18.992, 3298, 2923, 8357, 4344, 9534, 4050, 9215, 5799, 36000, 36000, 1, 1, 405, 629, 1259, 2173, 3508, 3866, 4117, 3885, 10227, 936, 0, 0
15:36:16, 1022.10, 21.72, 22.39, 18.992, 3544, 4616, 7430, 8139, 14056, 5615, 18922, 11001, 36000, 35882, 1, 1, 392, 610, 1218, 2106, 3416, 3767, 4000, 3775, 9983, 912, 0, 0
15:36:17, 1021.40, 21.69, 22.39, 18.992, 2423, 4594, 8179, 9054, 15062, 5232, 19746, 8306, 36000, 36000, 1, 1, 387, 600, 1212, 2094, 3714, 4084, 4348, 4113, 10769, 1001, 0, 0
15:36:18, 1022.50, 21.68, 22.35, 18.961, 1676, 3683, 6537, 9379, 7108, 4277, 13944, 5496, 36000, 28646, 1, 1, 402, 622, 1257, 2173, 3567, 3919, 4172, 3926, 10124, 942, 0, 0
15:36:18, 1022.10, 21.66, 22.41, 18.961, 1204, 2076, 2801, 4417, 6927, 4438, 16102, 5208, 36000, 19055, 1, 1, 394, 608, 1236, 2140, 3577, 3914, 4179, 3934, 10118, 962, 0, 0
15:36:19, 1021.20, 21.65, 22.42, 18.961, 1160, 1893, 2468, 4162, 4303, 4563, 9361, 4862, 34780, 8699, 0, 1, 385, 592, 1208, 2100, 3484, 3814, 4059, 3823, 9605, 910, 0, 0
15:36:20, 1018.10, 21.65, 22.39, 18.961, 1341, 2056, 2609, 4367, 3741, 4355, 6833, 4739, 29881, 7172, 0, 0, 400, 620, 1246, 2136, 3487, 3810, 4050, 3855, 9604, 945, 0, 0
15:36:20, 1020.90, 21.65, 22.41, 18.961, 1908, 2782, 3149, 8589, 4364, 7210, 10631, 5753, 32467, 8716, 0, 1, 388, 601, 1198, 2046, 3371, 3689, 3919, 3748, 9111, 915, 0, 0
15:36:21, 1021.40, 21.63, 22.39, 18.961, 2752, 3020, 3703, 8007, 3813, 6744, 6932, 5406, 20383, 4849, 0, 0, 361, 553, 1117, 1932, 3143, 3453, 3659, 3494, 8349, 822, 0, 0
15:36:22, 1022.00, 21.61, 22.41, 18.961, 4066, 3274, 4160, 10563, 3911, 11586, 7063, 6841, 18952, 4975, 0, 0, 364, 557, 1126, 1948, 3255, 3575, 3782, 3591, 8397, 803, 0, 0
15:36:22, 1021.30, 21.60, 22.42, 18.961, 4520, 2710, 4227, 9170, 3683, 6778, 4946, 5581, 15625, 4491, 0, 0, 363, 550, 1129, 1979, 3460, 3798, 4018, 3801, 8779, 818, 0, 0
15:36:23, 1022.80, 21.59, 22.42, 18.953, 4408, 2550, 4191, 7095, 3026, 4137, 3735, 4331, 12299, 3785, 0, 0, 377, 569, 1170, 2045, 3295, 3631, 3825, 3611, 8175, 759, 0, 0
15:36:24, 1021.50, 21.57, 22.42, 18.953, 3652, 2612, 4704, 7024, 3375, 4868, 4114, 4874, 12689, 3747, 0, 0, 365, 547, 1124, 1967, 3272, 3609, 3802, 3587, 8044, 753, 0, 0
15:36:24, 1020.80, 21.56, 22.39, 18.953, 6242, 4023, 9217, 10433, 4550, 13405, 5453, 10196, 13034, 3770, 0, 0, 350, 527, 1078, 1882, 3216, 3553, 3743, 3530, 7834, 733, 0, 0
15:36:25, 1022.00, 21.56, 22.42, 18.953, 5734, 6790, 10824, 12646, 6118, 12906, 5595, 12557, 12395, 3843, 0, 0, 341, 514, 1052, 1843, 3201, 3542, 3733, 3512, 7671, 714, 0, 0
15:36:26, 1021.60, 21.55, 22.41, 18.945, 6680, 3084, 8099, 6672, 4690, 9342, 4305, 8255, 10051, 3054, 0, 0, 343, 515, 1059, 1861, 3201, 3544, 3738, 3497, 7577, 723, 0, 0
15:36:26, 1020.90, 21.55, 22.42, 18.945, 5614, 5388, 11275, 8114, 7078, 7673, 4487, 8329, 9153, 2811, 0, 0, 329, 494, 1012, 1779, 3119, 3460, 3649, 3411, 7382, 730, 0, 0
15:36:27, 1020.20, 21.54, 22.41, 18.937, 4927, 6341, 9817, 8369, 11918, 11677, 9809, 14598, 9773, 3067, 0, 0, 339, 511, 1047, 1833, 3142, 3487, 3675, 3425, 7450, 726, 0, 0
15:36:28, 1020.40, 21.54, 22.42, 18.945, 1707, 2321, 3464, 3489, 5234, 5135, 5339, 6894, 8538, 2476, 0, 0, 337, 509, 1055, 1860, 3209, 3561, 3747, 3480, 7539, 682, 0, 0
15:36:28, 1020.70, 21.53, 22.42, 18.945, 4230, 3935, 8953, 6212, 13557, 5962, 16475, 10927, 9284, 3185, 0, 0, 341, 520, 1076, 1886, 3120, 3466, 3648, 3384, 7443, 668, 0, 0
15:36:29, 1021.80, 21.52, 22.41, 18.937, 2124, 2980, 6482, 4871, 10669, 4330, 16612, 6821, 8659, 2723, 0, 0, 337, 516, 1070, 1883, 3185, 3538, 3728, 3458, 7711, 685, 0, 0
15:36:30, 1022.30, 21.52, 22.42, 18.937, 1486, 2615, 3997, 5490, 10601, 4615, 18124, 6302, 8717, 2800, 0, 0, 354, 542, 1122, 1964, 3223, 3577, 3776, 3505, 7988, 720, 0, 0
15:36:30, 1023.60, 21.51, 22.42, 18.937, 1366, 2589, 3509, 6296, 7249, 4098, 14268, 5325, 7928, 2265, 0, 0, 352, 537, 1110, 1953, 3161, 3521, 3710, 3451, 8026, 720, 0, 0
15:36:31, 1024.00, 21.49, 22.42, 18.937, 1410, 2570, 3373, 6134, 8908, 7179, 13337, 7234, 8482, 2095, 0, 0, 349, 534, 1102, 1942, 3193, 3547, 3743, 3500, 8231, 751, 0, 0
15:36:32, 1024.10, 21.48, 22.42, 18.945, 1552, 3450, 3467, 9090, 12657, 9487, 17605, 10360, 9908, 2264, 0, 0, 352, 537, 1109, 1953, 3240, 3597, 3797, 3550, 8493, 782, 0, 0
15:36:32, 1024.10, 21.48, 22.44, 18.945, 2033, 3082, 3325, 8207, 18800, 21637, 27320, 24365, 27190, 4201, 0, 0, 353, 535, 1105, 1950, 3411, 3784, 3996, 3742, 9086, 830, 0, 0
15:36:33, 1024.10, 21.49, 22.44, 18.953, 2473, 3273, 3374, 9010, 8605, 10834, 18748, 10663, 19138, 3057, 0, 0, 380, 581, 1185, 2066, 3332, 3688, 3901, 3652, 9014, 835, 0, 0
15:36:34, 1023.60, 21.49, 22.41, 18.969, 2758, 3228, 3610, 9062, 7858, 14742, 18249, 14060, 33860, 4974, 0, 1, 366, 554, 1141, 1988, 3345, 3704, 3907, 3672, 9166, 847, 0, 0
15:36:34, 1022.40, 21.48, 22.44, 18.969, 4011, 3715, 4920, 10389, 11226, 17064, 24347, 24775, 36000, 11777, 1, 1, 371, 560, 1152, 2005, 3514, 3892, 4099, 3860, 9693, 905, 0, 0
15:36:35, 1021.60, 21.46, 22.44, 18.961, 4600, 5086, 7177, 12321, 10412, 15762, 19475, 22042, 36000, 18790, 1, 1, 388, 588, 1197, 2065, 3521, 3907, 4109, 3862, 9780, 909, 0, 0
15:36:36, 1021.90, 21.45, 22.44, 18.961, 4630, 4583, 7462, 11349, 7174, 18466, 17657, 19439, 36000, 19042, 1, 1, 387, 585, 1194, 2068, 3544, 3932, 4128, 3903, 9882, 913, 0, 0
15:36:36, 1021.50, 21.45, 22.44, 18.953, 4296, 2268, 4011, 5167, 7601, 16859, 11957, 19003, 36000, 22142, 1, 1, 396, 602, 1224, 2098, 3501, 3879, 4084, 3844, 9830, 908, 0, 0
15:36:37, 1023.60, 21.44, 22.46, 18.961, 7178, 3059, 9903, 9735, 4654, 11304, 5250, 8803, 36000, 20759, 1, 1, 381, 576, 1178, 2044, 3343, 3702, 3900, 3673, 9337, 840, 0, 0
15:36:38, 1025.10, 21.42, 22.42, 18.961, 5365, 2695, 7260, 7267, 3907, 8015, 4450, 6136, 36000, 12314, 1, 1, 397, 598, 1227, 2126, 3535, 3914, 4121, 3886, 9950, 902, 0, 0
15:36:38, 1023.90, 21.40, 22.42, 18.953, 4462, 2636, 6495, 6435, 4383, 9944, 4922, 7252, 36000, 16683, 1, 1, 402, 605, 1237, 2145, 3682, 4082, 4294, 4059, 10445, 970, 0, 0
15:36:39, 1022.60, 21.38, 22.46, 18.953, 4960, 4277, 8119, 11284, 6530, 14917, 9659, 17420, 36000, 21071, 1, 1, 423, 640, 1293, 2216, 3582, 3966, 4175, 3944, 10136, 942, 0, 0
15:36:40, 1019.70, 21.37, 22.44, 18.953, 5408, 3928, 7998, 11314, 5995, 14553, 7061, 16942, 36000, 33260, 1, 1, 423, 643, 1296, 2209, 3541, 3911, 4118, 3918, 10061, 950, 0, 0
15:36:40, 1021.80, 21.34, 22.44, 18.953, 5574, 3570, 7822, 8566, 11262, 16224, 16683, 21522, 36000, 23985, 1, 1, 401, 610, 1236, 2110, 3557, 3928, 4144, 3922, 10064, 941, 0, 0
15:36:41, 1020.70, 21.32, 22.46, 18.953, 5490, 5219, 9524, 12620, 8889, 16845, 12453, 19607, 36000, 30132, 1, 1, 429, 653, 1310, 2228, 3501, 3870, 4076, 3863, 9941, 934, 0, 0
15:36:42, 1020.80, 21.31, 22.42, 18.953, 5752, 3745, 7429, 11633, 5424, 17879, 7268, 14557, 36000, 25990, 1, 1, 416, 632, 1277, 2180, 3484, 3857, 4061, 3834, 9838, 917, 0, 0
15:36:42, 1020.80, 21.29, 22.42, 18.945, 5205, 2889, 6727, 7095, 3953, 11336, 5116, 7014, 36000, 11985, 1, 1, 418, 639, 1291, 2204, 3496, 3859, 4065, 3848, 9850, 917, 0, 0
15:36:43, 1020.30, 21.29, 22.42, 18.953, 5532, 2665, 5471, 6875, 3787, 8753, 4586, 6194, 36000, 14083, 1, 1, 439, 668, 1343, 2285, 3781, 4186, 4402, 4159, 10677, 1026, 0, 0
15:36:43, 1020.70, 21.28, 22.44, 18.953, 4025, 3910, 6570, 8186, 5462, 16574, 9639, 14232, 35142, 18352, 0, 1, 395, 597, 1215, 2095, 3561, 3939, 4145, 3924, 9995, 932, 0, 0
15:36:44, 1018.10, 21.26, 22.44, 18.937, 7274, 3820, 7444, 12401, 4379, 15240, 5633, 8430, 36000, 22137, 1, 1, 414, 633, 1270, 2159, 3473, 3831, 4036, 3830, 9775, 934, 0, 0
15:36:45, 1020.30, 21.24, 22.42, 18.945, 6172, 4096, 7025, 10403, 8373, 15749, 17919, 18501, 36000, 22246, 1, 1, 422, 645, 1293, 2194, 3515, 3886, 4090, 3869, 9828, 927, 0, 0
15:36:45, 1024.00, 21.22, 22.46, 18.945, 4668, 3771, 5295, 12010, 4258, 12500, 8228, 9442, 32342, 9631, 0, 0, 400, 608, 1234, 2113, 3354, 3705, 3912, 3697, 9285, 857, 0, 0
15:36:46, 1021.00, 21.20, 22.46, 18.937, 4421, 3746, 5509, 11301, 7584, 13957, 16804, 16176, 36000, 10204, 1, 1, 385, 586, 1193, 2058, 3467, 3830, 4037, 3810, 9473, 877, 0, 0
15:36:47, 1019.70, 21.19, 22.46, 18.937, 5455, 3550, 5303, 12302, 5963, 18564, 18720, 13035, 36000, 8884, 1, 1, 419, 637, 1288, 2207, 3783, 4177, 4399, 4149, 10351, 996, 0, 0
15:36:47, 1020.70, 21.19, 22.49, 18.937, 5267, 6125, 8002, 11406, 8457, 16255, 19401, 13683, 30641, 5686, 0, 0, 406, 616, 1248, 2150, 3655, 4037, 4257, 4008, 9991, 950, 0, 0
15:36:48, 1021.30, 21.18, 22.48, 18.937, 4509, 5341, 6431, 11442, 12305, 17285, 18657, 20127, 34985, 6119, 0, 1, 381, 578, 1173, 2037, 3489, 3859, 4067, 3823, 9547, 898, 0, 0
15:36:49, 1021.60, 21.19, 22.48, 18.937, 3044, 3151, 3762, 9243, 15481, 17403, 17016, 23598, 35763, 11533, 0, 1, 368, 560, 1136, 1971, 3419, 3792, 3991, 3747, 9228, 865, 0, 0
15:36:49, 1022.00, 21.19, 22.44, 18.937, 3865, 3769, 4153, 12064, 4483, 9524, 9147, 7602, 23800, 4357, 0, 0, 382, 585, 1191, 2043, 3356, 3711, 3913, 3697, 9004, 840, 0, 0
15:36:50, 1021.90, 21.18, 22.49, 18.930, 3375, 3993, 4179, 11293, 7420, 13022, 15538, 10953, 25504, 4404, 0, 0, 380, 581, 1185, 2041, 3282, 3621, 3829, 3613, 8868, 826, 0, 0
15:36:51, 1023.50, 21.18, 22.46, 18.930, 2703, 3176, 3446, 9953, 4983, 9083, 12431, 6713, 16773, 3306, 0, 0, 384, 588, 1199, 2059, 3175, 3512, 3706, 3477, 8558, 790, 0, 0
15:36:51, 1019.00, 21.17, 22.48, 18.937, 2189, 2896, 3138, 8615, 9862, 13670, 15717, 15498, 30017, 5186, 0, 0, 357, 549, 1109, 1918, 3203, 3535, 3734, 3512, 8687, 824, 0, 0
15:36:52, 1019.80, 21.16, 22.44, 18.937, 3207, 3680, 3832, 10089, 14081, 17316, 17396, 22601, 31619, 10037, 0, 0, 367, 564, 1142, 1955, 3454, 3813, 4019, 3781, 9318, 888, 0, 0
15:36:53, 1019.70, 21.14, 22.51, 18.937, 4540, 6229, 7415, 11251, 13716, 19296, 20463, 22537, 34655, 7360, 0, 1, 401, 614, 1242, 2119, 3444, 3798, 4007, 3771, 9325, 885, 0, 0
15:36:53, 1020.00, 21.13, 22.49, 18.945, 4597, 4194, 4654, 13279, 4273, 8307, 10827, 5888, 17250, 4277, 0, 0, 410, 627, 1266, 2163, 3444, 3798, 4006, 3777, 9460, 896, 0, 0
15:36:54, 1020.30, 21.13, 22.51, 18.945, 3976, 4303, 4688, 11389, 6779, 14096, 16098, 11545, 32593, 5340, 0, 1, 386, 588, 1194, 2054, 3473, 3837, 4039, 3822, 9569, 896, 0, 0
15:36:55, 1020.20, 21.14, 22.44, 18.945, 5280, 6422, 7685, 11761, 6009, 17603, 17796, 12754, 36000, 8352, 1, 1, 412, 630, 1265, 2154, 3620, 3997, 4210, 3971, 10131, 971, 0, 0
15:36:55, 1020.20, 21.14, 22.46, 18.945, 4819, 5039, 7184, 10099, 9434, 10250, 12564, 15056, 33997, 11796, 0, 1, 376, 572, 1163, 1992, 3286, 3636, 3828, 3599, 9005, 843, 0, 0
15:36:56, 1020.00, 21.12, 22.49, 18.945, 4780, 2827, 4063, 8911, 10615, 12889, 15580, 18171, 33245, 17671, 0, 1, 389, 598, 1205, 2051, 3342, 3681, 3882, 3658, 9298, 878, 0, 0
15:36:57, 1020.20, 21.10, 22.48, 18.945, 5542, 4158, 7084, 13267, 5273, 16070, 13276, 13042, 36000, 13638, 1, 1, 394, 602, 1220, 2086, 3371, 3713, 3911, 3707, 9384, 878, 0, 0
15:36:57, 1020.60, 21.09, 22.48, 18.945, 5012, 2637, 4023, 7316, 4007, 13214, 7955, 7853, 36000, 9881, 1, 1, 420, 640, 1289, 2193, 3476, 3834, 4041, 3810, 9711, 916, 0, 0
15:36:58, 1020.70, 21.09, 22.49, 18.945, 5308, 5332, 8068, 13258, 4323, 14772, 9582, 9461, 36000, 10900, 1, 1, 401, 612, 1235, 2112, 3406, 3764, 3957, 3742, 9514, 886, 0, 0
15:36:59, 1020.40, 21.09, 22.49, 18.945, 5439, 3405, 5930, 11364, 4304, 14834, 6617, 9040, 36000, 15242, 1, 1, 414, 632, 1275, 2180, 3761, 4160, 4375, 4134, 10577, 1012, 0, 0
15:36:59, 1021.00, 21.09, 22.48, 18.945, 4492, 6958, 8454, 11059, 6049, 13039, 10596, 14044, 33520, 16376, 0, 1, 400, 608, 1232, 2114, 3482, 3847, 4046, 3822, 9801, 909, 0, 0
15:37:00, 1019.60, 21.08, 22.46, 18.945, 4795, 5578, 9162, 11791, 4831, 16822, 8017, 13328, 36000, 21361, 1, 1, 394, 601, 1210, 2064, 3411, 3770, 3966, 3751, 9670, 910, 0, 0
15:37:01, 1020.20, 21.07, 22.48, 18.945, 4961, 3354, 8283, 8442, 5891, 15433, 7340, 14593, 35589, 24886, 0, 1, 387, 592, 1196, 2042, 3455, 3823, 4019, 3790, 9755, 913, 0, 0
15:37:01, 1019.60, 21.07, 22.51, 18.945, 5890, 4701, 10108, 11899, 6625, 14263, 7265, 13506, 36000, 29419, 1, 1, 411, 629, 1258, 2134, 3306, 3655, 3843, 3626, 9403, 880, 0, 0
15:37:02, 1021.60, 21.06, 22.49, 18.945, 6142, 2826, 7136, 7459, 3720, 8375, 4141, 5976, 36000, 21235, 1, 1, 399, 611, 1230, 2098, 3298, 3644, 3831, 3620, 9293, 856, 0, 0
15:37:03, 1022.30, 21.06, 22.49, 18.945, 5682, 2879, 8178, 7777, 5544, 13317, 5063, 10014, 36000, 30038, 1, 1, 389, 592, 1196, 2059, 3313, 3665, 3850, 3629, 9359, 852, 0, 0
15:37:03, 1024.10, 21.05, 22.49, 18.945, 5165, 3141, 8178, 7943, 5284, 13759, 5471, 9962, 36000, 26704, 1, 1, 386, 587, 1191, 2044, 3436, 3806, 4003, 3774, 9702, 891, 0, 0
15:37:04, 1023.90, 21.05, 22.49, 18.945, 4281, 3904, 8274, 9677, 6526, 16006, 6167, 12639, 36000, 30175, 1, 1, 385, 581, 1186, 2055, 3359, 3716, 3903, 3678, 9492, 856, 0, 0
15:37:05, 1022.00, 21.05, 22.51, 18.937, 5536, 2988, 8812, 7909, 4085, 8970, 4474, 6672, 36000, 22603, 1, 1, 383, 581, 1184, 2037, 3399, 3761, 3948, 3722, 9684, 883, 0, 0
15:37:05, 1023.40, 21.05, 22.49, 18.937, 4998, 2747, 7832, 7003, 6075, 13674, 5722, 11255, 36000, 26060, 1, 1, 381, 582, 1179, 2021, 3257, 3603, 3785, 3568, 9241, 835, 0, 0
15:37:06, 1021.30, 21.04, 22.53, 18.937, 5826, 3622, 11209, 10788, 6361, 14021, 5609, 11588, 36000, 28954, 1, 1, 379, 580, 1172, 2016, 3217, 3559, 3736, 3526, 9141, 839, 0, 0
15:37:07, 1020.50, 21.03, 22.51, 18.937, 4854, 2870, 7999, 7494, 4469, 10981, 4703, 7496, 36000, 30171, 1, 1, 387, 594, 1197, 2040, 3211, 3542, 3723, 3512, 9099, 837, 0, 0
15:37:07, 1021.00, 21.03, 22.51, 18.945, 5124, 2132, 4499, 4215, 4029, 9926, 4645, 8367, 36000, 24949, 1, 1, 406, 619, 1244, 2120, 3306, 3651, 3833, 3622, 9413, 869, 0, 0
15:37:08, 1022.00, 21.03, 22.49, 18.945, 4599, 2300, 5826, 5072, 4941, 12035, 5159, 9670, 36000, 29375, 1, 1, 377, 573, 1163, 1998, 3341, 3694, 3875, 3667, 9430, 866, 0, 0
15:37:09, 1022.30, 21.03, 22.49, 18.945, 5838, 3720, 9726, 10644, 6384, 14976, 5480, 11774, 36000, 31662, 1, 1, 391, 595, 1207, 2072, 3371, 3727, 3911, 3698, 9519, 875, 0, 0
15:37:09, 1019.60, 21.04, 22.51, 18.953, 5356, 4461, 9765, 10311, 4010, 9800, 4416, 6911, 36000, 19884, 1, 1, 405, 617, 1240, 2117, 3339, 3685, 3870, 3659, 9505, 886, 0, 0
15:37:10, 1019.90, 21.04, 22.55, 18.953, 6376, 4360, 10280, 11638, 4088, 9736, 4466, 7071, 36000, 23594, 1, 1, 392, 602, 1207, 2049, 3128, 3446, 3624, 3440, 8949, 830, 0, 0
15:37:11, 1020.70, 21.03, 22.53, 18.945, 4757, 2125, 4862, 4563, 4846, 12147, 5185, 9176, 36000, 28824, 1, 1, 379, 578, 1173, 1996, 3221, 3547, 3733, 3543, 9145, 841, 0, 0
15:37:11, 1020.70, 21.03, 22.51, 18.953, 4793, 2212, 4643, 4404, 4016, 10270, 4508, 7441, 36000, 18312, 1, 1, 408, 624, 1254, 2116, 3185, 3505, 3691, 3500, 9077, 839, 0, 0
15:37:12, 1020.90, 21.04, 22.53, 18.953, 5608, 2244, 5039, 5440, 3063, 6003, 3617, 4927, 31452, 8233, 0, 0, 419, 640, 1278, 2164, 3140, 3465, 3647, 3449, 8949, 826, 0, 0
15:37:13, 1020.20, 21.04, 22.53, 18.953, 4930, 3895, 8876, 10398, 3856, 8053, 4315, 6148, 36000, 17163, 1, 1, 412, 630, 1267, 2149, 3353, 3694, 3886, 3686, 9578, 895, 0, 0
15:37:13, 1022.10, 21.03, 22.49, 18.953, 5396, 2895, 8778, 7410, 3571, 6916, 4023, 5543, 33369, 14081, 0, 1, 425, 649, 1305, 2210, 3251, 3579, 3771, 3575, 9261, 858, 0, 0
15:37:14, 1023.60, 21.02, 22.51, 18.953, 5865, 3232, 8312, 8767, 3804, 7006, 4309, 5807, 32790, 9756, 0, 1, 391, 594, 1205, 2078, 3221, 3557, 3743, 3545, 9146, 829, 0, 0
15:37:15, 1020.40, 21.01, 22.49, 18.953, 5547, 2896, 8159, 7571, 4154, 8624, 4523, 6553, 36000, 25274, 1, 1, 401, 613, 1231, 2098, 3330, 3678, 3865, 3662, 9492, 880, 0, 0
15:37:15, 1021.40, 21.00, 22.53, 18.953, 6113, 4250, 9658, 11233, 7372, 14313, 5700, 16016, 36000, 33857, 1, 1, 392, 599, 1211, 2074, 3268, 3603, 3788, 3594, 9269, 846, 0, 0
15:37:16, 1022.00, 20.98, 22.53, 18.953, 4612, 2507, 7200, 6254, 4488, 9953, 4434, 7437, 36000, 28302, 1, 1, 403, 613, 1244, 2141, 3357, 3705, 3895, 3663, 9481, 856, 0, 0
15:37:16, 1021.80, 20.97, 22.53, 18.945, 2634, 2038, 3600, 3745, 4060, 9006, 4292, 6385, 36000, 26971, 1, 1, 416, 632, 1282, 2199, 3526, 3896, 4093, 3841, 9947, 908, 0, 0
15:37:17, 1022.40, 20.97, 22.51, 18.945, 2323, 1958, 3154, 3419, 7675, 14223, 5450, 13699, 36000, 30176, 1, 1, 416, 632, 1283, 2205, 3475, 3843, 4035, 3783, 9772, 889, 0, 0
15:37:18, 1023.60, 20.97, 22.55, 18.937, 4685, 2314, 6631, 4608, 4273, 9123, 4359, 6700, 36000, 27685, 1, 1, 400, 609, 1237, 2139, 3395, 3757, 3948, 3712, 9536, 855, 0, 0
15:37:18, 1025.30, 20.96, 22.56, 18.945, 6094, 2934, 8425, 6989, 4774, 10324, 4623, 8386, 36000, 27929, 1, 1, 381, 577, 1183, 2060, 3342, 3694, 3885, 3665, 9431, 839, 0, 0
15:37:19, 1026.70, 20.95, 22.53, 18.945, 4427, 2571, 7180, 6573, 7274, 14728, 6263, 12394, 36000, 25797, 1, 1, 381, 575, 1181, 2046, 3252, 3603, 3787, 3568, 9043, 805, 0, 0
15:37:20, 1028.10, 20.95, 22.53, 18.937, 3629, 3551, 6897, 8902, 5488, 11213, 5745, 8923, 36000, 18315, 1, 1, 373, 558, 1151, 2020, 3306, 3670, 3859, 3619, 9161, 810, 0, 0
15:37:20, 1028.80, 20.95, 22.58, 18.945, 4840, 2773, 6618, 7278, 5740, 12274, 6993, 14160, 35917, 16907, 0, 1, 372, 556, 1155, 2033, 3348, 3714, 3904, 3646, 9218, 816, 0, 0
15:37:21, 1029.80, 20.95, 22.55, 18.945, 5403, 3272, 8347, 9081, 3919, 8358, 4848, 6308, 35657, 6779, 0, 1, 371, 553, 1148, 2030, 3426, 3807, 3999, 3740, 9419, 835, 0, 0
15:37:22, 1029.90, 20.95, 22.56, 18.945, 3570, 2449, 4745, 7105, 4153, 10966, 5115, 7127, 35538, 9625, 0, 1, 376, 558, 1164, 2062, 3517, 3908, 4107, 3850, 9748, 865, 0, 0
15:37:22, 1030.30, 20.95, 22.56, 18.961, 3316, 2183, 4200, 6454, 5559, 12955, 6798, 12793, 36000, 14511, 1, 1, 377, 564, 1169, 2054, 3345, 3718, 3908, 3650, 9237, 816, 0, 0
15:37:23, 1028.30, 20.95, 22.56, 18.961, 4076, 2807, 5987, 7603, 4780, 11669, 5879, 8360, 36000, 9652, 1, 1, 374, 555, 1154, 2036, 3384, 3762, 3949, 3691, 9352, 829, 0, 0
15:37:24, 1028.60, 20.93, 22.55, 18.945, 4387, 4242, 7568, 9404, 4077, 6910, 5171, 6148, 33533, 4956, 0, 1, 378, 566, 1170, 2041, 3348, 3713, 3904, 3670, 9286, 828, 0, 0
15:37:24, 1026.60, 20.91, 22.53, 18.930, 3361, 3031, 5204, 8474, 5880, 12515, 9762, 15802, 35835, 12246, 0, 1, 363, 543, 1126, 1984, 3328, 3696, 3883, 3651, 9152, 817, 0, 0
15:37:25, 1022.90, 20.89, 22.55, 18.930, 4029, 5590, 8047, 11227, 5585, 16796, 9347, 12540, 36000, 14205, 1, 1, 388, 588, 1201, 2073, 3492, 3855, 4062, 3828, 9745, 897, 0, 0
15:37:26, 1024.00, 20.87, 22.56, 18.914, 4579, 3544, 6116, 10379, 9150, 19407, 16622, 22607, 35182, 22894, 0, 1, 409, 621, 1267, 2180, 3534, 3907, 4112, 3865, 9788, 896, 0, 0
15:37:26, 1021.70, 20.85, 22.55, 18.914, 5175, 3234, 5322, 10767, 4813, 14895, 9360, 12179, 36000, 13913, 1, 1, 414, 627, 1278, 2202, 3634, 4013, 4224, 3980, 10154, 938, 0, 0
15:37:27, 1022.20, 20.85, 22.60, 18.914, 4318, 2436, 3996, 7014, 5326, 18326, 9725, 13190, 36000, 18324, 1, 1, 409, 620, 1261, 2176, 3605, 3993, 4196, 3947, 9966, 914, 0, 0
15:37:28, 1021.00, 20.84, 22.55, 18.906, 6472, 4219, 8316, 14176, 5934, 20524, 12141, 16307, 36000, 19617, 1, 1, 410, 620, 1260, 2173, 3645, 4031, 4242, 3989, 10152, 947, 0, 0
15:37:28, 1021.70, 20.84, 22.55, 18.906, 5120, 4421, 9515, 10333, 6364, 19721, 15700, 16671, 36000, 16715, 1, 1, 402, 610, 1247, 2148, 3604, 3988, 4200, 3959, 9925, 925, 0, 0
15:37:29, 1021.90, 20.84, 22.60, 18.906, 5013, 4453, 7514, 11912, 7435, 15455, 15503, 14612, 36000, 11450, 1, 1, 404, 613, 1251, 2158, 3508, 3878, 4090, 3856, 9710, 889, 0, 0
15:37:30, 1022.10, 20.84, 22.60, 18.914, 5049, 3333, 5242, 11248, 6920, 17769, 20999, 16029, 36000, 9846, 1, 1, 406, 618, 1263, 2179, 3636, 4023, 4240, 4003, 9898, 912, 0, 0
15:37:30, 1021.70, 20.85, 22.51, 18.914, 4467, 4925, 5405, 12473, 5629, 13396, 15368, 9768, 29294, 4846, 0, 0, 421, 641, 1306, 2257, 3686, 4072, 4300, 4064, 10011, 931, 0, 0
15:37:31, 1020.90, 20.85, 22.56, 18.922, 3946, 3879, 4229, 12623, 4667, 10115, 12154, 6866, 21059, 4360, 0, 0, 437, 669, 1356, 2334, 3711, 4101, 4329, 4081, 10059, 945, 0, 0
15:37:32, 1020.70, 20.86, 22.55, 18.922, 3526, 3453, 3993, 10802, 4903, 8817, 12291, 6452, 16370, 3614, 0, 0, 416, 630, 1289, 2233, 3561, 3932, 4157, 3912, 9698, 904, 0, 0
15:37:32, 1020.70, 20.86, 22.60, 18.922, 3348, 3353, 3741, 11169, 4706, 10181, 11059, 7656, 24592, 4599, 0, 0, 405, 621, 1256, 2170, 3531, 3906, 4125, 3882, 9620, 890, 0, 0
15:37:33, 1022.20, 20.84, 22.55, 18.930, 3446, 3098, 3964, 10073, 8373, 15674, 19633, 17071, 35815, 8616, 0, 1, 400, 608, 1246, 2166, 3755, 4157, 4388, 4134, 10186, 952, 0, 0
15:37:34, 1020.00, 20.84, 22.56, 18.937, 5555, 5815, 6617, 13251, 9059, 16919, 20496, 16398, 35738, 6799, 0, 1, 431, 655, 1329, 2284, 3871, 4280, 4520, 4262, 10592, 1002, 0, 0
15:37:34, 1019.90, 20.85, 22.63, 18.937, 5094, 5676, 6062, 14299, 11787, 18017, 20662, 19487, 32320, 6527, 0, 0, 441, 669, 1356, 2325, 3715, 4106, 4337, 4097, 10198, 961, 0, 0
15:37:35, 1021.10, 20.85, 22.58, 18.937, 4651, 4213, 4787, 13874, 8134, 15961, 19506, 14692, 35997, 6354, 0, 1, 405, 618, 1256, 2171, 3690, 4080, 4311, 4062, 10150, 945, 0, 0
15:37:36, 1022.40, 20.86, 22.60, 18.937, 3900, 2958, 4063, 10345, 7925, 16641, 16548, 16828, 35877, 15317, 0, 1, 408, 618, 1264, 2181, 3707, 4109, 4333, 4085, 10143, 930, 0, 0
15:37:36, 1023.30, 20.86, 22.60, 18.937, 5088, 5646, 7840, 14246, 7998, 17439, 19723, 17797, 36000, 12903, 1, 1, 414, 623, 1279, 2222, 3819, 4236, 4467, 4210, 10515, 976, 0, 0
15:37:37, 1026.20, 20.87, 22.56, 18.930, 5080, 5085, 8389, 14522, 5838, 17736, 14944, 14705, 36000, 12804, 1, 1, 422, 632, 1301, 2271, 3695, 4110, 4333, 4067, 10159, 917, 0, 0
15:37:38, 1027.50, 20.86, 22.60, 18.937, 3762, 2868, 4501, 9024, 5398, 15442, 12484, 13712, 36000, 12320, 1, 1, 418, 625, 1292, 2265, 3727, 4151, 4372, 4101, 10234, 924, 0, 0
15:37:38, 1022.20, 20.85, 22.58, 18.937, 5188, 3809, 6448, 12700, 5346, 15019, 11114, 12278, 34981, 9500, 0, 1, 424, 632, 1307, 2284, 3847, 4276, 4506, 4239, 10699, 985, 0, 0
15:37:39, 1021.40, 20.83, 22.60, 18.930, 6576, 3467, 7561, 10691, 6272, 18110, 10948, 21470, 36000, 29706, 1, 1, 464, 699, 1418, 2429, 3897, 4331, 4554, 4305, 10894, 1012, 0, 0
15:37:40, 1020.50, 20.80, 22.58, 18.930, 10415, 5262, 15159, 13593, 5182, 11151, 5899, 10050, 35993, 19669, 0, 1, 453, 680, 1381, 2370, 3899, 4322, 4552, 4313, 11037, 1022, 0, 0
15:37:40, 1020.50, 20.79, 22.56, 18.930, 6964, 3419, 10002, 8856, 10230, 20512, 7035, 20034, 36000, 36000, 1, 1, 454, 685, 1384, 2376, 3943, 4384, 4612, 4368, 11218, 1040, 0, 0
15:37:41, 1020.40, 20.79, 22.60, 18.922, 6641, 3496, 10281, 8231, 7530, 14917, 5646, 12370, 36000, 36000, 1, 1, 447, 677, 1371, 2356, 3951, 4391, 4622, 4387, 11298, 1041, 0, 0
15:37:42, 1020.50, 20.79, 22.58, 18.922, 5684, 3038, 8489, 6109, 9505, 15034, 5989, 14228, 36000, 36000, 1, 1, 451, 686, 1381, 2382, 4001, 4441, 4681, 4444, 11487, 1058, 0, 0
15:37:42, 1020.80, 20.79, 22.58, 18.922, 4324, 2503, 6931, 4756, 6086, 10652, 5397, 8923, 36000, 31415, 1, 1, 445, 678, 1367, 2351, 3903, 4331, 4572, 4323, 11294, 1029, 0, 0
15:37:43, 1021.00, 20.79, 22.60, 18.914, 4252, 2379, 5933, 4175, 5386, 9561, 5058, 7981, 36000, 35916, 1, 1, 452, 688, 1378, 2353, 3782, 4191, 4429, 4206, 10948, 1007, 0, 0
15:37:44, 1021.40, 20.78, 22.60, 18.914, 4287, 2385, 5614, 4382, 6047, 9847, 5144, 8711, 36000, 33636, 1, 1, 435, 657, 1332, 2296, 3740, 4141, 4378, 4156, 10772, 980, 0, 0
15:37:44, 1021.80, 20.78, 22.60, 18.891, 4347, 2335, 5405, 4141, 5345, 9004, 4581, 7549, 36000, 34568, 1, 1, 465, 706, 1416, 2418, 3804, 4218, 4456, 4218, 10935, 997, 0, 0
15:37:45, 1026.20, 20.79, 22.61, 18.883, 5215, 2981, 8678, 6070, 6251, 10382, 5202, 8889, 36000, 32641, 1, 1, 434, 656, 1330, 2301, 3755, 4177, 4411, 4160, 10756, 967, 0, 0
15:37:46, 1032.30, 20.78, 22.61, 18.883, 4808, 2837, 8323, 5923, 14568, 15322, 9059, 17269, 36000, 30309, 1, 1, 398, 592, 1228, 2180, 3677, 4102, 4334, 4069, 10414, 905, 0, 0
15:37:46, 1041.40, 20.76, 22.60, 18.898, 3213, 2287, 5303, 4908, 7693, 9919, 5920, 11996, 36000, 17770, 1, 1, 367, 531, 1130, 2056, 3488, 3931, 4148, 3847, 9629, 819, 0, 0
15:37:47, 1048.20, 20.76, 22.56, 18.898, 3124, 2051, 5460, 5154, 5547, 8429, 5967, 8582, 35917, 9133, 0, 1, 341, 481, 1044, 1946, 3389, 3846, 4055, 3744, 9233, 782, 0, 0
15:37:48, 1054.10, 20.75, 22.58, 18.898, 2139, 1656, 3905, 4534, 5561, 9187, 6456, 9026, 35306, 6536, 0, 1, 310, 419, 925, 1783, 3250, 3711, 3914, 3584, 8747, 733, 0, 0
15:37:48, 1058.90, 20.74, 22.61, 18.875, 1764, 1644, 3344, 4567, 4606, 7308, 5826, 7417, 29959, 3179, 0, 0, 293, 389, 865, 1687, 3092, 3548, 3743, 3428, 8258, 693, 0, 0
15:37:49, 1066.60, 20.74, 22.60, 18.867, 2400, 2037, 4598, 6382, 6273, 9179, 8430, 11462, 33235, 3858, 0, 1, 263, 341, 770, 1529, 2838, 3277, 3466, 3168, 7530, 629, 0, 0
15:37:50, 1074.50, 20.73, 22.61, 18.867, 1733, 1676, 3550, 5637, 6255, 9868, 9052, 11539, 32672, 3131, 0, 1, 236, 297, 675, 1366, 2576, 3000, 3187, 2915, 6810, 569, 0, 0
15:37:50, 1080.10, 20.72, 22.65, 18.844, 1598, 1860, 3601, 6408, 5896, 7878, 8813, 9735, 24338, 2013, 0, 0, 223, 274, 624, 1283, 2461, 2891, 3081, 2812, 6446, 539, 0, 0
15:37:51, 1083.50, 20.71, 22.63, 18.844, 1125, 1560, 2917, 5077, 5235, 6635, 7684, 7947, 17795, 1331, 0, 0, 215, 260, 592, 1229, 2383, 2815, 3003, 2738, 6180, 520, 0, 0
15:37:51, 1089.40, 20.70, 22.60, 18.844, 833, 1203, 2209, 4008, 5677, 7597, 9199, 8785, 17068, 1196, 0, 0, 211, 251, 573, 1202, 2361, 2803, 2998, 2736, 6085, 515, 0, 0
15:37:52, 1092.80, 20.69, 22.63, 18.844, 831, 1225, 2200, 4406, 4709, 5672, 6924, 6765, 12069, 862, 0, 0, 201, 233, 532, 1134, 2277, 2718, 2916, 2661, 5830, 492, 0, 0
15:37:53, 1098.10, 20.69, 22.63, 18.844, 633, 971, 1862, 3428, 4274, 5157, 6378, 5916, 10433, 776, 0, 0, 200, 231, 525, 1122, 2212, 2648, 2858, 2612, 5676, 480, 0, 0
15:37:53, 1105.10, 20.68, 22.60, 18.844, 577, 864, 1675, 3246, 4405, 5486, 7038, 6274, 10351, 751, 0, 0, 188, 211, 479, 1039, 2069, 2498, 2715, 2489, 5318, 450, 0, 0
15:37:54, 1111.50, 20.68, 22.63, 18.805, 538, 818, 1656, 3081, 3887, 4633, 5675, 5409, 9292, 670, 0, 0, 175, 193, 434, 951, 1916, 2338, 2561, 2358, 4969, 421, 0, 0
15:37:55, 1116.00, 20.68, 22.65, 18.805, 456, 680, 1385, 2651, 4476, 5409, 6724, 6460, 9653, 678, 0, 0, 165, 180, 402, 886, 1820, 2235, 2454, 2276, 4744, 402, 0, 0
15:37:55, 1119.90, 20.67, 22.60, 18.750, 461, 690, 1429, 2708, 3872, 4600, 5689, 5385, 8231, 597, 0, 0, 163, 176, 388, 859, 1765, 2181, 2406, 2251, 4604, 392, 0, 0
15:37:56, 1125.00, 20.65, 22.63, 18.641, 387, 582, 1237, 2347, 3561, 4231, 5188, 4950, 7726, 555, 0, 0, 157, 168, 368, 818, 1718, 2137, 2376, 2239, 4510, 385, 0, 0
15:37:57, 1129.00, 20.63, 22.67, 18.641, 357, 525, 1102, 2183, 3766, 4574, 5726, 5400, 7679, 543, 0, 0, 149, 159, 345, 771, 1665, 2081, 2331, 2207, 4419, 378, 0, 0
15:37:57, 1132.70, 20.61, 22.60, 18.500, 357, 523, 1100, 2192, 3440, 4116, 5111, 4846, 7011, 505, 0, 0, 146, 155, 335, 747, 1580, 1978, 2219, 2111, 4187, 362, 0, 0
15:37:58, 1140.40, 20.59, 22.65, 18.391, 317, 452, 945, 1966, 3097, 3744, 4731, 4362, 6078, 441, 0, 0, 141, 149, 316, 704, 1474, 1860, 2133, 2046, 3997, 349, 0, 0
15:37:59, 1146.50, 20.57, 22.67, 18.391, 279, 397, 859, 1746, 2713, 3202, 3983, 3674, 5431, 394, 0, 0, 128, 133, 279, 616, 1243, 1570, 1822, 1757, 3468, 310, 0, 0
15:37:59, 1152.10, 20.55, 22.63, 18.297, 245, 349, 759, 1566, 2665, 3139, 3936, 3649, 4994, 362, 0, 0, 82, 83, 168, 376, 598, 776, 894, 876, 1842, 182, 0, 0
15:38:00, 1153.80, 20.52, 22.65, 18.266, 222, 316, 688, 1437, 2192, 2555, 3254, 2911, 3852, 283, 0, 0, 25, 24, 47, 105, 267, 352, 399, 391, 840, 88, 0, 0
15:38:01, 1153.00, 20.49, 22.61, 18.266, 174, 238, 527, 1109, 2149, 2526, 3136, 2839, 4116, 301, 0, 0, 33, 32, 63, 142, 277, 358, 407, 400, 899, 95, 0, 0
15:38:01, 1153.00, 20.48, 22.65, 18.234, 221, 310, 686, 1412, 2446, 2870, 3596, 3284, 4532, 331, 0, 0, 40, 39, 78, 175, 329, 431, 493, 480, 1060, 111, 0, 0
15:38:02, 1153.70, 20.47, 22.65, 18.250, 219, 309, 667, 1414, 2234, 2650, 3314, 2991, 4286, 313, 0, 0, 37, 36, 72, 160, 362, 474, 547, 535, 1203, 125, 0, 0
15:38:03, 1153.50, 20.46, 22.61, 18.250, 203, 279, 616, 1288, 2136, 2521, 3067, 2820, 4256, 310, 0, 0, 35, 33, 66, 147, 325, 426, 492, 482, 1086, 114, 0, 0
15:38:03, 1154.00, 20.46, 22.67, 18.227, 191, 263, 583, 1219, 1910, 2256, 2789, 2476, 3833, 283, 0, 0, 40, 38, 76, 169, 402, 530, 608, 598, 1316, 136, 0, 0
15:38:04, 1155.30, 20.47, 22.65, 18.227, 166, 223, 497, 1043, 1646, 1962, 2402, 2109, 3509, 263, 0, 0, 58, 57, 114, 251, 669, 862, 1011, 991, 2167, 216, 0, 0
15:38:05, 1155.90, 20.48, 22.67, 18.227, 82, 99, 227, 485, 673, 817, 905, 820, 1664, 135, 0, 0, 147, 153, 318, 698, 1369, 1743, 2078, 2034, 4336, 394, 0, 0
15:38:05, 1156.70, 20.48, 22.65, 18.227, 91, 108, 247, 527, 767, 934, 1046, 937, 1965, 160, 0, 0, 167, 174, 362, 793, 1756, 2242, 2646, 2596, 5473, 491, 0, 0
15:38:06, 1153.20, 20.47, 22.65, 18.227, 102, 122, 276, 583, 1495, 1821, 2123, 1937, 3606, 275, 0, 0, 35, 33, 66, 148, 150, 195, 222, 210, 443, 44, 0, 0
15:38:07, 1152.80, 20.45, 22.65, 18.219, 222, 298, 657, 1374, 2181, 2659, 3159, 2948, 4973, 362, 0, 0, 42, 40, 78, 176, 298, 395, 451, 450, 998, 110, 0, 0
15:38:07, 1153.70, 20.44, 22.63, 18.219, 198, 253, 568, 1193, 1817, 2242, 2620, 2413, 4415, 329, 0, 0, 22, 20, 39, 86, 266, 357, 409, 404, 867, 98, 0, 0
15:38:08, 1153.30, 20.43, 22.63, 18.219, 194, 234, 535, 1097, 1885, 2364, 2646, 2529, 5229, 392, 0, 0, 28, 26, 50, 112, 207, 276, 315, 312, 700, 80, 0, 0
15:38:09, 1153.80, 20.43, 22.65, 18.211, 216, 266, 606, 1247, 1906, 2345, 2655, 2531, 5107, 383, 0, 0, 32, 29, 56, 125, 331, 441, 507, 504, 1116, 124, 0, 0
15:38:09, 1153.80, 20.44, 22.63, 18.211, 164, 195, 448, 913, 1470, 1844, 2023, 1939, 4324, 339, 0, 0, 57, 55, 108, 242, 406, 535, 619, 609, 1333, 144, 0, 0
15:38:10, 1154.30, 20.45, 22.65, 18.211, 207, 235, 532, 1113, 1669, 2129, 2367, 2253, 4756, 362, 0, 0, 41, 38, 74, 167, 446, 591, 683, 669, 1428, 151, 0, 0
15:38:11, 1154.60, 20.45, 22.65, 18.211, 129, 153, 355, 723, 1158, 1438, 1569, 1492, 3406, 271, 0, 0, 76, 75, 149, 332, 699, 905, 1073, 1045, 2249, 227, 0, 0
15:38:11, 1154.90, 20.46, 22.67, 18.211, 135, 159, 367, 748, 1244, 1563, 1702, 1627, 3693, 293, 0, 0, 72, 70, 138, 308, 690, 895, 1061, 1035, 2209, 223, 0, 0
15:38:12, 1155.00, 20.47, 22.61, 18.211, 92, 107, 247, 509, 719, 889, 973, 910, 2145, 174, 0, 0, 134, 138, 277, 611, 1093, 1400, 1664, 1628, 3417, 327, 0, 0
15:38:13, 1153.50, 20.47, 22.67, 18.219, 162, 186, 432, 869, 1759, 2258, 2412, 2398, 5691, 442, 0, 0, 21, 19, 37, 83, 127, 173, 201, 187, 375, 38, 0, 0
15:38:13, 1153.60, 20.46, 22.67, 18.219, 234, 264, 610, 1237, 1925, 2437, 2627, 2615, 6099, 474, 0, 0, 32, 30, 57, 128, 338, 461, 534, 521, 1170, 127, 0, 0
15:38:14, 1153.60, 20.45, 22.68, 18.219, 213, 245, 575, 1145, 1946, 2448, 2618, 2622, 6378, 497, 0, 0, 28, 25, 49, 110, 211, 289, 336, 317, 710, 77, 0, 0
15:38:15, 1153.70, 20.44, 22.67, 18.203, 213, 239, 563, 1124, 1731, 2184, 2319, 2302, 5749, 453, 0, 0, 41, 38, 74, 166, 370, 505, 576, 565, 1276, 135, 0, 0
15:38:15, 1152.70, 20.44, 22.67, 18.211, 250, 275, 644, 1286, 2321, 2928, 3184, 3270, 7539, 590, 0, 0, 41, 39, 75, 169, 329, 446, 514, 500, 1109, 118, 0, 0
15:38:16, 1147.70, 20.44, 22.63, 18.211, 259, 287, 678, 1337, 2254, 2872, 3037, 3155, 7864, 627, 0, 0, 115, 118, 243, 537, 1267, 1595, 1872, 1817, 3704, 330, 0, 0
15:38:17, 1141.90, 20.42, 22.68, 18.211, 318, 343, 807, 1556, 2505, 3233, 3343, 3599, 9386, 774, 0, 0, 139, 145, 305, 676, 1450, 1825, 2100, 2021, 4040, 352, 0, 0
15:38:17, 1132.90, 20.39, 22.67, 18.211, 346, 374, 887, 1655, 2755, 3538, 3648, 3992, 10697, 904, 0, 0, 146, 154, 330, 738, 1580, 1965, 2238, 2117, 4384, 375, 0, 0
15:38:18, 1127.10, 20.36, 22.65, 18.211, 393, 443, 1046, 1868, 3135, 3980, 4004, 4543, 13202, 1195, 0, 0, 147, 158, 343, 765, 1629, 2012, 2270, 2122, 4543, 385, 0, 0
15:38:19, 1128.80, 20.33, 22.63, 18.211, 441, 461, 1118, 1913, 3293, 3994, 4190, 4652, 13452, 1199, 0, 0, 148, 158, 344, 769, 1628, 2012, 2274, 2132, 4541, 386, 0, 0
15:38:19, 1128.30, 20.30, 22.68, 18.211, 390, 450, 1079, 1879, 3174, 3880, 3986, 4450, 13732, 1273, 0, 0, 147, 157, 343, 765, 1638, 2021, 2284, 2138, 4544, 385, 0, 0
15:38:20, 1128.10, 20.29, 22.68, 18.219, 421, 469, 1127, 1931, 3044, 3665, 3759, 4239, 13541, 1276, 0, 0, 154, 165, 359, 803, 1657, 2043, 2299, 2150, 4551, 387, 0, 0
15:38:21, 1126.90, 20.29, 22.61, 18.227, 390, 445, 1078, 1830, 3003, 3650, 3636, 4156, 14353, 1406, 0, 0, 158, 170, 370, 826, 1728, 2131, 2399, 2247, 4766, 405, 0, 0
15:38:21, 1127.50, 20.30, 22.65, 18.227, 400, 451, 1104, 1833, 3061, 3539, 3721, 4125, 14819, 1473, 0, 0, 158, 170, 372, 832, 1766, 2179, 2453, 2297, 4882, 415, 0, 0
15:38:22, 1128.80, 20.30, 22.68, 18.227, 410, 471, 1153, 1897, 3156, 3568, 3873, 4190, 15621, 1589, 0, 0, 155, 166, 363, 811, 1708, 2106, 2378, 2223, 4724, 400, 0, 0
15:38:23, 1129.80, 20.30, 22.67, 18.234, 345, 435, 1038, 1771, 2935, 3246, 3687, 3803, 14178, 1407, 0, 0, 154, 164, 359, 798, 1662, 2051, 2318, 2169, 4624, 390, 0, 0
15:38:23, 1129.90, 20.31, 22.68, 18.234, 331, 417, 1008, 1721, 2827, 3068, 3581, 3584, 13813, 1379, 0, 0, 148, 158, 345, 766, 1646, 2029, 2306, 2155, 4657, 392, 0, 0
15:38:24, 1130.10, 20.32, 22.70, 18.234, 357, 439, 1074, 1784, 3284, 3503, 4278, 4260, 16855, 1695, 0, 0, 145, 154, 337, 745, 1601, 1977, 2246, 2107, 4567, 383, 0, 0
15:38:25, 1131.00, 20.33, 22.65, 18.234, 332, 438, 1046, 1802, 3144, 3374, 4125, 4057, 15734, 1570, 0, 0, 144, 153, 334, 739, 1588, 1966, 2239, 2106, 4529, 379, 0, 0
15:38:25, 1134.50, 20.33, 22.68, 18.234, 318, 430, 1018, 1800, 3064, 3265, 4050, 3924, 15222, 1516, 0, 0, 137, 146, 316, 699, 1510, 1874, 2152, 2028, 4340, 363, 0, 0
15:38:26, 1134.30, 20.32, 22.68, 18.227, 303, 414, 973, 1753, 2824, 3065, 3724, 3604, 13359, 1296, 0, 0, 139, 147, 319, 707, 1507, 1862, 2133, 2006, 4291, 360, 0, 0
15:38:27, 1134.40, 20.32, 22.68, 18.227, 309, 403, 974, 1691, 2858, 3040, 3792, 3629, 13775, 1339, 0, 0, 140, 148, 321, 713, 1534, 1894, 2162, 2036, 4356, 364, 0, 0
15:38:27, 1132.90, 20.33, 22.67, 18.227, 312, 414, 1000, 1738, 3022, 3112, 4073, 3776, 14864, 1459, 0, 0, 138, 147, 321, 712, 1559, 1927, 2183, 2050, 4371, 367, 0, 0
15:38:28, 1138.50, 20.33, 22.68, 18.219, 275, 384, 913, 1633, 2837, 2989, 3808, 3515, 13711, 1376, 0, 0, 141, 150, 326, 726, 1549, 1919, 2189, 2059, 4305, 363, 0, 0
15:38:29, 1142.40, 20.31, 22.68, 18.219, 252, 338, 812, 1481, 2672, 2856, 3601, 3359, 12726, 1242, 0, 0, 134, 143, 303, 680, 1486, 1854, 2150, 2045, 4129, 349, 0, 0
15:38:29, 1142.10, 20.28, 22.68, 18.219, 254, 327, 790, 1433, 2529, 2771, 3315, 3213, 11788, 1139, 0, 0, 135, 144, 305, 684, 1481, 1850, 2145, 2053, 4117, 346, 0, 0
15:38:30, 1130.90, 20.27, 22.70, 18.211, 268, 336, 819, 1445, 2574, 2798, 3333, 3257, 12348, 1225, 0, 0, 149, 159, 345, 767, 1653, 2046, 2316, 2177, 4588, 387, 0, 0
15:38:31, 1126.60, 20.24, 22.68, 18.211, 313, 415, 997, 1697, 3130, 3209, 4137, 3891, 15990, 1656, 0, 0, 150, 160, 354, 783, 1651, 2029, 2276, 2123, 4572, 385, 0, 0
15:38:31, 1118.40, 20.22, 22.68, 18.211, 335, 479, 1115, 1930, 3347, 3416, 4496, 4194, 17025, 1716, 0, 0, 159, 172, 382, 841, 1759, 2145, 2374, 2202, 4805, 404, 0, 0
15:38:32, 1111.00, 20.22, 22.68, 18.211, 355, 528, 1213, 2051, 3637, 3530, 5004, 4387, 19874, 2192, 0, 0, 165, 181, 407, 894, 1892, 2287, 2513, 2321, 5120, 429, 0, 0
15:38:32, 1102.40, 20.21, 22.68, 18.211, 373, 599, 1324, 2246, 3675, 3557, 5096, 4346, 19512, 2150, 0, 0, 175, 198, 448, 975, 2011, 2403, 2616, 2399, 5355, 447, 0, 0
15:38:33, 1095.00, 20.21, 22.72, 18.219, 416, 707, 1506, 2533, 4356, 3991, 6334, 4989, 24068, 2808, 0, 0, 187, 217, 494, 1060, 2134, 2522, 2734, 2494, 5597, 466, 0, 0
15:38:34, 1088.30, 20.21, 22.70, 18.227, 440, 794, 1615, 2799, 4562, 4300, 7048, 5314, 26216, 2921, 0, 0, 190, 226, 515, 1091, 2175, 2548, 2746, 2497, 5650, 470, 0, 0
15:38:34, 1082.80, 20.22, 22.68, 18.227, 527, 1026, 1981, 3663, 4766, 4603, 7234, 5659, 25638, 2794, 0, 0, 201, 245, 559, 1167, 2296, 2668, 2866, 2606, 5928, 493, 0, 0
15:38:35, 1079.50, 20.23, 22.68, 18.242, 470, 882, 1659, 2943, 4747, 4366, 7295, 5256, 25304, 2883, 0, 0, 209, 259, 589, 1218, 2357, 2727, 2924, 2660, 6083, 508, 0, 0
15:38:36, 1068.50, 20.24, 22.67, 18.297, 530, 1012, 1812, 3394, 4906, 4585, 8628, 5508, 30474, 3197, 0, 0, 225, 286, 650, 1320, 2593, 2965, 3167, 2890, 6716, 563, 0, 0
15:38:36, 1062.20, 20.25, 22.68, 18.297, 704, 1342, 2243, 4231, 4476, 4582, 7339, 5385, 25343, 2627, 0, 0, 240, 317, 714, 1407, 2604, 2957, 3150, 2885, 6656, 562, 0, 0
15:38:37, 1057.80, 20.26, 22.65, 18.445, 812, 1496, 2355, 4837, 5216, 6156, 9010, 6534, 28601, 2670, 0, 0, 248, 335, 749, 1455, 2642, 2990, 3177, 2914, 6696, 568, 0, 0
15:38:38, 1050.90, 20.27, 22.68, 18.547, 971, 1545, 2359, 5310, 4940, 6348, 9200, 6484, 26937, 2331, 0, 0, 260, 355, 788, 1519, 2814, 3170, 3362, 3102, 7155, 615, 0, 0
15:38:38, 1040.00, 20.28, 22.68, 18.547, 997, 1622, 2443, 4607, 4103, 5203, 7849, 5233, 24559, 2569, 0, 0, 313, 449, 967, 1796, 3187, 3554, 3765, 3489, 8178, 722, 0, 0
15:38:39, 1031.50, 20.30, 22.70, 18.641, 1008, 1616, 2252, 4379, 4218, 5064, 7537, 5398, 27500, 3837, 0, 0, 356, 526, 1108, 2003, 3436, 3801, 4039, 3754, 9007, 811, 0, 0
15:38:40, 1026.50, 20.31, 22.68, 18.695, 1343, 2150, 2716, 6089, 4510, 5356, 9284, 5460, 35551, 5821, 0, 1, 377, 573, 1186, 2088, 3496, 3844, 4099, 3849, 9429, 873, 0, 0
15:38:40, 1024.80, 20.33, 22.70, 18.695, 1451, 2698, 3112, 8709, 7777, 7570, 15828, 6815, 36000, 16553, 1, 1, 386, 591, 1214, 2124, 3551, 3901, 4160, 3901, 9847, 909, 0, 0
15:38:41, 1023.30, 20.34, 22.72, 18.734, 1371, 2987, 3406, 7743, 8401, 4957, 16866, 6090, 36000, 30678, 1, 1, 412, 636, 1293, 2240, 3796, 4172, 4452, 4186, 10825, 998, 0, 0
15:38:42, 1019.50, 20.36, 22.70, 18.812, 1458, 2718, 4216, 5898, 8229, 4211, 13537, 5650, 36000, 36000, 1, 1, 459, 716, 1428, 2456, 4038, 4438, 4728, 4466, 11797, 1112, 0, 0
15:38:42, 1019.60, 20.38, 22.70, 18.812, 2388, 2984, 8261, 5117, 9645, 4124, 12065, 5868, 36000, 36000, 1, 1, 472, 738, 1463, 2502, 3919, 4315, 4595, 4359, 11530, 1079, 0, 0
15:38:43, 1019.70, 20.39, 22.68, 18.844, 2309, 2230, 4689, 3459, 10405, 8203, 10825, 11919, 36000, 36000, 1, 1, 483, 748, 1486, 2550, 3844, 4241, 4506, 4272, 11306, 1039, 0, 0
15:38:44, 1013.20, 20.41, 22.74, 18.875, 2805, 2339, 4512, 3699, 9976, 8312, 6068, 10196, 36000, 36000, 1, 1, 458, 703, 1385, 2327, 4215, 4602, 4966, 4758, 13494, 1937, 0, 0
15:38:44, 1013.10, 20.41, 22.72, 18.875, 6173, 3953, 10280, 7696, 12706, 19597, 8620, 21471, 36000, 36000, 1, 1, 1979, 2776, 4852, 5661, 8077, 8625, 10168, 10650, 34215, 9538, 0, 1
15:38:45, 1012.70, 20.40, 22.70, 18.906, 6527, 7527, 10405, 16071, 5992, 18220, 17686, 12484, 36000, 10641, 1, 1, 2168, 3122, 5139, 6380, 8262, 8068, 10335, 9626, 28130, 12130, 0, 0
15:38:46, 1012.80, 20.40, 22.72, 19.000, 2372, 5783, 5302, 11862, 17226, 19592, 28516, 17911, 14524, 5712, 0, 0, 2958, 5340, 6653, 9948, 15228, 17633, 20950, 26104, 36000, 26831, 1, 1
15:38:46, 1013.00, 20.40, 22.74, 19.000, 1538, 1773, 2656, 2780, 2913, 3186, 3475, 4168, 11419, 7007, 0, 0, 4330, 7148, 9698, 13342, 16361, 17827, 21972, 25698, 36000, 35895, 1, 1
15:38:47, 1013.10, 20.44, 22.77, 18.969, 3540, 3233, 3950, 10697, 3520, 3995, 5365, 5082, 22479, 8798, 0, 0, 3542, 5048, 7696, 9598, 14286, 14405, 18501, 20418, 36000, 29271, 1, 1
15:38:48, 1012.70, 20.47, 22.79, 18.969, 2044, 3079, 3417, 9843, 4363, 6195, 10881, 5912, 33607, 9546, 0, 1, 4190, 6021, 9134, 10706, 15098, 16402, 19964, 23744, 36000, 35989, 1, 1
15:38:48, 1012.90, 20.45, 22.72, 18.977, 2129, 2925, 3339, 9453, 4134, 5392, 7890, 5743, 28387, 9414, 0, 0, 5204, 8841, 11686, 15520, 25701, 30047, 33065, 36000, 36000, 27658, 1, 1
