Secchi Depth (cm) = 0108
Forel Ule Scale = 14
pH Colour Scale = 99
SensingSecchi S/N = A016
Latitude (degs N) = 34.13993
Longitude (degs E) = -77.86250
Date = 2026-03-13
Time (UTC), Pressure (mbar) MS5803, Temp (deg C) MS5803, Temp (deg C) 10KTHERM, Temp (deg C) TMP117, ED 415nm, ED 445nm, ED 480nm, ED 515nm, ED 555nm, ED 590nm, ED 630nm, ED 680nm, ED Clear, ED NIR, ED D-SAT, ED A-SAT, EU 415nm, EU 445nm, EU 480nm, EU 515nm, EU 555nm, EU 590nm, EU 630nm, EU 680nm, EU Clear, EU NIR, EU D-SAT, EU A-SAT
18:51:24, 1015.30, 18.50, 21.59, 14.656, 6482, 5064, 9001, 8896, 9525, 13768, 10187, 14809, 36000, 36000, 1, 1, 7833, 11648, 16221, 18677, 22044, 24028, 28976, 36000, 36000, 36000, 1, 1
18:51:24, 1015.50, 18.51, 21.63, 14.656, 6495, 5076, 9001, 8923, 9547, 13798, 10215, 14850, 36000, 36000, 1, 1, 6831, 10459, 14237, 16836, 20655, 22003, 27104, 34179, 36000, 36000, 1, 1
18:51:25, 1015.00, 18.51, 21.57, 14.578, 5596, 4807, 7917, 9225, 7658, 12313, 9702, 12629, 36000, 26632, 1, 1, 1679, 2557, 3024, 3636, 441, 611, 1291, 2259, 6227, 5481, 0, 0
18:51:26, 1015.90, 18.53, 21.57, 14.484, 13151, 21167, 31284, 32966, 36000, 36000, 36000, 36000, 36000, 30960, 1, 1, 3459, 5085, 6957, 8856, 29220, 32050, 33661, 35880, 36000, 36000, 1, 1
18:51:26, 1020.80, 18.57, 21.57, 14.484, 2266, 4106, 5160, 7695, 12876, 11455, 18241, 16533, 16579, 7141, 0, 0, 1638, 2638, 3913, 5277, 7779, 8245, 9575, 9197, 23893, 12218, 0, 0
18:51:27, 1021.20, 18.44, 21.59, 14.563, 3272, 3396, 5981, 6414, 5937, 7286, 7563, 9164, 34291, 8993, 0, 1, 568, 870, 1815, 3144, 4899, 5338, 5570, 5257, 13460, 1185, 0, 0
18:51:28, 1019.30, 18.27, 21.57, 15.305, 7923, 4114, 11693, 11635, 7450, 24425, 9784, 22302, 36000, 36000, 1, 1, 549, 848, 1742, 2986, 4734, 5162, 5363, 5093, 13095, 1202, 0, 0
18:51:28, 1022.40, 18.14, 21.56, 15.305, 4822, 5745, 7434, 11400, 4381, 8120, 6624, 7791, 28775, 11330, 0, 0, 492, 755, 1581, 2728, 4111, 4507, 4674, 4437, 11274, 1012, 0, 0
18:51:29, 1021.90, 18.06, 21.59, 15.555, 6573, 6434, 9143, 15212, 11117, 14787, 16724, 19964, 35688, 22538, 0, 1, 468, 715, 1489, 2582, 4066, 4462, 4632, 4400, 11087, 1051, 0, 0
18:51:30, 1024.40, 18.00, 21.57, 15.664, 6933, 11150, 11290, 19851, 17388, 21507, 19462, 29727, 36000, 17081, 1, 1, 466, 716, 1498, 2618, 4299, 4701, 4895, 4630, 11391, 1051, 0, 0
18:51:30, 1036.60, 17.95, 21.56, 15.664, 2402, 2835, 2988, 9217, 4100, 6303, 8367, 5690, 15091, 2971, 0, 0, 460, 704, 1508, 2685, 4099, 4509, 4713, 4440, 10517, 897, 0, 0
18:51:31, 1035.30, 17.91, 21.59, 15.695, 6577, 8762, 11835, 17886, 17990, 18980, 23737, 28108, 36000, 14103, 1, 1, 432, 655, 1418, 2547, 4257, 4684, 4909, 4615, 11095, 939, 0, 0
18:51:32, 1028.90, 17.88, 21.56, 15.664, 5011, 8909, 12015, 13975, 16463, 19441, 19024, 24110, 35924, 10472, 0, 1, 478, 738, 1565, 2760, 4576, 5008, 5231, 4926, 12007, 1046, 0, 0
18:51:32, 1025.40, 17.84, 21.52, 15.664, 2866, 3747, 4059, 10498, 9387, 13581, 20141, 12419, 28227, 5426, 0, 0, 523, 812, 1703, 2966, 4836, 5267, 5508, 5198, 12815, 1142, 0, 0
18:51:33, 1022.80, 17.82, 21.52, 15.633, 3153, 3652, 3891, 11499, 9433, 14807, 23206, 12607, 32807, 6681, 0, 1, 532, 827, 1727, 3002, 4864, 5292, 5530, 5216, 12892, 1161, 0, 0
18:51:34, 1024.40, 17.79, 21.52, 15.602, 4868, 6252, 6064, 15414, 17045, 24567, 24653, 27792, 36000, 11249, 1, 1, 499, 776, 1629, 2845, 4692, 5121, 5344, 5043, 12327, 1091, 0, 0
18:51:34, 1023.10, 17.78, 21.56, 15.602, 4974, 6341, 6274, 14930, 14447, 22666, 25616, 21499, 36000, 9457, 1, 1, 509, 791, 1653, 2881, 4697, 5120, 5339, 5040, 12435, 1107, 0, 0
18:51:35, 1023.70, 17.77, 21.54, 15.594, 6670, 9387, 11836, 15992, 18098, 25021, 24738, 30019, 36000, 11565, 1, 1, 504, 781, 1638, 2856, 4675, 5102, 5317, 5025, 12389, 1101, 0, 0
18:51:36, 1023.70, 17.77, 21.51, 15.594, 7189, 9503, 14500, 15904, 17762, 26549, 25929, 33121, 36000, 12817, 1, 1, 504, 780, 1637, 2858, 4637, 5060, 5271, 4980, 12291, 1093, 0, 0
18:51:36, 1023.20, 17.77, 21.49, 15.609, 6642, 9194, 12922, 15658, 17045, 24757, 25156, 28307, 36000, 10105, 1, 1, 505, 782, 1643, 2865, 4642, 5063, 5278, 4983, 12267, 1091, 0, 0
18:51:37, 1023.70, 17.78, 21.51, 15.617, 5576, 8424, 8595, 17739, 12278, 19879, 27360, 17522, 36000, 8547, 1, 1, 520, 806, 1691, 2943, 4711, 5141, 5359, 5056, 12345, 1094, 0, 0
18:51:37, 1022.90, 17.78, 21.52, 15.617, 5021, 7196, 6895, 18006, 8752, 16408, 25025, 12742, 32672, 7400, 0, 1, 527, 818, 1714, 2982, 4678, 5099, 5318, 5022, 12286, 1094, 0, 0
18:51:38, 1023.70, 17.78, 21.52, 15.633, 5096, 7705, 7081, 17999, 7882, 17469, 23616, 12807, 34332, 7737, 0, 1, 517, 803, 1680, 2923, 4546, 4962, 5174, 4881, 11962, 1057, 0, 0
18:51:39, 1023.50, 17.78, 21.49, 15.633, 4309, 5904, 5713, 17039, 11333, 19147, 26789, 16772, 35758, 7544, 0, 1, 500, 776, 1629, 2840, 4541, 4954, 5166, 4872, 11911, 1056, 0, 0
18:51:39, 1023.40, 17.78, 21.52, 15.633, 4485, 6626, 6005, 18187, 12182, 20081, 24312, 18097, 36000, 8007, 1, 1, 499, 776, 1628, 2840, 4612, 5031, 5245, 4948, 12025, 1070, 0, 0
18:51:40, 1023.10, 17.78, 21.47, 15.633, 4440, 6689, 5585, 16928, 14720, 18501, 24712, 20001, 36000, 8079, 1, 1, 490, 764, 1604, 2804, 4581, 4998, 5215, 4915, 11909, 1055, 0, 0
18:51:41, 1023.00, 17.79, 21.52, 15.641, 5009, 5785, 5422, 14213, 16511, 16863, 29908, 18276, 32599, 7505, 0, 1, 489, 765, 1605, 2804, 4518, 4928, 5139, 4844, 11628, 1030, 0, 0
18:51:41, 1021.10, 17.80, 21.51, 15.641, 4667, 5821, 5592, 13585, 16855, 23548, 28697, 18815, 25365, 6842, 0, 0, 484, 758, 1590, 2775, 4520, 4926, 5137, 4840, 11623, 1041, 0, 0
18:51:42, 1020.70, 17.80, 21.47, 15.641, 5201, 8153, 9631, 22582, 16560, 22430, 26870, 26602, 27316, 10035, 0, 0, 489, 766, 1599, 2786, 4468, 4866, 5075, 4773, 11418, 1038, 0, 0
18:51:43, 1022.50, 17.80, 21.47, 15.656, 2681, 5118, 4277, 12904, 15638, 17397, 29648, 15050, 21443, 7461, 0, 0, 482, 756, 1588, 2782, 4544, 4951, 5174, 4855, 11469, 1019, 0, 0
18:51:43, 1022.30, 17.79, 21.49, 15.656, 2895, 8107, 5748, 14853, 20219, 14649, 30566, 16195, 18512, 6622, 0, 0, 487, 767, 1608, 2818, 4541, 4943, 5174, 4848, 11434, 1017, 0, 0
18:51:44, 1021.30, 17.79, 21.47, 15.664, 2417, 6268, 5894, 12629, 19428, 14253, 25034, 14332, 17206, 6450, 0, 0, 484, 763, 1600, 2802, 4506, 4906, 5132, 4803, 11235, 999, 0, 0
18:51:45, 1021.70, 17.79, 21.49, 15.664, 2163, 5187, 5505, 12665, 18677, 15982, 31611, 19051, 19934, 7183, 0, 0, 466, 735, 1547, 2717, 4454, 4847, 5072, 4741, 10982, 968, 0, 0
18:51:45, 1021.80, 17.80, 21.47, 15.664, 2402, 6086, 6791, 15883, 20033, 21886, 28728, 29260, 18613, 7414, 0, 0, 457, 720, 1513, 2655, 4350, 4740, 4960, 4626, 10680, 942, 0, 0
18:51:46, 1021.30, 17.79, 21.49, 15.672, 2346, 8366, 8434, 20839, 21777, 20922, 27393, 34191, 16688, 6391, 0, 1, 452, 711, 1498, 2631, 4318, 4703, 4923, 4591, 10599, 948, 0, 0
18:51:47, 1021.40, 17.79, 21.45, 15.672, 2745, 9765, 12545, 15624, 21934, 15125, 26888, 21356, 15665, 6454, 0, 0, 466, 735, 1544, 2707, 4401, 4790, 5014, 4679, 10784, 967, 0, 0
18:51:47, 1021.20, 17.78, 21.45, 15.672, 2718, 6726, 13569, 15694, 24250, 12476, 25701, 16334, 15656, 6965, 0, 0, 471, 744, 1559, 2732, 4482, 4876, 5104, 4762, 11022, 987, 0, 0
18:51:48, 1021.20, 17.78, 21.49, 15.672, 3053, 8356, 15959, 16563, 24465, 13463, 25721, 17899, 16387, 7530, 0, 0, 477, 753, 1580, 2765, 4456, 4847, 5072, 4733, 10973, 992, 0, 0
18:51:49, 1021.60, 17.77, 21.47, 15.672, 3185, 8850, 15491, 15890, 19697, 10117, 26018, 15211, 14797, 6232, 0, 0, 474, 749, 1575, 2764, 4433, 4823, 5048, 4711, 10885, 979, 0, 0
18:51:49, 1021.70, 17.77, 21.45, 15.680, 3289, 9558, 15978, 16505, 21648, 10690, 25441, 16491, 14453, 5902, 0, 0, 471, 743, 1565, 2747, 4405, 4793, 5018, 4684, 10834, 978, 0, 0
18:51:50, 1021.80, 17.78, 21.47, 15.680, 2694, 7776, 12990, 15579, 22407, 10223, 24554, 14627, 14431, 6067, 0, 0, 464, 731, 1542, 2714, 4377, 4765, 4985, 4650, 10722, 962, 0, 0
18:51:51, 1022.10, 17.78, 21.44, 15.680, 3119, 8290, 16297, 16177, 21954, 9089, 24019, 12988, 13842, 5281, 0, 0, 465, 733, 1549, 2719, 4308, 4693, 4911, 4580, 10527, 946, 0, 0
18:51:51, 1022.10, 17.79, 21.47, 15.672, 3140, 7591, 17738, 16072, 22280, 10432, 25015, 15471, 14527, 5827, 0, 0, 460, 725, 1533, 2699, 4360, 4749, 4973, 4629, 10566, 930, 0, 0
18:51:52, 1021.90, 17.79, 21.45, 15.672, 3167, 7167, 16224, 15743, 17559, 7990, 27104, 12311, 13660, 5181, 0, 0, 461, 727, 1538, 2705, 4300, 4682, 4904, 4562, 10392, 919, 0, 0
18:51:53, 1021.90, 17.79, 21.44, 15.672, 2940, 6764, 12385, 15142, 17872, 7594, 28126, 12577, 14280, 5827, 0, 0, 459, 723, 1531, 2698, 4394, 4784, 5013, 4661, 10568, 922, 0, 0
18:51:53, 1022.10, 17.79, 21.42, 15.656, 3596, 7674, 15605, 16496, 18221, 7884, 28923, 13536, 13879, 5504, 0, 0, 467, 736, 1560, 2744, 4423, 4814, 5041, 4691, 10575, 923, 0, 0
18:51:54, 1022.00, 17.79, 21.45, 15.664, 3483, 7298, 13194, 16171, 17801, 6673, 27124, 11052, 13643, 5748, 0, 0, 466, 734, 1555, 2736, 4315, 4700, 4920, 4576, 10327, 914, 0, 0
18:51:55, 1022.40, 17.78, 21.47, 15.664, 3336, 6851, 10954, 14825, 18368, 7029, 27609, 11831, 12802, 5026, 0, 0, 449, 706, 1496, 2637, 4201, 4580, 4791, 4456, 10045, 902, 0, 0
18:51:55, 1022.30, 17.78, 21.42, 15.656, 4051, 7750, 11377, 15067, 20438, 9077, 23622, 16799, 13133, 5011, 0, 0, 444, 697, 1480, 2609, 4244, 4624, 4842, 4501, 10128, 902, 0, 0
18:51:56, 1022.70, 17.78, 21.42, 15.664, 3350, 7215, 10906, 12792, 19407, 8999, 23197, 19064, 13073, 5156, 0, 0, 446, 701, 1488, 2621, 4262, 4644, 4862, 4522, 10141, 893, 0, 0
18:51:57, 1021.30, 17.78, 21.40, 15.664, 3907, 6623, 11722, 11743, 18199, 8573, 25563, 17140, 13398, 5471, 0, 0, 447, 703, 1494, 2628, 4265, 4641, 4857, 4516, 10141, 904, 0, 0
18:51:57, 1019.30, 17.78, 21.42, 15.656, 4794, 6944, 13472, 11723, 18579, 9668, 33601, 22350, 15951, 8370, 0, 1, 452, 711, 1505, 2642, 4360, 4738, 4954, 4607, 10244, 913, 0, 0
18:51:58, 1019.80, 17.77, 21.44, 15.695, 6866, 7774, 12662, 12971, 19230, 9283, 24814, 18697, 16173, 8619, 0, 0, 455, 713, 1513, 2663, 4365, 4749, 4963, 4612, 10248, 919, 0, 0
18:51:59, 1019.40, 17.76, 21.44, 15.695, 6335, 6111, 12763, 9856, 20726, 12017, 23509, 23226, 15369, 8080, 0, 0, 441, 688, 1458, 2555, 4204, 4571, 4776, 4440, 9878, 943, 0, 0
18:51:59, 1019.60, 17.76, 21.44, 15.688, 6725, 6198, 13854, 9931, 17025, 11350, 23411, 16737, 14148, 7441, 0, 0, 441, 684, 1454, 2550, 4064, 4417, 4617, 4293, 9580, 994, 0, 0
18:52:00, 1019.10, 17.75, 21.44, 15.688, 6670, 6620, 14006, 11099, 17091, 15400, 23584, 25623, 14095, 7476, 0, 0, 436, 676, 1433, 2511, 4145, 4503, 4705, 4375, 9694, 957, 0, 0
18:52:01, 1019.70, 17.75, 21.42, 15.688, 7122, 5760, 11662, 7224, 15600, 9786, 17271, 16603, 14519, 7803, 0, 0, 440, 685, 1457, 2560, 4198, 4562, 4759, 4427, 9728, 895, 0, 0
18:52:01, 1019.60, 17.75, 21.40, 15.695, 7219, 6154, 11983, 7582, 16605, 9613, 18978, 15971, 15343, 8621, 0, 0, 451, 704, 1495, 2624, 4310, 4686, 4885, 4547, 9964, 878, 0, 0
18:52:02, 1020.10, 17.74, 21.42, 15.695, 5398, 3922, 10134, 5380, 10202, 10064, 11308, 14532, 16666, 8752, 0, 0, 457, 714, 1516, 2667, 4340, 4717, 4919, 4580, 10017, 872, 0, 0
18:52:03, 1020.50, 17.74, 21.40, 15.688, 3991, 3215, 6828, 4647, 13485, 10642, 15537, 14999, 14154, 7048, 0, 0, 450, 703, 1494, 2633, 4267, 4633, 4838, 4505, 9810, 846, 0, 0
18:52:03, 1020.30, 17.73, 21.44, 15.695, 6188, 5224, 10284, 6061, 10773, 7132, 9911, 10213, 13926, 6853, 0, 0, 449, 701, 1491, 2628, 4142, 4497, 4698, 4368, 9547, 858, 0, 0
18:52:04, 1019.90, 17.73, 21.42, 15.695, 7468, 7928, 13057, 8694, 13929, 10767, 12710, 14736, 13822, 6559, 0, 0, 446, 695, 1479, 2608, 4174, 4533, 4732, 4403, 9624, 874, 0, 0
18:52:05, 1019.70, 17.73, 21.38, 15.688, 6294, 5145, 12145, 6559, 11011, 10042, 11909, 15729, 14453, 7497, 0, 0, 440, 684, 1454, 2558, 4180, 4536, 4739, 4410, 9689, 904, 0, 0
18:52:05, 1020.30, 17.73, 21.38, 15.695, 6992, 7057, 11912, 10051, 13892, 13100, 14307, 17063, 14877, 7720, 0, 0, 438, 681, 1445, 2540, 4137, 4492, 4691, 4366, 9579, 896, 0, 0
18:52:06, 1020.80, 17.73, 21.42, 15.695, 6106, 6576, 11515, 9742, 13170, 9236, 11853, 13093, 12888, 5828, 0, 0, 441, 687, 1462, 2578, 4219, 4584, 4785, 4454, 9709, 862, 0, 0
18:52:07, 1021.10, 17.73, 21.40, 15.695, 8286, 7349, 11767, 8672, 14032, 7925, 12841, 12628, 13514, 6556, 0, 0, 445, 694, 1477, 2602, 4180, 4545, 4741, 4411, 9616, 843, 0, 0
18:52:07, 1021.00, 17.73, 21.42, 15.711, 4407, 3430, 7436, 4837, 12310, 6883, 10307, 9661, 13049, 6012, 0, 0, 436, 681, 1450, 2556, 4178, 4536, 4735, 4409, 9642, 846, 0, 0
18:52:08, 1020.90, 17.73, 21.38, 15.711, 4628, 3410, 7848, 4880, 11993, 7936, 10774, 11371, 14009, 6884, 0, 0, 441, 687, 1462, 2580, 4161, 4519, 4714, 4389, 9592, 848, 0, 0
18:52:09, 1021.30, 17.74, 21.38, 15.695, 5908, 5101, 9539, 6186, 10008, 6981, 9500, 10201, 12667, 5410, 0, 0, 446, 696, 1483, 2618, 4201, 4566, 4766, 4436, 9670, 849, 0, 0
18:52:09, 1021.10, 17.74, 21.38, 15.711, 5921, 4466, 11034, 5918, 10593, 7362, 9931, 10773, 12720, 5832, 0, 0, 436, 679, 1446, 2552, 4131, 4488, 4688, 4362, 9528, 854, 0, 0
18:52:10, 1021.80, 17.73, 21.40, 15.711, 6006, 5015, 11558, 6361, 10243, 6566, 9440, 9304, 11821, 5086, 0, 0, 437, 680, 1450, 2558, 4068, 4415, 4616, 4293, 9374, 850, 0, 0
18:52:11, 1022.00, 17.72, 21.37, 15.711, 5326, 3743, 8899, 5097, 10284, 6526, 9406, 9293, 11795, 5032, 0, 0, 431, 670, 1428, 2523, 4074, 4427, 4624, 4301, 9361, 828, 0, 0
18:52:11, 1022.10, 17.72, 21.38, 15.711, 5305, 3930, 9096, 5279, 11540, 7893, 10475, 11553, 12078, 4769, 0, 0, 435, 677, 1445, 2553, 4178, 4543, 4742, 4413, 9583, 823, 0, 0
18:52:12, 1022.50, 17.72, 21.40, 15.711, 5575, 4563, 9557, 5611, 11901, 9470, 11523, 14382, 12657, 5303, 0, 0, 443, 690, 1472, 2602, 4281, 4655, 4857, 4524, 9797, 826, 0, 0
18:52:13, 1023.00, 17.72, 21.38, 15.711, 5807, 4874, 10204, 6014, 12405, 11803, 14016, 17989, 12520, 4933, 0, 0, 445, 692, 1479, 2621, 4308, 4690, 4891, 4554, 9851, 826, 0, 0
18:52:13, 1022.20, 17.71, 21.38, 15.711, 5563, 4473, 11783, 5926, 12860, 13429, 17141, 20157, 13064, 5564, 0, 0, 435, 677, 1444, 2555, 4241, 4616, 4810, 4479, 9694, 823, 0, 0
18:52:14, 1022.30, 17.71, 21.38, 15.711, 5626, 5038, 11126, 6637, 13968, 16306, 21756, 25000, 13581, 5658, 0, 0, 432, 671, 1435, 2541, 4275, 4652, 4851, 4519, 9762, 826, 0, 0
18:52:14, 1022.00, 17.72, 21.37, 15.711, 6547, 4944, 10311, 7489, 12144, 14910, 15461, 17500, 12940, 5424, 0, 0, 433, 673, 1439, 2547, 4231, 4600, 4800, 4465, 9657, 818, 0, 0
18:52:15, 1023.10, 17.72, 21.38, 15.711, 5392, 3833, 8420, 6164, 8165, 12470, 8322, 11599, 12001, 4547, 0, 0, 432, 669, 1434, 2543, 4208, 4578, 4773, 4439, 9604, 814, 0, 0
18:52:16, 1022.70, 17.73, 21.37, 15.719, 5520, 5326, 9673, 8332, 8131, 10995, 8373, 10000, 11493, 4192, 0, 0, 437, 678, 1451, 2573, 4191, 4563, 4757, 4425, 9557, 810, 0, 0
18:52:16, 1023.60, 17.73, 21.37, 15.719, 6704, 6078, 11422, 9032, 10453, 11283, 12993, 12187, 11879, 4361, 0, 0, 444, 689, 1478, 2623, 4279, 4661, 4861, 4523, 9774, 817, 0, 0
18:52:17, 1023.40, 17.73, 21.35, 15.719, 3989, 3188, 6206, 4940, 9238, 11526, 9906, 11108, 11935, 4398, 0, 0, 446, 691, 1484, 2635, 4344, 4732, 4933, 4589, 9926, 827, 0, 0
18:52:18, 1023.20, 17.72, 21.38, 15.711, 3990, 3311, 6107, 5243, 3222, 3491, 3958, 4706, 10423, 3605, 0, 0, 449, 698, 1496, 2652, 4311, 4696, 4896, 4558, 9841, 822, 0, 0
18:52:18, 1023.30, 17.72, 21.35, 15.711, 1283, 1832, 2562, 2862, 3179, 3446, 3924, 4681, 10415, 3701, 0, 0, 442, 686, 1471, 2609, 4218, 4592, 4790, 4457, 9629, 808, 0, 0
18:52:19, 1024.00, 17.72, 21.35, 15.711, 1156, 1682, 2381, 2636, 4464, 5502, 5007, 6798, 10312, 3540, 0, 0, 429, 665, 1428, 2537, 4134, 4497, 4693, 4363, 9424, 795, 0, 0
18:52:20, 1023.70, 17.73, 21.37, 15.711, 5472, 3637, 8115, 5407, 10346, 9808, 14039, 13956, 11395, 4095, 0, 0, 424, 656, 1411, 2508, 4148, 4512, 4710, 4380, 9454, 795, 0, 0
18:52:20, 1024.00, 17.73, 21.35, 15.703, 5339, 3562, 7920, 5202, 9331, 8690, 12403, 11809, 11104, 3936, 0, 0, 432, 668, 1438, 2555, 4188, 4560, 4757, 4422, 9556, 799, 0, 0
18:52:21, 1024.40, 17.73, 21.35, 15.703, 5186, 3673, 8080, 5771, 7752, 8899, 9407, 10045, 11025, 3715, 0, 0, 436, 675, 1451, 2583, 4185, 4558, 4752, 4417, 9530, 796, 0, 0
18:52:22, 1024.20, 17.73, 21.35, 15.695, 3343, 2699, 5035, 4310, 3699, 4781, 4374, 5452, 10426, 3305, 0, 0, 437, 678, 1456, 2590, 4224, 4602, 4797, 4461, 9643, 803, 0, 0
18:52:22, 1024.60, 17.73, 21.35, 15.703, 1064, 1623, 2229, 2569, 2889, 3023, 3604, 4237, 9998, 3210, 0, 0, 437, 676, 1453, 2586, 4232, 4607, 4806, 4467, 9668, 804, 0, 0
18:52:23, 1024.90, 17.73, 21.33, 15.703, 1004, 1537, 2116, 2438, 2887, 3024, 3597, 4252, 10125, 3224, 0, 0, 426, 661, 1420, 2529, 4219, 4595, 4792, 4457, 9610, 798, 0, 0
18:52:24, 1024.90, 17.73, 21.40, 15.688, 1016, 1557, 2156, 2489, 2985, 3107, 3686, 4362, 10008, 3066, 0, 0, 425, 660, 1417, 2527, 4237, 4616, 4816, 4481, 9654, 800, 0, 0
18:52:24, 1025.20, 17.73, 21.35, 15.695, 1011, 1551, 2139, 2473, 2776, 2898, 3444, 4069, 9651, 2986, 0, 0, 430, 664, 1430, 2551, 4204, 4578, 4776, 4442, 9570, 793, 0, 0
18:52:25, 1025.00, 17.73, 21.37, 15.695, 1016, 1544, 2153, 2470, 2761, 2899, 3380, 4016, 9577, 2843, 0, 0, 432, 668, 1436, 2564, 4185, 4553, 4754, 4420, 9537, 792, 0, 0
18:52:26, 1025.10, 17.74, 21.35, 15.688, 1011, 1530, 2132, 2447, 2702, 2847, 3296, 3923, 9328, 2759, 0, 0, 432, 667, 1436, 2563, 4158, 4524, 4723, 4396, 9471, 787, 0, 0
18:52:26, 1025.50, 17.74, 21.32, 15.695, 1059, 1543, 2221, 2467, 2816, 2932, 3374, 4019, 9292, 2682, 0, 0, 438, 676, 1456, 2600, 4190, 4561, 4764, 4432, 9560, 792, 0, 0
18:52:27, 1025.20, 17.74, 21.33, 15.695, 1173, 1622, 2413, 2587, 2735, 2886, 3273, 3925, 9108, 2635, 0, 0, 444, 684, 1474, 2628, 4167, 4534, 4734, 4406, 9507, 790, 0, 0
18:52:28, 1025.40, 17.75, 21.33, 15.688, 1490, 1891, 3248, 2886, 2890, 3013, 3360, 4051, 9298, 2713, 0, 0, 437, 675, 1451, 2589, 4128, 4490, 4690, 4366, 9417, 783, 0, 0
18:52:28, 1026.40, 17.75, 21.33, 15.688, 1870, 2099, 4180, 3115, 5722, 4874, 4390, 5859, 9826, 2945, 0, 0, 428, 659, 1420, 2540, 4100, 4462, 4661, 4337, 9346, 776, 0, 0
18:52:29, 1026.60, 17.76, 21.33, 15.672, 2746, 2490, 5689, 3531, 7536, 7226, 5239, 8086, 9912, 2915, 0, 0, 421, 648, 1399, 2505, 4117, 4485, 4683, 4357, 9383, 778, 0, 0
18:52:30, 1025.60, 17.76, 21.37, 15.680, 3947, 3012, 7565, 4332, 5174, 3905, 4459, 5322, 9964, 3017, 0, 0, 422, 651, 1400, 2503, 4144, 4507, 4709, 4384, 9475, 788, 0, 0
18:52:30, 1025.20, 17.75, 21.35, 15.680, 4573, 2609, 6981, 4061, 8722, 8434, 5626, 9266, 10884, 3464, 0, 0, 429, 663, 1426, 2545, 4162, 4524, 4729, 4401, 9516, 794, 0, 0
18:52:31, 1024.70, 17.74, 21.33, 15.672, 3429, 2323, 5817, 3559, 3872, 3384, 3870, 4572, 9863, 3017, 0, 0, 430, 666, 1429, 2546, 4111, 4467, 4667, 4344, 9388, 785, 0, 0
18:52:32, 1025.60, 17.73, 21.33, 15.680, 1038, 1442, 2110, 2306, 2734, 2894, 3269, 3951, 9467, 2870, 0, 0, 422, 652, 1403, 2505, 4097, 4455, 4655, 4334, 9358, 780, 0, 0
18:52:32, 1027.00, 17.73, 21.32, 15.680, 1540, 1646, 3000, 2594, 5341, 4974, 4413, 6266, 9737, 2862, 0, 0, 419, 647, 1393, 2492, 4125, 4487, 4695, 4365, 9437, 783, 0, 0
18:52:33, 1026.80, 17.73, 21.32, 15.664, 3900, 2324, 5511, 3740, 7151, 8423, 5401, 7751, 10183, 2904, 0, 0, 423, 653, 1406, 2514, 4058, 4414, 4616, 4295, 9274, 772, 0, 0
18:52:34, 1025.90, 17.72, 21.38, 15.664, 3980, 2499, 6017, 3988, 5061, 6140, 4462, 6163, 9739, 2799, 0, 0, 430, 662, 1427, 2550, 4059, 4417, 4615, 4294, 9276, 773, 0, 0
18:52:34, 1025.00, 17.71, 21.30, 15.664, 1376, 1660, 2868, 2599, 2673, 2826, 3202, 3841, 8970, 2526, 0, 0, 434, 669, 1441, 2573, 4131, 4492, 4692, 4367, 9440, 788, 0, 0
18:52:35, 1023.10, 17.71, 21.37, 15.656, 1050, 1499, 2134, 2373, 2676, 2837, 3248, 3908, 9780, 3261, 0, 0, 441, 682, 1462, 2597, 4150, 4507, 4707, 4381, 9515, 804, 0, 0
18:52:36, 1024.30, 17.69, 21.33, 15.672, 1016, 1435, 2051, 2281, 2599, 2796, 3179, 3832, 9586, 3207, 0, 0, 433, 669, 1436, 2556, 4088, 4440, 4639, 4318, 9352, 788, 0, 0
18:52:36, 1025.60, 17.68, 21.33, 15.672, 975, 1390, 2002, 2220, 2753, 2890, 3245, 3910, 9301, 2768, 0, 0, 425, 656, 1411, 2520, 4099, 4460, 4660, 4335, 9357, 778, 0, 0
18:52:37, 1026.20, 17.67, 21.32, 15.672, 1058, 1474, 2230, 2370, 3014, 3102, 3457, 4164, 9150, 2525, 0, 0, 423, 652, 1403, 2509, 4108, 4473, 4672, 4348, 9365, 777, 0, 0
18:52:38, 1026.30, 17.67, 21.30, 15.680, 1049, 1473, 2218, 2361, 3819, 3550, 3896, 4703, 9497, 2614, 0, 0, 423, 653, 1404, 2511, 4149, 4521, 4725, 4394, 9450, 782, 0, 0
18:52:38, 1026.20, 17.67, 21.30, 15.680, 1203, 1648, 2515, 2628, 6492, 5174, 5833, 7650, 10046, 2825, 0, 0, 423, 652, 1406, 2519, 4184, 4556, 4761, 4425, 9524, 787, 0, 0
18:52:39, 1025.70, 17.67, 21.30, 15.664, 1158, 1599, 2398, 2561, 7020, 5685, 5846, 7442, 10169, 2920, 0, 0, 430, 664, 1428, 2554, 4232, 4607, 4813, 4474, 9647, 797, 0, 0
18:52:40, 1026.30, 17.68, 21.30, 15.680, 1110, 1565, 2323, 2503, 3139, 3168, 3671, 4356, 9364, 2602, 0, 0, 430, 661, 1427, 2552, 4188, 4562, 4763, 4427, 9524, 786, 0, 0
18:52:40, 1025.00, 17.68, 21.28, 15.680, 1181, 1550, 2403, 2495, 3146, 3170, 3705, 4343, 9070, 2470, 0, 0, 424, 652, 1406, 2518, 4183, 4559, 4753, 4422, 9480, 786, 0, 0
18:52:41, 1023.20, 17.68, 21.33, 15.664, 959, 1447, 2002, 2276, 2673, 2800, 3314, 3921, 9652, 3435, 0, 0, 420, 650, 1390, 2471, 4038, 4387, 4576, 4253, 9197, 812, 0, 0
18:52:42, 1024.50, 17.66, 21.30, 15.664, 974, 1472, 2063, 2346, 2615, 2773, 3217, 3803, 8859, 2551, 0, 0, 418, 645, 1389, 2479, 4024, 4376, 4571, 4242, 9130, 770, 0, 0
18:52:42, 1024.30, 17.64, 21.30, 15.664, 981, 1509, 2076, 2396, 2757, 2909, 3400, 4043, 9583, 2888, 0, 0, 421, 650, 1398, 2496, 4088, 4450, 4645, 4313, 9287, 774, 0, 0
18:52:43, 1023.20, 17.63, 21.32, 15.656, 976, 1501, 2045, 2373, 2793, 2910, 3470, 4126, 10050, 3280, 0, 0, 424, 657, 1409, 2515, 4208, 4580, 4775, 4439, 9575, 796, 0, 0
18:52:44, 1022.60, 17.63, 21.32, 15.656, 1012, 1542, 2066, 2407, 2734, 2849, 3377, 4025, 10540, 3998, 0, 0, 431, 666, 1428, 2542, 4292, 4667, 4865, 4524, 9787, 816, 0, 0
18:52:44, 1021.30, 17.63, 21.30, 15.680, 1082, 1563, 2166, 2432, 2817, 2936, 3438, 4119, 10632, 4135, 0, 0, 438, 678, 1450, 2576, 4249, 4617, 4812, 4476, 9702, 819, 0, 0
18:52:45, 1021.60, 17.62, 21.28, 15.695, 1138, 1622, 2255, 2489, 13010, 11527, 8360, 13141, 12888, 5725, 0, 0, 432, 668, 1428, 2535, 4152, 4508, 4702, 4370, 9489, 819, 0, 0
18:52:46, 1022.40, 17.62, 21.30, 15.695, 6200, 4427, 11406, 5760, 10801, 12372, 6388, 10595, 12026, 4689, 0, 0, 425, 655, 1406, 2502, 4045, 4390, 4585, 4256, 9231, 806, 0, 0
18:52:46, 1023.00, 17.61, 21.28, 15.703, 6323, 3768, 10799, 5357, 11707, 13219, 6557, 11678, 12082, 4707, 0, 0, 415, 640, 1372, 2450, 4028, 4371, 4568, 4242, 9187, 794, 0, 0
18:52:47, 1024.10, 17.61, 21.28, 15.711, 6215, 3634, 9626, 5343, 10227, 10533, 6017, 11029, 11856, 4243, 0, 0, 417, 642, 1381, 2472, 4087, 4440, 4640, 4309, 9324, 784, 0, 0
18:52:48, 1024.00, 17.61, 21.28, 15.711, 5583, 3022, 9966, 4782, 8917, 10428, 5719, 11631, 11875, 4029, 0, 0, 421, 649, 1395, 2498, 4114, 4471, 4669, 4340, 9394, 785, 0, 0
18:52:48, 1024.60, 17.61, 21.32, 15.711, 6102, 2683, 9734, 4376, 6880, 10649, 5398, 10771, 12027, 4052, 0, 0, 428, 658, 1418, 2539, 4179, 4541, 4742, 4409, 9574, 797, 0, 0
18:52:49, 1024.40, 17.61, 21.30, 15.711, 7377, 2858, 9697, 5139, 5720, 11315, 5250, 10276, 11935, 3969, 0, 0, 430, 660, 1423, 2551, 4178, 4540, 4741, 4406, 9589, 799, 0, 0
18:52:50, 1024.00, 17.62, 21.28, 15.711, 7503, 3136, 10820, 6192, 6597, 16276, 5705, 13175, 12261, 3971, 0, 0, 431, 661, 1424, 2553, 4236, 4601, 4804, 4465, 9726, 811, 0, 0
18:52:50, 1023.60, 17.62, 21.26, 15.703, 7149, 3749, 9218, 9051, 11319, 23145, 7692, 26977, 13515, 4544, 0, 0, 421, 649, 1393, 2492, 4164, 4524, 4722, 4391, 9552, 802, 0, 0
18:52:51, 1024.20, 17.62, 21.30, 15.711, 6498, 3626, 8804, 9184, 14644, 23924, 9270, 27303, 13855, 4515, 0, 0, 410, 632, 1358, 2436, 4149, 4509, 4708, 4376, 9501, 797, 0, 0
18:52:52, 1033.50, 17.62, 21.30, 15.711, 5971, 3125, 8513, 7904, 12841, 19092, 8336, 18692, 13203, 3461, 0, 0, 403, 619, 1340, 2426, 4099, 4472, 4690, 4356, 9381, 772, 0, 0
18:52:52, 1037.60, 17.61, 21.30, 15.703, 5904, 3185, 10878, 6563, 7547, 13773, 6360, 18281, 10075, 1935, 0, 0, 395, 594, 1309, 2398, 4059, 4446, 4669, 4336, 9283, 756, 0, 0
18:52:53, 1043.50, 17.60, 21.28, 15.672, 4099, 3044, 8433, 5454, 8999, 10131, 5911, 12304, 9162, 1556, 0, 0, 391, 580, 1294, 2397, 4080, 4489, 4727, 4391, 9349, 758, 0, 0
18:52:53, 1047.30, 17.59, 21.25, 15.672, 3489, 2369, 6106, 4428, 8191, 8373, 5613, 8498, 8145, 1234, 0, 0, 385, 565, 1272, 2377, 4049, 4473, 4717, 4382, 9289, 753, 0, 0
18:52:54, 1051.50, 17.59, 21.28, 15.648, 1004, 1403, 2436, 2762, 3387, 3561, 3842, 4491, 6891, 813, 0, 0, 378, 548, 1241, 2339, 3974, 4403, 4648, 4326, 9135, 739, 0, 0
18:52:55, 1059.50, 17.58, 21.28, 15.648, 863, 1363, 2322, 2809, 3661, 3777, 4241, 4787, 6698, 701, 0, 0, 367, 523, 1196, 2284, 3895, 4345, 4614, 4299, 9021, 728, 0, 0
18:52:55, 1067.60, 17.57, 21.25, 15.602, 1505, 1740, 3982, 3718, 7382, 7137, 9012, 10578, 7138, 808, 0, 0, 351, 488, 1130, 2189, 3822, 4299, 4584, 4296, 8937, 722, 0, 0
18:52:56, 1071.30, 17.54, 21.26, 15.531, 1684, 1978, 4240, 4343, 9288, 7213, 9639, 10144, 7006, 773, 0, 0, 341, 469, 1090, 2127, 3747, 4223, 4522, 4246, 8816, 713, 0, 0
18:52:57, 1074.10, 17.51, 21.25, 15.531, 1828, 2263, 4681, 5261, 7970, 6808, 9972, 9738, 6866, 708, 0, 0, 337, 458, 1069, 2095, 3699, 4182, 4488, 4224, 8729, 707, 0, 0
18:52:57, 1079.90, 17.49, 21.23, 15.477, 1720, 2472, 5127, 6087, 9026, 8755, 12701, 14521, 7183, 708, 0, 0, 330, 446, 1040, 2046, 3623, 4115, 4436, 4191, 8641, 702, 0, 0
18:52:58, 1087.00, 17.47, 21.23, 15.430, 1319, 1961, 4044, 5111, 8979, 7341, 11234, 11001, 6856, 641, 0, 0, 328, 434, 1015, 2012, 3594, 4109, 4458, 4239, 8744, 715, 0, 0
18:52:59, 1093.60, 17.46, 21.28, 15.430, 1134, 1746, 3513, 4906, 7507, 6319, 9997, 9268, 6506, 565, 0, 0, 330, 430, 1004, 1993, 3581, 4126, 4510, 4336, 8821, 730, 0, 0
18:52:59, 1099.20, 17.45, 21.28, 15.414, 936, 1566, 3271, 4565, 7213, 6220, 9900, 8895, 6518, 551, 0, 0, 330, 427, 993, 1976, 3544, 4097, 4510, 4353, 8956, 745, 0, 0
18:53:00, 1108.40, 17.44, 21.26, 15.383, 736, 1337, 2771, 4112, 5886, 5025, 8026, 6745, 5952, 476, 0, 0, 328, 422, 970, 1933, 3460, 4037, 4500, 4388, 8875, 753, 0, 0
18:53:01, 1113.50, 17.42, 21.28, 15.383, 685, 1325, 2789, 4500, 6037, 5613, 8424, 7210, 6576, 506, 0, 0, 322, 411, 937, 1866, 3339, 3901, 4407, 4318, 8731, 755, 0, 0
18:53:01, 1120.00, 17.41, 21.26, 15.352, 642, 1312, 2536, 4427, 6563, 7087, 9422, 9622, 7750, 580, 0, 0, 304, 389, 870, 1733, 3025, 3549, 4057, 4021, 8262, 725, 0, 0
18:53:02, 1125.50, 17.41, 21.25, 15.344, 638, 1208, 2428, 4407, 6006, 6694, 8685, 8122, 8561, 613, 0, 0, 247, 305, 675, 1339, 2209, 2619, 2998, 2999, 6587, 608, 0, 0
18:53:03, 1128.90, 17.39, 21.25, 15.344, 554, 1003, 2058, 3745, 5389, 5895, 7586, 7116, 8717, 613, 0, 0, 137, 166, 353, 714, 925, 1133, 1247, 1279, 3080, 331, 0, 0
18:53:03, 1129.60, 17.38, 21.25, 15.328, 600, 1086, 2076, 4202, 5130, 5871, 7345, 6754, 9121, 634, 0, 0, 93, 111, 237, 483, 998, 1219, 1355, 1398, 3441, 372, 0, 0
18:53:04, 1130.30, 17.38, 21.23, 15.313, 378, 539, 1131, 2176, 2568, 3122, 3515, 3260, 6965, 526, 0, 0, 207, 256, 557, 1105, 2075, 2476, 2853, 2897, 6957, 676, 0, 0
18:53:05, 1130.60, 17.36, 21.25, 15.313, 318, 474, 1006, 1870, 2455, 2964, 3367, 3057, 6335, 486, 0, 0, 214, 264, 572, 1136, 1970, 2343, 2686, 2704, 6553, 633, 0, 0
18:53:05, 1130.60, 17.36, 21.21, 15.297, 328, 483, 1021, 1913, 2551, 3104, 3534, 3204, 6593, 506, 0, 0, 203, 251, 546, 1086, 1961, 2333, 2677, 2697, 6542, 634, 0, 0
18:53:06, 1130.70, 17.36, 21.26, 15.320, 328, 487, 1032, 1927, 2501, 3028, 3436, 3123, 6437, 492, 0, 0, 202, 250, 543, 1080, 1938, 2309, 2646, 2667, 6447, 624, 0, 0
18:53:07, 1130.50, 17.38, 21.21, 15.320, 335, 492, 1038, 1952, 2554, 3108, 3539, 3207, 6567, 506, 0, 0, 199, 247, 536, 1067, 1897, 2255, 2580, 2590, 6287, 608, 0, 0
18:53:07, 1130.40, 17.39, 21.21, 15.320, 331, 493, 1042, 1948, 2539, 3050, 3466, 3164, 6514, 498, 0, 0, 206, 255, 553, 1098, 1909, 2270, 2594, 2609, 6352, 616, 0, 0
18:53:08, 1130.20, 17.41, 21.23, 15.320, 355, 521, 1098, 2068, 2732, 3303, 3749, 3441, 7036, 529, 0, 0, 208, 258, 557, 1107, 1911, 2280, 2626, 2654, 6460, 632, 0, 0
18:53:09, 1129.50, 17.43, 21.23, 15.328, 559, 805, 1649, 3298, 4802, 5909, 7107, 6457, 11671, 776, 0, 0, 133, 163, 345, 698, 1142, 1390, 1545, 1598, 3976, 421, 0, 0
18:53:09, 1128.00, 17.44, 21.21, 15.320, 694, 1076, 2192, 4111, 6551, 7585, 9203, 9410, 12961, 835, 0, 0, 83, 99, 209, 429, 762, 932, 1027, 1049, 2647, 290, 0, 0
18:53:10, 1119.90, 17.44, 21.19, 15.320, 734, 1305, 2738, 4658, 7130, 8133, 9783, 10804, 12623, 838, 0, 0, 272, 338, 753, 1494, 2852, 3345, 3847, 3800, 8200, 721, 0, 0
18:53:11, 1114.30, 17.41, 21.21, 15.266, 854, 1574, 3305, 5303, 7553, 8286, 10199, 11694, 10659, 749, 0, 0, 305, 387, 874, 1747, 3207, 3740, 4256, 4177, 8541, 740, 0, 0
18:53:11, 1109.00, 17.38, 21.26, 15.250, 932, 1796, 3656, 5785, 7836, 8951, 10664, 12430, 9304, 689, 0, 0, 318, 410, 932, 1865, 3379, 3942, 4432, 4329, 8744, 742, 0, 0
18:53:12, 1104.60, 17.36, 21.21, 15.250, 919, 1698, 3322, 5310, 7772, 8003, 10434, 11705, 7748, 602, 0, 0, 324, 415, 956, 1905, 3445, 4015, 4465, 4354, 8742, 739, 0, 0
18:53:13, 1097.20, 17.35, 21.21, 15.250, 1054, 1720, 3343, 5164, 7910, 7489, 10231, 10976, 6823, 561, 0, 0, 325, 419, 972, 1934, 3526, 4068, 4490, 4325, 8845, 735, 0, 0
18:53:13, 1091.00, 17.33, 21.23, 15.266, 1145, 1606, 3344, 4453, 7108, 7216, 8495, 9359, 6657, 571, 0, 0, 327, 424, 988, 1970, 3564, 4091, 4467, 4286, 8715, 716, 0, 0
18:53:14, 1086.70, 17.33, 21.23, 15.266, 1287, 1675, 3503, 4618, 6729, 7046, 7999, 8563, 6945, 594, 0, 0, 330, 432, 1010, 2009, 3626, 4143, 4505, 4304, 8761, 716, 0, 0
18:53:15, 1084.20, 17.33, 21.21, 15.266, 1339, 1448, 3311, 3837, 7087, 7723, 7109, 9274, 7063, 637, 0, 0, 326, 432, 1008, 2004, 3604, 4111, 4453, 4245, 8665, 703, 0, 0
18:53:15, 1080.70, 17.32, 21.18, 15.289, 1502, 1512, 3689, 3983, 5947, 6969, 5707, 8206, 6822, 645, 0, 0, 334, 442, 1034, 2051, 3669, 4174, 4503, 4277, 8760, 712, 0, 0
18:53:16, 1077.40, 17.31, 21.18, 15.289, 1876, 1670, 4014, 4561, 5261, 7749, 5574, 8152, 7575, 704, 0, 0, 339, 453, 1058, 2096, 3770, 4278, 4612, 4366, 8973, 731, 0, 0
18:53:17, 1074.60, 17.31, 21.18, 15.313, 1915, 1586, 3748, 4418, 5218, 8051, 5685, 8335, 8229, 796, 0, 0, 341, 460, 1072, 2117, 3771, 4270, 4590, 4335, 8987, 733, 0, 0
18:53:17, 1068.50, 17.31, 21.18, 15.375, 1646, 1323, 2837, 3742, 3972, 6028, 4656, 5888, 7922, 815, 0, 0, 350, 478, 1110, 2182, 3853, 4332, 4641, 4359, 9073, 742, 0, 0
18:53:18, 1060.10, 17.32, 21.19, 15.375, 1528, 1351, 2605, 3764, 3703, 6018, 4624, 5507, 8584, 949, 0, 0, 364, 509, 1173, 2272, 3944, 4403, 4677, 4387, 9312, 761, 0, 0
18:53:19, 1055.40, 17.32, 21.18, 15.391, 2285, 1884, 3729, 6048, 4810, 10921, 7764, 8543, 13525, 1405, 0, 0, 367, 525, 1198, 2291, 3984, 4428, 4686, 4391, 9487, 777, 0, 0
18:53:19, 1050.30, 17.32, 21.21, 15.430, 2676, 2117, 3638, 7406, 5247, 12336, 10390, 10192, 19032, 1840, 0, 0, 376, 547, 1236, 2341, 4047, 4478, 4720, 4411, 9734, 800, 0, 0
18:53:20, 1048.50, 17.31, 21.19, 15.430, 1514, 1682, 2570, 5611, 3952, 6691, 6482, 5924, 15250, 1881, 0, 0, 395, 576, 1300, 2447, 4176, 4611, 4862, 4542, 10137, 836, 0, 0
18:53:21, 1046.80, 17.31, 21.19, 15.461, 1288, 1738, 2491, 5553, 4092, 5665, 7398, 5714, 19864, 2469, 0, 0, 413, 605, 1360, 2539, 4325, 4763, 5029, 4689, 10610, 878, 0, 0
18:53:21, 1042.20, 17.32, 21.23, 15.461, 1191, 1787, 2500, 5093, 4108, 5173, 7928, 5460, 26545, 2953, 0, 0, 422, 625, 1397, 2591, 4416, 4845, 5107, 4749, 10960, 912, 0, 0
18:53:22, 1033.60, 17.33, 21.21, 15.477, 1002, 1620, 2226, 3902, 3718, 4054, 6426, 4876, 25820, 3969, 0, 0, 449, 676, 1488, 2712, 4554, 4956, 5219, 4833, 11582, 976, 0, 0
18:53:23, 1026.80, 17.34, 21.21, 15.531, 1164, 1937, 2491, 4866, 4815, 4364, 11594, 5406, 36000, 9633, 1, 1, 456, 701, 1512, 2710, 4494, 4864, 5120, 4734, 11781, 1008, 0, 0
18:53:23, 1022.40, 17.35, 21.21, 15.531, 1472, 3398, 3317, 9927, 12771, 5517, 23559, 6724, 36000, 29753, 1, 1, 452, 701, 1496, 2658, 4389, 4741, 4991, 4607, 11827, 1025, 0, 0
18:53:24, 1020.80, 17.36, 21.19, 15.602, 1759, 4916, 6713, 16784, 15463, 6184, 31673, 7938, 36000, 36000, 1, 1, 464, 724, 1527, 2700, 4473, 4840, 5091, 4703, 12235, 1069, 0, 0
18:53:25, 1015.30, 17.38, 21.16, 15.648, 1582, 2677, 4052, 5370, 6065, 3902, 9856, 5670, 36000, 33237, 1, 1, 477, 744, 1561, 2740, 4494, 4858, 5098, 4712, 12484, 1111, 0, 0
18:53:25, 1016.40, 17.37, 21.18, 15.648, 1668, 2607, 4200, 4716, 7030, 3615, 11094, 5116, 36000, 36000, 1, 1, 1341, 2410, 3421, 5144, 12729, 13995, 18337, 18962, 33755, 19908, 0, 1
18:53:26, 1015.50, 17.36, 21.23, 15.664, 5587, 6467, 13902, 11463, 24681, 26610, 29604, 36000, 36000, 36000, 1, 1, 3679, 7422, 8194, 12869, 11525, 12189, 17943, 18018, 35998, 15675, 0, 1
18:53:27, 1015.40, 17.37, 21.21, 15.672, 1459, 1661, 2613, 2462, 3651, 3342, 3406, 3982, 35680, 31301, 0, 1, 3835, 6311, 8325, 10848, 13829, 15832, 17842, 22231, 36000, 22928, 1, 1
18:53:27, 1015.30, 17.39, 21.21, 15.672, 8210, 16844, 20264, 24513, 35761, 36000, 36000, 36000, 36000, 36000, 1, 1, 4640, 7506, 10186, 12775, 14632, 15887, 18949, 22868, 36000, 36000, 1, 1
18:53:28, 1014.90, 17.39, 21.21, 15.617, 4751, 6323, 5095, 15649, 15432, 14118, 28547, 12732, 14503, 6181, 0, 0, 5809, 8956, 12080, 15428, 19457, 22293, 26877, 30789, 36000, 36000, 1, 1
18:53:29, 1015.10, 17.42, 21.21, 15.563, 3824, 7038, 12090, 11536, 23003, 9963, 29056, 22370, 12983, 8400, 0, 0, 8766, 13645, 18185, 21681, 26820, 30389, 35849, 36000, 36000, 36000, 1, 1
