Secchi Depth (cm) = 0121
Forel Ule Scale = 14
pH Colour Scale = 99
SensingSecchi S/N = A016
Latitude (degs N) = 34.14028
Longitude (degs E) = -77.86222
Date = 2026-03-13
Time (UTC), Pressure (mbar) MS5803, Temp (deg C) MS5803, Temp (deg C) 10KTHERM, Temp (deg C) TMP117, ED 415nm, ED 445nm, ED 480nm, ED 515nm, ED 555nm, ED 590nm, ED 630nm, ED 680nm, ED Clear, ED NIR, ED D-SAT, ED A-SAT, EU 415nm, EU 445nm, EU 480nm, EU 515nm, EU 555nm, EU 590nm, EU 630nm, EU 680nm, EU Clear, EU NIR, EU D-SAT, EU A-SAT
18:46:30, 1016.00, 20.11, 21.94, 15.445, 2493, 4268, 4648, 9517, 10618, 11817, 18706, 13405, 36000, 27656, 1, 1, 8732, 12804, 17907, 21914, 26095, 30309, 36000, 36000, 36000, 36000, 1, 1
18:46:30, 1016.00, 20.09, 21.99, 15.445, 3537, 3748, 4702, 8654, 6086, 11246, 10967, 10702, 35893, 10558, 0, 1, 9373, 13804, 19420, 23691, 26859, 31192, 36000, 36000, 36000, 36000, 1, 1
18:46:31, 1015.10, 20.08, 21.99, 15.422, 4838, 4156, 6564, 8470, 5691, 9810, 6964, 10073, 15985, 7538, 0, 0, 9220, 13829, 18983, 23369, 28898, 33893, 36000, 36000, 36000, 36000, 1, 1
18:46:32, 1015.90, 20.07, 21.97, 15.445, 5738, 4288, 7586, 8027, 7321, 12076, 7887, 13251, 15612, 7591, 0, 0, 9299, 13970, 19168, 23670, 27373, 31643, 36000, 36000, 36000, 36000, 1, 1
18:46:32, 1015.70, 20.07, 21.97, 15.445, 4585, 3924, 6226, 8030, 6422, 11637, 9316, 11924, 20448, 8297, 0, 0, 9435, 13866, 19593, 23594, 28500, 32752, 36000, 36000, 36000, 36000, 1, 1
18:46:33, 1015.90, 20.09, 21.99, 15.461, 4075, 3918, 5279, 9068, 6933, 12469, 12994, 12262, 36000, 11976, 1, 1, 8967, 13097, 18499, 22561, 28819, 32432, 36000, 36000, 36000, 36000, 1, 1
18:46:34, 1016.50, 20.11, 21.97, 15.484, 3167, 3990, 4638, 9376, 6754, 9622, 13284, 9733, 36000, 15125, 1, 1, 8366, 12427, 17637, 21345, 25649, 29323, 35843, 36000, 36000, 36000, 1, 1
18:46:34, 1015.50, 20.13, 21.97, 15.484, 3106, 5705, 6458, 11940, 11115, 11891, 18975, 13194, 36000, 35939, 1, 1, 10163, 15474, 21724, 25685, 29463, 32920, 36000, 36000, 36000, 36000, 1, 1
18:46:35, 1015.90, 20.17, 21.99, 15.477, 5898, 6305, 9505, 10015, 8782, 9465, 11095, 13593, 12801, 6064, 0, 0, 10043, 14779, 20593, 24620, 30978, 34905, 36000, 36000, 36000, 36000, 1, 1
18:46:36, 1016.60, 20.19, 21.99, 15.531, 5503, 5543, 9018, 8455, 13672, 19687, 16472, 24651, 26759, 10450, 0, 0, 10156, 14622, 20782, 24590, 28965, 33158, 36000, 36000, 36000, 36000, 1, 1
18:46:36, 1017.90, 20.21, 22.01, 15.531, 5151, 6784, 11841, 10628, 13773, 13437, 12837, 18583, 36000, 36000, 1, 1, 9777, 14641, 21111, 25156, 29012, 33118, 36000, 36000, 36000, 36000, 1, 1
18:46:37, 1017.00, 20.25, 21.99, 15.586, 6429, 7132, 9428, 15127, 10294, 18681, 13293, 20473, 36000, 36000, 1, 1, 8637, 13083, 18231, 22275, 29616, 33984, 36000, 36000, 36000, 36000, 1, 1
18:46:38, 1015.70, 20.25, 22.01, 15.563, 5945, 8203, 13342, 12394, 16928, 12659, 23997, 19799, 36000, 36000, 1, 1, 7663, 11875, 16625, 20274, 27176, 29345, 35059, 36000, 36000, 36000, 1, 1
18:46:38, 1016.40, 20.26, 21.99, 15.563, 5315, 5459, 7437, 11810, 7818, 13864, 11081, 14521, 24691, 10920, 0, 0, 9110, 13427, 19201, 22717, 26802, 30632, 36000, 36000, 36000, 36000, 1, 1
18:46:39, 1016.80, 20.29, 22.04, 15.602, 4968, 4115, 6520, 8494, 9128, 15583, 15760, 15951, 35272, 14213, 0, 1, 8420, 12400, 17788, 21136, 24723, 28405, 33227, 36000, 36000, 36000, 1, 1
18:46:40, 1017.20, 20.31, 21.99, 15.672, 1567, 2578, 3151, 5292, 3145, 2667, 4802, 3711, 28141, 14040, 0, 0, 5403, 9387, 12774, 16845, 20275, 22592, 27648, 32440, 36000, 31866, 1, 1
18:46:40, 1014.70, 20.33, 21.99, 15.672, 6380, 8123, 13409, 12678, 8179, 8575, 7071, 10871, 36000, 36000, 1, 1, 4232, 7181, 9759, 13042, 23316, 24830, 28509, 31580, 36000, 32163, 1, 1
18:46:41, 1017.00, 20.33, 21.97, 15.719, 7017, 7452, 11467, 14166, 28515, 28151, 34507, 36000, 36000, 36000, 1, 1, 4123, 5955, 8995, 11003, 10786, 11771, 13885, 16844, 36000, 27149, 1, 1
18:46:41, 1016.50, 20.38, 21.99, 15.719, 4794, 6287, 7687, 13334, 10467, 12892, 18313, 14639, 28973, 9286, 0, 0, 2868, 4711, 7188, 8826, 6936, 7086, 8698, 8799, 31250, 11056, 0, 0
18:46:42, 1016.80, 20.37, 22.02, 15.820, 2750, 5455, 6334, 10909, 13025, 13743, 20815, 16511, 15235, 6753, 0, 0, 1472, 2637, 3561, 5317, 4704, 5097, 5902, 6281, 16226, 4498, 0, 0
18:46:43, 1022.90, 20.31, 22.02, 15.914, 4858, 7511, 11281, 13380, 15563, 11917, 22337, 19109, 14725, 8033, 0, 0, 387, 629, 1304, 2234, 3546, 3806, 3976, 3695, 8683, 771, 0, 0
18:46:43, 1022.00, 20.19, 22.01, 15.914, 1388, 2438, 3352, 4855, 11031, 6601, 17254, 9157, 13215, 4468, 0, 0, 376, 606, 1280, 2228, 3653, 3933, 4096, 3810, 8760, 764, 0, 0
18:46:44, 1023.30, 20.05, 22.02, 15.820, 6830, 10985, 13629, 15577, 19875, 7930, 27479, 14390, 14339, 8141, 0, 0, 414, 673, 1402, 2400, 3636, 3897, 4072, 3805, 8987, 805, 0, 0
18:46:45, 1021.40, 19.91, 21.99, 15.813, 2169, 6025, 8122, 13983, 21032, 13830, 29153, 18903, 14811, 6879, 0, 0, 400, 651, 1341, 2284, 3549, 3814, 3984, 3711, 8831, 805, 0, 0
18:46:45, 1025.50, 19.78, 21.99, 15.813, 3010, 7441, 8550, 15632, 17100, 17536, 22232, 24105, 29712, 9828, 0, 0, 400, 652, 1361, 2321, 3597, 3866, 4034, 3752, 8893, 769, 0, 0
18:46:46, 1020.90, 19.67, 21.99, 15.797, 3415, 7134, 9638, 15962, 24447, 24400, 34812, 33313, 20532, 7686, 0, 1, 407, 661, 1358, 2292, 3647, 3914, 4093, 3840, 9241, 851, 0, 0
18:46:47, 1024.50, 19.58, 22.01, 15.797, 4382, 8947, 11252, 19224, 10057, 11559, 14577, 13458, 22027, 7256, 0, 0, 443, 720, 1478, 2485, 3887, 4168, 4352, 4081, 9921, 877, 0, 0
18:46:47, 1021.20, 19.50, 21.97, 15.797, 3674, 5529, 4966, 18256, 6886, 12802, 17971, 8273, 19948, 6202, 0, 0, 440, 711, 1463, 2463, 3907, 4172, 4368, 4114, 10371, 940, 0, 0
18:46:48, 1020.80, 19.43, 22.01, 15.789, 7398, 8311, 8436, 17103, 6738, 17777, 19984, 11394, 35923, 9236, 0, 1, 476, 771, 1566, 2595, 3881, 4155, 4340, 4093, 10541, 962, 0, 0
18:46:49, 1021.90, 19.37, 21.96, 15.797, 6988, 8323, 11290, 18288, 9448, 25452, 25144, 27899, 36000, 35843, 1, 1, 456, 733, 1499, 2516, 3948, 4236, 4411, 4146, 10763, 965, 0, 0
18:46:49, 1020.30, 19.33, 21.96, 15.797, 3155, 3698, 5879, 7120, 13679, 16873, 20221, 23804, 36000, 27126, 1, 1, 447, 719, 1477, 2484, 3975, 4266, 4444, 4200, 10931, 998, 0, 0
18:46:50, 1022.20, 19.30, 21.99, 15.797, 6003, 14307, 14529, 22495, 14143, 25113, 16694, 27840, 36000, 36000, 1, 1, 468, 753, 1535, 2558, 4056, 4353, 4531, 4283, 11217, 1005, 0, 0
18:46:51, 1020.20, 19.26, 21.94, 15.805, 7395, 5484, 13646, 14109, 15464, 26766, 10390, 24708, 36000, 36000, 1, 1, 481, 773, 1571, 2610, 4056, 4361, 4542, 4302, 11265, 1019, 0, 0
18:46:51, 1022.10, 19.23, 21.94, 15.805, 7268, 10749, 15983, 18353, 15678, 24881, 9075, 31045, 36000, 36000, 1, 1, 485, 780, 1587, 2653, 4272, 4593, 4774, 4525, 11880, 1067, 0, 0
18:46:52, 1020.70, 19.21, 21.97, 15.805, 6718, 4882, 12500, 9828, 8542, 14740, 5499, 13512, 36000, 36000, 1, 1, 481, 776, 1574, 2624, 4031, 4343, 4522, 4286, 11402, 1021, 0, 0
18:46:53, 1021.20, 19.20, 21.96, 15.805, 8264, 6838, 14798, 13142, 15245, 20529, 11966, 21243, 36000, 36000, 1, 1, 470, 761, 1537, 2558, 3991, 4293, 4473, 4247, 11240, 1016, 0, 0
18:46:53, 1020.60, 19.17, 21.97, 15.805, 10229, 4056, 13894, 7148, 11827, 20684, 6517, 18080, 36000, 36000, 1, 1, 471, 759, 1532, 2558, 3993, 4288, 4468, 4235, 11348, 1019, 0, 0
18:46:54, 1020.70, 19.14, 21.96, 15.805, 9022, 4691, 14262, 8960, 22643, 25342, 20861, 30361, 36000, 36000, 1, 1, 491, 790, 1600, 2649, 4033, 4333, 4517, 4281, 11457, 1037, 0, 0
18:46:55, 1023.00, 19.12, 21.94, 15.805, 7529, 7527, 12601, 12966, 12073, 23485, 7471, 19464, 36000, 36000, 1, 1, 483, 781, 1577, 2639, 4185, 4498, 4682, 4429, 11759, 1058, 0, 0
18:46:55, 1023.60, 19.10, 21.92, 15.805, 7504, 3788, 14118, 5602, 11255, 10862, 7188, 12448, 36000, 34733, 1, 1, 438, 706, 1449, 2453, 3893, 4192, 4371, 4116, 10976, 952, 0, 0
18:46:56, 1022.80, 19.08, 21.94, 15.805, 7554, 3479, 14295, 4788, 19801, 14426, 9062, 18850, 36000, 36000, 1, 1, 455, 739, 1497, 2512, 4031, 4330, 4512, 4276, 11424, 1018, 0, 0
18:46:57, 1025.40, 19.07, 21.96, 15.805, 4304, 2590, 9217, 3724, 15023, 14478, 14413, 20058, 36000, 35860, 1, 1, 424, 687, 1403, 2365, 3713, 3995, 4161, 3916, 10470, 909, 0, 0
18:46:57, 1024.30, 19.04, 21.92, 15.805, 4795, 2990, 10993, 4277, 20122, 17479, 11725, 19052, 36000, 36000, 1, 1, 382, 618, 1269, 2148, 3352, 3604, 3752, 3537, 9487, 823, 0, 0
18:46:58, 1025.00, 19.02, 21.97, 15.805, 5234, 4035, 11172, 4935, 15607, 12697, 8623, 14341, 36000, 36000, 1, 1, 356, 581, 1178, 1981, 3032, 3255, 3381, 3178, 8537, 738, 0, 0
18:46:59, 1024.30, 19.01, 21.89, 15.805, 4170, 3437, 8771, 4600, 10391, 7946, 6163, 9091, 36000, 36000, 1, 1, 340, 554, 1135, 1914, 2996, 3209, 3333, 3136, 8444, 729, 0, 0
18:46:59, 1021.50, 19.00, 21.94, 15.797, 4908, 2927, 9603, 3943, 9093, 6940, 5364, 7681, 36000, 36000, 1, 1, 351, 571, 1152, 1922, 3031, 3241, 3368, 3170, 8657, 772, 0, 0
18:47:00, 1023.50, 19.00, 21.92, 15.805, 5109, 3140, 10862, 4026, 6448, 5916, 5094, 7110, 34541, 29519, 0, 1, 364, 595, 1198, 1994, 3000, 3209, 3335, 3133, 8505, 746, 0, 0
18:47:01, 1022.50, 18.98, 21.90, 15.805, 4572, 4615, 9257, 5869, 13706, 10976, 7158, 14995, 36000, 36000, 1, 1, 344, 557, 1127, 1892, 3076, 3295, 3424, 3230, 8772, 784, 0, 0
18:47:01, 1026.20, 18.96, 21.89, 15.789, 4425, 4265, 8690, 5250, 7099, 6561, 6081, 8060, 35943, 31912, 0, 1, 345, 563, 1146, 1924, 2929, 3134, 3256, 3055, 8297, 710, 0, 0
18:47:02, 1025.00, 18.96, 21.92, 15.805, 3960, 2697, 7825, 3717, 12556, 10030, 8493, 11212, 36000, 36000, 1, 1, 325, 526, 1084, 1839, 2961, 3169, 3292, 3091, 8391, 720, 0, 0
18:47:03, 1027.10, 18.94, 21.87, 15.805, 4487, 3029, 8447, 4054, 14391, 12968, 8976, 13880, 36000, 36000, 1, 1, 346, 561, 1151, 1954, 3051, 3269, 3395, 3180, 8539, 725, 0, 0
18:47:03, 1026.50, 18.93, 21.90, 15.789, 4225, 3060, 8798, 4290, 8929, 7119, 5555, 8792, 36000, 36000, 1, 1, 342, 555, 1140, 1936, 2968, 3179, 3302, 3096, 8362, 710, 0, 0
18:47:04, 1026.40, 18.92, 21.90, 15.797, 4511, 3090, 7676, 3973, 9190, 7381, 6214, 8244, 36000, 36000, 1, 1, 339, 554, 1134, 1913, 2823, 3018, 3137, 2929, 7936, 672, 0, 0
18:47:05, 1027.40, 18.91, 21.90, 15.797, 3846, 2857, 7710, 3827, 9557, 7692, 6797, 8663, 36000, 36000, 1, 1, 315, 515, 1057, 1794, 2740, 2924, 3041, 2844, 7738, 653, 0, 0
18:47:05, 1026.90, 18.89, 21.89, 15.797, 3877, 3527, 7640, 4080, 10738, 5396, 7497, 7555, 36000, 36000, 1, 1, 314, 513, 1050, 1781, 2669, 2845, 2958, 2762, 7518, 635, 0, 0
18:47:06, 1027.30, 18.89, 21.89, 15.797, 3878, 3263, 7161, 3983, 7919, 4541, 7633, 6233, 36000, 36000, 1, 1, 297, 488, 995, 1682, 2487, 2650, 2750, 2562, 7019, 595, 0, 0
18:47:07, 1027.60, 18.89, 21.87, 15.805, 3718, 3487, 8076, 4957, 7861, 4238, 8556, 6588, 36000, 35440, 1, 1, 283, 464, 958, 1629, 2492, 2654, 2755, 2562, 7031, 590, 0, 0
18:47:07, 1027.00, 18.89, 21.89, 15.805, 3302, 2925, 7438, 4127, 9154, 4394, 10817, 6850, 36000, 36000, 1, 1, 310, 509, 1039, 1753, 2615, 2783, 2892, 2688, 7390, 625, 0, 0
18:47:08, 1030.00, 18.89, 21.90, 15.805, 3688, 3617, 7894, 5267, 9029, 4043, 9921, 5873, 36000, 36000, 1, 1, 294, 478, 992, 1700, 2634, 2806, 2914, 2704, 7383, 613, 0, 0
18:47:09, 1026.30, 18.89, 21.87, 15.805, 2227, 2635, 6907, 4994, 9839, 4190, 12418, 6547, 36000, 36000, 1, 1, 299, 488, 1007, 1714, 2668, 2841, 2955, 2745, 7525, 638, 0, 0
18:47:09, 1027.80, 18.88, 21.90, 15.805, 1986, 2527, 6546, 4289, 9072, 3923, 12313, 5811, 36000, 36000, 1, 1, 314, 513, 1059, 1801, 2773, 2948, 3068, 2847, 7849, 660, 0, 0
18:47:10, 1027.90, 18.87, 21.89, 15.805, 1795, 2478, 6030, 4305, 10685, 4008, 12594, 6147, 36000, 36000, 1, 1, 307, 501, 1040, 1777, 2833, 3016, 3140, 2926, 8005, 676, 0, 0
18:47:11, 1026.90, 18.84, 21.87, 15.805, 2069, 3121, 6786, 5449, 11508, 4415, 17682, 7282, 36000, 36000, 1, 1, 322, 529, 1089, 1845, 2818, 2992, 3115, 2894, 7981, 675, 0, 0
18:47:11, 1023.90, 18.82, 21.89, 15.813, 2242, 3564, 7788, 6526, 11443, 4161, 17964, 6598, 36000, 36000, 1, 1, 326, 535, 1096, 1848, 2853, 3025, 3153, 2931, 8125, 702, 0, 0
18:47:12, 1025.50, 18.81, 21.87, 15.813, 2770, 4251, 9312, 7627, 11830, 3944, 16781, 6289, 36000, 36000, 1, 1, 326, 535, 1101, 1867, 2899, 3076, 3207, 2984, 8236, 705, 0, 0
18:47:13, 1023.30, 18.79, 21.87, 15.797, 1755, 2824, 5906, 5512, 10691, 3849, 16460, 5859, 36000, 36000, 1, 1, 307, 505, 1033, 1749, 2648, 2810, 2928, 2717, 7522, 654, 0, 0
18:47:13, 1025.90, 18.78, 21.87, 15.805, 1906, 3026, 6261, 6217, 9309, 3510, 14407, 5296, 36000, 36000, 1, 1, 279, 460, 943, 1596, 2400, 2543, 2644, 2451, 6777, 573, 0, 0
18:47:14, 1024.70, 18.76, 21.87, 15.805, 1607, 2501, 5156, 4506, 9227, 3583, 13186, 5530, 36000, 36000, 1, 1, 262, 431, 881, 1490, 2330, 2469, 2558, 2375, 6576, 563, 0, 0
18:47:15, 1025.30, 18.75, 21.87, 15.797, 2187, 3372, 7112, 6060, 9482, 3706, 14628, 5726, 36000, 36000, 1, 1, 284, 467, 956, 1618, 2638, 2796, 2904, 2708, 7499, 643, 0, 0
18:47:15, 1023.60, 18.73, 21.87, 15.805, 1791, 2953, 5999, 6104, 10585, 3937, 16078, 6300, 36000, 36000, 1, 1, 316, 519, 1052, 1770, 2735, 2901, 3019, 2812, 7775, 676, 0, 0
18:47:16, 1025.20, 18.73, 21.89, 15.805, 2285, 2963, 7084, 5083, 10995, 3995, 15883, 6217, 36000, 36000, 1, 1, 312, 513, 1051, 1779, 2808, 2981, 3104, 2894, 7975, 683, 0, 0
18:47:17, 1024.70, 18.73, 21.85, 15.789, 2410, 3814, 9047, 8539, 13290, 5275, 18894, 9358, 36000, 36000, 1, 1, 320, 524, 1074, 1815, 2812, 2987, 3115, 2894, 7999, 691, 0, 0
18:47:17, 1026.50, 18.72, 21.89, 15.797, 2048, 3565, 7169, 7342, 11963, 5973, 14523, 9673, 36000, 36000, 1, 1, 294, 483, 994, 1683, 2646, 2809, 2926, 2722, 7490, 642, 0, 0
18:47:18, 1024.00, 18.72, 21.87, 15.797, 2158, 4674, 6416, 7763, 10986, 5370, 14492, 8376, 36000, 36000, 1, 1, 283, 467, 951, 1601, 2474, 2618, 2724, 2532, 7020, 608, 0, 0
18:47:18, 1023.90, 18.72, 21.89, 15.805, 1983, 3672, 6054, 7285, 10256, 4471, 15054, 6761, 36000, 36000, 1, 1, 290, 480, 976, 1636, 2502, 2644, 2757, 2561, 7112, 615, 0, 0
18:47:19, 1023.50, 18.71, 21.83, 15.805, 1910, 3443, 5977, 7065, 11369, 4266, 15204, 6611, 36000, 36000, 1, 1, 280, 464, 940, 1571, 2428, 2565, 2667, 2481, 6876, 600, 0, 0
18:47:20, 1023.10, 18.71, 21.83, 15.805, 1644, 3004, 5135, 6474, 7054, 3379, 11670, 4754, 36000, 35819, 1, 1, 261, 433, 881, 1475, 2279, 2403, 2497, 2316, 6452, 559, 0, 0
18:47:20, 1023.70, 18.71, 21.82, 15.797, 1531, 2521, 4198, 4939, 8414, 3505, 12849, 5022, 36000, 36000, 1, 1, 270, 448, 905, 1512, 2336, 2463, 2556, 2376, 6643, 580, 0, 0
18:47:21, 1025.90, 18.71, 21.87, 15.797, 2015, 3960, 7761, 8557, 8094, 3979, 12197, 5570, 36000, 35617, 1, 1, 242, 399, 821, 1388, 2133, 2253, 2341, 2164, 5992, 511, 0, 0
18:47:22, 1025.00, 18.70, 21.85, 15.789, 1359, 2436, 4075, 5350, 7760, 3737, 12821, 5387, 36000, 36000, 1, 1, 247, 408, 833, 1398, 2125, 2242, 2327, 2152, 6026, 517, 0, 0
18:47:22, 1024.00, 18.70, 21.89, 15.797, 1676, 3053, 5549, 7242, 9123, 4135, 14246, 5886, 36000, 36000, 1, 1, 254, 417, 858, 1448, 2348, 2482, 2579, 2396, 6626, 573, 0, 0
18:47:23, 1024.30, 18.69, 21.87, 15.797, 2588, 4427, 8313, 10095, 11216, 5384, 15040, 7656, 36000, 36000, 1, 1, 283, 465, 953, 1604, 2504, 2647, 2754, 2559, 7057, 611, 0, 0
18:47:24, 1023.70, 18.67, 21.87, 15.789, 1757, 3215, 5767, 7656, 9676, 4361, 16312, 6168, 36000, 36000, 1, 1, 303, 497, 1024, 1729, 2730, 2892, 3007, 2797, 7702, 664, 0, 0
18:47:24, 1023.00, 18.66, 21.82, 15.797, 1546, 2313, 3479, 4161, 6074, 4571, 7811, 6449, 35158, 18683, 0, 1, 330, 546, 1118, 1878, 2909, 3082, 3212, 3001, 8254, 723, 0, 0
18:47:25, 1022.90, 18.65, 21.85, 15.797, 1467, 2176, 3414, 3907, 6439, 3832, 10162, 5639, 36000, 36000, 1, 1, 334, 553, 1118, 1862, 2707, 2861, 2980, 2784, 7676, 677, 0, 0
18:47:26, 1024.40, 18.64, 21.82, 15.789, 1512, 2770, 4674, 6160, 9159, 3934, 15236, 5705, 36000, 36000, 1, 1, 288, 477, 972, 1627, 2413, 2550, 2652, 2464, 6846, 591, 0, 0
18:47:26, 1023.10, 18.63, 21.82, 15.797, 1641, 2676, 4521, 5490, 9793, 4028, 15968, 5906, 36000, 36000, 1, 1, 283, 467, 950, 1586, 2409, 2544, 2648, 2465, 6884, 599, 0, 0
18:47:27, 1024.60, 18.63, 21.83, 15.797, 1720, 2935, 4968, 6112, 12206, 4355, 14880, 6671, 36000, 36000, 1, 1, 283, 463, 952, 1601, 2501, 2646, 2752, 2552, 7148, 613, 0, 0
18:47:28, 1023.70, 18.63, 21.85, 15.789, 1439, 2259, 3749, 4359, 11930, 5606, 14733, 9258, 36000, 36000, 1, 1, 299, 490, 1008, 1693, 2686, 2841, 2956, 2748, 7626, 658, 0, 0
18:47:28, 1022.80, 18.63, 21.85, 15.789, 1789, 3124, 5459, 6652, 8414, 3775, 13791, 5426, 36000, 36000, 1, 1, 321, 527, 1079, 1807, 2819, 2982, 3108, 2897, 7999, 698, 0, 0
18:47:29, 1023.90, 18.63, 21.83, 15.789, 1612, 2586, 4368, 5088, 9210, 4097, 14322, 5748, 36000, 36000, 1, 1, 327, 542, 1100, 1835, 2697, 2850, 2968, 2766, 7616, 664, 0, 0
18:47:30, 1023.80, 18.63, 21.82, 15.789, 1801, 3333, 5674, 7325, 7312, 3847, 11286, 5365, 36000, 36000, 1, 1, 272, 449, 919, 1544, 2322, 2449, 2546, 2358, 6636, 572, 0, 0
18:47:30, 1025.00, 18.62, 21.83, 15.797, 1470, 2548, 4387, 5530, 8583, 4051, 13048, 5773, 36000, 35948, 1, 1, 235, 387, 795, 1329, 1978, 2082, 2158, 1990, 5606, 478, 0, 0
18:47:31, 1023.40, 18.62, 21.83, 15.797, 1557, 2750, 4613, 5259, 7209, 3460, 11620, 4990, 36000, 33326, 1, 1, 214, 354, 724, 1210, 1855, 1949, 2018, 1863, 5268, 455, 0, 0
18:47:32, 1024.60, 18.62, 21.82, 15.789, 1399, 2393, 3985, 4798, 7665, 3455, 10192, 5055, 36000, 32336, 1, 1, 212, 351, 722, 1215, 1901, 2001, 2067, 1904, 5348, 454, 0, 0
18:47:32, 1024.80, 18.62, 21.85, 15.789, 1487, 2579, 4333, 5257, 8944, 4414, 11505, 6857, 36000, 36000, 1, 1, 236, 390, 797, 1342, 2125, 2240, 2322, 2148, 6010, 515, 0, 0
18:47:33, 1025.50, 18.61, 21.82, 15.789, 1629, 3098, 5328, 7391, 9741, 4853, 12584, 7621, 36000, 36000, 1, 1, 254, 418, 861, 1454, 2291, 2423, 2513, 2331, 6471, 554, 0, 0
18:47:34, 1025.00, 18.62, 21.82, 15.789, 1446, 2702, 4527, 6061, 9431, 4508, 13561, 6329, 36000, 36000, 1, 1, 263, 435, 890, 1496, 2294, 2422, 2515, 2333, 6479, 559, 0, 0
18:47:34, 1025.30, 18.62, 21.83, 15.789, 1458, 2545, 4071, 5364, 5911, 4137, 8720, 5712, 36000, 24004, 1, 1, 243, 403, 823, 1378, 2043, 2154, 2232, 2068, 5743, 493, 0, 0
18:47:35, 1023.90, 18.62, 21.82, 15.797, 1421, 2722, 4611, 5837, 7079, 3659, 10965, 5156, 36000, 35952, 1, 1, 232, 387, 784, 1305, 2006, 2107, 2184, 2023, 5682, 495, 0, 0
18:47:36, 1024.30, 18.62, 21.80, 15.789, 1503, 4185, 5277, 7672, 7920, 3893, 11346, 5374, 36000, 35570, 1, 1, 231, 381, 781, 1315, 2154, 2271, 2354, 2181, 6098, 527, 0, 0
18:47:36, 1025.30, 18.61, 21.80, 15.789, 1345, 2656, 4303, 5925, 9072, 4258, 12879, 5903, 36000, 35963, 1, 1, 265, 433, 893, 1508, 2504, 2650, 2758, 2561, 7072, 610, 0, 0
18:47:37, 1024.40, 18.61, 21.82, 15.789, 1809, 4231, 7483, 8860, 14280, 5656, 16861, 8025, 36000, 36000, 1, 1, 316, 518, 1062, 1797, 2923, 3097, 3230, 3008, 8354, 730, 0, 0
18:47:38, 1024.40, 18.61, 21.82, 15.789, 2107, 6320, 9607, 11887, 17287, 8131, 20526, 12566, 36000, 36000, 1, 1, 329, 539, 1104, 1858, 2988, 3166, 3305, 3084, 8542, 751, 0, 0
18:47:38, 1023.90, 18.60, 21.83, 15.789, 2208, 6874, 8910, 12991, 14980, 8179, 20272, 13143, 36000, 36000, 1, 1, 303, 495, 1017, 1718, 2836, 3003, 3131, 2922, 8112, 716, 0, 0
18:47:39, 1025.50, 18.59, 21.80, 15.781, 1863, 5154, 7411, 10314, 16382, 6791, 18459, 10015, 36000, 36000, 1, 1, 302, 494, 1016, 1716, 2822, 2991, 3119, 2901, 8006, 696, 0, 0
18:47:40, 1025.20, 18.59, 21.83, 15.797, 1615, 3564, 6414, 8344, 12317, 5472, 17201, 7674, 36000, 36000, 1, 1, 318, 519, 1074, 1821, 3003, 3189, 3328, 3100, 8506, 736, 0, 0
18:47:40, 1024.40, 18.59, 21.82, 15.797, 1962, 4710, 9152, 9808, 14577, 6480, 19685, 9345, 36000, 36000, 1, 1, 355, 581, 1190, 2009, 3242, 3437, 3595, 3352, 9221, 810, 0, 0
18:47:41, 1025.70, 18.59, 21.80, 15.781, 1847, 4004, 7015, 9827, 13794, 5810, 18935, 8119, 36000, 36000, 1, 1, 361, 591, 1224, 2073, 3281, 3484, 3642, 3393, 9251, 799, 0, 0
18:47:42, 1024.10, 18.58, 21.82, 15.781, 1859, 3534, 5704, 9809, 14311, 5625, 21225, 7870, 36000, 36000, 1, 1, 378, 618, 1274, 2157, 3381, 3587, 3753, 3497, 9590, 841, 0, 0
18:47:42, 1024.80, 18.58, 21.82, 15.781, 1773, 4584, 6118, 12178, 17441, 6914, 30282, 9568, 36000, 36000, 1, 1, 394, 640, 1325, 2255, 3641, 3864, 4047, 3772, 10344, 907, 0, 0
18:47:43, 1025.00, 18.58, 21.83, 15.773, 1680, 4024, 5650, 12390, 11619, 8246, 15676, 10572, 36000, 34809, 1, 1, 420, 680, 1412, 2390, 3759, 3996, 4184, 3902, 10553, 923, 0, 0
18:47:44, 1025.00, 18.58, 21.78, 15.781, 1948, 5074, 6483, 14155, 15183, 7974, 24744, 9989, 36000, 36000, 1, 1, 431, 698, 1446, 2452, 3881, 4129, 4323, 4032, 10920, 960, 0, 0
18:47:44, 1026.50, 18.58, 21.80, 15.781, 1837, 4392, 4733, 11356, 14955, 7628, 22019, 9300, 36000, 36000, 1, 1, 407, 658, 1377, 2356, 3659, 3891, 4070, 3788, 10205, 889, 0, 0
18:47:45, 1025.40, 18.58, 21.82, 15.773, 1557, 3404, 3921, 8423, 14346, 6976, 19400, 8257, 36000, 33716, 1, 1, 350, 570, 1179, 1989, 2937, 3112, 3243, 3014, 8142, 714, 0, 0
18:47:46, 1026.00, 18.58, 21.83, 15.773, 1366, 3216, 3271, 7836, 11436, 6017, 16737, 7108, 36000, 23589, 1, 1, 265, 433, 899, 1528, 2377, 2514, 2607, 2412, 6555, 569, 0, 0
18:47:46, 1024.40, 18.57, 21.82, 15.773, 1320, 3061, 3320, 7116, 7816, 6525, 14014, 7285, 36000, 21127, 1, 1, 260, 423, 877, 1491, 2452, 2594, 2692, 2498, 6767, 594, 0, 0
18:47:47, 1023.90, 18.57, 21.82, 15.773, 1664, 4222, 4010, 11714, 9896, 9097, 16388, 9656, 36000, 30316, 1, 1, 293, 476, 986, 1673, 2767, 2930, 3045, 2832, 7598, 674, 0, 0
18:47:48, 1023.60, 18.57, 21.80, 15.773, 1621, 3855, 3657, 11524, 8335, 7619, 14740, 7373, 36000, 27365, 1, 1, 325, 529, 1093, 1851, 2953, 3125, 3255, 3030, 8156, 730, 0, 0
18:47:48, 1024.40, 18.57, 21.80, 15.766, 1590, 3595, 3541, 11669, 8553, 7777, 15112, 7552, 36000, 28090, 1, 1, 310, 506, 1047, 1769, 2632, 2787, 2892, 2697, 7180, 639, 0, 0
18:47:49, 1025.50, 18.57, 21.78, 15.766, 1463, 2903, 3098, 7784, 7520, 7728, 13934, 7170, 36000, 22162, 1, 1, 246, 399, 830, 1406, 2055, 2174, 2246, 2087, 5568, 494, 0, 0
18:47:50, 1024.20, 18.57, 21.82, 15.766, 1426, 2931, 3035, 7032, 7864, 8264, 12623, 8325, 36000, 17419, 1, 1, 193, 315, 655, 1108, 1731, 1824, 1881, 1742, 4705, 417, 0, 0
18:47:50, 1024.10, 18.56, 21.80, 15.766, 1492, 2840, 2988, 6462, 6311, 6678, 10385, 6573, 36000, 17311, 1, 1, 190, 313, 643, 1083, 1755, 1841, 1903, 1757, 4818, 426, 0, 0
18:47:51, 1026.10, 18.56, 21.82, 15.758, 1290, 2341, 2634, 5835, 4885, 4721, 8934, 5054, 36000, 13379, 1, 1, 204, 336, 690, 1162, 1808, 1904, 1967, 1815, 4922, 430, 0, 0
18:47:52, 1028.20, 18.55, 21.80, 15.758, 1002, 1706, 2180, 3946, 4138, 4178, 7806, 4631, 35621, 8066, 0, 1, 206, 334, 702, 1199, 1895, 2005, 2073, 1911, 5089, 435, 0, 0
18:47:52, 1027.50, 18.53, 21.75, 15.750, 951, 1612, 2054, 3842, 4832, 4973, 9319, 5263, 35587, 9976, 0, 1, 225, 365, 766, 1310, 2098, 2226, 2302, 2131, 5589, 482, 0, 0
18:47:53, 1029.10, 18.52, 21.80, 15.742, 1109, 1936, 2374, 5519, 5690, 6516, 11763, 6261, 36000, 10432, 1, 1, 244, 393, 830, 1434, 2303, 2449, 2535, 2346, 6124, 526, 0, 0
18:47:54, 1027.80, 18.52, 21.78, 15.742, 1278, 2251, 2694, 6539, 6311, 7763, 13689, 7013, 36000, 10577, 1, 1, 267, 429, 903, 1565, 2540, 2707, 2801, 2613, 6715, 589, 0, 0
18:47:54, 1029.20, 18.51, 21.80, 15.742, 1858, 3171, 3516, 10068, 8005, 12072, 17587, 9433, 36000, 9189, 1, 1, 285, 456, 966, 1687, 2764, 2951, 3053, 2847, 7178, 622, 0, 0
18:47:55, 1030.40, 18.50, 21.80, 15.750, 2992, 3852, 4105, 11161, 6835, 12587, 17393, 9889, 36000, 7067, 1, 1, 310, 495, 1052, 1836, 2993, 3202, 3317, 3096, 7675, 663, 0, 0
18:47:56, 1030.90, 18.50, 21.80, 15.750, 3754, 4248, 4662, 12092, 6249, 12001, 15549, 10177, 35967, 5664, 0, 1, 315, 502, 1068, 1874, 3028, 3240, 3365, 3134, 7661, 658, 0, 0
18:47:56, 1032.60, 18.49, 21.75, 15.758, 2788, 2982, 3680, 10024, 5019, 9924, 9027, 8081, 24064, 4377, 0, 0, 311, 491, 1051, 1859, 3023, 3238, 3359, 3120, 7563, 642, 0, 0
18:47:57, 1031.10, 18.50, 21.80, 15.758, 2873, 2620, 3643, 8135, 4623, 9333, 7310, 7411, 19645, 3952, 0, 0, 311, 491, 1051, 1856, 3011, 3226, 3347, 3112, 7497, 637, 0, 0
18:47:58, 1032.90, 18.50, 21.77, 15.758, 3659, 2761, 4038, 8512, 5231, 12506, 9641, 9618, 21861, 3902, 0, 0, 289, 456, 981, 1741, 2830, 3038, 3146, 2922, 6935, 584, 0, 0
18:47:58, 1034.30, 18.50, 21.82, 15.750, 2874, 2268, 3744, 6710, 5283, 11767, 9622, 10418, 19629, 3310, 0, 0, 270, 424, 919, 1648, 2764, 2969, 3075, 2848, 6670, 556, 0, 0
18:47:59, 1031.80, 18.50, 21.78, 15.750, 2900, 2601, 4799, 7264, 7062, 12502, 13520, 16219, 21122, 3330, 0, 0, 276, 431, 934, 1677, 2845, 3051, 3160, 2924, 6761, 565, 0, 0
18:48:00, 1029.70, 18.50, 21.77, 15.750, 5444, 4010, 9431, 12707, 13091, 18869, 15068, 23105, 20050, 3764, 0, 0, 270, 425, 913, 1629, 2681, 2869, 2969, 2742, 6315, 533, 0, 0
18:48:00, 1026.80, 18.49, 21.82, 15.758, 2540, 4425, 5489, 7565, 6338, 10631, 7742, 12652, 15062, 3111, 0, 0, 245, 391, 832, 1475, 2361, 2521, 2608, 2413, 5657, 482, 0, 0
18:48:01, 1024.10, 18.48, 21.80, 15.758, 4673, 8275, 10306, 12823, 13067, 14438, 12658, 20686, 19148, 5130, 0, 0, 258, 417, 871, 1501, 2450, 2603, 2695, 2496, 5967, 514, 0, 0
18:48:02, 1022.30, 18.47, 21.75, 15.758, 4602, 2632, 5301, 7611, 4790, 13244, 8355, 8926, 16554, 5024, 0, 0, 287, 468, 968, 1662, 2759, 2932, 3034, 2820, 6891, 607, 0, 0
18:48:02, 1023.80, 18.45, 21.77, 15.758, 3002, 2189, 3302, 5045, 4335, 10766, 7079, 7518, 18083, 5408, 0, 0, 325, 527, 1093, 1877, 3101, 3295, 3413, 3180, 7903, 700, 0, 0
18:48:03, 1040.60, 18.44, 21.80, 15.758, 3693, 4009, 4960, 11394, 10325, 15207, 21121, 20345, 36000, 5659, 1, 1, 286, 453, 977, 1733, 2877, 3096, 3213, 2971, 7185, 597, 0, 0
18:48:03, 1050.80, 18.41, 21.77, 15.742, 1894, 2073, 3066, 6164, 5145, 10490, 9408, 9025, 22543, 2579, 0, 0, 265, 403, 899, 1659, 2827, 3074, 3197, 2946, 7003, 570, 0, 0
18:48:04, 1061.80, 18.38, 21.75, 15.734, 1259, 1709, 2593, 5111, 4988, 8444, 8254, 7681, 20757, 2142, 0, 0, 278, 409, 933, 1769, 3075, 3375, 3533, 3255, 7632, 612, 0, 0
18:48:05, 1079.30, 18.36, 21.78, 15.734, 925, 1399, 2316, 4036, 4618, 6231, 6791, 6490, 17459, 1618, 0, 0, 276, 382, 899, 1767, 3105, 3466, 3659, 3376, 7583, 610, 0, 0
18:48:05, 1092.70, 18.34, 21.77, 15.719, 926, 1363, 2386, 4766, 5070, 6538, 8260, 6795, 20987, 1506, 0, 0, 260, 343, 816, 1657, 2958, 3334, 3563, 3296, 7314, 586, 0, 0
18:48:06, 1107.30, 18.31, 21.75, 15.672, 701, 1167, 2109, 4149, 4923, 6204, 7711, 6573, 20309, 1382, 0, 0, 239, 305, 727, 1499, 2712, 3095, 3352, 3137, 6709, 541, 0, 0
18:48:07, 1118.30, 18.29, 21.73, 15.672, 775, 1213, 2286, 4498, 3722, 4609, 5410, 4889, 12463, 898, 0, 0, 228, 280, 663, 1382, 2519, 2924, 3197, 3051, 6313, 518, 0, 0
18:48:07, 1130.20, 18.26, 21.77, 15.445, 650, 902, 1853, 3533, 3400, 4523, 4709, 4686, 9404, 660, 0, 0, 215, 262, 609, 1272, 2290, 2689, 2977, 2909, 5727, 484, 0, 0
18:48:08, 1143.50, 18.23, 21.78, 15.352, 463, 616, 1374, 2462, 3093, 3971, 3974, 4170, 6976, 497, 0, 0, 195, 231, 525, 1086, 1755, 2079, 2334, 2311, 4440, 402, 0, 0
18:48:09, 1149.90, 18.20, 21.77, 15.352, 343, 416, 978, 1727, 2494, 3048, 2977, 3195, 4661, 338, 0, 0, 32, 32, 73, 159, 313, 371, 402, 379, 1013, 100, 0, 0
18:48:09, 1150.80, 18.17, 21.73, 15.266, 457, 696, 1552, 2836, 5396, 5989, 6895, 7180, 9637, 656, 0, 0, 76, 85, 184, 392, 922, 1095, 1221, 1234, 3021, 290, 0, 0
18:48:10, 1151.00, 18.15, 21.73, 15.242, 613, 1025, 2517, 4648, 8044, 9054, 10735, 9940, 20154, 1348, 0, 0, 92, 110, 238, 506, 935, 1108, 1239, 1246, 3068, 291, 0, 0
18:48:11, 1150.80, 18.13, 21.75, 15.242, 584, 978, 2386, 4432, 6657, 7403, 8703, 8155, 17016, 1138, 0, 0, 93, 112, 241, 515, 897, 1063, 1184, 1187, 2939, 278, 0, 0
18:48:11, 1149.50, 18.12, 21.75, 15.211, 586, 992, 2407, 4440, 6119, 6824, 8007, 7880, 13071, 873, 0, 0, 49, 52, 117, 249, 281, 329, 357, 333, 889, 86, 0, 0
18:48:12, 1149.60, 18.12, 21.77, 15.195, 231, 289, 682, 1186, 1969, 2321, 2320, 2452, 3278, 247, 0, 0, 25, 25, 58, 127, 244, 286, 307, 286, 767, 76, 0, 0
18:48:13, 1149.60, 18.11, 21.73, 15.195, 357, 430, 1028, 1781, 2430, 2968, 2877, 3166, 4162, 301, 0, 0, 21, 21, 50, 108, 182, 217, 233, 214, 532, 50, 0, 0
18:48:13, 1149.60, 18.11, 21.73, 15.188, 241, 307, 727, 1250, 1910, 2234, 2241, 2382, 3156, 229, 0, 0, 15, 15, 34, 76, 161, 192, 205, 190, 472, 46, 0, 0
18:48:14, 1149.50, 18.11, 21.75, 15.188, 235, 285, 681, 1151, 1588, 1827, 1867, 1949, 2654, 191, 0, 0, 11, 11, 23, 52, 76, 92, 100, 93, 208, 20, 0, 0
18:48:15, 1150.40, 18.11, 21.73, 15.188, 227, 311, 734, 1249, 2059, 2332, 2406, 2604, 3215, 226, 0, 0, 12, 11, 26, 56, 117, 142, 151, 142, 366, 37, 0, 0
18:48:15, 1151.10, 18.11, 21.73, 15.195, 273, 440, 988, 1801, 2739, 3025, 3459, 3449, 4776, 327, 0, 0, 25, 26, 58, 122, 259, 311, 333, 328, 913, 99, 0, 0
18:48:16, 1150.80, 18.12, 21.73, 15.195, 308, 529, 1241, 2265, 3817, 4162, 4945, 4702, 6531, 452, 0, 0, 35, 38, 83, 174, 299, 360, 386, 385, 1054, 115, 0, 0
18:48:17, 1151.40, 18.12, 21.73, 15.195, 305, 526, 1239, 2257, 3902, 4257, 5060, 4811, 6653, 460, 0, 0, 37, 41, 88, 185, 338, 413, 437, 446, 1178, 126, 0, 0
18:48:17, 1150.00, 18.13, 21.75, 15.203, 309, 533, 1260, 2325, 3938, 4341, 5135, 4784, 6911, 481, 0, 0, 37, 41, 88, 185, 304, 367, 392, 393, 1060, 114, 0, 0
18:48:18, 1134.60, 18.13, 21.71, 15.203, 133, 177, 414, 717, 1166, 1340, 1359, 1403, 1872, 143, 0, 0, 104, 124, 275, 577, 1280, 1490, 1672, 1643, 3081, 273, 0, 0
18:48:19, 1127.90, 18.11, 21.73, 15.180, 255, 380, 855, 1386, 2024, 2225, 2390, 2498, 2924, 209, 0, 0, 128, 159, 366, 765, 1400, 1629, 1796, 1741, 3359, 284, 0, 0
18:48:19, 1126.90, 18.07, 21.68, 15.188, 276, 427, 945, 1498, 2239, 2419, 2717, 2820, 2960, 212, 0, 0, 111, 138, 322, 671, 1213, 1402, 1541, 1481, 2917, 243, 0, 0
18:48:20, 1123.80, 18.03, 21.71, 15.188, 262, 392, 878, 1359, 1983, 2126, 2391, 2487, 2573, 186, 0, 0, 102, 127, 298, 620, 1139, 1314, 1435, 1375, 2709, 224, 0, 0
18:48:21, 1117.70, 18.01, 21.73, 15.180, 238, 365, 799, 1231, 1848, 1985, 2190, 2305, 2452, 178, 0, 0, 104, 130, 309, 640, 1181, 1353, 1468, 1395, 2779, 226, 0, 0
18:48:21, 1113.20, 17.99, 21.73, 15.180, 283, 428, 926, 1412, 1775, 1926, 2085, 2213, 2565, 185, 0, 0, 109, 137, 327, 679, 1263, 1445, 1560, 1473, 2954, 238, 0, 0
18:48:22, 1105.70, 17.98, 21.73, 15.180, 407, 551, 1215, 1769, 2181, 2410, 2515, 2787, 2985, 221, 0, 0, 119, 150, 360, 747, 1417, 1616, 1739, 1626, 3301, 264, 0, 0
18:48:23, 1095.60, 17.98, 21.71, 15.195, 469, 617, 1330, 1860, 2897, 3219, 3232, 3762, 3937, 301, 0, 0, 129, 166, 401, 825, 1532, 1728, 1837, 1695, 3526, 277, 0, 0
18:48:23, 1090.90, 17.97, 21.71, 15.273, 664, 903, 1882, 2558, 3886, 4298, 4229, 5167, 5107, 398, 0, 0, 141, 184, 444, 906, 1672, 1877, 1989, 1830, 3842, 302, 0, 0
18:48:24, 1085.90, 17.96, 21.68, 15.273, 668, 867, 1819, 2429, 3838, 4370, 4087, 5163, 5080, 418, 0, 0, 153, 202, 485, 982, 1794, 2009, 2126, 1951, 4138, 327, 0, 0
18:48:25, 1079.60, 17.94, 21.71, 15.305, 681, 867, 1815, 2296, 3447, 3900, 3837, 4581, 5647, 464, 0, 0, 165, 222, 531, 1064, 1964, 2191, 2308, 2112, 4508, 357, 0, 0
18:48:25, 1071.60, 17.94, 21.73, 15.352, 842, 953, 1987, 2442, 3554, 4096, 3878, 4809, 5634, 514, 0, 0, 194, 266, 630, 1248, 2277, 2527, 2655, 2423, 5189, 412, 0, 0
18:48:26, 1063.40, 17.95, 21.75, 15.352, 1169, 1208, 2497, 2865, 4759, 5473, 5052, 6443, 7017, 731, 0, 0, 219, 309, 725, 1409, 2477, 2731, 2854, 2605, 5649, 446, 0, 0
18:48:27, 1057.80, 17.95, 21.70, 15.367, 1725, 1873, 3977, 4178, 6127, 6465, 6253, 8258, 8153, 863, 0, 0, 225, 324, 754, 1447, 2492, 2732, 2852, 2606, 5669, 448, 0, 0
18:48:27, 1054.70, 17.95, 21.70, 15.367, 1902, 2487, 4829, 4866, 5204, 5483, 6089, 7267, 8193, 901, 0, 0, 225, 331, 760, 1438, 2473, 2707, 2815, 2577, 5620, 445, 0, 0
18:48:28, 1049.80, 17.96, 21.71, 15.445, 1076, 1592, 2810, 3362, 4285, 4462, 4987, 5808, 7366, 825, 0, 0, 231, 343, 783, 1472, 2496, 2722, 2824, 2583, 5661, 450, 0, 0
18:48:29, 1043.60, 17.97, 21.71, 15.539, 1124, 1594, 2760, 3158, 4085, 4279, 4775, 5582, 7449, 968, 0, 0, 241, 366, 823, 1515, 2551, 2766, 2867, 2627, 5788, 463, 0, 0
18:48:29, 1034.60, 17.98, 21.68, 15.539, 1140, 1588, 2694, 3026, 3766, 3908, 4371, 5126, 7476, 1152, 0, 0, 268, 417, 919, 1659, 2769, 2988, 3097, 2849, 6286, 508, 0, 0
18:48:30, 1028.60, 17.98, 21.73, 15.609, 3882, 3026, 6189, 5116, 8580, 8172, 10144, 11171, 10570, 2548, 0, 0, 296, 467, 1005, 1779, 2966, 3188, 3306, 3055, 6771, 561, 0, 0
18:48:31, 1023.80, 17.99, 21.71, 15.656, 4593, 5870, 10176, 8587, 12697, 14206, 17973, 21378, 12657, 3817, 0, 0, 330, 528, 1118, 1953, 3178, 3406, 3535, 3280, 7316, 649, 0, 0
18:48:31, 1022.90, 18.00, 21.70, 15.656, 6550, 6807, 11756, 11446, 15003, 17963, 22686, 21343, 15166, 6442, 0, 0, 363, 582, 1220, 2110, 3484, 3734, 3877, 3603, 8089, 700, 0, 0
18:48:32, 1017.30, 18.00, 21.68, 15.703, 1510, 1987, 2915, 3218, 4440, 4894, 5202, 6472, 12898, 5144, 0, 0, 373, 598, 1244, 2134, 3466, 3701, 3840, 3580, 8119, 737, 0, 0
18:48:33, 1016.30, 18.00, 21.68, 15.727, 1423, 1800, 2558, 2804, 3217, 3538, 3709, 4609, 11828, 6080, 0, 0, 578, 903, 1599, 2347, 4994, 5678, 6054, 6978, 10879, 2782, 0, 0
18:48:33, 1014.70, 17.99, 21.68, 15.727, 5172, 4936, 10531, 6555, 12889, 12182, 12028, 17697, 12652, 5949, 0, 0, 1808, 3041, 4081, 5646, 7324, 8619, 9448, 11872, 23608, 11764, 0, 0
18:48:34, 1016.30, 17.98, 21.66, 15.680, 3804, 2385, 4632, 3584, 4173, 4752, 4284, 5581, 11040, 5386, 0, 0, 3596, 6769, 8597, 12245, 8847, 10508, 10751, 14779, 32460, 21247, 0, 1
18:48:35, 1016.50, 17.97, 21.70, 15.617, 5606, 2525, 5560, 4282, 8520, 19202, 7010, 15705, 15730, 7259, 0, 0, 4305, 8324, 10922, 13992, 19978, 20233, 27065, 31065, 36000, 36000, 1, 1
18:48:35, 1016.30, 17.98, 21.70, 15.617, 6499, 4197, 9262, 8607, 4276, 9370, 5232, 7294, 16233, 7563, 0, 0, 4249, 6988, 10309, 13049, 19830, 22556, 24460, 29732, 36000, 34686, 1, 1
18:48:36, 1015.70, 17.99, 21.70, 15.461, 6962, 11596, 13954, 21223, 8355, 13931, 17423, 13652, 32979, 16246, 0, 1, 3571, 6201, 8561, 11079, 12469, 13331, 16577, 18540, 36000, 30111, 1, 1
18:48:37, 1015.90, 18.03, 21.71, 15.234, 6459, 11942, 14448, 19617, 17487, 12141, 24946, 21814, 36000, 36000, 1, 1, 5662, 9840, 13342, 17133, 17120, 20275, 23582, 28921, 36000, 23427, 1, 1
18:48:37, 1015.80, 18.05, 21.73, 15.234, 7737, 13551, 15856, 20017, 11941, 19545, 7668, 18307, 36000, 36000, 1, 1, 5860, 10037, 14354, 17507, 21930, 24466, 31322, 34528, 36000, 30538, 1, 1
18:48:38, 1015.50, 18.06, 21.70, 14.938, 7399, 14741, 17479, 24270, 23479, 21621, 18246, 28463, 36000, 36000, 1, 1, 4397, 8207, 10500, 15328, 17411, 20226, 24659, 28393, 36000, 25972, 1, 1
