Secchi Depth (cm) = 0105
Forel Ule Scale = 17
pH Colour Scale = 99
SensingSecchi S/N = A016
Latitude (degs N) = 34.13988
Longitude (degs E) = -77.86233
Date = 2026-03-11
Time (UTC), Pressure (mbar) MS5803, Temp (deg C) MS5803, Temp (deg C) 10KTHERM, Temp (deg C) TMP117, ED 415nm, ED 445nm, ED 480nm, ED 515nm, ED 555nm, ED 590nm, ED 630nm, ED 680nm, ED Clear, ED NIR, ED D-SAT, ED A-SAT, EU 415nm, EU 445nm, EU 480nm, EU 515nm, EU 555nm, EU 590nm, EU 630nm, EU 680nm, EU Clear, EU NIR, EU D-SAT, EU A-SAT
15:40:30, 1012.30, 21.74, 23.24, 18.609, 5927, 2902, 4588, 5547, 4263, 9809, 4672, 6188, 12564, 4579, 0, 0, 2413, 3788, 5138, 7285, 6993, 6894, 7693, 8851, 36000, 27383, 1, 1
15:40:30, 1012.30, 21.75, 23.28, 18.594, 5843, 2847, 4641, 5359, 4224, 9426, 4643, 6077, 12436, 4697, 0, 0, 2413, 3781, 5122, 7260, 6961, 6885, 7677, 8881, 36000, 27495, 1, 1
15:40:31, 1012.20, 21.76, 23.22, 18.594, 6174, 2900, 4983, 5651, 4326, 11269, 4736, 6524, 12552, 4730, 0, 0, 2430, 3794, 5142, 7289, 7018, 6979, 7825, 9033, 36000, 27832, 1, 1
15:40:32, 1012.00, 21.77, 23.26, 18.570, 5953, 2856, 4729, 5441, 4259, 10261, 4683, 6255, 12617, 4985, 0, 0, 2436, 3807, 5156, 7306, 7001, 6947, 7754, 8981, 36000, 27846, 1, 1
15:40:32, 1012.40, 21.77, 23.28, 18.562, 6032, 2894, 4595, 5533, 4210, 9688, 4606, 6105, 12666, 4981, 0, 0, 2432, 3822, 5169, 7328, 7118, 7037, 7867, 9038, 36000, 28816, 1, 1
15:40:33, 1012.40, 21.79, 23.24, 18.562, 4275, 2690, 4166, 4615, 4015, 7462, 4291, 5617, 11868, 4431, 0, 0, 2432, 3756, 5098, 7341, 6914, 6891, 7365, 8449, 36000, 28572, 1, 1
15:40:34, 1012.60, 21.79, 23.26, 18.547, 10506, 3373, 11708, 5194, 6093, 12632, 5084, 10761, 11545, 3831, 0, 0, 2263, 3450, 4714, 6799, 6445, 6436, 6817, 7801, 32253, 25167, 0, 0
15:40:34, 1012.10, 21.80, 23.26, 18.547, 11186, 4089, 12538, 7938, 8746, 24239, 6178, 21755, 12440, 3635, 0, 0, 2382, 3626, 4979, 7104, 6761, 6754, 7101, 8158, 34204, 26260, 0, 1
15:40:35, 1012.00, 21.80, 23.24, 18.547, 11974, 3978, 11476, 7669, 7560, 20655, 5691, 15291, 11980, 3474, 0, 0, 2392, 3631, 4991, 7097, 6780, 6799, 7148, 8228, 34353, 26115, 0, 1
15:40:36, 1012.10, 21.80, 23.28, 18.531, 11068, 4056, 10817, 8079, 8261, 26550, 6113, 19476, 12488, 3619, 0, 0, 2410, 3670, 5035, 7153, 6821, 6846, 7196, 8290, 34692, 26373, 0, 1
15:40:36, 1011.90, 21.81, 23.26, 18.516, 11380, 3941, 10462, 7729, 8073, 25483, 6049, 18977, 12428, 3613, 0, 0, 2409, 3665, 5031, 7143, 6792, 6808, 7166, 8250, 34535, 26265, 0, 1
15:40:37, 1012.00, 21.81, 23.26, 18.516, 11373, 4082, 11204, 8048, 8202, 27126, 6105, 18633, 12562, 3657, 0, 0, 2408, 3667, 5037, 7156, 6823, 6830, 7198, 8277, 34743, 26415, 0, 1
15:40:38, 1012.20, 21.81, 23.22, 18.500, 8745, 3837, 11281, 8319, 8305, 28166, 6167, 16935, 12717, 3699, 0, 0, 2412, 3678, 5059, 7185, 6870, 6881, 7263, 8342, 34847, 26238, 0, 1
15:40:38, 1012.30, 21.80, 23.22, 18.500, 8880, 5443, 14036, 17863, 12310, 24494, 7970, 21603, 14010, 4009, 0, 0, 2418, 3709, 5088, 7207, 6886, 6851, 7253, 8324, 34916, 26281, 0, 1
15:40:39, 1012.30, 21.80, 23.29, 18.500, 8725, 5146, 16034, 16820, 8133, 20334, 6832, 19290, 13821, 3975, 0, 0, 2455, 3810, 5212, 7369, 7073, 6998, 7539, 8669, 36000, 27698, 1, 1
15:40:40, 1012.00, 21.79, 23.26, 18.492, 6104, 3094, 5002, 6843, 4515, 12683, 5180, 6356, 13408, 4052, 0, 0, 2493, 3921, 5355, 7616, 7362, 7217, 8066, 9098, 36000, 28549, 1, 1
15:40:40, 1012.30, 21.79, 23.26, 18.492, 4740, 2949, 4408, 5955, 4377, 8786, 5478, 6035, 14849, 4631, 0, 0, 2579, 4072, 5525, 7867, 7555, 7417, 8398, 9429, 36000, 28715, 1, 1
15:40:41, 1012.30, 21.80, 23.26, 18.484, 6899, 3352, 5402, 8485, 4890, 12957, 7022, 7280, 16080, 4814, 0, 0, 2544, 4025, 5470, 7815, 7422, 7207, 7974, 8922, 36000, 28689, 1, 1
15:40:41, 1012.20, 21.82, 23.28, 18.492, 9758, 11839, 16989, 21529, 32763, 22257, 35608, 36000, 19320, 5002, 1, 1, 2548, 3917, 5380, 7412, 7291, 7508, 8041, 9424, 35070, 21785, 0, 1
15:40:42, 1012.10, 21.80, 23.28, 18.492, 9779, 8156, 15322, 17805, 4387, 10795, 5038, 6267, 13481, 4959, 0, 0, 2656, 4070, 5558, 7867, 9198, 8981, 10926, 12728, 36000, 30968, 1, 1
15:40:43, 1011.20, 21.76, 23.28, 18.484, 2355, 2897, 3441, 7772, 3962, 5133, 7147, 4945, 25240, 7678, 0, 0, 5700, 9413, 12766, 17411, 29545, 27564, 35208, 36000, 36000, 36000, 1, 1
15:40:43, 1011.60, 21.77, 23.24, 18.492, 1289, 1812, 2352, 2962, 2374, 2266, 2998, 2746, 11526, 4262, 0, 0, 8274, 12817, 18057, 26503, 26104, 27389, 32660, 36000, 36000, 36000, 1, 1
15:40:44, 1011.60, 21.79, 23.29, 18.492, 1002, 1524, 1973, 2447, 2680, 2976, 4033, 4738, 9987, 2819, 0, 0, 8644, 14433, 18767, 23998, 35814, 36000, 36000, 36000, 36000, 36000, 1, 1
15:40:45, 1012.30, 21.83, 23.29, 18.523, 1257, 1807, 2304, 3004, 3297, 3524, 4975, 4828, 16447, 7585, 0, 0, 8570, 13807, 18551, 23273, 26597, 27317, 34295, 36000, 36000, 36000, 1, 1
15:40:45, 1012.10, 21.82, 23.33, 18.594, 1788, 2699, 3048, 7553, 5287, 8384, 16272, 6627, 36000, 13549, 1, 1, 6883, 9741, 14164, 16361, 22942, 24810, 29326, 35787, 36000, 36000, 1, 1
15:40:46, 1012.90, 21.84, 23.36, 18.594, 2189, 1902, 2831, 3190, 4002, 6007, 4329, 5834, 11995, 6319, 0, 0, 5143, 8162, 11113, 15141, 15295, 15287, 19376, 23416, 36000, 36000, 1, 1
15:40:47, 1012.90, 21.86, 23.36, 18.602, 5113, 6205, 9545, 9549, 23115, 17337, 30739, 26639, 13331, 5192, 0, 0, 3355, 6405, 8053, 12088, 10480, 11647, 13534, 16431, 31150, 13046, 0, 0
15:40:47, 1012.90, 21.88, 23.31, 18.664, 2771, 5941, 5133, 16449, 5006, 6595, 10630, 5858, 15828, 5325, 0, 0, 2265, 3176, 5247, 6414, 8902, 9356, 11507, 11628, 36000, 19423, 1, 1
15:40:48, 1013.20, 21.87, 23.31, 18.664, 1153, 1680, 2253, 2526, 2484, 2610, 2728, 2896, 14002, 3451, 0, 0, 2166, 3632, 5201, 7079, 10275, 11321, 12423, 15472, 35312, 15036, 0, 1
15:40:49, 1013.20, 21.88, 23.31, 18.641, 6372, 2989, 7905, 4850, 10350, 8563, 9677, 11548, 36000, 36000, 1, 1, 2110, 4208, 5392, 8395, 9184, 9501, 14038, 13884, 36000, 17586, 1, 1
15:40:49, 1013.30, 21.87, 23.33, 18.633, 1747, 2392, 5123, 3881, 13616, 4496, 23327, 6488, 36000, 36000, 1, 1, 1401, 3081, 3791, 5386, 9495, 8689, 10347, 14225, 32905, 13287, 0, 1
15:40:50, 1013.20, 21.87, 23.35, 18.633, 1309, 2188, 2812, 4805, 4821, 3853, 13982, 4403, 36000, 22185, 1, 1, 1116, 2098, 2876, 4042, 5027, 5006, 5884, 6436, 15997, 4996, 0, 0
15:40:51, 1013.00, 21.87, 23.35, 18.617, 1585, 2433, 2755, 6978, 3554, 4423, 6703, 4395, 26494, 8446, 0, 0, 1239, 2031, 3383, 4270, 5189, 4873, 5940, 5818, 15898, 4086, 0, 0
15:40:51, 1012.90, 21.86, 23.35, 18.617, 1973, 2288, 2770, 5539, 3148, 4561, 4614, 4347, 12611, 5507, 0, 0, 1066, 1689, 2887, 3594, 5053, 5071, 5823, 6235, 14072, 3411, 0, 0
15:40:52, 1016.60, 21.85, 23.36, 18.617, 2683, 2378, 3049, 6169, 2977, 4712, 3986, 4323, 9810, 4348, 0, 0, 369, 582, 1172, 1991, 3139, 3421, 3618, 3490, 7982, 789, 0, 0
15:40:53, 1020.70, 21.70, 23.38, 18.703, 2871, 1845, 2845, 4090, 5163, 8344, 8361, 9154, 14567, 2961, 0, 0, 340, 532, 1088, 1879, 3029, 3309, 3498, 3343, 7585, 716, 0, 0
15:40:53, 1021.10, 21.58, 23.36, 18.703, 2192, 1628, 2455, 3367, 2913, 5608, 3644, 4435, 7118, 2194, 0, 0, 336, 525, 1080, 1875, 3073, 3357, 3549, 3375, 7600, 704, 0, 0
15:40:54, 1020.60, 21.48, 23.36, 18.797, 5179, 2867, 5687, 9129, 3342, 5866, 4171, 5054, 8430, 2565, 0, 0, 348, 539, 1112, 1929, 3170, 3463, 3668, 3470, 7680, 704, 0, 0
15:40:55, 1021.70, 21.41, 23.33, 18.844, 5395, 2417, 5504, 7802, 5500, 9842, 7882, 8987, 12921, 2854, 0, 0, 337, 526, 1079, 1869, 3122, 3415, 3617, 3418, 7547, 685, 0, 0
15:40:55, 1020.90, 21.35, 23.33, 18.844, 6063, 3519, 7843, 8482, 4005, 12045, 4908, 7479, 8782, 2266, 0, 0, 333, 519, 1067, 1850, 3038, 3321, 3519, 3340, 7407, 680, 0, 0
15:40:56, 1020.90, 21.32, 23.29, 18.852, 3708, 1735, 3923, 3601, 7477, 13427, 6297, 16074, 8077, 2165, 0, 0, 324, 507, 1040, 1801, 2970, 3246, 3443, 3273, 7300, 670, 0, 0
15:40:57, 1020.40, 21.29, 23.31, 18.867, 3925, 1778, 3790, 3953, 3544, 9388, 4048, 5995, 7389, 2234, 0, 0, 332, 520, 1062, 1832, 2944, 3220, 3415, 3239, 7173, 661, 0, 0
15:40:57, 1020.00, 21.28, 23.29, 18.867, 4161, 1904, 3743, 5008, 4156, 13615, 4668, 9325, 7724, 2232, 0, 0, 329, 513, 1052, 1825, 2964, 3244, 3436, 3260, 7201, 660, 0, 0
15:40:58, 1019.60, 21.27, 23.33, 18.875, 4465, 2030, 3600, 4744, 3872, 11538, 4389, 7539, 7598, 2256, 0, 0, 325, 509, 1041, 1804, 2970, 3250, 3445, 3269, 7178, 657, 0, 0
15:40:59, 1018.50, 21.26, 23.29, 18.875, 4785, 3467, 7373, 8054, 5637, 14489, 6111, 9038, 9925, 3031, 0, 0, 332, 520, 1059, 1829, 3051, 3335, 3541, 3369, 7373, 679, 0, 0
15:40:59, 1019.60, 21.26, 23.33, 18.875, 5852, 5165, 8854, 9629, 5611, 14178, 5290, 12314, 8330, 2559, 0, 0, 331, 518, 1060, 1828, 2983, 3259, 3463, 3296, 7274, 671, 0, 0
15:41:00, 1019.00, 21.24, 23.26, 18.875, 5434, 3088, 7623, 7157, 3775, 10587, 4051, 7079, 7157, 2296, 0, 0, 333, 520, 1065, 1845, 2978, 3254, 3452, 3282, 7279, 673, 0, 0
15:41:01, 1019.60, 21.22, 23.29, 18.891, 6456, 5301, 10237, 10125, 4286, 11517, 3885, 8196, 6339, 2003, 0, 0, 343, 534, 1097, 1898, 3052, 3336, 3536, 3353, 7412, 676, 0, 0
15:41:01, 1019.50, 21.21, 23.29, 18.891, 6450, 4882, 9385, 10301, 4463, 9395, 4042, 8009, 6569, 2392, 0, 0, 346, 541, 1109, 1915, 3073, 3358, 3563, 3381, 7478, 688, 0, 0
15:41:02, 1019.20, 21.20, 23.29, 18.891, 5004, 6159, 9976, 8287, 7170, 8189, 4523, 9043, 6624, 2092, 0, 0, 339, 529, 1091, 1894, 3134, 3423, 3631, 3439, 7613, 694, 0, 0
15:41:03, 1019.30, 21.20, 23.28, 18.898, 5844, 3218, 9936, 5024, 4674, 5539, 3909, 5825, 7193, 2876, 0, 0, 349, 543, 1114, 1924, 3061, 3348, 3539, 3360, 7468, 685, 0, 0
15:41:03, 1020.50, 21.18, 23.29, 18.898, 6161, 4584, 11212, 6820, 4250, 4681, 3596, 5146, 6164, 2011, 0, 0, 346, 540, 1112, 1924, 3066, 3356, 3546, 3361, 7482, 682, 0, 0
15:41:04, 1020.20, 21.17, 23.28, 18.906, 4158, 2025, 4524, 3093, 3521, 3949, 3453, 4457, 5924, 2255, 0, 0, 341, 531, 1092, 1892, 2967, 3251, 3431, 3270, 7362, 680, 0, 0
15:41:05, 1018.00, 21.14, 23.28, 18.906, 2786, 1763, 3406, 2741, 3624, 4124, 3497, 4552, 5999, 2117, 0, 0, 337, 524, 1077, 1867, 3048, 3337, 3522, 3349, 7471, 687, 0, 0
15:41:05, 1016.00, 21.13, 23.28, 18.914, 5421, 3019, 9043, 4520, 5270, 6231, 4077, 6065, 7440, 3124, 0, 0, 350, 551, 1119, 1919, 3098, 3387, 3580, 3421, 7660, 712, 0, 0
15:41:06, 1016.90, 21.10, 23.26, 18.906, 5963, 3232, 8857, 4955, 4616, 5504, 3959, 5721, 7466, 3140, 0, 0, 347, 543, 1108, 1906, 3065, 3354, 3547, 3384, 7503, 693, 0, 0
15:41:07, 1016.80, 21.09, 23.29, 18.906, 5667, 2545, 8455, 3865, 8997, 10083, 4870, 11154, 8045, 3326, 0, 0, 345, 544, 1105, 1895, 3054, 3341, 3535, 3368, 7491, 696, 0, 0
15:41:07, 1019.60, 21.08, 23.26, 18.898, 5659, 2163, 6344, 3401, 4319, 5985, 3866, 5958, 7400, 3163, 0, 0, 340, 530, 1086, 1877, 3031, 3317, 3503, 3325, 7427, 680, 0, 0
15:41:08, 1020.20, 21.07, 23.28, 18.898, 5874, 2160, 5754, 3828, 4478, 9921, 3939, 9063, 6156, 1794, 0, 0, 328, 509, 1053, 1834, 3024, 3308, 3506, 3321, 7300, 661, 0, 0
15:41:09, 1019.50, 21.06, 23.24, 18.898, 5543, 4593, 8719, 9928, 5497, 12431, 4624, 10172, 7252, 2197, 0, 0, 337, 525, 1079, 1865, 3132, 3421, 3635, 3436, 7492, 677, 0, 0
15:41:09, 1020.40, 21.05, 23.29, 18.898, 6301, 5333, 9169, 10031, 5208, 13364, 4442, 10355, 6930, 2105, 0, 0, 335, 524, 1078, 1860, 2994, 3272, 3474, 3296, 7286, 665, 0, 0
15:41:10, 1018.80, 21.04, 23.28, 18.891, 4099, 1855, 3757, 3973, 3171, 7675, 3566, 5403, 6202, 2322, 0, 0, 335, 523, 1071, 1853, 2958, 3232, 3429, 3267, 7236, 672, 0, 0
15:41:11, 1020.20, 21.03, 23.24, 18.891, 5496, 2833, 5243, 7367, 3845, 8121, 4933, 6745, 7782, 2341, 0, 0, 322, 505, 1034, 1789, 2952, 3229, 3424, 3252, 7144, 654, 0, 0
15:41:11, 1019.80, 21.03, 23.26, 18.883, 3738, 2133, 3674, 5061, 4246, 15381, 6932, 8966, 9114, 2425, 0, 0, 323, 506, 1035, 1786, 2963, 3242, 3439, 3266, 7148, 655, 0, 0
15:41:12, 1021.60, 21.03, 23.24, 18.891, 4911, 2721, 5451, 7655, 5468, 15010, 6844, 12646, 8650, 2132, 0, 0, 312, 490, 1003, 1735, 2895, 3168, 3362, 3196, 6973, 637, 0, 0
15:41:13, 1022.50, 21.02, 23.24, 18.891, 4366, 2235, 5120, 7543, 4228, 14162, 5989, 8744, 8820, 2106, 0, 0, 303, 473, 974, 1694, 2840, 3113, 3299, 3134, 6792, 612, 0, 0
15:41:13, 1022.50, 21.02, 23.26, 18.883, 4374, 2206, 4144, 6766, 3107, 6088, 4021, 4691, 7766, 1982, 0, 0, 300, 467, 958, 1658, 2763, 3033, 3213, 3055, 6587, 599, 0, 0
15:41:14, 1022.70, 21.02, 23.26, 18.883, 3758, 2194, 4068, 7230, 4381, 11779, 8046, 8726, 12705, 2399, 0, 0, 297, 463, 950, 1638, 2675, 2939, 3109, 2966, 6418, 583, 0, 0
15:41:14, 1024.90, 21.02, 23.26, 18.883, 2913, 1636, 2653, 3743, 3282, 8993, 6289, 6337, 11102, 2204, 0, 0, 293, 457, 935, 1614, 2659, 2918, 3092, 2957, 6408, 582, 0, 0
15:41:15, 1023.70, 21.01, 23.26, 18.875, 2023, 1455, 2223, 3197, 2765, 4782, 3595, 4116, 7414, 1976, 0, 0, 296, 460, 940, 1625, 2696, 2957, 3133, 2992, 6500, 596, 0, 0
15:41:16, 1023.60, 20.99, 23.26, 18.875, 5656, 2625, 6118, 10178, 5727, 15545, 12315, 12894, 15523, 3071, 0, 0, 303, 470, 967, 1673, 2738, 3004, 3185, 3037, 6618, 607, 0, 0
15:41:16, 1026.30, 20.98, 23.24, 18.875, 5230, 2583, 6611, 9946, 3798, 9497, 5678, 6563, 8686, 1819, 0, 0, 296, 459, 953, 1664, 2723, 2986, 3168, 3015, 6601, 599, 0, 0
15:41:17, 1024.60, 20.98, 23.22, 18.859, 2624, 1614, 2846, 3920, 3757, 12738, 5083, 7420, 7807, 1977, 0, 0, 300, 466, 963, 1675, 2714, 2979, 3156, 3007, 6615, 607, 0, 0
15:41:18, 1026.90, 20.97, 23.29, 18.859, 4194, 2670, 5956, 6171, 4108, 11433, 4784, 7804, 7617, 1719, 0, 0, 295, 456, 955, 1684, 2761, 3030, 3214, 3040, 6636, 593, 0, 0
15:41:18, 1025.30, 20.97, 23.29, 18.852, 3049, 1768, 4191, 3855, 2815, 4786, 3112, 4227, 5277, 1407, 0, 0, 307, 473, 986, 1733, 2806, 3079, 3263, 3096, 6773, 612, 0, 0
15:41:19, 1027.00, 20.96, 23.26, 18.852, 6102, 2775, 7377, 6301, 3705, 7378, 3695, 6592, 5801, 1433, 0, 0, 297, 457, 956, 1689, 2735, 3012, 3184, 3010, 6568, 589, 0, 0
15:41:20, 1027.20, 20.96, 23.21, 18.852, 3635, 1790, 4891, 3194, 3552, 4473, 3148, 4892, 4542, 1029, 0, 0, 300, 460, 965, 1703, 2741, 3021, 3189, 3022, 6604, 591, 0, 0
15:41:20, 1027.20, 20.96, 23.22, 18.852, 2927, 1602, 4803, 2774, 4800, 5686, 4014, 6251, 5118, 1286, 0, 0, 294, 453, 946, 1671, 2656, 2930, 3092, 2934, 6440, 582, 0, 0
15:41:21, 1028.20, 20.95, 23.22, 18.859, 4497, 2932, 8282, 5887, 6877, 8586, 4780, 9751, 5892, 1258, 0, 0, 281, 434, 908, 1609, 2586, 2857, 3012, 2860, 6269, 565, 0, 0
15:41:22, 1028.50, 20.93, 23.22, 18.859, 2296, 1585, 3829, 2770, 4064, 6198, 3599, 6541, 5113, 1072, 0, 0, 279, 431, 898, 1590, 2517, 2785, 2934, 2789, 6067, 548, 0, 0
15:41:22, 1029.00, 20.92, 23.24, 18.867, 3754, 1924, 5091, 3927, 6637, 15617, 5365, 15691, 6641, 1465, 0, 0, 270, 415, 866, 1539, 2539, 2808, 2961, 2811, 6086, 543, 0, 0
15:41:23, 1028.90, 20.92, 23.28, 18.883, 4266, 1858, 4609, 3795, 4674, 9860, 4355, 8820, 6130, 1310, 0, 0, 268, 411, 859, 1528, 2524, 2792, 2942, 2799, 6047, 543, 0, 0
15:41:24, 1029.60, 20.93, 23.26, 18.883, 2525, 1481, 3157, 3214, 4138, 9355, 4490, 7531, 7009, 1570, 0, 0, 266, 404, 847, 1510, 2514, 2778, 2930, 2784, 5999, 533, 0, 0
15:41:24, 1029.00, 20.94, 23.19, 18.867, 2194, 1449, 2742, 3202, 3204, 6483, 3776, 5213, 6272, 1379, 0, 0, 274, 416, 873, 1553, 2593, 2859, 3018, 2868, 6191, 554, 0, 0
15:41:25, 1029.30, 20.94, 23.26, 18.875, 2589, 1603, 2875, 3962, 3249, 7290, 4030, 5196, 6840, 1395, 0, 0, 281, 425, 893, 1589, 2648, 2918, 3078, 2926, 6341, 566, 0, 0
15:41:26, 1028.80, 20.95, 23.22, 18.875, 3794, 2059, 4249, 6371, 2928, 5310, 3813, 4423, 6778, 1285, 0, 0, 286, 435, 910, 1610, 2656, 2928, 3086, 2940, 6391, 578, 0, 0
15:41:26, 1028.90, 20.95, 23.24, 18.867, 1997, 1544, 2515, 3728, 3376, 8251, 5443, 6022, 8923, 1608, 0, 0, 287, 437, 913, 1612, 2620, 2890, 3046, 2899, 6320, 571, 0, 0
15:41:27, 1025.50, 20.95, 23.22, 18.875, 2455, 1557, 2579, 3944, 3052, 5682, 4114, 4682, 8285, 1787, 0, 0, 299, 459, 950, 1660, 2704, 2969, 3140, 2999, 6606, 603, 0, 0
15:41:28, 1023.80, 20.95, 23.24, 18.875, 2220, 1685, 2558, 3702, 2946, 6615, 4162, 4751, 7556, 1806, 0, 0, 309, 479, 985, 1713, 2754, 3020, 3197, 3055, 6757, 622, 0, 0
15:41:28, 1023.90, 20.95, 23.21, 18.875, 2597, 1781, 2982, 4204, 3014, 6411, 3876, 4701, 6933, 1671, 0, 0, 315, 489, 1014, 1763, 2808, 3073, 3260, 3102, 6916, 632, 0, 0
15:41:29, 1023.90, 20.94, 23.24, 18.867, 3222, 1757, 3016, 4127, 3036, 7384, 3545, 4945, 6258, 1929, 0, 0, 325, 506, 1046, 1815, 2912, 3185, 3380, 3211, 7157, 654, 0, 0
15:41:30, 1023.10, 20.93, 23.24, 18.867, 3241, 1737, 3369, 3730, 3241, 7452, 3561, 5442, 6129, 1803, 0, 0, 323, 501, 1035, 1804, 2867, 3141, 3324, 3150, 7025, 645, 0, 0
15:41:30, 1024.60, 20.92, 23.22, 18.859, 4439, 2556, 6865, 6922, 3592, 7510, 3714, 6268, 6199, 1626, 0, 0, 315, 487, 1014, 1780, 2923, 3205, 3395, 3213, 7103, 640, 0, 0
15:41:31, 1023.80, 20.92, 23.22, 18.859, 5235, 2062, 5679, 3732, 5388, 10301, 4342, 9740, 6242, 1700, 0, 0, 315, 486, 1009, 1771, 2892, 3176, 3352, 3167, 6988, 631, 0, 0
15:41:32, 1024.80, 20.92, 23.22, 18.859, 3087, 2013, 5688, 3430, 8341, 10675, 5363, 11444, 7307, 1852, 0, 0, 311, 479, 1001, 1764, 2917, 3207, 3384, 3194, 7020, 628, 0, 0
15:41:32, 1023.60, 20.91, 23.26, 18.859, 4115, 2342, 7451, 3893, 6744, 8970, 4587, 9702, 6581, 1642, 0, 0, 311, 482, 1002, 1754, 2878, 3161, 3343, 3166, 6968, 627, 0, 0
15:41:33, 1023.60, 20.90, 23.22, 18.859, 3868, 1915, 5962, 3242, 4916, 8148, 4107, 7752, 6090, 1635, 0, 0, 308, 473, 985, 1730, 2800, 3081, 3254, 3086, 6748, 612, 0, 0
15:41:34, 1021.90, 20.89, 23.22, 18.859, 4481, 1859, 5811, 3206, 4426, 8089, 3905, 7119, 5589, 1565, 0, 0, 311, 481, 993, 1737, 2800, 3079, 3258, 3099, 6747, 615, 0, 0
15:41:34, 1023.50, 20.88, 23.22, 18.875, 6308, 2410, 8731, 4734, 5103, 13369, 4541, 10417, 6392, 1750, 0, 0, 302, 469, 966, 1691, 2770, 3045, 3224, 3069, 6666, 605, 0, 0
15:41:35, 1023.50, 20.88, 23.24, 18.875, 4347, 2401, 6586, 6049, 4328, 12205, 4480, 9019, 6736, 1696, 0, 0, 306, 477, 979, 1704, 2787, 3061, 3242, 3087, 6699, 610, 0, 0
15:41:36, 1025.40, 20.88, 23.21, 18.875, 5046, 3191, 8474, 7207, 8482, 16935, 8608, 21969, 9806, 2026, 0, 0, 290, 448, 929, 1632, 2739, 3015, 3186, 3020, 6527, 585, 0, 0
15:41:36, 1024.00, 20.88, 23.21, 18.883, 5400, 2323, 5439, 6945, 4410, 13832, 5438, 9959, 8074, 1702, 0, 0, 296, 460, 952, 1663, 2730, 3000, 3175, 3012, 6551, 595, 0, 0
15:41:37, 1024.20, 20.88, 23.21, 18.883, 4234, 1918, 3894, 5391, 4426, 15340, 5681, 10547, 8128, 1918, 0, 0, 306, 475, 978, 1706, 2749, 3021, 3191, 3039, 6644, 604, 0, 0
15:41:38, 1023.70, 20.88, 23.22, 18.883, 2873, 1695, 3018, 4187, 3734, 10610, 4498, 6473, 7566, 2024, 0, 0, 310, 481, 989, 1721, 2813, 3087, 3264, 3115, 6849, 627, 0, 0
15:41:38, 1024.90, 20.87, 23.21, 18.875, 3587, 1814, 3589, 5055, 3586, 9531, 4620, 6022, 7828, 1883, 0, 0, 302, 465, 965, 1692, 2788, 3064, 3235, 3087, 6787, 620, 0, 0
15:41:39, 1027.40, 20.87, 23.22, 18.875, 3890, 2022, 4004, 6134, 3081, 6057, 3800, 4721, 6944, 1869, 0, 0, 307, 471, 977, 1709, 2781, 3058, 3226, 3063, 6704, 603, 0, 0
15:41:40, 1034.60, 20.87, 23.22, 18.875, 4727, 2600, 5971, 8749, 4374, 11427, 6689, 7778, 10212, 1938, 0, 0, 274, 413, 876, 1571, 2588, 2862, 3008, 2834, 6155, 542, 0, 0
15:41:40, 1042.80, 20.86, 23.22, 18.875, 2913, 1959, 4050, 6283, 4227, 9233, 6666, 7417, 11374, 1568, 0, 0, 244, 363, 781, 1424, 2411, 2676, 2813, 2640, 5710, 495, 0, 0
15:41:41, 1052.80, 20.85, 23.22, 18.875, 1737, 1573, 2841, 4616, 3454, 5979, 4989, 5412, 9814, 1217, 0, 0, 218, 311, 686, 1289, 2220, 2483, 2605, 2421, 5189, 442, 0, 0
15:41:42, 1063.60, 20.84, 23.22, 18.844, 891, 1093, 1869, 3174, 3614, 5836, 5474, 5517, 11361, 1071, 0, 0, 181, 246, 556, 1081, 1949, 2200, 2308, 2129, 4545, 384, 0, 0
15:41:42, 1071.30, 20.82, 23.22, 18.844, 762, 1070, 1846, 3506, 3407, 4582, 5304, 4801, 12002, 1093, 0, 0, 171, 225, 516, 1024, 1862, 2112, 2225, 2039, 4375, 364, 0, 0
15:41:43, 1078.70, 20.81, 23.24, 18.797, 581, 888, 1572, 2936, 3074, 3837, 4773, 4154, 11327, 951, 0, 0, 160, 207, 477, 964, 1740, 1987, 2094, 1899, 4079, 337, 0, 0
15:41:44, 1087.90, 20.79, 23.22, 18.766, 536, 832, 1490, 2993, 3808, 4861, 6710, 5196, 16879, 1291, 0, 0, 148, 184, 429, 885, 1673, 1924, 2034, 1839, 3944, 325, 0, 0
15:41:44, 1095.70, 20.77, 23.21, 18.766, 502, 852, 1595, 3132, 3636, 4198, 5747, 4717, 15531, 1217, 0, 0, 132, 159, 371, 780, 1523, 1766, 1874, 1696, 3634, 300, 0, 0
15:41:45, 1103.10, 20.76, 23.19, 18.727, 419, 729, 1391, 2734, 3680, 4114, 5763, 4725, 15894, 1340, 0, 0, 120, 141, 328, 701, 1373, 1606, 1713, 1550, 3323, 273, 0, 0
15:41:46, 1110.50, 20.75, 23.21, 18.664, 342, 567, 1142, 2226, 3000, 3388, 4592, 3812, 12266, 995, 0, 0, 110, 127, 293, 632, 1233, 1457, 1560, 1413, 3005, 247, 0, 0
15:41:46, 1120.50, 20.73, 23.21, 18.664, 328, 535, 1058, 2257, 2893, 3343, 4492, 3776, 11461, 902, 0, 0, 94, 104, 237, 523, 1068, 1286, 1386, 1265, 2632, 218, 0, 0
15:41:47, 1127.70, 20.71, 23.21, 18.562, 284, 447, 925, 1928, 2533, 2907, 3716, 3284, 9167, 723, 0, 0, 82, 88, 197, 442, 940, 1151, 1250, 1147, 2338, 195, 0, 0
15:41:48, 1132.10, 20.68, 23.24, 18.437, 247, 377, 805, 1655, 2317, 2695, 3381, 3006, 8180, 641, 0, 0, 78, 83, 182, 412, 884, 1089, 1191, 1090, 2229, 186, 0, 0
15:41:48, 1133.70, 20.66, 23.21, 18.437, 232, 343, 746, 1514, 2346, 2753, 3446, 3055, 8075, 620, 0, 0, 77, 82, 181, 410, 883, 1084, 1183, 1073, 2215, 185, 0, 0
15:41:49, 1146.80, 20.64, 23.21, 18.398, 213, 317, 683, 1439, 2095, 2458, 3104, 2702, 7387, 575, 0, 0, 65, 67, 147, 336, 711, 878, 969, 880, 1868, 157, 0, 0
15:41:49, 1153.30, 20.60, 23.19, 18.336, 139, 162, 365, 773, 918, 1173, 1254, 1234, 1947, 158, 0, 0, 47, 46, 92, 216, 541, 674, 769, 698, 1263, 116, 0, 0
15:41:50, 1160.00, 20.56, 23.19, 18.336, 103, 111, 251, 543, 2220, 2705, 3207, 3213, 6254, 461, 0, 0, 50, 51, 111, 265, 700, 857, 951, 847, 1751, 143, 0, 0
15:41:51, 1159.90, 20.52, 23.21, 18.258, 164, 205, 463, 1012, 1789, 2217, 2586, 2417, 4785, 341, 0, 0, 49, 48, 107, 254, 618, 758, 844, 751, 1519, 125, 0, 0
15:41:51, 1159.70, 20.49, 23.21, 18.250, 178, 208, 473, 1021, 1685, 2125, 2390, 2277, 4217, 301, 0, 0, 47, 47, 103, 245, 557, 684, 766, 684, 1373, 113, 0, 0
15:41:52, 1156.60, 20.48, 23.19, 18.250, 178, 200, 462, 971, 1591, 2029, 2202, 2157, 3557, 255, 0, 0, 43, 43, 94, 225, 527, 651, 730, 655, 1261, 104, 0, 0
15:41:53, 1147.00, 20.47, 23.22, 18.234, 212, 230, 535, 1085, 1776, 2235, 2381, 2429, 3607, 257, 0, 0, 51, 52, 113, 263, 604, 756, 828, 752, 1368, 117, 0, 0
15:41:53, 1143.70, 20.45, 23.19, 18.234, 243, 279, 653, 1245, 1938, 2397, 2505, 2682, 3480, 251, 0, 0, 59, 60, 127, 290, 649, 828, 902, 833, 1470, 129, 0, 0
15:41:54, 1142.50, 20.43, 23.22, 18.234, 279, 304, 728, 1328, 2295, 2823, 2915, 3304, 3793, 278, 0, 0, 62, 63, 134, 299, 660, 857, 930, 872, 1533, 137, 0, 0
15:41:55, 1143.00, 20.42, 23.21, 18.242, 257, 298, 705, 1289, 2259, 2664, 2902, 3099, 3614, 267, 0, 0, 59, 60, 125, 273, 596, 793, 870, 825, 1459, 133, 0, 0
15:41:55, 1142.00, 20.43, 23.17, 18.242, 257, 303, 717, 1298, 2245, 2603, 2938, 3028, 3565, 265, 0, 0, 58, 59, 121, 264, 584, 777, 862, 817, 1477, 135, 0, 0
15:41:56, 1142.10, 20.44, 23.21, 18.242, 253, 322, 744, 1369, 2315, 2665, 3078, 3137, 3606, 269, 0, 0, 57, 59, 119, 260, 571, 752, 849, 805, 1494, 139, 0, 0
15:41:57, 1142.10, 20.44, 23.21, 18.234, 248, 324, 747, 1370, 2388, 2682, 3236, 3229, 3669, 276, 0, 0, 57, 59, 117, 258, 563, 751, 846, 812, 1526, 143, 0, 0
15:41:57, 1142.30, 20.45, 23.21, 18.234, 253, 340, 776, 1444, 2414, 2699, 3312, 3282, 3734, 282, 0, 0, 57, 58, 115, 253, 547, 723, 814, 790, 1484, 139, 0, 0
15:41:58, 1139.30, 20.46, 23.21, 18.242, 258, 350, 804, 1467, 2506, 2751, 3544, 3369, 3848, 293, 0, 0, 61, 63, 126, 276, 646, 839, 936, 891, 1688, 153, 0, 0
15:41:59, 1138.80, 20.45, 23.22, 18.258, 279, 408, 903, 1709, 2914, 3214, 4252, 4009, 4446, 337, 0, 0, 68, 69, 141, 312, 698, 906, 1002, 954, 1800, 161, 0, 0
15:41:59, 1134.20, 20.44, 23.21, 18.258, 282, 423, 927, 1769, 2676, 2957, 3884, 3562, 4414, 334, 0, 0, 75, 78, 162, 365, 815, 1045, 1143, 1080, 2086, 183, 0, 0
15:42:00, 1134.30, 20.42, 23.19, 18.250, 292, 453, 974, 1856, 3096, 3506, 4692, 4377, 5268, 399, 0, 0, 82, 87, 184, 419, 876, 1114, 1203, 1127, 2209, 193, 0, 0
15:42:01, 1134.20, 20.41, 23.21, 18.258, 281, 432, 926, 1808, 2834, 3268, 4157, 3935, 5358, 401, 0, 0, 84, 89, 188, 429, 908, 1144, 1234, 1147, 2300, 201, 0, 0
15:42:01, 1132.80, 20.40, 23.15, 18.258, 279, 422, 909, 1784, 2935, 3412, 4390, 4060, 5994, 445, 0, 0, 85, 90, 193, 439, 929, 1166, 1261, 1170, 2407, 209, 0, 0
15:42:02, 1132.40, 20.40, 23.19, 18.258, 282, 425, 898, 1798, 3012, 3539, 4470, 4241, 6337, 470, 0, 0, 87, 93, 200, 452, 939, 1175, 1271, 1172, 2444, 212, 0, 0
15:42:03, 1132.30, 20.41, 23.19, 18.258, 275, 405, 874, 1730, 3080, 3731, 4724, 4412, 6654, 490, 0, 0, 86, 92, 197, 447, 947, 1190, 1291, 1199, 2498, 215, 0, 0
15:42:03, 1132.50, 20.42, 23.17, 18.258, 301, 427, 906, 1814, 2987, 3617, 4444, 4236, 7019, 512, 0, 0, 83, 89, 190, 426, 913, 1153, 1258, 1172, 2433, 210, 0, 0
15:42:04, 1133.00, 20.42, 23.19, 18.258, 305, 427, 901, 1824, 2976, 3610, 4425, 4231, 6887, 505, 0, 0, 81, 87, 185, 414, 863, 1103, 1201, 1123, 2283, 197, 0, 0
15:42:05, 1133.60, 20.44, 23.19, 18.281, 294, 429, 913, 1827, 3060, 3647, 4406, 4415, 7013, 510, 0, 0, 80, 86, 183, 407, 848, 1094, 1196, 1128, 2268, 195, 0, 0
15:42:05, 1134.00, 20.44, 23.19, 18.281, 292, 434, 926, 1851, 3065, 3653, 4680, 4435, 6441, 472, 0, 0, 77, 83, 175, 391, 825, 1064, 1160, 1099, 2205, 190, 0, 0
15:42:06, 1134.10, 20.45, 23.15, 18.281, 278, 421, 899, 1781, 3064, 3561, 4548, 4325, 6014, 445, 0, 0, 78, 84, 177, 396, 824, 1061, 1153, 1094, 2177, 188, 0, 0
15:42:07, 1135.30, 20.45, 23.17, 18.289, 257, 397, 840, 1682, 2708, 3083, 4098, 3665, 4994, 379, 0, 0, 78, 83, 173, 389, 793, 1034, 1125, 1072, 2099, 185, 0, 0
15:42:07, 1128.30, 20.45, 23.15, 18.289, 275, 427, 911, 1807, 2990, 3443, 4433, 4227, 5383, 402, 0, 0, 81, 87, 185, 416, 900, 1136, 1237, 1158, 2321, 202, 0, 0
15:42:08, 1118.50, 20.43, 23.19, 18.289, 332, 536, 1129, 2160, 3336, 3802, 4898, 4647, 6072, 457, 0, 0, 94, 104, 233, 517, 1090, 1332, 1428, 1311, 2806, 241, 0, 0
15:42:09, 1110.40, 20.40, 23.19, 18.289, 342, 560, 1148, 2189, 3561, 4017, 5217, 4878, 6876, 518, 0, 0, 104, 117, 265, 581, 1218, 1466, 1554, 1417, 3105, 265, 0, 0
15:42:09, 1101.70, 20.39, 23.19, 18.297, 497, 837, 1620, 3057, 4458, 5190, 6891, 6508, 9021, 675, 0, 0, 122, 141, 324, 696, 1404, 1662, 1752, 1595, 3596, 303, 0, 0
15:42:10, 1094.70, 20.38, 23.19, 18.312, 527, 845, 1639, 3062, 4908, 5909, 7614, 7068, 11196, 824, 0, 0, 137, 164, 379, 800, 1603, 1873, 1977, 1796, 4116, 346, 0, 0
15:42:11, 1092.20, 20.37, 23.14, 18.312, 668, 967, 1809, 3555, 4296, 5123, 6258, 6077, 11902, 891, 0, 0, 145, 175, 406, 849, 1698, 1977, 2088, 1906, 4382, 368, 0, 0
15:42:11, 1088.50, 20.36, 23.15, 18.320, 651, 962, 1819, 3469, 4284, 5408, 6619, 6244, 12862, 958, 0, 0, 154, 190, 439, 909, 1740, 2016, 2125, 1927, 4495, 376, 0, 0
15:42:12, 1086.40, 20.36, 23.15, 18.352, 744, 1072, 1981, 3765, 5034, 6323, 7668, 7557, 15081, 1071, 0, 0, 152, 188, 436, 903, 1752, 2025, 2133, 1931, 4523, 379, 0, 0
15:42:13, 1082.60, 20.36, 23.14, 18.352, 621, 906, 1700, 3127, 4791, 5932, 7420, 7013, 13536, 1011, 0, 0, 159, 200, 462, 946, 1812, 2089, 2201, 2004, 4686, 393, 0, 0
15:42:13, 1080.20, 20.36, 23.17, 18.383, 796, 1143, 2033, 4007, 5415, 6710, 8436, 8114, 15278, 1124, 0, 0, 168, 214, 494, 1002, 1830, 2104, 2216, 2017, 4711, 396, 0, 0
15:42:14, 1076.40, 20.37, 23.21, 18.422, 725, 1102, 1924, 3760, 5052, 6432, 8472, 7257, 13681, 1078, 0, 0, 173, 222, 510, 1029, 1900, 2178, 2290, 2089, 4886, 412, 0, 0
15:42:15, 1070.30, 20.38, 23.15, 18.422, 750, 1160, 2002, 3794, 6272, 7901, 10452, 9226, 16013, 1247, 0, 0, 184, 241, 554, 1100, 2027, 2308, 2429, 2218, 5239, 442, 0, 0
15:42:15, 1063.70, 20.39, 23.19, 18.492, 945, 1523, 2460, 4753, 6375, 7752, 10740, 8848, 14659, 1243, 0, 0, 208, 281, 637, 1239, 2194, 2483, 2611, 2395, 5697, 483, 0, 0
15:42:16, 1057.30, 20.41, 23.17, 18.555, 1456, 2398, 3735, 7745, 5656, 7013, 9370, 7752, 13561, 1250, 0, 0, 223, 307, 690, 1323, 2281, 2567, 2697, 2480, 5945, 507, 0, 0
15:42:17, 1053.70, 20.42, 23.19, 18.555, 1158, 1838, 2722, 5270, 5959, 7840, 11193, 7857, 13636, 1465, 0, 0, 230, 321, 717, 1362, 2394, 2686, 2827, 2605, 6285, 534, 0, 0
15:42:17, 1050.70, 20.42, 23.15, 18.594, 1397, 2437, 3643, 7153, 6434, 8079, 11778, 8340, 14292, 1496, 0, 0, 242, 343, 761, 1427, 2476, 2770, 2918, 2707, 6502, 557, 0, 0
15:42:18, 1046.30, 20.43, 23.17, 18.656, 1316, 2484, 3370, 7539, 7666, 9762, 12753, 10099, 14115, 1577, 0, 0, 271, 393, 859, 1579, 2668, 2974, 3131, 2926, 6987, 610, 0, 0
15:42:19, 1041.30, 20.42, 23.17, 18.656, 1381, 2975, 3675, 7000, 8800, 8767, 15048, 11613, 12819, 1543, 0, 0, 281, 413, 895, 1630, 2686, 2984, 3140, 2935, 7058, 619, 0, 0
15:42:19, 1035.70, 20.43, 23.17, 18.687, 1290, 2771, 3878, 7080, 10651, 9839, 16008, 10619, 11475, 1744, 0, 0, 301, 448, 958, 1715, 2849, 3155, 3317, 3124, 7474, 666, 0, 0
15:42:20, 1031.30, 20.43, 23.17, 18.727, 1391, 3795, 4772, 10898, 9591, 8568, 16387, 9757, 10368, 1778, 0, 0, 317, 480, 1014, 1791, 2898, 3198, 3367, 3187, 7643, 695, 0, 0
15:42:21, 1026.70, 20.44, 23.15, 18.727, 1334, 2846, 3851, 7518, 8946, 6555, 16862, 7499, 9271, 1987, 0, 0, 349, 539, 1120, 1952, 3060, 3363, 3545, 3365, 8141, 752, 0, 0
15:42:21, 1012.90, 20.43, 23.15, 18.758, 1671, 3605, 4428, 10880, 15322, 16638, 24048, 20942, 13783, 4280, 0, 0, 1213, 1873, 3099, 4184, 8809, 9125, 10877, 11677, 35816, 9697, 0, 1
15:42:22, 1013.30, 20.43, 23.14, 18.758, 2122, 4126, 3653, 12541, 14113, 20613, 23605, 20491, 21311, 5821, 0, 0, 1602, 2249, 4092, 4822, 4608, 4631, 5334, 5182, 20297, 6416, 0, 0
15:42:23, 1013.90, 20.42, 23.14, 18.852, 6094, 7687, 8746, 15068, 7990, 18308, 21652, 13333, 36000, 8514, 1, 1, 1309, 1823, 3126, 3820, 12155, 12534, 16871, 13780, 35989, 31470, 0, 1
15:42:23, 1013.10, 20.43, 23.15, 18.883, 6712, 4322, 6886, 15267, 5930, 18114, 17676, 13307, 36000, 15500, 1, 1, 3854, 4768, 9076, 9588, 8728, 9263, 10919, 10412, 35100, 22178, 0, 1
15:42:24, 1013.20, 20.45, 23.17, 18.883, 6172, 5217, 6794, 14604, 11199, 19058, 24966, 20909, 36000, 12310, 1, 1, 3596, 4549, 8784, 9624, 6625, 7209, 8372, 9096, 27965, 10698, 0, 0
15:42:25, 1012.80, 20.47, 23.15, 18.883, 3144, 4180, 4080, 9070, 2896, 2846, 3288, 3169, 12172, 3034, 0, 0, 1986, 3291, 4870, 6448, 10251, 11081, 14347, 17044, 35687, 15814, 0, 1
15:42:25, 1012.70, 20.49, 23.17, 18.828, 2323, 3978, 6085, 9376, 13168, 4956, 20534, 7106, 14170, 6140, 0, 0, 2436, 4286, 5761, 7880, 10623, 12515, 14180, 19094, 26638, 12841, 0, 0
15:42:26, 1012.90, 20.51, 23.15, 18.828, 4539, 2634, 5408, 3954, 4150, 6419, 4480, 5937, 15455, 7771, 0, 0, 2602, 4258, 6038, 8707, 9870, 10108, 11974, 13526, 36000, 26531, 1, 1
15:42:26, 1012.70, 20.52, 23.19, 18.789, 2264, 7710, 8302, 16574, 18569, 6958, 23630, 11604, 36000, 36000, 1, 1, 5355, 8779, 11566, 15974, 20078, 22591, 27105, 32214, 36000, 35084, 1, 1
15:42:27, 1012.40, 20.55, 23.17, 18.805, 5264, 7626, 7466, 17605, 13761, 11762, 23469, 10884, 16256, 5448, 0, 0, 3940, 7432, 9201, 13700, 15707, 16907, 20201, 26384, 36000, 28950, 1, 1
15:42:28, 1012.40, 20.57, 23.21, 18.805, 4588, 2690, 4122, 6802, 12843, 17498, 25034, 14298, 36000, 26691, 1, 1, 6992, 11613, 15657, 20269, 26705, 28951, 33742, 36000, 36000, 36000, 1, 1
15:42:28, 1014.00, 20.59, 23.19, 18.781, 5045, 3631, 7060, 7170, 4077, 11152, 7296, 6258, 35111, 8269, 0, 1, 4669, 7126, 10175, 12589, 17163, 19027, 23150, 28806, 36000, 27534, 1, 1
15:42:29, 1012.40, 20.60, 23.19, 18.812, 7366, 4440, 7839, 15914, 3092, 5369, 3775, 4645, 27028, 10770, 0, 0, 7972, 13733, 17992, 24445, 27383, 29500, 35956, 36000, 36000, 36000, 1, 1
15:42:30, 1012.00, 20.56, 23.21, 18.812, 1560, 2599, 3119, 6902, 4181, 6269, 10408, 5763, 30902, 10489, 0, 0, 8435, 14239, 18721, 23758, 25069, 25650, 32995, 36000, 36000, 36000, 1, 1
15:42:30, 1011.80, 20.56, 23.21, 18.773, 1701, 2115, 2696, 4126, 6040, 8713, 17028, 7001, 35581, 17576, 0, 1, 10769, 18508, 24445, 31400, 36000, 36000, 36000, 36000, 36000, 36000, 1, 1
