Secchi Depth (cm) = 0102
Forel Ule Scale = 15
pH Colour Scale = 99
SensingSecchi S/N = A016
Latitude (degs N) = 34.14020
Longitude (degs E) = -77.86230
Date = 2026-03-27
Time (UTC), Pressure (mbar) MS5803, Temp (deg C) MS5803, Temp (deg C) 10KTHERM, Temp (deg C) TMP117, ED 415nm, ED 445nm, ED 480nm, ED 515nm, ED 555nm, ED 590nm, ED 630nm, ED 680nm, ED Clear, ED NIR, ED D-SAT, ED A-SAT, EU 415nm, EU 445nm, EU 480nm, EU 515nm, EU 555nm, EU 590nm, EU 630nm, EU 680nm, EU Clear, EU NIR, EU D-SAT, EU A-SAT
17:01:24, 1010.40, 23.46, 22.09, 28.094, 12274, 19455, 29882, 34137, 36000, 36000, 36000, 36000, 36000, 36000, 1, 1, 5931, 8597, 12218, 14952, 18874, 20420, 25949, 29893, 36000, 36000, 1, 1
17:01:24, 1010.40, 23.47, 22.15, 28.172, 12252, 19459, 29849, 34110, 36000, 36000, 36000, 36000, 36000, 36000, 1, 1, 6000, 8674, 12333, 15079, 18900, 20470, 25996, 30037, 36000, 36000, 1, 1
17:01:25, 1010.30, 23.48, 22.15, 28.234, 12340, 19441, 30192, 33830, 36000, 36000, 36000, 36000, 36000, 36000, 1, 1, 5915, 8525, 12151, 14842, 18152, 19770, 25208, 29021, 36000, 36000, 1, 1
17:01:26, 1010.50, 23.48, 22.15, 28.234, 12475, 19402, 30058, 34438, 32297, 33730, 34669, 36000, 36000, 36000, 1, 1, 8260, 11944, 16946, 20569, 24641, 28251, 34019, 36000, 36000, 36000, 1, 1
17:01:26, 1010.60, 23.51, 22.13, 28.273, 3961, 3194, 5753, 5169, 16426, 19290, 16476, 23402, 36000, 36000, 1, 1, 7273, 10293, 14718, 17914, 18338, 20421, 25948, 30157, 36000, 36000, 1, 1
17:01:27, 1010.10, 23.51, 22.11, 28.273, 13311, 22528, 31669, 36000, 36000, 36000, 36000, 36000, 36000, 36000, 1, 1, 4668, 6847, 9526, 11936, 14448, 15842, 20187, 23293, 36000, 36000, 1, 1
17:01:28, 1010.40, 23.52, 22.09, 28.273, 13179, 22648, 32618, 36000, 36000, 36000, 36000, 36000, 36000, 36000, 1, 1, 4895, 7154, 10047, 12428, 15466, 16747, 21172, 24573, 36000, 36000, 1, 1
17:01:28, 1010.50, 23.53, 22.11, 28.359, 13155, 22724, 32580, 36000, 36000, 36000, 36000, 36000, 36000, 36000, 1, 1, 4905, 7173, 10070, 12455, 15589, 16874, 21329, 24744, 36000, 36000, 1, 1
17:01:29, 1010.40, 23.54, 22.13, 28.477, 13148, 22738, 32582, 36000, 36000, 36000, 36000, 36000, 36000, 36000, 1, 1, 4847, 7044, 9923, 12247, 15070, 16324, 20640, 23946, 36000, 36000, 1, 1
17:01:30, 1010.50, 23.55, 22.18, 28.477, 13144, 22617, 32519, 36000, 36000, 36000, 36000, 36000, 36000, 36000, 1, 1, 4797, 7006, 9830, 12212, 12599, 13548, 17476, 20331, 36000, 36000, 1, 1
17:01:30, 1010.20, 23.52, 22.15, 28.555, 7641, 11642, 17859, 21068, 2102, 2316, 3057, 3838, 12149, 5336, 0, 0, 123, 141, 131, 145, 223, 328, 739, 1306, 2739, 1561, 0, 0
17:01:31, 1010.80, 23.57, 22.15, 28.531, 319, 417, 515, 610, 954, 1221, 2076, 3038, 7077, 3822, 0, 0, 244, 338, 442, 573, 7986, 8923, 10662, 12554, 28736, 12362, 0, 0
17:01:32, 1010.70, 23.59, 22.22, 28.531, 10639, 17986, 25390, 29000, 24631, 26958, 33620, 36000, 25874, 8145, 1, 1, 1695, 2697, 4066, 5498, 16082, 16888, 20474, 20840, 35741, 27763, 0, 1
17:01:32, 1010.60, 23.60, 22.20, 28.430, 6643, 10784, 13079, 19092, 34650, 35184, 36000, 36000, 36000, 17248, 1, 1, 2176, 3394, 5486, 6655, 8180, 7883, 10229, 9604, 33374, 13279, 0, 1
17:01:33, 1010.40, 23.60, 22.16, 28.320, 10227, 17445, 24682, 27746, 26228, 28384, 34456, 36000, 19231, 7156, 1, 1, 2335, 4857, 6188, 9136, 3522, 3757, 3998, 3909, 10245, 1305, 0, 0
17:01:34, 1014.90, 23.55, 22.18, 28.320, 8363, 14071, 19094, 22354, 18016, 15668, 23504, 24770, 11701, 5191, 0, 0, 546, 896, 1812, 3033, 4645, 4990, 5305, 5041, 11894, 1103, 0, 0
17:01:34, 1019.30, 23.32, 22.15, 24.656, 4104, 6847, 9192, 11508, 11508, 13709, 12610, 17421, 9514, 3204, 0, 0, 523, 853, 1767, 3000, 4717, 5069, 5378, 5082, 11557, 1016, 0, 0
17:01:35, 1014.00, 23.10, 22.16, 24.656, 7072, 13679, 14532, 20282, 27297, 34595, 33969, 36000, 13103, 4900, 1, 1, 545, 894, 1816, 3043, 4721, 5068, 5385, 5122, 11747, 1093, 0, 0
17:01:36, 1021.90, 22.90, 22.16, 21.055, 12963, 21705, 24810, 30056, 25707, 27148, 27765, 29548, 21678, 9321, 0, 0, 475, 773, 1593, 2710, 4150, 4481, 4748, 4489, 10038, 892, 0, 0
17:01:36, 1024.50, 22.75, 22.15, 19.539, 8436, 14599, 17038, 19530, 14887, 16346, 19202, 21423, 11084, 2287, 0, 0, 439, 705, 1489, 2583, 4136, 4476, 4745, 4473, 9851, 844, 0, 0
17:01:37, 1019.80, 22.63, 22.16, 19.539, 4605, 9746, 8864, 16613, 6855, 9111, 8376, 12994, 10061, 1999, 0, 0, 445, 715, 1493, 2562, 4094, 4428, 4685, 4427, 9777, 917, 0, 0
17:01:38, 1020.50, 22.53, 22.18, 18.859, 7534, 12672, 13791, 28024, 25433, 22985, 32340, 33665, 15689, 3876, 0, 1, 444, 706, 1472, 2528, 4096, 4425, 4684, 4414, 9726, 898, 0, 0
17:01:38, 1015.90, 22.45, 22.18, 18.609, 5702, 11085, 12295, 23347, 30449, 25960, 35345, 34201, 18565, 4187, 0, 1, 471, 758, 1564, 2656, 4324, 4649, 4939, 4680, 10540, 1031, 0, 0
17:01:39, 1013.10, 22.37, 22.20, 18.609, 6319, 16037, 13338, 24492, 25018, 22469, 24103, 36000, 14957, 6203, 1, 1, 547, 893, 1812, 3040, 4797, 5133, 5461, 5166, 11489, 1033, 0, 0
17:01:39, 1014.40, 22.30, 22.23, 18.477, 7630, 6902, 12378, 11934, 20387, 24851, 12995, 25691, 15330, 6760, 0, 0, 528, 858, 1741, 2926, 4476, 4787, 5104, 4825, 10847, 1106, 0, 0
17:01:40, 1012.10, 22.25, 22.16, 18.422, 7538, 15612, 22336, 24983, 27595, 29468, 31089, 32452, 35240, 16059, 0, 1, 535, 858, 1672, 2777, 4369, 4717, 5039, 4944, 11598, 1947, 0, 0
17:01:41, 1014.80, 22.20, 22.16, 18.422, 8217, 16206, 16161, 24966, 30948, 27351, 31810, 35788, 30631, 8677, 0, 1, 521, 850, 1704, 2841, 4587, 4907, 5223, 4956, 11033, 1005, 0, 0
17:01:41, 1026.60, 22.14, 22.18, 18.383, 5077, 7730, 10053, 13599, 21465, 22582, 22075, 26012, 26180, 5576, 0, 0, 485, 778, 1633, 2813, 4627, 4984, 5295, 4979, 10955, 926, 0, 0
17:01:42, 1022.30, 22.09, 22.18, 18.367, 6204, 7287, 12837, 16431, 17576, 17046, 20378, 26173, 25088, 3337, 0, 0, 476, 764, 1609, 2775, 4488, 4826, 5145, 4857, 10633, 906, 0, 0
17:01:43, 1019.00, 22.05, 22.20, 18.367, 8120, 16595, 16314, 22874, 29188, 24037, 34676, 35950, 33436, 6247, 0, 1, 487, 785, 1604, 2715, 4213, 4515, 4814, 4549, 10125, 1004, 0, 0
17:01:43, 1019.30, 22.01, 22.16, 18.359, 6803, 7537, 11379, 13254, 10896, 18233, 10536, 18370, 13526, 3288, 0, 0, 477, 763, 1592, 2733, 4209, 4525, 4818, 4565, 10069, 1001, 0, 0
17:01:44, 1016.20, 21.97, 22.20, 18.352, 6993, 14859, 14692, 17681, 27881, 29104, 33565, 36000, 19103, 5398, 1, 1, 491, 791, 1616, 2738, 4331, 4644, 4934, 4655, 10330, 977, 0, 0
17:01:45, 1024.50, 21.94, 22.22, 18.352, 6095, 10686, 14235, 17011, 15780, 14952, 18147, 21877, 22004, 4405, 0, 0, 471, 752, 1587, 2745, 4449, 4799, 5096, 4785, 10299, 872, 0, 0
17:01:45, 1012.80, 21.90, 22.22, 18.344, 5997, 12288, 15367, 19890, 21277, 18797, 27388, 28050, 17826, 3712, 0, 0, 495, 797, 1630, 2753, 4318, 4635, 4945, 4697, 10628, 1203, 0, 0
17:01:46, 1017.30, 21.86, 22.23, 18.344, 9074, 11529, 15601, 19581, 15313, 22054, 11934, 22383, 14944, 5711, 0, 0, 499, 805, 1650, 2795, 4437, 4759, 5063, 4780, 10678, 1007, 0, 0
17:01:47, 1018.20, 21.84, 22.22, 18.344, 6875, 12699, 15048, 19272, 8950, 10613, 7681, 14251, 11856, 2544, 0, 0, 509, 819, 1711, 2929, 4535, 4873, 5184, 4901, 10770, 980, 0, 0
17:01:47, 1016.20, 21.81, 22.22, 18.344, 7659, 17151, 18326, 22998, 33946, 22392, 36000, 36000, 21147, 6674, 1, 1, 497, 796, 1623, 2736, 4324, 4651, 4937, 4671, 10375, 1038, 0, 0
17:01:48, 1021.40, 21.77, 22.22, 18.359, 7531, 13552, 17368, 19739, 8966, 8474, 10287, 13075, 11847, 2746, 0, 0, 485, 778, 1631, 2816, 4444, 4793, 5095, 4805, 10452, 901, 0, 0
17:01:49, 1021.60, 21.75, 22.23, 18.359, 5212, 11639, 12572, 18320, 20878, 20041, 24820, 27609, 14320, 3508, 0, 0, 468, 752, 1565, 2700, 4296, 4622, 4903, 4607, 10081, 880, 0, 0
17:01:49, 1026.30, 21.73, 22.22, 18.344, 6292, 13412, 15046, 19546, 16621, 13761, 20514, 22715, 16796, 2739, 0, 0, 445, 706, 1506, 2635, 4341, 4690, 4981, 4676, 9974, 831, 0, 0
17:01:50, 1019.50, 21.72, 22.25, 18.344, 10471, 20215, 21948, 26022, 21400, 18850, 23145, 27956, 15814, 3573, 0, 0, 454, 726, 1511, 2597, 4145, 4468, 4747, 4477, 9618, 846, 0, 0
17:01:51, 1023.50, 21.69, 22.23, 18.344, 9123, 17127, 19885, 22912, 14478, 14406, 16385, 19281, 16944, 3269, 0, 0, 451, 720, 1512, 2621, 4284, 4617, 4903, 4592, 9839, 846, 0, 0
17:01:51, 1014.20, 21.68, 22.23, 18.344, 4957, 10534, 11667, 16190, 20049, 18476, 22350, 25770, 17543, 3270, 0, 0, 484, 766, 1590, 2705, 4322, 4651, 4950, 4693, 10425, 1273, 0, 0
17:01:52, 1014.30, 21.66, 22.23, 18.344, 8480, 18210, 17449, 19137, 18501, 24170, 14105, 32465, 14819, 6026, 0, 1, 503, 791, 1605, 2727, 4275, 4604, 4889, 4719, 10925, 1614, 0, 0
17:01:53, 1015.40, 21.63, 22.23, 18.344, 5755, 12077, 11725, 14730, 23489, 22224, 24309, 27636, 23900, 10193, 0, 0, 504, 797, 1607, 2719, 4379, 4714, 5022, 4787, 10917, 1401, 0, 0
17:01:53, 1015.50, 21.61, 22.25, 18.352, 8419, 17611, 17704, 19046, 23851, 23774, 24005, 32620, 17316, 5685, 0, 1, 512, 812, 1665, 2817, 4501, 4834, 5142, 4886, 11109, 1319, 0, 0
17:01:54, 1013.40, 21.60, 22.22, 18.352, 6752, 15190, 15756, 30471, 27043, 24615, 36000, 36000, 16883, 6479, 1, 1, 545, 875, 1770, 2954, 4608, 4940, 5255, 4994, 11201, 1145, 0, 0
17:01:55, 1019.70, 21.60, 22.27, 18.359, 7559, 16474, 16786, 20053, 21204, 22303, 22638, 27159, 21100, 10572, 0, 0, 505, 812, 1669, 2832, 4514, 4859, 5164, 4876, 10889, 1011, 0, 0
17:01:55, 1014.70, 21.59, 22.20, 18.359, 7377, 9480, 14156, 13236, 8780, 9926, 11643, 15809, 11105, 2419, 0, 0, 524, 855, 1774, 3014, 4695, 5046, 5374, 5110, 11420, 1050, 0, 0
17:01:56, 1016.90, 21.56, 22.25, 18.359, 1224, 1921, 2479, 2818, 3986, 3684, 5490, 5625, 10302, 3910, 0, 0, 513, 833, 1700, 2870, 4401, 4745, 5032, 4790, 10703, 1046, 0, 0
17:01:57, 1020.90, 21.53, 22.27, 18.352, 8604, 14981, 19077, 25072, 15251, 15029, 17833, 22025, 14282, 3179, 0, 0, 486, 782, 1636, 2818, 4405, 4762, 5065, 4790, 10549, 929, 0, 0
17:01:57, 1017.50, 21.50, 22.27, 18.359, 3609, 7028, 9690, 12599, 7474, 10130, 8672, 11820, 11026, 2741, 0, 0, 501, 813, 1676, 2852, 4561, 4919, 5222, 4953, 10963, 1007, 0, 0
17:01:58, 1017.60, 21.48, 22.27, 18.359, 1841, 3494, 4454, 5450, 10870, 19378, 13055, 23409, 11414, 3036, 0, 0, 502, 815, 1682, 2861, 4497, 4853, 5158, 4893, 10910, 982, 0, 0
17:01:59, 1020.20, 21.47, 22.25, 18.352, 4013, 7386, 7434, 13495, 19926, 29855, 23162, 34480, 12869, 4179, 0, 1, 485, 779, 1608, 2747, 4434, 4790, 5069, 4800, 10793, 1006, 0, 0
17:01:59, 1014.20, 21.47, 22.27, 18.359, 3658, 5738, 8427, 9717, 21162, 25080, 22925, 32147, 13957, 3541, 0, 0, 507, 822, 1696, 2869, 4502, 4857, 5158, 4919, 11080, 1061, 0, 0
17:02:00, 1019.30, 21.45, 22.28, 18.359, 9056, 17901, 17959, 28946, 16465, 20801, 20207, 23878, 12615, 5380, 0, 0, 510, 825, 1699, 2893, 4494, 4852, 5145, 4881, 11097, 1031, 0, 0
17:02:01, 1015.50, 21.43, 22.25, 18.352, 5800, 7578, 11647, 13475, 8929, 8598, 9858, 12013, 9178, 2000, 0, 0, 503, 815, 1691, 2886, 4558, 4928, 5237, 4978, 11270, 1076, 0, 0
17:02:01, 1015.00, 21.40, 22.23, 18.352, 9465, 19579, 16537, 31777, 24949, 34618, 26985, 36000, 14254, 5935, 1, 1, 523, 841, 1712, 2900, 4379, 4740, 5008, 4768, 10655, 1084, 0, 0
17:02:02, 1020.10, 21.37, 22.25, 18.352, 5889, 9617, 11728, 14548, 6445, 7026, 7545, 9720, 9714, 2482, 0, 0, 494, 787, 1634, 2807, 4379, 4753, 5025, 4757, 10567, 1012, 0, 0
17:02:03, 1016.80, 21.36, 22.28, 18.359, 6278, 10028, 12044, 14286, 19280, 21048, 24360, 27915, 12450, 3300, 0, 0, 493, 781, 1608, 2735, 4285, 4648, 4938, 4722, 10818, 1221, 0, 0
17:02:03, 1017.10, 21.35, 22.28, 18.359, 1808, 3727, 3929, 5923, 2759, 2844, 3136, 3486, 9686, 3153, 0, 0, 491, 791, 1615, 2746, 4279, 4618, 4895, 4647, 10470, 1045, 0, 0
17:02:04, 1022.80, 21.34, 22.30, 18.359, 3180, 5655, 7400, 9733, 4593, 4737, 4805, 6156, 9072, 1963, 0, 0, 497, 796, 1671, 2881, 4495, 4861, 5156, 4877, 10655, 941, 0, 0
17:02:05, 1018.50, 21.33, 22.28, 18.367, 3978, 8522, 8836, 14265, 9811, 10575, 12969, 14740, 11273, 2393, 0, 0, 469, 758, 1571, 2697, 4302, 4644, 4938, 4678, 10277, 919, 0, 0
17:02:05, 1021.60, 21.32, 22.27, 18.367, 5861, 13359, 13869, 23471, 19240, 19112, 22416, 25653, 14408, 4257, 0, 0, 487, 782, 1622, 2789, 4542, 4898, 5196, 4900, 10753, 948, 0, 0
17:02:06, 1019.10, 21.31, 22.30, 18.367, 8836, 15575, 16976, 22708, 15683, 17716, 21485, 24788, 13392, 2607, 0, 0, 492, 793, 1660, 2848, 4432, 4779, 5085, 4814, 10461, 920, 0, 0
17:02:07, 1017.50, 21.29, 22.34, 18.375, 8646, 16073, 16871, 18258, 21601, 25234, 25678, 35252, 16522, 5816, 0, 1, 500, 802, 1640, 2794, 4356, 4671, 4963, 4694, 10461, 1032, 0, 0
17:02:07, 1020.80, 21.27, 22.30, 18.375, 8764, 8468, 14598, 16125, 22762, 25226, 22499, 28984, 22265, 5353, 0, 0, 491, 784, 1633, 2806, 4473, 4813, 5127, 4864, 10670, 1020, 0, 0
17:02:08, 1016.10, 21.27, 22.30, 18.367, 6811, 11603, 14295, 16314, 25425, 24832, 26367, 30080, 21083, 5092, 0, 0, 496, 793, 1611, 2726, 4313, 4632, 4934, 4675, 10283, 1024, 0, 0
17:02:09, 1023.30, 21.26, 22.32, 18.375, 12268, 19450, 24612, 29318, 21904, 22344, 24387, 27531, 25957, 6366, 0, 0, 490, 780, 1631, 2816, 4467, 4819, 5127, 4843, 10424, 918, 0, 0
17:02:09, 1014.20, 21.24, 22.30, 18.375, 4829, 9475, 11336, 13459, 15378, 13593, 16801, 21044, 13502, 2920, 0, 0, 498, 805, 1645, 2783, 4340, 4666, 4978, 4730, 10318, 991, 0, 0
17:02:10, 1018.70, 21.22, 22.32, 18.367, 8494, 17860, 17423, 19327, 15120, 22173, 11556, 22042, 16073, 6645, 0, 0, 519, 825, 1685, 2848, 4447, 4789, 5096, 4834, 10740, 1109, 0, 0
17:02:11, 1015.60, 21.20, 22.32, 18.375, 3355, 6153, 7346, 10229, 25590, 26059, 29972, 33136, 19817, 4602, 0, 1, 502, 813, 1671, 2830, 4495, 4833, 5170, 4925, 10849, 1035, 0, 0
17:02:11, 1017.00, 21.18, 22.34, 18.375, 8845, 19921, 17283, 20506, 28011, 21884, 33281, 35436, 19472, 6913, 0, 1, 526, 848, 1730, 2925, 4600, 4925, 5241, 4962, 11046, 1074, 0, 0
17:02:12, 1016.70, 21.16, 22.30, 18.375, 6161, 9761, 11821, 14946, 12391, 14903, 13133, 18970, 13704, 2887, 0, 0, 518, 835, 1730, 2954, 4582, 4927, 5257, 4989, 10883, 975, 0, 0
17:02:13, 1015.50, 21.15, 22.32, 18.367, 8558, 15865, 16975, 20456, 25366, 30103, 30145, 35237, 19112, 6762, 0, 1, 548, 882, 1793, 3028, 4564, 4871, 5174, 4918, 10998, 1133, 0, 0
17:02:13, 1013.20, 21.14, 22.32, 18.367, 5321, 10248, 11223, 15637, 17514, 20709, 19636, 24781, 27092, 12491, 0, 0, 522, 841, 1699, 2886, 4541, 4859, 5180, 4925, 10970, 1231, 0, 0
17:02:14, 1014.40, 21.12, 22.32, 18.367, 7894, 15024, 15455, 23987, 18403, 26407, 16717, 28432, 17066, 6725, 0, 0, 517, 826, 1661, 2841, 4294, 4620, 4893, 4719, 10761, 1539, 0, 0
17:02:15, 1013.10, 21.12, 22.34, 18.375, 9094, 15978, 16755, 19704, 27751, 27492, 29443, 33208, 21555, 6671, 0, 1, 516, 821, 1656, 2816, 4456, 4749, 5041, 4766, 10697, 1346, 0, 0
17:02:15, 1016.80, 21.11, 22.34, 18.375, 8091, 14590, 16575, 20775, 31041, 28797, 34151, 35201, 27082, 9581, 0, 1, 511, 813, 1641, 2756, 4298, 4611, 4918, 4673, 10405, 1129, 0, 0
17:02:16, 1020.60, 21.11, 22.34, 18.375, 6066, 8123, 11510, 13683, 19705, 22407, 18203, 25221, 16912, 3850, 0, 0, 487, 784, 1631, 2802, 4480, 4809, 5126, 4845, 10676, 934, 0, 0
17:02:17, 1014.60, 21.10, 22.35, 18.375, 7369, 10698, 11511, 18693, 17499, 27199, 31002, 32471, 32844, 7824, 0, 1, 537, 863, 1751, 2941, 4749, 5072, 5403, 5110, 11437, 1073, 0, 0
17:02:17, 1016.90, 21.09, 22.34, 18.375, 7862, 12379, 16493, 19268, 14385, 14908, 15699, 19206, 24947, 7550, 0, 0, 540, 875, 1789, 3027, 4753, 5097, 5434, 5154, 11317, 1020, 0, 0
17:02:18, 1013.00, 21.09, 22.35, 18.367, 6749, 12623, 14637, 16132, 21596, 21905, 23518, 29753, 25343, 5699, 0, 0, 541, 875, 1781, 3012, 4676, 4996, 5316, 5037, 11152, 1106, 0, 0
17:02:19, 1019.70, 21.10, 22.34, 18.375, 8689, 16740, 17330, 22005, 23839, 19641, 27218, 28659, 23101, 5771, 0, 0, 491, 787, 1610, 2746, 4296, 4610, 4918, 4639, 10250, 1025, 0, 0
17:02:19, 1023.20, 21.10, 22.35, 18.375, 5081, 8246, 10850, 13081, 16706, 18796, 17334, 22795, 22049, 5344, 0, 0, 451, 714, 1504, 2608, 4128, 4450, 4742, 4446, 9472, 808, 0, 0
17:02:20, 1018.20, 21.11, 22.39, 18.367, 2242, 2629, 3293, 7266, 18690, 18142, 18496, 20883, 25221, 6242, 0, 0, 434, 693, 1430, 2467, 4048, 4357, 4635, 4381, 9353, 894, 0, 0
17:02:21, 1017.80, 21.10, 22.35, 18.367, 7065, 15031, 15346, 21722, 30113, 25453, 30863, 33309, 35415, 8454, 0, 1, 466, 742, 1515, 2583, 4246, 4562, 4853, 4603, 10070, 995, 0, 0
17:02:21, 1013.00, 21.09, 22.37, 18.383, 6368, 10510, 12057, 15335, 21834, 25291, 28273, 29127, 36000, 7073, 1, 1, 501, 806, 1631, 2752, 4466, 4771, 5082, 4831, 10888, 1159, 0, 0
17:02:22, 1014.70, 21.09, 22.32, 18.383, 9567, 14400, 16506, 21690, 30068, 30979, 33006, 35911, 34786, 17599, 0, 1, 554, 905, 1810, 3027, 4880, 5218, 5550, 5300, 11921, 1107, 0, 0
17:02:23, 1013.50, 21.08, 22.41, 18.383, 7992, 12271, 14486, 20619, 14531, 22047, 24469, 24995, 32664, 8359, 0, 1, 580, 947, 1914, 3189, 4878, 5195, 5544, 5295, 12223, 1163, 0, 0
17:02:23, 1015.00, 21.07, 22.39, 18.375, 7466, 11669, 13754, 21283, 24452, 30586, 33325, 32460, 36000, 20404, 1, 1, 580, 947, 1895, 3155, 4999, 5331, 5671, 5422, 12584, 1177, 0, 0
17:02:24, 1015.40, 21.07, 22.39, 18.383, 5168, 7961, 10558, 12840, 17945, 17588, 18991, 24671, 35612, 10865, 0, 1, 568, 923, 1875, 3142, 4946, 5274, 5627, 5376, 12654, 1195, 0, 0
17:02:25, 1015.00, 21.06, 22.39, 18.383, 7436, 15026, 19599, 19203, 18196, 24994, 31383, 35984, 36000, 25628, 1, 1, 569, 928, 1861, 3111, 4858, 5192, 5522, 5285, 12053, 1120, 0, 0
17:02:25, 1017.10, 21.06, 22.39, 18.375, 8117, 11720, 13171, 14184, 12535, 14863, 18844, 19137, 33739, 14693, 0, 1, 564, 914, 1866, 3136, 4823, 5166, 5500, 5237, 11776, 1056, 0, 0
17:02:26, 1012.60, 21.06, 22.37, 18.383, 7213, 11459, 16568, 19050, 26616, 23471, 35198, 34903, 36000, 30394, 1, 1, 565, 924, 1853, 3083, 4866, 5184, 5525, 5288, 12458, 1201, 0, 0
17:02:27, 1016.40, 21.05, 22.42, 18.383, 7571, 14324, 16729, 27776, 24590, 26341, 30963, 32985, 35988, 16976, 0, 1, 593, 972, 1953, 3229, 4942, 5270, 5608, 5349, 12591, 1169, 0, 0
17:02:27, 1014.40, 21.04, 22.39, 18.383, 6645, 7778, 9640, 16265, 13874, 21584, 28695, 28597, 36000, 11763, 1, 1, 585, 956, 1929, 3205, 5010, 5331, 5683, 5427, 12810, 1199, 0, 0
17:02:28, 1014.80, 21.03, 22.41, 18.383, 7161, 12732, 15207, 25302, 17680, 24237, 28833, 33314, 36000, 24970, 1, 1, 585, 957, 1917, 3178, 4903, 5229, 5565, 5326, 12420, 1166, 0, 0
17:02:29, 1014.10, 21.04, 22.44, 18.383, 5512, 11061, 12999, 17491, 20165, 18860, 22989, 24920, 35828, 20149, 0, 1, 573, 934, 1890, 3163, 5016, 5350, 5699, 5443, 12573, 1179, 0, 0
17:02:29, 1014.90, 21.03, 22.39, 18.383, 7276, 13419, 16150, 29207, 22660, 29527, 32557, 34509, 36000, 22079, 1, 1, 574, 934, 1872, 3116, 4835, 5163, 5497, 5247, 11866, 1116, 0, 0
17:02:30, 1015.80, 21.03, 22.42, 18.383, 13839, 19731, 21436, 23335, 12179, 12599, 14414, 16993, 24469, 5759, 0, 0, 548, 889, 1811, 3052, 4712, 5041, 5373, 5118, 11542, 1061, 0, 0
17:02:31, 1017.00, 21.02, 22.42, 18.383, 6899, 16707, 20732, 22589, 29525, 25887, 30006, 34127, 34518, 12208, 0, 1, 547, 888, 1807, 3055, 4829, 5174, 5508, 5227, 11614, 1046, 0, 0
17:02:31, 1015.90, 21.02, 22.42, 18.375, 6741, 9916, 11615, 15567, 23878, 23557, 23673, 29244, 25584, 5096, 0, 0, 535, 870, 1782, 3020, 4674, 5013, 5339, 5067, 11308, 1026, 0, 0
17:02:32, 1018.70, 21.02, 22.44, 18.391, 8365, 10905, 15650, 17181, 14858, 21221, 20330, 26055, 25302, 6594, 0, 0, 534, 873, 1770, 2978, 4673, 5012, 5339, 5060, 11288, 1009, 0, 0
17:02:33, 1017.80, 21.01, 22.44, 18.391, 7397, 9221, 12022, 14388, 24595, 21853, 28678, 31990, 21565, 4695, 0, 0, 516, 839, 1720, 2919, 4653, 4992, 5314, 5036, 11170, 999, 0, 0
17:02:33, 1020.20, 21.01, 22.42, 18.391, 7200, 10994, 12799, 16919, 30568, 24219, 34751, 35864, 22834, 5260, 0, 1, 506, 823, 1687, 2867, 4601, 4943, 5270, 4995, 11093, 987, 0, 0
17:02:34, 1017.30, 21.02, 22.41, 18.391, 5950, 14186, 14825, 18971, 27418, 19744, 33352, 35393, 16628, 4073, 0, 1, 515, 838, 1717, 2916, 4605, 4945, 5263, 4983, 11116, 1001, 0, 0
17:02:34, 1020.90, 21.02, 22.42, 18.398, 7191, 13432, 13133, 26184, 19803, 22056, 28072, 29972, 13560, 3785, 0, 0, 523, 848, 1754, 2991, 4736, 5101, 5430, 5147, 11444, 1004, 0, 0
17:02:35, 1017.30, 21.02, 22.46, 18.398, 1608, 2795, 3690, 4773, 6706, 8512, 7263, 9932, 10056, 2605, 0, 0, 534, 870, 1788, 3035, 4704, 5055, 5383, 5115, 11602, 1052, 0, 0
17:02:36, 1019.70, 21.01, 22.48, 18.398, 6657, 14164, 14658, 22772, 19703, 20619, 21767, 29538, 12578, 3963, 0, 0, 538, 879, 1806, 3064, 4712, 5072, 5397, 5119, 11569, 1031, 0, 0
17:02:36, 1019.50, 21.00, 22.41, 18.398, 7010, 15557, 17292, 27100, 22670, 26959, 26988, 35674, 11961, 3129, 0, 1, 528, 858, 1774, 3028, 4820, 5195, 5527, 5249, 12012, 1072, 0, 0
17:02:37, 1020.30, 21.01, 22.48, 18.398, 7314, 15966, 17229, 29031, 23800, 31305, 32002, 36000, 11839, 3290, 1, 1, 542, 882, 1819, 3090, 4839, 5213, 5553, 5278, 12190, 1093, 0, 0
17:02:38, 1021.80, 21.01, 22.49, 18.398, 5119, 10164, 11265, 18378, 12069, 16836, 16793, 23743, 10646, 2488, 0, 0, 532, 861, 1786, 3051, 4780, 5154, 5489, 5210, 12050, 1076, 0, 0
17:02:38, 1022.20, 21.02, 22.46, 18.398, 5958, 12542, 13591, 20639, 21347, 27711, 30915, 35355, 12112, 3018, 0, 1, 526, 853, 1760, 3002, 4725, 5101, 5432, 5165, 11989, 1080, 0, 0
17:02:39, 1022.20, 21.02, 22.44, 18.406, 7590, 13338, 20590, 26361, 19014, 24547, 24229, 32547, 12728, 2710, 0, 1, 523, 845, 1756, 3008, 4799, 5186, 5516, 5253, 12286, 1097, 0, 0
17:02:40, 1022.20, 21.02, 22.46, 18.406, 7666, 14341, 19339, 24161, 28133, 31649, 28080, 35809, 14875, 3492, 0, 1, 542, 878, 1814, 3089, 4872, 5263, 5603, 5338, 12552, 1133, 0, 0
17:02:40, 1021.50, 21.00, 22.44, 18.406, 6982, 13576, 16921, 21130, 28324, 33961, 33272, 35622, 14408, 3129, 0, 1, 550, 889, 1837, 3121, 4911, 5303, 5641, 5377, 12746, 1148, 0, 0
17:02:41, 1023.40, 20.99, 22.46, 18.406, 5932, 11352, 13797, 18365, 22857, 26294, 28122, 32815, 13090, 2816, 0, 1, 553, 892, 1848, 3147, 4932, 5329, 5664, 5387, 12785, 1143, 0, 0
17:02:42, 1020.60, 20.98, 22.46, 18.406, 6705, 12781, 16199, 19645, 24939, 27377, 30511, 35709, 15287, 3137, 0, 1, 557, 901, 1851, 3140, 5019, 5421, 5763, 5492, 13101, 1188, 0, 0
17:02:42, 1023.60, 20.98, 22.46, 18.406, 6714, 12042, 16872, 20542, 24510, 30237, 27636, 33314, 19878, 3670, 0, 1, 567, 919, 1899, 3223, 5004, 5418, 5747, 5492, 12974, 1160, 0, 0
17:02:43, 1022.00, 20.98, 22.48, 18.398, 7936, 13023, 20193, 21155, 26161, 32981, 27336, 35159, 19268, 3733, 0, 1, 564, 912, 1875, 3182, 4999, 5400, 5738, 5493, 13300, 1197, 0, 0
17:02:44, 1022.00, 20.96, 22.42, 18.398, 7278, 10236, 16335, 19048, 26597, 31561, 28563, 34708, 20359, 3679, 0, 1, 564, 911, 1875, 3188, 5048, 5449, 5791, 5553, 13537, 1225, 0, 0
17:02:44, 1024.00, 20.95, 22.49, 18.398, 9647, 15022, 20652, 21494, 23213, 24412, 28270, 31821, 23280, 3916, 0, 0, 565, 910, 1877, 3199, 5005, 5415, 5755, 5513, 13387, 1201, 0, 0
17:02:45, 1023.80, 20.94, 22.48, 18.414, 6860, 13207, 18534, 19560, 26927, 31382, 29723, 35249, 25687, 4024, 0, 1, 563, 908, 1872, 3187, 4984, 5389, 5725, 5488, 13365, 1202, 0, 0
17:02:46, 1024.20, 20.94, 22.48, 18.414, 5177, 9851, 15062, 17226, 20931, 23278, 27192, 34309, 26160, 3545, 0, 1, 562, 903, 1871, 3194, 4978, 5388, 5721, 5478, 13319, 1192, 0, 0
17:02:46, 1024.50, 20.93, 22.49, 18.406, 6698, 12946, 20956, 18981, 25025, 27575, 31697, 35519, 32723, 4253, 0, 1, 569, 914, 1895, 3233, 5027, 5434, 5766, 5518, 13409, 1189, 0, 0
17:02:47, 1023.40, 20.93, 22.46, 18.398, 7144, 13636, 23196, 21499, 23696, 22035, 31157, 35997, 34962, 4529, 0, 1, 577, 926, 1913, 3251, 5113, 5523, 5864, 5615, 13783, 1228, 0, 0
17:02:48, 1024.50, 20.93, 22.46, 18.398, 6721, 13384, 22724, 21718, 24608, 24075, 27096, 34831, 36000, 5140, 1, 1, 579, 928, 1921, 3270, 5149, 5559, 5907, 5667, 14034, 1250, 0, 0
17:02:48, 1021.20, 20.93, 22.48, 18.398, 8018, 14341, 23720, 22380, 24911, 22271, 29984, 35398, 35808, 5238, 0, 1, 589, 950, 1943, 3282, 5123, 5529, 5873, 5636, 14072, 1272, 0, 0
17:02:49, 1021.90, 20.92, 22.48, 18.398, 6799, 12038, 16869, 19310, 24734, 24024, 28469, 33900, 35897, 5257, 0, 1, 574, 924, 1905, 3236, 5051, 5457, 5788, 5562, 13697, 1231, 0, 0
17:02:50, 1012.00, 20.91, 22.49, 18.398, 10368, 15196, 25017, 25368, 36000, 35696, 35957, 36000, 36000, 11631, 1, 1, 621, 1011, 2021, 3355, 5266, 5656, 6003, 5796, 14579, 1414, 0, 0
17:02:50, 1013.30, 20.89, 22.49, 18.406, 9968, 17452, 24534, 25073, 35914, 35711, 34977, 36000, 35658, 11011, 1, 1, 667, 1097, 2182, 3595, 5516, 5918, 6288, 6063, 15143, 1437, 0, 0
17:02:51, 1014.00, 20.87, 22.49, 18.406, 9867, 19087, 27526, 25752, 26431, 26393, 34020, 35943, 22218, 6125, 0, 1, 700, 1145, 2281, 3755, 5624, 6037, 6419, 6179, 15464, 1464, 0, 0
17:02:52, 1016.80, 20.86, 22.48, 18.414, 10806, 19066, 27663, 24789, 30154, 31520, 32118, 33916, 33303, 17682, 0, 1, 670, 1094, 2194, 3622, 5501, 5911, 6280, 6050, 15042, 1408, 0, 0
17:02:52, 1019.20, 20.86, 22.51, 18.430, 8460, 17445, 22197, 24088, 28146, 26727, 29692, 35916, 36000, 8799, 1, 1, 643, 1046, 2109, 3517, 5284, 5687, 6039, 5807, 14456, 1328, 0, 0
17:02:53, 1018.80, 20.85, 22.53, 18.430, 7324, 14379, 20391, 21057, 18006, 19734, 26725, 33310, 26839, 4042, 0, 1, 613, 993, 2016, 3381, 5072, 5470, 5800, 5577, 13832, 1268, 0, 0
17:02:54, 1021.10, 20.85, 22.48, 18.430, 10890, 17171, 23511, 24121, 28359, 32328, 33261, 34958, 33379, 5728, 0, 1, 556, 896, 1832, 3101, 4782, 5164, 5467, 5253, 12946, 1187, 0, 0
17:02:54, 1020.50, 20.84, 22.46, 18.430, 7378, 9825, 17774, 19013, 27185, 32530, 27616, 35860, 21817, 3939, 0, 1, 529, 853, 1760, 3004, 4712, 5091, 5400, 5184, 12661, 1152, 0, 0
17:02:55, 1018.80, 20.83, 22.49, 18.430, 8382, 11302, 16885, 17891, 21757, 28069, 26597, 31837, 15128, 3565, 0, 0, 588, 956, 1944, 3269, 5118, 5511, 5855, 5627, 13931, 1286, 0, 0
17:02:56, 1020.70, 20.83, 22.55, 18.422, 5293, 9820, 14312, 14708, 23388, 23224, 27065, 33201, 16102, 3360, 0, 1, 591, 958, 1963, 3314, 5155, 5557, 5906, 5677, 14071, 1279, 0, 0
17:02:56, 1019.80, 20.83, 22.49, 18.422, 5163, 10030, 16044, 17619, 21795, 23548, 30589, 33845, 21777, 3779, 0, 1, 620, 1004, 2039, 3414, 5225, 5634, 5982, 5772, 14386, 1321, 0, 0
17:02:57, 1023.10, 20.82, 22.51, 18.422, 7640, 13521, 21016, 19599, 26834, 24888, 32158, 35722, 36000, 5705, 1, 1, 575, 924, 1905, 3235, 5081, 5488, 5830, 5607, 13892, 1240, 0, 0
17:02:58, 1016.90, 20.81, 22.53, 18.422, 6476, 13734, 20509, 20493, 28413, 32094, 33152, 36000, 36000, 7083, 1, 1, 598, 969, 1958, 3278, 5106, 5496, 5835, 5633, 14179, 1324, 0, 0
17:02:58, 1021.90, 20.79, 22.51, 18.422, 12426, 18618, 23054, 22878, 25244, 25641, 26222, 32728, 33763, 8183, 0, 1, 572, 923, 1886, 3191, 4971, 5374, 5702, 5480, 13428, 1216, 0, 0
17:02:59, 1020.20, 20.78, 22.53, 18.422, 8296, 14891, 21783, 22349, 24957, 25989, 26960, 35510, 32751, 5014, 0, 1, 566, 911, 1869, 3166, 4981, 5383, 5709, 5488, 13427, 1230, 0, 0
17:03:00, 1021.00, 20.77, 22.53, 18.422, 7921, 14827, 21550, 23395, 27333, 30426, 32822, 35998, 27829, 4685, 0, 1, 577, 935, 1914, 3229, 4995, 5397, 5730, 5512, 13404, 1223, 0, 0
17:03:00, 1020.60, 20.77, 22.53, 18.422, 8979, 15566, 21354, 19157, 25777, 30493, 34431, 35567, 25987, 4422, 0, 1, 569, 921, 1882, 3182, 4967, 5359, 5689, 5464, 13354, 1226, 0, 0
17:03:01, 1020.60, 20.78, 22.53, 18.422, 8435, 11722, 16551, 17122, 22799, 23876, 23033, 31437, 16993, 3249, 0, 0, 560, 906, 1859, 3150, 5046, 5449, 5792, 5563, 13528, 1231, 0, 0
17:03:02, 1021.40, 20.78, 22.53, 18.414, 9341, 12841, 21111, 21511, 26145, 34727, 27466, 35932, 19055, 3979, 0, 1, 578, 937, 1913, 3223, 5127, 5535, 5881, 5653, 13799, 1262, 0, 0
17:03:02, 1021.20, 20.78, 22.56, 18.414, 7408, 10340, 14879, 16439, 26204, 29151, 29518, 35590, 20339, 3615, 0, 1, 575, 927, 1906, 3233, 5141, 5554, 5901, 5663, 13772, 1252, 0, 0
17:03:03, 1021.70, 20.78, 22.55, 18.422, 7609, 14113, 19410, 16450, 25679, 28237, 30470, 34641, 28327, 4664, 0, 1, 594, 964, 1964, 3308, 5190, 5601, 5957, 5734, 14063, 1283, 0, 0
17:03:04, 1022.20, 20.78, 22.51, 18.422, 8229, 13769, 18849, 17594, 28982, 29352, 29567, 35902, 33952, 6506, 0, 1, 588, 950, 1943, 3277, 5087, 5501, 5843, 5623, 13761, 1255, 0, 0
17:03:04, 1022.20, 20.78, 22.55, 18.422, 8164, 14357, 20644, 20563, 28137, 31423, 31703, 35923, 35474, 5142, 0, 1, 560, 904, 1856, 3147, 4889, 5291, 5620, 5400, 13108, 1189, 0, 0
17:03:05, 1021.60, 20.78, 22.55, 18.430, 9227, 12202, 21932, 22559, 30716, 33175, 30520, 36000, 31335, 5184, 1, 1, 549, 889, 1826, 3095, 4887, 5278, 5612, 5383, 13072, 1188, 0, 0
17:03:06, 1022.00, 20.78, 22.53, 18.422, 8203, 11355, 17868, 19995, 30308, 34847, 27770, 36000, 22973, 4383, 1, 1, 573, 927, 1906, 3227, 5063, 5471, 5815, 5572, 13427, 1217, 0, 0
17:03:06, 1021.60, 20.79, 22.53, 18.422, 7019, 10529, 16075, 18871, 27210, 29444, 30608, 35864, 22133, 3808, 0, 1, 587, 953, 1954, 3295, 5132, 5538, 5895, 5654, 13662, 1241, 0, 0
17:03:07, 1023.10, 20.79, 22.53, 18.422, 7303, 10807, 17453, 19430, 27610, 30146, 32469, 35347, 27147, 4329, 0, 1, 589, 952, 1952, 3300, 5194, 5605, 5968, 5725, 14011, 1271, 0, 0
17:03:08, 1021.30, 20.79, 22.58, 18.422, 6511, 11993, 17785, 16746, 25750, 27774, 29684, 34428, 31360, 4981, 0, 1, 586, 950, 1945, 3287, 5105, 5518, 5868, 5641, 13700, 1249, 0, 0
17:03:08, 1022.10, 20.79, 22.53, 18.422, 7620, 13325, 18327, 17578, 34823, 34616, 34626, 36000, 36000, 9067, 1, 1, 611, 992, 2023, 3389, 5161, 5565, 5923, 5704, 13984, 1275, 0, 0
17:03:09, 1020.20, 20.77, 22.56, 18.414, 7296, 13577, 19978, 21404, 30616, 30938, 32368, 35969, 35462, 5944, 0, 1, 597, 969, 1979, 3334, 5157, 5567, 5923, 5699, 13991, 1266, 0, 0
17:03:10, 1018.30, 20.76, 22.56, 18.414, 8398, 13682, 19434, 17307, 31838, 33761, 32500, 36000, 31669, 5613, 1, 1, 615, 1003, 2025, 3378, 5194, 5598, 5959, 5742, 14162, 1304, 0, 0
17:03:10, 1018.10, 20.75, 22.55, 18.414, 9262, 15866, 21153, 19273, 26097, 28790, 34793, 36000, 23778, 4468, 1, 1, 623, 1014, 2054, 3435, 5335, 5745, 6115, 5895, 14641, 1353, 0, 0
17:03:11, 1015.60, 20.75, 22.53, 18.406, 9102, 12653, 17924, 18835, 25975, 32008, 31635, 36000, 23185, 4499, 1, 1, 646, 1058, 2124, 3519, 5318, 5722, 6088, 5878, 14562, 1365, 0, 0
17:03:12, 1017.10, 20.75, 22.56, 18.422, 9006, 16135, 22762, 20740, 24620, 24836, 35316, 36000, 20142, 4931, 1, 1, 669, 1091, 2193, 3623, 5578, 6002, 6384, 6175, 15415, 1450, 0, 0
17:03:12, 1016.00, 20.75, 22.60, 18.422, 8021, 14992, 20692, 22468, 21508, 23253, 31751, 36000, 25188, 4196, 1, 1, 640, 1041, 2097, 3486, 5406, 5819, 6188, 5982, 15032, 1410, 0, 0
17:03:13, 1016.70, 20.75, 22.56, 18.414, 10675, 17010, 26520, 23436, 27511, 29417, 32329, 35937, 36000, 11953, 1, 1, 638, 1043, 2088, 3462, 5335, 5741, 6103, 5896, 14827, 1386, 0, 0
17:03:14, 1016.00, 20.74, 22.58, 18.422, 9633, 16857, 24648, 26902, 35887, 36000, 35992, 36000, 36000, 24915, 1, 1, 626, 1022, 2050, 3408, 5242, 5638, 5996, 5791, 14621, 1363, 0, 0
17:03:14, 1014.60, 20.73, 22.56, 18.422, 9242, 17987, 26003, 27194, 36000, 36000, 36000, 36000, 36000, 28466, 1, 1, 626, 1023, 2053, 3407, 5313, 5698, 6064, 5866, 14932, 1397, 0, 0
17:03:15, 1013.80, 20.74, 22.58, 18.414, 9692, 19382, 27512, 27890, 34784, 35999, 35334, 36000, 36000, 32938, 1, 1, 676, 1106, 2198, 3606, 5626, 6027, 6421, 6214, 15926, 1509, 0, 0
17:03:16, 1016.20, 20.74, 22.60, 18.422, 9224, 16914, 22764, 24273, 14046, 18997, 21761, 18331, 31610, 11807, 0, 0, 720, 1169, 2335, 3818, 5679, 6082, 6482, 6249, 16138, 1497, 0, 0
17:03:16, 1018.70, 20.72, 22.60, 18.422, 7001, 14228, 19206, 22457, 24149, 16195, 32663, 34118, 36000, 35149, 1, 1, 719, 1163, 2336, 3818, 5694, 6101, 6505, 6260, 16333, 1489, 0, 0
17:03:17, 1019.80, 20.71, 22.63, 18.422, 5320, 13358, 9891, 13825, 28434, 30800, 33425, 35935, 36000, 36000, 1, 1, 696, 1125, 2267, 3723, 5510, 5902, 6304, 6052, 15911, 1425, 0, 0
17:03:18, 1021.40, 20.70, 22.61, 18.422, 5500, 10854, 13472, 21837, 21972, 21475, 24742, 26031, 36000, 24056, 1, 1, 625, 1007, 2061, 3438, 5257, 5631, 6029, 5756, 15154, 1319, 0, 0
17:03:18, 1019.60, 20.69, 22.58, 18.430, 7226, 12804, 12206, 20470, 26931, 31235, 36000, 36000, 36000, 36000, 1, 1, 658, 1066, 2159, 3558, 5424, 5800, 6211, 5942, 15711, 1386, 0, 0
17:03:19, 1017.70, 20.68, 22.58, 18.414, 8506, 15434, 18472, 22778, 23849, 27449, 34726, 36000, 36000, 36000, 1, 1, 639, 1031, 2090, 3462, 5527, 5913, 6327, 6063, 16029, 1432, 0, 0
17:03:20, 1016.90, 20.67, 22.58, 18.414, 8327, 14297, 15051, 19965, 24476, 24142, 35028, 36000, 36000, 36000, 1, 1, 670, 1085, 2187, 3594, 5566, 5954, 6369, 6110, 16193, 1462, 0, 0
17:03:20, 1015.50, 20.66, 22.61, 18.430, 9332, 17714, 13561, 21504, 26134, 30617, 36000, 36000, 36000, 36000, 1, 1, 688, 1117, 2237, 3656, 5473, 5844, 6242, 5988, 15959, 1465, 0, 0
17:03:21, 1017.90, 20.65, 22.60, 18.430, 6818, 14058, 14064, 19508, 28286, 26500, 28640, 34899, 36000, 35132, 1, 1, 660, 1069, 2157, 3541, 5315, 5695, 6075, 5819, 15239, 1366, 0, 0
17:03:22, 1017.00, 20.65, 22.61, 18.430, 6898, 13811, 14661, 16785, 31105, 24932, 33537, 35280, 36000, 36000, 1, 1, 648, 1048, 2115, 3481, 5353, 5732, 6117, 5866, 15396, 1395, 0, 0
17:03:22, 1018.10, 20.65, 22.60, 18.430, 5368, 15136, 12067, 20546, 30622, 26192, 35443, 36000, 36000, 36000, 1, 1, 678, 1097, 2209, 3617, 5473, 5865, 6258, 6014, 15691, 1424, 0, 0
17:03:23, 1018.70, 20.65, 22.61, 18.437, 5550, 14927, 14794, 19548, 27311, 26704, 33688, 36000, 36000, 36000, 1, 1, 651, 1050, 2131, 3525, 5471, 5875, 6259, 6026, 15508, 1407, 0, 0
17:03:24, 1017.40, 20.66, 22.60, 18.437, 7481, 12844, 19179, 21447, 35956, 29112, 30019, 35914, 36000, 36000, 1, 1, 687, 1112, 2237, 3674, 5539, 5942, 6332, 6101, 15753, 1445, 0, 0
17:03:24, 1017.50, 20.66, 22.60, 18.437, 7894, 14965, 23812, 19449, 35262, 29007, 34102, 36000, 36000, 34620, 1, 1, 659, 1066, 2148, 3559, 5526, 5935, 6313, 6083, 15518, 1429, 0, 0
17:03:25, 1016.00, 20.67, 22.60, 18.437, 10943, 16814, 23144, 24131, 32112, 34886, 35885, 36000, 36000, 22134, 1, 1, 658, 1069, 2140, 3544, 5528, 5942, 6312, 6089, 15403, 1447, 0, 0
17:03:26, 1019.50, 20.67, 22.61, 18.437, 11585, 18023, 25452, 23007, 28183, 28788, 29822, 33570, 35868, 9704, 0, 1, 622, 1009, 2047, 3422, 5314, 5723, 6072, 5848, 14566, 1336, 0, 0
17:03:26, 1018.50, 20.67, 22.63, 18.422, 6679, 14421, 20413, 20910, 30369, 35071, 35433, 36000, 34215, 5670, 1, 1, 623, 1011, 2050, 3434, 5344, 5758, 6113, 5889, 14613, 1345, 0, 0
17:03:27, 1018.90, 20.66, 22.65, 18.422, 6972, 16306, 25718, 23772, 25443, 24872, 33465, 36000, 35499, 5547, 1, 1, 621, 1005, 2048, 3436, 5388, 5801, 6172, 5944, 14784, 1357, 0, 0
17:03:27, 1016.00, 20.65, 22.63, 18.422, 10517, 17152, 25166, 26524, 24062, 23829, 33758, 36000, 34678, 5393, 1, 1, 660, 1074, 2161, 3584, 5517, 5933, 6312, 6091, 15285, 1435, 0, 0
17:03:28, 1017.10, 20.64, 22.63, 18.414, 9191, 19133, 25210, 29376, 29832, 30968, 34874, 36000, 33882, 10768, 1, 1, 640, 1043, 2101, 3494, 5397, 5811, 6180, 5968, 14883, 1391, 0, 0
17:03:29, 1017.20, 20.64, 22.63, 18.430, 11216, 18826, 26223, 26409, 31442, 32210, 30569, 36000, 34349, 6270, 1, 1, 625, 1016, 2054, 3426, 5293, 5699, 6063, 5853, 14572, 1362, 0, 0
17:03:29, 1017.70, 20.63, 22.63, 18.430, 11063, 17946, 26831, 24945, 30419, 31971, 32524, 36000, 28197, 5037, 1, 1, 612, 997, 2021, 3385, 5209, 5612, 5965, 5744, 14134, 1305, 0, 0
17:03:30, 1018.40, 20.63, 22.61, 18.422, 8793, 16443, 23585, 24610, 23469, 24116, 34224, 36000, 20593, 4275, 1, 1, 626, 1021, 2070, 3456, 5337, 5745, 6111, 5884, 14420, 1332, 0, 0
17:03:31, 1016.60, 20.64, 22.63, 18.430, 7951, 15320, 21555, 19546, 25278, 22778, 34238, 36000, 21802, 4098, 1, 1, 633, 1032, 2083, 3476, 5398, 5808, 6177, 5951, 14735, 1377, 0, 0
17:03:31, 1018.20, 20.64, 22.63, 18.430, 8127, 15822, 21724, 21769, 30604, 33769, 33066, 36000, 34914, 6705, 1, 1, 636, 1037, 2093, 3482, 5285, 5691, 6050, 5834, 14414, 1337, 0, 0
17:03:32, 1017.30, 20.63, 22.63, 18.430, 6527, 12687, 19675, 19606, 31434, 33775, 35078, 36000, 36000, 10539, 1, 1, 629, 1026, 2061, 3424, 5124, 5517, 5865, 5658, 14058, 1313, 0, 0
17:03:33, 1019.50, 20.62, 22.65, 18.422, 7893, 14514, 21593, 21466, 30711, 31329, 30458, 35684, 36000, 14020, 1, 1, 581, 945, 1917, 3233, 5081, 5485, 5818, 5604, 13762, 1256, 0, 0
17:03:33, 1017.30, 20.61, 22.65, 18.422, 9969, 18578, 28615, 25651, 34834, 36000, 35245, 36000, 36000, 19217, 1, 1, 615, 1002, 2020, 3375, 5214, 5610, 5960, 5743, 14248, 1320, 0, 0
17:03:34, 1017.30, 20.60, 22.61, 18.414, 8955, 16311, 24754, 21861, 33701, 35127, 35062, 36000, 36000, 8392, 1, 1, 619, 1009, 2037, 3405, 5252, 5654, 6002, 5779, 14315, 1321, 0, 0
17:03:35, 1017.60, 20.59, 22.67, 18.414, 7891, 16104, 25767, 22710, 29038, 27023, 33067, 36000, 36000, 7774, 1, 1, 642, 1045, 2106, 3508, 5354, 5757, 6111, 5881, 14622, 1352, 0, 0
17:03:35, 1016.70, 20.60, 22.67, 18.398, 6799, 14676, 23481, 21572, 29305, 28131, 32949, 36000, 36000, 7690, 1, 1, 633, 1027, 2077, 3466, 5417, 5826, 6185, 5962, 14954, 1387, 0, 0
17:03:36, 1018.40, 20.60, 22.63, 18.398, 8067, 15182, 23338, 21662, 28723, 30291, 30475, 35945, 36000, 20974, 1, 1, 650, 1056, 2126, 3529, 5353, 5759, 6116, 5888, 14869, 1363, 0, 0
17:03:37, 1015.90, 20.59, 22.63, 18.398, 7490, 14656, 21548, 20896, 29381, 30844, 31837, 36000, 36000, 14734, 1, 1, 625, 1011, 2041, 3407, 5303, 5700, 6060, 5835, 14899, 1379, 0, 0
17:03:37, 1017.70, 20.58, 22.67, 18.398, 8527, 19951, 26810, 30396, 29547, 35618, 31634, 36000, 36000, 32270, 1, 1, 641, 1041, 2091, 3468, 5375, 5777, 6134, 5920, 15047, 1397, 0, 0
17:03:38, 1017.60, 20.57, 22.67, 18.406, 8503, 18166, 24455, 25633, 34620, 35980, 32414, 36000, 36000, 21822, 1, 1, 637, 1033, 2088, 3472, 5278, 5675, 6024, 5804, 14688, 1354, 0, 0
17:03:39, 1018.20, 20.57, 22.67, 18.406, 7799, 15659, 25588, 24228, 28196, 33711, 34535, 36000, 36000, 14751, 1, 1, 642, 1041, 2101, 3488, 5344, 5749, 6101, 5876, 14806, 1365, 0, 0
17:03:39, 1018.10, 20.58, 22.63, 18.406, 7364, 14944, 24495, 23754, 29387, 32475, 34057, 36000, 36000, 17078, 1, 1, 633, 1029, 2078, 3460, 5298, 5698, 6045, 5821, 14628, 1346, 0, 0
17:03:40, 1020.70, 20.58, 22.65, 18.406, 7128, 14418, 22186, 20865, 31033, 33898, 33822, 36000, 36000, 22010, 1, 1, 631, 1021, 2070, 3455, 5347, 5754, 6114, 5876, 14838, 1349, 0, 0
17:03:41, 1023.00, 20.59, 22.65, 18.406, 6485, 13510, 19542, 18955, 25114, 25847, 26963, 35886, 36000, 8517, 1, 1, 593, 951, 1961, 3319, 5176, 5591, 5937, 5698, 14125, 1262, 0, 0
17:03:41, 1024.70, 20.58, 22.70, 18.406, 7395, 13437, 22182, 21474, 27099, 28847, 32552, 36000, 36000, 8739, 1, 1, 580, 931, 1913, 3241, 5029, 5439, 5771, 5542, 13696, 1226, 0, 0
17:03:42, 1029.20, 20.57, 22.68, 18.406, 7542, 12262, 17862, 21085, 24916, 26298, 29381, 35967, 36000, 5668, 1, 1, 534, 847, 1778, 3069, 4876, 5290, 5615, 5379, 13082, 1148, 0, 0
17:03:43, 1029.40, 20.56, 22.67, 18.406, 6965, 12401, 18821, 19102, 31675, 32244, 35585, 36000, 36000, 5912, 1, 1, 529, 843, 1765, 3044, 4802, 5208, 5535, 5300, 12889, 1134, 0, 0
17:03:43, 1037.50, 20.56, 22.67, 18.398, 6442, 11939, 19006, 19479, 21907, 24438, 26772, 34456, 27576, 3205, 0, 1, 494, 772, 1654, 2913, 4608, 5031, 5348, 5102, 12090, 1037, 0, 0
17:03:44, 1039.60, 20.55, 22.67, 18.406, 5406, 9865, 16029, 17349, 20533, 23078, 24288, 33000, 33136, 3258, 0, 1, 475, 735, 1588, 2821, 4568, 4999, 5319, 5081, 12065, 1029, 0, 0
17:03:45, 1044.60, 20.54, 22.67, 18.406, 3803, 7544, 12781, 14046, 20171, 21181, 27361, 35791, 34521, 3092, 0, 1, 463, 707, 1542, 2758, 4470, 4907, 5225, 4983, 11719, 995, 0, 0
17:03:45, 1047.80, 20.54, 22.65, 18.406, 3156, 6231, 10943, 12904, 18715, 19966, 22546, 32010, 36000, 3711, 1, 1, 438, 656, 1449, 2635, 4390, 4829, 5144, 4892, 11592, 972, 0, 0
17:03:46, 1050.20, 20.54, 22.67, 18.414, 3105, 5913, 10253, 11632, 17198, 16650, 19095, 27125, 36000, 5769, 1, 1, 443, 660, 1461, 2651, 4407, 4849, 5168, 4914, 11768, 978, 0, 0
17:03:47, 1052.20, 20.54, 22.65, 18.414, 2429, 4559, 7503, 10361, 20122, 16457, 21534, 26679, 36000, 8288, 1, 1, 434, 640, 1427, 2607, 4349, 4794, 5114, 4857, 11673, 963, 0, 0
17:03:47, 1051.70, 20.53, 22.65, 18.406, 2638, 5070, 7306, 10476, 15386, 15555, 18353, 25137, 36000, 7515, 1, 1, 443, 655, 1458, 2653, 4368, 4812, 5143, 4890, 11777, 968, 0, 0
17:03:48, 1056.90, 20.52, 22.65, 18.398, 2680, 5302, 8794, 13236, 18767, 19499, 24272, 27954, 36000, 7520, 1, 1, 407, 594, 1332, 2459, 4140, 4586, 4914, 4674, 11066, 906, 0, 0
17:03:49, 1062.10, 20.51, 22.67, 18.398, 2129, 4256, 6199, 9221, 15886, 15532, 17849, 23141, 36000, 6118, 1, 1, 385, 552, 1244, 2330, 3926, 4378, 4694, 4464, 10393, 855, 0, 0
17:03:49, 1067.90, 20.49, 22.67, 18.391, 1872, 3411, 6304, 8399, 14793, 15028, 17471, 22984, 36000, 3862, 1, 1, 357, 497, 1135, 2169, 3703, 4157, 4459, 4235, 9569, 792, 0, 0
17:03:50, 1071.00, 20.48, 22.70, 18.383, 1828, 3568, 6627, 9091, 12906, 13951, 17182, 22147, 25919, 1849, 0, 0, 331, 453, 1040, 2026, 3524, 3975, 4275, 4062, 8876, 739, 0, 0
17:03:51, 1070.00, 20.47, 22.67, 18.383, 2012, 3570, 6555, 9236, 12036, 14332, 16522, 20912, 15815, 1321, 0, 0, 329, 453, 1037, 2019, 3532, 3980, 4289, 4076, 8781, 732, 0, 0
17:03:51, 1074.90, 20.46, 22.67, 18.359, 1856, 3576, 6280, 9285, 12107, 13944, 15539, 19647, 14083, 1195, 0, 0, 311, 423, 973, 1915, 3366, 3810, 4126, 3921, 8253, 686, 0, 0
17:03:52, 1080.40, 20.45, 22.68, 18.359, 1439, 2693, 4951, 7718, 8627, 10029, 11513, 14159, 10713, 880, 0, 0, 295, 390, 899, 1795, 3193, 3639, 3954, 3778, 7805, 650, 0, 0
17:03:53, 1085.80, 20.44, 22.70, 18.320, 1328, 2508, 4543, 7432, 9022, 10767, 12096, 15069, 10339, 844, 0, 0, 279, 360, 836, 1693, 3051, 3493, 3804, 3633, 7422, 616, 0, 0
17:03:53, 1085.30, 20.45, 22.72, 18.281, 1114, 1917, 3625, 5792, 7238, 8138, 9473, 11156, 9072, 721, 0, 0, 271, 347, 805, 1637, 3018, 3458, 3771, 3602, 7324, 606, 0, 0
17:03:54, 1087.30, 20.44, 22.68, 18.281, 1141, 2017, 3733, 6051, 8153, 9559, 10747, 13318, 10472, 829, 0, 0, 266, 342, 794, 1608, 2941, 3371, 3697, 3531, 7203, 594, 0, 0
17:03:55, 1091.10, 20.44, 22.68, 18.258, 1041, 1859, 3461, 5849, 8441, 9693, 11174, 12862, 11415, 872, 0, 0, 261, 330, 766, 1561, 2880, 3317, 3655, 3513, 7125, 588, 0, 0
17:03:55, 1096.70, 20.44, 22.72, 18.258, 855, 1452, 2821, 4576, 7556, 8550, 10277, 11510, 10756, 807, 0, 0, 248, 309, 718, 1475, 2727, 3156, 3492, 3353, 6786, 557, 0, 0
17:03:56, 1101.00, 20.43, 22.67, 18.258, 833, 1315, 2564, 4248, 5887, 6614, 7763, 8708, 8477, 625, 0, 0, 238, 287, 666, 1389, 2647, 3081, 3430, 3305, 6621, 548, 0, 0
17:03:57, 1100.40, 20.43, 22.68, 18.258, 756, 1218, 2413, 4007, 6967, 7870, 9181, 11093, 9089, 688, 0, 0, 247, 300, 696, 1443, 2753, 3200, 3572, 3449, 6920, 570, 0, 0
17:03:57, 1105.70, 20.42, 22.67, 18.266, 895, 1459, 2794, 4683, 6620, 7242, 8745, 9882, 10253, 745, 0, 0, 241, 291, 672, 1401, 2670, 3117, 3511, 3398, 6783, 559, 0, 0
17:03:58, 1109.20, 20.42, 22.68, 18.266, 838, 1169, 2382, 3976, 5493, 6307, 7049, 8119, 9342, 670, 0, 0, 231, 273, 629, 1321, 2532, 2968, 3355, 3250, 6490, 541, 0, 0
17:03:59, 1113.60, 20.41, 22.68, 18.289, 666, 986, 2061, 3512, 6615, 7274, 8665, 9898, 11580, 797, 0, 0, 229, 270, 619, 1313, 2523, 2971, 3373, 3281, 6499, 541, 0, 0
17:03:59, 1115.90, 20.40, 22.67, 18.281, 660, 974, 2030, 3545, 5477, 6148, 7139, 7952, 10592, 732, 0, 0, 235, 278, 629, 1336, 2602, 3086, 3532, 3489, 6751, 566, 0, 0
17:04:00, 1117.80, 20.39, 22.68, 18.281, 618, 920, 1952, 3414, 5756, 6461, 7575, 8573, 10729, 740, 0, 0, 232, 275, 619, 1311, 2521, 2999, 3428, 3406, 6551, 552, 0, 0
17:04:01, 1121.30, 20.38, 22.70, 18.227, 679, 1049, 2184, 3888, 5464, 6123, 7209, 7984, 10576, 727, 0, 0, 224, 261, 586, 1252, 2372, 2833, 3243, 3216, 6138, 521, 0, 0
17:04:01, 1121.30, 20.37, 22.72, 18.195, 544, 803, 1724, 3097, 5054, 5849, 6708, 7623, 9215, 640, 0, 0, 224, 261, 583, 1248, 2400, 2872, 3295, 3287, 6202, 528, 0, 0
17:04:02, 1121.40, 20.37, 22.70, 18.195, 591, 894, 1865, 3336, 5241, 5968, 6911, 7733, 9768, 679, 0, 0, 233, 273, 609, 1290, 2446, 2923, 3366, 3379, 6323, 541, 0, 0
17:04:03, 1125.70, 20.37, 22.72, 18.172, 601, 949, 1997, 3571, 5018, 5686, 6695, 7437, 8805, 615, 0, 0, 225, 262, 580, 1231, 2298, 2750, 3183, 3212, 5939, 515, 0, 0
17:04:03, 1128.20, 20.37, 22.70, 18.164, 499, 709, 1539, 2758, 4542, 5265, 5993, 6759, 7567, 534, 0, 0, 210, 241, 532, 1138, 2185, 2619, 3035, 3052, 5626, 490, 0, 0
17:04:04, 1128.80, 20.37, 22.70, 18.164, 507, 733, 1584, 2874, 4522, 5184, 5977, 6758, 7282, 518, 0, 0, 208, 239, 524, 1112, 2115, 2538, 2951, 2990, 5482, 487, 0, 0
17:04:05, 1134.50, 20.37, 22.72, 18.148, 543, 821, 1739, 3191, 4869, 5535, 6558, 7155, 7968, 560, 0, 0, 175, 198, 430, 901, 1526, 1827, 2140, 2143, 4270, 402, 0, 0
17:04:05, 1137.80, 20.37, 22.70, 18.141, 446, 629, 1376, 2545, 4039, 4654, 5382, 5992, 6298, 449, 0, 0, 112, 123, 266, 568, 1147, 1368, 1603, 1580, 3275, 315, 0, 0
17:04:06, 1135.80, 20.37, 22.68, 18.141, 414, 550, 1238, 2273, 3880, 4488, 5153, 5616, 6338, 449, 0, 0, 143, 157, 342, 729, 1457, 1743, 2043, 2040, 4012, 379, 0, 0
17:04:07, 1137.30, 20.36, 22.72, 18.133, 449, 650, 1425, 2627, 4451, 5089, 6024, 6603, 7199, 509, 0, 0, 118, 131, 282, 596, 940, 1137, 1313, 1313, 2881, 287, 0, 0
17:04:07, 1139.70, 20.35, 22.74, 18.133, 467, 719, 1633, 3090, 5341, 6169, 7562, 7678, 9209, 648, 0, 0, 79, 86, 187, 393, 671, 807, 935, 927, 2166, 218, 0, 0
17:04:08, 1135.10, 20.34, 22.70, 18.133, 404, 508, 1152, 2100, 3643, 4253, 4800, 5316, 5825, 415, 0, 0, 129, 141, 305, 652, 1449, 1737, 2037, 2031, 3941, 371, 0, 0
17:04:09, 1135.00, 20.32, 22.70, 18.133, 462, 629, 1394, 2533, 4370, 4959, 5867, 6387, 7288, 514, 0, 0, 166, 187, 407, 855, 1548, 1852, 2184, 2190, 4366, 412, 0, 0
17:04:09, 1140.40, 20.31, 22.70, 18.133, 440, 651, 1432, 2680, 3870, 4439, 5233, 5596, 6388, 451, 0, 0, 53, 57, 122, 262, 536, 646, 746, 735, 1724, 175, 0, 0
17:04:10, 1137.70, 20.30, 22.70, 18.133, 351, 470, 1067, 1971, 3118, 3668, 4050, 4488, 4917, 354, 0, 0, 93, 100, 215, 465, 1026, 1224, 1444, 1412, 2924, 286, 0, 0
17:04:11, 1134.30, 20.29, 22.68, 18.133, 401, 545, 1225, 2240, 3758, 4371, 4911, 5539, 5767, 415, 0, 0, 119, 131, 282, 595, 1191, 1436, 1668, 1669, 3331, 324, 0, 0
17:04:11, 1135.50, 20.29, 22.70, 18.133, 454, 685, 1479, 2770, 4346, 5014, 5969, 6360, 6668, 473, 0, 0, 143, 158, 341, 723, 1382, 1668, 1939, 1941, 3785, 358, 0, 0
17:04:12, 1133.60, 20.28, 22.72, 18.133, 409, 578, 1272, 2390, 3972, 4614, 5398, 5964, 5825, 418, 0, 0, 160, 177, 383, 819, 1637, 1968, 2303, 2301, 4239, 390, 0, 0
17:04:13, 1130.90, 20.28, 22.74, 18.133, 454, 647, 1413, 2565, 4150, 4783, 5575, 6108, 6109, 439, 0, 0, 177, 201, 436, 914, 1753, 2088, 2457, 2465, 4586, 422, 0, 0
17:04:13, 1135.90, 20.28, 22.70, 18.133, 506, 774, 1654, 3104, 4142, 4752, 5639, 5957, 6611, 466, 0, 0, 150, 165, 358, 760, 1440, 1723, 2028, 2018, 3869, 363, 0, 0
17:04:14, 1132.20, 20.28, 22.70, 18.133, 395, 548, 1230, 2288, 3823, 4459, 5102, 5717, 5677, 407, 0, 0, 166, 184, 400, 852, 1734, 2076, 2435, 2446, 4445, 408, 0, 0
17:04:15, 1133.70, 20.28, 22.68, 18.141, 493, 735, 1560, 2847, 4950, 5615, 6872, 7421, 7519, 533, 0, 0, 176, 198, 431, 898, 1604, 1909, 2242, 2254, 4385, 408, 0, 0
17:04:15, 1136.00, 20.28, 22.74, 18.141, 410, 604, 1322, 2494, 3916, 4510, 5349, 5663, 6304, 441, 0, 0, 132, 142, 307, 656, 1372, 1643, 1935, 1914, 3641, 344, 0, 0
17:04:16, 1130.40, 20.28, 22.72, 18.141, 398, 536, 1206, 2191, 3655, 4283, 4749, 5371, 5716, 409, 0, 0, 185, 209, 454, 951, 1858, 2222, 2610, 2649, 4773, 439, 0, 0
17:04:17, 1134.40, 20.28, 22.74, 18.148, 474, 739, 1628, 2969, 4893, 5514, 6762, 7068, 8132, 566, 0, 0, 168, 187, 405, 853, 1591, 1904, 2235, 2229, 4206, 391, 0, 0
17:04:17, 1131.20, 20.27, 22.72, 18.148, 451, 652, 1420, 2672, 3596, 4176, 4773, 5250, 5654, 401, 0, 0, 176, 196, 426, 916, 1932, 2333, 2713, 2759, 4845, 438, 0, 0
17:04:18, 1131.10, 20.26, 22.75, 18.148, 495, 675, 1489, 2654, 4184, 4864, 5459, 6278, 6555, 468, 0, 0, 192, 219, 478, 997, 1855, 2209, 2595, 2619, 4916, 449, 0, 0
17:04:19, 1133.20, 20.26, 22.70, 18.156, 486, 717, 1539, 2837, 3939, 4497, 5258, 5617, 6791, 475, 0, 0, 175, 193, 423, 899, 1759, 2110, 2465, 2471, 4559, 413, 0, 0
17:04:19, 1131.40, 20.26, 22.72, 18.156, 409, 542, 1222, 2222, 3954, 4684, 5211, 5867, 6335, 450, 0, 0, 201, 227, 495, 1040, 1945, 2325, 2731, 2769, 5070, 461, 0, 0
17:04:20, 1136.60, 20.25, 22.77, 18.164, 495, 766, 1613, 2957, 4549, 5135, 6204, 6704, 7335, 514, 0, 0, 153, 172, 370, 780, 1378, 1656, 1940, 1942, 3886, 367, 0, 0
17:04:21, 1137.40, 20.26, 22.72, 18.180, 397, 561, 1257, 2384, 3648, 4264, 4906, 5434, 5598, 399, 0, 0, 120, 129, 281, 601, 1228, 1464, 1719, 1705, 3430, 325, 0, 0
17:04:21, 1140.30, 20.26, 22.72, 18.180, 433, 603, 1338, 2464, 4115, 4715, 5545, 6130, 6644, 468, 0, 0, 46, 49, 105, 227, 459, 556, 638, 629, 1485, 154, 0, 0
17:04:22, 1144.60, 20.25, 22.72, 18.164, 421, 626, 1417, 2687, 3831, 4486, 5379, 5697, 6931, 493, 0, 0, 124, 140, 304, 637, 1156, 1410, 1627, 1632, 3702, 348, 0, 0
17:04:23, 1142.90, 20.25, 22.75, 18.164, 396, 588, 1348, 2557, 4252, 5031, 5906, 6392, 7722, 546, 0, 0, 126, 144, 312, 647, 1182, 1429, 1653, 1663, 3815, 361, 0, 0
17:04:23, 1143.80, 20.25, 22.70, 18.164, 409, 616, 1388, 2614, 4420, 5222, 6322, 6916, 7825, 556, 0, 0, 129, 147, 320, 663, 1195, 1446, 1672, 1679, 3838, 360, 0, 0
17:04:24, 1143.10, 20.25, 22.70, 18.156, 397, 587, 1333, 2563, 4319, 5117, 6064, 6566, 7845, 556, 0, 0, 125, 141, 308, 642, 1235, 1501, 1737, 1761, 4030, 384, 0, 0
17:04:25, 1143.30, 20.24, 22.70, 18.164, 435, 656, 1484, 2754, 4452, 5198, 6113, 6616, 9236, 647, 0, 0, 139, 160, 350, 724, 1403, 1687, 1976, 2002, 4642, 426, 0, 0
17:04:25, 1142.20, 20.24, 22.74, 18.164, 431, 624, 1458, 2807, 4669, 5475, 6440, 6696, 11091, 786, 0, 0, 136, 155, 340, 714, 1366, 1643, 1922, 1940, 4513, 413, 0, 0
17:04:26, 1140.60, 20.24, 22.77, 18.164, 546, 847, 2007, 3785, 6303, 7253, 8839, 8678, 19188, 1303, 0, 0, 139, 162, 352, 729, 1305, 1562, 1835, 1876, 4342, 403, 0, 0
17:04:27, 1141.70, 20.23, 22.70, 18.164, 524, 788, 1887, 3604, 5635, 6608, 8057, 8037, 11290, 800, 0, 0, 73, 78, 168, 360, 564, 688, 787, 789, 1867, 192, 0, 0
17:04:27, 1139.00, 20.23, 22.75, 18.164, 425, 616, 1358, 2587, 4624, 5277, 6478, 6952, 7122, 501, 0, 0, 48, 51, 111, 237, 478, 585, 662, 666, 1566, 163, 0, 0
17:04:28, 1134.40, 20.23, 22.74, 18.164, 425, 622, 1387, 2604, 4038, 4690, 5466, 6066, 6098, 434, 0, 0, 112, 120, 261, 553, 1429, 1699, 2006, 1981, 3843, 360, 0, 0
17:04:29, 1128.30, 20.22, 22.74, 18.164, 486, 653, 1451, 2643, 4277, 4988, 5612, 6356, 6849, 486, 0, 0, 200, 230, 499, 1060, 2066, 2486, 2888, 2944, 5223, 465, 0, 0
17:04:29, 1125.10, 20.22, 22.74, 18.172, 540, 806, 1722, 3117, 4964, 5657, 6668, 7489, 7710, 547, 0, 0, 216, 249, 544, 1158, 2270, 2730, 3165, 3204, 5697, 497, 0, 0
17:04:30, 1116.50, 20.21, 22.75, 18.180, 528, 717, 1569, 2744, 4241, 4926, 5432, 6206, 6683, 482, 0, 0, 227, 265, 596, 1268, 2438, 2898, 3320, 3275, 6232, 529, 0, 0
17:04:31, 1118.30, 20.21, 22.70, 18.180, 651, 1058, 2184, 3875, 5645, 6327, 7694, 8213, 8864, 631, 0, 0, 221, 260, 582, 1239, 2379, 2834, 3253, 3228, 6123, 524, 0, 0
17:04:31, 1115.30, 20.21, 22.74, 18.187, 572, 845, 1805, 3138, 5117, 5817, 6802, 7620, 7614, 553, 0, 0, 226, 265, 597, 1262, 2420, 2851, 3262, 3197, 6265, 534, 0, 0
17:04:32, 1115.40, 20.21, 22.72, 18.203, 663, 1066, 2116, 3767, 5447, 6138, 7337, 7803, 8582, 616, 0, 0, 231, 271, 615, 1295, 2476, 2917, 3344, 3284, 6400, 544, 0, 0
17:04:33, 1117.50, 20.21, 22.72, 18.203, 549, 859, 1829, 3211, 5305, 6106, 7310, 8246, 7565, 554, 0, 0, 220, 257, 580, 1219, 2393, 2828, 3246, 3205, 6254, 537, 0, 0
17:04:33, 1116.20, 20.21, 22.74, 18.211, 568, 876, 1863, 3231, 4931, 5689, 6558, 7369, 6925, 510, 0, 0, 223, 260, 590, 1236, 2432, 2866, 3284, 3229, 6303, 538, 0, 0
17:04:34, 1120.10, 20.21, 22.74, 18.211, 660, 1063, 2238, 4034, 5599, 6431, 7749, 8495, 8473, 612, 0, 0, 218, 256, 572, 1213, 2323, 2764, 3178, 3148, 5966, 513, 0, 0
17:04:35, 1118.80, 20.21, 22.75, 18.211, 578, 884, 1881, 3348, 5229, 6061, 7126, 7973, 7386, 539, 0, 0, 220, 258, 576, 1225, 2394, 2858, 3284, 3263, 6138, 526, 0, 0
17:04:35, 1118.10, 20.21, 22.74, 18.211, 610, 900, 1896, 3307, 4860, 5569, 6293, 7240, 7131, 520, 0, 0, 226, 265, 594, 1262, 2466, 2943, 3387, 3375, 6243, 532, 0, 0
17:04:36, 1120.00, 20.20, 22.74, 18.211, 618, 955, 1985, 3572, 5197, 5869, 7024, 7598, 8267, 585, 0, 0, 219, 255, 567, 1209, 2395, 2878, 3312, 3329, 6058, 520, 0, 0
17:04:37, 1118.20, 20.20, 22.75, 18.211, 564, 837, 1779, 3129, 4967, 5674, 6628, 7402, 7327, 528, 0, 0, 223, 263, 583, 1229, 2415, 2888, 3310, 3339, 6078, 522, 0, 0
17:04:37, 1121.10, 20.20, 22.70, 18.219, 623, 1000, 2122, 3825, 5593, 6339, 7782, 8252, 8841, 627, 0, 0, 220, 256, 568, 1207, 2315, 2768, 3178, 3198, 5825, 504, 0, 0
17:04:38, 1119.10, 20.20, 22.72, 18.219, 534, 817, 1756, 3138, 4978, 5749, 6784, 7570, 7095, 514, 0, 0, 222, 260, 575, 1218, 2348, 2806, 3230, 3235, 5949, 514, 0, 0
17:04:39, 1118.50, 20.20, 22.74, 18.219, 582, 869, 1818, 3146, 4937, 5586, 6484, 7282, 7440, 533, 0, 0, 230, 269, 601, 1278, 2443, 2915, 3349, 3341, 6201, 527, 0, 0
17:04:39, 1114.60, 20.19, 22.75, 18.242, 547, 773, 1666, 2855, 4785, 5559, 6109, 7227, 7242, 523, 0, 0, 232, 274, 616, 1311, 2537, 3012, 3441, 3405, 6505, 546, 0, 0
17:04:40, 1113.50, 20.19, 22.75, 18.281, 662, 951, 2004, 3424, 4834, 5619, 6227, 7209, 8179, 586, 0, 0, 237, 281, 637, 1349, 2571, 3044, 3464, 3410, 6597, 552, 0, 0
17:04:41, 1112.00, 20.19, 22.74, 18.281, 605, 902, 1915, 3330, 5101, 5901, 6696, 7647, 8926, 630, 0, 0, 229, 269, 613, 1302, 2538, 2989, 3402, 3317, 6544, 547, 0, 0
17:04:41, 1108.40, 20.20, 22.75, 18.297, 768, 1115, 2298, 3917, 5227, 6156, 6751, 7775, 9967, 709, 0, 0, 237, 282, 648, 1360, 2603, 3038, 3435, 3326, 6721, 559, 0, 0
17:04:42, 1108.00, 20.21, 22.75, 18.312, 829, 1264, 2554, 4396, 5764, 6461, 7526, 8458, 11388, 796, 0, 0, 240, 283, 651, 1370, 2617, 3056, 3456, 3348, 6801, 568, 0, 0
17:04:43, 1106.40, 20.22, 22.75, 18.312, 765, 1033, 2187, 3721, 5602, 6549, 7351, 8458, 11271, 789, 0, 0, 241, 288, 664, 1390, 2676, 3119, 3519, 3404, 6922, 576, 0, 0
17:04:43, 1105.90, 20.22, 22.72, 18.336, 704, 1064, 2204, 3774, 6410, 7286, 8428, 9745, 13096, 881, 0, 0, 244, 290, 673, 1408, 2680, 3128, 3520, 3401, 6892, 572, 0, 0
17:04:44, 1102.40, 20.23, 22.74, 18.359, 803, 1198, 2429, 4103, 5872, 6729, 7626, 8834, 11453, 801, 0, 0, 248, 297, 688, 1439, 2762, 3217, 3606, 3479, 6968, 577, 0, 0
17:04:45, 1099.10, 20.22, 22.74, 18.359, 977, 1235, 2608, 4355, 6712, 8137, 8783, 10444, 12965, 910, 0, 0, 249, 303, 705, 1465, 2793, 3233, 3604, 3448, 6997, 573, 0, 0
17:04:45, 1091.80, 20.22, 22.74, 18.367, 888, 1360, 2729, 4520, 6299, 7514, 7958, 9626, 10865, 790, 0, 0, 257, 316, 736, 1521, 2908, 3345, 3696, 3518, 7170, 592, 0, 0
17:04:46, 1086.90, 20.22, 22.74, 18.367, 1128, 1538, 3106, 4846, 7134, 8424, 8901, 11096, 11576, 870, 0, 0, 267, 338, 788, 1607, 2971, 3396, 3722, 3528, 7253, 595, 0, 0
17:04:47, 1084.50, 20.22, 22.77, 18.359, 1216, 1865, 3535, 5511, 7082, 7775, 8848, 10894, 10196, 789, 0, 0, 272, 349, 813, 1646, 3008, 3434, 3753, 3560, 7333, 603, 0, 0
17:04:47, 1081.50, 20.21, 22.79, 18.344, 1064, 1897, 3382, 5510, 6689, 7375, 8267, 9999, 9200, 717, 0, 0, 280, 360, 838, 1697, 3122, 3559, 3880, 3684, 7496, 617, 0, 0
17:04:48, 1077.10, 20.21, 22.72, 18.344, 1564, 2697, 4588, 7533, 6553, 7211, 8407, 9681, 9264, 743, 0, 0, 287, 378, 876, 1748, 3148, 3567, 3876, 3668, 7535, 619, 0, 0
17:04:49, 1075.50, 20.21, 22.74, 18.328, 1298, 2261, 4060, 6377, 6808, 7612, 8661, 9969, 9422, 761, 0, 0, 296, 394, 912, 1811, 3205, 3624, 3932, 3714, 7710, 636, 0, 0
17:04:49, 1074.20, 20.21, 22.72, 18.320, 1061, 1899, 3433, 5338, 9034, 10318, 11774, 14047, 10889, 910, 0, 0, 299, 399, 923, 1830, 3285, 3714, 4022, 3800, 7828, 643, 0, 0
17:04:50, 1071.70, 20.20, 22.79, 18.320, 1257, 2151, 3860, 5907, 8157, 9061, 10795, 12578, 10498, 875, 0, 0, 302, 406, 937, 1850, 3329, 3754, 4055, 3828, 7860, 646, 0, 0
17:04:51, 1070.50, 20.21, 22.77, 18.320, 1537, 2661, 4578, 7010, 8912, 10111, 12496, 14656, 11266, 963, 0, 0, 306, 414, 957, 1883, 3347, 3768, 4065, 3828, 7879, 646, 0, 0
17:04:51, 1069.40, 20.21, 22.75, 18.352, 1619, 2851, 4733, 7657, 10844, 12423, 15211, 18453, 12592, 1090, 0, 0, 302, 411, 947, 1855, 3317, 3731, 4029, 3793, 7817, 642, 0, 0
17:04:52, 1069.90, 20.21, 22.74, 18.352, 1571, 3004, 4606, 7946, 12722, 14197, 18665, 21537, 14468, 1254, 0, 0, 300, 409, 943, 1844, 3277, 3683, 3982, 3747, 7765, 636, 0, 0
17:04:53, 1068.30, 20.21, 22.75, 18.367, 1773, 3164, 5125, 8460, 8635, 9456, 11518, 12656, 12406, 1028, 0, 0, 304, 417, 961, 1878, 3338, 3750, 4051, 3814, 7894, 645, 0, 0
17:04:53, 1069.00, 20.22, 22.72, 18.391, 1422, 2426, 4061, 6116, 10808, 11961, 15068, 17943, 11841, 1062, 0, 0, 301, 415, 952, 1854, 3266, 3664, 3962, 3724, 7760, 633, 0, 0
17:04:54, 1068.90, 20.22, 22.74, 18.391, 1892, 3411, 5387, 8913, 8415, 9167, 10642, 13018, 11017, 938, 0, 0, 307, 419, 967, 1888, 3295, 3695, 3995, 3753, 7809, 638, 0, 0
17:04:55, 1067.70, 20.22, 22.75, 18.398, 1620, 2848, 4581, 6850, 9554, 10201, 11914, 15034, 12136, 1046, 0, 0, 310, 426, 982, 1909, 3380, 3783, 4094, 3847, 8060, 656, 0, 0
17:04:55, 1068.80, 20.22, 22.75, 18.406, 1896, 2745, 4997, 7170, 8734, 10027, 10139, 13416, 11752, 1019, 0, 0, 304, 416, 958, 1869, 3319, 3715, 4019, 3774, 7898, 642, 0, 0
17:04:56, 1068.10, 20.23, 22.77, 18.406, 1735, 2513, 4594, 6850, 7616, 9122, 8947, 11674, 11504, 976, 0, 0, 315, 430, 992, 1931, 3376, 3774, 4080, 3830, 8010, 655, 0, 0
17:04:57, 1070.40, 20.24, 22.77, 18.398, 1758, 3240, 5218, 7957, 11886, 12386, 14916, 18200, 16771, 1334, 0, 0, 314, 431, 992, 1933, 3343, 3740, 4055, 3808, 8002, 652, 0, 0
17:04:57, 1070.80, 20.24, 22.77, 18.391, 1519, 2455, 4351, 6612, 7222, 9367, 8667, 11951, 11911, 977, 0, 0, 302, 407, 941, 1852, 3297, 3702, 4015, 3778, 7873, 642, 0, 0
17:04:58, 1061.00, 20.23, 22.74, 18.391, 1356, 1785, 3484, 4933, 7635, 10197, 9055, 12795, 12266, 1077, 0, 0, 332, 465, 1065, 2045, 3566, 3958, 4267, 4006, 8493, 696, 0, 0
17:04:59, 1059.10, 20.22, 22.77, 18.359, 2370, 3516, 6070, 8846, 7778, 8518, 9358, 11295, 13022, 1153, 0, 0, 346, 492, 1122, 2137, 3693, 4094, 4406, 4134, 8719, 717, 0, 0
17:04:59, 1053.70, 20.22, 22.75, 18.352, 2486, 2730, 5478, 7335, 10497, 14480, 10665, 19753, 12134, 1286, 0, 0, 360, 519, 1171, 2207, 3802, 4199, 4505, 4235, 8975, 741, 0, 0
17:05:00, 1050.90, 20.21, 22.77, 18.352, 1998, 3672, 5662, 8171, 12514, 13084, 14287, 20254, 13500, 1369, 0, 0, 368, 537, 1209, 2261, 3890, 4293, 4594, 4315, 9119, 754, 0, 0
17:05:01, 1044.50, 20.21, 22.77, 18.328, 2510, 4488, 6501, 9370, 13956, 15080, 18476, 23026, 13161, 1509, 0, 0, 393, 590, 1309, 2403, 4042, 4432, 4739, 4460, 9555, 791, 0, 0
17:05:01, 1039.50, 20.20, 22.79, 18.328, 2852, 5535, 7126, 10644, 16298, 17466, 21656, 25056, 13117, 1701, 0, 0, 409, 626, 1368, 2480, 4120, 4498, 4789, 4505, 9686, 813, 0, 0
17:05:02, 1038.30, 20.20, 22.77, 18.328, 2430, 5085, 6283, 10772, 19476, 20992, 25245, 28379, 15090, 2030, 0, 0, 420, 647, 1410, 2538, 4163, 4538, 4844, 4552, 9846, 822, 0, 0
17:05:03, 1033.00, 20.21, 22.79, 18.344, 3773, 6869, 8823, 12356, 14718, 16558, 20572, 24356, 12607, 1807, 0, 0, 444, 694, 1494, 2650, 4283, 4656, 4969, 4689, 10183, 861, 0, 0
17:05:03, 1028.70, 20.21, 22.75, 18.344, 3842, 6333, 8573, 10512, 14393, 13950, 18178, 22165, 11407, 1885, 0, 0, 462, 730, 1562, 2740, 4389, 4754, 5069, 4787, 10423, 886, 0, 0
17:05:04, 1020.60, 20.22, 22.77, 18.367, 3168, 5552, 6986, 9867, 10793, 12361, 14301, 17019, 10699, 1885, 0, 0, 482, 774, 1626, 2815, 4488, 4849, 5164, 4893, 10761, 941, 0, 0
17:05:05, 1018.00, 20.23, 22.75, 18.383, 6425, 16861, 16627, 29309, 29186, 34058, 31287, 36000, 14078, 4363, 1, 1, 512, 832, 1702, 2873, 4558, 4915, 5235, 4985, 11205, 1050, 0, 0
17:05:05, 1018.60, 20.23, 22.77, 18.383, 7480, 17874, 16214, 26383, 25142, 30896, 26945, 36000, 14034, 4242, 1, 1, 514, 836, 1713, 2907, 4626, 4985, 5315, 5065, 11592, 1082, 0, 0
17:05:06, 1015.70, 20.23, 22.79, 18.406, 6387, 10304, 14766, 17837, 23560, 30055, 28973, 34391, 12921, 3857, 0, 1, 539, 880, 1792, 3022, 4805, 5172, 5515, 5260, 12206, 1138, 0, 0
17:05:07, 1009.90, 20.23, 22.77, 18.414, 9575, 19267, 20916, 33756, 31417, 36000, 30170, 36000, 14850, 5696, 1, 1, 631, 1038, 2046, 3351, 5123, 5457, 5820, 5606, 13523, 1434, 0, 0
17:05:07, 1010.50, 20.22, 22.77, 18.414, 7728, 13325, 14910, 20759, 20717, 17060, 30542, 30753, 11777, 4574, 0, 0, 1908, 3552, 5077, 7583, 14418, 15177, 17476, 19182, 35233, 10207, 0, 1
17:05:08, 1010.20, 20.21, 22.77, 18.445, 8593, 14991, 17842, 23270, 32317, 36000, 33126, 36000, 14672, 5767, 1, 1, 4001, 7450, 9171, 14362, 18171, 19483, 23512, 27550, 36000, 31382, 1, 1
17:05:09, 1008.90, 20.21, 22.75, 18.492, 8169, 15621, 15371, 23307, 19315, 16518, 23305, 24859, 11728, 5565, 0, 0, 9602, 12672, 20073, 23020, 32107, 35329, 35736, 36000, 36000, 36000, 1, 1
17:05:09, 1010.30, 20.21, 22.77, 18.492, 12791, 18803, 27175, 31388, 20355, 25248, 25047, 32051, 36000, 36000, 1, 1, 5139, 7882, 11083, 14035, 23660, 26353, 31906, 35761, 36000, 35968, 1, 1
17:05:10, 1010.40, 20.27, 22.77, 18.578, 5013, 6187, 13828, 11343, 14923, 10093, 27664, 9755, 36000, 36000, 1, 1, 6253, 9777, 14235, 17082, 22111, 24197, 29548, 35066, 36000, 36000, 1, 1
17:05:11, 1010.30, 20.29, 22.81, 18.680, 5462, 2185, 5719, 5723, 15933, 22899, 32863, 32736, 35727, 23790, 0, 1, 6286, 10015, 13935, 17638, 20919, 23090, 28213, 33635, 36000, 36000, 1, 1
17:05:11, 1010.10, 20.32, 22.81, 18.680, 7249, 18874, 21187, 32534, 12666, 21834, 7403, 21538, 36000, 36000, 1, 1, 5058, 8255, 11130, 14655, 21278, 24766, 28238, 31559, 36000, 35234, 1, 1
17:05:12, 1009.80, 20.36, 22.75, 18.789, 8151, 17715, 18424, 21914, 35451, 30677, 31335, 36000, 36000, 33159, 1, 1, 6983, 11091, 15452, 18703, 23771, 25896, 32061, 36000, 36000, 36000, 1, 1
