Secchi Depth (cm) = 0072
Forel Ule Scale = 15
pH Colour Scale = 99
SensingSecchi S/N = A016
Latitude (degs N) = 34.14017
Longitude (degs E) = -77.86237
Date = 2026-04-01
Time (UTC), Pressure (mbar) MS5803, Temp (deg C) MS5803, Temp (deg C) 10KTHERM, Temp (deg C) TMP117, ED 415nm, ED 445nm, ED 480nm, ED 515nm, ED 555nm, ED 590nm, ED 630nm, ED 680nm, ED Clear, ED NIR, ED D-SAT, ED A-SAT, EU 415nm, EU 445nm, EU 480nm, EU 515nm, EU 555nm, EU 590nm, EU 630nm, EU 680nm, EU Clear, EU NIR, EU D-SAT, EU A-SAT
15:31:48, 1020.60, 22.75, 22.15, 25.352, 1625, 2340, 3348, 3943, 4540, 4780, 5480, 6136, 27609, 11104, 0, 0, 9304, 14494, 19385, 23558, 27038, 29952, 36000, 36000, 36000, 36000, 1, 1
15:31:48, 1020.70, 22.76, 22.16, 25.336, 1627, 2343, 3353, 3946, 4518, 4753, 5447, 6101, 27435, 11021, 0, 0, 9184, 14256, 19102, 23197, 26293, 29112, 36000, 36000, 36000, 36000, 1, 1
15:31:49, 1020.50, 22.77, 22.18, 25.336, 1619, 2332, 3334, 3929, 4509, 4745, 5435, 6092, 27389, 10995, 0, 0, 8796, 13552, 18203, 22011, 24991, 27684, 34782, 36000, 36000, 36000, 1, 1
15:31:50, 1020.40, 22.79, 22.18, 25.320, 1616, 2331, 3334, 3925, 4503, 4734, 5426, 6082, 27355, 10975, 0, 0, 7499, 11262, 15159, 18308, 21704, 23945, 29612, 36000, 36000, 36000, 1, 1
15:31:50, 1020.60, 22.80, 22.18, 25.312, 1271, 1726, 2435, 3113, 4444, 4883, 5677, 6456, 26094, 10888, 0, 0, 6855, 10269, 13888, 16757, 19607, 21470, 26681, 32356, 36000, 36000, 1, 1
15:31:51, 1020.50, 22.81, 22.22, 25.312, 1643, 2365, 3384, 3983, 4581, 4820, 5513, 6181, 27938, 11243, 0, 0, 7062, 10706, 14399, 17484, 20535, 22517, 27897, 33866, 36000, 36000, 1, 1
15:31:52, 1020.30, 22.81, 22.18, 25.312, 1644, 2369, 3390, 3989, 4566, 4803, 5495, 6158, 27888, 11207, 0, 0, 7201, 10940, 14688, 17879, 20548, 22509, 27778, 33694, 36000, 36000, 1, 1
15:31:52, 1020.50, 22.82, 22.23, 25.312, 1635, 2355, 3368, 3965, 4543, 4781, 5464, 6125, 27757, 11145, 0, 0, 7089, 10781, 14447, 17637, 20419, 22345, 27629, 33454, 36000, 36000, 1, 1
15:31:53, 1020.50, 22.83, 22.22, 25.312, 1534, 2194, 3128, 3732, 4961, 5191, 6001, 6743, 30961, 12974, 0, 0, 6612, 10102, 13368, 16635, 19296, 21496, 26215, 31863, 36000, 36000, 1, 1
15:31:54, 1020.30, 22.84, 22.23, 25.297, 3610, 6619, 8192, 12399, 21606, 24674, 28045, 35438, 36000, 36000, 1, 1, 8666, 13127, 18077, 22235, 27279, 30576, 36000, 36000, 36000, 36000, 1, 1
15:31:54, 1020.60, 22.87, 22.23, 25.258, 4440, 8118, 11192, 14356, 12523, 10800, 16971, 15676, 36000, 36000, 1, 1, 4911, 7481, 10771, 13932, 13520, 15038, 18180, 20962, 36000, 28175, 1, 1
15:31:55, 1020.70, 22.89, 22.25, 25.258, 7055, 10172, 14446, 17227, 16229, 20416, 19760, 26936, 36000, 36000, 1, 1, 3597, 5326, 7675, 9942, 8559, 10171, 12397, 15850, 33856, 14814, 0, 1
15:31:56, 1020.80, 22.91, 22.23, 25.203, 5923, 9153, 12052, 16000, 18801, 21284, 26039, 29718, 36000, 24366, 1, 1, 2231, 3649, 5475, 7315, 9631, 9774, 11330, 11739, 35287, 13345, 0, 1
15:31:56, 1021.10, 22.91, 22.20, 25.141, 3392, 5401, 7685, 9230, 14868, 13459, 19029, 19876, 31239, 13099, 0, 0, 1805, 3143, 4595, 6431, 12502, 14267, 15737, 18087, 27473, 8557, 0, 0
15:31:57, 1024.10, 22.91, 22.23, 25.141, 5454, 6685, 10069, 10655, 10813, 11606, 11998, 15872, 20959, 8918, 0, 0, 644, 1110, 2154, 3408, 4848, 4974, 5113, 4754, 11439, 1011, 0, 0
15:31:58, 1033.20, 22.76, 22.23, 23.492, 6060, 9711, 12879, 15710, 18044, 16455, 21148, 23168, 29731, 9312, 0, 0, 631, 1086, 2175, 3514, 5289, 5428, 5582, 5138, 12289, 1036, 0, 0
15:31:58, 1033.20, 22.59, 22.20, 20.867, 4406, 6540, 9082, 11335, 13575, 16043, 13571, 21713, 21927, 4508, 0, 0, 565, 973, 1953, 3160, 4450, 4570, 4707, 4351, 10586, 915, 0, 0
15:31:59, 1037.80, 22.45, 22.23, 20.867, 3813, 3179, 6268, 6346, 11830, 14924, 13752, 18930, 18233, 3007, 0, 0, 495, 845, 1735, 2848, 4158, 4279, 4389, 4027, 9733, 815, 0, 0
15:31:00, 1034.20, 22.35, 22.20, 19.914, 7625, 7148, 13693, 13220, 10433, 16060, 11404, 18430, 18817, 3373, 0, 0, 492, 841, 1713, 2805, 4231, 4353, 4469, 4107, 10001, 862, 0, 0
15:32:00, 1033.00, 22.26, 22.20, 19.461, 4668, 7355, 10045, 12767, 7648, 9457, 8651, 13007, 14754, 2704, 0, 0, 543, 927, 1886, 3088, 4581, 4710, 4841, 4451, 10798, 920, 0, 0
15:32:01, 1031.30, 22.20, 22.16, 19.461, 3002, 4738, 6936, 8397, 11576, 12153, 13931, 17628, 19888, 3694, 0, 0, 572, 976, 1975, 3228, 4768, 4902, 5031, 4637, 11408, 987, 0, 0
15:32:01, 1032.10, 22.15, 22.20, 19.266, 3636, 5143, 8009, 9151, 7633, 8131, 9321, 11190, 17956, 3665, 0, 0, 626, 1070, 2155, 3487, 4841, 4972, 5106, 4719, 11982, 1051, 0, 0
15:32:02, 1034.20, 22.09, 22.15, 19.266, 3294, 5598, 8124, 10419, 16019, 19130, 20632, 26003, 20124, 4236, 0, 0, 615, 1049, 2125, 3452, 4863, 5001, 5124, 4734, 12345, 1074, 0, 0
15:32:03, 1034.70, 22.03, 22.20, 19.180, 4544, 7873, 11156, 13892, 16383, 19399, 21077, 25103, 27454, 5367, 0, 0, 608, 1033, 2091, 3391, 4926, 5075, 5202, 4831, 12906, 1124, 0, 0
15:32:03, 1035.70, 21.98, 22.18, 19.141, 3763, 6610, 9628, 12152, 18280, 19023, 23267, 27543, 36000, 7942, 1, 1, 648, 1100, 2218, 3592, 5024, 5154, 5315, 4936, 13840, 1207, 0, 0
15:32:04, 1033.80, 21.94, 22.15, 19.141, 4334, 7219, 9656, 13526, 13470, 15315, 19095, 20466, 36000, 8558, 1, 1, 646, 1098, 2203, 3557, 5132, 5239, 5440, 5038, 14666, 1268, 0, 0
15:32:05, 1028.80, 21.91, 22.16, 19.133, 5584, 7311, 10141, 14861, 13751, 20312, 22073, 25804, 36000, 22979, 1, 1, 705, 1203, 2369, 3748, 5774, 5860, 6115, 5706, 16847, 1514, 0, 0
15:32:05, 1027.70, 21.89, 22.16, 19.141, 6432, 9711, 14237, 18329, 21703, 23797, 28396, 34687, 36000, 35752, 1, 1, 747, 1278, 2481, 3878, 5910, 5985, 6267, 5848, 17133, 1574, 0, 0
15:32:06, 1030.20, 21.87, 22.13, 19.141, 5729, 6062, 10842, 12900, 17549, 18516, 19932, 26844, 36000, 34214, 1, 1, 721, 1233, 2443, 3875, 5870, 5944, 6223, 5770, 16752, 1488, 0, 0
15:32:07, 1031.20, 21.84, 22.15, 19.133, 5114, 4534, 9435, 8709, 17116, 20880, 18482, 26095, 36000, 32072, 1, 1, 756, 1297, 2582, 4111, 5978, 6052, 6344, 5886, 17077, 1490, 0, 0
15:32:07, 1030.80, 21.81, 22.16, 19.141, 6921, 5298, 11998, 9253, 15264, 14216, 12016, 19678, 36000, 35640, 1, 1, 819, 1404, 2774, 4382, 5908, 5980, 6262, 5847, 16933, 1488, 0, 0
15:32:08, 1031.50, 21.79, 22.16, 19.141, 7158, 9548, 15276, 16231, 15433, 14698, 12383, 20479, 36000, 35831, 1, 1, 846, 1449, 2837, 4483, 6162, 6248, 6555, 6129, 17899, 1592, 0, 0
15:32:09, 1032.80, 21.76, 22.15, 19.141, 7716, 12048, 17081, 19830, 15774, 16724, 19225, 24125, 36000, 33626, 1, 1, 832, 1425, 2799, 4461, 6242, 6334, 6641, 6191, 18016, 1598, 0, 0
15:32:09, 1033.20, 21.72, 22.16, 19.148, 6295, 10626, 14471, 18069, 14927, 14898, 18642, 23451, 36000, 27419, 1, 1, 808, 1380, 2736, 4349, 6429, 6534, 6844, 6397, 18620, 1642, 0, 0
15:32:10, 1034.30, 21.70, 22.11, 19.148, 9530, 11463, 18044, 18903, 22967, 24203, 27721, 30788, 36000, 31647, 1, 1, 762, 1292, 2584, 4121, 6200, 6298, 6588, 6121, 17653, 1542, 0, 0
15:32:11, 1034.40, 21.68, 22.15, 19.133, 5361, 10288, 12351, 15681, 18508, 19572, 20006, 28311, 36000, 34400, 1, 1, 735, 1245, 2477, 3976, 6160, 6268, 6540, 6077, 17552, 1537, 0, 0
15:32:11, 1033.70, 21.65, 22.15, 19.125, 5392, 10662, 13140, 18135, 21931, 24881, 33656, 34993, 36000, 35806, 1, 1, 745, 1263, 2505, 4003, 6166, 6275, 6555, 6101, 17952, 1602, 0, 0
15:32:12, 1030.20, 21.63, 22.11, 19.125, 5616, 8335, 12882, 16091, 32918, 32688, 35121, 35791, 36000, 32721, 1, 1, 699, 1191, 2364, 3753, 5513, 5596, 5858, 5428, 16127, 1462, 0, 0
15:32:13, 1030.00, 21.61, 22.15, 19.125, 5562, 6669, 10231, 13255, 22478, 21184, 23937, 27927, 36000, 26659, 1, 1, 679, 1155, 2295, 3651, 5199, 5272, 5522, 5121, 15244, 1374, 0, 0
15:32:13, 1031.40, 21.60, 22.13, 19.141, 5543, 4270, 8144, 9423, 18345, 24971, 24288, 30038, 36000, 28748, 1, 1, 654, 1109, 2213, 3546, 5408, 5495, 5737, 5326, 15859, 1412, 0, 0
15:32:14, 1031.80, 21.58, 22.13, 19.141, 6134, 4874, 10252, 10983, 9437, 16036, 10854, 15701, 36000, 30781, 1, 1, 685, 1159, 2303, 3663, 5343, 5430, 5659, 5230, 15503, 1361, 0, 0
15:32:15, 1031.20, 21.57, 22.16, 19.125, 6308, 10216, 13870, 18204, 21375, 18663, 21989, 28357, 36000, 24788, 1, 1, 676, 1146, 2273, 3639, 5594, 5699, 5944, 5539, 16232, 1453, 0, 0
15:32:15, 1030.50, 21.55, 22.16, 19.125, 6837, 10085, 15262, 16331, 26412, 24104, 27516, 35884, 36000, 25012, 1, 1, 737, 1254, 2476, 3918, 5713, 5821, 6068, 5642, 16554, 1479, 0, 0
15:32:16, 1029.30, 21.54, 22.11, 19.125, 8120, 13397, 18417, 20214, 17946, 20128, 23676, 24478, 36000, 10753, 1, 1, 715, 1227, 2423, 3866, 5772, 5873, 6114, 5678, 16500, 1466, 0, 0
15:32:17, 1029.80, 21.53, 22.15, 19.141, 7650, 13601, 18388, 22183, 26224, 25474, 27760, 36000, 36000, 19726, 1, 1, 801, 1370, 2669, 4180, 6371, 6490, 6766, 6320, 18676, 1704, 0, 0
15:32:17, 1027.80, 21.52, 22.13, 19.141, 7332, 11717, 16728, 21411, 20789, 21706, 24975, 33453, 36000, 20409, 1, 1, 864, 1472, 2858, 4450, 6362, 6461, 6762, 6317, 18931, 1743, 0, 0
15:32:18, 1026.60, 21.50, 22.11, 19.141, 8631, 12164, 16702, 18196, 15863, 16936, 22665, 25073, 33378, 25564, 0, 1, 1037, 1762, 3358, 5190, 6435, 6546, 6826, 6392, 18891, 1768, 0, 0
15:32:19, 1027.20, 21.47, 22.13, 19.141, 7778, 14808, 20258, 20781, 29897, 31478, 30988, 36000, 36000, 32095, 1, 1, 744, 1270, 2478, 3912, 6035, 6145, 6407, 5996, 17678, 1626, 0, 0
15:32:19, 1027.80, 21.46, 22.13, 19.141, 7767, 13764, 19793, 21648, 33956, 35155, 35312, 36000, 36000, 26234, 1, 1, 762, 1302, 2542, 4007, 6659, 6783, 7090, 6659, 19734, 1838, 0, 0
15:32:20, 1029.10, 21.44, 22.13, 19.125, 6049, 11571, 15753, 16845, 23082, 23551, 25700, 32766, 36000, 26757, 1, 1, 827, 1412, 2769, 4336, 6530, 6641, 6946, 6515, 19042, 1751, 0, 0
15:32:21, 1027.30, 21.43, 22.11, 19.117, 6064, 9724, 14097, 17443, 23562, 24237, 27310, 34568, 36000, 15676, 1, 1, 809, 1384, 2715, 4275, 6074, 6180, 6442, 6031, 17464, 1585, 0, 0
15:32:21, 1024.10, 21.41, 22.11, 19.117, 6461, 10288, 13108, 19270, 29414, 31476, 32906, 36000, 36000, 35331, 1, 1, 757, 1294, 2514, 3961, 6410, 6525, 6810, 6434, 18675, 1789, 0, 0
15:32:22, 1025.30, 21.39, 22.15, 19.109, 7634, 13557, 19489, 20871, 25928, 28008, 28564, 35996, 36000, 33049, 1, 1, 823, 1405, 2698, 4198, 6071, 6185, 6454, 6070, 17756, 1685, 0, 0
15:32:23, 1026.30, 21.38, 22.16, 19.117, 7021, 10415, 13465, 18709, 18373, 21386, 25010, 26172, 35089, 18912, 0, 1, 781, 1336, 2588, 4052, 6095, 6210, 6479, 6075, 17777, 1684, 0, 0
15:32:23, 1025.30, 21.37, 22.13, 19.117, 5406, 10108, 11128, 23668, 22415, 24797, 31290, 35599, 36000, 18193, 1, 1, 853, 1461, 2823, 4405, 6727, 6849, 7153, 6773, 19653, 1916, 0, 0
15:32:24, 1026.20, 21.36, 22.13, 19.117, 7368, 13634, 19240, 21417, 17494, 18871, 22992, 25104, 33177, 13877, 0, 1, 918, 1568, 3013, 4693, 6000, 6120, 6370, 5980, 17183, 1607, 0, 0
15:32:25, 1026.20, 21.35, 22.13, 19.117, 7602, 13974, 19835, 21054, 28584, 31455, 32909, 36000, 36000, 20332, 1, 1, 751, 1287, 2497, 3922, 5979, 6113, 6349, 5981, 17014, 1588, 0, 0
15:32:25, 1029.20, 21.34, 22.13, 19.117, 7758, 15055, 17951, 22991, 22673, 27729, 29429, 35156, 35706, 12355, 0, 1, 746, 1275, 2488, 3917, 5972, 6103, 6333, 5949, 16884, 1571, 0, 0
15:32:26, 1032.10, 21.33, 22.15, 19.109, 6683, 12094, 15819, 19750, 23325, 28422, 30269, 35790, 36000, 11124, 1, 1, 679, 1155, 2284, 3647, 6013, 6146, 6369, 5931, 16975, 1533, 0, 0
15:32:27, 1034.10, 21.32, 22.16, 19.109, 3381, 6140, 7394, 14375, 17503, 18376, 23673, 29770, 36000, 9902, 1, 1, 634, 1080, 2159, 3471, 5323, 5425, 5627, 5220, 14995, 1320, 0, 0
15:32:27, 1035.70, 21.31, 22.15, 19.109, 3767, 4963, 7193, 10700, 12706, 17496, 20645, 20673, 36000, 12027, 1, 1, 622, 1057, 2108, 3389, 4987, 5064, 5265, 4859, 14193, 1237, 0, 0
15:32:28, 1038.70, 21.30, 22.16, 19.094, 3619, 3989, 6748, 8136, 9530, 11262, 11672, 14836, 36000, 12502, 1, 1, 585, 992, 2013, 3258, 4904, 4979, 5183, 4765, 13795, 1178, 0, 0
15:32:29, 1039.70, 21.30, 22.15, 19.094, 3749, 4436, 8169, 9476, 14123, 15102, 17161, 22366, 36000, 15599, 1, 1, 561, 953, 1944, 3150, 4684, 4753, 4941, 4538, 13023, 1103, 0, 0
15:32:29, 1040.30, 21.30, 22.11, 19.094, 4425, 6190, 10179, 11389, 12761, 13870, 12293, 18083, 36000, 21423, 1, 1, 518, 880, 1804, 2957, 4619, 4679, 4879, 4493, 12887, 1082, 0, 0
15:32:30, 1040.90, 21.29, 22.15, 19.086, 3596, 4391, 8418, 7572, 12162, 12579, 11284, 17371, 36000, 26856, 1, 1, 517, 878, 1797, 2922, 4405, 4459, 4652, 4288, 12201, 1025, 0, 0
15:32:31, 1040.30, 21.28, 22.13, 19.094, 3401, 3722, 7608, 6400, 12943, 12207, 12496, 16131, 36000, 28082, 1, 1, 518, 883, 1789, 2894, 4304, 4358, 4549, 4196, 11987, 1018, 0, 0
15:32:31, 1036.10, 21.27, 22.15, 19.094, 3568, 5715, 8656, 10138, 12028, 12013, 13049, 16613, 36000, 24981, 1, 1, 538, 919, 1847, 2973, 4499, 4550, 4751, 4389, 12474, 1067, 0, 0
15:32:32, 1029.40, 21.25, 22.13, 19.094, 3797, 4696, 8179, 8209, 17107, 17572, 17812, 24557, 36000, 35259, 1, 1, 614, 1057, 2074, 3283, 4909, 4949, 5181, 4822, 13826, 1238, 0, 0
15:32:33, 1027.10, 21.24, 22.16, 19.094, 5992, 7567, 13077, 11166, 18496, 17972, 18304, 23410, 36000, 36000, 1, 1, 675, 1161, 2261, 3563, 5332, 5365, 5623, 5222, 14871, 1351, 0, 0
15:32:33, 1027.90, 21.23, 22.16, 19.094, 3292, 4691, 7394, 8142, 12764, 12379, 14717, 16593, 36000, 35456, 1, 1, 689, 1190, 2310, 3622, 4907, 4948, 5180, 4833, 13823, 1267, 0, 0
15:32:34, 1026.50, 21.22, 22.13, 19.109, 3472, 5607, 7993, 9911, 19160, 17354, 22370, 24703, 36000, 35987, 1, 1, 626, 1078, 2096, 3287, 4824, 4861, 5092, 4767, 13778, 1280, 0, 0
15:32:35, 1028.70, 21.21, 22.16, 19.109, 6126, 10364, 13259, 16653, 18837, 19507, 22863, 27459, 36000, 34428, 1, 1, 656, 1135, 2212, 3486, 5079, 5122, 5368, 4996, 14416, 1309, 0, 0
15:32:35, 1029.70, 21.20, 22.15, 19.109, 3983, 6232, 9237, 10358, 14802, 15695, 16655, 21882, 36000, 31777, 1, 1, 651, 1122, 2193, 3458, 4730, 4770, 4984, 4629, 13237, 1181, 0, 0
15:32:36, 1029.30, 21.19, 22.15, 19.117, 5707, 10643, 13458, 17996, 14992, 15669, 14016, 21812, 36000, 34518, 1, 1, 707, 1217, 2363, 3712, 5468, 5527, 5785, 5404, 15658, 1421, 0, 0
15:32:37, 1029.70, 21.18, 22.13, 19.117, 5017, 7374, 11036, 13254, 16263, 17083, 17718, 24191, 36000, 34876, 1, 1, 675, 1156, 2279, 3611, 5524, 5592, 5862, 5477, 15861, 1443, 0, 0
15:32:37, 1030.10, 21.17, 22.16, 19.117, 4457, 3837, 7436, 6896, 15847, 16321, 19202, 23277, 36000, 25996, 1, 1, 615, 1051, 2085, 3305, 4883, 4942, 5157, 4787, 13826, 1237, 0, 0
15:32:38, 1027.10, 21.16, 22.16, 19.125, 4340, 6285, 9703, 11185, 12266, 17886, 15301, 23313, 36000, 26290, 1, 1, 610, 1043, 2045, 3214, 4856, 4903, 5130, 4749, 13847, 1257, 0, 0
15:32:39, 1029.30, 21.15, 22.18, 19.125, 3950, 4006, 6662, 7847, 12597, 16804, 16241, 20494, 36000, 22435, 1, 1, 593, 1015, 2001, 3172, 4708, 4762, 4980, 4596, 13517, 1214, 0, 0
15:32:39, 1030.90, 21.15, 22.16, 19.125, 4757, 4619, 8680, 9796, 11223, 14053, 12729, 17259, 36000, 21049, 1, 1, 597, 1023, 2028, 3221, 4491, 4546, 4748, 4378, 12759, 1128, 0, 0
15:32:40, 1035.70, 21.15, 22.15, 19.117, 5028, 7596, 10359, 13884, 10256, 14496, 13840, 16780, 36000, 14722, 1, 1, 690, 1174, 2330, 3702, 4873, 4952, 5162, 4769, 13932, 1206, 0, 0
15:32:41, 1041.20, 21.14, 22.15, 19.117, 3571, 5601, 8210, 10459, 8315, 11713, 11158, 12982, 36000, 9150, 1, 1, 670, 1130, 2279, 3676, 5046, 5150, 5353, 4957, 14355, 1227, 0, 0
15:32:41, 1032.70, 21.13, 22.15, 19.109, 3672, 5947, 8559, 11377, 9033, 15114, 13177, 14898, 36000, 11002, 1, 1, 633, 1074, 2150, 3435, 5066, 5144, 5368, 4997, 14474, 1263, 0, 0
15:32:42, 1027.80, 21.12, 22.16, 19.109, 5317, 7586, 11410, 14243, 12234, 18199, 15823, 24401, 36000, 30661, 1, 1, 688, 1176, 2278, 3565, 5127, 5191, 5448, 5097, 14952, 1375, 0, 0
15:32:43, 1028.50, 21.11, 22.16, 19.109, 6336, 6508, 12038, 14199, 14923, 20961, 21665, 28657, 36000, 33733, 1, 1, 674, 1149, 2234, 3490, 5360, 5431, 5697, 5329, 15659, 1435, 0, 0
15:32:43, 1028.60, 21.10, 22.18, 19.094, 5087, 5226, 10144, 9888, 17094, 18856, 18244, 26264, 36000, 34134, 1, 1, 661, 1127, 2239, 3584, 5717, 5779, 6066, 5639, 16499, 1467, 0, 0
15:32:44, 1029.30, 21.10, 22.18, 19.102, 6139, 9505, 12101, 15285, 10424, 12759, 10880, 15056, 36000, 31586, 1, 1, 751, 1275, 2489, 3907, 5331, 5398, 5660, 5278, 15453, 1403, 0, 0
15:32:45, 1031.70, 21.10, 22.18, 19.102, 8488, 14539, 19653, 24733, 23476, 22484, 28483, 31878, 36000, 27218, 1, 1, 647, 1094, 2169, 3459, 5568, 5667, 5929, 5546, 16160, 1462, 0, 0
15:32:45, 1030.30, 21.09, 22.20, 19.102, 8077, 15528, 18388, 24003, 26391, 25666, 31057, 32777, 36000, 28220, 1, 1, 669, 1135, 2246, 3566, 5664, 5753, 6035, 5633, 16464, 1500, 0, 0
15:32:46, 1029.40, 21.09, 22.22, 19.102, 5596, 10586, 13845, 16905, 29116, 29790, 31578, 33816, 36000, 32055, 1, 1, 663, 1134, 2243, 3569, 5350, 5429, 5686, 5281, 15346, 1383, 0, 0
15:32:47, 1030.40, 21.09, 22.18, 19.102, 5310, 5950, 10333, 10562, 19513, 21274, 22362, 28141, 36000, 34383, 1, 1, 749, 1277, 2507, 3962, 5330, 5416, 5670, 5267, 15313, 1374, 0, 0
15:32:47, 1031.90, 21.09, 22.16, 19.102, 5970, 7772, 12832, 14446, 13303, 17731, 15206, 21885, 36000, 29968, 1, 1, 774, 1319, 2592, 4109, 5387, 5472, 5745, 5356, 15794, 1427, 0, 0
15:32:48, 1031.50, 21.08, 22.18, 19.102, 6357, 6164, 12153, 13194, 11823, 18383, 12039, 21317, 36000, 35110, 1, 1, 740, 1249, 2489, 3963, 5691, 5792, 6080, 5694, 16929, 1537, 0, 0
15:32:49, 1029.70, 21.08, 22.18, 19.117, 4697, 6137, 9694, 11141, 13049, 18650, 16120, 22013, 36000, 26705, 1, 1, 660, 1113, 2201, 3502, 5382, 5470, 5734, 5345, 15999, 1447, 0, 0
15:32:49, 1030.00, 21.07, 22.22, 19.109, 4827, 9102, 12621, 18313, 18289, 19317, 25064, 28421, 36000, 36000, 1, 1, 674, 1143, 2241, 3544, 5515, 5602, 5883, 5490, 16401, 1504, 0, 0
15:32:50, 1029.40, 21.06, 22.22, 19.109, 5473, 10299, 14429, 19306, 26516, 28369, 34104, 35810, 36000, 33128, 1, 1, 631, 1067, 2119, 3378, 5418, 5498, 5769, 5374, 15819, 1445, 0, 0
15:32:51, 1029.30, 21.06, 22.18, 19.109, 6282, 7640, 13634, 16312, 21663, 20753, 25645, 32873, 36000, 32161, 1, 1, 655, 1115, 2224, 3572, 5618, 5696, 5979, 5537, 16140, 1435, 0, 0
15:32:51, 1030.80, 21.05, 22.20, 19.109, 5137, 5482, 10246, 10360, 8201, 10410, 9194, 12177, 36000, 29350, 1, 1, 756, 1282, 2551, 4068, 5780, 5859, 6146, 5699, 16566, 1446, 0, 0
15:32:52, 1031.70, 21.04, 22.16, 19.109, 6256, 9413, 13128, 15796, 7398, 9224, 8616, 11043, 36000, 27100, 1, 1, 768, 1305, 2590, 4118, 5730, 5817, 6083, 5661, 16498, 1455, 0, 0
15:32:53, 1033.40, 21.04, 22.18, 19.109, 5050, 5860, 10799, 11183, 10719, 15472, 11073, 18287, 36000, 33302, 1, 1, 646, 1101, 2191, 3505, 4920, 4984, 5192, 4800, 14152, 1236, 0, 0
15:32:53, 1033.50, 21.04, 22.20, 19.109, 3566, 5109, 8074, 9585, 11475, 13836, 11683, 18061, 36000, 24915, 1, 1, 565, 962, 1908, 3034, 4329, 4371, 4530, 4160, 12231, 1064, 0, 0
15:32:54, 1034.90, 21.04, 22.23, 19.109, 3583, 5078, 8138, 9738, 10161, 14447, 10826, 17549, 36000, 25314, 1, 1, 559, 956, 1902, 3036, 4349, 4401, 4559, 4201, 12291, 1064, 0, 0
15:32:55, 1033.00, 21.03, 22.20, 19.109, 3648, 6149, 8326, 10617, 20415, 24884, 24544, 29588, 36000, 29770, 1, 1, 518, 888, 1767, 2819, 4046, 4075, 4215, 3857, 11528, 1006, 0, 0
15:32:55, 1034.00, 21.03, 22.22, 19.117, 2701, 3809, 6005, 7122, 15787, 20390, 19794, 25628, 36000, 26075, 1, 1, 437, 750, 1506, 2422, 3655, 3670, 3790, 3462, 10492, 909, 0, 0
15:32:56, 1033.30, 21.02, 22.20, 19.117, 2714, 2836, 5449, 5611, 10131, 11243, 12548, 15584, 36000, 13904, 1, 1, 394, 678, 1362, 2185, 3210, 3219, 3305, 2999, 9083, 780, 0, 0
15:32:56, 1031.70, 21.02, 22.22, 19.109, 3030, 4330, 6828, 8357, 12399, 12514, 15300, 18480, 36000, 15273, 1, 1, 386, 666, 1324, 2106, 3139, 3143, 3227, 2934, 8956, 780, 0, 0
15:32:57, 1032.40, 21.01, 22.22, 19.109, 2936, 4260, 6534, 8046, 9987, 10790, 12490, 15204, 36000, 11596, 1, 1, 397, 689, 1370, 2176, 3211, 3214, 3301, 3010, 9103, 785, 0, 0
15:32:58, 1031.20, 21.01, 22.20, 19.109, 2791, 4764, 6537, 8245, 10353, 11415, 13274, 15869, 36000, 11935, 1, 1, 425, 737, 1461, 2316, 3514, 3521, 3617, 3318, 10081, 877, 0, 0
15:32:58, 1030.20, 21.00, 22.20, 19.109, 3100, 5035, 6978, 8756, 8415, 11117, 12017, 14079, 36000, 14085, 1, 1, 445, 768, 1513, 2384, 3593, 3600, 3704, 3391, 10293, 898, 0, 0
15:32:59, 1030.60, 21.00, 22.22, 19.109, 3589, 5939, 8982, 9932, 11510, 12445, 14276, 17687, 36000, 13312, 1, 1, 448, 771, 1506, 2362, 3546, 3561, 3661, 3354, 10163, 906, 0, 0
15:33:00, 1030.20, 21.00, 22.22, 19.109, 3042, 5303, 7647, 8982, 11911, 12601, 14373, 18144, 36000, 12096, 1, 1, 435, 752, 1478, 2328, 3663, 3676, 3790, 3488, 10623, 960, 0, 0
15:33:00, 1029.00, 21.01, 22.22, 19.102, 2995, 5078, 7136, 8509, 12033, 13260, 15994, 17891, 36000, 9143, 1, 1, 423, 734, 1447, 2278, 3207, 3213, 3300, 3018, 9147, 807, 0, 0
15:33:01, 1029.20, 21.01, 22.18, 19.102, 2191, 3169, 4631, 5837, 10280, 13134, 14092, 16502, 36000, 13645, 1, 1, 387, 671, 1324, 2094, 3062, 3061, 3139, 2860, 8688, 758, 0, 0
15:33:02, 1030.20, 21.02, 22.22, 19.102, 2863, 4232, 6011, 7763, 7088, 9199, 9625, 11189, 36000, 12386, 1, 1, 433, 751, 1460, 2282, 3074, 3074, 3153, 2880, 8776, 774, 0, 0
15:33:02, 1029.10, 21.02, 22.23, 19.102, 2780, 4444, 6408, 7578, 7201, 8609, 9141, 10992, 36000, 11025, 1, 1, 423, 733, 1422, 2215, 2897, 2894, 2968, 2707, 8285, 740, 0, 0
15:33:03, 1029.00, 21.01, 22.25, 19.102, 2968, 4464, 6747, 7783, 7220, 8409, 9275, 11137, 36000, 10818, 1, 1, 408, 709, 1391, 2183, 2985, 2980, 3062, 2799, 8508, 755, 0, 0
15:33:04, 1029.20, 21.00, 22.25, 19.094, 3040, 4509, 6734, 7972, 8041, 8973, 9903, 11979, 36000, 13779, 1, 1, 440, 765, 1491, 2327, 2885, 2878, 2956, 2695, 8182, 715, 0, 0
15:33:04, 1028.10, 21.00, 22.23, 19.086, 3315, 5616, 7671, 9450, 6777, 7699, 7690, 9920, 36000, 17850, 1, 1, 428, 743, 1436, 2232, 2959, 2952, 3031, 2764, 8446, 750, 0, 0
15:33:05, 1030.60, 20.99, 22.25, 19.086, 3340, 5654, 8444, 9971, 7584, 7942, 9092, 10833, 36000, 11555, 1, 1, 435, 753, 1457, 2269, 3156, 3152, 3236, 2969, 9090, 815, 0, 0
15:33:06, 1031.10, 20.99, 22.23, 19.086, 2906, 4961, 6978, 8586, 9718, 9827, 11626, 13928, 36000, 12452, 1, 1, 425, 739, 1442, 2256, 2963, 2955, 3033, 2767, 8488, 747, 0, 0
15:33:06, 1029.80, 20.98, 22.23, 19.086, 2615, 4049, 6025, 7195, 8680, 9565, 10604, 13002, 36000, 12101, 1, 1, 375, 653, 1284, 2023, 2905, 2898, 2972, 2715, 8237, 724, 0, 0
15:33:07, 1031.60, 20.98, 22.25, 19.086, 2673, 4231, 5991, 7311, 6395, 7031, 7365, 9078, 36000, 15014, 1, 1, 408, 709, 1383, 2161, 2918, 2906, 2989, 2730, 8252, 725, 0, 0
15:33:08, 1032.90, 20.98, 22.23, 19.086, 2688, 4437, 6303, 7752, 8180, 8944, 9301, 11841, 36000, 15322, 1, 1, 422, 735, 1432, 2242, 2975, 2966, 3049, 2791, 8383, 739, 0, 0
15:33:08, 1034.00, 20.97, 22.25, 19.086, 2154, 3615, 5138, 6343, 8236, 8781, 9825, 11728, 36000, 11728, 1, 1, 373, 649, 1285, 2036, 2860, 2851, 2922, 2656, 7926, 680, 0, 0
15:33:09, 1034.00, 20.96, 22.25, 19.086, 2134, 3549, 5022, 6371, 7141, 7693, 8457, 10163, 36000, 10303, 1, 1, 365, 635, 1255, 1988, 2872, 2863, 2937, 2673, 7980, 688, 0, 0
15:33:10, 1035.00, 20.95, 22.25, 19.078, 2581, 4080, 5936, 7243, 7587, 8167, 9080, 10878, 36000, 11364, 1, 1, 390, 679, 1337, 2109, 2957, 2950, 3031, 2767, 8272, 716, 0, 0
15:33:10, 1035.00, 20.95, 22.23, 19.086, 2445, 3871, 5636, 6967, 7469, 7846, 9094, 10609, 36000, 10015, 1, 1, 369, 642, 1278, 2031, 2887, 2876, 2956, 2693, 8095, 696, 0, 0
15:33:11, 1035.70, 20.95, 22.25, 19.086, 2234, 3546, 5245, 6441, 7479, 8078, 8716, 10743, 36000, 12184, 1, 1, 350, 610, 1213, 1931, 2752, 2744, 2815, 2561, 7668, 654, 0, 0
15:33:12, 1035.20, 20.95, 22.23, 19.078, 2274, 3550, 5445, 6582, 7061, 7503, 8603, 10038, 36000, 10330, 1, 1, 337, 586, 1163, 1850, 2664, 2655, 2722, 2473, 7419, 636, 0, 0
15:33:12, 1034.80, 20.95, 22.25, 19.086, 2380, 4003, 5840, 7264, 7684, 8231, 9256, 11115, 36000, 10791, 1, 1, 343, 593, 1179, 1875, 2798, 2789, 2858, 2601, 7821, 674, 0, 0
15:33:13, 1035.50, 20.95, 22.25, 19.086, 2078, 3437, 4953, 6246, 7250, 7872, 8726, 10366, 36000, 9194, 1, 1, 341, 593, 1184, 1887, 2729, 2721, 2788, 2538, 7619, 651, 0, 0
15:33:14, 1032.50, 20.95, 22.25, 19.086, 2155, 3196, 4967, 5893, 8726, 9206, 10525, 12514, 36000, 11139, 1, 1, 340, 592, 1180, 1874, 2728, 2712, 2784, 2535, 7611, 651, 0, 0
15:33:14, 1029.30, 20.94, 22.28, 19.086, 2067, 2982, 4596, 5329, 7429, 8209, 8873, 10844, 36000, 13964, 1, 1, 364, 637, 1249, 1961, 2885, 2863, 2943, 2685, 8152, 708, 0, 0
15:33:15, 1029.50, 20.94, 22.27, 19.086, 2728, 4325, 6203, 7547, 7226, 7881, 8582, 10446, 36000, 14981, 1, 1, 352, 612, 1202, 1892, 2857, 2834, 2909, 2648, 8053, 699, 0, 0
15:33:16, 1029.80, 20.93, 22.23, 19.086, 2936, 4688, 6721, 8174, 9113, 9567, 11148, 13245, 36000, 16295, 1, 1, 376, 654, 1269, 1984, 2960, 2936, 3019, 2757, 8425, 748, 0, 0
15:33:16, 1029.70, 20.92, 22.25, 19.086, 2570, 4116, 5917, 7243, 8787, 9272, 10779, 12626, 36000, 12254, 1, 1, 356, 621, 1213, 1901, 2739, 2719, 2791, 2539, 7694, 677, 0, 0
15:33:17, 1027.20, 20.91, 22.25, 19.086, 2893, 4581, 6497, 8009, 9430, 9852, 11606, 13578, 36000, 14708, 1, 1, 371, 650, 1267, 1981, 2865, 2842, 2923, 2667, 8135, 724, 0, 0
15:33:18, 1027.70, 20.91, 22.25, 19.094, 3078, 4648, 6659, 7939, 9520, 10105, 11514, 13797, 36000, 21271, 1, 1, 413, 722, 1398, 2169, 3272, 3250, 3353, 3085, 9420, 849, 0, 0
15:33:18, 1026.30, 20.90, 22.27, 19.094, 3131, 4555, 6673, 7920, 8925, 9753, 10534, 13020, 36000, 25446, 1, 1, 471, 822, 1568, 2414, 3491, 3470, 3587, 3320, 10263, 956, 0, 0
15:33:19, 1026.20, 20.90, 22.25, 19.102, 3069, 4695, 6622, 7887, 10719, 11184, 13048, 15692, 36000, 22913, 1, 1, 361, 627, 1216, 1899, 3246, 3228, 3328, 3063, 9500, 865, 0, 0
15:33:20, 1026.50, 20.89, 22.27, 19.102, 3520, 5896, 8282, 9900, 12383, 12913, 15310, 17744, 36000, 19105, 1, 1, 373, 647, 1245, 1934, 3131, 3111, 3212, 2951, 9133, 837, 0, 0
15:33:20, 1028.20, 20.89, 22.28, 19.102, 3374, 5613, 7928, 9495, 11311, 11840, 14030, 16047, 36000, 16441, 1, 1, 377, 657, 1274, 1985, 3015, 3000, 3092, 2844, 8756, 794, 0, 0
15:33:21, 1030.10, 20.89, 22.27, 19.109, 2390, 3798, 5397, 6523, 10147, 10701, 12745, 14855, 36000, 10956, 1, 1, 345, 602, 1184, 1865, 2877, 2867, 2944, 2696, 8204, 723, 0, 0
15:33:22, 1030.40, 20.88, 22.27, 19.102, 2593, 3784, 5651, 6727, 9187, 9911, 11550, 13573, 36000, 13525, 1, 1, 365, 634, 1242, 1948, 2979, 2971, 3053, 2800, 8543, 752, 0, 0
15:33:22, 1031.00, 20.88, 22.28, 19.102, 2634, 3938, 5800, 7109, 8225, 9317, 10499, 12307, 36000, 11736, 1, 1, 353, 613, 1198, 1881, 2878, 2872, 2948, 2699, 8240, 725, 0, 0
15:33:23, 1030.80, 20.89, 22.28, 19.102, 2585, 4212, 5981, 7419, 8379, 9061, 10617, 12413, 36000, 11281, 1, 1, 359, 623, 1221, 1920, 2819, 2808, 2884, 2636, 8035, 705, 0, 0
15:33:24, 1030.30, 20.88, 22.28, 19.109, 2821, 4467, 6317, 7899, 7813, 8688, 9977, 11689, 36000, 11881, 1, 1, 376, 654, 1271, 1987, 2917, 2909, 2989, 2739, 8414, 742, 0, 0
15:33:24, 1035.20, 20.88, 22.30, 19.109, 2572, 4072, 5780, 7237, 7765, 8377, 9801, 11270, 36000, 8916, 1, 1, 381, 661, 1296, 2038, 2860, 2862, 2926, 2669, 8109, 703, 0, 0
15:33:25, 1033.80, 20.88, 22.25, 19.102, 2256, 3820, 5658, 6891, 8608, 9506, 11254, 12909, 36000, 7795, 1, 1, 353, 611, 1212, 1917, 2783, 2781, 2846, 2589, 7882, 683, 0, 0
15:33:26, 1032.00, 20.88, 22.27, 19.109, 2611, 4253, 6056, 7603, 9587, 10231, 11908, 14242, 36000, 9437, 1, 1, 377, 656, 1289, 2030, 2965, 2965, 3038, 2777, 8453, 738, 0, 0
15:33:26, 1031.20, 20.88, 22.30, 19.109, 2559, 4103, 5805, 7298, 7031, 7924, 8985, 10333, 36000, 9003, 1, 1, 382, 663, 1305, 2057, 2781, 2781, 2847, 2597, 7857, 683, 0, 0
15:33:27, 1029.60, 20.88, 22.30, 19.102, 2803, 4655, 6755, 8022, 10641, 11101, 12912, 15259, 36000, 11830, 1, 1, 385, 669, 1299, 2032, 2869, 2873, 2944, 2706, 8216, 736, 0, 0
15:33:28, 1030.60, 20.88, 22.28, 19.102, 2817, 4826, 6935, 8127, 9824, 10324, 12121, 14671, 36000, 9396, 1, 1, 394, 683, 1336, 2093, 2873, 2884, 2949, 2705, 8166, 724, 0, 0
15:33:28, 1030.60, 20.88, 22.25, 19.102, 3193, 5422, 7815, 9120, 9231, 9825, 11480, 13641, 36000, 9760, 1, 1, 404, 702, 1375, 2147, 3024, 3034, 3107, 2862, 8639, 764, 0, 0
15:33:29, 1030.40, 20.87, 22.30, 19.086, 3067, 5130, 7315, 8611, 8535, 9340, 10821, 12643, 35991, 10795, 0, 1, 410, 710, 1383, 2160, 3088, 3092, 3175, 2924, 8903, 785, 0, 0
15:33:30, 1028.70, 20.87, 22.28, 19.102, 3023, 4983, 7165, 8525, 8730, 9736, 11350, 13201, 36000, 14001, 1, 1, 398, 688, 1333, 2077, 3323, 3320, 3421, 3160, 9768, 886, 0, 0
15:33:30, 1030.90, 20.85, 22.32, 19.102, 3068, 5164, 7417, 8978, 9426, 10517, 11751, 14206, 36000, 16512, 1, 1, 398, 686, 1332, 2077, 3309, 3309, 3403, 3143, 9673, 881, 0, 0
15:33:31, 1030.50, 20.84, 22.32, 19.094, 2605, 4389, 6518, 7901, 9548, 9880, 11588, 13774, 36000, 9870, 1, 1, 353, 610, 1197, 1884, 2979, 2974, 3058, 2806, 8580, 776, 0, 0
15:33:32, 1029.20, 20.84, 22.32, 19.102, 2601, 4456, 6455, 7771, 10189, 10487, 12569, 14631, 36000, 9956, 1, 1, 342, 593, 1168, 1850, 3059, 3051, 3146, 2886, 8825, 809, 0, 0
15:33:32, 1028.90, 20.83, 22.32, 19.102, 2768, 4250, 6136, 7546, 10361, 10568, 12675, 14849, 36000, 12677, 1, 1, 371, 645, 1266, 1991, 2991, 2984, 3066, 2803, 8519, 751, 0, 0
15:33:33, 1030.50, 20.82, 22.28, 19.094, 2181, 2773, 4273, 5026, 7337, 8296, 9042, 11082, 36000, 14177, 1, 1, 380, 659, 1297, 2050, 2803, 2799, 2873, 2618, 7955, 692, 0, 0
15:33:34, 1034.30, 20.82, 22.30, 19.094, 2442, 3565, 5180, 6779, 6808, 7918, 8917, 10340, 36000, 9983, 1, 1, 389, 672, 1330, 2103, 2799, 2799, 2861, 2597, 7842, 677, 0, 0
15:33:34, 1040.80, 20.82, 22.28, 19.094, 2062, 3147, 4704, 6074, 6421, 7246, 8324, 9504, 34066, 6322, 0, 1, 347, 597, 1203, 1937, 2724, 2735, 2784, 2519, 7537, 636, 0, 0
15:33:35, 1046.70, 20.82, 22.30, 19.086, 1825, 2938, 4369, 5888, 6528, 7336, 8510, 9522, 28914, 4040, 0, 0, 324, 555, 1138, 1860, 2676, 2694, 2734, 2465, 7304, 607, 0, 0
15:33:36, 1050.20, 20.82, 22.32, 19.086, 1584, 2588, 3980, 5167, 6361, 7076, 8410, 9143, 25453, 3223, 0, 0, 301, 511, 1068, 1776, 2744, 2773, 2816, 2538, 7437, 612, 0, 0
15:33:36, 1051.90, 20.81, 22.32, 19.086, 1566, 2511, 3921, 5040, 6473, 7341, 8646, 9336, 28594, 3751, 0, 0, 317, 534, 1125, 1887, 3060, 3105, 3171, 2871, 8362, 688, 0, 0
15:33:37, 1054.30, 20.81, 22.28, 19.094, 1728, 2509, 4201, 5454, 7873, 9762, 10037, 12615, 36000, 6970, 1, 1, 376, 624, 1324, 2244, 3623, 3711, 3815, 3476, 9862, 811, 0, 0
15:33:38, 1059.80, 20.81, 22.34, 19.094, 1937, 3081, 4918, 6569, 9550, 10734, 11547, 14940, 36000, 7629, 1, 1, 436, 708, 1525, 2632, 4084, 4215, 4345, 3957, 11014, 904, 0, 0
15:33:38, 1064.50, 20.82, 22.35, 19.094, 2216, 3859, 6065, 8434, 11390, 12229, 14224, 17798, 36000, 7112, 1, 1, 477, 764, 1664, 2914, 4424, 4586, 4713, 4271, 11855, 969, 0, 0
15:33:39, 1068.80, 20.82, 22.32, 19.094, 3437, 5899, 9987, 13864, 10885, 11227, 13592, 15804, 36000, 4502, 1, 1, 469, 743, 1640, 2901, 4627, 4811, 4951, 4494, 12395, 1012, 0, 0
15:33:40, 1072.60, 20.81, 22.30, 19.094, 2343, 3928, 6804, 9263, 12237, 12662, 15384, 18371, 36000, 4559, 1, 1, 434, 680, 1516, 2712, 4500, 4696, 4836, 4394, 12021, 975, 0, 0
15:33:40, 1079.30, 20.81, 22.32, 19.094, 1734, 3258, 5315, 7663, 12709, 13962, 16738, 19826, 36000, 5162, 1, 1, 406, 630, 1410, 2551, 4363, 4571, 4695, 4241, 11617, 945, 0, 0
15:33:41, 1086.10, 20.80, 22.30, 19.094, 1473, 2437, 4398, 6419, 10487, 11216, 13381, 15074, 35316, 2958, 0, 1, 324, 486, 1115, 2085, 3685, 3875, 3965, 3550, 9553, 775, 0, 0
15:33:42, 1090.70, 20.80, 22.34, 19.094, 1143, 1807, 3330, 4982, 9632, 10313, 12262, 14411, 33982, 2954, 0, 1, 311, 458, 1058, 2004, 3385, 3573, 3649, 3252, 8730, 706, 0, 0
15:33:42, 1093.30, 20.78, 22.34, 19.094, 1184, 2044, 3706, 5586, 7527, 8192, 9556, 10838, 28038, 2401, 0, 0, 304, 445, 1034, 1967, 3372, 3564, 3631, 3226, 8699, 706, 0, 0
15:33:43, 1096.30, 20.78, 22.34, 19.094, 1288, 2147, 3854, 5945, 7155, 7934, 9160, 10616, 27765, 2473, 0, 0, 304, 442, 1029, 1966, 3393, 3590, 3656, 3248, 8740, 709, 0, 0
15:33:44, 1106.40, 20.77, 22.34, 19.094, 858, 1318, 2565, 3899, 6468, 7426, 8249, 9925, 27951, 2583, 0, 0, 261, 369, 871, 1704, 2837, 3016, 3066, 2702, 7188, 579, 0, 0
15:33:44, 1110.60, 20.76, 22.32, 19.086, 921, 1520, 2979, 4730, 6438, 7171, 8311, 9634, 25279, 2159, 0, 0, 227, 312, 744, 1484, 2605, 2782, 2821, 2474, 6553, 528, 0, 0
15:33:45, 1115.90, 20.75, 22.34, 19.086, 970, 1566, 3132, 5044, 5937, 6737, 7648, 8681, 23209, 1917, 0, 0, 214, 290, 695, 1402, 2532, 2712, 2746, 2404, 6357, 514, 0, 0
15:33:46, 1122.70, 20.75, 22.30, 19.086, 810, 1277, 2613, 4252, 5725, 6520, 7384, 8234, 21702, 1747, 0, 0, 197, 262, 632, 1291, 2322, 2502, 2537, 2221, 5762, 466, 0, 0
15:33:46, 1130.40, 20.74, 22.34, 19.086, 641, 936, 1958, 3211, 4413, 5120, 5707, 6222, 17031, 1352, 0, 0, 194, 253, 610, 1260, 2222, 2411, 2440, 2133, 5458, 443, 0, 0
15:33:47, 1137.30, 20.73, 22.32, 19.086, 545, 894, 1870, 3133, 5003, 5589, 6551, 7065, 16488, 1243, 0, 0, 176, 225, 544, 1142, 2084, 2276, 2311, 2020, 5095, 413, 0, 0
15:33:48, 1140.60, 20.72, 22.37, 19.086, 438, 714, 1532, 2615, 4488, 5067, 5843, 6202, 13976, 1029, 0, 0, 160, 201, 487, 1037, 2000, 2190, 2226, 1943, 4877, 395, 0, 0
15:33:48, 1142.20, 20.73, 22.32, 19.086, 486, 759, 1610, 2790, 3761, 4283, 4820, 5047, 13073, 1000, 0, 0, 161, 199, 485, 1034, 1983, 2170, 2202, 1915, 4844, 392, 0, 0
15:33:49, 1144.30, 20.72, 22.35, 19.086, 457, 703, 1519, 2631, 3892, 4425, 4982, 5255, 13954, 1079, 0, 0, 152, 188, 458, 982, 1906, 2087, 2117, 1837, 4638, 375, 0, 0
15:33:50, 1145.00, 20.73, 22.32, 19.086, 448, 678, 1470, 2554, 4197, 4801, 5419, 5847, 15164, 1189, 0, 0, 151, 185, 452, 970, 1878, 2057, 2091, 1814, 4570, 368, 0, 0
15:33:50, 1145.50, 20.73, 22.34, 19.086, 419, 617, 1345, 2327, 3824, 4389, 4864, 5210, 14425, 1138, 0, 0, 148, 182, 442, 952, 1824, 2001, 2038, 1767, 4421, 355, 0, 0
15:33:51, 1144.80, 20.73, 22.37, 19.086, 406, 610, 1328, 2311, 3780, 4304, 4803, 5155, 14413, 1153, 0, 0, 148, 182, 443, 953, 1827, 2003, 2042, 1774, 4435, 356, 0, 0
15:33:52, 1144.50, 20.74, 22.35, 19.094, 429, 643, 1396, 2415, 3753, 4316, 4789, 5224, 14766, 1215, 0, 0, 154, 190, 461, 988, 1872, 2049, 2085, 1812, 4554, 367, 0, 0
15:33:52, 1145.90, 20.74, 22.37, 19.102, 376, 546, 1210, 2073, 3532, 4055, 4481, 4798, 13544, 1084, 0, 0, 147, 180, 436, 942, 1787, 1960, 1995, 1735, 4314, 348, 0, 0
15:33:53, 1145.60, 20.74, 22.34, 19.102, 361, 546, 1194, 2074, 3348, 3840, 4258, 4521, 12467, 986, 0, 0, 150, 184, 447, 962, 1807, 1983, 2013, 1750, 4367, 354, 0, 0
15:33:54, 1145.80, 20.74, 22.34, 19.094, 402, 599, 1287, 2242, 3674, 4251, 4790, 5137, 13041, 1010, 0, 0, 150, 184, 446, 961, 1810, 1987, 2015, 1752, 4373, 355, 0, 0
15:33:54, 1146.40, 20.73, 22.35, 19.102, 357, 533, 1160, 2026, 3471, 3971, 4466, 4712, 12017, 930, 0, 0, 149, 182, 441, 952, 1793, 1974, 2003, 1745, 4316, 350, 0, 0
15:33:55, 1144.30, 20.73, 22.35, 19.102, 366, 564, 1225, 2133, 3359, 3832, 4332, 4580, 11635, 896, 0, 0, 153, 188, 455, 980, 1863, 2046, 2078, 1810, 4509, 365, 0, 0
15:33:56, 1135.20, 20.72, 22.37, 19.102, 455, 695, 1485, 2588, 3695, 4257, 4809, 5059, 12849, 973, 0, 0, 156, 195, 473, 1009, 1961, 2135, 2166, 1881, 4761, 384, 0, 0
15:33:56, 1123.70, 20.72, 22.34, 19.094, 579, 869, 1844, 3108, 4105, 4723, 5249, 5601, 14882, 1151, 0, 0, 172, 221, 537, 1123, 2133, 2301, 2326, 2019, 5232, 421, 0, 0
15:33:57, 1114.50, 20.72, 22.35, 19.094, 756, 1194, 2446, 3927, 5513, 6283, 6972, 7748, 21284, 1705, 0, 0, 205, 278, 666, 1348, 2428, 2596, 2625, 2290, 6045, 487, 0, 0
15:33:58, 1118.60, 20.71, 22.35, 19.102, 745, 1145, 2315, 3689, 5638, 6370, 7148, 8158, 23980, 2054, 0, 0, 205, 274, 660, 1343, 2310, 2479, 2505, 2183, 5719, 461, 0, 0
15:33:58, 1116.20, 20.71, 22.34, 19.102, 733, 1236, 2495, 4049, 6156, 6882, 7995, 8965, 23039, 1843, 0, 0, 194, 260, 624, 1269, 2284, 2450, 2482, 2169, 5674, 458, 0, 0
15:33:59, 1118.10, 20.70, 22.39, 19.102, 548, 912, 1812, 2919, 4378, 4999, 5491, 6299, 19365, 1652, 0, 0, 207, 277, 664, 1350, 2306, 2479, 2500, 2183, 5724, 463, 0, 0
15:33:00, 1119.60, 20.70, 22.37, 19.094, 607, 1021, 2028, 3292, 4747, 5485, 6133, 6891, 18994, 1531, 0, 0, 197, 262, 630, 1288, 2205, 2371, 2399, 2095, 5460, 440, 0, 0
15:34:00, 1119.30, 20.69, 22.35, 19.094, 526, 855, 1711, 2785, 3834, 4506, 4887, 5492, 16458, 1376, 0, 0, 205, 272, 656, 1341, 2327, 2498, 2520, 2194, 5796, 467, 0, 0
15:34:01, 1119.60, 20.68, 22.39, 19.094, 514, 814, 1667, 2702, 3836, 4519, 4792, 5421, 16685, 1420, 0, 0, 205, 272, 655, 1342, 2389, 2563, 2590, 2255, 5976, 481, 0, 0
15:34:02, 1119.80, 20.68, 22.39, 19.086, 586, 937, 1928, 3124, 4405, 5181, 5655, 6456, 18309, 1553, 0, 0, 195, 258, 622, 1279, 2316, 2485, 2506, 2180, 5738, 462, 0, 0
15:34:02, 1120.90, 20.67, 22.34, 19.102, 677, 1084, 2212, 3577, 4404, 5237, 5685, 6366, 18144, 1499, 0, 0, 199, 262, 634, 1304, 2333, 2507, 2525, 2195, 5783, 468, 0, 0
15:34:03, 1121.10, 20.67, 22.41, 19.102, 741, 1206, 2463, 4016, 4544, 5161, 5763, 6254, 17078, 1350, 0, 0, 195, 258, 622, 1280, 2307, 2480, 2500, 2177, 5699, 461, 0, 0
15:34:03, 1119.60, 20.67, 22.37, 19.094, 679, 1122, 2244, 3698, 4448, 4960, 5678, 6132, 16272, 1282, 0, 0, 200, 264, 637, 1309, 2359, 2534, 2557, 2230, 5863, 474, 0, 0
15:34:04, 1119.00, 20.67, 22.41, 19.094, 645, 998, 2027, 3355, 4561, 5593, 6060, 6840, 19169, 1545, 0, 0, 215, 287, 690, 1404, 2485, 2663, 2691, 2348, 6203, 501, 0, 0
15:34:05, 1112.00, 20.68, 22.37, 19.094, 694, 1144, 2309, 3769, 4379, 4895, 5573, 5980, 15584, 1217, 0, 0, 204, 273, 657, 1336, 2428, 2593, 2626, 2287, 6029, 485, 0, 0
15:34:05, 1103.50, 20.67, 22.42, 19.094, 863, 1391, 2771, 4337, 6246, 6835, 7873, 8953, 24449, 2080, 0, 0, 237, 331, 787, 1552, 2737, 2904, 2943, 2579, 6910, 556, 0, 0
15:34:06, 1101.80, 20.67, 22.37, 19.094, 1041, 1644, 3225, 4957, 7297, 8256, 9137, 10736, 32329, 2910, 0, 0, 233, 329, 778, 1530, 2714, 2872, 2912, 2554, 6860, 552, 0, 0
15:34:07, 1101.00, 20.66, 22.41, 19.094, 1050, 1837, 3484, 5594, 6448, 7110, 8084, 9144, 29774, 2546, 0, 0, 232, 327, 776, 1523, 2674, 2824, 2874, 2518, 6673, 533, 0, 0
15:34:07, 1100.30, 20.66, 22.39, 19.086, 1034, 1752, 3285, 5185, 7668, 8495, 9694, 11516, 36000, 3448, 1, 1, 245, 349, 826, 1612, 2788, 2942, 2989, 2619, 6934, 554, 0, 0
15:34:08, 1101.40, 20.66, 22.37, 19.086, 970, 1564, 3039, 4595, 6371, 7082, 7763, 9151, 32583, 3037, 0, 1, 253, 360, 852, 1665, 2802, 2963, 3013, 2645, 6995, 558, 0, 0
15:34:09, 1100.30, 20.66, 22.39, 19.094, 866, 1374, 2689, 4009, 5236, 5771, 6316, 7409, 27634, 2650, 0, 0, 278, 400, 939, 1816, 2983, 3152, 3205, 2825, 7482, 599, 0, 0
15:34:09, 1101.40, 20.66, 22.39, 19.086, 877, 1350, 2676, 3987, 5849, 6717, 6922, 8597, 30432, 3071, 0, 0, 279, 399, 938, 1820, 3019, 3191, 3243, 2854, 7580, 605, 0, 0
15:34:10, 1100.50, 20.66, 22.34, 19.086, 920, 1474, 2855, 4337, 5976, 6741, 7306, 8476, 27290, 2540, 0, 0, 275, 395, 929, 1800, 3061, 3234, 3281, 2883, 7659, 612, 0, 0
15:34:11, 1100.20, 20.66, 22.39, 19.086, 1205, 1972, 3725, 5716, 6273, 7053, 7698, 8968, 28729, 2672, 0, 0, 274, 393, 925, 1795, 3056, 3230, 3274, 2880, 7637, 612, 0, 0
15:34:11, 1100.10, 20.67, 22.34, 19.086, 947, 1503, 2898, 4399, 6396, 7091, 8033, 9168, 26637, 2411, 0, 0, 277, 397, 935, 1813, 3054, 3229, 3267, 2871, 7614, 611, 0, 0
15:34:12, 1099.50, 20.67, 22.37, 19.086, 956, 1514, 2913, 4477, 7791, 8764, 9948, 11417, 30396, 2625, 0, 0, 282, 405, 952, 1843, 3176, 3358, 3401, 2999, 8008, 644, 0, 0
15:34:13, 1099.30, 20.68, 22.42, 19.094, 931, 1567, 2973, 4609, 7286, 8261, 9555, 10779, 26802, 2203, 0, 0, 281, 404, 950, 1835, 3182, 3366, 3413, 3009, 8019, 646, 0, 0
15:34:13, 1099.20, 20.68, 22.42, 19.094, 1080, 1776, 3344, 5180, 6838, 7606, 8789, 9695, 24361, 1952, 0, 0, 275, 395, 928, 1798, 3132, 3316, 3358, 2960, 7878, 635, 0, 0
15:34:14, 1099.00, 20.69, 22.44, 19.094, 945, 1570, 2925, 4528, 7113, 7968, 9131, 10446, 26797, 2245, 0, 0, 272, 390, 918, 1779, 3084, 3266, 3313, 2926, 7743, 624, 0, 0
15:34:15, 1099.80, 20.69, 22.39, 19.102, 1066, 1619, 3110, 4804, 6299, 7438, 8034, 9459, 26835, 2466, 0, 0, 275, 394, 926, 1795, 3050, 3228, 3276, 2890, 7697, 619, 0, 0
15:34:15, 1096.30, 20.70, 22.39, 19.102, 1225, 1930, 3720, 5683, 7188, 8036, 9181, 10583, 28104, 2456, 0, 0, 268, 385, 907, 1753, 3119, 3292, 3350, 2958, 7947, 637, 0, 0
15:34:16, 1092.70, 20.69, 22.42, 19.102, 1067, 1750, 3335, 5027, 6485, 7296, 8195, 9391, 25761, 2297, 0, 0, 279, 405, 947, 1813, 3156, 3324, 3387, 2993, 8015, 641, 0, 0
15:34:17, 1089.10, 20.69, 22.37, 19.102, 1214, 1910, 3662, 5392, 5986, 6675, 7517, 8384, 23825, 2131, 0, 0, 302, 446, 1033, 1946, 3315, 3487, 3554, 3154, 8492, 680, 0, 0
15:34:17, 1084.30, 20.68, 22.41, 19.102, 1115, 1841, 3304, 4915, 8847, 9983, 11386, 13538, 36000, 3863, 1, 1, 323, 484, 1113, 2081, 3470, 3640, 3714, 3304, 8934, 718, 0, 0
15:34:18, 1077.80, 20.68, 22.41, 19.102, 1615, 2622, 4562, 6597, 8180, 9225, 10114, 12354, 36000, 4659, 1, 1, 354, 542, 1228, 2251, 3723, 3891, 3989, 3581, 9806, 792, 0, 0
15:34:19, 1071.50, 20.67, 22.41, 19.086, 1465, 2483, 4338, 6172, 9656, 10941, 11517, 14365, 36000, 5598, 1, 1, 381, 592, 1325, 2400, 3939, 4099, 4215, 3799, 10512, 852, 0, 0
15:34:19, 1062.00, 20.67, 22.41, 19.102, 1987, 3390, 5720, 8077, 17450, 17958, 22332, 26965, 36000, 9122, 1, 1, 431, 686, 1509, 2663, 4308, 4464, 4612, 4181, 11575, 941, 0, 0
15:34:20, 1061.00, 20.66, 22.39, 19.102, 3015, 5784, 8502, 12073, 13031, 13580, 16489, 20226, 36000, 7036, 1, 1, 480, 773, 1681, 2924, 4595, 4750, 4915, 4459, 12503, 1018, 0, 0
15:34:21, 1056.20, 20.66, 22.41, 19.094, 2858, 4769, 7654, 10900, 15264, 15346, 19017, 23034, 36000, 7088, 1, 1, 511, 833, 1797, 3087, 4900, 5061, 5239, 4781, 13272, 1085, 0, 0
15:34:21, 1052.70, 20.65, 22.39, 19.094, 2845, 4109, 6881, 9315, 13033, 15182, 16922, 21415, 36000, 9132, 1, 1, 546, 896, 1905, 3254, 5203, 5362, 5576, 5099, 14363, 1185, 0, 0
15:34:22, 1044.90, 20.65, 22.41, 19.094, 4864, 5127, 8827, 14010, 10819, 15416, 16923, 18471, 36000, 8686, 1, 1, 653, 1084, 2249, 3735, 5758, 5927, 6159, 5689, 16005, 1350, 0, 0
15:34:23, 1036.10, 20.64, 22.41, 19.102, 3615, 5543, 7792, 10646, 11027, 17436, 17098, 21075, 36000, 13780, 1, 1, 747, 1258, 2530, 4107, 6240, 6401, 6693, 6249, 18011, 1578, 0, 0
15:34:23, 1030.60, 20.64, 22.44, 19.102, 4635, 7935, 10109, 13697, 18113, 21409, 22430, 30914, 36000, 18076, 1, 1, 749, 1264, 2518, 4025, 5775, 5896, 6172, 5736, 16658, 1493, 0, 0
15:34:24, 1022.30, 20.63, 22.42, 19.102, 5275, 9475, 14107, 13819, 29213, 26492, 33094, 35883, 36000, 34004, 1, 1, 784, 1334, 2579, 4039, 5761, 5870, 6186, 5791, 17283, 1670, 0, 0
15:34:25, 1021.90, 20.63, 22.41, 19.102, 6713, 11422, 16769, 18252, 28156, 27055, 32998, 36000, 36000, 36000, 1, 1, 902, 1530, 2944, 4580, 6241, 6334, 6686, 6270, 18668, 1820, 0, 0
15:34:25, 1022.00, 20.63, 22.42, 19.102, 4900, 9335, 11318, 13859, 24695, 24567, 31371, 35073, 36000, 35304, 1, 1, 899, 1530, 2947, 4572, 6439, 6540, 6902, 6511, 19282, 1881, 0, 0
15:34:26, 1023.80, 20.63, 22.44, 19.102, 8152, 14328, 19328, 21194, 15657, 17653, 17154, 22412, 36000, 34717, 1, 1, 1108, 1889, 3594, 5553, 6326, 6418, 6793, 6430, 18870, 1852, 0, 0
15:34:27, 1019.60, 20.61, 22.44, 19.109, 8418, 6456, 14055, 12657, 23105, 24543, 25717, 33086, 36000, 36000, 1, 1, 954, 1635, 3142, 4885, 6840, 6946, 7387, 7088, 21058, 2373, 0, 0
15:34:27, 1020.10, 20.60, 22.44, 19.109, 9012, 17530, 18470, 24021, 28753, 29108, 35431, 36000, 36000, 36000, 1, 1, 2224, 3816, 5807, 7791, 10103, 10692, 11859, 13155, 35952, 11346, 0, 1
15:34:28, 1019.40, 20.56, 22.41, 19.117, 8321, 13318, 19028, 21838, 23685, 20334, 16952, 26356, 36000, 36000, 1, 1, 3709, 6000, 9345, 11868, 16742, 18064, 23155, 26326, 36000, 30405, 1, 1
15:34:29, 1019.60, 20.55, 22.44, 19.156, 9809, 17433, 23446, 30167, 35996, 35742, 36000, 36000, 36000, 36000, 1, 1, 5937, 9420, 13084, 17647, 20457, 22498, 28975, 34029, 36000, 36000, 1, 1
15:34:29, 1019.30, 20.54, 22.46, 19.156, 5289, 5753, 10430, 8809, 6541, 6598, 7667, 8750, 36000, 30617, 1, 1, 8960, 14201, 19722, 24889, 32585, 35997, 36000, 36000, 36000, 36000, 1, 1
15:34:30, 1019.40, 20.54, 22.48, 19.180, 9879, 16182, 22816, 27872, 16830, 11158, 19065, 17735, 36000, 36000, 1, 1, 8931, 13289, 19032, 23802, 32236, 35733, 36000, 36000, 36000, 36000, 1, 1
