Secchi Depth (cm) = 0025
Forel Ule Scale = 17
pH Colour Scale = 99
SensingSecchi S/N = A016
Latitude (degs N) = 34.13906
Longitude (degs E) = -77.86411
Date = 2026-04-15
Time (UTC), Pressure (mbar) MS5803, Temp (deg C) MS5803, Temp (deg C) 10KTHERM, Temp (deg C) TMP117, ED 415nm, ED 445nm, ED 480nm, ED 515nm, ED 555nm, ED 590nm, ED 630nm, ED 680nm, ED Clear, ED NIR, ED D-SAT, ED A-SAT, EU 415nm, EU 445nm, EU 480nm, EU 515nm, EU 555nm, EU 590nm, EU 630nm, EU 680nm, EU Clear, EU NIR, EU D-SAT, EU A-SAT
15:55:33, 1015.60, 23.76, 24.62, 22.883, 2452, 2586, 4512, 3896, 5168, 4690, 5064, 5589, 36000, 35995, 1, 1, 3757, 5425, 7004, 8430, 10099, 12917, 17034, 23767, 36000, 36000, 1, 1
15:55:33, 1015.40, 23.76, 24.60, 22.969, 2432, 2732, 4955, 3991, 5654, 4374, 5499, 5574, 36000, 36000, 1, 1, 3965, 5737, 7435, 8890, 10630, 13554, 17717, 24798, 36000, 36000, 1, 1
15:55:34, 1015.60, 23.77, 24.62, 23.094, 3850, 3011, 7462, 4167, 12811, 7986, 8063, 9706, 36000, 36000, 1, 1, 4250, 6313, 8107, 9815, 11533, 14557, 19255, 27231, 36000, 36000, 1, 1
15:55:35, 1015.60, 23.78, 24.62, 23.094, 2758, 2837, 5561, 4013, 5446, 4489, 5116, 5721, 36000, 36000, 1, 1, 3929, 5603, 7333, 8713, 10621, 13176, 18084, 24631, 36000, 36000, 1, 1
15:55:35, 1015.80, 23.78, 24.59, 23.164, 4006, 2708, 6325, 3935, 7106, 6702, 5195, 7643, 36000, 36000, 1, 1, 3826, 5468, 7090, 8506, 10002, 12753, 16905, 24147, 36000, 36000, 1, 1
15:55:36, 1015.50, 23.79, 24.60, 23.242, 3320, 2684, 5306, 3945, 4143, 4055, 4495, 4823, 26257, 12582, 0, 0, 3361, 4969, 6134, 7340, 8618, 10581, 14657, 21173, 36000, 36000, 1, 1
15:55:37, 1015.50, 23.79, 24.59, 23.242, 2059, 2577, 3850, 3866, 6105, 5284, 5149, 6055, 36000, 36000, 1, 1, 4098, 6012, 7713, 9352, 11135, 13997, 18737, 26313, 36000, 36000, 1, 1
15:55:37, 1015.60, 23.79, 24.59, 23.273, 9585, 3090, 10718, 4341, 8057, 8804, 5582, 8692, 36000, 36000, 1, 1, 4139, 6064, 7813, 9645, 11181, 13910, 18878, 25702, 36000, 36000, 1, 1
15:55:38, 1015.30, 23.79, 24.57, 23.328, 6360, 3071, 9478, 4285, 10963, 5281, 8372, 6920, 36000, 36000, 1, 1, 3818, 5700, 7169, 8882, 9360, 11875, 16343, 21660, 36000, 36000, 1, 1
15:55:39, 1015.00, 23.80, 24.60, 23.328, 1417, 2138, 2868, 3228, 2785, 2886, 3235, 3416, 13152, 3847, 0, 0, 4475, 6561, 8587, 10522, 17173, 20244, 25166, 32484, 36000, 36000, 1, 1
15:55:39, 1014.80, 23.82, 24.59, 23.344, 9338, 14208, 17945, 23196, 3323, 10897, 3726, 7449, 9888, 5609, 0, 0, 3753, 6141, 8515, 11292, 14321, 15746, 18275, 21598, 36000, 30853, 1, 1
15:55:40, 1015.00, 23.81, 24.53, 23.195, 17375, 25561, 35818, 36000, 36000, 36000, 36000, 36000, 36000, 36000, 1, 1, 4462, 7061, 10146, 12708, 12617, 13942, 16840, 20748, 36000, 33247, 1, 1
15:55:41, 1015.40, 23.83, 24.57, 23.195, 6536, 13432, 20355, 24561, 31896, 35386, 36000, 36000, 36000, 36000, 1, 1, 2339, 4042, 5701, 7771, 11377, 12492, 15429, 17867, 36000, 21863, 1, 1
15:55:41, 1015.70, 23.83, 24.53, 23.055, 11552, 24336, 27477, 36000, 36000, 36000, 36000, 36000, 36000, 36000, 1, 1, 6197, 8640, 14588, 15488, 10653, 10945, 13309, 14726, 36000, 16529, 1, 1
15:55:42, 1021.10, 23.84, 24.55, 23.055, 10184, 14460, 17232, 25595, 36000, 35647, 36000, 36000, 36000, 36000, 1, 1, 1075, 1704, 3052, 4678, 6367, 7084, 8397, 9012, 22354, 2904, 0, 0
15:55:43, 1029.80, 23.81, 24.59, 22.844, 7792, 12301, 15965, 19091, 27685, 28486, 30930, 32147, 36000, 23794, 1, 1, 771, 1208, 2224, 3526, 4450, 5017, 5951, 6394, 14746, 1740, 0, 0
15:55:43, 1025.60, 23.78, 24.53, 22.625, 4378, 7388, 11572, 14229, 22750, 25813, 27932, 31975, 30975, 6038, 0, 0, 601, 921, 1730, 2819, 4529, 5107, 6045, 6511, 14915, 1785, 0, 0
15:55:44, 1026.90, 23.76, 24.57, 22.625, 9027, 15003, 21125, 25632, 23053, 25007, 25576, 30889, 27269, 7174, 0, 0, 615, 948, 1771, 2871, 4256, 4812, 5688, 6132, 13436, 1551, 0, 0
15:55:45, 1025.20, 23.74, 24.53, 22.570, 6884, 11382, 16630, 21328, 26046, 26696, 29815, 31708, 24534, 5404, 0, 0, 645, 1001, 1862, 3005, 4650, 5246, 6205, 6667, 14599, 1703, 0, 0
15:55:45, 1021.60, 23.73, 24.59, 22.539, 5357, 11103, 13022, 19369, 19790, 21701, 23051, 27624, 17120, 4378, 0, 0, 781, 1226, 2257, 3577, 5521, 6185, 7299, 7832, 17622, 2163, 0, 0
15:55:46, 1024.40, 23.73, 24.52, 22.539, 6497, 9536, 13561, 14682, 19255, 25643, 22643, 31011, 12888, 3587, 0, 0, 769, 1208, 2208, 3491, 5236, 5877, 6953, 7451, 17289, 2110, 0, 0
15:55:47, 1028.70, 23.72, 24.52, 22.531, 5836, 11145, 15669, 21359, 27599, 30659, 29696, 33362, 21012, 4493, 0, 1, 609, 935, 1750, 2836, 4430, 5020, 5959, 6403, 14561, 1718, 0, 0
15:55:47, 1025.00, 23.71, 24.53, 22.531, 8332, 14954, 21375, 26003, 26704, 27805, 27285, 34256, 23589, 5147, 0, 1, 669, 1044, 1917, 3053, 4704, 5287, 6242, 6724, 15814, 1939, 0, 0
15:55:48, 1026.60, 23.71, 24.52, 22.531, 6260, 10889, 15766, 19036, 14581, 18048, 18158, 24236, 15417, 3018, 0, 0, 574, 880, 1645, 2667, 4400, 4963, 5867, 6326, 14758, 1769, 0, 0
15:55:49, 1027.70, 23.70, 24.52, 22.516, 6611, 10946, 15976, 18950, 23800, 29126, 29388, 35093, 24929, 5170, 0, 1, 681, 1058, 1956, 3116, 4985, 5609, 6625, 7141, 16885, 2054, 0, 0
15:55:49, 1030.40, 23.70, 24.52, 22.516, 6111, 10151, 15038, 17732, 16453, 19710, 20547, 25856, 26004, 4438, 0, 0, 629, 964, 1809, 2924, 4500, 5088, 6032, 6492, 15205, 1783, 0, 0
15:55:50, 1027.50, 23.69, 24.53, 22.516, 4979, 9204, 14347, 16655, 20169, 22777, 23973, 28983, 34819, 6429, 0, 1, 661, 1021, 1909, 3076, 4649, 5234, 6206, 6658, 15876, 1869, 0, 0
15:55:51, 1026.60, 23.69, 24.53, 22.500, 5041, 9379, 14494, 17357, 21153, 22950, 25087, 35941, 36000, 12304, 1, 1, 720, 1117, 2074, 3314, 5246, 5874, 6972, 7497, 18305, 2215, 0, 0
15:55:51, 1029.40, 23.69, 24.52, 22.500, 4922, 8442, 13131, 15567, 25082, 25600, 28613, 33647, 36000, 22777, 1, 1, 703, 1085, 2027, 3251, 4678, 5256, 6251, 6709, 16237, 1900, 0, 0
15:55:52, 1028.90, 23.68, 24.48, 22.500, 5674, 10089, 13841, 17178, 15837, 15862, 20650, 24291, 36000, 16581, 1, 1, 690, 1063, 1996, 3189, 4728, 5302, 6305, 6758, 16554, 1941, 0, 0
15:55:53, 1029.00, 23.68, 24.48, 22.492, 4746, 8590, 12396, 16472, 22480, 22256, 28891, 33839, 36000, 26119, 1, 1, 744, 1154, 2158, 3435, 5009, 5601, 6657, 7133, 17566, 2037, 0, 0
15:55:53, 1030.50, 23.68, 24.48, 22.500, 5092, 8800, 11177, 15372, 21783, 21478, 27031, 31682, 36000, 32223, 1, 1, 800, 1245, 2329, 3704, 5044, 5643, 6719, 7184, 17616, 1993, 0, 0
15:55:54, 1030.40, 23.68, 24.48, 22.500, 4175, 7431, 10278, 13665, 18303, 19109, 21008, 27197, 36000, 29586, 1, 1, 748, 1164, 2181, 3484, 4967, 5562, 6627, 7074, 17158, 1908, 0, 0
15:55:55, 1030.80, 23.68, 24.53, 22.516, 4519, 8638, 11443, 17662, 18569, 20200, 20868, 28178, 36000, 34513, 1, 1, 756, 1182, 2205, 3489, 4699, 5265, 6285, 6712, 16266, 1814, 0, 0
15:55:55, 1023.60, 23.68, 24.48, 22.539, 5085, 10375, 14006, 18383, 19379, 20922, 23507, 32538, 36000, 35647, 1, 1, 784, 1238, 2286, 3560, 5393, 5960, 7076, 7546, 19016, 2260, 0, 0
15:55:56, 1021.20, 23.68, 24.48, 22.539, 6329, 12013, 21488, 21224, 26421, 26237, 26997, 35620, 36000, 36000, 1, 1, 984, 1584, 2838, 4276, 5937, 6507, 7690, 8244, 21721, 2821, 0, 0
15:55:57, 1023.20, 23.68, 24.48, 22.555, 4355, 7519, 9745, 13050, 18938, 20548, 20505, 24298, 36000, 29118, 1, 1, 856, 1361, 2492, 3846, 5688, 6275, 7444, 7959, 20240, 2474, 0, 0
15:55:57, 1026.10, 23.68, 24.45, 22.570, 6043, 10090, 13246, 16060, 19367, 22521, 22826, 32205, 36000, 34939, 1, 1, 871, 1378, 2529, 3917, 5538, 6130, 7297, 7792, 19317, 2321, 0, 0
15:55:58, 1028.30, 23.68, 24.48, 22.570, 4650, 8605, 11465, 15251, 20235, 24816, 25814, 30986, 36000, 30919, 1, 1, 708, 1103, 2061, 3284, 5155, 5743, 6852, 7331, 17939, 2109, 0, 0
15:55:59, 1026.40, 23.68, 24.48, 22.578, 5204, 10870, 13432, 19210, 18899, 25745, 21741, 33584, 36000, 34790, 1, 1, 754, 1183, 2197, 3462, 5467, 6060, 7231, 7738, 19019, 2260, 0, 0
15:55:59, 1028.10, 23.68, 24.46, 22.578, 4586, 9192, 12453, 15813, 17945, 26048, 23835, 33124, 36000, 34210, 1, 1, 833, 1316, 2426, 3771, 5398, 5988, 7132, 7658, 19006, 2274, 0, 0
15:56:00, 1029.70, 23.68, 24.48, 22.586, 6199, 10925, 14484, 19584, 13035, 16618, 15605, 24178, 36000, 22975, 1, 1, 677, 1055, 1974, 3157, 4853, 5407, 6449, 6927, 16866, 1988, 0, 0
15:56:01, 1029.00, 23.68, 24.48, 22.570, 5044, 10106, 12955, 18316, 16853, 20882, 21102, 29501, 36000, 27964, 1, 1, 711, 1113, 2074, 3286, 4685, 5215, 6218, 6671, 16067, 1890, 0, 0
15:56:01, 1030.00, 23.67, 24.48, 22.570, 3600, 6853, 9398, 13020, 17436, 18585, 25331, 28179, 36000, 34803, 1, 1, 655, 1016, 1906, 3052, 4686, 5226, 6235, 6702, 15929, 1859, 0, 0
15:56:02, 1030.00, 23.67, 24.48, 22.555, 3693, 6540, 9849, 12247, 26260, 28122, 30212, 33075, 36000, 33739, 1, 1, 675, 1056, 1975, 3145, 4446, 4962, 5916, 6323, 14618, 1702, 0, 0
15:56:03, 1029.40, 23.67, 24.52, 22.539, 3598, 6761, 10094, 12405, 13299, 16218, 18228, 23784, 36000, 26145, 1, 1, 673, 1054, 1968, 3116, 4502, 5009, 5966, 6381, 14879, 1747, 0, 0
15:56:03, 1028.90, 23.67, 24.50, 22.539, 2726, 5758, 7923, 11642, 18370, 19959, 21701, 25347, 36000, 23276, 1, 1, 618, 964, 1807, 2880, 4551, 5058, 6023, 6435, 15073, 1791, 0, 0
15:56:04, 1029.00, 23.67, 24.45, 22.516, 4017, 7881, 11920, 15288, 14543, 14960, 20611, 21954, 36000, 23685, 1, 1, 596, 927, 1742, 2787, 4415, 4917, 5857, 6274, 14356, 1681, 0, 0
15:56:05, 1030.50, 23.67, 24.46, 22.523, 4322, 7722, 12572, 14912, 16136, 17440, 20712, 24838, 36000, 24468, 1, 1, 585, 908, 1704, 2733, 4156, 4650, 5541, 5936, 13178, 1522, 0, 0
15:56:05, 1030.80, 23.68, 24.43, 22.523, 3450, 5947, 9115, 10411, 20185, 20997, 28353, 28222, 36000, 31487, 1, 1, 575, 891, 1674, 2688, 4050, 4536, 5406, 5794, 12679, 1448, 0, 0
15:56:06, 1029.40, 23.68, 24.48, 22.539, 3419, 6356, 9567, 12906, 15202, 16183, 19828, 25030, 36000, 22312, 1, 1, 574, 893, 1672, 2669, 3952, 4422, 5251, 5612, 12205, 1406, 0, 0
15:56:07, 1030.40, 23.68, 24.45, 22.547, 2974, 5584, 8149, 10544, 13146, 13800, 18590, 20667, 36000, 18241, 1, 1, 570, 887, 1661, 2661, 3990, 4474, 5313, 5687, 12188, 1389, 0, 0
15:56:07, 1029.60, 23.68, 24.48, 22.547, 3369, 6053, 9343, 11419, 12393, 13304, 16848, 19428, 36000, 14674, 1, 1, 543, 843, 1582, 2549, 3966, 4439, 5274, 5638, 12172, 1389, 0, 0
15:56:08, 1029.60, 23.68, 24.46, 22.555, 3100, 6024, 9144, 11116, 19298, 19972, 24129, 29448, 36000, 23261, 1, 1, 549, 849, 1596, 2583, 4050, 4539, 5390, 5767, 12438, 1445, 0, 0
15:56:08, 1030.30, 23.69, 24.48, 22.570, 3337, 6722, 9549, 12668, 15816, 16596, 20469, 29563, 36000, 20204, 1, 1, 559, 863, 1628, 2624, 4020, 4509, 5368, 5748, 12599, 1472, 0, 0
15:56:09, 1030.60, 23.69, 24.48, 22.570, 7978, 13655, 20126, 23828, 15236, 15400, 20194, 22778, 36000, 18738, 1, 1, 550, 849, 1599, 2592, 4169, 4669, 5563, 5957, 13075, 1501, 0, 0
15:56:10, 1031.60, 23.69, 24.46, 22.570, 1926, 3826, 5311, 7604, 15254, 15811, 22605, 23325, 36000, 24506, 1, 1, 566, 873, 1646, 2656, 3786, 4260, 5073, 5425, 11732, 1336, 0, 0
15:56:10, 1031.30, 23.69, 24.48, 22.570, 3585, 6145, 9162, 11772, 11826, 12452, 17797, 19016, 36000, 19705, 1, 1, 547, 844, 1589, 2570, 4106, 4602, 5488, 5879, 12972, 1462, 0, 0
15:56:11, 1031.40, 23.69, 24.48, 22.570, 4983, 9749, 14826, 18710, 10600, 10773, 14420, 16940, 36000, 16075, 1, 1, 552, 849, 1605, 2596, 3969, 4456, 5308, 5678, 12453, 1417, 0, 0
15:56:12, 1030.90, 23.69, 24.48, 22.570, 3272, 6375, 9678, 12565, 13573, 13911, 19027, 22228, 36000, 23016, 1, 1, 553, 851, 1612, 2608, 3995, 4492, 5353, 5739, 12528, 1414, 0, 0
15:56:12, 1025.60, 23.69, 24.45, 22.570, 4343, 7604, 11376, 13476, 19741, 21591, 24051, 29168, 36000, 31029, 1, 1, 668, 1051, 1945, 3054, 4569, 5069, 6025, 6451, 14661, 1801, 0, 0
15:56:13, 1028.10, 23.70, 24.46, 22.570, 6024, 10566, 14820, 17790, 16759, 16992, 21274, 25095, 36000, 27758, 1, 1, 599, 932, 1744, 2791, 4245, 4733, 5633, 6029, 13530, 1585, 0, 0
15:56:14, 1028.20, 23.70, 24.48, 22.562, 4252, 8197, 11963, 15614, 12646, 14165, 18898, 23185, 36000, 28004, 1, 1, 617, 957, 1798, 2890, 4306, 4814, 5727, 6136, 13824, 1607, 0, 0
15:56:14, 1025.80, 23.69, 24.46, 22.570, 3865, 8070, 9529, 13839, 17431, 23543, 24161, 34548, 36000, 35966, 1, 1, 758, 1203, 2210, 3438, 5064, 5629, 6687, 7162, 16362, 1956, 0, 0
15:56:15, 1022.80, 23.69, 24.46, 22.570, 4737, 10042, 13013, 16419, 20006, 23488, 23840, 30699, 36000, 28718, 1, 1, 757, 1197, 2211, 3479, 5270, 5834, 6909, 7390, 17242, 2128, 0, 0
15:56:16, 1025.00, 23.69, 24.45, 22.555, 2616, 4533, 6464, 7478, 15835, 17110, 20011, 22335, 33961, 25800, 0, 1, 748, 1179, 2188, 3466, 5049, 5619, 6668, 7145, 16172, 1942, 0, 0
15:56:16, 1024.00, 23.69, 24.46, 22.555, 9266, 16475, 20781, 22888, 20831, 22112, 27390, 31244, 36000, 35191, 1, 1, 762, 1202, 2228, 3502, 4873, 5421, 6430, 6878, 15535, 1868, 0, 0
15:56:17, 1026.30, 23.69, 24.43, 22.555, 8377, 15509, 17746, 22248, 15039, 15738, 19690, 25477, 36000, 34391, 1, 1, 741, 1172, 2165, 3387, 4594, 5105, 6070, 6482, 15025, 1803, 0, 0
15:56:18, 1027.80, 23.69, 24.46, 22.555, 4356, 7560, 11636, 12744, 15829, 16862, 21746, 25725, 36000, 30072, 1, 1, 666, 1047, 1940, 3061, 4351, 4842, 5754, 6142, 14070, 1677, 0, 0
15:56:18, 1026.20, 23.69, 24.46, 22.555, 4831, 8975, 13394, 15867, 18077, 16809, 23833, 26886, 36000, 32316, 1, 1, 675, 1060, 1967, 3105, 4962, 5494, 6520, 6968, 16136, 1967, 0, 0
15:56:19, 1028.10, 23.69, 24.43, 22.547, 3308, 6644, 8059, 13937, 16941, 17026, 21454, 23841, 36000, 22527, 1, 1, 650, 1019, 1900, 3025, 4678, 5186, 6160, 6585, 15313, 1844, 0, 0
15:56:20, 1028.90, 23.70, 24.48, 22.547, 3628, 7142, 10554, 11775, 13721, 15626, 19037, 26804, 36000, 18372, 1, 1, 652, 1021, 1906, 3032, 4397, 4900, 5817, 6208, 13831, 1595, 0, 0
15:56:20, 1028.10, 23.70, 24.50, 22.547, 3971, 7574, 11033, 13599, 18317, 19718, 24672, 27121, 36000, 14323, 1, 1, 603, 937, 1765, 2854, 4420, 4929, 5852, 6241, 13680, 1568, 0, 0
15:56:21, 1030.30, 23.70, 24.45, 22.547, 5398, 9921, 12282, 21182, 10596, 13470, 17577, 15089, 35962, 12061, 0, 1, 610, 945, 1790, 2893, 4270, 4778, 5682, 6067, 13240, 1513, 0, 0
15:56:22, 1030.30, 23.70, 24.45, 22.555, 4345, 8794, 12395, 14467, 12857, 13333, 16641, 23472, 36000, 16279, 1, 1, 611, 951, 1786, 2877, 4179, 4674, 5559, 5938, 12887, 1452, 0, 0
15:56:22, 1026.50, 23.70, 24.45, 22.555, 5220, 9784, 14181, 15645, 20974, 24250, 25435, 31169, 36000, 29484, 1, 1, 691, 1092, 2024, 3186, 4724, 5242, 6228, 6646, 15011, 1796, 0, 0
15:56:23, 1024.00, 23.70, 24.45, 22.547, 5362, 11125, 16461, 18082, 18697, 20447, 24926, 30753, 35952, 32464, 0, 1, 849, 1359, 2489, 3832, 5489, 6062, 7169, 7647, 17626, 2166, 0, 0
15:56:24, 1025.80, 23.70, 24.48, 22.555, 6541, 14440, 20604, 22868, 22528, 19545, 25842, 32004, 36000, 20782, 1, 1, 808, 1290, 2376, 3716, 5300, 5881, 6947, 7417, 16713, 1992, 0, 0
15:56:24, 1031.40, 23.71, 24.46, 22.555, 3177, 6357, 9515, 10626, 11992, 14244, 16772, 19609, 36000, 13279, 1, 1, 634, 986, 1858, 2996, 4405, 4938, 5862, 6264, 13785, 1560, 0, 0
15:56:25, 1031.70, 23.71, 24.46, 22.562, 3902, 7140, 11049, 12833, 11479, 11816, 16066, 17760, 36000, 16141, 1, 1, 560, 864, 1644, 2664, 4148, 4644, 5535, 5912, 13146, 1488, 0, 0
15:56:26, 1031.20, 23.71, 24.48, 22.586, 3726, 6476, 9931, 12359, 19466, 21173, 26065, 30766, 36000, 30566, 1, 1, 571, 891, 1677, 2688, 3860, 4317, 5139, 5482, 12095, 1367, 0, 0
15:56:26, 1028.70, 23.71, 24.46, 22.586, 3228, 6336, 9060, 12449, 11783, 15231, 14800, 22242, 36000, 15772, 1, 1, 500, 770, 1460, 2363, 3692, 4130, 4903, 5229, 11450, 1307, 0, 0
15:56:27, 1028.10, 23.71, 24.45, 22.586, 1978, 5437, 6909, 11872, 11000, 11558, 15323, 17244, 36000, 27524, 1, 1, 625, 980, 1817, 2875, 4295, 4778, 5662, 6040, 13432, 1575, 0, 0
15:56:28, 1028.70, 23.72, 24.48, 22.594, 3489, 6433, 8051, 13412, 15857, 17300, 21224, 28421, 36000, 25234, 1, 1, 618, 964, 1810, 2904, 4742, 5274, 6272, 6701, 15384, 1793, 0, 0
15:56:28, 1024.50, 23.72, 24.48, 22.594, 3831, 7175, 11284, 13380, 19036, 20048, 26705, 34390, 36000, 35687, 1, 1, 737, 1167, 2154, 3382, 5419, 5994, 7104, 7598, 17666, 2120, 0, 0
15:56:29, 1027.60, 23.71, 24.48, 22.570, 6510, 11149, 16211, 16179, 19774, 20256, 25052, 30895, 36000, 30278, 1, 1, 748, 1179, 2190, 3451, 5087, 5673, 6728, 7214, 16112, 1871, 0, 0
15:56:30, 1032.90, 23.72, 24.46, 22.570, 3960, 7000, 10701, 12041, 18083, 21343, 23032, 30313, 36000, 29821, 1, 1, 654, 1019, 1912, 3062, 4300, 4823, 5746, 6142, 13698, 1546, 0, 0
15:56:30, 1034.00, 23.72, 24.43, 22.570, 2360, 4229, 6430, 8402, 10636, 12040, 14580, 17967, 36000, 13330, 1, 1, 513, 778, 1491, 2458, 3822, 4308, 5146, 5504, 12111, 1350, 0, 0
15:56:31, 1033.20, 23.72, 24.46, 22.570, 3757, 7005, 10466, 13653, 12417, 15573, 17311, 23339, 36000, 20269, 1, 1, 573, 888, 1679, 2703, 3926, 4409, 5259, 5618, 12462, 1413, 0, 0
15:56:32, 1034.40, 23.73, 24.46, 22.586, 3697, 6712, 10153, 14114, 9847, 10811, 13047, 16456, 36000, 11224, 1, 1, 486, 736, 1415, 2341, 3604, 4074, 4858, 5193, 11226, 1227, 0, 0
15:56:32, 1025.20, 23.73, 24.45, 22.586, 3800, 6376, 9871, 12473, 16253, 16084, 19162, 23862, 36000, 13361, 1, 1, 614, 960, 1800, 2882, 4509, 5017, 5940, 6349, 14272, 1673, 0, 0
15:56:33, 1026.40, 23.72, 24.46, 22.586, 6971, 12489, 18709, 18309, 26726, 31327, 29389, 35310, 36000, 33896, 1, 1, 717, 1139, 2096, 3278, 4753, 5268, 6240, 6665, 15340, 1867, 0, 0
15:56:34, 1031.70, 23.72, 24.46, 22.586, 1678, 3090, 3682, 7581, 12701, 14483, 17935, 20528, 36000, 12399, 1, 1, 507, 778, 1480, 2419, 3820, 4292, 5111, 5464, 11893, 1329, 0, 0
15:56:34, 1026.10, 23.72, 24.46, 22.586, 3859, 7261, 10671, 12824, 21442, 20998, 26380, 32312, 36000, 19920, 1, 1, 603, 944, 1753, 2795, 4525, 5030, 5967, 6370, 14212, 1724, 0, 0
15:56:35, 1026.40, 23.72, 24.48, 22.586, 4337, 7818, 10771, 13008, 23885, 24593, 27450, 32309, 36000, 27302, 1, 1, 632, 993, 1830, 2904, 4340, 4861, 5767, 6178, 12965, 1544, 0, 0
15:56:36, 1028.20, 23.72, 24.46, 22.586, 3134, 4721, 5764, 11534, 11908, 14587, 17067, 22105, 36000, 12499, 1, 1, 582, 903, 1688, 2706, 4186, 4696, 5588, 5992, 12656, 1484, 0, 0
15:56:36, 1030.90, 23.72, 24.43, 22.570, 4272, 8150, 12422, 13866, 16661, 17085, 19483, 28302, 36000, 19074, 1, 1, 540, 832, 1564, 2539, 3897, 4395, 5240, 5616, 11655, 1315, 0, 0
15:56:37, 1032.70, 23.73, 24.46, 22.555, 4966, 9759, 14891, 18444, 13091, 13801, 16763, 22429, 36000, 12654, 1, 1, 530, 813, 1538, 2505, 3792, 4296, 5125, 5503, 11311, 1266, 0, 0
15:56:38, 1034.60, 23.73, 24.52, 22.555, 3901, 7195, 11136, 13204, 17481, 18192, 21596, 29539, 36000, 16714, 1, 1, 484, 733, 1396, 2304, 3526, 4004, 4789, 5146, 10648, 1181, 0, 0
15:56:38, 1034.60, 23.73, 24.45, 22.547, 2723, 4622, 7026, 9338, 12944, 14062, 15994, 21051, 36000, 10420, 1, 1, 448, 675, 1291, 2137, 3356, 3815, 4565, 4893, 10125, 1122, 0, 0
15:56:39, 1035.40, 23.73, 24.45, 22.539, 2860, 5593, 8411, 10373, 12252, 13125, 16354, 22408, 36000, 11906, 1, 1, 443, 667, 1275, 2112, 3250, 3695, 4428, 4743, 9785, 1076, 0, 0
15:56:40, 1035.80, 23.73, 24.48, 22.539, 2487, 4722, 7282, 8825, 11525, 12327, 15610, 19717, 36000, 12430, 1, 1, 453, 684, 1304, 2149, 3274, 3714, 4454, 4772, 10022, 1119, 0, 0
15:56:40, 1035.40, 23.72, 24.43, 22.523, 2539, 4312, 6583, 8988, 9447, 10823, 13249, 15758, 36000, 7920, 1, 1, 422, 634, 1211, 2013, 3322, 3765, 4510, 4831, 10267, 1143, 0, 0
15:56:41, 1036.10, 23.72, 24.48, 22.508, 2704, 4696, 6851, 9998, 10979, 11981, 14604, 20707, 35927, 11070, 0, 1, 442, 663, 1269, 2108, 3381, 3836, 4604, 4938, 10544, 1188, 0, 0
15:56:42, 1035.60, 23.73, 24.48, 22.508, 2812, 5075, 8025, 9977, 10916, 12021, 15009, 18007, 36000, 9798, 1, 1, 441, 661, 1263, 2104, 3327, 3780, 4522, 4855, 10154, 1125, 0, 0
15:56:42, 1036.00, 23.73, 24.46, 22.508, 2375, 4616, 7047, 9401, 10140, 11210, 14230, 16045, 36000, 9542, 1, 1, 452, 677, 1295, 2152, 3211, 3654, 4374, 4692, 9727, 1076, 0, 0
15:56:43, 1035.70, 23.73, 24.50, 22.508, 2538, 4624, 7197, 9427, 14180, 14365, 19697, 22952, 36000, 17620, 1, 1, 442, 664, 1268, 2112, 3325, 3780, 4526, 4856, 10164, 1127, 0, 0
15:56:44, 1034.60, 23.72, 24.45, 22.508, 2732, 5130, 7510, 11147, 8924, 9810, 13513, 12770, 36000, 11145, 1, 1, 458, 690, 1320, 2186, 3375, 3832, 4590, 4931, 10364, 1154, 0, 0
15:56:44, 1025.30, 23.72, 24.46, 22.508, 3980, 7448, 11177, 14038, 13980, 14586, 18985, 23288, 36000, 23593, 1, 1, 593, 923, 1715, 2733, 4319, 4811, 5719, 6148, 13785, 1733, 0, 0
15:56:45, 1023.50, 23.72, 24.45, 22.508, 4727, 9937, 15799, 14216, 19059, 24158, 24830, 35263, 36000, 35754, 1, 1, 688, 1088, 1978, 3073, 4630, 5153, 6107, 6573, 14448, 1843, 0, 0
15:56:46, 1025.10, 23.72, 24.50, 22.508, 6886, 13791, 19318, 19569, 21638, 26472, 22522, 32330, 36000, 32313, 1, 1, 664, 1047, 1925, 3031, 4470, 4982, 5904, 6336, 14015, 1727, 0, 0
15:56:46, 1028.70, 23.72, 24.46, 22.508, 5584, 11407, 17674, 17625, 14446, 16112, 18243, 24837, 36000, 16281, 1, 1, 649, 1013, 1896, 3050, 4560, 5108, 6061, 6492, 14017, 1611, 0, 0
15:56:47, 1029.80, 23.72, 24.46, 22.523, 3208, 5960, 8598, 10878, 15029, 17653, 22444, 25514, 36000, 13300, 1, 1, 616, 951, 1801, 2933, 4480, 5033, 5986, 6403, 13850, 1554, 0, 0
15:56:48, 1026.80, 23.72, 24.48, 22.523, 4130, 7782, 12056, 13021, 20648, 21070, 22317, 33768, 36000, 24145, 1, 1, 694, 1094, 2035, 3240, 4839, 5388, 6396, 6832, 15296, 1790, 0, 0
15:56:48, 1024.80, 23.73, 24.48, 22.547, 3733, 5960, 7895, 13976, 15080, 16248, 19624, 28007, 36000, 21139, 1, 1, 725, 1153, 2121, 3329, 4893, 5445, 6438, 6881, 15123, 1788, 0, 0
15:56:49, 1027.00, 23.73, 24.46, 22.570, 3732, 7633, 9913, 12847, 16940, 18714, 20524, 25006, 36000, 16791, 1, 1, 662, 1042, 1936, 3078, 4472, 4993, 5917, 6320, 13735, 1630, 0, 0
15:56:50, 1025.90, 23.74, 24.50, 22.570, 5378, 9632, 14704, 17010, 19499, 20435, 24436, 30923, 36000, 20761, 1, 1, 634, 997, 1852, 2950, 4531, 5053, 5989, 6407, 13963, 1667, 0, 0
15:56:50, 1024.10, 23.74, 24.45, 22.570, 3632, 6661, 10314, 11151, 22269, 19560, 23819, 29270, 36000, 16474, 1, 1, 682, 1078, 1994, 3155, 4848, 5388, 6383, 6829, 15096, 1813, 0, 0
15:56:51, 1028.00, 23.75, 24.46, 22.570, 4805, 8730, 12771, 14445, 17974, 18597, 22224, 26594, 36000, 15675, 1, 1, 655, 1025, 1915, 3068, 4378, 4912, 5823, 6231, 13289, 1546, 0, 0
15:56:52, 1029.20, 23.75, 24.45, 22.578, 3270, 6310, 9748, 10241, 16160, 16065, 19866, 25901, 36000, 14088, 1, 1, 611, 949, 1781, 2876, 4370, 4905, 5832, 6232, 13388, 1546, 0, 0
15:56:52, 1030.40, 23.76, 24.45, 22.578, 3181, 5865, 8480, 9781, 14964, 18901, 21601, 23829, 36000, 12571, 1, 1, 576, 889, 1679, 2734, 4328, 4856, 5783, 6185, 13471, 1556, 0, 0
15:56:53, 1037.50, 23.76, 24.48, 22.578, 3102, 5177, 7342, 10459, 9078, 10550, 13415, 15248, 35450, 6526, 0, 1, 490, 738, 1420, 2367, 3530, 4019, 4801, 5133, 10593, 1144, 0, 0
15:56:54, 1043.80, 23.76, 24.46, 22.586, 2186, 3694, 5607, 8122, 10146, 11543, 14257, 17952, 34166, 7052, 0, 1, 370, 539, 1056, 1817, 2839, 3272, 3931, 4203, 8486, 879, 0, 0
15:56:54, 1048.10, 23.76, 24.50, 22.570, 1667, 3066, 4962, 6666, 10164, 11166, 13560, 18034, 35970, 6914, 0, 1, 314, 446, 882, 1545, 2489, 2889, 3481, 3720, 7388, 746, 0, 0
15:56:55, 1050.80, 23.77, 24.50, 22.570, 1374, 2434, 4102, 5668, 6202, 6932, 8552, 10700, 25816, 3723, 0, 0, 269, 375, 747, 1330, 2234, 2603, 3145, 3365, 6719, 674, 0, 0
15:56:56, 1053.20, 23.77, 24.46, 22.555, 1001, 1715, 2880, 4146, 5776, 6505, 8050, 9695, 24200, 3284, 0, 0, 255, 351, 703, 1262, 2077, 2431, 2940, 3143, 6124, 603, 0, 0
15:56:56, 1054.90, 23.77, 24.48, 22.555, 1132, 2003, 3409, 4953, 5543, 6302, 7836, 9401, 23353, 3166, 0, 0, 244, 333, 668, 1207, 2014, 2366, 2869, 3066, 5931, 581, 0, 0
15:56:57, 1058.80, 23.77, 24.46, 22.555, 1087, 1919, 3276, 4766, 5485, 6218, 7824, 9367, 23627, 3046, 0, 0, 213, 285, 573, 1053, 1757, 2079, 2530, 2705, 5209, 505, 0, 0
15:56:58, 1061.80, 23.76, 24.50, 22.555, 854, 1497, 2565, 3880, 5094, 5950, 7418, 8854, 23321, 2955, 0, 0, 189, 249, 502, 933, 1582, 1883, 2296, 2454, 4660, 446, 0, 0
15:56:58, 1064.20, 23.76, 24.48, 22.547, 696, 1200, 2071, 3196, 4621, 5336, 6643, 7936, 20748, 2578, 0, 0, 179, 234, 473, 883, 1478, 1764, 2157, 2309, 4439, 423, 0, 0
15:56:59, 1066.90, 23.76, 24.45, 22.547, 575, 964, 1677, 2660, 4181, 4779, 6108, 7205, 17863, 2208, 0, 0, 161, 208, 421, 792, 1356, 1624, 1988, 2130, 4123, 393, 0, 0
15:57:00, 1070.00, 23.76, 24.48, 22.539, 491, 808, 1427, 2317, 3208, 3710, 4718, 5440, 12426, 1371, 0, 0, 134, 169, 342, 654, 1172, 1412, 1736, 1858, 3563, 336, 0, 0
15:57:00, 1073.40, 23.77, 24.50, 22.539, 436, 716, 1299, 2121, 3443, 4007, 5149, 6127, 14205, 1614, 0, 0, 120, 148, 300, 581, 1043, 1263, 1556, 1665, 3130, 294, 0, 0
15:57:01, 1075.50, 23.76, 24.52, 22.539, 354, 563, 1054, 1736, 2999, 3562, 4514, 5413, 12787, 1384, 0, 0, 104, 126, 256, 503, 924, 1125, 1387, 1482, 2754, 257, 0, 0
15:57:02, 1077.90, 23.76, 24.48, 22.523, 349, 555, 1038, 1713, 2692, 3214, 4032, 4778, 11955, 1260, 0, 0, 100, 120, 244, 481, 864, 1056, 1305, 1394, 2582, 240, 0, 0
15:57:02, 1079.70, 23.76, 24.48, 22.523, 308, 488, 920, 1537, 2265, 2708, 3429, 4058, 9872, 1031, 0, 0, 87, 102, 206, 412, 783, 961, 1190, 1275, 2364, 218, 0, 0
15:57:03, 1078.20, 23.76, 24.48, 22.523, 306, 484, 912, 1517, 2424, 2896, 3661, 4310, 10531, 1093, 0, 0, 93, 110, 223, 443, 845, 1034, 1278, 1369, 2562, 237, 0, 0
15:57:04, 1076.80, 23.75, 24.46, 22.523, 318, 507, 944, 1564, 2259, 2651, 3365, 3863, 9226, 965, 0, 0, 99, 119, 240, 474, 896, 1093, 1351, 1446, 2726, 254, 0, 0
15:57:04, 1077.30, 23.75, 24.48, 22.523, 336, 534, 994, 1644, 2319, 2727, 3470, 4019, 9926, 1072, 0, 0, 97, 115, 233, 464, 883, 1080, 1336, 1430, 2665, 248, 0, 0
15:57:05, 1078.80, 23.74, 24.43, 22.523, 312, 489, 918, 1532, 2288, 2721, 3451, 4046, 9929, 1040, 0, 0, 92, 109, 220, 438, 823, 1009, 1249, 1335, 2458, 228, 0, 0
15:57:06, 1080.10, 23.74, 24.46, 22.508, 313, 489, 920, 1525, 2102, 2504, 3135, 3680, 9286, 977, 0, 0, 90, 107, 216, 431, 804, 988, 1223, 1307, 2407, 222, 0, 0
15:57:06, 1078.40, 23.74, 24.45, 22.508, 269, 421, 790, 1337, 2214, 2629, 3336, 3899, 9343, 965, 0, 0, 93, 110, 222, 443, 856, 1047, 1294, 1385, 2603, 242, 0, 0
15:57:07, 1076.10, 23.73, 24.48, 22.508, 329, 524, 975, 1623, 2194, 2586, 3265, 3822, 8789, 921, 0, 0, 99, 118, 238, 472, 917, 1118, 1381, 1480, 2774, 259, 0, 0
15:57:08, 1075.60, 23.73, 24.46, 22.508, 298, 473, 885, 1471, 2198, 2623, 3299, 3897, 9592, 1008, 0, 0, 95, 113, 229, 455, 902, 1100, 1360, 1456, 2708, 252, 0, 0
15:57:08, 1075.40, 23.72, 24.43, 22.508, 354, 574, 1061, 1741, 2588, 3042, 3836, 4527, 11157, 1210, 0, 0, 101, 122, 246, 485, 900, 1098, 1358, 1457, 2714, 253, 0, 0
15:57:09, 1076.50, 23.72, 24.43, 22.508, 325, 525, 967, 1595, 2329, 2757, 3467, 4081, 9781, 1034, 0, 0, 92, 110, 222, 439, 814, 995, 1232, 1320, 2433, 226, 0, 0
15:57:10, 1075.00, 23.72, 24.45, 22.508, 323, 520, 964, 1598, 2259, 2662, 3386, 3982, 9113, 971, 0, 0, 93, 112, 227, 447, 841, 1025, 1265, 1355, 2480, 231, 0, 0
15:57:10, 1074.70, 23.72, 24.46, 22.508, 337, 552, 1017, 1679, 2275, 2667, 3427, 3931, 9550, 1026, 0, 0, 94, 114, 230, 453, 838, 1024, 1263, 1351, 2414, 224, 0, 0
15:57:11, 1075.30, 23.72, 24.45, 22.508, 340, 552, 1018, 1682, 2420, 2857, 3626, 4205, 10545, 1138, 0, 0, 92, 111, 224, 443, 833, 1017, 1256, 1343, 2430, 225, 0, 0
15:57:12, 1076.70, 23.71, 24.46, 22.508, 321, 518, 960, 1591, 2280, 2676, 3432, 3912, 9932, 1076, 0, 0, 93, 111, 224, 443, 814, 996, 1231, 1317, 2406, 223, 0, 0
15:57:12, 1075.50, 23.71, 24.45, 22.508, 298, 476, 883, 1480, 2431, 2877, 3681, 4311, 10500, 1138, 0, 0, 95, 115, 231, 455, 844, 1029, 1272, 1361, 2525, 235, 0, 0
15:57:13, 1074.80, 23.71, 24.46, 22.508, 330, 530, 977, 1638, 2575, 3055, 3877, 4565, 11048, 1193, 0, 0, 97, 118, 238, 468, 874, 1064, 1314, 1408, 2621, 244, 0, 0
15:57:14, 1075.80, 23.71, 24.43, 22.516, 299, 479, 888, 1470, 2421, 2868, 3629, 4270, 10019, 1078, 0, 0, 98, 119, 240, 473, 874, 1065, 1316, 1410, 2637, 245, 0, 0
15:57:14, 1077.80, 23.71, 24.45, 22.516, 308, 493, 916, 1530, 2361, 2788, 3574, 4117, 9658, 994, 0, 0, 92, 110, 221, 439, 809, 991, 1226, 1313, 2420, 225, 0, 0
15:57:15, 1075.60, 23.71, 24.41, 22.516, 302, 479, 896, 1495, 2111, 2483, 3164, 3627, 8756, 909, 0, 0, 92, 109, 221, 437, 844, 1030, 1274, 1365, 2525, 235, 0, 0
15:57:16, 1074.30, 23.71, 24.45, 22.516, 366, 592, 1097, 1815, 2323, 2730, 3463, 3992, 10196, 1112, 0, 0, 100, 121, 245, 481, 885, 1078, 1332, 1427, 2659, 249, 0, 0
15:57:16, 1073.80, 23.71, 24.45, 22.516, 346, 563, 1035, 1705, 2526, 2993, 3758, 4428, 11274, 1215, 0, 0, 99, 120, 243, 477, 876, 1066, 1317, 1412, 2626, 245, 0, 0
15:57:17, 1070.90, 23.71, 24.46, 22.516, 401, 655, 1200, 1944, 2834, 3330, 4173, 4906, 12425, 1373, 0, 0, 112, 138, 278, 538, 976, 1182, 1456, 1561, 2928, 275, 0, 0
15:57:18, 1071.10, 23.70, 24.46, 22.516, 371, 605, 1107, 1797, 3183, 3745, 4828, 5738, 13906, 1623, 0, 0, 108, 133, 269, 520, 973, 1179, 1454, 1557, 2927, 276, 0, 0
15:57:18, 1067.90, 23.70, 24.45, 22.516, 393, 648, 1180, 1931, 2550, 2958, 3814, 4334, 10362, 1142, 0, 0, 115, 142, 287, 555, 1056, 1276, 1570, 1682, 3138, 296, 0, 0
15:57:19, 1061.90, 23.70, 24.43, 22.508, 585, 985, 1758, 2770, 3787, 4361, 5493, 6408, 16524, 2001, 0, 0, 160, 208, 417, 779, 1387, 1655, 2025, 2172, 4148, 400, 0, 0
15:57:20, 1060.30, 23.69, 24.43, 22.508, 699, 1200, 2096, 3227, 3793, 4414, 5396, 6469, 16100, 1954, 0, 0, 162, 210, 423, 790, 1431, 1706, 2086, 2238, 4236, 409, 0, 0
15:57:20, 1058.50, 23.69, 24.46, 22.508, 796, 1355, 2369, 3552, 4615, 5362, 6500, 7810, 20562, 2530, 0, 0, 186, 247, 494, 912, 1585, 1883, 2299, 2466, 4678, 455, 0, 0
15:57:21, 1056.10, 23.69, 24.43, 22.500, 704, 1198, 2082, 3105, 5257, 6029, 7473, 8933, 22753, 2789, 0, 0, 199, 265, 532, 974, 1693, 2003, 2437, 2611, 5013, 493, 0, 0
15:57:22, 1055.60, 23.68, 24.46, 22.508, 949, 1550, 2568, 4033, 5536, 6376, 7961, 9422, 22160, 2652, 0, 0, 206, 275, 551, 1008, 1726, 2040, 2485, 2661, 5116, 504, 0, 0
15:57:22, 1055.60, 23.68, 24.46, 22.508, 809, 1280, 2148, 3336, 4664, 5452, 6804, 7886, 18731, 2172, 0, 0, 207, 278, 556, 1015, 1741, 2057, 2506, 2685, 5122, 506, 0, 0
15:57:23, 1056.30, 23.68, 24.45, 22.508, 758, 1213, 2044, 3164, 5194, 6186, 7776, 9328, 19797, 2276, 0, 0, 194, 259, 518, 948, 1608, 1904, 2321, 2487, 4701, 463, 0, 0
15:57:24, 1054.00, 23.68, 24.45, 22.500, 874, 1474, 2513, 3759, 4946, 5724, 7099, 8587, 17584, 2029, 0, 0, 191, 257, 513, 937, 1629, 1923, 2342, 2505, 4702, 462, 0, 0
15:57:24, 1051.70, 23.68, 24.45, 22.500, 1153, 2014, 3343, 4790, 5758, 6537, 8133, 9749, 21833, 2727, 0, 0, 214, 294, 583, 1047, 1754, 2065, 2511, 2688, 5037, 500, 0, 0
15:57:25, 1045.80, 23.68, 24.45, 22.500, 1367, 2364, 3887, 5413, 8726, 9216, 11236, 14922, 31349, 4708, 0, 0, 267, 379, 742, 1297, 2210, 2572, 3107, 3329, 6498, 666, 0, 0
15:57:26, 1044.00, 23.68, 24.45, 22.500, 1666, 2773, 4290, 6114, 7093, 7426, 9137, 11580, 22679, 2804, 0, 0, 294, 420, 823, 1432, 2415, 2801, 3379, 3622, 7195, 749, 0, 0
15:57:26, 1039.70, 23.68, 24.43, 22.508, 2645, 4193, 6463, 8952, 8549, 8807, 11136, 14062, 21325, 2738, 0, 0, 337, 489, 950, 1637, 2822, 3247, 3904, 4184, 8475, 904, 0, 0
15:57:27, 1035.50, 23.68, 24.45, 22.500, 2025, 3473, 5153, 6846, 10313, 11435, 13098, 17090, 23303, 3284, 0, 0, 416, 618, 1186, 2002, 3239, 3706, 4436, 4754, 9610, 1045, 0, 0
15:57:28, 1031.40, 23.68, 24.46, 22.500, 2834, 5576, 7975, 10146, 9682, 10732, 11916, 15730, 21462, 3220, 0, 0, 457, 685, 1307, 2184, 3590, 4098, 4885, 5241, 10400, 1146, 0, 0
15:57:28, 1027.90, 23.67, 24.46, 22.516, 3704, 7201, 9396, 12721, 16297, 15800, 19251, 23641, 30180, 4907, 0, 0, 544, 833, 1564, 2559, 4093, 4630, 5513, 5910, 12057, 1376, 0, 0
15:57:29, 1024.90, 23.67, 24.45, 22.539, 4933, 9459, 14043, 16113, 19058, 16286, 21489, 27446, 33129, 5299, 0, 1, 585, 905, 1687, 2727, 4365, 4905, 5826, 6247, 13286, 1589, 0, 0
15:57:30, 1022.30, 23.67, 24.50, 22.539, 5676, 12249, 14771, 18077, 12182, 11634, 13187, 15565, 19819, 4630, 0, 0, 681, 1071, 1967, 3129, 4997, 5606, 6642, 7131, 14915, 1783, 0, 0
15:57:30, 1022.30, 23.68, 24.46, 22.562, 6397, 11454, 12968, 16704, 17101, 20946, 25119, 29473, 33197, 6513, 0, 1, 710, 1112, 2053, 3276, 4917, 5509, 6532, 7012, 14921, 1790, 0, 0
15:57:31, 1021.60, 23.68, 24.48, 22.578, 7159, 14628, 13356, 19365, 24146, 22763, 26770, 31109, 27460, 6293, 0, 0, 758, 1204, 2191, 3457, 5023, 5619, 6659, 7155, 15180, 1828, 0, 0
15:57:32, 1020.40, 23.68, 24.45, 22.578, 7420, 17421, 18160, 23755, 29583, 24654, 31126, 33015, 31159, 7072, 0, 1, 780, 1239, 2258, 3540, 5152, 5743, 6804, 7304, 15949, 2004, 0, 0
15:57:32, 1019.70, 23.69, 24.45, 22.578, 7693, 11429, 14625, 18287, 33615, 27654, 35047, 35936, 35769, 12947, 0, 1, 801, 1287, 2307, 3579, 5109, 5702, 6745, 7257, 15496, 1961, 0, 0
15:57:33, 1014.60, 23.69, 24.50, 22.594, 7757, 9950, 14341, 18510, 27613, 23506, 30483, 32227, 27976, 11186, 0, 0, 836, 1332, 2403, 3743, 5571, 6171, 7276, 7844, 16824, 2203, 0, 0
15:57:34, 1015.40, 23.69, 24.45, 22.594, 9132, 14367, 15388, 20117, 32062, 27204, 35177, 36000, 30344, 9115, 1, 1, 2266, 3830, 5742, 7776, 9827, 12387, 12726, 15808, 29062, 7230, 0, 0
15:57:34, 1014.90, 23.67, 24.46, 22.602, 7550, 16227, 16496, 19317, 17108, 25501, 12435, 33510, 14256, 6020, 0, 1, 5122, 7526, 12014, 13258, 12533, 13737, 16226, 19620, 36000, 21298, 1, 1
15:57:35, 1014.80, 23.68, 24.46, 22.516, 7140, 14489, 19907, 18943, 32942, 27567, 32863, 36000, 36000, 35919, 1, 1, 4906, 7694, 11785, 13411, 13201, 14059, 17210, 20384, 36000, 26913, 1, 1
15:57:36, 1015.70, 23.68, 24.48, 22.516, 7299, 13790, 16844, 20456, 29696, 36000, 33708, 36000, 36000, 36000, 1, 1, 6014, 9313, 13429, 16531, 17135, 18608, 24438, 27258, 36000, 35590, 1, 1
15:57:36, 1014.20, 23.66, 24.46, 22.383, 8382, 16224, 16927, 26674, 29561, 24219, 29978, 35984, 36000, 36000, 1, 1, 6982, 10507, 14610, 18172, 23692, 26328, 33531, 36000, 36000, 36000, 1, 1
