Secchi Depth (cm) = 0099
Forel Ule Scale = 10
pH Colour Scale = 99
SensingSecchi S/N = A016
Latitude (degs N) = 34.13997
Longitude (degs E) = -77.86268
Date = 2026-04-09
Time (UTC), Pressure (mbar) MS5803, Temp (deg C) MS5803, Temp (deg C) 10KTHERM, Temp (deg C) TMP117, ED 415nm, ED 445nm, ED 480nm, ED 515nm, ED 555nm, ED 590nm, ED 630nm, ED 680nm, ED Clear, ED NIR, ED D-SAT, ED A-SAT, EU 415nm, EU 445nm, EU 480nm, EU 515nm, EU 555nm, EU 590nm, EU 630nm, EU 680nm, EU Clear, EU NIR, EU D-SAT, EU A-SAT
19:50:30, 1023.10, 20.51, 21.71, 19.469, 14112, 8705, 23504, 12712, 10474, 8953, 8156, 10665, 36000, 36000, 1, 1, 2851, 4642, 5239, 6996, 6064, 7518, 9708, 14929, 36000, 35485, 1, 1
19:50:30, 1023.30, 20.52, 21.77, 19.398, 2667, 2986, 4958, 4662, 7249, 6347, 7263, 8173, 36000, 36000, 1, 1, 3544, 5223, 6276, 7626, 10017, 11749, 13780, 21070, 36000, 36000, 1, 1
19:50:31, 1022.80, 20.52, 21.73, 19.398, 9029, 14914, 21530, 22932, 25865, 31903, 30330, 36000, 23743, 9640, 1, 1, 6267, 9292, 12645, 14589, 16857, 18278, 22059, 25922, 36000, 36000, 1, 1
19:50:32, 1023.70, 20.49, 21.73, 19.328, 1453, 1967, 3118, 3034, 4924, 3233, 6330, 5137, 9049, 6014, 0, 0, 4271, 7427, 9439, 13395, 33251, 34455, 35214, 35617, 36000, 36000, 1, 1
19:50:32, 1023.50, 20.58, 21.73, 19.328, 3928, 4530, 7598, 7082, 8317, 7599, 8807, 11107, 8272, 4646, 0, 0, 4763, 8937, 10686, 14981, 9708, 11443, 11656, 14987, 33854, 21548, 0, 1
19:50:33, 1022.30, 20.54, 21.75, 19.328, 2339, 1842, 3207, 2732, 4784, 6036, 3730, 6338, 8911, 3931, 0, 0, 1870, 3475, 5018, 7332, 7060, 7262, 7277, 7701, 16076, 3462, 0, 0
19:50:34, 1027.40, 20.53, 21.70, 19.305, 7297, 3056, 5225, 11092, 4370, 16755, 9682, 7993, 18619, 5786, 0, 0, 762, 1416, 2790, 4306, 5743, 5251, 4720, 4009, 13322, 1066, 0, 0
19:50:34, 1030.00, 20.28, 21.70, 18.156, 2064, 2391, 2808, 6533, 4466, 6505, 14495, 5360, 36000, 9640, 1, 1, 765, 1424, 2812, 4344, 6187, 5651, 5114, 4321, 15034, 1195, 0, 0
19:50:35, 1030.30, 20.11, 21.75, 18.156, 1434, 2361, 2601, 7178, 5674, 4871, 15053, 4719, 36000, 17138, 1, 1, 778, 1448, 2862, 4413, 6271, 5738, 5221, 4407, 15642, 1230, 0, 0
19:50:36, 1030.00, 19.99, 21.73, 17.391, 1244, 1987, 2587, 3912, 6499, 3583, 14496, 4583, 36000, 32935, 1, 1, 802, 1494, 2936, 4537, 6397, 5882, 5372, 4552, 16248, 1273, 0, 0
19:50:36, 1030.80, 19.90, 21.73, 17.078, 1460, 2519, 4012, 5034, 10865, 3850, 17587, 5458, 36000, 36000, 1, 1, 793, 1475, 2898, 4483, 6230, 5748, 5227, 4433, 15907, 1230, 0, 0
19:50:37, 1031.40, 19.84, 21.75, 17.078, 3470, 4888, 9995, 7917, 17569, 5860, 26153, 12605, 36000, 36000, 1, 1, 774, 1438, 2829, 4386, 6161, 5696, 5165, 4392, 15792, 1213, 0, 0
19:50:38, 1031.10, 19.79, 21.71, 16.922, 4432, 5018, 12366, 9641, 18796, 7103, 26928, 19177, 36000, 36000, 1, 1, 799, 1482, 2906, 4498, 6237, 5774, 5234, 4455, 16006, 1231, 0, 0
19:50:38, 1031.50, 19.73, 21.71, 16.852, 2807, 3277, 10051, 5946, 13811, 4806, 19141, 8043, 36000, 36000, 1, 1, 810, 1501, 2943, 4561, 6360, 5898, 5349, 4568, 16331, 1258, 0, 0
19:50:39, 1031.30, 19.69, 21.75, 16.852, 2547, 2607, 6424, 3980, 12439, 4180, 15186, 6309, 36000, 36000, 1, 1, 821, 1523, 2977, 4608, 6340, 5876, 5325, 4546, 16270, 1252, 0, 0
19:50:40, 1032.60, 19.67, 21.73, 16.812, 2808, 2658, 6508, 3903, 11930, 3891, 13549, 5786, 36000, 36000, 1, 1, 818, 1519, 2978, 4620, 6361, 5894, 5343, 4555, 16288, 1244, 0, 0
19:50:40, 1031.20, 19.64, 21.73, 16.789, 1836, 2487, 6317, 4055, 13519, 3940, 15475, 6093, 36000, 36000, 1, 1, 809, 1502, 2942, 4562, 6353, 5882, 5338, 4548, 16298, 1256, 0, 0
19:50:41, 1032.00, 19.62, 21.71, 16.789, 2177, 3201, 7858, 5272, 15074, 3940, 16530, 6125, 36000, 36000, 1, 1, 799, 1486, 2913, 4518, 6223, 5746, 5216, 4434, 15904, 1222, 0, 0
19:50:42, 1032.20, 19.61, 21.75, 16.789, 1917, 3300, 6714, 6909, 15768, 4234, 18380, 6467, 36000, 36000, 1, 1, 792, 1476, 2904, 4499, 6157, 5671, 5159, 4367, 15640, 1198, 0, 0
19:50:42, 1032.00, 19.60, 21.68, 16.781, 1489, 2779, 4400, 6411, 13326, 4161, 19237, 5949, 36000, 36000, 1, 1, 784, 1461, 2879, 4461, 6160, 5659, 5157, 4356, 15570, 1200, 0, 0
19:50:43, 1032.20, 19.60, 21.73, 16.781, 1378, 2634, 3549, 7534, 8782, 4058, 18332, 5189, 36000, 36000, 1, 1, 783, 1459, 2882, 4459, 6165, 5649, 5152, 4346, 15440, 1196, 0, 0
19:50:44, 1031.00, 19.58, 21.71, 16.781, 1326, 2302, 2702, 5717, 5416, 4293, 16040, 4911, 36000, 20417, 1, 1, 759, 1413, 2805, 4348, 6096, 5579, 5073, 4270, 15011, 1172, 0, 0
19:50:44, 1032.40, 19.57, 21.73, 16.781, 1512, 3008, 2860, 9814, 5364, 4614, 14750, 4995, 36000, 13719, 1, 1, 769, 1431, 2837, 4394, 6072, 5562, 5052, 4263, 14659, 1150, 0, 0
19:50:45, 1031.10, 19.55, 21.73, 16.789, 1415, 2176, 2487, 6041, 4247, 5724, 10441, 5068, 36000, 9124, 1, 1, 762, 1419, 2814, 4353, 5927, 5417, 4896, 4135, 14334, 1129, 0, 0
19:50:46, 1028.70, 19.52, 21.73, 16.781, 1552, 2185, 2542, 5359, 4241, 7627, 13756, 5646, 35566, 6334, 0, 1, 738, 1374, 2724, 4221, 5877, 5373, 4845, 4104, 13939, 1110, 0, 0
19:50:46, 1028.30, 19.50, 21.71, 16.781, 5140, 4236, 3815, 15360, 5731, 17586, 21647, 10601, 36000, 8010, 1, 1, 732, 1363, 2688, 4155, 5871, 5377, 4852, 4132, 13606, 1092, 0, 0
19:50:47, 1029.80, 19.49, 21.73, 16.789, 2547, 2100, 2659, 6923, 2841, 4072, 4221, 4272, 12626, 3887, 0, 0, 744, 1382, 2743, 4255, 5849, 5366, 4838, 4111, 13080, 1027, 0, 0
19:50:47, 1029.50, 19.47, 21.68, 16.789, 5416, 2496, 4649, 7507, 3307, 7097, 4414, 5452, 11992, 4008, 0, 0, 759, 1411, 2800, 4340, 6000, 5503, 4953, 4206, 13330, 1044, 0, 0
19:50:48, 1030.20, 19.44, 21.68, 16.789, 4555, 2320, 4196, 5993, 3431, 7185, 4514, 5649, 12004, 4597, 0, 0, 743, 1381, 2737, 4250, 5867, 5373, 4814, 4088, 13113, 1033, 0, 0
19:50:49, 1028.90, 19.41, 21.70, 16.781, 6110, 3301, 8007, 11360, 3777, 10947, 4814, 6467, 11752, 4130, 0, 0, 730, 1357, 2688, 4164, 5625, 5154, 4612, 3929, 12525, 988, 0, 0
19:50:49, 1030.70, 19.39, 21.71, 16.781, 7713, 7589, 11340, 13359, 5834, 17116, 5736, 15270, 11299, 3909, 0, 0, 703, 1310, 2612, 4070, 5645, 5177, 4627, 3924, 12317, 954, 0, 0
19:50:50, 1030.50, 19.38, 21.71, 16.781, 6571, 3343, 10514, 8561, 6385, 15079, 5258, 13421, 10929, 3661, 0, 0, 699, 1301, 2591, 4038, 5636, 5178, 4641, 3933, 12180, 936, 0, 0
19:50:51, 1029.90, 19.36, 21.71, 16.781, 8624, 2877, 8869, 5568, 4921, 10531, 4407, 8627, 10094, 3970, 0, 0, 708, 1315, 2623, 4082, 5815, 5346, 4802, 4065, 12489, 955, 0, 0
19:50:51, 1029.80, 19.34, 21.71, 16.789, 3812, 2013, 4298, 3123, 4424, 5782, 4104, 6212, 9741, 3707, 0, 0, 731, 1356, 2707, 4204, 5882, 5410, 4860, 4105, 12566, 956, 0, 0
19:50:52, 1030.70, 19.33, 21.70, 16.789, 5315, 2477, 7364, 3770, 3744, 4275, 3811, 5244, 8967, 3281, 0, 0, 720, 1334, 2670, 4150, 5751, 5291, 4746, 4001, 12198, 923, 0, 0
19:50:53, 1030.80, 19.32, 21.71, 16.773, 4324, 2126, 4766, 3137, 5465, 6893, 4444, 6660, 8962, 3200, 0, 0, 681, 1265, 2536, 3960, 5381, 4936, 4418, 3710, 11402, 870, 0, 0
19:50:53, 1031.80, 19.31, 21.70, 16.781, 5964, 3823, 10653, 4958, 17559, 17486, 15227, 24412, 8980, 2854, 0, 0, 624, 1159, 2329, 3654, 5004, 4591, 4116, 3446, 10549, 893, 0, 0
19:50:54, 1033.10, 19.30, 21.71, 16.781, 960, 1460, 1983, 2203, 2300, 2357, 2685, 3135, 5385, 1266, 0, 0, 624, 1159, 2344, 3681, 5118, 4702, 4214, 3517, 10703, 817, 0, 0
19:50:55, 1034.30, 19.30, 21.68, 16.781, 3518, 3054, 6715, 4374, 4788, 3438, 4793, 4857, 6317, 1803, 0, 0, 700, 1300, 2621, 4092, 5540, 5116, 4595, 3848, 11652, 877, 0, 0
19:50:55, 1036.10, 19.28, 21.70, 16.781, 2378, 2443, 6348, 3737, 5816, 3955, 6476, 5731, 7747, 2325, 0, 0, 714, 1327, 2681, 4186, 5756, 5326, 4786, 4014, 12135, 909, 0, 0
19:50:56, 1038.40, 19.26, 21.68, 16.781, 2531, 3044, 7208, 4603, 7103, 4130, 7471, 6254, 7806, 2087, 0, 0, 699, 1302, 2638, 4133, 5669, 5245, 4716, 3941, 11961, 892, 0, 0
19:50:57, 1039.20, 19.25, 21.71, 16.773, 2225, 3158, 7241, 5616, 12099, 5077, 16134, 8729, 7131, 1653, 0, 0, 652, 1218, 2482, 3904, 5437, 5027, 4521, 3765, 11474, 850, 0, 0
19:50:57, 1039.10, 19.24, 21.66, 16.766, 3543, 7377, 10615, 12422, 15079, 13463, 20310, 28197, 7193, 1545, 0, 0, 619, 1154, 2359, 3720, 5209, 4815, 4323, 3585, 10974, 816, 0, 0
19:50:58, 1038.30, 19.24, 21.68, 16.766, 4165, 8361, 11296, 13843, 19436, 25423, 26091, 35070, 10875, 1987, 0, 1, 600, 1102, 2259, 3551, 5165, 4805, 4319, 3633, 11181, 867, 0, 0
19:50:59, 1037.70, 19.23, 21.71, 16.766, 3924, 7006, 10706, 15736, 17169, 17503, 25823, 22970, 11665, 2439, 0, 0, 687, 1279, 2572, 4007, 5765, 5366, 4852, 4120, 12833, 989, 0, 0
19:50:59, 1036.90, 19.21, 21.68, 16.766, 2116, 4929, 5775, 11274, 14074, 9890, 18827, 10409, 11646, 2809, 0, 0, 772, 1428, 2848, 4406, 6282, 5834, 5315, 4562, 14415, 1133, 0, 0
19:51:00, 1037.40, 19.19, 21.70, 16.766, 1983, 4586, 3824, 12037, 12132, 10465, 24442, 9833, 12766, 3018, 0, 0, 772, 1429, 2845, 4410, 6158, 5698, 5197, 4417, 14245, 1151, 0, 0
19:51:01, 1037.70, 19.17, 21.68, 16.758, 2421, 4620, 4304, 13793, 12122, 18937, 19797, 15340, 16836, 3297, 0, 0, 776, 1446, 2849, 4411, 6110, 5728, 5220, 4539, 14219, 1117, 0, 0
19:51:01, 1037.70, 19.16, 21.68, 16.758, 4614, 5806, 6571, 13165, 14582, 16377, 24186, 20415, 35745, 4215, 0, 1, 731, 1354, 2706, 4212, 5854, 5435, 4923, 4201, 13901, 1089, 0, 0
19:51:02, 1038.50, 19.15, 21.66, 16.750, 4538, 6052, 6529, 12444, 11560, 16157, 20540, 19291, 36000, 6301, 1, 1, 727, 1340, 2694, 4197, 5864, 5447, 4926, 4200, 14128, 1097, 0, 0
19:51:03, 1037.20, 19.14, 21.66, 16.750, 5049, 6286, 7792, 13553, 7704, 17903, 22001, 17699, 36000, 9627, 1, 1, 760, 1395, 2788, 4323, 6093, 5661, 5134, 4406, 14898, 1168, 0, 0
19:51:03, 1037.50, 19.14, 21.66, 16.750, 5614, 4630, 8053, 14843, 6017, 18227, 15405, 14369, 36000, 10889, 1, 1, 786, 1444, 2874, 4449, 6194, 5755, 5212, 4477, 15198, 1179, 0, 0
19:51:04, 1038.00, 19.12, 21.66, 16.742, 5384, 4461, 8093, 13178, 5602, 18763, 9624, 13993, 36000, 16907, 1, 1, 796, 1455, 2899, 4489, 6220, 5788, 5229, 4491, 15414, 1191, 0, 0
19:51:05, 1036.90, 19.11, 21.66, 16.742, 6334, 3878, 12608, 11575, 9839, 19817, 7358, 19437, 36000, 34620, 1, 1, 794, 1452, 2893, 4472, 6218, 5795, 5232, 4502, 15612, 1199, 0, 0
19:51:05, 1036.60, 19.12, 21.68, 16.742, 6399, 3007, 9651, 6492, 7336, 11802, 5163, 10842, 36000, 36000, 1, 1, 821, 1503, 2977, 4599, 6356, 5937, 5366, 4634, 16148, 1235, 0, 0
19:51:06, 1036.30, 19.12, 21.64, 16.734, 5240, 2290, 6004, 3854, 6087, 9760, 4859, 8307, 36000, 35487, 1, 1, 819, 1501, 2968, 4588, 6267, 5847, 5278, 4543, 15915, 1200, 0, 0
19:51:07, 1035.40, 19.13, 21.68, 16.750, 4657, 2489, 10128, 3639, 8419, 7359, 5270, 8177, 36000, 36000, 1, 1, 810, 1488, 2937, 4559, 6212, 5792, 5229, 4492, 15877, 1202, 0, 0
19:51:07, 1035.70, 19.14, 21.68, 16.750, 5208, 4374, 10021, 4811, 9168, 6310, 7502, 9149, 36000, 36000, 1, 1, 798, 1472, 2906, 4520, 6172, 5754, 5207, 4470, 15816, 1192, 0, 0
19:51:08, 1034.20, 19.14, 21.64, 16.758, 4424, 3497, 9735, 4874, 12449, 5346, 13619, 9158, 36000, 36000, 1, 1, 813, 1503, 2959, 4597, 6333, 5892, 5348, 4578, 16301, 1240, 0, 0
19:51:09, 1034.30, 19.13, 21.68, 16.758, 1933, 2361, 5489, 3764, 9007, 3864, 15769, 5816, 36000, 36000, 1, 1, 800, 1485, 2923, 4545, 6244, 5803, 5280, 4514, 16046, 1222, 0, 0
19:51:09, 1033.60, 19.13, 21.64, 16.758, 2496, 3880, 8943, 6729, 14343, 4897, 23898, 8369, 36000, 36000, 1, 1, 762, 1415, 2807, 4374, 6109, 5666, 5159, 4390, 15685, 1194, 0, 0
19:51:10, 1034.70, 19.12, 21.66, 16.758, 1322, 1974, 3427, 3242, 4865, 3204, 6609, 4692, 36000, 29145, 1, 1, 814, 1515, 2972, 4627, 6297, 5850, 5336, 4551, 16168, 1240, 0, 0
19:51:11, 1034.60, 19.11, 21.64, 16.766, 1073, 1544, 2334, 2553, 3560, 2778, 4585, 3927, 34989, 14292, 0, 1, 793, 1475, 2907, 4535, 6157, 5728, 5217, 4463, 15984, 1227, 0, 0
19:51:11, 1037.00, 19.10, 21.64, 16.766, 1540, 1829, 4006, 2927, 15462, 5937, 21250, 11737, 36000, 36000, 1, 1, 650, 1196, 2409, 3771, 5013, 4616, 4190, 3493, 13366, 995, 0, 0
19:51:12, 1038.90, 19.07, 21.64, 16.758, 5173, 11289, 13102, 18459, 16399, 14909, 22382, 23393, 36000, 36000, 1, 1, 695, 1292, 2585, 4064, 5698, 5285, 4799, 4052, 14680, 1101, 0, 0
19:51:13, 1040.10, 19.05, 21.68, 16.766, 1981, 3975, 7106, 8808, 16351, 4922, 19944, 7732, 36000, 36000, 1, 1, 734, 1371, 2725, 4273, 6004, 5559, 5059, 4282, 15328, 1155, 0, 0
19:51:13, 1040.00, 19.04, 21.63, 16.766, 1345, 2395, 4044, 5079, 10959, 4502, 18374, 6397, 36000, 35830, 1, 1, 705, 1316, 2639, 4144, 5713, 5275, 4794, 4027, 14464, 1081, 0, 0
19:51:14, 1043.10, 19.03, 21.64, 16.766, 2244, 4970, 8128, 11082, 14464, 6015, 20885, 9206, 36000, 36000, 1, 1, 711, 1327, 2663, 4182, 5850, 5415, 4917, 4142, 14693, 1088, 0, 0
19:51:15, 1046.80, 19.02, 21.64, 16.766, 1491, 2424, 4795, 4563, 5660, 3618, 7021, 5123, 36000, 21389, 1, 1, 737, 1374, 2758, 4358, 5996, 5573, 5045, 4266, 15034, 1109, 0, 0
19:51:15, 1048.00, 19.01, 21.64, 16.758, 1733, 2184, 4602, 3743, 6619, 4036, 6856, 5679, 36000, 28305, 1, 1, 729, 1353, 2726, 4308, 5893, 5487, 4949, 4187, 14761, 1079, 0, 0
19:51:16, 1043.50, 19.01, 21.66, 16.750, 3147, 2620, 6741, 3988, 8713, 5370, 6794, 7656, 36000, 32831, 1, 1, 722, 1333, 2687, 4231, 5895, 5502, 4950, 4220, 14850, 1094, 0, 0
19:51:17, 1042.40, 19.00, 21.64, 16.750, 4108, 2816, 9236, 4252, 10360, 10453, 6178, 11698, 36000, 36000, 1, 1, 751, 1377, 2756, 4302, 5910, 5516, 4953, 4243, 14887, 1111, 0, 0
19:51:17, 1040.10, 18.99, 21.66, 16.742, 5016, 3710, 9452, 8216, 15887, 16809, 9492, 18639, 36000, 35661, 1, 1, 729, 1335, 2689, 4195, 5863, 5459, 4904, 4202, 14617, 1102, 0, 0
19:51:18, 1038.60, 18.98, 21.66, 16.734, 5228, 6920, 12045, 13982, 13246, 16429, 11047, 23081, 36000, 30900, 1, 1, 746, 1367, 2732, 4239, 5992, 5570, 5020, 4316, 14933, 1148, 0, 0
19:51:19, 1047.80, 18.96, 21.64, 16.734, 3525, 2041, 3641, 4518, 3528, 6256, 4417, 5568, 35608, 4719, 0, 1, 755, 1381, 2795, 4367, 5775, 5363, 4808, 4084, 13896, 1041, 0, 0
19:51:19, 1042.50, 18.95, 21.63, 16.734, 3996, 2454, 4865, 6646, 5085, 13343, 6351, 10105, 36000, 9294, 1, 1, 719, 1319, 2672, 4179, 5818, 5410, 4868, 4150, 14259, 1080, 0, 0
19:51:20, 1041.10, 18.93, 21.64, 16.750, 5855, 3613, 7567, 12954, 6025, 18305, 10431, 15890, 36000, 15524, 1, 1, 753, 1377, 2761, 4282, 5915, 5495, 4960, 4247, 14448, 1112, 0, 0
19:51:21, 1042.20, 18.91, 21.63, 16.750, 5363, 5349, 9097, 13885, 6919, 18678, 19032, 17962, 36000, 11639, 1, 1, 729, 1339, 2708, 4229, 5903, 5486, 4936, 4211, 14267, 1091, 0, 0
19:51:21, 1038.10, 18.90, 21.63, 16.742, 5597, 6209, 9598, 14436, 7778, 17019, 15349, 22392, 36000, 17270, 1, 1, 735, 1348, 2707, 4209, 5939, 5525, 4992, 4282, 14642, 1139, 0, 0
19:51:22, 1040.50, 18.90, 21.64, 16.758, 5222, 4888, 8189, 14809, 8607, 17438, 20183, 19293, 36000, 12000, 1, 1, 754, 1384, 2772, 4296, 6033, 5610, 5069, 4345, 14644, 1135, 0, 0
19:51:23, 1043.40, 18.90, 21.66, 16.758, 4584, 3271, 5186, 11040, 6091, 15757, 15446, 12757, 36000, 5658, 1, 1, 735, 1352, 2733, 4277, 5943, 5523, 4970, 4239, 14322, 1094, 0, 0
19:51:23, 1041.30, 18.89, 21.66, 16.758, 4981, 3573, 5967, 12243, 6962, 19088, 17721, 18473, 36000, 13356, 1, 1, 738, 1353, 2721, 4242, 5956, 5542, 5000, 4279, 14583, 1123, 0, 0
19:51:24, 1044.90, 18.89, 21.66, 16.758, 5327, 2926, 5845, 10670, 5182, 15932, 9972, 12867, 36000, 8426, 1, 1, 734, 1348, 2721, 4248, 5909, 5496, 4952, 4224, 14357, 1090, 0, 0
19:51:25, 1042.40, 18.89, 21.64, 16.758, 4954, 3207, 6759, 8949, 5895, 18629, 7917, 16285, 36000, 13840, 1, 1, 727, 1331, 2696, 4221, 5907, 5496, 4943, 4217, 14512, 1104, 0, 0
19:51:25, 1043.20, 18.88, 21.63, 16.742, 5924, 4206, 10361, 11545, 6625, 15984, 8370, 18307, 36000, 18721, 1, 1, 721, 1321, 2663, 4166, 5880, 5470, 4923, 4211, 14423, 1099, 0, 0
19:51:26, 1042.20, 18.88, 21.64, 16.734, 4450, 4697, 8669, 11303, 14623, 21836, 17939, 26907, 36000, 27088, 1, 1, 726, 1331, 2682, 4183, 5920, 5509, 4954, 4240, 14631, 1114, 0, 0
19:51:27, 1043.80, 18.88, 21.64, 16.734, 5455, 3151, 10094, 8940, 10988, 17780, 8336, 18953, 36000, 23628, 1, 1, 734, 1347, 2714, 4245, 5965, 5560, 5001, 4270, 14788, 1117, 0, 0
19:51:27, 1044.00, 18.88, 21.66, 16.734, 4703, 2372, 5933, 5293, 8952, 15680, 6932, 16726, 36000, 26092, 1, 1, 725, 1331, 2681, 4187, 5948, 5547, 4991, 4271, 14724, 1103, 0, 0
19:51:28, 1043.40, 18.87, 21.63, 16.734, 4511, 2450, 7072, 4945, 8783, 13873, 6016, 12753, 36000, 35839, 1, 1, 758, 1393, 2792, 4358, 6105, 5695, 5127, 4384, 15265, 1144, 0, 0
19:51:29, 1043.40, 18.87, 21.63, 16.734, 3837, 2007, 4669, 3565, 6344, 9890, 5199, 9492, 36000, 26646, 1, 1, 744, 1365, 2749, 4303, 5954, 5557, 4994, 4261, 14870, 1104, 0, 0
19:51:29, 1037.60, 18.87, 21.63, 16.742, 5031, 2796, 9288, 4499, 13402, 10449, 6888, 13907, 36000, 36000, 1, 1, 751, 1380, 2758, 4306, 6057, 5651, 5097, 4371, 15400, 1156, 0, 0
19:51:30, 1037.60, 18.86, 21.63, 16.742, 5476, 3751, 9633, 4791, 17737, 13029, 10402, 14161, 36000, 36000, 1, 1, 779, 1429, 2834, 4399, 6032, 5629, 5078, 4357, 15372, 1159, 0, 0
19:51:31, 1039.20, 18.85, 21.63, 16.750, 4788, 3338, 9981, 4604, 10710, 7973, 6185, 9738, 36000, 36000, 1, 1, 772, 1419, 2830, 4413, 6046, 5646, 5097, 4373, 15356, 1147, 0, 0
19:51:31, 1037.10, 18.85, 21.57, 16.758, 4556, 3096, 8979, 4223, 11060, 8428, 7058, 9113, 36000, 36000, 1, 1, 800, 1471, 2920, 4541, 6298, 5876, 5307, 4553, 16030, 1210, 0, 0
19:51:32, 1039.30, 18.84, 21.63, 16.758, 4181, 2300, 7406, 3409, 5836, 5581, 4551, 6661, 36000, 36000, 1, 1, 810, 1487, 2945, 4580, 6266, 5850, 5283, 4532, 15862, 1196, 0, 0
19:51:33, 1038.60, 18.84, 21.63, 16.758, 5319, 2817, 7877, 4054, 9882, 7201, 5863, 8154, 36000, 36000, 1, 1, 820, 1510, 2990, 4652, 6392, 5963, 5390, 4618, 16253, 1228, 0, 0
19:51:33, 1040.20, 18.84, 21.64, 16.758, 4430, 3275, 8890, 4389, 11342, 8604, 7681, 9793, 36000, 36000, 1, 1, 776, 1431, 2855, 4461, 6140, 5726, 5166, 4415, 15498, 1155, 0, 0
19:51:34, 1043.50, 18.84, 21.61, 16.758, 4226, 3278, 8925, 4480, 11356, 9110, 10375, 12983, 36000, 36000, 1, 1, 756, 1396, 2796, 4377, 5979, 5566, 5015, 4263, 14997, 1102, 0, 0
19:51:35, 1049.70, 18.84, 21.64, 16.766, 3834, 3006, 7972, 4392, 8739, 4888, 6900, 6786, 36000, 31570, 1, 1, 723, 1340, 2710, 4283, 5870, 5463, 4919, 4152, 14622, 1065, 0, 0
19:51:35, 1055.10, 18.83, 21.59, 16.766, 2239, 2479, 6269, 4128, 8347, 4781, 8967, 6884, 36000, 22102, 1, 1, 677, 1258, 2568, 4088, 5761, 5367, 4842, 4077, 14243, 1033, 0, 0
19:51:36, 1063.20, 18.82, 21.63, 16.766, 1472, 2017, 4023, 3671, 9782, 4846, 10216, 6762, 36000, 22212, 1, 1, 656, 1221, 2518, 4041, 5656, 5277, 4758, 3983, 13862, 1000, 0, 0
19:51:37, 1068.40, 18.82, 21.63, 16.758, 1861, 2473, 5245, 4679, 7841, 4822, 8228, 6549, 36000, 13338, 1, 1, 609, 1131, 2358, 3820, 5360, 5006, 4501, 3754, 12976, 932, 0, 0
19:51:37, 1071.70, 18.81, 21.61, 16.742, 1781, 2308, 4902, 4374, 10201, 6575, 11101, 9123, 36000, 16472, 1, 1, 591, 1096, 2297, 3727, 5262, 4913, 4406, 3667, 12648, 907, 0, 0
19:51:38, 1075.60, 18.81, 21.59, 16.742, 2112, 2481, 5320, 4661, 8958, 6829, 9324, 8845, 36000, 11215, 1, 1, 576, 1066, 2253, 3681, 5222, 4881, 4367, 3631, 12453, 892, 0, 0
19:51:39, 1078.60, 18.80, 21.61, 16.711, 2026, 2340, 5123, 4482, 8358, 6089, 8778, 7970, 36000, 10574, 1, 1, 554, 1024, 2172, 3563, 5147, 4810, 4302, 3569, 12246, 877, 0, 0
19:51:39, 1082.20, 18.79, 21.61, 16.711, 1636, 2170, 4613, 4354, 7031, 5200, 7634, 6718, 36000, 8926, 1, 1, 551, 1017, 2169, 3572, 5131, 4790, 4276, 3535, 12200, 877, 0, 0
19:51:40, 1086.80, 18.79, 21.61, 16.711, 1840, 2830, 5662, 6041, 8212, 5643, 9991, 7662, 36000, 7802, 1, 1, 524, 966, 2073, 3437, 5056, 4723, 4217, 3478, 12001, 868, 0, 0
19:51:41, 1095.20, 18.79, 21.61, 16.703, 1099, 1749, 3471, 3833, 6553, 4805, 8002, 6021, 36000, 6356, 1, 1, 475, 874, 1898, 3178, 4575, 4278, 3815, 3121, 10628, 767, 0, 0
19:51:41, 1100.90, 18.78, 21.61, 16.687, 1099, 1918, 3758, 4487, 7227, 5110, 8725, 6386, 36000, 6080, 1, 1, 462, 848, 1854, 3125, 4460, 4176, 3719, 3038, 10303, 745, 0, 0
19:51:42, 1103.50, 18.78, 21.63, 16.687, 1047, 1893, 3637, 4619, 6489, 4984, 7991, 6015, 36000, 4535, 1, 1, 434, 791, 1747, 2965, 4393, 4123, 3682, 3014, 10135, 733, 0, 0
19:51:43, 1106.00, 18.76, 21.59, 16.641, 895, 1549, 2981, 3697, 6385, 4645, 7561, 5657, 36000, 4887, 1, 1, 417, 758, 1680, 2863, 4220, 3961, 3526, 2876, 9650, 699, 0, 0
19:51:43, 1106.40, 18.75, 21.59, 16.562, 1055, 1874, 3630, 4570, 6916, 5085, 8326, 6302, 36000, 4900, 1, 1, 415, 754, 1675, 2863, 4253, 3990, 3545, 2886, 9746, 706, 0, 0
19:51:44, 1109.50, 18.75, 21.61, 16.562, 1022, 1730, 3409, 4161, 6878, 5218, 8261, 6410, 36000, 5323, 1, 1, 407, 738, 1646, 2824, 4185, 3925, 3476, 2823, 9583, 696, 0, 0
19:51:44, 1113.20, 18.72, 21.63, 16.508, 1028, 1851, 3588, 4647, 6663, 4929, 8203, 5997, 36000, 5028, 1, 1, 397, 718, 1606, 2766, 4048, 3796, 3353, 2712, 9195, 671, 0, 0
19:51:45, 1116.70, 18.70, 21.56, 16.508, 822, 1517, 2892, 3863, 5742, 4642, 7076, 5381, 33544, 3631, 0, 1, 371, 667, 1506, 2618, 3900, 3662, 3236, 2615, 8741, 636, 0, 0
19:51:46, 1121.00, 18.68, 21.61, 16.453, 723, 1362, 2553, 3538, 4966, 4061, 6051, 4606, 28960, 3035, 0, 0, 359, 642, 1456, 2550, 3786, 3553, 3127, 2511, 8478, 621, 0, 0
19:51:46, 1124.90, 18.67, 21.59, 16.398, 741, 1434, 2693, 3864, 5363, 4351, 6861, 4901, 30628, 3218, 0, 0, 337, 601, 1374, 2424, 3652, 3428, 3010, 2412, 8149, 598, 0, 0
19:51:47, 1128.50, 18.66, 21.59, 16.398, 649, 1252, 2344, 3385, 4897, 4216, 5977, 4646, 25710, 2469, 0, 0, 321, 568, 1307, 2321, 3508, 3301, 2901, 2322, 7731, 567, 0, 0
19:51:48, 1132.10, 18.65, 21.57, 16.305, 638, 1242, 2333, 3430, 4838, 4086, 5996, 4523, 26180, 2593, 0, 0, 316, 557, 1285, 2290, 3457, 3252, 2852, 2278, 7648, 562, 0, 0
19:51:48, 1135.90, 18.63, 21.59, 16.219, 642, 1254, 2382, 3537, 5038, 4283, 6297, 4675, 26160, 2585, 0, 0, 293, 513, 1194, 2146, 3285, 3097, 2714, 2162, 7197, 529, 0, 0
19:51:49, 1141.10, 18.62, 21.57, 16.219, 575, 1121, 2140, 3208, 4497, 4021, 5345, 4286, 21770, 1967, 0, 0, 280, 486, 1138, 2063, 3150, 2974, 2600, 2063, 6830, 503, 0, 0
19:51:50, 1143.80, 18.60, 21.59, 16.172, 558, 1094, 2125, 3239, 4201, 3778, 4987, 3961, 19865, 1803, 0, 0, 267, 462, 1086, 1982, 3074, 2903, 2530, 2003, 6654, 491, 0, 0
19:51:50, 1148.20, 18.58, 21.57, 16.148, 543, 1060, 2057, 3129, 4398, 3864, 5285, 4071, 21101, 1956, 0, 0, 254, 436, 1032, 1900, 2938, 2778, 2417, 1908, 6316, 467, 0, 0
19:51:51, 1152.20, 18.57, 21.63, 16.148, 520, 1019, 1987, 3071, 4103, 3792, 4804, 3889, 18610, 1615, 0, 0, 245, 417, 992, 1838, 2852, 2697, 2342, 1844, 6123, 454, 0, 0
19:51:52, 1153.70, 18.55, 21.61, 16.109, 482, 955, 1857, 2915, 4202, 3891, 5020, 3975, 18889, 1626, 0, 0, 239, 405, 965, 1793, 2822, 2672, 2322, 1828, 6039, 448, 0, 0
19:51:52, 1160.20, 18.54, 21.57, 16.094, 465, 914, 1784, 2808, 3947, 3669, 4670, 3718, 17362, 1473, 0, 0, 227, 383, 916, 1716, 2679, 2544, 2210, 1740, 5696, 423, 0, 0
19:51:53, 1163.80, 18.52, 21.63, 16.094, 440, 872, 1716, 2789, 3842, 3594, 4638, 3558, 16682, 1405, 0, 0, 215, 358, 861, 1626, 2594, 2469, 2143, 1685, 5494, 409, 0, 0
19:51:54, 1165.80, 18.51, 21.64, 16.070, 429, 849, 1677, 2742, 3701, 3517, 4383, 3447, 15443, 1271, 0, 0, 209, 347, 836, 1584, 2535, 2413, 2095, 1645, 5362, 399, 0, 0
19:51:54, 1170.40, 18.51, 21.61, 16.062, 404, 795, 1582, 2574, 3650, 3483, 4300, 3380, 14986, 1220, 0, 0, 200, 329, 795, 1518, 2422, 2313, 2011, 1577, 5098, 380, 0, 0
19:51:55, 1174.70, 18.50, 21.56, 16.062, 378, 740, 1481, 2428, 3322, 3183, 3842, 3047, 13538, 1094, 0, 0, 194, 317, 767, 1476, 2347, 2248, 1956, 1537, 4932, 369, 0, 0
19:51:56, 1177.70, 18.49, 21.57, 16.039, 363, 710, 1433, 2360, 3297, 3138, 3831, 2987, 13313, 1089, 0, 0, 186, 302, 733, 1415, 2271, 2179, 1898, 1493, 4773, 357, 0, 0
19:51:56, 1180.00, 18.48, 21.57, 16.016, 361, 704, 1429, 2370, 3327, 3199, 3829, 3041, 13276, 1070, 0, 0, 184, 297, 723, 1401, 2265, 2178, 1896, 1493, 4760, 356, 0, 0
19:51:57, 1183.80, 18.47, 21.56, 16.016, 357, 698, 1424, 2373, 3244, 3143, 3689, 2949, 12638, 1003, 0, 0, 176, 282, 688, 1344, 2190, 2110, 1833, 1445, 4595, 344, 0, 0
19:51:58, 1185.60, 18.46, 21.56, 15.992, 355, 697, 1428, 2417, 3234, 3137, 3713, 2914, 12385, 978, 0, 0, 170, 270, 660, 1296, 2125, 2052, 1783, 1407, 4444, 333, 0, 0
19:51:58, 1188.40, 18.46, 21.61, 15.984, 342, 665, 1366, 2289, 3116, 3055, 3517, 2820, 11652, 903, 0, 0, 168, 266, 652, 1286, 2107, 2036, 1769, 1395, 4404, 331, 0, 0
19:51:59, 1190.70, 18.45, 21.61, 15.984, 338, 654, 1346, 2287, 3089, 3063, 3487, 2804, 11269, 860, 0, 0, 164, 258, 633, 1252, 2053, 1985, 1723, 1359, 4289, 323, 0, 0
19:52:00, 1194.30, 18.45, 21.61, 15.969, 313, 600, 1237, 2124, 2952, 2956, 3360, 2669, 10520, 787, 0, 0, 156, 244, 598, 1192, 1980, 1924, 1673, 1325, 4124, 311, 0, 0
19:52:00, 1194.80, 18.44, 21.57, 15.969, 314, 600, 1240, 2156, 2884, 2898, 3265, 2589, 10080, 746, 0, 0, 154, 239, 588, 1172, 1954, 1900, 1653, 1310, 4080, 308, 0, 0
19:52:01, 1194.90, 18.44, 21.57, 15.961, 313, 597, 1233, 2138, 2899, 2932, 3250, 2622, 10014, 735, 0, 0, 155, 240, 590, 1174, 1948, 1895, 1649, 1307, 4076, 308, 0, 0
19:52:02, 1192.60, 18.44, 21.56, 15.945, 308, 583, 1202, 2092, 2859, 2901, 3224, 2589, 9810, 715, 0, 0, 158, 246, 604, 1199, 1990, 1932, 1683, 1331, 4161, 314, 0, 0
19:52:02, 1192.40, 18.45, 21.57, 15.945, 313, 592, 1216, 2096, 2833, 2885, 3202, 2582, 9691, 702, 0, 0, 159, 249, 611, 1211, 2004, 1945, 1696, 1341, 4192, 317, 0, 0
19:52:03, 1192.30, 18.44, 21.59, 15.945, 322, 606, 1246, 2156, 2934, 3003, 3343, 2677, 9920, 709, 0, 0, 157, 246, 604, 1198, 1986, 1927, 1676, 1324, 4149, 314, 0, 0
19:52:04, 1191.40, 18.44, 21.54, 15.945, 327, 612, 1248, 2200, 2944, 3041, 3377, 2707, 9870, 697, 0, 0, 159, 248, 610, 1208, 1997, 1936, 1684, 1329, 4176, 316, 0, 0
19:52:04, 1191.10, 18.44, 21.57, 15.945, 324, 602, 1231, 2134, 2856, 2967, 3239, 2645, 9335, 654, 0, 0, 160, 250, 614, 1214, 2009, 1948, 1696, 1340, 4202, 318, 0, 0
19:52:05, 1190.70, 18.45, 21.57, 15.945, 331, 610, 1251, 2172, 2881, 3019, 3257, 2684, 9167, 635, 0, 0, 158, 246, 605, 1196, 1986, 1926, 1679, 1329, 4162, 315, 0, 0
19:52:06, 1186.40, 18.45, 21.56, 15.953, 342, 624, 1271, 2200, 2934, 3098, 3327, 2760, 9152, 626, 0, 0, 166, 261, 641, 1257, 2093, 2022, 1763, 1391, 4379, 331, 0, 0
19:52:06, 1184.60, 18.42, 21.56, 15.953, 354, 637, 1292, 2230, 2838, 3029, 3213, 2692, 8667, 589, 0, 0, 166, 262, 644, 1260, 2095, 2020, 1758, 1385, 4366, 331, 0, 0
19:52:07, 1181.40, 18.40, 21.56, 15.953, 377, 676, 1369, 2331, 3070, 3299, 3484, 2980, 9197, 620, 0, 0, 174, 277, 679, 1321, 2176, 2091, 1817, 1429, 4532, 343, 0, 0
19:52:08, 1179.70, 18.39, 21.56, 15.945, 387, 682, 1370, 2345, 3028, 3300, 3448, 2972, 8871, 592, 0, 0, 175, 280, 687, 1332, 2198, 2107, 1829, 1436, 4576, 347, 0, 0
19:52:08, 1177.20, 18.38, 21.56, 15.945, 402, 701, 1411, 2398, 3018, 3303, 3402, 2968, 8625, 576, 0, 0, 177, 283, 694, 1342, 2213, 2121, 1842, 1448, 4590, 348, 0, 0
19:52:09, 1173.70, 18.36, 21.56, 15.945, 417, 722, 1443, 2429, 3106, 3442, 3561, 3117, 8928, 594, 0, 0, 185, 298, 730, 1403, 2301, 2199, 1908, 1498, 4774, 362, 0, 0
19:52:10, 1171.30, 18.34, 21.59, 15.945, 446, 763, 1515, 2549, 3215, 3564, 3672, 3248, 9162, 609, 0, 0, 189, 307, 750, 1436, 2339, 2231, 1930, 1513, 4846, 367, 0, 0
19:52:10, 1168.90, 18.34, 21.57, 15.945, 458, 777, 1536, 2579, 3359, 3755, 3858, 3462, 9408, 622, 0, 0, 195, 318, 775, 1478, 2395, 2281, 1972, 1543, 4972, 376, 0, 0
19:52:11, 1164.00, 18.34, 21.54, 15.945, 464, 782, 1539, 2580, 3257, 3641, 3734, 3359, 9160, 604, 0, 0, 200, 329, 800, 1517, 2470, 2346, 2030, 1589, 5131, 388, 0, 0
19:52:12, 1158.50, 18.33, 21.59, 15.953, 492, 842, 1642, 2707, 3401, 3801, 3917, 3552, 9660, 638, 0, 0, 214, 355, 857, 1611, 2601, 2466, 2137, 1677, 5412, 409, 0, 0
19:52:12, 1156.80, 18.33, 21.54, 15.953, 518, 880, 1695, 2789, 3521, 4091, 4193, 3791, 10267, 676, 0, 0, 221, 370, 889, 1662, 2647, 2510, 2175, 1711, 5522, 417, 0, 0
19:52:13, 1154.00, 18.32, 21.54, 15.969, 554, 913, 1756, 2917, 3517, 4049, 4131, 3764, 10065, 666, 0, 0, 225, 378, 907, 1690, 2699, 2556, 2218, 1746, 5639, 425, 0, 0
19:52:14, 1153.50, 18.31, 21.56, 15.992, 542, 898, 1721, 2837, 3498, 4069, 4120, 3768, 9918, 660, 0, 0, 229, 385, 924, 1719, 2732, 2585, 2243, 1765, 5707, 431, 0, 0
19:52:14, 1154.10, 18.31, 21.56, 15.992, 540, 896, 1720, 2798, 3452, 3999, 4045, 3735, 9742, 644, 0, 0, 229, 384, 922, 1717, 2727, 2582, 2241, 1763, 5689, 430, 0, 0
19:52:15, 1151.80, 18.32, 21.59, 15.992, 576, 919, 1780, 2899, 3442, 4099, 4021, 3777, 9244, 618, 0, 0, 232, 390, 935, 1736, 2752, 2604, 2260, 1779, 5738, 434, 0, 0
19:52:16, 1152.60, 18.32, 21.54, 15.992, 629, 982, 1891, 3101, 3524, 4097, 4041, 3835, 9323, 619, 0, 0, 233, 392, 938, 1742, 2752, 2610, 2273, 1794, 5739, 434, 0, 0
19:52:16, 1152.60, 18.33, 21.56, 15.992, 576, 900, 1743, 2823, 3472, 4065, 4006, 3791, 9163, 607, 0, 0, 230, 387, 925, 1720, 2737, 2597, 2264, 1788, 5698, 430, 0, 0
19:52:17, 1152.50, 18.33, 21.56, 16.008, 582, 920, 1785, 2885, 3542, 4143, 4050, 3876, 9149, 608, 0, 0, 229, 385, 922, 1716, 2718, 2579, 2245, 1773, 5661, 428, 0, 0
19:52:18, 1152.20, 18.33, 21.56, 16.008, 622, 968, 1868, 3054, 3698, 4398, 4325, 4100, 9751, 641, 0, 0, 231, 390, 932, 1732, 2746, 2605, 2268, 1791, 5722, 432, 0, 0
19:52:18, 1153.00, 18.34, 21.54, 16.008, 566, 908, 1749, 2843, 3475, 4079, 4041, 3784, 9463, 624, 0, 0, 229, 385, 923, 1719, 2723, 2581, 2241, 1767, 5669, 428, 0, 0
19:52:19, 1152.50, 18.34, 21.52, 16.016, 560, 914, 1759, 2872, 3523, 4139, 4150, 3832, 9881, 653, 0, 0, 230, 386, 925, 1721, 2725, 2582, 2243, 1769, 5680, 429, 0, 0
19:52:20, 1154.40, 18.34, 21.54, 16.016, 563, 929, 1766, 2934, 3467, 3963, 4100, 3714, 10214, 675, 0, 0, 230, 385, 923, 1718, 2704, 2563, 2226, 1755, 5650, 427, 0, 0
19:52:20, 1154.00, 18.34, 21.56, 16.023, 531, 903, 1716, 2884, 3497, 3989, 4239, 3721, 10907, 724, 0, 0, 228, 382, 916, 1707, 2715, 2574, 2237, 1764, 5701, 430, 0, 0
19:52:21, 1154.30, 18.34, 21.52, 16.047, 531, 933, 1762, 2981, 3551, 3947, 4342, 3700, 11638, 780, 0, 0, 228, 382, 916, 1706, 2705, 2566, 2231, 1759, 5680, 428, 0, 0
19:52:22, 1152.30, 18.35, 21.56, 16.047, 494, 888, 1677, 2814, 3629, 3999, 4488, 3775, 12308, 821, 0, 0, 233, 393, 941, 1746, 2771, 2626, 2285, 1804, 5843, 440, 0, 0
19:52:22, 1152.40, 18.35, 21.54, 16.055, 509, 932, 1743, 2949, 3700, 4006, 4670, 3803, 13422, 908, 0, 0, 236, 397, 950, 1760, 2775, 2628, 2289, 1807, 5866, 441, 0, 0
19:52:23, 1152.70, 18.35, 21.54, 16.062, 512, 953, 1782, 3036, 3750, 4019, 4738, 3820, 13823, 942, 0, 0, 234, 395, 944, 1752, 2758, 2616, 2281, 1803, 5847, 439, 0, 0
19:52:24, 1151.80, 18.35, 21.56, 16.062, 480, 902, 1690, 2866, 3542, 3718, 4327, 3551, 13052, 912, 0, 0, 236, 399, 952, 1764, 2803, 2657, 2321, 1837, 5952, 447, 0, 0
19:52:24, 1153.20, 18.35, 21.52, 16.062, 478, 912, 1705, 2899, 3529, 3646, 4273, 3501, 13252, 946, 0, 0, 234, 395, 944, 1751, 2760, 2618, 2284, 1805, 5871, 440, 0, 0
19:52:25, 1152.40, 18.35, 21.56, 16.070, 463, 885, 1665, 2797, 3725, 3842, 4633, 3707, 14446, 1039, 0, 0, 237, 400, 954, 1768, 2798, 2654, 2318, 1833, 5964, 447, 0, 0
19:52:26, 1153.10, 18.35, 21.57, 16.070, 478, 923, 1730, 2924, 3736, 3810, 4769, 3684, 15122, 1104, 0, 0, 236, 397, 949, 1761, 2778, 2634, 2297, 1814, 5925, 444, 0, 0
19:52:26, 1153.30, 18.35, 21.51, 16.062, 484, 940, 1769, 2988, 3753, 3815, 4666, 3685, 14826, 1083, 0, 0, 235, 396, 947, 1757, 2775, 2634, 2298, 1817, 5913, 444, 0, 0
19:52:27, 1153.10, 18.36, 21.52, 16.078, 470, 916, 1720, 2930, 3757, 3795, 4641, 3692, 14868, 1098, 0, 0, 234, 395, 942, 1750, 2764, 2624, 2290, 1810, 5880, 441, 0, 0
19:52:28, 1152.50, 18.35, 21.54, 16.078, 463, 901, 1694, 2836, 3831, 3877, 4900, 3780, 15625, 1155, 0, 0, 238, 402, 959, 1777, 2805, 2659, 2322, 1834, 5990, 449, 0, 0
19:52:28, 1152.80, 18.36, 21.51, 16.086, 488, 955, 1790, 3070, 3829, 3865, 4756, 3767, 15254, 1134, 0, 0, 235, 395, 945, 1756, 2779, 2639, 2306, 1824, 5923, 444, 0, 0
19:52:29, 1150.00, 18.36, 21.52, 16.086, 480, 933, 1743, 2952, 3941, 4003, 4993, 3900, 15944, 1172, 0, 0, 243, 412, 980, 1810, 2854, 2707, 2368, 1876, 6112, 458, 0, 0
19:52:30, 1150.00, 18.36, 21.54, 16.102, 473, 918, 1705, 2896, 3728, 3815, 4679, 3701, 14850, 1077, 0, 0, 245, 416, 989, 1825, 2870, 2722, 2382, 1888, 6133, 460, 0, 0
19:52:30, 1150.20, 18.36, 21.52, 16.102, 503, 973, 1797, 3099, 3842, 3933, 4817, 3827, 15248, 1100, 0, 0, 246, 417, 991, 1827, 2869, 2721, 2380, 1885, 6136, 460, 0, 0
19:52:31, 1155.30, 18.36, 21.54, 16.102, 488, 941, 1758, 2995, 3721, 3812, 4590, 3673, 14471, 1047, 0, 0, 233, 393, 938, 1744, 2729, 2597, 2273, 1799, 5801, 435, 0, 0
19:52:32, 1155.00, 18.35, 21.52, 16.117, 448, 855, 1612, 2761, 3508, 3635, 4290, 3460, 13235, 939, 0, 0, 228, 383, 917, 1708, 2719, 2588, 2265, 1793, 5779, 434, 0, 0
19:52:32, 1154.90, 18.34, 21.54, 16.109, 478, 913, 1712, 2934, 3692, 3823, 4618, 3664, 14306, 1016, 0, 0, 232, 389, 932, 1733, 2745, 2608, 2283, 1804, 5846, 438, 0, 0
19:52:33, 1154.80, 18.34, 21.52, 16.109, 473, 899, 1694, 2880, 3582, 3729, 4346, 3565, 13274, 937, 0, 0, 231, 388, 930, 1730, 2755, 2616, 2284, 1806, 5860, 440, 0, 0
19:52:34, 1154.70, 18.34, 21.54, 16.102, 478, 906, 1708, 2898, 3645, 3837, 4550, 3643, 13708, 953, 0, 0, 229, 383, 919, 1713, 2721, 2583, 2251, 1775, 5761, 432, 0, 0
19:52:34, 1152.90, 18.33, 21.49, 16.109, 486, 910, 1705, 2931, 3699, 3932, 4643, 3735, 13799, 947, 0, 0, 231, 388, 930, 1730, 2740, 2600, 2266, 1788, 5796, 435, 0, 0
19:52:35, 1149.00, 18.33, 21.52, 16.109, 519, 975, 1817, 3082, 3888, 4132, 4862, 3964, 14447, 1000, 0, 0, 241, 408, 973, 1798, 2840, 2689, 2350, 1859, 6021, 452, 0, 0
19:52:36, 1137.90, 18.32, 21.52, 16.102, 561, 1051, 1919, 3283, 4057, 4298, 5091, 4194, 15325, 1061, 0, 0, 273, 471, 1108, 2009, 3191, 3010, 2644, 2109, 6894, 516, 0, 0
19:52:36, 1134.70, 18.30, 21.54, 16.133, 652, 1238, 2198, 3793, 4591, 4858, 5917, 4799, 18037, 1253, 0, 0, 283, 491, 1148, 2069, 3217, 3038, 2671, 2134, 6921, 516, 0, 0
19:52:37, 1130.70, 18.28, 21.51, 16.133, 665, 1281, 2262, 3857, 4442, 4653, 5836, 4574, 18583, 1311, 0, 0, 298, 522, 1212, 2168, 3357, 3164, 2788, 2235, 7263, 542, 0, 0
19:52:38, 1123.80, 18.27, 21.54, 16.125, 680, 1312, 2280, 3890, 4847, 5112, 6508, 5067, 20843, 1441, 0, 0, 321, 567, 1303, 2300, 3540, 3330, 2944, 2371, 7722, 574, 0, 0
19:52:38, 1122.30, 18.26, 21.54, 16.164, 674, 1327, 2247, 3871, 5020, 5142, 6857, 5169, 22449, 1655, 0, 0, 337, 600, 1373, 2409, 3635, 3418, 3022, 2434, 7973, 592, 0, 0
19:52:39, 1113.50, 18.26, 21.52, 16.164, 721, 1405, 2349, 4142, 4928, 5088, 6857, 5125, 22531, 1655, 0, 0, 357, 639, 1451, 2524, 3874, 3629, 3218, 2599, 8567, 635, 0, 0
19:52:40, 1110.80, 18.26, 21.52, 16.242, 875, 1786, 2837, 5325, 5394, 5333, 7642, 5469, 26146, 2108, 0, 0, 385, 697, 1567, 2694, 3979, 3721, 3304, 2671, 8858, 655, 0, 0
19:52:40, 1106.50, 18.27, 21.56, 16.336, 820, 1699, 2756, 4865, 6185, 5824, 8927, 6189, 30654, 2603, 0, 0, 398, 722, 1617, 2766, 4148, 3878, 3459, 2806, 9284, 683, 0, 0
19:52:41, 1105.00, 18.26, 21.52, 16.336, 794, 1642, 2707, 4476, 5924, 4861, 8365, 5329, 31470, 3145, 0, 0, 411, 748, 1668, 2843, 4200, 3922, 3497, 2833, 9487, 697, 0, 0
19:52:42, 1099.50, 18.27, 21.52, 16.406, 837, 1759, 2905, 5018, 6333, 5258, 8998, 5832, 34511, 3511, 0, 1, 426, 779, 1729, 2933, 4360, 4067, 3628, 2947, 9928, 726, 0, 0
19:52:42, 1095.30, 18.28, 21.54, 16.469, 880, 1805, 3060, 4787, 6100, 4861, 8370, 5611, 34542, 3680, 0, 1, 450, 827, 1817, 3063, 4492, 4188, 3735, 3038, 10318, 751, 0, 0
19:52:43, 1089.00, 18.29, 21.49, 16.469, 1001, 2056, 3628, 5464, 6125, 4872, 7951, 5764, 34444, 4025, 0, 1, 459, 843, 1848, 3105, 4620, 4308, 3850, 3146, 10742, 777, 0, 0
19:52:44, 1077.20, 18.30, 21.51, 16.523, 1181, 2279, 4105, 5544, 8396, 5605, 11048, 7215, 36000, 7484, 1, 1, 510, 944, 2029, 3359, 4911, 4580, 4105, 3380, 11638, 838, 0, 0
19:52:44, 1074.00, 18.30, 21.54, 16.523, 1365, 2314, 4472, 4991, 8815, 5606, 10857, 7681, 36000, 10138, 1, 1, 545, 1009, 2144, 3520, 5024, 4695, 4211, 3489, 11997, 861, 0, 0
19:52:45, 1068.40, 18.31, 21.52, 16.562, 2246, 3013, 6418, 5731, 8426, 5848, 9605, 8062, 36000, 10350, 1, 1, 572, 1058, 2230, 3636, 5218, 4884, 4380, 3657, 12592, 905, 0, 0
19:52:46, 1063.00, 18.32, 21.54, 16.617, 2408, 2722, 5752, 4713, 10818, 9204, 10631, 12732, 36000, 15336, 1, 1, 612, 1130, 2357, 3802, 5449, 5095, 4562, 3825, 13254, 956, 0, 0
19:52:46, 1057.20, 18.33, 21.56, 16.617, 3239, 3354, 7986, 5636, 10265, 9435, 7433, 12654, 36000, 15687, 1, 1, 652, 1201, 2485, 3978, 5632, 5256, 4705, 3959, 13734, 994, 0, 0
19:52:47, 1046.50, 18.34, 21.54, 16.648, 3903, 4280, 9759, 6838, 11159, 13495, 7799, 15957, 36000, 20389, 1, 1, 706, 1299, 2646, 4187, 5877, 5485, 4929, 4190, 14590, 1070, 0, 0
19:52:48, 1037.30, 18.35, 21.49, 16.672, 4628, 3303, 9993, 5188, 13005, 14768, 7718, 19569, 36000, 36000, 1, 1, 750, 1376, 2759, 4315, 5981, 5587, 5042, 4327, 15199, 1142, 0, 0
19:52:48, 1031.50, 18.36, 21.47, 16.672, 5519, 5054, 12204, 6047, 19024, 15795, 9787, 24334, 36000, 36000, 1, 1, 774, 1414, 2794, 4325, 6027, 5632, 5092, 4414, 15570, 1216, 0, 0
19:52:49, 1029.70, 18.36, 21.56, 16.687, 7434, 3228, 10529, 5499, 8207, 13998, 4919, 11780, 36000, 36000, 1, 1, 830, 1511, 2963, 4558, 6303, 5894, 5349, 4663, 16262, 1305, 0, 0
19:52:49, 1026.90, 18.36, 21.52, 16.727, 4871, 2028, 4370, 3655, 4250, 11039, 4343, 7888, 36000, 31981, 1, 1, 886, 1610, 3158, 4838, 6537, 6102, 5536, 4814, 16558, 1333, 0, 0
19:52:50, 1023.60, 18.36, 21.49, 16.727, 8068, 3318, 13444, 11181, 7570, 18569, 8453, 16545, 36000, 36000, 1, 1, 2249, 3705, 5784, 7462, 7478, 7379, 7400, 7743, 24677, 5885, 0, 0
19:52:51, 1023.40, 18.35, 21.49, 16.750, 7144, 9727, 14272, 19447, 10279, 21838, 20857, 31389, 36000, 36000, 1, 1, 3127, 4560, 7365, 10015, 7452, 7263, 8093, 7799, 27196, 7915, 0, 0
19:52:51, 1022.70, 18.35, 21.51, 16.820, 3962, 3734, 3668, 12684, 13141, 15383, 28741, 14281, 29519, 8007, 0, 0, 3686, 5977, 8652, 10986, 17578, 17235, 23964, 27724, 36000, 36000, 1, 1
19:52:52, 1022.80, 18.36, 21.56, 16.820, 1986, 5127, 6394, 14775, 9449, 4097, 16392, 5880, 12923, 7191, 0, 0, 4844, 8026, 10813, 15677, 15593, 17425, 20587, 24488, 36000, 36000, 1, 1
19:52:53, 1022.00, 18.38, 21.49, 16.859, 5631, 2185, 6213, 3447, 8779, 21493, 6082, 17140, 11766, 4809, 0, 0, 5610, 8717, 12275, 15163, 20926, 23732, 27031, 34917, 36000, 36000, 1, 1
19:52:53, 1022.20, 18.42, 21.54, 16.812, 2420, 3071, 3145, 11363, 3732, 6640, 9674, 4890, 29881, 7319, 0, 0, 6081, 11024, 14729, 18240, 14257, 15351, 18568, 23874, 36000, 19374, 1, 1
19:52:54, 1022.40, 18.46, 21.52, 16.812, 1647, 3609, 5376, 10356, 15650, 4908, 24614, 7101, 36000, 36000, 1, 1, 4322, 8319, 10097, 14196, 16954, 18710, 22972, 29758, 36000, 23652, 1, 1
19:52:55, 1022.10, 18.50, 21.54, 16.828, 4979, 3402, 3761, 12183, 2470, 3339, 3038, 3566, 10042, 4431, 0, 0, 1210, 1829, 2335, 2873, 2715, 2823, 3565, 4017, 8956, 5446, 0, 0
