Secchi Depth (cm) = 0124
Forel Ule Scale = 15
pH Colour Scale = 99
SensingSecchi S/N = A016
Latitude (degs N) = 34.13997
Longitude (degs E) = -77.86256
Date = 2026-04-22
Time (UTC), Pressure (mbar) MS5803, Temp (deg C) MS5803, Temp (deg C) 10KTHERM, Temp (deg C) TMP117, ED 415nm, ED 445nm, ED 480nm, ED 515nm, ED 555nm, ED 590nm, ED 630nm, ED 680nm, ED Clear, ED NIR, ED D-SAT, ED A-SAT, EU 415nm, EU 445nm, EU 480nm, EU 515nm, EU 555nm, EU 590nm, EU 630nm, EU 680nm, EU Clear, EU NIR, EU D-SAT, EU A-SAT
15:54:00, 1018.30, 20.81, 22.23, 18.336, 6138, 9964, 13347, 17123, 15236, 15928, 22513, 22969, 30893, 11473, 0, 0, 5159, 7618, 9480, 12089, 12403, 15287, 18051, 25795, 36000, 36000, 1, 1
15:54:00, 1018.00, 20.82, 22.23, 18.375, 3761, 7110, 8595, 12794, 13275, 13223, 19765, 18331, 24039, 9109, 0, 0, 4971, 7266, 9190, 11669, 12549, 15587, 18416, 25918, 36000, 36000, 1, 1
15:54:01, 1018.50, 20.81, 22.22, 18.398, 3236, 5181, 6493, 10371, 9292, 10727, 14684, 13165, 26709, 10181, 0, 0, 4473, 6256, 7759, 9728, 10771, 13002, 16253, 22855, 36000, 36000, 1, 1
15:54:02, 1018.50, 20.83, 22.22, 18.398, 3997, 5848, 7238, 11704, 9238, 12860, 14853, 14991, 36000, 19887, 1, 1, 4133, 5334, 6936, 7839, 8924, 10181, 13478, 19943, 36000, 36000, 1, 1
15:54:02, 1018.20, 20.83, 22.25, 18.391, 4421, 3835, 6593, 6630, 6771, 8640, 7152, 10310, 36000, 36000, 1, 1, 3674, 5622, 6843, 8344, 8930, 9893, 12762, 18630, 36000, 36000, 1, 1
15:54:03, 1018.50, 20.83, 22.25, 18.352, 4139, 3720, 6375, 6243, 7461, 10056, 8054, 11720, 36000, 36000, 1, 1, 3752, 5630, 6729, 8287, 9005, 10190, 13311, 19801, 36000, 36000, 1, 1
15:54:04, 1018.70, 20.82, 22.25, 18.352, 5607, 5179, 8842, 9713, 9842, 14174, 10937, 17174, 36000, 36000, 1, 1, 4084, 5949, 7222, 8800, 9265, 10560, 13693, 20422, 36000, 36000, 1, 1
15:54:04, 1018.40, 20.81, 22.27, 18.344, 5566, 5488, 9372, 10401, 9559, 14914, 12102, 19734, 36000, 36000, 1, 1, 4798, 6334, 8356, 9509, 11021, 12641, 16817, 24447, 36000, 36000, 1, 1
15:54:05, 1018.50, 20.81, 22.23, 18.289, 4913, 6599, 8361, 12800, 9996, 15877, 17223, 17905, 36000, 28937, 1, 1, 4789, 6232, 8344, 9404, 10710, 12502, 16654, 23449, 36000, 36000, 1, 1
15:54:06, 1018.60, 20.81, 22.25, 18.289, 5387, 7850, 10034, 14211, 15863, 17204, 21445, 23639, 36000, 32830, 1, 1, 4437, 5926, 7863, 9035, 10129, 11742, 15725, 21792, 36000, 36000, 1, 1
15:54:06, 1018.60, 20.80, 22.23, 18.250, 6007, 9957, 12628, 16284, 18963, 19991, 24887, 29761, 36000, 36000, 1, 1, 4518, 5974, 7929, 9086, 10345, 12050, 15842, 22312, 36000, 36000, 1, 1
15:54:07, 1018.40, 20.81, 22.23, 18.242, 5556, 6015, 8893, 11316, 5489, 6410, 6287, 8096, 36000, 24575, 1, 1, 4872, 7190, 9058, 10758, 12432, 14442, 18155, 25647, 36000, 36000, 1, 1
15:54:08, 1017.90, 20.81, 22.27, 18.242, 2667, 2814, 4844, 4577, 10734, 11534, 10595, 15237, 36000, 36000, 1, 1, 5253, 7697, 9930, 12366, 17198, 19533, 23543, 29283, 36000, 36000, 1, 1
15:54:08, 1018.10, 20.82, 22.27, 18.305, 11419, 17357, 27192, 32547, 36000, 36000, 36000, 36000, 36000, 33082, 1, 1, 3735, 5839, 8161, 10382, 11047, 11871, 14107, 16557, 36000, 33729, 1, 1
15:54:09, 1018.30, 20.82, 22.23, 18.312, 6772, 9945, 15009, 17190, 9414, 15265, 15246, 16850, 26941, 16683, 0, 0, 2338, 3648, 5716, 7030, 6768, 7310, 7428, 8609, 14501, 3491, 0, 0
15:54:10, 1018.00, 20.84, 22.23, 18.312, 10510, 16607, 24579, 28757, 10315, 9350, 15270, 13406, 19386, 7746, 0, 0, 1295, 2110, 3586, 4561, 4213, 4011, 4128, 4136, 16569, 3933, 0, 0
15:54:10, 1026.50, 20.84, 22.25, 18.312, 8776, 14341, 20314, 25461, 24922, 29296, 30263, 33431, 36000, 36000, 1, 1, 903, 1478, 2772, 3675, 5281, 4930, 4483, 3813, 11188, 838, 0, 0
15:54:11, 1023.30, 20.78, 22.25, 18.687, 4456, 7631, 10702, 12933, 31046, 31866, 32795, 33954, 28230, 10957, 0, 1, 637, 1171, 2347, 3677, 5397, 5059, 4621, 4014, 13753, 1112, 0, 0
15:54:12, 1024.30, 20.74, 22.23, 18.687, 8044, 12858, 20029, 22632, 26321, 26622, 30531, 34864, 36000, 36000, 1, 1, 684, 1253, 2470, 3815, 5209, 4837, 4501, 3882, 13874, 1090, 0, 0
15:54:12, 1025.00, 20.71, 22.22, 18.961, 9373, 17157, 20506, 25726, 21292, 27462, 24279, 30963, 36000, 33370, 1, 1, 668, 1219, 2388, 3686, 4907, 4621, 4300, 3897, 12585, 1123, 0, 0
15:54:13, 1026.40, 20.68, 22.25, 18.961, 7791, 14351, 16133, 19969, 20056, 22471, 24184, 30670, 36000, 33168, 1, 1, 574, 1056, 2121, 3302, 4602, 4280, 3928, 3373, 9974, 759, 0, 0
15:54:14, 1026.60, 20.67, 22.27, 19.086, 8836, 14127, 20387, 22254, 28488, 27527, 30605, 34672, 36000, 31606, 1, 1, 528, 976, 1963, 3072, 4438, 4145, 3792, 3243, 9229, 686, 0, 0
15:54:14, 1026.20, 20.66, 22.25, 19.148, 6939, 14049, 17939, 21371, 32187, 20615, 31920, 35439, 36000, 11007, 1, 1, 518, 952, 1910, 2979, 4335, 4067, 3707, 3164, 9332, 716, 0, 0
15:54:15, 1027.40, 20.65, 22.23, 19.148, 3907, 5728, 8071, 10731, 16342, 17412, 19550, 21676, 20456, 4777, 0, 0, 564, 1051, 2114, 3322, 4428, 4161, 3790, 3251, 9967, 766, 0, 0
15:54:16, 1026.70, 20.65, 22.25, 19.172, 6567, 14066, 15593, 24420, 23601, 29583, 25844, 32827, 20097, 6036, 0, 1, 596, 1103, 2216, 3483, 4720, 4428, 4023, 3478, 11141, 875, 0, 0
15:54:16, 1028.20, 20.65, 22.22, 19.180, 6496, 13676, 15121, 20368, 18949, 22588, 22440, 27500, 18855, 4386, 0, 0, 605, 1121, 2256, 3547, 4903, 4602, 4203, 3648, 11955, 941, 0, 0
15:54:17, 1028.00, 20.63, 22.25, 19.180, 6773, 12322, 16639, 20513, 22402, 29734, 32411, 35718, 23459, 7486, 0, 1, 707, 1287, 2568, 4003, 5890, 5553, 5092, 4491, 14926, 1208, 0, 0
15:54:18, 1029.00, 20.62, 22.23, 19.180, 7744, 13102, 18973, 21307, 17137, 21444, 21963, 26836, 19972, 4166, 0, 0, 577, 1062, 2142, 3387, 5096, 4781, 4356, 3768, 12703, 1009, 0, 0
15:54:18, 1032.90, 20.61, 22.25, 19.180, 11570, 17618, 22129, 23758, 23696, 26358, 27388, 30386, 25156, 5529, 0, 0, 554, 1022, 2071, 3283, 4953, 4663, 4224, 3666, 12176, 952, 0, 0
15:54:19, 1030.70, 20.60, 22.25, 19.180, 5705, 9980, 14157, 18117, 19885, 24299, 22945, 29117, 21696, 4087, 0, 0, 598, 1103, 2231, 3520, 5017, 4710, 4292, 3720, 12339, 974, 0, 0
15:54:20, 1031.60, 20.60, 22.23, 19.180, 8668, 13015, 17617, 20145, 18631, 23987, 21572, 30556, 18481, 4055, 0, 0, 616, 1139, 2295, 3618, 5051, 4741, 4326, 3752, 12323, 964, 0, 0
15:54:20, 1030.40, 20.59, 22.18, 19.187, 5832, 10801, 14188, 18069, 22656, 29951, 26975, 34081, 19125, 4085, 0, 1, 603, 1114, 2252, 3547, 4968, 4662, 4252, 3677, 11993, 941, 0, 0
15:54:21, 1032.60, 20.59, 22.23, 19.187, 5997, 11692, 14541, 19844, 17359, 19482, 23531, 31032, 16806, 3569, 0, 0, 577, 1069, 2178, 3452, 4796, 4502, 4096, 3528, 11237, 869, 0, 0
15:54:22, 1027.50, 20.59, 22.20, 19.172, 4556, 8152, 10456, 13741, 19279, 22006, 22422, 27013, 15687, 3401, 0, 0, 565, 1047, 2122, 3361, 4758, 4461, 4057, 3481, 11050, 868, 0, 0
15:54:22, 1029.60, 20.59, 22.23, 19.187, 8970, 14815, 19532, 23695, 7855, 7805, 10101, 11312, 16026, 3230, 0, 0, 527, 977, 1989, 3145, 4486, 4213, 3816, 3263, 10024, 769, 0, 0
15:54:23, 1026.20, 20.58, 22.22, 19.187, 4289, 8841, 9717, 13911, 15015, 15875, 21552, 24810, 16078, 3494, 0, 0, 538, 998, 2027, 3209, 4466, 4198, 3812, 3264, 9950, 775, 0, 0
15:54:24, 1028.50, 20.57, 22.22, 19.180, 5319, 10264, 11766, 18287, 20392, 20006, 22347, 26762, 16926, 4037, 0, 0, 558, 1033, 2105, 3328, 4640, 4352, 3951, 3371, 10082, 765, 0, 0
15:54:24, 1026.30, 20.57, 22.23, 19.187, 5356, 9241, 11512, 14081, 20706, 17174, 24972, 28223, 21024, 4353, 0, 0, 542, 1004, 2029, 3208, 4591, 4312, 3922, 3356, 9886, 757, 0, 0
15:54:25, 1029.70, 20.56, 22.20, 19.187, 7740, 13215, 16937, 20613, 21254, 18290, 26017, 28834, 21280, 4232, 0, 0, 552, 1025, 2093, 3325, 4804, 4496, 4092, 3484, 10145, 752, 0, 0
15:54:26, 1024.10, 20.56, 22.20, 19.180, 4407, 7320, 9621, 11619, 23282, 21168, 26362, 29148, 22374, 3769, 0, 0, 538, 992, 2015, 3183, 4523, 4244, 3861, 3301, 9456, 727, 0, 0
15:54:26, 1028.50, 20.55, 22.23, 19.172, 5728, 9949, 11425, 15070, 19348, 19903, 23896, 27274, 34709, 13441, 0, 1, 470, 860, 1743, 2736, 4114, 3855, 3497, 2975, 8381, 620, 0, 0
15:54:27, 1025.40, 20.55, 22.18, 19.172, 5967, 12731, 15582, 16804, 20139, 19157, 19928, 25264, 35623, 21135, 0, 1, 477, 877, 1781, 2809, 4104, 3841, 3477, 2959, 8239, 622, 0, 0
15:54:28, 1024.90, 20.55, 22.22, 19.164, 6058, 9249, 11630, 14792, 23860, 24466, 26692, 30205, 35801, 19683, 0, 1, 503, 924, 1873, 2943, 4404, 4116, 3748, 3197, 8949, 684, 0, 0
15:54:28, 1025.40, 20.55, 22.22, 19.172, 5490, 9942, 12363, 16501, 21273, 17547, 23029, 32224, 36000, 16125, 1, 1, 507, 931, 1894, 2983, 4458, 4165, 3784, 3216, 8953, 682, 0, 0
15:54:29, 1024.70, 20.55, 22.22, 19.172, 8228, 14907, 20528, 23369, 18442, 16855, 18686, 24718, 33244, 13474, 0, 1, 471, 861, 1757, 2792, 4268, 3989, 3611, 3073, 8455, 642, 0, 0
15:54:29, 1025.70, 20.55, 22.18, 19.172, 7133, 14044, 18649, 21657, 21965, 22766, 23996, 27287, 35997, 25082, 0, 1, 420, 750, 1513, 2374, 3997, 3743, 3392, 2885, 8009, 637, 0, 0
15:54:30, 1023.30, 20.54, 22.16, 19.172, 6676, 13870, 19942, 17988, 26027, 26304, 26051, 35563, 36000, 35971, 1, 1, 460, 833, 1680, 2628, 3919, 3668, 3328, 2843, 7984, 641, 0, 0
15:54:31, 1029.00, 20.54, 22.22, 19.180, 5994, 10298, 11487, 13975, 17932, 15451, 18947, 24809, 34086, 6955, 0, 1, 534, 988, 1998, 3128, 4315, 4033, 3688, 3147, 8955, 662, 0, 0
15:54:31, 1025.70, 20.54, 22.18, 19.180, 4918, 6912, 9773, 12769, 19130, 21978, 22933, 27877, 33762, 6642, 0, 1, 556, 1024, 2061, 3214, 4410, 4118, 3764, 3224, 9165, 693, 0, 0
15:54:32, 1029.90, 20.54, 22.22, 19.180, 4901, 10773, 13529, 14613, 17895, 16015, 19016, 24388, 33661, 9288, 0, 1, 534, 989, 2009, 3166, 4315, 4031, 3671, 3118, 8806, 642, 0, 0
15:54:33, 1032.20, 20.54, 22.22, 19.187, 4260, 9286, 11007, 13336, 15779, 12434, 16342, 21145, 24505, 3737, 0, 0, 503, 930, 1909, 3040, 3991, 3729, 3380, 2861, 7934, 569, 0, 0
15:54:33, 1032.50, 20.55, 22.20, 19.180, 5358, 11191, 14565, 14611, 15168, 12596, 15538, 21938, 31002, 3206, 0, 0, 471, 869, 1806, 2900, 3898, 3641, 3275, 2747, 7539, 535, 0, 0
15:54:34, 1034.00, 20.55, 22.20, 19.180, 5059, 9577, 13920, 15314, 11641, 10916, 13672, 17023, 24307, 3065, 0, 0, 438, 809, 1692, 2730, 3907, 3647, 3281, 2745, 7477, 522, 0, 0
15:54:35, 1034.40, 20.55, 22.18, 19.180, 5416, 11455, 15192, 18685, 33293, 34133, 34293, 35731, 36000, 24738, 1, 1, 402, 738, 1541, 2478, 3880, 3625, 3271, 2750, 7551, 527, 0, 0
15:54:35, 1034.20, 20.55, 22.22, 19.172, 4736, 9260, 14695, 13911, 25343, 25128, 27144, 32250, 36000, 19831, 1, 1, 419, 770, 1600, 2555, 3822, 3573, 3227, 2710, 7518, 529, 0, 0
15:54:36, 1034.40, 20.56, 22.20, 19.172, 6112, 12057, 14667, 17226, 19928, 17887, 22117, 25562, 35955, 10981, 0, 1, 450, 829, 1711, 2719, 3978, 3716, 3371, 2844, 7906, 559, 0, 0
15:54:37, 1029.80, 20.56, 22.22, 19.172, 5382, 9784, 12803, 16685, 16346, 14523, 16194, 23604, 34666, 5016, 0, 1, 474, 876, 1798, 2862, 4213, 3934, 3571, 3025, 8410, 610, 0, 0
15:54:37, 1030.40, 20.57, 22.25, 19.180, 6229, 11889, 14613, 16622, 25031, 22305, 23048, 30925, 36000, 20905, 1, 1, 451, 829, 1700, 2695, 4076, 3800, 3448, 2918, 8054, 575, 0, 0
15:54:38, 1026.80, 20.57, 22.16, 19.180, 5453, 10211, 14788, 15403, 20791, 20444, 22915, 31663, 36000, 26762, 1, 1, 432, 789, 1606, 2548, 3862, 3605, 3255, 2752, 7536, 566, 0, 0
15:54:39, 1030.80, 20.57, 22.23, 19.164, 3994, 8295, 12329, 12618, 33299, 31498, 32001, 35332, 36000, 28437, 1, 1, 420, 770, 1582, 2511, 3778, 3528, 3188, 2695, 7336, 529, 0, 0
15:54:39, 1028.20, 20.57, 22.18, 19.164, 5121, 9493, 13420, 16038, 24431, 23562, 27878, 32953, 36000, 28130, 1, 1, 400, 727, 1482, 2350, 3296, 3095, 2809, 2404, 6508, 554, 0, 0
15:54:40, 1028.10, 20.56, 22.18, 19.164, 5544, 8735, 11626, 14744, 23505, 22493, 24084, 29656, 35630, 21968, 0, 1, 431, 791, 1613, 2547, 3568, 3339, 3020, 2566, 6963, 527, 0, 0
15:54:41, 1026.20, 20.55, 22.22, 19.164, 7005, 14563, 18810, 19046, 25288, 26357, 26270, 32569, 36000, 30623, 1, 1, 489, 893, 1787, 2770, 3738, 3490, 3205, 2756, 7865, 657, 0, 0
15:54:41, 1026.30, 20.55, 22.20, 19.172, 5725, 8110, 10396, 14336, 20976, 21558, 24047, 27399, 36000, 25797, 1, 1, 511, 935, 1865, 2869, 4098, 3825, 3511, 3030, 8667, 664, 0, 0
15:54:42, 1026.30, 20.54, 22.22, 19.172, 5703, 8699, 9962, 15527, 15698, 16101, 22372, 19696, 36000, 22831, 1, 1, 589, 1090, 2173, 3373, 4808, 4474, 4129, 3559, 10496, 804, 0, 0
15:54:43, 1027.20, 20.54, 22.22, 19.180, 5167, 8875, 11053, 13847, 9901, 13765, 16043, 14631, 33959, 8496, 0, 1, 597, 1104, 2210, 3448, 4524, 4216, 3875, 3346, 9851, 752, 0, 0
15:54:43, 1029.30, 20.54, 22.22, 19.187, 6060, 11596, 17197, 16936, 15358, 17758, 19930, 22079, 36000, 20323, 1, 1, 573, 1059, 2127, 3328, 4139, 3860, 3530, 3057, 8870, 672, 0, 0
15:54:44, 1028.10, 20.55, 22.25, 19.187, 5010, 9765, 14548, 13370, 18875, 16902, 23420, 26817, 36000, 31282, 1, 1, 522, 959, 1933, 3009, 4018, 3740, 3435, 2975, 8827, 691, 0, 0
15:54:45, 1029.40, 20.55, 22.18, 19.172, 6272, 11636, 15976, 16776, 24304, 23622, 25997, 30271, 35878, 27355, 0, 1, 548, 1014, 2049, 3227, 4373, 4064, 3718, 3197, 9312, 701, 0, 0
15:54:45, 1026.80, 20.55, 22.22, 19.172, 6458, 10915, 14951, 15809, 18225, 20412, 22477, 30860, 36000, 28563, 1, 1, 525, 965, 1941, 3025, 4360, 4052, 3733, 3223, 9654, 747, 0, 0
15:54:46, 1028.90, 20.55, 22.20, 19.172, 7040, 12772, 17391, 19156, 16683, 17085, 19315, 25658, 36000, 22325, 1, 1, 572, 1057, 2126, 3323, 4592, 4272, 3919, 3377, 10029, 754, 0, 0
15:54:47, 1025.50, 20.55, 22.23, 19.172, 5237, 9575, 15273, 16682, 16445, 16542, 22529, 27287, 36000, 31682, 1, 1, 569, 1045, 2093, 3240, 4488, 4168, 3826, 3293, 9959, 770, 0, 0
15:54:47, 1028.00, 20.55, 22.22, 19.172, 5377, 9772, 12886, 15742, 16244, 17755, 22317, 25308, 36000, 29565, 1, 1, 546, 1005, 2021, 3144, 4666, 4335, 3957, 3404, 10158, 773, 0, 0
15:54:48, 1026.90, 20.55, 22.20, 19.172, 4599, 9491, 12207, 15404, 19677, 23929, 23018, 28999, 36000, 23720, 1, 1, 551, 1014, 2033, 3146, 4471, 4152, 3799, 3267, 9781, 744, 0, 0
15:54:49, 1030.80, 20.55, 22.22, 19.172, 2804, 7682, 10217, 14451, 15972, 16350, 20932, 25317, 36000, 32447, 1, 1, 538, 989, 1987, 3073, 4276, 3975, 3633, 3127, 9218, 687, 0, 0
15:54:49, 1026.90, 20.55, 22.25, 19.172, 3151, 6271, 8499, 11848, 20420, 22357, 25190, 32347, 36000, 33025, 1, 1, 538, 991, 2001, 3128, 4561, 4238, 3890, 3362, 10037, 770, 0, 0
15:54:50, 1028.40, 20.55, 22.25, 19.164, 6906, 11546, 16081, 17012, 25068, 25127, 27256, 32711, 36000, 28167, 1, 1, 546, 1008, 2036, 3196, 4508, 4195, 3841, 3317, 9771, 738, 0, 0
15:54:51, 1023.70, 20.55, 22.25, 19.164, 8930, 13449, 18789, 19378, 23448, 24326, 24909, 27891, 36000, 24638, 1, 1, 528, 973, 1963, 3081, 4414, 4105, 3769, 3253, 9602, 753, 0, 0
15:54:51, 1023.70, 20.55, 22.23, 19.164, 4525, 9492, 12221, 15227, 19784, 21700, 22615, 28003, 36000, 27746, 1, 1, 557, 1028, 2053, 3201, 4540, 4229, 3856, 3319, 9525, 738, 0, 0
15:54:52, 1021.50, 20.55, 22.20, 19.164, 3123, 6254, 6098, 14693, 14210, 12020, 20958, 14744, 36000, 29241, 1, 1, 538, 987, 1960, 3030, 4225, 3931, 3607, 3116, 9069, 749, 0, 0
15:54:53, 1022.10, 20.54, 22.23, 19.172, 6776, 13716, 18878, 19310, 16349, 16509, 19968, 23663, 34201, 29694, 0, 1, 556, 1022, 2036, 3148, 4131, 3850, 3543, 3079, 9001, 792, 0, 0
15:54:53, 1022.70, 20.55, 22.22, 19.172, 6462, 12748, 20042, 18416, 21417, 22493, 28478, 35638, 36000, 36000, 1, 1, 561, 1030, 2057, 3188, 4490, 4182, 3832, 3306, 9588, 762, 0, 0
15:54:54, 1024.50, 20.55, 22.23, 19.164, 8817, 14716, 20837, 21099, 18799, 19080, 23483, 27557, 36000, 29118, 1, 1, 564, 1038, 2082, 3245, 4762, 4438, 4043, 3478, 9849, 750, 0, 0
15:54:55, 1021.90, 20.56, 22.20, 19.172, 7362, 13683, 16326, 19166, 25974, 26547, 25969, 36000, 36000, 35505, 1, 1, 546, 1008, 2013, 3148, 4364, 4069, 3740, 3228, 9301, 744, 0, 0
15:54:55, 1023.80, 20.56, 22.20, 19.172, 7221, 14035, 21611, 18652, 17496, 20895, 24114, 28719, 36000, 24017, 1, 1, 575, 1063, 2126, 3320, 4423, 4121, 3782, 3245, 9344, 727, 0, 0
15:54:56, 1022.00, 20.56, 22.22, 19.164, 11735, 20265, 23400, 26381, 7948, 14623, 16381, 16423, 25466, 5425, 0, 0, 580, 1073, 2149, 3347, 4346, 4052, 3726, 3199, 9264, 741, 0, 0
15:54:57, 1026.20, 20.56, 22.22, 19.172, 6372, 12296, 14755, 20014, 24209, 23452, 25203, 31234, 36000, 17791, 1, 1, 533, 985, 1977, 3087, 4176, 3900, 3582, 3078, 8813, 687, 0, 0
15:54:57, 1024.40, 20.56, 22.23, 19.172, 6171, 9700, 13062, 16457, 19401, 16626, 19703, 26739, 34101, 8290, 0, 1, 530, 983, 1988, 3135, 4568, 4258, 3895, 3325, 9526, 718, 0, 0
15:54:58, 1025.20, 20.56, 22.25, 19.172, 6692, 12839, 20377, 16818, 24888, 22058, 25482, 29550, 33863, 19355, 0, 1, 526, 969, 1953, 3059, 4250, 3969, 3634, 3115, 8789, 676, 0, 0
15:54:59, 1023.80, 20.56, 22.25, 19.172, 6193, 9779, 12704, 16088, 16798, 18383, 22631, 27077, 36000, 17854, 1, 1, 505, 928, 1867, 2922, 4160, 3884, 3553, 3046, 8567, 676, 0, 0
15:54:59, 1024.70, 20.55, 22.27, 19.172, 6160, 11673, 17877, 16227, 29718, 23190, 29469, 34699, 36000, 26695, 1, 1, 521, 958, 1916, 2989, 4460, 4160, 3809, 3264, 9224, 701, 0, 0
15:55:00, 1024.50, 20.55, 22.23, 19.164, 5829, 12532, 15462, 17536, 26516, 27320, 30558, 31815, 36000, 20347, 1, 1, 535, 990, 1992, 3121, 4438, 4145, 3778, 3224, 9125, 687, 0, 0
15:55:01, 1025.50, 20.55, 22.22, 19.172, 6965, 10626, 13416, 16485, 16401, 16964, 19408, 23266, 32807, 18011, 0, 1, 540, 1000, 2008, 3140, 4508, 4216, 3834, 3268, 9353, 701, 0, 0
15:55:01, 1027.10, 20.55, 22.25, 19.172, 4908, 9118, 11198, 13265, 23820, 22576, 25068, 29985, 35744, 11173, 0, 1, 530, 982, 1980, 3094, 4411, 4128, 3764, 3204, 9302, 693, 0, 0
15:55:02, 1028.10, 20.55, 22.25, 19.164, 6585, 12320, 13887, 16435, 22208, 20167, 25812, 28999, 32239, 7723, 0, 0, 532, 987, 1995, 3136, 4365, 4093, 3732, 3184, 9228, 693, 0, 0
15:55:03, 1026.00, 20.55, 22.27, 19.164, 6750, 13932, 16885, 20471, 23041, 20841, 25129, 32798, 31824, 5759, 0, 1, 525, 973, 1963, 3075, 4415, 4140, 3774, 3221, 9390, 704, 0, 0
15:55:03, 1026.60, 20.55, 22.23, 19.164, 6235, 12661, 13221, 14990, 23986, 20301, 29305, 34006, 23171, 6073, 0, 1, 544, 1006, 2034, 3188, 4261, 3999, 3651, 3119, 9243, 707, 0, 0
15:55:04, 1024.90, 20.55, 22.20, 19.156, 5541, 11590, 12632, 16157, 21803, 17473, 29265, 30461, 15760, 4254, 0, 0, 559, 1039, 2097, 3293, 4344, 4081, 3723, 3183, 9400, 720, 0, 0
15:55:05, 1025.00, 20.55, 22.23, 19.156, 5105, 9696, 11196, 12709, 21048, 18458, 27560, 30838, 14108, 4478, 0, 0, 541, 999, 2015, 3158, 4373, 4101, 3739, 3194, 9431, 733, 0, 0
15:55:05, 1022.20, 20.56, 22.23, 19.164, 6510, 12534, 14792, 17765, 25236, 21155, 26582, 33683, 33055, 7167, 0, 1, 510, 937, 1887, 2949, 4181, 3924, 3579, 3067, 9025, 721, 0, 0
15:55:06, 1023.50, 20.56, 22.25, 19.164, 6725, 8976, 12228, 13755, 19908, 18721, 22120, 24941, 33057, 14415, 0, 1, 539, 996, 2006, 3135, 4639, 4342, 3960, 3388, 9876, 747, 0, 0
15:55:07, 1021.50, 20.56, 22.22, 19.164, 7333, 13478, 16777, 19322, 26589, 22537, 34287, 35665, 25172, 7347, 0, 1, 561, 1035, 2076, 3225, 4306, 4039, 3692, 3177, 9214, 718, 0, 0
15:55:07, 1024.50, 20.57, 22.25, 19.172, 7169, 13855, 17479, 20170, 23013, 19933, 26844, 32551, 33685, 8860, 0, 1, 495, 904, 1819, 2826, 4451, 4164, 3782, 3217, 9318, 712, 0, 0
15:55:08, 1022.40, 20.57, 22.25, 19.172, 4559, 7497, 10262, 12533, 26099, 25686, 28210, 30599, 35020, 10193, 0, 1, 477, 872, 1763, 2751, 4197, 3932, 3579, 3051, 8730, 688, 0, 0
15:55:09, 1025.60, 20.57, 22.25, 19.172, 6069, 12708, 15169, 17296, 11321, 13249, 14434, 16953, 32767, 11343, 0, 1, 489, 899, 1814, 2842, 3951, 3705, 3375, 2882, 8120, 628, 0, 0
15:55:09, 1024.00, 20.57, 22.27, 19.172, 5779, 11483, 14712, 14888, 18777, 18036, 19672, 24601, 34564, 8428, 0, 1, 490, 900, 1806, 2810, 4050, 3792, 3468, 2972, 8434, 654, 0, 0
15:55:10, 1024.00, 20.56, 22.25, 19.172, 7098, 14975, 16009, 17915, 26077, 21491, 26155, 33516, 34040, 20892, 0, 1, 582, 1078, 2166, 3384, 4660, 4346, 3981, 3406, 9817, 738, 0, 0
15:55:11, 1025.30, 20.56, 22.27, 19.172, 6356, 10861, 13094, 16079, 10074, 13619, 16262, 16736, 27646, 5589, 0, 0, 556, 1031, 2071, 3228, 4281, 3999, 3674, 3148, 9035, 683, 0, 0
15:55:11, 1023.90, 20.55, 22.23, 19.164, 5633, 8510, 10142, 14831, 16542, 19703, 23678, 27230, 36000, 14713, 1, 1, 528, 974, 1956, 3055, 4321, 4036, 3697, 3169, 9094, 698, 0, 0
15:55:12, 1026.00, 20.55, 22.23, 19.172, 5832, 11325, 15272, 16297, 22940, 19899, 23488, 27434, 32341, 11135, 0, 0, 552, 1028, 2090, 3313, 4982, 4644, 4238, 3612, 10241, 757, 0, 0
15:55:13, 1032.30, 20.55, 22.25, 19.172, 6016, 10721, 15169, 15349, 19410, 19735, 22517, 27684, 35973, 16378, 0, 1, 460, 851, 1736, 2752, 4123, 3855, 3507, 2988, 8293, 604, 0, 0
15:55:13, 1040.20, 20.55, 22.25, 19.172, 4115, 7680, 11331, 12747, 24416, 27887, 24410, 32670, 36000, 25570, 1, 1, 435, 804, 1653, 2636, 4152, 3881, 3533, 2992, 8352, 597, 0, 0
15:55:14, 1043.80, 20.55, 22.27, 19.172, 4167, 8578, 13942, 13677, 26998, 27433, 28746, 34539, 36000, 14190, 1, 1, 453, 838, 1729, 2757, 4079, 3822, 3488, 2967, 8286, 592, 0, 0
15:55:15, 1054.00, 20.55, 22.25, 19.172, 4281, 8674, 11959, 15011, 17103, 16044, 17548, 22927, 35908, 5287, 0, 1, 481, 896, 1867, 3019, 4376, 4106, 3764, 3204, 9139, 644, 0, 0
15:55:15, 1060.60, 20.54, 22.25, 19.156, 2831, 5330, 8168, 9813, 13235, 14017, 18531, 18739, 36000, 6754, 1, 1, 450, 832, 1756, 2845, 4165, 3903, 3585, 3040, 8859, 625, 0, 0
15:55:16, 1070.10, 20.54, 22.27, 19.156, 4795, 8963, 15301, 17151, 9333, 9113, 11106, 13459, 33842, 3687, 0, 1, 412, 759, 1627, 2674, 3830, 3595, 3291, 2769, 8128, 576, 0, 0
15:55:17, 1073.20, 20.54, 22.23, 19.156, 3068, 5813, 9777, 11509, 12042, 12811, 14721, 18369, 36000, 4454, 1, 1, 395, 726, 1566, 2581, 3659, 3439, 3135, 2627, 7691, 546, 0, 0
15:55:17, 1075.40, 20.53, 22.23, 19.156, 3306, 6042, 10269, 12197, 15510, 16102, 17462, 22645, 36000, 5169, 1, 1, 395, 724, 1570, 2603, 3708, 3480, 3155, 2630, 7611, 541, 0, 0
15:55:18, 1077.40, 20.54, 22.25, 19.156, 2588, 5310, 8944, 10822, 16023, 16194, 19221, 23258, 36000, 5059, 1, 1, 384, 703, 1534, 2559, 3814, 3587, 3262, 2730, 7925, 561, 0, 0
15:55:19, 1081.10, 20.54, 22.25, 19.156, 2349, 4780, 8117, 10039, 12686, 12983, 15125, 19763, 36000, 3858, 1, 1, 385, 705, 1545, 2584, 3844, 3620, 3294, 2760, 8080, 575, 0, 0
15:55:19, 1083.50, 20.55, 22.23, 19.156, 2517, 5247, 8874, 10823, 12297, 13047, 14405, 18540, 36000, 3895, 1, 1, 377, 689, 1512, 2525, 3665, 3449, 3133, 2609, 7642, 543, 0, 0
15:55:20, 1087.20, 20.55, 22.25, 19.156, 1818, 3612, 6083, 7957, 12111, 12684, 14534, 17985, 36000, 3892, 1, 1, 358, 652, 1440, 2431, 3540, 3333, 3028, 2515, 7368, 525, 0, 0
15:55:21, 1090.90, 20.56, 22.25, 19.156, 1874, 3717, 6553, 8096, 9185, 9702, 11152, 13062, 33086, 2870, 0, 1, 346, 627, 1393, 2362, 3502, 3300, 3006, 2499, 7415, 531, 0, 0
15:55:21, 1096.70, 20.56, 22.25, 19.125, 1237, 2417, 4146, 5473, 9734, 10035, 11783, 13223, 32586, 3106, 0, 1, 328, 591, 1322, 2253, 3341, 3159, 2867, 2376, 6968, 496, 0, 0
15:55:22, 1102.10, 20.56, 22.23, 19.125, 1531, 3048, 5340, 6868, 10321, 10907, 12355, 14694, 35363, 2816, 0, 1, 306, 548, 1236, 2132, 3182, 3009, 2716, 2232, 6479, 463, 0, 0
15:55:23, 1105.30, 20.55, 22.28, 19.094, 1314, 2657, 4684, 6325, 9767, 10176, 11582, 13302, 31427, 2357, 0, 0, 296, 528, 1202, 2090, 3144, 2974, 2681, 2195, 6407, 460, 0, 0
15:55:23, 1109.60, 20.55, 22.25, 19.062, 1162, 2309, 4086, 5632, 11046, 11279, 12570, 15304, 31957, 2416, 0, 0, 295, 523, 1197, 2084, 3128, 2963, 2665, 2182, 6323, 455, 0, 0
15:55:24, 1114.60, 20.55, 22.27, 19.062, 1094, 2155, 3864, 5507, 8778, 8990, 10052, 10830, 26750, 1832, 0, 0, 276, 485, 1126, 1994, 3061, 2906, 2606, 2123, 6109, 441, 0, 0
15:55:25, 1119.70, 20.55, 22.23, 19.047, 1146, 2285, 4171, 5829, 7279, 7443, 8355, 9315, 21546, 1489, 0, 0, 257, 451, 1051, 1871, 2929, 2784, 2494, 2025, 5840, 420, 0, 0
15:55:25, 1125.40, 20.54, 22.25, 19.047, 1045, 2003, 3674, 5442, 7707, 7824, 8760, 9871, 22199, 1470, 0, 0, 243, 420, 991, 1785, 2775, 2642, 2353, 1900, 5500, 400, 0, 0
15:55:26, 1130.20, 20.54, 22.25, 19.047, 1218, 2405, 4432, 6615, 8986, 9341, 10267, 11302, 26496, 1811, 0, 0, 233, 400, 949, 1725, 2669, 2545, 2259, 1816, 5219, 381, 0, 0
15:55:27, 1135.40, 20.53, 22.23, 19.047, 1055, 2079, 3906, 5845, 8224, 8602, 9560, 11058, 25143, 1788, 0, 0, 222, 379, 904, 1651, 2590, 2475, 2202, 1767, 5094, 372, 0, 0
15:55:27, 1140.20, 20.52, 22.25, 19.047, 854, 1726, 3289, 4734, 5792, 6003, 6542, 6824, 16582, 1128, 0, 0, 207, 350, 841, 1547, 2444, 2339, 2086, 1673, 4868, 353, 0, 0
15:55:28, 1143.30, 20.52, 22.25, 19.047, 644, 1263, 2430, 3658, 6746, 6984, 7695, 8632, 17740, 1204, 0, 0, 198, 331, 804, 1493, 2397, 2297, 2045, 1635, 4752, 347, 0, 0
15:55:29, 1146.20, 20.51, 22.23, 19.016, 835, 1682, 3271, 4872, 6402, 6607, 7159, 7541, 16975, 1129, 0, 0, 194, 323, 785, 1463, 2305, 2207, 1958, 1561, 4554, 335, 0, 0
15:55:29, 1149.70, 20.51, 22.25, 19.008, 892, 1790, 3521, 5176, 5350, 5597, 6132, 6312, 14932, 1031, 0, 0, 187, 310, 758, 1420, 2280, 2187, 1944, 1548, 4538, 333, 0, 0
15:55:30, 1150.90, 20.51, 22.23, 19.008, 708, 1393, 2741, 4177, 5706, 5954, 6517, 6665, 15019, 993, 0, 0, 185, 304, 746, 1401, 2262, 2170, 1926, 1532, 4498, 331, 0, 0
15:55:31, 1154.90, 20.51, 22.25, 18.992, 746, 1475, 2921, 4396, 5723, 6033, 6598, 6764, 15687, 1021, 0, 0, 181, 297, 732, 1379, 2206, 2119, 1878, 1492, 4369, 322, 0, 0
15:55:31, 1160.10, 20.51, 22.25, 18.992, 731, 1440, 2870, 4437, 5918, 6186, 6752, 7058, 16039, 1067, 0, 0, 172, 279, 691, 1317, 2134, 2056, 1819, 1439, 4210, 312, 0, 0
15:55:32, 1166.00, 20.50, 22.25, 18.992, 774, 1488, 3001, 4714, 6040, 6354, 6969, 7111, 16678, 1097, 0, 0, 165, 265, 660, 1267, 2028, 1959, 1732, 1367, 3992, 298, 0, 0
15:55:33, 1170.10, 20.50, 22.25, 18.984, 599, 1163, 2380, 3766, 5666, 6000, 6449, 6723, 15504, 1062, 0, 0, 163, 258, 646, 1246, 2008, 1947, 1728, 1365, 3998, 298, 0, 0
15:55:33, 1170.70, 20.49, 22.25, 18.984, 450, 842, 1723, 2801, 4195, 4414, 4731, 4619, 10463, 681, 0, 0, 157, 248, 622, 1206, 2005, 1946, 1733, 1371, 4007, 299, 0, 0
15:55:34, 1170.40, 20.48, 22.27, 18.984, 491, 941, 1939, 3078, 5336, 5518, 5956, 6396, 13103, 859, 0, 0, 157, 248, 621, 1203, 1995, 1935, 1717, 1357, 3960, 296, 0, 0
15:55:35, 1171.10, 20.47, 22.25, 18.977, 503, 946, 1945, 3130, 4970, 5143, 5501, 5485, 11431, 727, 0, 0, 159, 250, 627, 1216, 1996, 1937, 1716, 1357, 3947, 296, 0, 0
15:55:35, 1171.80, 20.47, 22.23, 18.984, 569, 1070, 2180, 3515, 4534, 4690, 5037, 4957, 9952, 610, 0, 0, 156, 245, 616, 1196, 1981, 1925, 1704, 1346, 3896, 292, 0, 0
15:55:36, 1172.30, 20.46, 22.23, 18.984, 580, 1093, 2259, 3656, 4466, 4648, 4903, 4942, 9388, 571, 0, 0, 155, 243, 612, 1191, 1970, 1914, 1691, 1334, 3859, 291, 0, 0
15:55:37, 1172.00, 20.46, 22.25, 18.977, 590, 1095, 2226, 3596, 4879, 5024, 5376, 5415, 10120, 612, 0, 0, 158, 250, 626, 1214, 1968, 1912, 1692, 1337, 3879, 291, 0, 0
15:55:37, 1172.60, 20.46, 22.25, 18.977, 505, 945, 1952, 3140, 4804, 5041, 5340, 5450, 8970, 536, 0, 0, 155, 242, 609, 1188, 1959, 1906, 1684, 1329, 3837, 289, 0, 0
15:55:38, 1173.20, 20.45, 22.20, 18.969, 494, 920, 1888, 3032, 4730, 4904, 5231, 5289, 8928, 538, 0, 0, 156, 245, 614, 1195, 1946, 1895, 1677, 1327, 3837, 289, 0, 0
15:55:39, 1174.40, 20.45, 22.25, 18.969, 547, 1036, 2137, 3420, 5054, 5280, 5622, 5788, 9038, 540, 0, 0, 153, 238, 601, 1174, 1928, 1879, 1660, 1311, 3786, 286, 0, 0
15:55:39, 1173.30, 20.45, 22.25, 18.969, 501, 934, 1911, 3075, 5350, 5484, 5925, 6331, 9916, 580, 0, 0, 154, 241, 605, 1179, 1934, 1885, 1668, 1320, 3821, 289, 0, 0
15:55:40, 1174.20, 20.44, 22.23, 18.969, 512, 958, 1965, 3160, 4480, 4629, 4904, 4861, 8205, 498, 0, 0, 151, 235, 591, 1154, 1911, 1866, 1653, 1308, 3785, 286, 0, 0
15:55:41, 1172.40, 20.44, 22.25, 18.969, 467, 869, 1789, 2883, 3790, 3937, 4115, 4064, 6653, 407, 0, 0, 153, 239, 601, 1171, 1940, 1892, 1679, 1332, 3877, 293, 0, 0
15:55:41, 1172.80, 20.44, 22.25, 18.969, 486, 906, 1849, 2963, 3865, 3975, 4218, 4148, 7079, 428, 0, 0, 149, 233, 585, 1143, 1913, 1866, 1651, 1306, 3777, 285, 0, 0
15:55:42, 1169.80, 20.44, 22.25, 18.961, 596, 1083, 2189, 3562, 4734, 4847, 5280, 5382, 7854, 474, 0, 0, 150, 235, 591, 1152, 1916, 1863, 1641, 1294, 3753, 283, 0, 0
15:55:43, 1164.20, 20.43, 22.22, 18.961, 662, 1234, 2504, 3985, 5903, 6059, 6506, 6548, 11310, 677, 0, 0, 160, 255, 636, 1227, 1998, 1936, 1704, 1344, 3904, 294, 0, 0
15:55:43, 1162.10, 20.42, 22.27, 18.961, 644, 1209, 2422, 3860, 6621, 6831, 7443, 7728, 11116, 662, 0, 0, 170, 273, 678, 1300, 2096, 2028, 1789, 1416, 4102, 308, 0, 0
15:55:44, 1161.80, 20.42, 22.27, 18.961, 654, 1221, 2386, 3743, 5225, 5397, 5791, 5849, 9333, 566, 0, 0, 172, 278, 688, 1315, 2098, 2032, 1798, 1428, 4132, 308, 0, 0
15:55:45, 1161.50, 20.41, 22.23, 18.969, 496, 927, 1865, 2932, 4534, 4783, 5070, 5323, 6840, 423, 0, 0, 166, 266, 664, 1276, 2073, 2006, 1772, 1402, 4052, 304, 0, 0
15:55:45, 1162.50, 20.41, 22.25, 18.969, 603, 1140, 2282, 3571, 4783, 4911, 5267, 5381, 8841, 526, 0, 0, 162, 261, 648, 1242, 2001, 1940, 1718, 1364, 3948, 295, 0, 0
15:55:46, 1162.80, 20.41, 22.25, 18.969, 600, 1115, 2227, 3527, 4615, 4744, 5098, 5147, 7840, 471, 0, 0, 159, 254, 633, 1221, 1993, 1933, 1707, 1350, 3882, 291, 0, 0
15:55:47, 1161.80, 20.40, 22.22, 18.969, 598, 1121, 2219, 3533, 5177, 5315, 5752, 5807, 8609, 517, 0, 0, 163, 262, 649, 1246, 2004, 1945, 1719, 1363, 3932, 295, 0, 0
15:55:47, 1163.80, 20.41, 22.23, 18.969, 669, 1263, 2449, 3913, 4665, 4786, 5191, 5205, 8075, 483, 0, 0, 158, 252, 628, 1213, 1993, 1937, 1713, 1357, 3890, 291, 0, 0
15:55:48, 1157.30, 20.41, 22.23, 18.969, 659, 1226, 2421, 3873, 4378, 4549, 4857, 4830, 7255, 441, 0, 0, 160, 257, 639, 1230, 2056, 1994, 1759, 1396, 3997, 299, 0, 0
15:55:49, 1152.70, 20.40, 22.25, 18.961, 889, 1775, 3477, 5481, 7354, 7012, 8223, 8636, 11829, 681, 0, 0, 170, 277, 683, 1299, 2129, 2058, 1817, 1445, 4174, 312, 0, 0
15:55:49, 1147.60, 20.39, 22.23, 18.961, 829, 1591, 3090, 4815, 6189, 6339, 6995, 7374, 9682, 583, 0, 0, 183, 302, 738, 1391, 2240, 2159, 1909, 1520, 4430, 330, 0, 0
15:55:50, 1143.00, 20.39, 22.27, 18.961, 1070, 2098, 3955, 6125, 6450, 6595, 7320, 7510, 10753, 653, 0, 0, 195, 325, 790, 1477, 2358, 2266, 2000, 1593, 4648, 346, 0, 0
15:55:51, 1138.20, 20.39, 22.25, 18.969, 1105, 2053, 3828, 5898, 6901, 7003, 7763, 8019, 11112, 676, 0, 0, 206, 346, 836, 1552, 2461, 2359, 2082, 1661, 4835, 359, 0, 0
15:55:51, 1134.50, 20.39, 22.22, 18.969, 1179, 2308, 4303, 6499, 8106, 8237, 9266, 9953, 13917, 841, 0, 0, 222, 377, 901, 1654, 2554, 2442, 2161, 1729, 5027, 372, 0, 0
15:55:52, 1130.90, 20.38, 22.25, 18.961, 1002, 1821, 3379, 5037, 6572, 6777, 7338, 7814, 11494, 688, 0, 0, 228, 388, 927, 1695, 2665, 2545, 2257, 1811, 5214, 385, 0, 0
15:55:53, 1125.90, 20.37, 22.27, 18.961, 946, 1765, 3203, 4720, 9460, 9432, 10499, 11827, 13439, 803, 0, 0, 240, 415, 979, 1769, 2730, 2603, 2316, 1868, 5402, 398, 0, 0
15:55:53, 1124.50, 20.37, 22.25, 18.961, 1171, 2331, 4197, 6151, 12370, 12208, 14377, 16079, 19812, 1129, 0, 0, 242, 417, 985, 1780, 2728, 2602, 2310, 1861, 5372, 396, 0, 0
15:55:54, 1117.20, 20.37, 22.23, 18.953, 1049, 2059, 3680, 5328, 9355, 9063, 11103, 11724, 12871, 791, 0, 0, 257, 450, 1048, 1869, 2813, 2679, 2389, 1938, 5633, 414, 0, 0
15:55:55, 1115.00, 20.37, 22.22, 18.953, 1190, 2373, 4247, 6158, 9645, 9779, 11281, 12308, 15677, 931, 0, 0, 271, 476, 1104, 1956, 2943, 2804, 2508, 2042, 5964, 438, 0, 0
15:55:55, 1110.50, 20.37, 22.23, 18.969, 1074, 2072, 3637, 5165, 9740, 9647, 11366, 12278, 13933, 848, 0, 0, 276, 489, 1127, 1987, 3050, 2903, 2603, 2127, 6197, 451, 0, 0
15:55:56, 1109.20, 20.37, 22.23, 18.969, 1567, 3094, 5185, 7358, 8320, 8192, 9721, 10740, 11063, 710, 0, 0, 280, 494, 1141, 2017, 3133, 2979, 2666, 2177, 6301, 461, 0, 0
15:55:57, 1106.30, 20.37, 22.23, 18.969, 1836, 3782, 6300, 9000, 11041, 10642, 12955, 14614, 14000, 893, 0, 0, 296, 528, 1207, 2119, 3185, 3022, 2699, 2204, 6419, 471, 0, 0
15:55:57, 1105.00, 20.37, 22.25, 18.969, 1685, 3385, 5249, 7725, 7805, 7881, 8891, 9720, 12150, 758, 0, 0, 308, 549, 1256, 2195, 3266, 3096, 2767, 2262, 6599, 487, 0, 0
15:55:58, 1099.70, 20.37, 22.23, 18.984, 1436, 2714, 4348, 6190, 11493, 11223, 13327, 15583, 13121, 829, 0, 0, 318, 571, 1298, 2252, 3370, 3197, 2868, 2358, 6810, 495, 0, 0
15:55:59, 1093.90, 20.38, 22.27, 18.984, 1656, 3250, 5171, 7267, 6599, 6648, 7691, 8729, 9228, 606, 0, 0, 318, 573, 1296, 2242, 3359, 3183, 2855, 2347, 6786, 492, 0, 0
15:55:59, 1084.20, 20.39, 22.25, 18.992, 1539, 2912, 4609, 6243, 11510, 11358, 13548, 16879, 12700, 858, 0, 0, 329, 597, 1330, 2269, 3406, 3219, 2894, 2393, 6970, 505, 0, 0
15:56:00, 1080.80, 20.39, 22.27, 19.031, 1688, 3281, 5317, 7186, 11668, 10903, 13939, 15346, 16684, 1102, 0, 0, 349, 638, 1412, 2389, 3531, 3333, 2995, 2475, 7262, 526, 0, 0
15:56:01, 1073.80, 20.40, 22.27, 19.031, 2185, 4410, 6953, 9345, 13733, 13028, 16348, 19630, 19065, 1263, 0, 0, 371, 682, 1490, 2490, 3611, 3403, 3072, 2553, 7523, 540, 0, 0
15:56:01, 1073.10, 20.40, 22.22, 19.070, 3129, 6559, 9169, 12321, 12377, 11638, 13859, 17601, 17545, 1169, 0, 0, 383, 705, 1538, 2553, 3730, 3513, 3171, 2639, 7737, 557, 0, 0
15:56:02, 1067.40, 20.40, 22.22, 19.094, 3483, 7643, 10018, 14239, 11335, 10715, 12949, 15863, 17265, 1220, 0, 0, 400, 738, 1600, 2642, 3880, 3647, 3294, 2750, 8067, 579, 0, 0
15:56:03, 1062.90, 20.41, 22.25, 19.094, 2762, 4894, 7280, 9808, 12091, 12031, 13800, 16666, 15808, 1203, 0, 0, 415, 768, 1652, 2727, 4013, 3766, 3402, 2846, 8279, 594, 0, 0
15:56:03, 1059.00, 20.41, 22.25, 19.109, 3369, 5852, 8734, 11546, 11121, 10297, 12350, 14638, 18534, 1350, 0, 0, 424, 784, 1680, 2753, 4026, 3778, 3413, 2853, 8241, 588, 0, 0
15:56:04, 1049.00, 20.42, 22.22, 19.133, 2863, 4863, 7055, 9178, 10211, 11662, 12556, 16080, 17379, 1544, 0, 0, 447, 830, 1746, 2828, 4019, 3768, 3411, 2867, 8232, 586, 0, 0
15:56:05, 1044.00, 20.42, 22.23, 19.133, 3051, 6093, 8427, 10947, 20257, 19199, 23593, 27055, 22561, 2225, 0, 0, 444, 826, 1730, 2802, 3979, 3732, 3370, 2836, 8119, 580, 0, 0
15:56:05, 1037.50, 20.42, 22.25, 19.141, 5726, 11728, 17970, 22858, 12378, 12861, 16375, 17894, 17628, 2101, 0, 0, 447, 831, 1728, 2788, 3908, 3670, 3307, 2793, 8022, 585, 0, 0
15:56:06, 1032.10, 20.43, 22.27, 19.164, 5982, 10994, 17167, 20778, 17711, 17649, 23054, 24772, 22070, 3229, 0, 0, 469, 870, 1788, 2863, 4092, 3837, 3459, 2934, 8498, 631, 0, 0
15:56:07, 1034.40, 20.43, 22.25, 19.164, 4040, 8109, 11571, 14134, 12258, 11699, 15153, 19438, 19113, 2477, 0, 0, 489, 909, 1865, 2957, 4009, 3756, 3397, 2876, 8357, 610, 0, 0
15:56:07, 1028.20, 20.43, 22.25, 19.156, 5635, 10085, 11949, 15441, 21292, 20057, 24338, 28786, 25102, 4514, 0, 0, 504, 930, 1891, 2972, 3846, 3610, 3275, 2799, 8105, 614, 0, 0
15:56:08, 1027.50, 20.43, 22.23, 19.164, 7009, 14326, 16357, 19191, 13234, 14081, 15143, 19260, 14350, 2673, 0, 0, 483, 893, 1818, 2861, 3889, 3653, 3315, 2831, 8123, 617, 0, 0
15:56:09, 1024.30, 20.43, 22.27, 19.164, 6363, 12932, 17738, 16652, 30154, 21797, 28984, 36000, 36000, 18465, 1, 1, 498, 907, 1813, 2824, 4398, 4126, 3768, 3244, 9294, 723, 0, 0
15:56:09, 1023.80, 20.42, 22.23, 19.156, 8610, 16148, 18105, 21567, 21096, 18702, 23069, 27896, 29982, 6110, 0, 0, 546, 1014, 2019, 3145, 4476, 4196, 3839, 3313, 9499, 724, 0, 0
15:56:10, 1017.90, 20.42, 22.27, 19.156, 7067, 14650, 17716, 20837, 21911, 18355, 28242, 34122, 21264, 7829, 0, 1, 795, 1423, 2660, 4031, 6635, 6366, 6538, 6419, 20525, 4281, 0, 0
15:56:11, 1017.90, 20.41, 22.25, 19.156, 7247, 13895, 17706, 22181, 23985, 21078, 32341, 36000, 26084, 9163, 1, 1, 2054, 3297, 5091, 6483, 7982, 8706, 8790, 9641, 29185, 10865, 0, 0
15:56:11, 1017.60, 20.40, 22.25, 19.117, 6578, 10439, 13004, 16820, 24945, 22057, 26740, 32918, 30876, 10229, 0, 1, 3433, 5451, 7500, 10189, 12314, 13806, 15539, 18812, 36000, 33903, 1, 1
15:56:12, 1017.60, 20.40, 22.25, 18.984, 4727, 7998, 8982, 16328, 10838, 12016, 19019, 11234, 36000, 34853, 1, 1, 4046, 6492, 9018, 11757, 14760, 16127, 19686, 23603, 36000, 36000, 1, 1
15:56:13, 1017.60, 20.41, 22.25, 18.984, 7503, 12937, 18578, 21719, 25552, 21679, 30379, 34018, 36000, 36000, 1, 1, 4096, 5984, 8670, 10899, 14869, 16504, 19200, 22902, 36000, 25657, 1, 1
15:56:13, 1017.70, 20.42, 22.25, 18.805, 11673, 15134, 23361, 28877, 29837, 29395, 34230, 35559, 36000, 36000, 1, 1, 2915, 4208, 6045, 8079, 9848, 10730, 12711, 14281, 36000, 18295, 1, 1
