Secchi Depth (cm) = 0036
Forel Ule Scale = 17
pH Colour Scale = 99
SensingSecchi S/N = A016
Latitude (degs N) = 34.13999
Longitude (degs E) = -77.86215
Date = 2026-04-15
Time (UTC), Pressure (mbar) MS5803, Temp (deg C) MS5803, Temp (deg C) 10KTHERM, Temp (deg C) TMP117, ED 415nm, ED 445nm, ED 480nm, ED 515nm, ED 555nm, ED 590nm, ED 630nm, ED 680nm, ED Clear, ED NIR, ED D-SAT, ED A-SAT, EU 415nm, EU 445nm, EU 480nm, EU 515nm, EU 555nm, EU 590nm, EU 630nm, EU 680nm, EU Clear, EU NIR, EU D-SAT, EU A-SAT
15:48:52, 1015.80, 24.07, 22.84, 30.328, 550, 710, 1024, 1153, 1300, 1348, 1480, 1606, 6132, 1980, 0, 0, 3785, 5698, 7488, 8929, 9634, 10643, 12813, 15544, 36000, 23300, 1, 1
15:48:52, 1015.80, 24.08, 22.84, 30.273, 554, 716, 1031, 1160, 1305, 1353, 1487, 1612, 6188, 2000, 0, 0, 3583, 5282, 7054, 8274, 9319, 10260, 12481, 14873, 36000, 23580, 1, 1
15:48:53, 1016.00, 24.09, 22.86, 30.211, 555, 718, 1034, 1163, 1304, 1352, 1485, 1611, 6180, 1995, 0, 0, 3472, 5121, 6866, 8055, 9012, 9901, 12058, 14351, 36000, 22654, 1, 1
15:48:54, 1015.80, 24.09, 22.84, 30.211, 550, 709, 1023, 1151, 1296, 1345, 1475, 1603, 6091, 1963, 0, 0, 4507, 7020, 9222, 11290, 15181, 17573, 20434, 26011, 36000, 27624, 1, 1
15:48:54, 1016.00, 24.09, 22.89, 30.125, 554, 717, 1033, 1161, 1305, 1352, 1486, 1611, 6172, 1995, 0, 0, 5816, 9357, 12176, 15263, 16213, 18807, 21721, 27619, 36000, 29048, 1, 1
15:48:55, 1015.90, 24.10, 22.89, 30.094, 557, 721, 1038, 1167, 1310, 1357, 1492, 1617, 6225, 2016, 0, 0, 5910, 9520, 12350, 15470, 17547, 20722, 23681, 30547, 36000, 31292, 1, 1
15:48:56, 1015.90, 24.11, 22.89, 30.094, 553, 713, 1028, 1157, 1299, 1349, 1479, 1606, 6108, 1973, 0, 0, 5829, 9525, 12218, 15541, 16779, 20007, 22619, 29461, 36000, 27850, 1, 1
15:48:56, 1015.70, 24.11, 22.91, 30.039, 552, 713, 1027, 1156, 1301, 1349, 1482, 1607, 6147, 1986, 0, 0, 5081, 8183, 10486, 13210, 14604, 17030, 19743, 25173, 36000, 26128, 1, 1
15:48:57, 1015.80, 24.12, 22.89, 30.000, 555, 718, 1035, 1164, 1307, 1355, 1490, 1616, 6208, 2010, 0, 0, 4939, 7579, 10097, 12170, 13725, 15385, 18464, 22365, 36000, 29579, 1, 1
15:48:58, 1015.80, 24.13, 22.89, 30.000, 552, 713, 1028, 1156, 1298, 1347, 1477, 1604, 6108, 1972, 0, 0, 4675, 7434, 9595, 11903, 12959, 14553, 17304, 21416, 36000, 24149, 1, 1
15:48:58, 1016.00, 24.14, 22.91, 29.945, 550, 710, 1025, 1153, 1298, 1345, 1478, 1603, 6121, 1977, 0, 0, 4127, 6274, 8268, 9902, 11036, 12179, 14570, 17650, 36000, 23305, 1, 1
15:48:59, 1015.60, 24.14, 22.93, 29.891, 555, 718, 1035, 1163, 1308, 1356, 1490, 1617, 6223, 2016, 0, 0, 4791, 7438, 9766, 11899, 13753, 15503, 18383, 22688, 36000, 27378, 1, 1
15:49:00, 1015.90, 24.15, 22.93, 29.891, 553, 715, 1030, 1158, 1298, 1347, 1478, 1604, 6120, 1977, 0, 0, 4618, 7099, 9386, 11347, 12273, 13684, 16325, 19868, 36000, 25794, 1, 1
15:49:00, 1015.80, 24.16, 22.96, 29.859, 552, 714, 1029, 1157, 1303, 1350, 1485, 1611, 6170, 1996, 0, 0, 4052, 6065, 8116, 9618, 11032, 12300, 14706, 18152, 36000, 25788, 1, 1
15:49:01, 1015.80, 24.17, 22.94, 29.867, 557, 719, 1036, 1165, 1311, 1359, 1492, 1621, 6229, 2018, 0, 0, 4104, 6149, 8231, 9764, 11242, 12500, 14953, 18222, 36000, 25595, 1, 1
15:49:02, 1016.20, 24.18, 22.96, 29.867, 553, 714, 1029, 1157, 1297, 1345, 1476, 1602, 6117, 1975, 0, 0, 3836, 5723, 7641, 9066, 10261, 11411, 13612, 16675, 36000, 23771, 1, 1
15:49:02, 1016.10, 24.18, 23.00, 29.859, 553, 714, 1029, 1158, 1303, 1352, 1486, 1613, 6174, 1999, 0, 0, 3971, 5980, 7928, 9445, 11357, 12797, 15565, 19402, 36000, 27525, 1, 1
15:49:03, 1016.00, 24.19, 23.01, 29.859, 557, 720, 1037, 1165, 1307, 1356, 1486, 1617, 6183, 2001, 0, 0, 5561, 8007, 10879, 13108, 18129, 23698, 33949, 36000, 36000, 36000, 1, 1
15:49:04, 1014.80, 24.15, 23.01, 29.852, 93, 102, 98, 105, 69, 99, 328, 743, 1370, 769, 0, 0, 1071, 1545, 2002, 2402, 2317, 2831, 3884, 5322, 17137, 11150, 0, 0
15:49:04, 1015.60, 24.19, 23.03, 29.836, 52, 57, 56, 60, 102, 137, 440, 1082, 2029, 1144, 0, 0, 2926, 4111, 5122, 6082, 14880, 19257, 27972, 33028, 36000, 36000, 1, 1
15:49:05, 1015.00, 24.22, 23.01, 29.836, 523, 691, 977, 1255, 1763, 2147, 3076, 4080, 9393, 4419, 0, 0, 21524, 26142, 34921, 36000, 36000, 36000, 36000, 36000, 36000, 36000, 1, 1
15:49:06, 1015.40, 24.23, 23.03, 29.781, 52, 70, 96, 110, 88, 108, 151, 209, 749, 573, 0, 0, 14374, 20873, 26860, 34816, 32143, 36000, 36000, 36000, 36000, 36000, 1, 1
15:49:06, 1015.70, 24.23, 23.05, 29.727, 590, 833, 1166, 1512, 144, 192, 464, 937, 1662, 846, 0, 0, 2894, 4444, 5735, 6779, 7190, 8384, 10884, 14392, 36000, 23836, 1, 1
15:49:07, 1015.50, 24.27, 23.07, 29.727, 9433, 15333, 21958, 27023, 3830, 4068, 3766, 5236, 8003, 3629, 0, 0, 2261, 3685, 5379, 7088, 7834, 8480, 9535, 10582, 24583, 5175, 0, 0
15:49:08, 1016.40, 24.27, 23.08, 29.633, 4996, 5589, 7150, 12058, 35427, 35400, 35976, 36000, 36000, 36000, 1, 1, 1753, 3010, 4653, 6358, 6549, 6975, 7928, 8301, 22476, 3206, 0, 0
15:49:08, 1019.10, 24.17, 23.07, 27.867, 7166, 14883, 20215, 23588, 35966, 32558, 34376, 36000, 36000, 35009, 1, 1, 799, 1318, 2430, 3787, 5188, 5606, 6326, 6533, 14628, 1725, 0, 0
15:49:09, 1022.70, 24.07, 23.07, 27.867, 968, 1456, 1881, 2013, 20779, 26976, 26281, 31877, 11878, 4211, 0, 0, 752, 1238, 2312, 3638, 5875, 6403, 7212, 7442, 17637, 1883, 0, 0
15:49:10, 1032.90, 23.99, 23.07, 24.609, 6483, 10755, 16812, 20282, 31814, 32206, 32537, 33280, 33313, 10951, 0, 1, 661, 1064, 2069, 3340, 5480, 5999, 6802, 6995, 17535, 1789, 0, 0
15:49:10, 1027.90, 23.94, 23.03, 23.219, 4885, 9850, 13219, 17477, 21050, 20923, 24912, 28103, 36000, 23606, 1, 1, 825, 1333, 2535, 3944, 5732, 6223, 7074, 7266, 18749, 1939, 0, 0
15:49:11, 1032.60, 23.89, 23.05, 23.219, 4876, 9046, 11740, 16814, 17935, 20775, 19975, 28107, 36000, 29678, 1, 1, 703, 1133, 2185, 3466, 5006, 5436, 6198, 6361, 15873, 1611, 0, 0
15:49:12, 1032.60, 23.86, 23.03, 22.703, 4684, 8964, 12094, 16558, 17348, 21738, 23766, 30024, 36000, 29432, 1, 1, 595, 948, 1843, 2974, 4519, 4910, 5608, 5733, 13671, 1377, 0, 0
15:49:12, 1029.80, 23.84, 23.03, 22.453, 3224, 6948, 10006, 13730, 13303, 13774, 19105, 19864, 36000, 23986, 1, 1, 584, 938, 1810, 2917, 4318, 4687, 5333, 5452, 12271, 1257, 0, 0
15:49:13, 1031.50, 23.82, 23.05, 22.453, 4334, 9140, 13481, 14747, 20231, 21144, 25701, 32461, 36000, 24498, 1, 1, 522, 836, 1601, 2612, 3854, 4199, 4757, 4843, 10442, 1077, 0, 0
15:49:14, 1026.00, 23.81, 23.01, 22.344, 4503, 8151, 11236, 15363, 15941, 17525, 19405, 23832, 36000, 7491, 1, 1, 526, 848, 1635, 2670, 4104, 4469, 5073, 5171, 10890, 1152, 0, 0
15:49:14, 1023.90, 23.79, 23.05, 22.289, 5610, 8851, 10965, 16066, 12506, 20198, 25578, 26704, 35925, 5147, 0, 1, 613, 995, 1857, 2988, 4470, 4847, 5478, 5601, 12027, 1385, 0, 0
15:49:15, 1031.40, 23.77, 23.03, 22.289, 4787, 10030, 12849, 16016, 11856, 15136, 15887, 21045, 23463, 3585, 0, 0, 533, 859, 1673, 2765, 4122, 4522, 5122, 5206, 10622, 1019, 0, 0
15:49:15, 1027.80, 23.76, 23.05, 22.258, 4155, 5928, 8896, 10557, 16743, 18405, 16527, 23051, 19334, 3434, 0, 0, 518, 831, 1598, 2638, 4030, 4400, 4955, 5044, 10643, 1126, 0, 0
15:49:16, 1031.70, 23.74, 23.05, 22.250, 5238, 10432, 13437, 16414, 19634, 16603, 25214, 29594, 20844, 3388, 0, 0, 513, 828, 1604, 2659, 3954, 4343, 4900, 4986, 10339, 1012, 0, 0
15:49:17, 1030.10, 23.73, 23.05, 22.250, 4370, 8413, 10363, 13325, 16035, 14189, 21373, 25624, 17036, 2880, 0, 0, 467, 745, 1461, 2452, 3732, 4115, 4646, 4726, 9747, 962, 0, 0
15:49:17, 1027.70, 23.72, 23.03, 22.242, 4481, 9262, 10473, 14054, 19044, 19411, 19187, 30429, 15392, 3040, 0, 0, 518, 837, 1606, 2652, 3945, 4328, 4865, 4966, 10391, 1075, 0, 0
15:49:18, 1034.10, 23.71, 23.03, 22.250, 4760, 9336, 12705, 16059, 18339, 17838, 22539, 27597, 25238, 3869, 0, 0, 434, 690, 1361, 2282, 3537, 3926, 4447, 4518, 9009, 838, 0, 0
15:49:19, 1031.10, 23.70, 23.03, 22.250, 3299, 5597, 7723, 9785, 15980, 16294, 19281, 24994, 20185, 3809, 0, 0, 365, 576, 1132, 1927, 2972, 3298, 3700, 3740, 7332, 692, 0, 0
15:49:19, 1036.20, 23.69, 23.03, 22.242, 6237, 13294, 18704, 25024, 15193, 15631, 19482, 24284, 28414, 4192, 0, 0, 364, 571, 1142, 1952, 3128, 3488, 3954, 4003, 7697, 691, 0, 0
15:49:20, 1030.20, 23.68, 23.03, 22.242, 3693, 5956, 8428, 11334, 13292, 13472, 16384, 21157, 27547, 4260, 0, 0, 346, 541, 1068, 1820, 2848, 3151, 3553, 3589, 6846, 656, 0, 0
15:49:21, 1033.10, 23.67, 23.03, 22.227, 2436, 4141, 6174, 7924, 15293, 14376, 18740, 23592, 34190, 5314, 0, 1, 414, 654, 1297, 2196, 3362, 3720, 4233, 4292, 8318, 767, 0, 0
15:49:21, 1021.50, 23.65, 23.01, 22.219, 3478, 4528, 6540, 10313, 9621, 14410, 19226, 18921, 35957, 5559, 0, 1, 529, 848, 1586, 2555, 4013, 4352, 4929, 5096, 11158, 1565, 0, 0
15:49:22, 1025.80, 23.64, 23.03, 22.219, 6647, 12994, 18742, 16409, 13465, 14443, 16410, 20922, 33476, 19231, 0, 1, 664, 1076, 1970, 3098, 4414, 4788, 5448, 5593, 12219, 1491, 0, 0
15:49:23, 1030.60, 23.63, 23.03, 22.234, 2498, 4803, 6898, 7684, 16471, 18151, 22326, 22218, 36000, 15303, 1, 1, 532, 857, 1650, 2676, 3864, 4230, 4820, 4908, 10126, 991, 0, 0
15:49:23, 1027.10, 23.62, 23.01, 22.227, 5422, 9811, 14589, 16414, 18626, 23307, 24413, 32993, 36000, 21870, 1, 1, 561, 907, 1704, 2719, 4105, 4443, 5040, 5147, 11320, 1290, 0, 0
15:49:24, 1032.20, 23.62, 23.01, 22.227, 3920, 7699, 11526, 12892, 18107, 17644, 23456, 25987, 34212, 11893, 0, 1, 518, 828, 1604, 2632, 3945, 4322, 4934, 5030, 10460, 1029, 0, 0
15:49:25, 1030.00, 23.62, 23.01, 22.227, 4724, 8119, 11490, 14619, 20125, 23201, 25762, 33507, 36000, 22595, 1, 1, 518, 830, 1582, 2566, 3824, 4158, 4720, 4814, 10373, 1088, 0, 0
15:49:25, 1032.30, 23.62, 23.01, 22.234, 4483, 8769, 13342, 15639, 15934, 15852, 21154, 24833, 36000, 9202, 1, 1, 475, 754, 1470, 2440, 3674, 4025, 4591, 4671, 9734, 956, 0, 0
15:49:26, 1032.40, 23.61, 23.03, 22.234, 4490, 8189, 12498, 14160, 18487, 18307, 20892, 32563, 36000, 18734, 1, 1, 463, 738, 1424, 2357, 3565, 3896, 4428, 4501, 9425, 943, 0, 0
15:49:27, 1032.70, 23.62, 23.01, 22.227, 4577, 7387, 10833, 14184, 17276, 17363, 25557, 29099, 36000, 10580, 1, 1, 447, 708, 1381, 2307, 3493, 3828, 4355, 4427, 9179, 901, 0, 0
15:49:27, 1033.90, 23.62, 23.01, 22.227, 4155, 7830, 11596, 14155, 16968, 16151, 21332, 26831, 36000, 9998, 1, 1, 460, 728, 1420, 2375, 3674, 4032, 4583, 4664, 9579, 936, 0, 0
15:49:28, 1033.80, 23.62, 23.00, 22.227, 4157, 7857, 12284, 13744, 16714, 16522, 22839, 27217, 36000, 9630, 1, 1, 476, 754, 1473, 2461, 3773, 4148, 4721, 4805, 9814, 944, 0, 0
15:49:29, 1033.50, 23.62, 23.01, 22.227, 4191, 7727, 11449, 13929, 13126, 14406, 18590, 21674, 36000, 7936, 1, 1, 483, 769, 1493, 2484, 3843, 4215, 4791, 4873, 9987, 972, 0, 0
15:49:29, 1034.20, 23.63, 23.05, 22.219, 4108, 7940, 10466, 14417, 16189, 17401, 20719, 25819, 36000, 8761, 1, 1, 445, 702, 1376, 2313, 3650, 4021, 4577, 4652, 9328, 889, 0, 0
15:49:30, 1032.80, 23.63, 23.01, 22.219, 4413, 8855, 11717, 14738, 16110, 16055, 19835, 24875, 36000, 8060, 1, 1, 440, 697, 1357, 2269, 3600, 3952, 4486, 4555, 9111, 878, 0, 0
15:49:31, 1034.90, 23.63, 23.05, 22.219, 4423, 9401, 12051, 15888, 18697, 16501, 20875, 30507, 36000, 9117, 1, 1, 403, 635, 1247, 2112, 3353, 3703, 4212, 4268, 8324, 772, 0, 0
15:49:31, 1033.50, 23.63, 23.05, 22.227, 4086, 7008, 9443, 12701, 18777, 17711, 20193, 28221, 36000, 8409, 1, 1, 387, 610, 1197, 2028, 3254, 3582, 4059, 4108, 8074, 761, 0, 0
15:49:32, 1030.20, 23.63, 23.03, 22.227, 4630, 8516, 11670, 14071, 16907, 17478, 20216, 26862, 36000, 5617, 1, 1, 430, 680, 1324, 2221, 3487, 3829, 4343, 4410, 8768, 886, 0, 0
15:49:33, 1030.80, 23.62, 23.05, 22.219, 4478, 9575, 13060, 15035, 28145, 24296, 29896, 36000, 36000, 8781, 1, 1, 449, 706, 1366, 2276, 3541, 3890, 4418, 4492, 9038, 965, 0, 0
15:49:33, 1030.00, 23.62, 23.03, 22.227, 3913, 7608, 9156, 12568, 18370, 17540, 22160, 28937, 35182, 5179, 0, 1, 423, 669, 1303, 2198, 3435, 3772, 4273, 4341, 8650, 868, 0, 0
15:49:34, 1029.80, 23.62, 23.07, 22.227, 5253, 9281, 11256, 14263, 23313, 20367, 25368, 34327, 36000, 6206, 1, 1, 456, 714, 1379, 2295, 3492, 3831, 4349, 4424, 9046, 1110, 0, 0
15:49:35, 1023.00, 23.61, 23.05, 22.227, 4490, 8097, 10813, 12480, 21964, 24822, 26171, 29230, 35902, 7147, 0, 1, 495, 785, 1481, 2435, 3845, 4184, 4722, 4868, 10321, 1414, 0, 0
15:49:35, 1024.50, 23.61, 23.03, 22.234, 7825, 16061, 17457, 27159, 14946, 24645, 27913, 29080, 30818, 6597, 0, 0, 598, 954, 1760, 2827, 4240, 4607, 5214, 5366, 11343, 1383, 0, 0
15:49:36, 1025.60, 23.60, 23.03, 22.234, 5339, 6384, 9904, 14734, 6886, 16904, 16857, 15027, 31262, 4832, 0, 0, 583, 939, 1765, 2840, 4369, 4727, 5369, 5484, 11751, 1336, 0, 0
15:49:37, 1027.50, 23.59, 23.07, 22.227, 5710, 11986, 16701, 23023, 22820, 22178, 26591, 32600, 36000, 8959, 1, 1, 548, 878, 1681, 2747, 4141, 4511, 5134, 5239, 10907, 1151, 0, 0
15:49:37, 1029.10, 23.59, 23.05, 22.227, 7719, 15238, 20776, 21185, 26789, 22375, 23284, 34778, 36000, 25385, 1, 1, 488, 770, 1466, 2411, 3903, 4267, 4869, 4980, 10264, 1130, 0, 0
15:49:38, 1028.10, 23.58, 23.07, 22.234, 4963, 7319, 10410, 13794, 26211, 23013, 26534, 34152, 36000, 19255, 1, 1, 474, 746, 1424, 2348, 3621, 3961, 4504, 4610, 9570, 1180, 0, 0
15:49:39, 1029.00, 23.58, 23.05, 22.242, 5743, 11280, 18037, 16540, 18298, 17682, 28382, 29853, 36000, 13234, 1, 1, 508, 803, 1532, 2511, 3828, 4185, 4771, 4888, 10229, 1198, 0, 0
15:49:39, 1027.40, 23.58, 23.01, 22.242, 5461, 9899, 13809, 16421, 15874, 18507, 24390, 27344, 36000, 11981, 1, 1, 539, 866, 1645, 2672, 4083, 4451, 5083, 5209, 11043, 1225, 0, 0
15:49:40, 1028.10, 23.57, 23.05, 22.250, 5154, 9213, 12431, 17714, 14770, 17515, 22192, 25590, 36000, 11039, 1, 1, 575, 925, 1748, 2823, 4209, 4591, 5240, 5379, 11386, 1219, 0, 0
15:49:41, 1027.90, 23.57, 23.05, 22.250, 4223, 5844, 7807, 11588, 12788, 16677, 20010, 23791, 36000, 9691, 1, 1, 565, 909, 1720, 2762, 4109, 4479, 5121, 5258, 11246, 1235, 0, 0
15:49:41, 1027.40, 23.57, 23.07, 22.250, 4822, 7778, 11061, 15023, 16383, 21015, 24614, 30130, 36000, 14509, 1, 1, 560, 899, 1690, 2718, 3993, 4350, 4984, 5122, 11067, 1299, 0, 0
15:49:42, 1026.90, 23.57, 23.07, 22.250, 4257, 7915, 11218, 12352, 20492, 22800, 26354, 33986, 36000, 18272, 1, 1, 554, 884, 1657, 2662, 4036, 4394, 5023, 5168, 11275, 1358, 0, 0
15:49:43, 1027.70, 23.57, 23.07, 22.250, 3989, 7225, 10303, 12001, 25054, 22379, 24167, 33085, 36000, 19862, 1, 1, 566, 908, 1710, 2747, 4171, 4546, 5206, 5356, 11598, 1323, 0, 0
15:49:43, 1026.90, 23.57, 23.08, 22.250, 4664, 7564, 11186, 14315, 22269, 21545, 25223, 36000, 36000, 25370, 1, 1, 574, 922, 1733, 2778, 4224, 4602, 5267, 5421, 11774, 1366, 0, 0
15:49:44, 1022.40, 23.57, 23.08, 22.250, 4965, 6247, 6401, 15260, 19624, 20831, 31702, 23833, 36000, 26058, 1, 1, 622, 984, 1773, 2832, 4049, 4368, 4939, 5225, 12054, 2187, 0, 0
15:49:45, 1023.20, 23.57, 23.08, 22.266, 6884, 13730, 19213, 20947, 23306, 25916, 28907, 32032, 36000, 33530, 1, 1, 561, 866, 1539, 2531, 3840, 4157, 4678, 4924, 10977, 1745, 0, 0
15:49:45, 1027.20, 23.57, 23.07, 22.266, 6606, 14734, 19322, 24225, 19022, 21001, 25272, 35660, 36000, 31426, 1, 1, 571, 909, 1687, 2702, 4096, 4471, 5117, 5287, 11484, 1329, 0, 0
15:49:46, 1025.90, 23.57, 23.08, 22.258, 5620, 11484, 19973, 17844, 19362, 18764, 24987, 33781, 36000, 35201, 1, 1, 654, 1049, 1950, 3038, 4658, 5051, 5769, 6026, 13874, 1602, 0, 0
15:49:47, 1026.70, 23.56, 23.08, 22.258, 4916, 10955, 15764, 15799, 21330, 24236, 29583, 36000, 36000, 33473, 1, 1, 612, 984, 1863, 2937, 4719, 5112, 5838, 6075, 13716, 1502, 0, 0
15:49:47, 1025.30, 23.56, 23.10, 22.258, 3998, 8512, 10731, 14241, 20961, 18735, 24625, 29216, 36000, 31637, 1, 1, 686, 1110, 2077, 3273, 4828, 5247, 5995, 6207, 14047, 1554, 0, 0
15:49:48, 1026.00, 23.55, 23.10, 22.250, 3616, 7283, 9329, 14487, 22158, 21443, 28381, 34131, 36000, 36000, 1, 1, 647, 1039, 1933, 3041, 4429, 4802, 5497, 5689, 13181, 1513, 0, 0
15:49:49, 1025.70, 23.55, 23.12, 22.258, 4480, 9329, 12735, 16822, 18388, 17935, 23779, 30274, 36000, 35779, 1, 1, 595, 949, 1773, 2804, 4429, 4799, 5499, 5697, 13377, 1572, 0, 0
15:49:49, 1023.30, 23.55, 23.10, 22.258, 5539, 9581, 16167, 17876, 20148, 21876, 29974, 35658, 36000, 36000, 1, 1, 680, 1088, 2000, 3108, 4699, 5067, 5805, 6038, 14657, 1879, 0, 0
15:49:50, 1022.40, 23.56, 23.08, 22.242, 7113, 11764, 16558, 17941, 21080, 25306, 31744, 35915, 36000, 36000, 1, 1, 750, 1210, 2236, 3461, 5345, 5767, 6612, 6874, 16452, 1955, 0, 0
15:49:51, 1022.50, 23.55, 23.07, 22.250, 8695, 13135, 20007, 19568, 23898, 26048, 32312, 36000, 36000, 36000, 1, 1, 804, 1302, 2387, 3654, 5249, 5653, 6480, 6736, 16453, 2004, 0, 0
15:49:51, 1027.10, 23.55, 23.12, 22.250, 3889, 8464, 11737, 15331, 17544, 18099, 24753, 29641, 36000, 34585, 1, 1, 704, 1135, 2133, 3349, 4877, 5286, 6055, 6263, 14825, 1629, 0, 0
15:49:52, 1032.60, 23.55, 23.08, 22.250, 2325, 7085, 8465, 12954, 15530, 18168, 21795, 28755, 36000, 35063, 1, 1, 640, 1027, 1962, 3130, 4506, 4913, 5631, 5803, 13428, 1382, 0, 0
15:49:53, 1034.80, 23.55, 23.12, 22.250, 2743, 5499, 8063, 11317, 13073, 14626, 19383, 23147, 36000, 23165, 1, 1, 562, 890, 1729, 2809, 4312, 4717, 5415, 5580, 12965, 1316, 0, 0
15:49:53, 1036.00, 23.55, 23.10, 22.250, 3102, 6056, 8924, 11709, 14943, 16826, 21120, 26789, 36000, 22597, 1, 1, 527, 831, 1623, 2656, 4053, 4439, 5094, 5241, 12026, 1197, 0, 0
15:49:54, 1033.90, 23.55, 23.10, 22.250, 3100, 6121, 8963, 11786, 14631, 16943, 19758, 25787, 36000, 23945, 1, 1, 549, 872, 1687, 2727, 4136, 4522, 5183, 5337, 12358, 1256, 0, 0
15:49:55, 1032.80, 23.54, 23.12, 22.258, 4532, 7397, 11373, 13527, 17143, 20012, 22429, 30092, 36000, 26180, 1, 1, 571, 909, 1749, 2802, 4355, 4743, 5427, 5629, 13140, 1332, 0, 0
15:49:55, 1031.70, 23.54, 23.10, 22.258, 3459, 6743, 10045, 12824, 16195, 18430, 21300, 28078, 36000, 28311, 1, 1, 647, 1036, 1981, 3094, 4738, 5114, 5864, 6088, 14701, 1531, 0, 0
15:49:56, 1032.10, 23.54, 23.14, 22.266, 4202, 8406, 11819, 15117, 14563, 16531, 22688, 26871, 36000, 31308, 1, 1, 648, 1032, 1976, 3119, 4376, 4755, 5497, 5726, 13400, 1446, 0, 0
15:49:57, 1031.60, 23.54, 23.12, 22.266, 2462, 5966, 8172, 11958, 14267, 16029, 20405, 24360, 36000, 30072, 1, 1, 640, 1026, 1954, 3096, 4491, 4887, 5605, 5778, 13581, 1415, 0, 0
15:49:57, 1032.90, 23.54, 23.12, 22.266, 2447, 4928, 7225, 9885, 13893, 15524, 21409, 25064, 36000, 27359, 1, 1, 570, 904, 1749, 2818, 4307, 4702, 5407, 5573, 13001, 1327, 0, 0
15:49:58, 1030.80, 23.53, 23.12, 22.266, 2803, 6143, 8626, 12006, 14551, 17001, 19902, 27478, 36000, 31733, 1, 1, 601, 958, 1835, 2940, 4534, 4939, 5674, 5866, 13808, 1448, 0, 0
15:49:59, 1029.90, 23.53, 23.10, 22.266, 3794, 7230, 10126, 12839, 15625, 17766, 22062, 28427, 36000, 29519, 1, 1, 616, 985, 1876, 2988, 4468, 4865, 5579, 5762, 13326, 1406, 0, 0
15:49:59, 1029.70, 23.53, 23.14, 22.258, 4826, 8957, 13221, 16016, 16475, 18067, 23312, 29736, 36000, 33247, 1, 1, 648, 1039, 1968, 3122, 4596, 5005, 5731, 5926, 13655, 1453, 0, 0
15:50:00, 1031.40, 23.53, 23.17, 22.250, 4531, 8913, 13552, 17227, 11995, 12521, 16812, 19806, 36000, 23963, 1, 1, 607, 971, 1858, 2981, 4484, 4895, 5616, 5799, 13241, 1370, 0, 0
15:50:01, 1033.80, 23.53, 23.12, 22.250, 2778, 5663, 7983, 11279, 13002, 14371, 18982, 23389, 36000, 24133, 1, 1, 557, 884, 1710, 2778, 4170, 4574, 5249, 5407, 12055, 1214, 0, 0
15:50:01, 1031.60, 23.53, 23.15, 22.250, 2750, 5729, 7858, 11560, 13013, 13492, 18185, 21932, 36000, 24103, 1, 1, 569, 907, 1740, 2801, 4150, 4537, 5196, 5355, 11993, 1240, 0, 0
15:50:02, 1030.10, 23.53, 23.12, 22.258, 3866, 7559, 11683, 13896, 15675, 15571, 21725, 26265, 36000, 27260, 1, 1, 564, 898, 1719, 2772, 4217, 4601, 5266, 5436, 12192, 1285, 0, 0
15:50:03, 1030.30, 23.53, 23.15, 22.258, 3969, 8254, 12815, 14471, 16557, 18443, 22594, 31643, 36000, 28799, 1, 1, 555, 885, 1684, 2720, 4078, 4451, 5097, 5252, 11679, 1222, 0, 0
15:50:03, 1029.40, 23.53, 23.15, 22.250, 3718, 7881, 11057, 14289, 18033, 19068, 23186, 32486, 36000, 35107, 1, 1, 537, 855, 1618, 2599, 3963, 4325, 4952, 5106, 11419, 1235, 0, 0
15:50:04, 1027.30, 23.53, 23.17, 22.266, 4953, 9332, 14811, 14357, 19672, 23494, 24892, 35524, 36000, 35797, 1, 1, 604, 969, 1818, 2855, 4459, 4870, 5546, 5775, 13512, 1515, 0, 0
15:50:05, 1020.30, 23.52, 23.17, 22.266, 4843, 9992, 15356, 16472, 18976, 19935, 27679, 34618, 36000, 35394, 1, 1, 763, 1237, 2262, 3510, 5257, 5669, 6480, 6739, 15647, 1905, 0, 0
15:50:05, 1022.10, 23.52, 23.15, 22.258, 7287, 14618, 20885, 20988, 20563, 23085, 26227, 32557, 36000, 32427, 1, 1, 743, 1204, 2210, 3474, 5259, 5690, 6513, 6769, 15431, 1798, 0, 0
15:50:06, 1026.90, 23.51, 23.15, 22.266, 3689, 7572, 7942, 16365, 17237, 18888, 24658, 25636, 36000, 29423, 1, 1, 682, 1101, 2052, 3233, 4466, 4857, 5579, 5789, 13102, 1485, 0, 0
15:50:07, 1029.50, 23.51, 23.14, 22.266, 3342, 7202, 9205, 13359, 16792, 17625, 22928, 28946, 36000, 29035, 1, 1, 524, 831, 1569, 2530, 3664, 4035, 4644, 4845, 10585, 1318, 0, 0
15:50:07, 1027.70, 23.50, 23.17, 22.258, 3269, 6504, 9147, 12305, 19669, 22870, 26834, 34650, 36000, 35132, 1, 1, 551, 876, 1651, 2660, 4096, 4457, 5099, 5283, 11823, 1388, 0, 0
15:50:08, 1032.10, 23.50, 23.19, 22.273, 4268, 8700, 11711, 16259, 24738, 26234, 30328, 36000, 36000, 31995, 1, 1, 573, 913, 1738, 2827, 4237, 4638, 5312, 5485, 11981, 1250, 0, 0
15:50:09, 1036.60, 23.49, 23.19, 22.273, 2544, 4975, 6755, 10280, 13815, 13409, 17045, 20662, 36000, 14834, 1, 1, 489, 769, 1498, 2468, 3712, 4100, 4721, 4862, 10485, 1045, 0, 0
15:50:09, 1034.20, 23.49, 23.15, 22.258, 2707, 5337, 7971, 10678, 16705, 18066, 22288, 30389, 36000, 18588, 1, 1, 466, 732, 1428, 2360, 3663, 4036, 4637, 4776, 10399, 1047, 0, 0
15:50:10, 1029.20, 23.50, 23.15, 22.258, 4957, 8601, 13993, 15503, 21456, 26682, 26726, 36000, 36000, 31934, 1, 1, 544, 866, 1650, 2670, 4166, 4542, 5193, 5367, 12061, 1286, 0, 0
15:50:11, 1028.70, 23.49, 23.17, 22.258, 5957, 10314, 16314, 17623, 22370, 30263, 26978, 35926, 36000, 36000, 1, 1, 614, 982, 1847, 2938, 4591, 5000, 5743, 5963, 13770, 1518, 0, 0
15:50:11, 1030.70, 23.49, 23.19, 22.250, 3105, 6299, 8964, 12342, 16943, 17063, 22027, 27322, 36000, 30487, 1, 1, 569, 904, 1733, 2790, 4296, 4709, 5424, 5619, 12778, 1343, 0, 0
15:50:12, 1022.70, 23.49, 23.21, 22.250, 5530, 9678, 14894, 16955, 21639, 26191, 28475, 35821, 36000, 35650, 1, 1, 706, 1141, 2124, 3328, 5260, 5694, 6537, 6808, 16265, 1896, 0, 0
15:50:13, 1023.60, 23.48, 23.21, 22.250, 7871, 13284, 20639, 21901, 27597, 34774, 28353, 36000, 36000, 36000, 1, 1, 775, 1258, 2290, 3528, 5220, 5648, 6479, 6764, 16242, 1932, 0, 0
15:50:13, 1028.40, 23.48, 23.22, 22.250, 2826, 6132, 8463, 11701, 18709, 22559, 23203, 32542, 36000, 31552, 1, 1, 649, 1041, 1965, 3118, 4731, 5173, 5959, 6192, 14204, 1540, 0, 0
15:50:14, 1024.00, 23.48, 23.21, 22.250, 4809, 9169, 12910, 14669, 18921, 22569, 24754, 35412, 36000, 35426, 1, 1, 711, 1149, 2148, 3370, 5033, 5467, 6280, 6536, 15263, 1743, 0, 0
15:50:15, 1024.10, 23.47, 23.21, 22.242, 5910, 11880, 16873, 17570, 26220, 19036, 33330, 33600, 36000, 36000, 1, 1, 813, 1322, 2421, 3729, 5311, 5744, 6591, 6869, 16450, 1955, 0, 0
15:50:15, 1030.50, 23.47, 23.21, 22.242, 3637, 7547, 9279, 15171, 20305, 18749, 26993, 28682, 36000, 33470, 1, 1, 639, 1026, 1940, 3085, 4397, 4818, 5556, 5768, 13012, 1397, 0, 0
15:50:16, 1024.80, 23.47, 23.21, 22.242, 3810, 7868, 12082, 13381, 19610, 20420, 24937, 35725, 36000, 24153, 1, 1, 626, 1005, 1899, 3029, 4713, 5132, 5900, 6131, 13986, 1591, 0, 0
15:50:17, 1023.10, 23.47, 23.17, 22.234, 5998, 12720, 22039, 20551, 25021, 26717, 33396, 36000, 36000, 36000, 1, 1, 752, 1223, 2214, 3435, 4891, 5291, 6061, 6325, 14844, 1886, 0, 0
15:50:17, 1029.10, 23.46, 23.19, 22.234, 4672, 9200, 11984, 13182, 14552, 14909, 20697, 19050, 36000, 22073, 1, 1, 606, 972, 1829, 2913, 4232, 4646, 5365, 5583, 12319, 1378, 0, 0
15:50:18, 1024.10, 23.46, 23.22, 22.234, 4863, 9858, 15525, 15977, 21559, 22207, 28405, 34903, 36000, 26193, 1, 1, 578, 923, 1737, 2783, 4341, 4735, 5447, 5670, 12587, 1594, 0, 0
15:50:19, 1024.20, 23.46, 23.22, 22.234, 6664, 14292, 22110, 21717, 23776, 24815, 33781, 36000, 36000, 36000, 1, 1, 687, 1111, 2021, 3166, 4593, 4981, 5690, 5929, 13646, 1746, 0, 0
15:50:19, 1031.40, 23.46, 23.19, 22.242, 3802, 7867, 10204, 14020, 19123, 21415, 25363, 26614, 36000, 22607, 1, 1, 542, 864, 1645, 2658, 3876, 4273, 4931, 5099, 10864, 1151, 0, 0
15:50:20, 1023.60, 23.46, 23.22, 22.242, 3682, 6936, 10097, 12277, 15771, 17096, 21056, 26878, 36000, 17717, 1, 1, 566, 909, 1720, 2764, 4410, 4803, 5528, 5722, 12548, 1462, 0, 0
15:50:21, 1025.70, 23.46, 23.28, 22.227, 5502, 11748, 14713, 18513, 26104, 23506, 29136, 32537, 36000, 35807, 1, 1, 691, 1113, 2029, 3175, 4388, 4776, 5454, 5679, 12879, 1577, 0, 0
15:50:21, 1034.70, 23.46, 23.22, 22.242, 2430, 5044, 6713, 10482, 9146, 9870, 14577, 11410, 36000, 14928, 1, 1, 456, 711, 1388, 2299, 3496, 3874, 4473, 4607, 9635, 950, 0, 0
15:50:22, 1021.80, 23.46, 23.22, 22.242, 3518, 7150, 9997, 14160, 19489, 18464, 25935, 31004, 36000, 34860, 1, 1, 618, 986, 1813, 2818, 4459, 4814, 5508, 5722, 13652, 1846, 0, 0
15:50:23, 1029.20, 23.46, 23.24, 22.234, 7148, 11354, 14889, 17123, 17548, 20166, 19584, 23667, 35572, 26002, 0, 1, 691, 1112, 2069, 3208, 4709, 5123, 5898, 6138, 14759, 1608, 0, 0
15:50:23, 1026.60, 23.46, 23.22, 22.250, 3129, 5488, 8429, 11029, 19439, 24068, 23837, 30368, 36000, 21996, 1, 1, 609, 970, 1859, 2966, 4738, 5147, 5921, 6156, 14734, 1554, 0, 0
15:50:24, 1023.40, 23.46, 23.24, 22.250, 7155, 16479, 18449, 26397, 27988, 36000, 32279, 36000, 36000, 36000, 1, 1, 885, 1443, 2635, 4023, 5994, 6447, 7411, 7721, 19820, 2271, 0, 0
15:50:25, 1031.20, 23.45, 23.26, 22.250, 2699, 4912, 6586, 8676, 18834, 22226, 22484, 30408, 36000, 31480, 1, 1, 662, 1050, 2024, 3233, 4947, 5421, 6251, 6486, 15636, 1589, 0, 0
15:50:25, 1019.80, 23.45, 23.22, 22.250, 4104, 7916, 10974, 15363, 25860, 30228, 28455, 34941, 36000, 34173, 1, 1, 915, 1496, 2768, 4226, 6200, 6662, 7658, 7981, 20614, 2415, 0, 0
15:50:26, 1028.10, 23.45, 23.26, 22.250, 6349, 10398, 12209, 14604, 16571, 20243, 19748, 24310, 36000, 26975, 1, 1, 790, 1277, 2374, 3672, 5328, 5804, 6675, 6999, 17773, 1975, 0, 0
15:50:27, 1023.40, 23.44, 23.21, 22.250, 4553, 8629, 12004, 16577, 17258, 21110, 21476, 28276, 36000, 23888, 1, 1, 795, 1285, 2426, 3795, 6140, 6636, 7628, 7972, 20539, 2289, 0, 0
15:50:27, 1023.80, 23.44, 23.24, 22.258, 8991, 16504, 19630, 25556, 24726, 35704, 29704, 36000, 36000, 36000, 1, 1, 970, 1583, 2888, 4379, 6117, 6621, 7591, 7916, 20610, 2355, 0, 0
15:50:28, 1027.60, 23.44, 23.26, 22.258, 3423, 6647, 8494, 12130, 14415, 16933, 17513, 24796, 36000, 28261, 1, 1, 780, 1250, 2390, 3785, 5770, 6296, 7242, 7516, 18846, 1973, 0, 0
15:50:29, 1019.10, 23.44, 23.28, 22.250, 6883, 13027, 16671, 22873, 23934, 31110, 26059, 35856, 36000, 36000, 1, 1, 1021, 1679, 3042, 4599, 6387, 6854, 7864, 8169, 21678, 2607, 0, 0
15:50:29, 1025.40, 23.44, 23.26, 22.250, 5773, 8594, 11432, 13690, 17043, 17829, 19871, 24011, 36000, 31739, 1, 1, 858, 1386, 2586, 3999, 5815, 6341, 7276, 7564, 19294, 2076, 0, 0
15:50:30, 1017.80, 23.43, 23.28, 22.250, 4596, 8002, 10362, 15194, 26975, 27864, 30965, 33383, 36000, 34259, 1, 1, 1052, 1721, 3154, 4784, 6943, 7463, 8558, 8906, 23957, 2907, 0, 0
15:50:31, 1025.20, 23.43, 23.26, 22.250, 8506, 17573, 20045, 26564, 22387, 22889, 26439, 30072, 35606, 30880, 0, 1, 907, 1469, 2730, 4210, 5771, 6289, 7213, 7512, 19088, 2091, 0, 0
15:50:31, 1021.20, 23.43, 23.29, 22.250, 4823, 8283, 10535, 14290, 18628, 20361, 21122, 25133, 36000, 25271, 1, 1, 960, 1558, 2906, 4467, 6719, 7284, 8324, 8659, 22718, 2557, 0, 0
15:50:32, 1025.40, 23.43, 23.26, 22.250, 7864, 15582, 26712, 26937, 28182, 24487, 28923, 30975, 32905, 28494, 0, 1, 962, 1559, 2881, 4437, 6360, 6942, 7930, 8258, 20986, 2329, 0, 0
15:50:33, 1028.40, 23.42, 23.29, 22.250, 4276, 7184, 10821, 12147, 21058, 18083, 24166, 28129, 36000, 22777, 1, 1, 829, 1324, 2530, 3999, 5884, 6452, 7366, 7657, 19123, 2041, 0, 0
15:50:33, 1027.70, 23.42, 23.29, 22.250, 5875, 10393, 15155, 17943, 15278, 15829, 16564, 22461, 35776, 12467, 0, 1, 841, 1355, 2538, 3959, 5580, 6124, 6970, 7254, 18003, 1957, 0, 0
15:50:34, 1031.70, 23.42, 23.28, 22.242, 6796, 11653, 17946, 21179, 17675, 18893, 21524, 27121, 33264, 5328, 0, 1, 683, 1077, 2092, 3385, 5199, 5742, 6549, 6801, 16592, 1714, 0, 0
15:50:35, 1027.00, 23.42, 23.28, 22.250, 7338, 14816, 21638, 23241, 24695, 26111, 27500, 32903, 36000, 10592, 1, 1, 821, 1325, 2489, 3907, 5556, 6086, 6935, 7210, 17956, 1955, 0, 0
15:50:35, 1030.50, 23.41, 23.26, 22.250, 4484, 8172, 12691, 13687, 20195, 21988, 24608, 28709, 34999, 6532, 0, 1, 704, 1117, 2157, 3474, 5324, 5877, 6698, 6957, 16962, 1773, 0, 0
15:50:36, 1026.70, 23.41, 23.28, 22.250, 5144, 10029, 14998, 15789, 25607, 26653, 27120, 35554, 36000, 17355, 1, 1, 855, 1381, 2590, 4052, 5801, 6348, 7228, 7525, 18827, 2053, 0, 0
15:50:37, 1030.10, 23.41, 23.29, 22.250, 4880, 8909, 13578, 15675, 26538, 28525, 30048, 33884, 36000, 11018, 1, 1, 724, 1148, 2213, 3543, 5339, 5900, 6723, 6993, 16987, 1774, 0, 0
15:50:37, 1023.10, 23.40, 23.29, 22.250, 5295, 9833, 14476, 15379, 24907, 27607, 27229, 35960, 36000, 18467, 1, 1, 900, 1456, 2718, 4218, 6325, 6884, 7833, 8159, 20900, 2342, 0, 0
15:50:38, 1029.60, 23.40, 23.28, 22.242, 6289, 12388, 16934, 17200, 12821, 12995, 14202, 20456, 31768, 7942, 0, 0, 823, 1322, 2501, 3934, 5592, 6145, 7004, 7282, 17841, 1879, 0, 0
15:50:39, 1027.60, 23.40, 23.31, 22.258, 3693, 6992, 10310, 11660, 19749, 20670, 23148, 32559, 36000, 8644, 1, 1, 758, 1206, 2300, 3643, 5578, 6126, 6978, 7261, 18042, 1936, 0, 0
15:50:39, 1023.50, 23.40, 23.28, 22.258, 6283, 12084, 17071, 16504, 28572, 31918, 31411, 36000, 36000, 20216, 1, 1, 899, 1459, 2701, 4178, 6144, 6699, 7617, 7948, 20265, 2290, 0, 0
15:50:40, 1025.80, 23.40, 23.28, 22.250, 7494, 14850, 22437, 22151, 20905, 23586, 25266, 33744, 36000, 11413, 1, 1, 794, 1275, 2402, 3767, 5571, 6114, 6958, 7259, 18071, 1962, 0, 0
15:50:41, 1024.30, 23.39, 23.28, 22.258, 7835, 15214, 21721, 23229, 33807, 35429, 35487, 36000, 36000, 23085, 1, 1, 895, 1455, 2684, 4144, 6087, 6631, 7529, 7843, 20133, 2260, 0, 0
15:50:41, 1035.00, 23.39, 23.29, 22.258, 6026, 10385, 15136, 17203, 18960, 20323, 25282, 28873, 35942, 11300, 0, 1, 653, 1033, 2008, 3250, 4874, 5398, 6157, 6373, 15570, 1582, 0, 0
15:50:42, 1038.20, 23.39, 23.28, 22.258, 3765, 6573, 10464, 13109, 18972, 19673, 22476, 29441, 36000, 11188, 1, 1, 576, 899, 1767, 2891, 4488, 4974, 5682, 5880, 14422, 1455, 0, 0
15:50:42, 1046.50, 23.39, 23.31, 22.258, 3310, 5737, 9367, 12011, 14724, 14792, 19003, 22143, 36000, 9667, 1, 1, 479, 728, 1469, 2480, 3703, 4150, 4760, 4899, 11749, 1125, 0, 0
15:50:43, 1049.20, 23.39, 23.29, 22.258, 1986, 3502, 5879, 8040, 12891, 13602, 17358, 20282, 36000, 6837, 1, 1, 391, 580, 1187, 2054, 3366, 3785, 4348, 4463, 10576, 997, 0, 0
15:50:44, 1054.10, 23.39, 23.31, 22.258, 1966, 3484, 5803, 8014, 10367, 11314, 13899, 17329, 36000, 6171, 1, 1, 400, 593, 1214, 2104, 3351, 3782, 4351, 4467, 10477, 978, 0, 0
15:50:44, 1060.30, 23.39, 23.29, 22.266, 1499, 2627, 4466, 6678, 8118, 8920, 11155, 13493, 34284, 4361, 0, 1, 312, 441, 923, 1659, 2761, 3153, 3637, 3727, 8481, 777, 0, 0
15:50:45, 1065.50, 23.39, 23.31, 22.266, 1127, 1890, 3254, 4889, 7895, 8855, 10878, 13229, 34140, 4190, 0, 1, 278, 388, 816, 1482, 2400, 2752, 3178, 3244, 7301, 662, 0, 0
15:50:46, 1069.10, 23.39, 23.31, 22.258, 971, 1597, 2914, 4529, 5630, 6417, 7888, 9246, 23525, 2480, 0, 0, 220, 294, 629, 1180, 2028, 2345, 2714, 2764, 6141, 551, 0, 0
15:50:46, 1074.40, 23.39, 23.29, 22.258, 876, 1470, 2689, 4196, 5734, 6486, 8134, 9430, 23668, 2406, 0, 0, 204, 272, 580, 1093, 1885, 2187, 2534, 2583, 5722, 512, 0, 0
15:50:47, 1085.50, 23.39, 23.33, 22.250, 595, 921, 1738, 2763, 3951, 4600, 5587, 6601, 17473, 1763, 0, 0, 142, 178, 384, 756, 1276, 1506, 1751, 1775, 3772, 332, 0, 0
15:50:48, 1089.00, 23.39, 23.35, 22.250, 398, 610, 1186, 1977, 2810, 3298, 3999, 4657, 12034, 1157, 0, 0, 115, 139, 301, 606, 1139, 1351, 1574, 1594, 3362, 295, 0, 0
15:50:48, 1089.10, 23.39, 23.31, 22.250, 385, 579, 1131, 1886, 2808, 3294, 3999, 4646, 11968, 1135, 0, 0, 114, 138, 297, 599, 1123, 1333, 1553, 1572, 3301, 290, 0, 0
15:50:49, 1091.10, 23.38, 23.31, 22.242, 360, 544, 1071, 1799, 2883, 3396, 4139, 4839, 12785, 1201, 0, 0, 112, 135, 291, 587, 1094, 1300, 1516, 1536, 3219, 283, 0, 0
15:50:50, 1094.40, 23.38, 23.31, 22.242, 335, 506, 1001, 1697, 2625, 3105, 3774, 4417, 11510, 1079, 0, 0, 103, 122, 263, 539, 1007, 1200, 1400, 1415, 2936, 257, 0, 0
15:50:50, 1094.30, 23.38, 23.29, 22.242, 297, 442, 880, 1509, 2364, 2799, 3400, 3977, 10523, 991, 0, 0, 96, 112, 242, 499, 965, 1155, 1348, 1361, 2808, 246, 0, 0
15:50:51, 1092.30, 23.38, 23.31, 22.234, 306, 451, 903, 1542, 2468, 2915, 3534, 4131, 11130, 1070, 0, 0, 108, 129, 278, 567, 1094, 1304, 1521, 1541, 3215, 283, 0, 0
15:50:52, 1093.20, 23.38, 23.33, 22.234, 366, 557, 1098, 1854, 2713, 3189, 3869, 4522, 12268, 1184, 0, 0, 110, 132, 284, 577, 1053, 1253, 1462, 1480, 3075, 270, 0, 0
15:50:52, 1094.40, 23.38, 23.33, 22.234, 308, 457, 909, 1558, 2308, 2728, 3335, 3851, 9939, 920, 0, 0, 93, 109, 234, 486, 931, 1118, 1306, 1319, 2715, 238, 0, 0
15:50:53, 1092.70, 23.37, 23.35, 22.234, 295, 435, 870, 1491, 2420, 2869, 3496, 4069, 10544, 980, 0, 0, 100, 119, 256, 524, 1031, 1231, 1439, 1457, 3028, 266, 0, 0
15:50:54, 1091.20, 23.37, 23.31, 22.242, 339, 509, 1008, 1705, 2553, 3006, 3650, 4249, 11254, 1079, 0, 0, 109, 131, 283, 573, 1081, 1286, 1501, 1522, 3183, 280, 0, 0
15:50:54, 1094.10, 23.37, 23.31, 22.242, 316, 471, 931, 1580, 2367, 2797, 3409, 3952, 10310, 959, 0, 0, 92, 108, 233, 481, 902, 1080, 1262, 1275, 2624, 230, 0, 0
15:50:55, 1092.70, 23.37, 23.35, 22.234, 304, 451, 898, 1539, 2351, 2784, 3410, 3971, 10187, 946, 0, 0, 98, 115, 247, 509, 985, 1180, 1380, 1398, 2902, 255, 0, 0
15:50:56, 1092.90, 23.37, 23.33, 22.234, 292, 431, 862, 1471, 2255, 2658, 3222, 3749, 10120, 980, 0, 0, 105, 125, 268, 546, 1019, 1215, 1420, 1439, 2992, 263, 0, 0
15:50:56, 1093.60, 23.36, 23.33, 22.234, 324, 488, 966, 1640, 2476, 2925, 3555, 4170, 11265, 1083, 0, 0, 98, 116, 249, 511, 932, 1115, 1304, 1319, 2721, 239, 0, 0
15:50:57, 1089.80, 23.36, 23.33, 22.234, 298, 444, 884, 1524, 2205, 2607, 3160, 3652, 9442, 890, 0, 0, 103, 122, 262, 536, 1058, 1264, 1479, 1501, 3131, 276, 0, 0
15:50:58, 1089.30, 23.36, 23.36, 22.242, 374, 563, 1097, 1832, 2866, 3364, 4071, 4824, 13335, 1322, 0, 0, 121, 147, 316, 634, 1155, 1370, 1602, 1627, 3406, 300, 0, 0
15:50:58, 1090.40, 23.36, 23.36, 22.242, 336, 513, 1011, 1706, 2571, 3040, 3686, 4340, 11587, 1100, 0, 0, 103, 122, 263, 537, 1004, 1200, 1404, 1424, 2940, 259, 0, 0
15:50:59, 1088.30, 23.35, 23.33, 22.234, 328, 491, 971, 1641, 2593, 3053, 3722, 4339, 11516, 1089, 0, 0, 113, 136, 291, 590, 1154, 1372, 1605, 1634, 3429, 303, 0, 0
15:51:00, 1090.20, 23.35, 23.35, 22.250, 378, 576, 1124, 1860, 2699, 3159, 3801, 4519, 12913, 1313, 0, 0, 118, 143, 308, 619, 1094, 1301, 1523, 1546, 3189, 279, 0, 0
15:51:00, 1087.60, 23.35, 23.35, 22.250, 308, 470, 927, 1572, 2460, 2903, 3520, 4142, 11140, 1067, 0, 0, 102, 122, 261, 533, 1068, 1275, 1493, 1517, 3125, 275, 0, 0
15:51:01, 1084.80, 23.35, 23.35, 22.234, 365, 550, 1080, 1783, 2771, 3220, 3858, 4592, 13597, 1446, 0, 0, 141, 175, 376, 743, 1363, 1607, 1880, 1921, 4072, 361, 0, 0
15:51:02, 1088.70, 23.34, 23.36, 22.234, 394, 613, 1179, 1940, 2910, 3424, 4141, 4956, 14137, 1416, 0, 0, 108, 131, 280, 567, 1016, 1209, 1417, 1437, 2928, 256, 0, 0
15:51:02, 1083.60, 23.34, 23.35, 22.234, 314, 484, 954, 1608, 2574, 3041, 3690, 4359, 11755, 1127, 0, 0, 118, 143, 306, 617, 1250, 1481, 1734, 1766, 3699, 327, 0, 0
15:51:03, 1083.70, 23.34, 23.31, 22.234, 462, 701, 1347, 2140, 3710, 4315, 5196, 6271, 18861, 2009, 0, 0, 139, 176, 375, 738, 1272, 1496, 1751, 1782, 3696, 325, 0, 0
15:51:04, 1082.70, 23.33, 23.38, 22.234, 416, 668, 1278, 2123, 2841, 3317, 4017, 4748, 13129, 1294, 0, 0, 107, 130, 277, 559, 1074, 1277, 1498, 1521, 3112, 273, 0, 0
15:51:04, 1071.10, 23.33, 23.36, 22.234, 404, 628, 1225, 2004, 3129, 3604, 4309, 5112, 15459, 1690, 0, 0, 178, 232, 493, 942, 1806, 2092, 2444, 2514, 5455, 491, 0, 0
15:51:05, 1069.70, 23.33, 23.40, 22.227, 821, 1389, 2431, 3756, 5410, 6214, 7328, 9092, 30330, 3668, 0, 0, 189, 254, 534, 1002, 1600, 1855, 2166, 2217, 4693, 418, 0, 0
15:51:06, 1066.00, 23.32, 23.36, 22.227, 595, 1001, 1836, 2935, 4012, 4719, 5606, 6881, 20201, 2187, 0, 0, 171, 222, 473, 909, 1794, 2076, 2424, 2487, 5332, 480, 0, 0
15:51:06, 1059.70, 23.32, 23.38, 22.227, 1280, 2231, 3815, 5736, 7349, 8438, 9781, 12399, 36000, 5818, 1, 1, 260, 370, 763, 1369, 2153, 2444, 2834, 2918, 6368, 587, 0, 0
15:51:07, 1067.00, 23.32, 23.36, 22.219, 949, 1665, 2878, 4426, 4721, 5384, 6669, 7859, 24897, 2998, 0, 0, 183, 241, 511, 975, 1683, 1955, 2286, 2341, 4793, 426, 0, 0
15:51:08, 1062.10, 23.31, 23.38, 22.219, 659, 1141, 2044, 3164, 6167, 7232, 8710, 10657, 33019, 4142, 0, 1, 235, 330, 686, 1246, 2108, 2401, 2790, 2866, 6048, 551, 0, 0
15:51:08, 1067.80, 23.31, 23.36, 22.227, 971, 1728, 3005, 4543, 5970, 6845, 8468, 10000, 29307, 3560, 0, 0, 189, 254, 536, 1012, 1688, 1961, 2287, 2335, 4605, 408, 0, 0
15:51:09, 1066.10, 23.30, 23.36, 22.227, 591, 1029, 1866, 2977, 4588, 5241, 6563, 7524, 20877, 2356, 0, 0, 193, 260, 548, 1033, 1904, 2192, 2551, 2611, 5304, 476, 0, 0
15:51:10, 1065.70, 23.30, 23.38, 22.227, 1004, 1788, 3106, 4651, 5847, 6765, 8089, 9728, 28503, 3488, 0, 0, 211, 289, 605, 1126, 1869, 2152, 2502, 2558, 5131, 458, 0, 0
15:51:10, 1068.70, 23.30, 23.36, 22.234, 609, 1065, 1904, 3040, 4256, 4813, 6160, 6819, 19068, 2182, 0, 0, 191, 254, 538, 1022, 1816, 2104, 2451, 2505, 5019, 446, 0, 0
15:51:11, 1068.10, 23.30, 23.33, 22.242, 752, 1312, 2351, 3630, 5096, 5851, 7135, 8444, 23528, 2768, 0, 0, 206, 279, 587, 1099, 1889, 2178, 2534, 2591, 5261, 471, 0, 0
15:51:12, 1070.20, 23.30, 23.40, 22.242, 717, 1255, 2260, 3525, 4852, 5558, 6933, 8062, 22283, 2513, 0, 0, 185, 245, 519, 990, 1734, 2011, 2341, 2392, 4853, 431, 0, 0
15:51:12, 1070.40, 23.30, 23.35, 22.242, 652, 1126, 2051, 3244, 4594, 5233, 6491, 7486, 21413, 2421, 0, 0, 187, 248, 525, 997, 1745, 2019, 2350, 2402, 4948, 441, 0, 0
15:51:13, 1073.20, 23.30, 23.35, 22.242, 688, 1181, 2138, 3386, 4532, 5193, 6442, 7490, 21935, 2460, 0, 0, 171, 224, 475, 913, 1587, 1846, 2153, 2197, 4530, 403, 0, 0
15:51:14, 1072.00, 23.31, 23.36, 22.242, 582, 980, 1805, 2911, 4077, 4751, 5755, 6836, 19819, 2103, 0, 0, 160, 207, 441, 853, 1552, 1805, 2103, 2146, 4467, 397, 0, 0
15:51:14, 1066.30, 23.31, 23.36, 22.250, 659, 1116, 2009, 3172, 4807, 5621, 6627, 8155, 25276, 2882, 0, 0, 177, 234, 495, 943, 1710, 1974, 2298, 2346, 4990, 447, 0, 0
15:51:15, 1060.30, 23.31, 23.36, 22.250, 914, 1584, 2772, 4352, 6056, 7186, 8391, 10412, 32457, 3678, 0, 1, 185, 249, 523, 981, 1748, 2005, 2330, 2381, 5186, 471, 0, 0
15:51:16, 1052.40, 23.31, 23.36, 22.250, 1249, 2225, 3729, 5795, 7974, 9141, 10480, 13461, 36000, 6333, 1, 1, 260, 371, 760, 1358, 2390, 2697, 3128, 3227, 7430, 705, 0, 0
15:51:16, 1049.10, 23.31, 23.40, 22.258, 1432, 2414, 3945, 5760, 8531, 9905, 11133, 15100, 36000, 8988, 1, 1, 306, 445, 904, 1588, 2707, 3045, 3529, 3658, 8579, 828, 0, 0
15:51:17, 1045.60, 23.31, 23.38, 22.258, 1743, 2750, 4538, 6066, 7956, 9116, 10346, 13885, 36000, 9953, 1, 1, 391, 586, 1176, 2012, 3212, 3592, 4160, 4315, 10141, 985, 0, 0
15:51:18, 1040.10, 23.30, 23.42, 22.258, 2197, 3820, 5651, 8302, 7724, 9101, 9904, 13601, 36000, 11260, 1, 1, 486, 746, 1470, 2459, 3879, 4302, 4966, 5164, 12416, 1241, 0, 0
15:51:18, 1039.10, 23.30, 23.40, 22.258, 2544, 4498, 6740, 9422, 10456, 12132, 13141, 19005, 36000, 16995, 1, 1, 509, 784, 1544, 2562, 4154, 4594, 5312, 5531, 13345, 1347, 0, 0
15:51:19, 1035.50, 23.29, 23.36, 22.273, 2765, 4869, 7414, 10064, 13367, 15788, 16738, 25244, 36000, 22514, 1, 1, 550, 856, 1677, 2755, 4450, 4898, 5654, 5888, 14210, 1450, 0, 0
15:51:20, 1033.30, 23.29, 23.43, 22.273, 3493, 6259, 8789, 12054, 14906, 17794, 19019, 26492, 36000, 29589, 1, 1, 631, 995, 1925, 3119, 4789, 5253, 6069, 6322, 15208, 1573, 0, 0
15:51:20, 1028.30, 23.29, 23.40, 22.266, 3661, 6090, 9297, 11887, 17809, 23340, 22326, 33607, 36000, 35043, 1, 1, 722, 1152, 2198, 3485, 5281, 5760, 6635, 6911, 16815, 1795, 0, 0
15:51:21, 1023.90, 23.29, 23.43, 22.273, 5191, 10509, 12856, 18089, 18823, 19823, 29259, 33483, 36000, 36000, 1, 1, 864, 1396, 2591, 4012, 5990, 6488, 7458, 7792, 19479, 2227, 0, 0
15:51:22, 1024.90, 23.29, 23.40, 22.273, 4490, 8798, 11375, 15404, 17005, 25770, 25437, 35302, 36000, 36000, 1, 1, 797, 1282, 2406, 3764, 5586, 6068, 6977, 7280, 17754, 1997, 0, 0
15:51:22, 1016.70, 23.29, 23.40, 22.266, 1505, 2831, 3869, 5635, 7539, 9163, 11422, 13733, 36000, 28376, 1, 1, 846, 1369, 2528, 3920, 5990, 6485, 7438, 7779, 18906, 2334, 0, 0
15:51:23, 1015.60, 23.29, 23.42, 22.281, 2235, 4184, 5084, 7549, 9185, 10251, 12829, 15091, 36000, 28167, 1, 1, 962, 1563, 2809, 4281, 6326, 6772, 7755, 8420, 23369, 5925, 0, 0
15:51:24, 1015.50, 23.30, 23.42, 22.281, 6168, 8062, 11996, 15864, 18874, 22120, 25686, 26038, 35738, 31016, 0, 1, 4409, 8491, 11256, 14250, 9344, 10295, 11526, 12390, 34292, 12077, 0, 1
15:51:24, 1015.40, 23.29, 23.40, 22.266, 3503, 5587, 6602, 11497, 5153, 7482, 10116, 6171, 30666, 15307, 0, 0, 3584, 6427, 8755, 11212, 12479, 13658, 15344, 17062, 36000, 22804, 1, 1
15:51:25, 1015.10, 23.30, 23.45, 22.234, 9363, 15981, 23015, 30147, 31322, 34311, 35746, 35957, 36000, 36000, 1, 1, 5649, 9692, 13097, 16234, 18337, 19835, 25243, 27494, 36000, 35334, 1, 1
