Secchi Depth (cm) = 0045
Forel Ule Scale = 17
pH Colour Scale = 99
SensingSecchi S/N = A016
Latitude (degs N) = 34.14009
Longitude (degs E) = -77.86245
Date = 2026-04-17
Time (UTC), Pressure (mbar) MS5803, Temp (deg C) MS5803, Temp (deg C) 10KTHERM, Temp (deg C) TMP117, ED 415nm, ED 445nm, ED 480nm, ED 515nm, ED 555nm, ED 590nm, ED 630nm, ED 680nm, ED Clear, ED NIR, ED D-SAT, ED A-SAT, EU 415nm, EU 445nm, EU 480nm, EU 515nm, EU 555nm, EU 590nm, EU 630nm, EU 680nm, EU Clear, EU NIR, EU D-SAT, EU A-SAT
17:17:31, 1010.30, 27.01, 23.48, 34.313, 1125, 1160, 1766, 1943, 2112, 2568, 2527, 3061, 17928, 7894, 0, 0, 7164, 10760, 13971, 17524, 20606, 23966, 29040, 36000, 36000, 36000, 1, 1
17:17:31, 1010.30, 27.01, 23.47, 34.313, 1132, 1163, 1771, 1948, 2121, 2581, 2534, 3071, 17814, 7883, 0, 0, 8263, 12920, 16777, 20853, 23462, 26715, 32563, 36000, 36000, 36000, 1, 1
17:17:32, 1010.30, 27.02, 23.47, 34.313, 1133, 1164, 1774, 1951, 2131, 2594, 2546, 3087, 17850, 7906, 0, 0, 8140, 12354, 16218, 20164, 23810, 27677, 33404, 36000, 36000, 36000, 1, 1
17:17:33, 1010.40, 27.03, 23.55, 34.281, 1131, 1164, 1773, 1951, 2111, 2565, 2520, 3054, 17831, 7872, 0, 0, 7679, 11662, 15185, 19051, 21976, 25641, 30735, 36000, 36000, 36000, 1, 1
17:17:33, 1010.40, 27.03, 23.47, 34.242, 1132, 1163, 1772, 1948, 2112, 2569, 2525, 3057, 17845, 7878, 0, 0, 7762, 11705, 15266, 19056, 22159, 25782, 31011, 36000, 36000, 36000, 1, 1
17:17:34, 1010.30, 27.03, 23.50, 34.242, 1150, 1175, 1788, 1975, 2164, 2669, 2608, 3157, 17963, 7960, 0, 0, 7724, 11679, 15200, 19003, 22241, 25886, 31098, 36000, 36000, 36000, 1, 1
17:17:35, 1010.50, 27.04, 23.48, 34.203, 1251, 1278, 1937, 2151, 2330, 2879, 2808, 3424, 18447, 8080, 0, 0, 7860, 11871, 15505, 19303, 22563, 26258, 31513, 36000, 36000, 36000, 1, 1
17:17:35, 1010.50, 27.04, 23.48, 34.203, 1230, 1249, 1900, 2114, 2254, 2798, 2730, 3325, 18304, 8064, 0, 0, 7703, 11628, 15160, 18917, 21818, 25348, 30480, 36000, 36000, 36000, 1, 1
17:17:36, 1010.50, 27.05, 23.52, 34.203, 1149, 1185, 1798, 1995, 2146, 2618, 2581, 3117, 17960, 7937, 0, 0, 7655, 11583, 15056, 18827, 21920, 25514, 30658, 36000, 36000, 36000, 1, 1
17:17:37, 1010.40, 27.05, 23.54, 34.203, 1140, 1176, 1786, 1977, 2142, 2612, 2572, 3106, 17978, 7945, 0, 0, 7532, 11411, 14812, 18561, 21686, 25264, 30352, 36000, 36000, 36000, 1, 1
17:17:37, 1010.40, 27.05, 23.50, 34.227, 1154, 1186, 1804, 1995, 2143, 2615, 2572, 3105, 17992, 7940, 0, 0, 7924, 11892, 15584, 19385, 22724, 26572, 31836, 36000, 36000, 36000, 1, 1
17:17:38, 1010.30, 27.06, 23.55, 34.227, 1147, 1181, 1794, 1985, 2151, 2624, 2580, 3117, 17993, 7946, 0, 0, 7974, 11849, 15685, 19358, 22739, 26600, 31846, 36000, 36000, 36000, 1, 1
17:17:39, 1010.10, 27.06, 23.52, 34.242, 1160, 1192, 1813, 2003, 2149, 2621, 2578, 3113, 17987, 7936, 0, 0, 8650, 13493, 17864, 21879, 25856, 29584, 34837, 36000, 36000, 36000, 1, 1
17:17:39, 1010.20, 27.07, 23.54, 34.273, 1151, 1185, 1801, 1992, 2169, 2646, 2601, 3144, 18076, 7989, 0, 0, 8734, 13700, 17682, 22237, 25022, 28822, 34289, 36000, 36000, 36000, 1, 1
17:17:40, 1010.40, 27.07, 23.57, 34.273, 1150, 1183, 1799, 1988, 2150, 2622, 2577, 3113, 17993, 7941, 0, 0, 8035, 12159, 15933, 19758, 23225, 27025, 32488, 36000, 36000, 36000, 1, 1
17:17:41, 1010.40, 27.08, 23.55, 34.234, 1164, 1194, 1817, 2005, 2170, 2648, 2601, 3145, 18070, 7987, 0, 0, 7640, 11589, 15056, 18842, 21927, 25603, 30638, 36000, 36000, 36000, 1, 1
17:17:41, 1010.40, 27.08, 23.55, 34.180, 1149, 1181, 1795, 1985, 2147, 2619, 2572, 3108, 17982, 7938, 0, 0, 7601, 11517, 14940, 18712, 21875, 25443, 30566, 36000, 36000, 36000, 1, 1
17:17:42, 1010.50, 27.08, 23.54, 34.180, 1149, 1181, 1795, 1984, 2147, 2620, 2573, 3110, 17973, 7939, 0, 0, 7664, 11593, 15066, 18810, 22082, 25701, 30853, 36000, 36000, 36000, 1, 1
17:17:43, 1010.50, 27.08, 23.55, 34.148, 1147, 1180, 1794, 1982, 2148, 2620, 2574, 3110, 17981, 7936, 0, 0, 7687, 11634, 15155, 18913, 22024, 25636, 30700, 36000, 36000, 36000, 1, 1
17:17:43, 1010.50, 27.08, 23.57, 34.148, 1151, 1184, 1800, 1988, 2150, 2625, 2577, 3116, 18014, 7948, 0, 0, 8135, 12278, 16090, 19945, 23590, 27455, 32869, 36000, 36000, 36000, 1, 1
17:17:44, 1010.50, 27.09, 23.57, 34.156, 1154, 1185, 1803, 1992, 2162, 2647, 2596, 3141, 18039, 7961, 0, 0, 8194, 12358, 16237, 20093, 23724, 27564, 33018, 36000, 36000, 36000, 1, 1
17:17:45, 1010.40, 27.09, 23.55, 34.148, 1217, 1229, 1875, 2082, 2247, 2793, 2716, 3316, 18262, 8043, 0, 0, 8150, 12272, 16131, 19960, 23339, 27207, 32619, 36000, 36000, 36000, 1, 1
17:17:45, 1010.50, 27.09, 23.57, 34.148, 1232, 1248, 1899, 2113, 2275, 2830, 2756, 3369, 18356, 8082, 0, 0, 8066, 11955, 15924, 19506, 23572, 27289, 32900, 36000, 36000, 36000, 1, 1
17:17:46, 1010.30, 27.10, 23.59, 34.086, 1237, 1258, 1912, 2135, 2327, 2887, 2828, 3483, 18666, 8242, 0, 0, 7891, 11597, 15429, 18938, 22792, 26423, 32031, 36000, 36000, 36000, 1, 1
17:17:47, 1010.40, 27.10, 23.55, 34.039, 1258, 1295, 1963, 2193, 2395, 2954, 2912, 3608, 18851, 8330, 0, 0, 7869, 11709, 15410, 19021, 22548, 26222, 31671, 36000, 36000, 36000, 1, 1
17:17:47, 1010.40, 27.10, 23.61, 34.039, 1245, 1269, 1928, 2151, 2304, 2862, 2800, 3435, 18581, 8193, 0, 0, 7682, 11448, 15054, 18561, 21727, 25158, 30465, 36000, 36000, 36000, 1, 1
17:17:48, 1010.40, 27.10, 23.59, 34.000, 1229, 1244, 1894, 2109, 2264, 2814, 2742, 3355, 18346, 8088, 0, 0, 7470, 11220, 14634, 18258, 21540, 25103, 30237, 36000, 36000, 36000, 1, 1
17:17:49, 1010.60, 27.11, 23.62, 33.969, 1224, 1238, 1887, 2100, 2261, 2812, 2740, 3351, 18374, 8114, 0, 0, 7884, 11825, 15495, 19318, 22446, 26241, 31497, 36000, 36000, 36000, 1, 1
17:17:49, 1010.40, 27.12, 23.59, 33.969, 1221, 1234, 1883, 2094, 2254, 2801, 2728, 3334, 18340, 8102, 0, 0, 6956, 9985, 13535, 16388, 9564, 11254, 14727, 18949, 35985, 28001, 0, 1
17:17:50, 1010.20, 27.11, 23.59, 33.938, 60, 65, 65, 73, 109, 166, 512, 1059, 2001, 1172, 0, 0, 2671, 3546, 4769, 5504, 6692, 8365, 11036, 15161, 36000, 36000, 1, 1
17:17:51, 1010.20, 27.11, 23.62, 33.828, 4105, 3130, 6716, 4488, 8863, 8429, 7719, 11344, 36000, 36000, 1, 1, 2151, 2825, 3482, 3905, 3913, 4912, 7011, 10940, 35340, 31778, 0, 1
17:17:51, 1009.80, 27.11, 23.62, 33.828, 6061, 7962, 11945, 13431, 24815, 25758, 27464, 27789, 30979, 28203, 0, 0, 1333, 2078, 2508, 3103, 1385, 1988, 3157, 4736, 12307, 9450, 0, 0
17:17:52, 1010.10, 27.17, 23.64, 33.672, 885, 1381, 1772, 1993, 29633, 30523, 32840, 33378, 33549, 26719, 0, 1, 3320, 5377, 8075, 10090, 11814, 12032, 16003, 15833, 33806, 20302, 0, 1
17:17:53, 1011.80, 27.16, 23.62, 33.438, 10953, 17242, 24378, 27982, 12951, 16964, 17704, 19805, 36000, 26757, 1, 1, 819, 1358, 2428, 3685, 6671, 7210, 8330, 8823, 22898, 2966, 0, 0
17:17:53, 1014.50, 27.12, 23.66, 33.438, 11418, 20132, 27519, 35116, 24039, 26792, 27458, 35711, 36000, 36000, 1, 1, 1037, 1692, 3069, 4616, 6185, 6714, 7787, 8182, 21000, 2472, 0, 0
17:17:54, 1019.80, 27.07, 23.61, 28.242, 8233, 14077, 18051, 23620, 26560, 33482, 32540, 36000, 36000, 36000, 1, 1, 936, 1504, 2799, 4359, 6335, 6940, 8075, 8468, 21392, 2367, 0, 0
17:17:55, 1020.20, 27.00, 23.64, 25.641, 7010, 14037, 18250, 26353, 29473, 35679, 26291, 36000, 36000, 36000, 1, 1, 945, 1530, 2827, 4354, 6035, 6581, 7663, 8026, 20831, 2325, 0, 0
17:17:55, 1020.80, 26.93, 23.59, 25.641, 7415, 12041, 18105, 20189, 30293, 31895, 31104, 35627, 36000, 32124, 1, 1, 772, 1245, 2329, 3630, 5208, 5687, 6612, 6928, 18133, 1997, 0, 0
17:17:56, 1025.90, 26.85, 23.64, 24.539, 7100, 11463, 17998, 21048, 27181, 30531, 26775, 36000, 36000, 35527, 1, 1, 747, 1197, 2253, 3532, 5204, 5716, 6655, 6995, 18049, 1943, 0, 0
17:17:57, 1023.40, 26.79, 23.64, 24.078, 4979, 9922, 13674, 18200, 23082, 29791, 24800, 36000, 36000, 27376, 1, 1, 723, 1153, 2184, 3457, 5401, 5935, 6902, 7258, 18501, 2004, 0, 0
17:17:57, 1023.90, 26.73, 23.61, 24.078, 6038, 11424, 14839, 25260, 23485, 31800, 32070, 36000, 36000, 35315, 1, 1, 837, 1340, 2516, 3937, 5831, 6402, 7448, 7836, 19964, 2178, 0, 0
17:17:58, 1024.70, 26.68, 23.64, 23.820, 5583, 11921, 13991, 25452, 23502, 30996, 28915, 36000, 36000, 29891, 1, 1, 768, 1223, 2318, 3665, 5538, 6094, 7091, 7450, 18691, 2004, 0, 0
17:17:59, 1024.90, 26.64, 23.66, 23.734, 5922, 13053, 14997, 26107, 24330, 30985, 30404, 35964, 36000, 31995, 1, 1, 753, 1202, 2274, 3587, 5251, 5779, 6722, 7058, 17650, 1885, 0, 0
17:17:59, 1023.40, 26.60, 23.68, 23.734, 6205, 11165, 15554, 23845, 24696, 31469, 31889, 36000, 36000, 32388, 1, 1, 726, 1161, 2195, 3459, 5174, 5689, 6610, 6948, 17442, 1881, 0, 0
17:18:00, 1024.20, 26.56, 23.62, 23.672, 5814, 12863, 14890, 25252, 23785, 28701, 33845, 36000, 36000, 32286, 1, 1, 737, 1178, 2226, 3499, 5172, 5693, 6621, 6956, 17277, 1863, 0, 0
17:18:01, 1024.40, 26.52, 23.64, 23.648, 5202, 13298, 14692, 23628, 26921, 29749, 35055, 36000, 36000, 31071, 1, 1, 766, 1222, 2308, 3634, 5439, 5995, 6976, 7336, 18020, 1943, 0, 0
17:18:01, 1025.50, 26.50, 23.66, 23.648, 5301, 11819, 14298, 25527, 24719, 26669, 35935, 36000, 36000, 28122, 1, 1, 776, 1236, 2338, 3695, 5460, 6027, 7022, 7381, 17864, 1923, 0, 0
17:18:02, 1025.90, 26.47, 23.66, 23.641, 4826, 10463, 14625, 20603, 25472, 26645, 35654, 36000, 36000, 27096, 1, 1, 742, 1180, 2237, 3552, 5240, 5791, 6751, 7096, 17019, 1825, 0, 0
17:18:03, 1029.00, 26.44, 23.66, 23.641, 5161, 10654, 15135, 21426, 23981, 24958, 35356, 35991, 36000, 24483, 1, 1, 663, 1049, 2002, 3202, 4753, 5274, 6158, 6474, 15405, 1620, 0, 0
17:18:03, 1028.90, 26.42, 23.62, 23.648, 4097, 8981, 12896, 17792, 22115, 23482, 33053, 35065, 36000, 20318, 1, 1, 625, 985, 1890, 3039, 4590, 5097, 5954, 6249, 14662, 1538, 0, 0
17:18:04, 1029.80, 26.40, 23.64, 23.633, 4436, 9274, 13551, 17985, 23088, 22925, 34408, 36000, 36000, 19944, 1, 1, 594, 934, 1800, 2912, 4370, 4862, 5678, 5943, 13564, 1401, 0, 0
17:18:04, 1029.10, 26.38, 23.64, 23.633, 4429, 8118, 14499, 16530, 22051, 24722, 29876, 34628, 36000, 17224, 1, 1, 582, 914, 1765, 2871, 4426, 4923, 5753, 6015, 13542, 1398, 0, 0
17:18:05, 1029.40, 26.36, 23.66, 23.633, 4876, 8442, 13751, 16754, 23757, 25214, 29792, 34939, 36000, 17742, 1, 1, 600, 943, 1818, 2952, 4454, 4959, 5795, 6061, 13536, 1393, 0, 0
17:18:06, 1027.20, 26.34, 23.66, 23.617, 5140, 8418, 13975, 16485, 23141, 24592, 29733, 33694, 36000, 16892, 1, 1, 611, 966, 1853, 3001, 4544, 5047, 5892, 6169, 13769, 1441, 0, 0
17:18:06, 1025.80, 26.32, 23.69, 23.617, 5384, 9586, 14827, 17468, 27043, 27313, 33181, 35735, 36000, 22601, 1, 1, 636, 1011, 1924, 3092, 4591, 5089, 5940, 6217, 13941, 1480, 0, 0
17:18:07, 1026.20, 26.30, 23.68, 23.617, 4674, 8791, 12516, 17229, 21417, 22487, 29857, 35511, 36000, 23386, 1, 1, 652, 1036, 1969, 3151, 4672, 5182, 6055, 6344, 14371, 1533, 0, 0
17:18:08, 1026.60, 26.28, 23.66, 23.609, 4451, 8454, 12752, 16061, 22046, 23159, 31519, 35649, 36000, 23064, 1, 1, 664, 1052, 2000, 3208, 4757, 5280, 6174, 6475, 14732, 1567, 0, 0
17:18:08, 1026.20, 26.26, 23.68, 23.609, 4677, 8749, 13608, 16348, 25353, 25617, 31399, 35961, 36000, 23382, 1, 1, 675, 1069, 2036, 3265, 4876, 5409, 6320, 6630, 15160, 1619, 0, 0
17:18:09, 1026.40, 26.24, 23.64, 23.594, 5595, 9977, 14718, 18025, 26129, 26225, 31175, 35955, 36000, 23313, 1, 1, 670, 1059, 2018, 3241, 4845, 5379, 6291, 6605, 15069, 1605, 0, 0
17:18:10, 1026.30, 26.22, 23.64, 23.594, 5873, 10071, 15305, 18619, 26189, 28463, 32792, 35969, 36000, 24680, 1, 1, 669, 1059, 2015, 3226, 4834, 5362, 6269, 6582, 15237, 1637, 0, 0
17:18:10, 1027.50, 26.20, 23.64, 23.594, 4880, 10091, 14853, 18899, 26810, 26194, 35121, 36000, 36000, 22981, 1, 1, 639, 1011, 1924, 3086, 4597, 5108, 5974, 6278, 14543, 1555, 0, 0
17:18:11, 1029.40, 26.18, 23.66, 23.594, 4295, 8936, 12552, 17618, 23779, 22505, 31644, 35014, 36000, 19924, 1, 1, 593, 932, 1789, 2892, 4440, 4944, 5790, 6079, 14056, 1476, 0, 0
17:18:12, 1030.70, 26.16, 23.68, 23.609, 4079, 8426, 11915, 16558, 23734, 23012, 30435, 34408, 36000, 18875, 1, 1, 586, 917, 1767, 2875, 4386, 4897, 5735, 6021, 13769, 1426, 0, 0
17:18:12, 1031.30, 26.14, 23.69, 23.609, 3829, 7553, 11309, 14978, 20599, 21384, 27793, 31343, 36000, 15654, 1, 1, 571, 888, 1720, 2818, 4327, 4838, 5670, 5952, 13498, 1386, 0, 0
17:18:13, 1031.80, 26.11, 23.66, 23.594, 4008, 7655, 11831, 15011, 21005, 21940, 27824, 31810, 36000, 15935, 1, 1, 560, 870, 1688, 2769, 4275, 4779, 5599, 5875, 13324, 1360, 0, 0
17:18:14, 1031.50, 26.10, 23.66, 23.602, 3900, 7567, 11809, 15099, 20579, 20823, 27515, 31114, 36000, 15524, 1, 1, 565, 880, 1705, 2788, 4259, 4755, 5566, 5839, 13293, 1359, 0, 0
17:18:14, 1031.30, 26.08, 23.69, 23.602, 3754, 7465, 11396, 15350, 21027, 20575, 28375, 32188, 36000, 16228, 1, 1, 555, 866, 1679, 2746, 4191, 4678, 5474, 5734, 13082, 1335, 0, 0
17:18:15, 1032.20, 26.06, 23.66, 23.602, 3790, 7622, 11477, 15515, 20442, 20379, 28095, 31500, 36000, 15499, 1, 1, 539, 840, 1632, 2675, 4087, 4567, 5343, 5594, 12733, 1290, 0, 0
17:18:16, 1032.40, 26.05, 23.68, 23.609, 3536, 6902, 10771, 14289, 20024, 20137, 27650, 30994, 36000, 14770, 1, 1, 537, 836, 1628, 2672, 4116, 4598, 5379, 5631, 12772, 1289, 0, 0
17:18:16, 1032.90, 26.04, 23.69, 23.609, 3570, 6879, 10848, 13932, 20319, 20767, 27753, 31412, 36000, 14777, 1, 1, 537, 834, 1626, 2677, 4126, 4611, 5395, 5647, 12751, 1282, 0, 0
17:18:17, 1031.90, 26.03, 23.69, 23.609, 3631, 6861, 10872, 13911, 19754, 21013, 26170, 30614, 36000, 14661, 1, 1, 553, 861, 1676, 2748, 4267, 4762, 5567, 5826, 13215, 1335, 0, 0
17:18:18, 1026.00, 26.02, 23.64, 23.609, 4118, 7703, 12918, 15493, 21222, 22939, 27244, 32632, 36000, 17035, 1, 1, 628, 989, 1902, 3083, 4995, 5544, 6465, 6773, 15581, 1632, 0, 0
17:18:18, 1018.40, 26.01, 23.69, 23.609, 6956, 12200, 17360, 20944, 33762, 34720, 35807, 36000, 36000, 33468, 1, 1, 811, 1310, 2440, 3804, 5661, 6213, 7223, 7577, 18083, 2045, 0, 0
17:18:19, 1021.80, 26.00, 23.71, 23.602, 8510, 13455, 25492, 25790, 34964, 35403, 36000, 35999, 36000, 35854, 1, 1, 712, 1151, 2148, 3348, 4824, 5321, 6185, 6476, 15150, 1666, 0, 0
17:18:20, 1023.10, 25.97, 23.66, 23.602, 7669, 11618, 18688, 23612, 33066, 34464, 36000, 36000, 36000, 30488, 1, 1, 618, 994, 1873, 2951, 4428, 4891, 5691, 5946, 13653, 1463, 0, 0
17:18:20, 1021.10, 25.95, 23.68, 23.602, 8292, 12939, 19239, 28424, 32033, 34694, 35873, 35998, 36000, 31840, 1, 1, 707, 1142, 2135, 3343, 5190, 5711, 6642, 6960, 16289, 1805, 0, 0
17:18:21, 1020.20, 25.94, 23.71, 23.586, 8297, 14392, 27527, 28252, 29638, 33961, 35839, 36000, 36000, 35355, 1, 1, 816, 1314, 2448, 3825, 5888, 6469, 7532, 7914, 19138, 2168, 0, 0
17:18:22, 1020.70, 25.92, 23.66, 23.586, 5790, 13857, 18146, 22773, 30838, 28398, 35936, 36000, 36000, 36000, 1, 1, 879, 1412, 2628, 4083, 6000, 6591, 7667, 8071, 19955, 2263, 0, 0
17:18:22, 1018.20, 25.91, 23.71, 23.578, 5751, 14058, 15500, 30260, 29859, 31044, 36000, 36000, 36000, 36000, 1, 1, 919, 1479, 2741, 4240, 6418, 7026, 8164, 8609, 21732, 2522, 0, 0
17:18:23, 1016.30, 25.90, 23.71, 23.594, 7125, 20378, 20356, 35059, 34813, 35337, 36000, 35759, 36000, 36000, 1, 1, 972, 1570, 2884, 4419, 6668, 7283, 8452, 8907, 22686, 2670, 0, 0
17:18:24, 1017.30, 25.89, 23.73, 23.594, 9508, 18487, 26585, 32159, 35810, 36000, 35971, 35995, 36000, 36000, 1, 1, 881, 1426, 2630, 4037, 5956, 6508, 7554, 7955, 20273, 2349, 0, 0
17:18:24, 1016.60, 25.89, 23.71, 23.594, 8991, 13776, 25806, 28500, 36000, 36000, 36000, 36000, 36000, 36000, 1, 1, 816, 1322, 2437, 3741, 5552, 6068, 7039, 7404, 18893, 2204, 0, 0
17:18:25, 1016.80, 25.88, 23.69, 23.586, 6477, 15150, 18140, 28301, 34166, 33893, 35934, 35999, 36000, 36000, 1, 1, 816, 1321, 2431, 3730, 5392, 5898, 6844, 7192, 18263, 2143, 0, 0
17:18:26, 1017.80, 25.87, 23.71, 23.586, 5926, 17014, 19461, 33732, 31040, 33453, 35276, 36000, 36000, 36000, 1, 1, 890, 1444, 2639, 4004, 5548, 6068, 7047, 7414, 18943, 2242, 0, 0
17:18:26, 1018.80, 25.86, 23.71, 23.594, 6454, 17122, 16831, 34877, 30878, 32711, 36000, 36000, 36000, 36000, 1, 1, 838, 1355, 2497, 3833, 5613, 6152, 7146, 7520, 18840, 2184, 0, 0
17:18:27, 1019.70, 25.85, 23.73, 23.594, 6622, 16402, 18418, 32074, 33583, 33012, 36000, 36000, 36000, 36000, 1, 1, 848, 1373, 2534, 3897, 5632, 6177, 7176, 7544, 18696, 2141, 0, 0
17:18:28, 1020.60, 25.84, 23.71, 23.594, 6802, 15190, 22642, 27043, 33556, 35315, 36000, 36000, 36000, 36000, 1, 1, 780, 1255, 2338, 3638, 5366, 5897, 6855, 7202, 17600, 1978, 0, 0
17:18:28, 1021.60, 25.83, 23.71, 23.586, 6412, 13910, 20688, 25753, 31811, 35475, 36000, 36000, 36000, 35875, 1, 1, 730, 1174, 2194, 3429, 5035, 5544, 6441, 6758, 16356, 1822, 0, 0
17:18:29, 1022.50, 25.82, 23.71, 23.594, 5974, 13038, 19515, 24238, 30958, 34946, 36000, 36000, 36000, 35274, 1, 1, 681, 1094, 2050, 3216, 4760, 5254, 6105, 6395, 15347, 1696, 0, 0
17:18:30, 1022.60, 25.81, 23.73, 23.594, 5635, 12924, 17462, 23322, 29792, 28796, 36000, 36000, 36000, 33347, 1, 1, 650, 1041, 1959, 3085, 4576, 5060, 5877, 6153, 14610, 1607, 0, 0
17:18:30, 1022.20, 25.81, 23.71, 23.586, 5641, 12107, 17530, 22669, 29688, 25945, 36000, 36000, 36000, 30052, 1, 1, 655, 1050, 1974, 3110, 4680, 5169, 6008, 6288, 14908, 1644, 0, 0
17:18:31, 1019.80, 25.80, 23.75, 23.586, 5901, 12433, 19296, 22534, 31948, 29683, 36000, 35882, 36000, 34919, 1, 1, 708, 1141, 2128, 3321, 4982, 5489, 6379, 6680, 15956, 1796, 0, 0
17:18:32, 1018.00, 25.79, 23.73, 23.586, 6662, 15423, 21313, 26888, 35882, 28427, 36000, 36000, 36000, 36000, 1, 1, 793, 1285, 2369, 3645, 5330, 5853, 6799, 7131, 17352, 2013, 0, 0
17:18:32, 1017.80, 25.79, 23.75, 23.578, 7490, 15703, 25948, 27902, 35999, 32247, 36000, 36000, 36000, 36000, 1, 1, 774, 1254, 2311, 3560, 5238, 5751, 6684, 7004, 16963, 1965, 0, 0
17:18:33, 1017.60, 25.78, 23.76, 23.586, 8746, 15156, 27610, 29078, 36000, 30283, 36000, 36000, 36000, 36000, 1, 1, 795, 1289, 2374, 3655, 5287, 5803, 6742, 7069, 17133, 1989, 0, 0
17:18:34, 1017.10, 25.78, 23.76, 23.586, 10132, 14533, 24439, 28348, 35756, 35992, 36000, 36000, 36000, 36000, 1, 1, 821, 1333, 2447, 3755, 5442, 5962, 6929, 7275, 17950, 2125, 0, 0
17:18:34, 1017.00, 25.77, 23.75, 23.578, 8093, 15656, 30536, 28397, 35796, 29999, 36000, 36000, 36000, 36000, 1, 1, 855, 1389, 2543, 3885, 5650, 6186, 7195, 7560, 18700, 2209, 0, 0
17:18:35, 1017.30, 25.76, 23.75, 23.578, 8119, 17821, 25753, 31442, 34042, 32501, 35955, 36000, 36000, 36000, 1, 1, 908, 1474, 2697, 4102, 5861, 6416, 7454, 7835, 19526, 2284, 0, 0
17:18:36, 1018.10, 25.75, 23.75, 23.578, 6777, 17000, 22245, 30986, 33294, 34922, 35737, 36000, 36000, 36000, 1, 1, 864, 1400, 2572, 3931, 5559, 6088, 7074, 7424, 18502, 2147, 0, 0
17:18:36, 1020.40, 25.75, 23.76, 23.586, 7799, 15877, 19750, 33141, 32393, 32636, 36000, 36000, 36000, 36000, 1, 1, 753, 1215, 2254, 3487, 5016, 5517, 6405, 6714, 16315, 1839, 0, 0
17:18:37, 1018.20, 25.74, 23.75, 23.586, 6653, 13494, 16856, 29453, 35512, 35038, 36000, 36000, 36000, 35504, 1, 1, 660, 1062, 1985, 3097, 4577, 5043, 5843, 6108, 14789, 1671, 0, 0
17:18:38, 1015.80, 25.72, 23.80, 23.594, 9221, 17247, 22308, 34125, 36000, 36000, 36000, 36000, 36000, 36000, 1, 1, 743, 1208, 2212, 3368, 4976, 5446, 6308, 6594, 16446, 1959, 0, 0
17:18:38, 1015.50, 25.72, 23.78, 23.586, 8207, 19256, 24646, 35246, 35896, 35981, 36000, 36000, 36000, 36000, 1, 1, 819, 1340, 2444, 3707, 5579, 6086, 7064, 7404, 18540, 2207, 0, 0
17:18:39, 1016.80, 25.70, 23.75, 23.586, 9521, 18378, 32222, 31865, 35813, 36000, 35996, 36000, 36000, 36000, 1, 1, 920, 1499, 2743, 4178, 6102, 6652, 7725, 8111, 20513, 2413, 0, 0
17:18:40, 1016.30, 25.69, 23.75, 23.586, 7408, 13814, 18361, 21827, 35563, 36000, 36000, 36000, 36000, 35998, 1, 1, 932, 1514, 2779, 4252, 6332, 6894, 8008, 8414, 21501, 2535, 0, 0
17:18:40, 1018.20, 25.68, 23.76, 23.578, 5207, 8364, 11356, 12679, 30178, 31909, 35934, 35990, 36000, 35964, 1, 1, 877, 1414, 2627, 4074, 6057, 6631, 7697, 8083, 20134, 2272, 0, 0
17:18:41, 1019.20, 25.67, 23.75, 23.578, 6862, 13436, 17682, 26389, 30405, 33692, 34501, 34970, 36000, 35774, 1, 1, 900, 1453, 2688, 4140, 5724, 6259, 7264, 7626, 19270, 2173, 0, 0
17:18:42, 1019.30, 25.66, 23.80, 23.578, 6251, 16302, 17797, 30340, 30021, 34225, 36000, 36000, 36000, 36000, 1, 1, 840, 1358, 2516, 3878, 5549, 6062, 7034, 7382, 18764, 2137, 0, 0
17:18:42, 1020.50, 25.65, 23.80, 23.586, 6539, 15246, 17885, 31897, 34152, 35823, 36000, 36000, 36000, 34373, 1, 1, 747, 1203, 2250, 3512, 5307, 5819, 6749, 7075, 17458, 1950, 0, 0
17:18:43, 1021.10, 25.64, 23.76, 23.586, 5808, 14230, 17444, 27639, 30873, 27777, 36000, 36000, 36000, 34773, 1, 1, 759, 1220, 2286, 3576, 5372, 5894, 6845, 7167, 17441, 1936, 0, 0
17:18:44, 1021.30, 25.63, 23.76, 23.578, 6305, 13792, 19171, 23745, 34004, 34490, 35749, 36000, 36000, 35887, 1, 1, 773, 1246, 2333, 3649, 5314, 5833, 6774, 7079, 17021, 1882, 0, 0
17:18:44, 1021.00, 25.62, 23.80, 23.594, 7908, 12980, 18666, 21519, 35542, 35821, 35992, 36000, 36000, 35836, 1, 1, 753, 1218, 2276, 3558, 5266, 5776, 6704, 7004, 16710, 1861, 0, 0
17:18:45, 1019.90, 25.61, 23.78, 23.594, 7933, 12359, 20343, 21254, 33906, 35076, 36000, 36000, 36000, 34090, 1, 1, 735, 1190, 2225, 3484, 5163, 5669, 6575, 6861, 15974, 1772, 0, 0
17:18:46, 1019.50, 25.60, 23.80, 23.594, 8903, 13790, 22534, 24474, 34548, 35650, 36000, 36000, 36000, 32508, 1, 1, 695, 1125, 2107, 3309, 4786, 5263, 6097, 6346, 14473, 1596, 0, 0
17:18:46, 1019.20, 25.60, 23.78, 23.594, 11092, 17009, 24365, 28015, 34781, 35108, 35492, 35456, 36000, 34654, 1, 1, 664, 1078, 2012, 3152, 4636, 5093, 5899, 6131, 13842, 1530, 0, 0
17:18:47, 1018.70, 25.59, 23.82, 23.594, 9251, 15275, 23125, 27038, 35735, 36000, 36000, 36000, 36000, 34066, 1, 1, 682, 1107, 2065, 3227, 4755, 5217, 6048, 6281, 14147, 1564, 0, 0
17:18:48, 1018.20, 25.58, 23.82, 23.586, 9439, 17070, 24000, 32755, 35776, 35859, 36000, 36000, 36000, 28027, 1, 1, 726, 1181, 2195, 3419, 5092, 5580, 6474, 6737, 15252, 1720, 0, 0
17:18:48, 1017.10, 25.58, 23.78, 23.586, 10711, 17886, 27133, 33415, 35688, 35897, 36000, 36000, 36000, 28783, 1, 1, 766, 1250, 2314, 3598, 5337, 5843, 6782, 7065, 16148, 1839, 0, 0
17:18:49, 1018.10, 25.57, 23.78, 23.586, 10398, 20425, 24346, 34628, 35451, 35519, 36000, 36000, 36000, 35728, 1, 1, 808, 1317, 2432, 3772, 5453, 5975, 6933, 7236, 16615, 1903, 0, 0
17:18:50, 1018.50, 25.56, 23.82, 23.578, 7775, 13315, 21952, 22666, 34151, 34101, 36000, 36000, 36000, 32858, 1, 1, 756, 1228, 2286, 3580, 5098, 5593, 6495, 6762, 15419, 1723, 0, 0
17:18:50, 1018.60, 25.56, 23.82, 23.586, 8741, 14651, 25854, 25484, 35397, 34399, 36000, 36000, 36000, 36000, 1, 1, 755, 1225, 2271, 3525, 5117, 5616, 6516, 6800, 15812, 1799, 0, 0
17:18:51, 1018.10, 25.55, 23.80, 23.586, 9394, 14746, 23011, 23648, 35968, 36000, 36000, 36000, 36000, 36000, 1, 1, 780, 1269, 2339, 3611, 5283, 5782, 6710, 7007, 16840, 1962, 0, 0
17:18:52, 1018.10, 25.54, 23.80, 23.578, 9172, 14196, 22883, 23359, 35271, 35565, 35981, 36000, 36000, 35066, 1, 1, 773, 1255, 2323, 3597, 5378, 5885, 6827, 7135, 17211, 1999, 0, 0
17:18:52, 1021.30, 25.53, 23.82, 23.586, 9054, 14043, 21820, 23757, 35254, 35670, 35976, 36000, 36000, 35938, 1, 1, 749, 1208, 2263, 3552, 5145, 5658, 6573, 6866, 16152, 1792, 0, 0
17:18:53, 1020.90, 25.52, 23.85, 23.586, 8154, 12706, 24023, 24640, 29053, 34570, 36000, 36000, 36000, 34084, 1, 1, 747, 1207, 2256, 3528, 5199, 5707, 6627, 6927, 16543, 1860, 0, 0
17:18:54, 1020.00, 25.52, 23.82, 23.578, 5448, 11916, 15602, 22495, 32703, 29778, 35936, 36000, 36000, 30328, 1, 1, 725, 1167, 2198, 3467, 5239, 5751, 6681, 6981, 16462, 1825, 0, 0
17:18:54, 1019.10, 25.51, 23.82, 23.578, 6344, 15063, 19374, 25392, 32613, 28093, 35917, 36000, 36000, 35954, 1, 1, 883, 1431, 2648, 4084, 5865, 6424, 7457, 7807, 18921, 2152, 0, 0
17:18:55, 1017.30, 25.50, 23.82, 23.578, 6495, 16032, 21924, 26797, 34954, 29803, 36000, 36000, 36000, 36000, 1, 1, 901, 1459, 2699, 4162, 6045, 6607, 7670, 8037, 19673, 2266, 0, 0
17:18:56, 1018.80, 25.49, 23.83, 23.578, 6635, 16831, 17432, 35463, 31937, 32761, 35249, 36000, 36000, 36000, 1, 1, 873, 1410, 2619, 4062, 5780, 6328, 7346, 7689, 18722, 2114, 0, 0
17:18:56, 1018.80, 25.48, 23.82, 23.578, 6322, 16871, 17509, 35314, 31401, 32751, 36000, 36000, 36000, 36000, 1, 1, 858, 1385, 2575, 3996, 5747, 6294, 7304, 7652, 18750, 2114, 0, 0
17:18:57, 1019.90, 25.47, 23.85, 23.578, 5798, 15394, 17714, 33203, 29735, 33367, 35913, 36000, 36000, 36000, 1, 1, 880, 1422, 2636, 4070, 5718, 6263, 7263, 7614, 18866, 2118, 0, 0
17:18:58, 1020.50, 25.47, 23.83, 23.586, 5680, 15132, 17908, 33992, 29499, 30234, 35432, 36000, 36000, 35938, 1, 1, 851, 1374, 2555, 3963, 5689, 6232, 7229, 7580, 18801, 2115, 0, 0
17:18:58, 1020.00, 25.46, 23.89, 23.586, 5475, 14077, 15542, 28477, 30409, 30848, 36000, 36000, 36000, 35865, 1, 1, 828, 1338, 2491, 3864, 5751, 6295, 7309, 7659, 19065, 2152, 0, 0
17:18:59, 1018.60, 25.45, 23.82, 23.586, 7328, 13349, 22439, 25747, 35584, 36000, 36000, 36000, 36000, 35981, 1, 1, 834, 1349, 2514, 3910, 5868, 6421, 7452, 7805, 19150, 2164, 0, 0
17:19:00, 1017.90, 25.45, 23.85, 23.586, 9350, 14359, 25597, 27018, 35739, 36000, 35925, 36000, 36000, 35939, 1, 1, 870, 1412, 2614, 4041, 5926, 6476, 7519, 7877, 19321, 2215, 0, 0
17:19:00, 1016.50, 25.44, 23.85, 23.586, 10313, 14755, 25116, 29786, 35667, 36000, 36000, 35998, 36000, 36000, 1, 1, 856, 1394, 2568, 3952, 5921, 6463, 7501, 7856, 19392, 2259, 0, 0
17:19:01, 1017.50, 25.44, 23.89, 23.578, 6811, 19717, 23287, 30255, 35095, 35435, 36000, 35810, 36000, 36000, 1, 1, 880, 1433, 2632, 4021, 5827, 6365, 7382, 7736, 19246, 2232, 0, 0
17:19:02, 1018.60, 25.43, 23.89, 23.586, 7506, 17459, 25208, 29466, 35699, 31761, 36000, 36000, 36000, 35982, 1, 1, 889, 1445, 2660, 4070, 5769, 6305, 7313, 7663, 19017, 2191, 0, 0
17:19:02, 1018.00, 25.42, 23.87, 23.586, 6213, 12394, 20173, 21473, 32234, 33081, 34791, 35901, 36000, 35034, 1, 1, 842, 1364, 2534, 3924, 5666, 6199, 7197, 7531, 18364, 2074, 0, 0
17:19:03, 1019.00, 25.41, 23.89, 23.578, 7595, 16462, 26132, 27699, 36000, 34380, 36000, 36000, 36000, 36000, 1, 1, 880, 1427, 2638, 4065, 5800, 6347, 7366, 7721, 18992, 2163, 0, 0
17:19:04, 1020.40, 25.40, 23.87, 23.586, 6749, 14888, 20530, 26689, 33175, 26458, 35974, 36000, 36000, 35895, 1, 1, 802, 1296, 2419, 3767, 5363, 5883, 6834, 7152, 17291, 1918, 0, 0
17:19:04, 1021.50, 25.40, 23.87, 23.586, 5422, 14180, 17377, 25380, 30023, 29331, 36000, 36000, 36000, 35936, 1, 1, 773, 1248, 2328, 3624, 5243, 5756, 6684, 6997, 17039, 1891, 0, 0
17:19:05, 1024.50, 25.39, 23.90, 23.570, 4898, 11730, 15002, 20195, 27229, 27135, 35929, 36000, 36000, 29254, 1, 1, 688, 1099, 2082, 3309, 5017, 5534, 6433, 6733, 16054, 1724, 0, 0
17:19:06, 1027.50, 25.38, 23.89, 23.586, 4714, 11270, 15079, 19205, 25363, 24759, 35678, 35960, 36000, 26516, 1, 1, 680, 1080, 2058, 3294, 4861, 5380, 6264, 6551, 15417, 1619, 0, 0
17:19:06, 1031.10, 25.37, 23.87, 23.586, 4139, 9157, 12770, 17433, 22578, 22660, 32780, 35792, 36000, 20343, 1, 1, 610, 956, 1847, 3007, 4481, 4985, 5809, 6071, 14053, 1435, 0, 0
17:19:07, 1039.30, 25.37, 23.90, 23.586, 3309, 7011, 10076, 14512, 16820, 18094, 23562, 27534, 36000, 13566, 1, 1, 483, 738, 1459, 2445, 3631, 4086, 4781, 4990, 11200, 1092, 0, 0
17:19:08, 1045.70, 25.37, 23.89, 23.578, 2320, 4416, 7064, 10185, 13291, 14656, 19176, 21661, 36000, 8556, 1, 1, 382, 568, 1141, 1966, 3018, 3428, 4019, 4195, 9230, 876, 0, 0
17:19:08, 1049.20, 25.35, 23.90, 23.578, 1881, 3420, 5741, 8430, 11113, 12391, 16182, 17941, 36000, 6167, 1, 1, 326, 474, 961, 1689, 2707, 3095, 3637, 3794, 8259, 776, 0, 0
17:19:09, 1052.60, 25.34, 23.89, 23.570, 1704, 3057, 5155, 7759, 9878, 11050, 14274, 16189, 36000, 5398, 1, 1, 305, 437, 891, 1583, 2588, 2971, 3499, 3653, 7914, 740, 0, 0
17:19:10, 1055.50, 25.34, 23.89, 23.578, 1329, 2371, 4057, 6136, 8407, 9481, 12123, 13846, 36000, 4243, 1, 1, 279, 391, 804, 1452, 2458, 2834, 3346, 3495, 7502, 698, 0, 0
17:19:10, 1058.60, 25.33, 23.89, 23.578, 1151, 2024, 3508, 5307, 7516, 8488, 10778, 12409, 33362, 3635, 0, 1, 262, 362, 747, 1365, 2305, 2672, 3159, 3299, 6966, 643, 0, 0
17:19:11, 1061.60, 25.32, 23.87, 23.570, 1054, 1821, 3205, 4893, 6838, 7767, 9830, 11398, 29996, 3220, 0, 0, 242, 328, 680, 1257, 2114, 2463, 2916, 3041, 6348, 581, 0, 0
17:19:12, 1065.60, 25.31, 23.89, 23.570, 882, 1487, 2677, 4173, 5712, 6554, 8234, 9523, 24918, 2576, 0, 0, 212, 282, 588, 1102, 1867, 2189, 2597, 2709, 5590, 508, 0, 0
17:19:12, 1066.70, 25.31, 23.90, 23.570, 767, 1285, 2349, 3709, 5344, 6163, 7767, 8959, 22841, 2283, 0, 0, 195, 257, 536, 1013, 1763, 2070, 2458, 2562, 5274, 479, 0, 0
17:19:13, 1071.50, 25.30, 23.89, 23.578, 721, 1201, 2201, 3513, 4903, 5712, 7066, 8269, 21874, 2182, 0, 0, 168, 218, 455, 869, 1488, 1760, 2096, 2186, 4429, 399, 0, 0
17:19:14, 1074.10, 25.29, 23.94, 23.578, 587, 954, 1798, 2893, 4115, 4805, 6032, 6939, 16616, 1565, 0, 0, 146, 185, 386, 749, 1330, 1583, 1887, 1967, 3912, 352, 0, 0
17:19:14, 1074.30, 25.29, 23.90, 23.570, 531, 854, 1629, 2632, 3932, 4601, 5794, 6630, 14754, 1330, 0, 0, 135, 170, 355, 694, 1259, 1500, 1791, 1866, 3667, 329, 0, 0
17:19:15, 1074.80, 25.28, 23.90, 23.570, 519, 836, 1590, 2566, 3851, 4497, 5662, 6493, 14232, 1292, 0, 0, 133, 168, 351, 685, 1241, 1480, 1767, 1837, 3567, 319, 0, 0
17:19:16, 1072.80, 25.28, 23.90, 23.570, 528, 849, 1612, 2597, 4016, 4686, 5892, 6786, 14114, 1272, 0, 0, 135, 171, 357, 696, 1280, 1523, 1816, 1888, 3626, 324, 0, 0
17:19:16, 1072.40, 25.27, 23.92, 23.570, 599, 974, 1842, 2927, 4325, 5014, 6280, 7278, 15634, 1454, 0, 0, 147, 188, 393, 760, 1356, 1610, 1919, 1995, 3869, 346, 0, 0
17:19:17, 1072.20, 25.26, 23.92, 23.578, 601, 974, 1845, 2923, 4489, 5216, 6547, 7551, 15863, 1449, 0, 0, 147, 188, 393, 759, 1366, 1622, 1932, 2010, 3908, 350, 0, 0
17:19:18, 1072.10, 25.26, 23.94, 23.578, 629, 1022, 1932, 3056, 4533, 5266, 6600, 7600, 16309, 1495, 0, 0, 149, 191, 397, 768, 1371, 1629, 1940, 2019, 3924, 353, 0, 0
17:19:18, 1071.70, 25.25, 23.92, 23.570, 646, 1052, 1992, 3151, 4405, 5114, 6402, 7352, 16077, 1478, 0, 0, 149, 189, 396, 764, 1383, 1641, 1956, 2036, 3983, 358, 0, 0
17:19:19, 1071.60, 25.25, 23.92, 23.570, 602, 983, 1851, 2934, 4321, 4995, 6271, 7226, 16415, 1537, 0, 0, 147, 188, 392, 757, 1359, 1613, 1922, 2002, 3913, 351, 0, 0
17:19:20, 1070.50, 25.25, 23.96, 23.570, 614, 1005, 1885, 2997, 4518, 5229, 6573, 7623, 17872, 1700, 0, 0, 148, 190, 398, 766, 1373, 1629, 1937, 2015, 3959, 356, 0, 0
17:19:20, 1070.20, 25.24, 23.90, 23.562, 657, 1086, 2015, 3191, 4570, 5270, 6616, 7667, 18289, 1763, 0, 0, 152, 196, 409, 784, 1401, 1660, 1975, 2058, 4094, 370, 0, 0
17:19:21, 1068.90, 25.24, 23.94, 23.562, 668, 1111, 2067, 3264, 5018, 5788, 7296, 8485, 20546, 1988, 0, 0, 157, 203, 423, 810, 1442, 1706, 2030, 2115, 4214, 381, 0, 0
17:19:21, 1064.10, 25.23, 23.92, 23.562, 773, 1286, 2399, 3753, 5415, 6230, 7856, 9038, 22237, 2156, 0, 0, 177, 233, 484, 914, 1666, 1957, 2322, 2419, 4899, 445, 0, 0
17:19:22, 1060.80, 25.23, 23.94, 23.570, 908, 1544, 2815, 4317, 6448, 7376, 9317, 10665, 27287, 2740, 0, 0, 210, 283, 586, 1088, 1913, 2233, 2647, 2759, 5671, 521, 0, 0
17:19:23, 1058.20, 25.23, 23.92, 23.570, 1082, 1865, 3350, 5093, 7240, 8246, 10450, 11939, 31386, 3278, 0, 0, 239, 326, 674, 1237, 2132, 2477, 2931, 3059, 6403, 592, 0, 0
17:19:23, 1058.40, 25.22, 23.94, 23.570, 1053, 1823, 3221, 4906, 6952, 7918, 10024, 11568, 30807, 3287, 0, 0, 241, 329, 679, 1249, 2130, 2477, 2929, 3057, 6388, 590, 0, 0
17:19:24, 1057.20, 25.22, 23.94, 23.570, 1102, 1911, 3362, 5194, 7572, 8626, 10939, 12606, 34004, 3635, 0, 1, 251, 344, 711, 1303, 2223, 2579, 3047, 3179, 6683, 618, 0, 0
17:19:25, 1056.00, 25.21, 23.94, 23.578, 1199, 2076, 3662, 5569, 7718, 8789, 11205, 12764, 34520, 3739, 0, 1, 264, 365, 753, 1371, 2316, 2678, 3161, 3298, 6990, 648, 0, 0
17:19:25, 1056.00, 25.21, 23.97, 23.578, 1158, 2006, 3538, 5346, 7385, 8347, 10638, 12180, 32333, 3532, 0, 0, 264, 367, 755, 1373, 2308, 2665, 3146, 3280, 6966, 646, 0, 0
17:19:26, 1056.00, 25.21, 23.96, 23.562, 1181, 2062, 3593, 5438, 7720, 8737, 11145, 12752, 34106, 3704, 0, 1, 257, 357, 736, 1336, 2232, 2579, 3041, 3169, 6759, 626, 0, 0
17:19:27, 1055.70, 25.20, 23.97, 23.562, 1114, 1954, 3393, 5160, 7519, 8523, 10857, 12410, 32483, 3452, 0, 1, 239, 332, 685, 1248, 2113, 2444, 2881, 3002, 6345, 587, 0, 0
17:19:27, 1053.40, 25.20, 23.96, 23.578, 1160, 2046, 3517, 5405, 8267, 9430, 11947, 13623, 35637, 3854, 0, 1, 245, 344, 708, 1280, 2200, 2538, 2988, 3110, 6564, 607, 0, 0
17:19:28, 1054.00, 25.19, 23.92, 23.562, 1389, 2502, 4235, 6343, 8734, 9605, 12474, 14524, 36000, 4498, 1, 1, 273, 386, 791, 1422, 2376, 2737, 3226, 3359, 7129, 661, 0, 0
17:19:29, 1055.20, 25.19, 23.97, 23.562, 1328, 2335, 4062, 6000, 8486, 9374, 12040, 13978, 35919, 4075, 0, 1, 276, 388, 798, 1438, 2396, 2768, 3266, 3404, 7175, 665, 0, 0
17:19:29, 1056.70, 25.18, 23.96, 23.570, 1278, 2232, 3938, 5836, 8061, 9097, 11599, 13408, 35969, 4001, 0, 1, 261, 364, 749, 1360, 2251, 2607, 3079, 3207, 6704, 620, 0, 0
17:19:30, 1056.10, 25.18, 23.94, 23.578, 1276, 2208, 3939, 5835, 8046, 9023, 11599, 13392, 35120, 3853, 0, 1, 254, 352, 726, 1321, 2223, 2574, 3034, 3161, 6622, 613, 0, 0
17:19:31, 1056.10, 25.17, 23.97, 23.578, 1175, 2060, 3645, 5441, 7636, 8627, 10964, 12629, 33487, 3612, 0, 1, 243, 337, 696, 1268, 2139, 2477, 2921, 3039, 6345, 585, 0, 0
17:19:31, 1055.70, 25.17, 23.97, 23.570, 1259, 2214, 3898, 5851, 8389, 9527, 12153, 13918, 36000, 3992, 1, 1, 244, 339, 700, 1272, 2152, 2489, 2931, 3048, 6375, 587, 0, 0
17:19:32, 1056.50, 25.17, 23.97, 23.570, 1243, 2187, 3814, 5784, 7897, 8959, 11394, 13074, 35927, 3907, 0, 1, 249, 348, 717, 1297, 2182, 2522, 2971, 3093, 6568, 607, 0, 0
17:19:33, 1057.10, 25.16, 23.97, 23.570, 1202, 2119, 3705, 5618, 7549, 8567, 10864, 12471, 33543, 3595, 0, 1, 247, 344, 709, 1291, 2203, 2548, 3005, 3129, 6615, 610, 0, 0
17:19:33, 1057.10, 25.16, 23.97, 23.578, 1151, 2011, 3514, 5373, 7491, 8492, 10769, 12446, 33691, 3651, 0, 1, 253, 349, 722, 1317, 2265, 2620, 3092, 3221, 6820, 628, 0, 0
17:19:34, 1053.80, 25.16, 23.99, 23.570, 1188, 2094, 3652, 5519, 8198, 9247, 11851, 13528, 36000, 4069, 1, 1, 292, 410, 841, 1518, 2566, 2955, 3482, 3628, 7800, 724, 0, 0
17:19:35, 1053.70, 25.15, 23.97, 23.570, 1393, 2494, 4233, 6549, 8781, 9905, 12669, 14487, 36000, 4588, 1, 1, 303, 427, 877, 1576, 2617, 3010, 3547, 3696, 8025, 745, 0, 0
17:19:35, 1051.50, 25.14, 23.97, 23.570, 1448, 2610, 4394, 6766, 9153, 10346, 13199, 15121, 36000, 5025, 1, 1, 317, 452, 923, 1645, 2683, 3074, 3614, 3769, 8292, 774, 0, 0
17:19:36, 1050.90, 25.14, 23.99, 23.578, 1443, 2613, 4395, 6741, 9600, 10858, 13786, 15575, 36000, 4985, 1, 1, 299, 427, 873, 1557, 2554, 2927, 3439, 3583, 7817, 730, 0, 0
17:19:37, 1047.20, 25.14, 24.01, 23.578, 1596, 2914, 4860, 7463, 10226, 11534, 14706, 16379, 36000, 5296, 1, 1, 301, 433, 883, 1563, 2585, 2952, 3459, 3600, 7832, 735, 0, 0
17:19:37, 1045.10, 25.13, 24.01, 23.562, 1828, 3338, 5489, 8223, 11501, 12806, 16678, 18633, 36000, 6618, 1, 1, 340, 500, 1010, 1756, 2861, 3252, 3806, 3962, 8682, 823, 0, 0
17:19:38, 1045.10, 25.13, 24.01, 23.578, 2066, 3899, 6331, 9270, 12300, 13505, 17741, 20064, 36000, 7161, 1, 1, 353, 520, 1052, 1827, 2940, 3340, 3911, 4068, 8866, 841, 0, 0
17:19:39, 1044.30, 25.12, 24.01, 23.578, 2035, 3782, 6233, 8970, 11762, 12700, 16813, 19135, 36000, 6820, 1, 1, 367, 538, 1088, 1893, 3080, 3498, 4096, 4262, 9295, 881, 0, 0
17:19:39, 1040.50, 25.12, 23.97, 23.562, 2161, 3970, 6612, 9311, 13038, 14120, 18772, 21129, 36000, 7911, 1, 1, 420, 627, 1258, 2155, 3481, 3930, 4600, 4793, 10667, 1033, 0, 0
17:19:40, 1036.30, 25.11, 24.03, 23.578, 2726, 5233, 8389, 11799, 15377, 16455, 22238, 24787, 36000, 10435, 1, 1, 494, 753, 1490, 2498, 4004, 4486, 5235, 5469, 12536, 1244, 0, 0
17:19:41, 1037.30, 25.11, 23.99, 23.578, 2961, 5932, 8661, 13459, 16709, 18249, 24798, 26853, 36000, 11967, 1, 1, 479, 731, 1447, 2426, 3822, 4288, 5008, 5230, 11917, 1175, 0, 0
17:19:41, 1037.40, 25.11, 24.01, 23.570, 2890, 5797, 8511, 13255, 16425, 17795, 24199, 26494, 36000, 11774, 1, 1, 464, 708, 1403, 2356, 3674, 4125, 4815, 5023, 11417, 1121, 0, 0
17:19:42, 1035.70, 25.10, 24.01, 23.570, 2881, 5615, 8569, 12801, 16432, 18092, 24201, 26154, 36000, 11267, 1, 1, 460, 704, 1393, 2337, 3709, 4160, 4853, 5062, 11490, 1136, 0, 0
17:19:43, 1031.70, 25.10, 24.04, 23.570, 3260, 6484, 10031, 13975, 19201, 20033, 28122, 31053, 36000, 14487, 1, 1, 532, 827, 1616, 2659, 4189, 4667, 5441, 5673, 13043, 1318, 0, 0
17:19:43, 1026.60, 25.10, 24.06, 23.570, 4059, 7964, 12559, 16452, 23073, 22739, 32880, 35494, 36000, 18220, 1, 1, 629, 993, 1913, 3093, 4797, 5308, 6176, 6449, 15070, 1573, 0, 0
17:19:44, 1023.30, 25.09, 24.03, 23.578, 5183, 10023, 16042, 19923, 27617, 28578, 35892, 36000, 36000, 23796, 1, 1, 686, 1095, 2087, 3335, 5066, 5587, 6490, 6773, 15877, 1690, 0, 0
17:19:45, 1018.50, 25.09, 24.04, 23.578, 7657, 11732, 20969, 23128, 35443, 36000, 36000, 36000, 36000, 35472, 1, 1, 812, 1317, 2455, 3812, 5757, 6291, 7295, 7630, 18704, 2120, 0, 0
17:19:45, 1019.30, 25.09, 24.03, 23.578, 7041, 17284, 20756, 28365, 35237, 27713, 36000, 36000, 36000, 35985, 1, 1, 856, 1388, 2579, 3990, 5835, 6386, 7405, 7736, 18831, 2114, 0, 0
17:19:46, 1021.20, 25.09, 24.04, 23.578, 6183, 13802, 17875, 25800, 32236, 26421, 36000, 36000, 36000, 35616, 1, 1, 806, 1299, 2438, 3820, 5562, 6104, 7089, 7404, 17770, 1944, 0, 0
17:19:47, 1018.60, 25.08, 24.04, 23.578, 5745, 13819, 17470, 23638, 34821, 28798, 36000, 36000, 36000, 35143, 1, 1, 815, 1316, 2462, 3852, 5707, 6249, 7249, 7576, 18414, 2052, 0, 0
17:19:47, 1009.60, 25.08, 24.01, 23.578, 6078, 17101, 20248, 29590, 36000, 35857, 36000, 36000, 36000, 36000, 1, 1, 887, 1442, 2664, 4106, 6070, 6604, 7657, 8010, 20037, 2341, 0, 0
17:19:48, 1010.10, 25.08, 24.01, 23.578, 10171, 21894, 31824, 35999, 36000, 36000, 36000, 36000, 36000, 36000, 1, 1, 1918, 2951, 4790, 6064, 8956, 9835, 11273, 12035, 35438, 9829, 0, 1
17:19:49, 1009.40, 25.04, 24.03, 23.586, 9536, 19026, 32784, 31445, 35722, 33796, 36000, 36000, 36000, 36000, 1, 1, 4020, 5994, 8993, 10913, 18108, 18731, 23933, 26944, 36000, 35530, 1, 1
17:19:49, 1010.60, 25.02, 24.04, 23.570, 1598, 2517, 3149, 3785, 2050, 2066, 2413, 2527, 7678, 2566, 0, 0, 6411, 9685, 13154, 16575, 19003, 22394, 27314, 34848, 36000, 36000, 1, 1
17:19:50, 1009.70, 25.04, 24.04, 23.570, 4347, 5149, 9019, 7974, 2090, 2705, 2432, 3180, 34087, 12726, 0, 1, 11633, 16919, 23864, 29232, 35803, 36000, 36000, 36000, 36000, 36000, 1, 1
17:19:51, 1009.50, 25.02, 24.06, 23.555, 729, 790, 1110, 1302, 2477, 4974, 3611, 4548, 25978, 9608, 0, 0, 11469, 16559, 23474, 28560, 31505, 35588, 36000, 36000, 36000, 36000, 1, 1
17:19:51, 1010.60, 25.05, 24.06, 23.625, 471, 661, 868, 980, 936, 964, 1168, 1311, 4985, 2404, 0, 0, 2981, 4731, 6039, 7757, 7032, 8261, 9666, 12318, 26930, 14931, 0, 0
