Secchi Depth (cm) = 0099
Forel Ule Scale = 10
pH Colour Scale = 99
SensingSecchi S/N = A016
Latitude (degs N) = 34.14016
Longitude (degs E) = -77.86232
Date = 2026-04-09
Time (UTC), Pressure (mbar) MS5803, Temp (deg C) MS5803, Temp (deg C) 10KTHERM, Temp (deg C) TMP117, ED 415nm, ED 445nm, ED 480nm, ED 515nm, ED 555nm, ED 590nm, ED 630nm, ED 680nm, ED Clear, ED NIR, ED D-SAT, ED A-SAT, EU 415nm, EU 445nm, EU 480nm, EU 515nm, EU 555nm, EU 590nm, EU 630nm, EU 680nm, EU Clear, EU NIR, EU D-SAT, EU A-SAT
19:45:24, 1023.70, 21.28, 21.37, 20.594, 14060, 21957, 32859, 36000, 36000, 36000, 36000, 36000, 36000, 36000, 1, 1, 5139, 7518, 9740, 11159, 12707, 14395, 18857, 24035, 36000, 36000, 1, 1
19:45:24, 1023.70, 21.29, 21.33, 20.547, 559, 662, 772, 954, 944, 1420, 3174, 5062, 9608, 6027, 0, 0, 5684, 8367, 10959, 12580, 13467, 15378, 20037, 25705, 36000, 36000, 1, 1
19:45:25, 1023.50, 21.29, 21.35, 20.547, 13820, 21967, 31136, 36000, 36000, 36000, 36000, 36000, 36000, 36000, 1, 1, 5998, 8801, 11465, 13211, 14531, 16533, 21603, 27489, 36000, 36000, 1, 1
19:45:26, 1023.60, 21.30, 21.35, 20.523, 13590, 21314, 32400, 36000, 36000, 36000, 36000, 36000, 36000, 36000, 1, 1, 6381, 9245, 12160, 13855, 14945, 17033, 22582, 28730, 36000, 36000, 1, 1
19:45:26, 1023.80, 21.31, 21.33, 20.531, 13848, 21171, 32630, 36000, 36000, 36000, 36000, 36000, 36000, 36000, 1, 1, 6146, 8982, 11768, 13457, 14533, 16412, 21512, 27199, 36000, 36000, 1, 1
19:45:27, 1023.60, 21.28, 21.33, 20.531, 14100, 19828, 30167, 36000, 36000, 36000, 36000, 36000, 36000, 36000, 1, 1, 8840, 12356, 18167, 18936, 12974, 13910, 17783, 22946, 35363, 32472, 0, 1
19:45:28, 1023.40, 21.26, 21.35, 20.523, 1070, 1577, 2056, 2364, 1955, 2308, 3532, 5042, 12101, 6210, 0, 0, 198, 229, 221, 252, 243, 388, 836, 1611, 4062, 3110, 0, 0
19:45:28, 1023.50, 21.30, 21.35, 20.539, 773, 1086, 1372, 1579, 1732, 2052, 3170, 4740, 11443, 6533, 0, 0, 211, 243, 236, 274, 296, 481, 984, 1774, 4541, 3692, 0, 0
19:45:29, 1023.30, 21.30, 21.33, 20.539, 2464, 3976, 5092, 7686, 2359, 2693, 3891, 5332, 14263, 7199, 0, 0, 307, 364, 380, 479, 579, 876, 1605, 2520, 6420, 5060, 0, 0
19:45:30, 1023.30, 21.31, 21.33, 20.508, 820, 1162, 1491, 1694, 1526, 1783, 2672, 3847, 9911, 5376, 0, 0, 383, 468, 509, 678, 717, 1059, 1923, 2941, 7351, 5603, 0, 0
19:45:30, 1023.90, 21.35, 21.33, 20.508, 413, 530, 664, 833, 5560, 5753, 7179, 9983, 11740, 5705, 0, 0, 4191, 6477, 9141, 11470, 14623, 16027, 18054, 19315, 34393, 19551, 0, 1
19:45:31, 1023.60, 21.35, 21.37, 20.484, 2598, 3100, 5057, 4774, 5408, 4919, 8972, 6397, 10529, 5362, 0, 0, 3465, 5342, 7393, 9840, 8603, 9329, 10173, 11958, 28100, 9613, 0, 0
19:45:32, 1024.00, 21.38, 21.37, 20.562, 3374, 5491, 8157, 9435, 4602, 4297, 8240, 5105, 35857, 20098, 0, 1, 1691, 2693, 4359, 5374, 6571, 7028, 7931, 9187, 29047, 17980, 0, 0
19:45:32, 1023.50, 21.38, 21.37, 20.562, 7742, 13509, 18383, 21597, 7584, 12861, 12482, 13259, 36000, 22399, 1, 1, 2323, 4622, 6196, 9013, 6799, 6401, 7424, 7821, 25981, 9055, 0, 0
19:45:33, 1023.70, 21.39, 21.37, 20.578, 2357, 2000, 3400, 3271, 14688, 12053, 19812, 19261, 11460, 5978, 0, 0, 1198, 1974, 3175, 4247, 13131, 12647, 13899, 14574, 34215, 18596, 0, 1
19:45:34, 1024.80, 21.40, 21.35, 20.602, 1627, 2569, 2951, 5884, 5883, 9249, 6740, 9744, 12583, 5575, 0, 0, 1184, 2235, 3380, 4781, 4886, 4577, 4169, 3614, 12466, 1020, 0, 0
19:45:34, 1028.10, 21.25, 21.37, 20.602, 4668, 6027, 10569, 9714, 8281, 5959, 13939, 8240, 36000, 35453, 1, 1, 635, 1179, 2317, 3525, 5029, 4660, 4260, 3612, 10673, 800, 0, 0
19:45:35, 1030.70, 21.17, 21.37, 18.727, 3338, 3664, 6095, 5362, 9280, 6175, 12218, 9761, 8777, 4651, 0, 0, 691, 1283, 2529, 3891, 5385, 5060, 4587, 3968, 13338, 1057, 0, 0
19:45:36, 1035.80, 21.14, 21.37, 17.461, 7835, 7943, 11672, 17055, 7041, 20138, 11974, 21407, 36000, 26867, 1, 1, 704, 1294, 2545, 3916, 5417, 5083, 4662, 4000, 14244, 1072, 0, 0
19:45:36, 1039.00, 21.14, 21.38, 17.461, 6014, 6445, 12433, 7843, 14620, 6339, 16641, 11781, 36000, 36000, 1, 1, 637, 1193, 2357, 3655, 4984, 4634, 4299, 3672, 12491, 923, 0, 0
19:45:37, 1038.30, 21.14, 21.38, 16.914, 1933, 6300, 9944, 12573, 13122, 6082, 24565, 7612, 36000, 35348, 1, 1, 576, 1076, 2149, 3313, 4489, 4162, 3847, 3271, 10303, 751, 0, 0
19:45:38, 1037.80, 21.15, 21.33, 16.719, 2049, 4489, 3729, 11762, 8037, 12503, 19210, 7713, 36000, 11212, 1, 1, 559, 1039, 2087, 3219, 4502, 4170, 3839, 3238, 9757, 709, 0, 0
19:45:38, 1037.70, 21.15, 21.35, 16.719, 2146, 2126, 2623, 7699, 3420, 8846, 6086, 5604, 14575, 2759, 0, 0, 564, 1051, 2116, 3267, 4529, 4196, 3852, 3252, 9674, 693, 0, 0
19:45:39, 1038.80, 21.16, 21.38, 16.586, 3787, 2608, 3439, 9174, 3049, 8165, 4720, 4930, 11732, 2733, 0, 0, 609, 1135, 2282, 3519, 4931, 4566, 4192, 3533, 10577, 765, 0, 0
19:45:39, 1038.60, 21.17, 21.37, 16.508, 2241, 2155, 2755, 7646, 3576, 8117, 7145, 5458, 17152, 3204, 0, 0, 589, 1097, 2204, 3405, 4769, 4416, 4075, 3442, 10389, 754, 0, 0
19:45:40, 1042.10, 21.17, 21.37, 16.508, 1889, 2808, 2871, 11217, 6554, 10877, 18535, 6777, 36000, 8419, 1, 1, 564, 1055, 2116, 3272, 4627, 4288, 3962, 3352, 10275, 740, 0, 0
19:45:41, 1043.20, 21.18, 21.33, 16.461, 1505, 3300, 3145, 9712, 8810, 9169, 17059, 7145, 36000, 15140, 1, 1, 557, 1040, 2103, 3271, 4638, 4297, 3975, 3361, 10617, 764, 0, 0
19:45:41, 1039.20, 21.18, 21.37, 16.453, 1769, 5704, 7107, 14247, 13731, 12298, 18939, 11065, 36000, 27493, 1, 1, 592, 1106, 2208, 3402, 4850, 4494, 4173, 3552, 11618, 852, 0, 0
19:45:42, 1038.00, 21.18, 21.35, 16.453, 1252, 2686, 4216, 7937, 10651, 4243, 19679, 5824, 36000, 36000, 1, 1, 628, 1178, 2342, 3621, 5051, 4681, 4330, 3676, 12342, 903, 0, 0
19:45:43, 1036.30, 21.18, 21.37, 16.437, 1721, 3037, 6104, 6845, 13065, 3738, 17524, 5856, 36000, 36000, 1, 1, 648, 1210, 2391, 3696, 5205, 4847, 4485, 3837, 13203, 979, 0, 0
19:45:43, 1030.90, 21.18, 21.37, 16.437, 3415, 3038, 8471, 4388, 9793, 4240, 10228, 6415, 36000, 36000, 1, 1, 712, 1327, 2582, 3962, 5417, 5053, 4671, 4016, 14193, 1084, 0, 0
19:45:44, 1028.60, 21.18, 21.38, 16.422, 6912, 2604, 9114, 3580, 7163, 6149, 5179, 6996, 36000, 36000, 1, 1, 697, 1287, 2506, 3834, 5248, 4904, 4513, 3890, 14045, 1103, 0, 0
19:45:45, 1028.60, 21.17, 21.37, 16.430, 7648, 4065, 12594, 7629, 13529, 17518, 9591, 20136, 36000, 36000, 1, 1, 702, 1287, 2507, 3816, 5292, 4960, 4553, 3929, 14296, 1125, 0, 0
19:45:45, 1030.40, 21.17, 21.38, 16.430, 8531, 3811, 11301, 10695, 15017, 25204, 16151, 25924, 36000, 36000, 1, 1, 700, 1283, 2503, 3825, 5398, 5077, 4636, 4016, 14407, 1135, 0, 0
19:45:46, 1033.00, 21.16, 21.37, 16.430, 4244, 3900, 5726, 7631, 7070, 14363, 16159, 15913, 35731, 13470, 0, 1, 673, 1236, 2438, 3743, 5236, 4920, 4477, 3860, 13538, 1051, 0, 0
19:45:47, 1033.50, 21.15, 21.37, 16.414, 4621, 5448, 5176, 14168, 13686, 18048, 22119, 18171, 36000, 6024, 1, 1, 684, 1263, 2478, 3810, 5252, 4946, 4490, 3889, 13374, 1044, 0, 0
19:45:47, 1034.20, 21.14, 21.37, 16.414, 3315, 6483, 6444, 18176, 13198, 14446, 29053, 18575, 15645, 3171, 0, 0, 673, 1246, 2467, 3815, 5350, 5038, 4562, 3940, 13182, 1025, 0, 0
19:45:48, 1036.20, 21.12, 21.35, 16.398, 2529, 6871, 5703, 13052, 15432, 13394, 20395, 12169, 10353, 3236, 0, 0, 663, 1228, 2436, 3769, 5083, 4790, 4328, 3729, 12164, 943, 0, 0
19:45:49, 1039.00, 21.11, 21.38, 16.398, 2374, 8676, 10107, 15285, 16329, 13040, 24345, 19556, 8874, 2189, 0, 0, 612, 1141, 2285, 3553, 4816, 4536, 4105, 3511, 11262, 859, 0, 0
19:45:49, 1039.40, 21.10, 21.37, 16.398, 2667, 4804, 8814, 8640, 15138, 5994, 19329, 11878, 6513, 1662, 0, 0, 556, 1039, 2106, 3301, 4505, 4252, 3835, 3254, 10219, 763, 0, 0
19:45:50, 1039.30, 21.08, 21.38, 16.391, 2987, 2894, 7725, 4437, 10226, 5024, 11750, 7735, 5646, 1511, 0, 0, 536, 1001, 2035, 3186, 4427, 4186, 3775, 3203, 9816, 714, 0, 0
19:45:51, 1039.10, 21.07, 21.37, 16.406, 2841, 2331, 5734, 3479, 9534, 7335, 8889, 10876, 5289, 1468, 0, 0, 527, 986, 2005, 3141, 4459, 4203, 3787, 3200, 9614, 699, 0, 0
19:45:51, 1040.70, 21.06, 21.35, 16.406, 1839, 1708, 3897, 2681, 6019, 4642, 5825, 5999, 5235, 1366, 0, 0, 522, 976, 1994, 3128, 4467, 4205, 3794, 3207, 9436, 675, 0, 0
19:45:52, 1039.90, 21.04, 21.35, 16.391, 2312, 1810, 4424, 2744, 6889, 6169, 5022, 7678, 5589, 1403, 0, 0, 524, 981, 2001, 3133, 4385, 4121, 3710, 3128, 9080, 643, 0, 0
19:45:53, 1042.00, 21.03, 21.35, 16.391, 4825, 2886, 8585, 4667, 6850, 8286, 4525, 8787, 6102, 1514, 0, 0, 508, 947, 1946, 3049, 4266, 3996, 3600, 3011, 8665, 602, 0, 0
19:45:53, 1040.50, 21.02, 21.37, 16.391, 5877, 2756, 7943, 5843, 6653, 15259, 5707, 13549, 8815, 2333, 0, 0, 494, 918, 1889, 2961, 4147, 3872, 3499, 2919, 8350, 575, 0, 0
19:45:54, 1043.10, 21.00, 21.32, 16.383, 5313, 2790, 7862, 7039, 3529, 9691, 4127, 6187, 8291, 2186, 0, 0, 508, 945, 1949, 3049, 4400, 4098, 3719, 3104, 8835, 609, 0, 0
19:45:55, 1040.30, 20.99, 21.33, 16.391, 5278, 2512, 5657, 8560, 4586, 13005, 6964, 8253, 12732, 3514, 0, 0, 504, 936, 1917, 2989, 4250, 3945, 3596, 3005, 8650, 599, 0, 0
19:45:55, 1043.10, 20.97, 21.33, 16.391, 3596, 1991, 3277, 5915, 3328, 8520, 5122, 5421, 12096, 2930, 0, 0, 510, 949, 1945, 3042, 4343, 4028, 3681, 3074, 8878, 617, 0, 0
19:45:56, 1042.50, 20.96, 21.33, 16.391, 2085, 2067, 2919, 6808, 5043, 11516, 11500, 7391, 25752, 3755, 0, 0, 509, 949, 1933, 3017, 4226, 3928, 3604, 3023, 8893, 625, 0, 0
19:45:57, 1035.20, 20.95, 21.35, 16.391, 2275, 3975, 3485, 11761, 10557, 12507, 20583, 11378, 36000, 13173, 1, 1, 511, 954, 1914, 2961, 4191, 3898, 3570, 3031, 9017, 676, 0, 0
19:45:57, 1034.10, 20.94, 21.32, 16.391, 2388, 4807, 3734, 13873, 8673, 12775, 20148, 8288, 36000, 15463, 1, 1, 574, 1068, 2125, 3269, 4645, 4299, 3968, 3368, 10238, 770, 0, 0
19:45:58, 1034.70, 20.93, 21.38, 16.375, 2928, 4971, 4003, 13435, 5721, 8556, 16489, 6273, 36000, 8842, 1, 1, 620, 1155, 2292, 3512, 4931, 4560, 4219, 3578, 11065, 821, 0, 0
19:45:59, 1035.50, 20.92, 21.35, 16.375, 2962, 4317, 3872, 13152, 5499, 8317, 14762, 5989, 36000, 8969, 1, 1, 650, 1211, 2397, 3674, 5183, 4795, 4446, 3770, 11733, 876, 0, 0
19:45:59, 1033.90, 20.91, 21.35, 16.391, 1499, 2245, 2633, 6268, 3945, 4614, 8199, 4684, 36000, 7059, 1, 1, 647, 1205, 2385, 3651, 4922, 4554, 4209, 3574, 11197, 834, 0, 0
19:46:00, 1036.10, 20.90, 21.37, 16.391, 1787, 3379, 3251, 11314, 5138, 5442, 14274, 5682, 36000, 11657, 1, 1, 598, 1115, 2209, 3387, 4653, 4315, 3991, 3399, 10585, 788, 0, 0
19:46:01, 1036.70, 20.89, 21.30, 16.391, 1529, 2872, 2907, 10080, 5737, 6873, 15836, 5907, 36000, 12849, 1, 1, 569, 1059, 2114, 3253, 4436, 4116, 3801, 3237, 9976, 741, 0, 0
19:46:01, 1038.00, 20.88, 21.35, 16.383, 1665, 3429, 3195, 10800, 4722, 6459, 11880, 5390, 36000, 7441, 1, 1, 589, 1098, 2194, 3375, 4650, 4303, 3966, 3362, 10381, 756, 0, 0
19:46:02, 1037.90, 20.88, 21.37, 16.391, 1338, 2162, 2505, 6324, 4278, 5058, 8665, 5279, 35089, 4974, 0, 1, 605, 1126, 2258, 3476, 4723, 4370, 4035, 3417, 10540, 769, 0, 0
19:46:03, 1037.20, 20.87, 21.35, 16.391, 1992, 3630, 3316, 11801, 6657, 10304, 20731, 6711, 36000, 11202, 1, 1, 604, 1125, 2242, 3441, 4836, 4473, 4140, 3507, 10893, 804, 0, 0
19:46:03, 1033.70, 20.86, 21.33, 16.383, 1600, 2280, 2839, 6123, 6449, 11320, 17698, 7251, 36000, 7009, 1, 1, 612, 1138, 2267, 3481, 4942, 4566, 4227, 3584, 11121, 833, 0, 0
19:46:04, 1032.70, 20.85, 21.35, 16.383, 1342, 2064, 2483, 5566, 4351, 5870, 10849, 5258, 35932, 6175, 0, 1, 634, 1180, 2344, 3596, 5009, 4625, 4277, 3633, 11233, 842, 0, 0
19:46:05, 1032.70, 20.84, 21.37, 16.383, 1994, 3207, 3440, 11522, 9021, 13420, 22501, 8275, 36000, 18710, 1, 1, 613, 1138, 2249, 3433, 4784, 4421, 4095, 3480, 10793, 817, 0, 0
19:46:05, 1031.90, 20.84, 21.38, 16.375, 2475, 4252, 3823, 13917, 9787, 12828, 20290, 10764, 36000, 15740, 1, 1, 588, 1095, 2173, 3331, 4641, 4294, 3970, 3381, 10422, 793, 0, 0
19:46:06, 1031.60, 20.83, 21.35, 16.375, 1777, 3064, 3027, 11375, 8555, 11659, 21065, 7489, 36000, 18780, 1, 1, 610, 1132, 2244, 3425, 4867, 4499, 4169, 3546, 11032, 837, 0, 0
19:46:07, 1032.00, 20.82, 21.38, 16.375, 1652, 2946, 2879, 10356, 7556, 10439, 20754, 7079, 36000, 17761, 1, 1, 634, 1177, 2332, 3567, 5076, 4693, 4353, 3704, 11587, 882, 0, 0
19:46:07, 1034.20, 20.81, 21.38, 16.383, 1760, 3931, 3292, 11267, 7587, 8814, 18701, 6805, 36000, 20795, 1, 1, 652, 1215, 2402, 3682, 5236, 4842, 4495, 3823, 12101, 916, 0, 0
19:46:08, 1036.10, 20.81, 21.33, 16.383, 1660, 3815, 3487, 11898, 7990, 7330, 17623, 6297, 36000, 22166, 1, 1, 646, 1201, 2390, 3660, 5123, 4737, 4388, 3721, 11921, 887, 0, 0
19:46:09, 1033.30, 20.81, 21.38, 16.383, 1505, 3392, 3120, 10338, 7852, 7491, 16431, 6122, 36000, 21095, 1, 1, 632, 1174, 2336, 3573, 4912, 4541, 4212, 3580, 11449, 858, 0, 0
19:46:09, 1031.80, 20.80, 21.37, 16.391, 1805, 4196, 3386, 11413, 10661, 9985, 18416, 7223, 36000, 32470, 1, 1, 633, 1177, 2316, 3528, 4902, 4532, 4203, 3582, 11368, 872, 0, 0
19:46:10, 1032.20, 20.79, 21.38, 16.391, 1744, 3602, 3151, 11807, 10894, 9762, 19216, 7586, 36000, 29164, 1, 1, 615, 1144, 2262, 3452, 4906, 4539, 4205, 3580, 11286, 857, 0, 0
19:46:11, 1033.50, 20.78, 21.37, 16.391, 1551, 2390, 2639, 7563, 7438, 10236, 19713, 6902, 36000, 16150, 1, 1, 614, 1140, 2262, 3455, 4949, 4580, 4244, 3613, 11303, 857, 0, 0
19:46:11, 1036.30, 20.78, 21.33, 16.391, 1494, 2513, 2686, 9207, 7238, 11068, 19950, 6915, 36000, 12796, 1, 1, 602, 1121, 2233, 3431, 4841, 4482, 4150, 3523, 10922, 811, 0, 0
19:46:12, 1035.90, 20.77, 21.37, 16.398, 1765, 3290, 3145, 11198, 7809, 11724, 20185, 7845, 36000, 12756, 1, 1, 592, 1103, 2199, 3380, 4756, 4402, 4070, 3455, 10680, 790, 0, 0
19:46:13, 1036.40, 20.77, 21.37, 16.398, 2019, 4036, 3482, 11798, 10256, 12699, 20589, 10321, 36000, 15041, 1, 1, 585, 1088, 2172, 3333, 4669, 4320, 3989, 3381, 10325, 758, 0, 0
19:46:13, 1036.80, 20.76, 21.38, 16.398, 4505, 6984, 6435, 15865, 16057, 15845, 25594, 14978, 36000, 16381, 1, 1, 575, 1069, 2134, 3275, 4693, 4346, 4015, 3402, 10390, 768, 0, 0
19:46:14, 1039.50, 20.75, 21.38, 16.398, 1312, 1874, 2285, 4919, 5439, 10860, 17620, 6848, 36000, 5015, 1, 1, 579, 1081, 2170, 3351, 4775, 4425, 4090, 3457, 10588, 767, 0, 0
19:46:15, 1038.70, 20.75, 21.38, 16.391, 1906, 2546, 2838, 9165, 6112, 10225, 17717, 6785, 36000, 7776, 1, 1, 601, 1121, 2236, 3439, 4905, 4539, 4202, 3560, 11021, 809, 0, 0
19:46:15, 1040.80, 20.74, 21.38, 16.375, 1473, 2195, 2562, 7097, 4819, 6946, 15268, 5702, 36000, 5410, 1, 1, 603, 1125, 2257, 3487, 4922, 4557, 4215, 3561, 11133, 812, 0, 0
19:46:16, 1039.80, 20.74, 21.38, 16.375, 1235, 1996, 2373, 5522, 4934, 6797, 12808, 5605, 36000, 6316, 1, 1, 613, 1145, 2290, 3530, 4932, 4566, 4220, 3567, 11197, 817, 0, 0
19:46:17, 1040.70, 20.73, 21.38, 16.375, 1412, 2586, 2690, 8929, 6878, 7100, 17298, 6187, 36000, 14644, 1, 1, 590, 1105, 2197, 3386, 4800, 4449, 4117, 3489, 10934, 794, 0, 0
19:46:17, 1041.60, 20.72, 21.38, 16.367, 1457, 2690, 2821, 9218, 8232, 8017, 16330, 6657, 36000, 15460, 1, 1, 566, 1055, 2118, 3278, 4669, 4330, 4001, 3384, 10583, 764, 0, 0
19:46:18, 1037.70, 20.72, 21.38, 16.367, 1717, 3625, 3449, 10789, 10134, 12511, 19072, 8951, 36000, 19234, 1, 1, 562, 1047, 2095, 3225, 4573, 4236, 3908, 3311, 10392, 756, 0, 0
19:46:19, 1034.20, 20.71, 21.40, 16.359, 1734, 4146, 3644, 11604, 10971, 12114, 20020, 8326, 36000, 32428, 1, 1, 590, 1095, 2171, 3317, 4726, 4368, 4037, 3430, 10813, 813, 0, 0
19:46:19, 1035.30, 20.70, 21.35, 16.367, 1412, 2661, 2733, 9484, 6134, 8587, 17231, 6250, 36000, 10505, 1, 1, 616, 1147, 2282, 3504, 4871, 4500, 4164, 3532, 11163, 830, 0, 0
19:46:20, 1036.40, 20.69, 21.40, 16.367, 1815, 3820, 3266, 11188, 6319, 7812, 16776, 6238, 36000, 16442, 1, 1, 650, 1210, 2401, 3683, 5195, 4800, 4455, 3776, 12025, 897, 0, 0
19:46:21, 1036.80, 20.69, 21.37, 16.352, 1731, 3565, 3221, 10026, 5702, 5576, 15548, 5506, 36000, 12923, 1, 1, 648, 1207, 2401, 3688, 5174, 4783, 4445, 3769, 12109, 900, 0, 0
19:46:21, 1038.00, 20.68, 21.38, 16.352, 1240, 2213, 2607, 6504, 4879, 4154, 12843, 4798, 36000, 11021, 1, 1, 643, 1198, 2383, 3666, 5106, 4723, 4382, 3715, 11954, 886, 0, 0
19:46:22, 1039.60, 20.68, 21.38, 16.352, 1137, 2073, 2612, 5043, 5775, 4305, 16742, 5117, 36000, 13996, 1, 1, 624, 1166, 2329, 3603, 5024, 4649, 4296, 3636, 11646, 856, 0, 0
19:46:23, 1037.00, 20.67, 21.40, 16.352, 1425, 3666, 3645, 10098, 13637, 5810, 23458, 6539, 36000, 21494, 1, 1, 609, 1134, 2258, 3470, 4891, 4518, 4183, 3542, 11442, 848, 0, 0
19:46:23, 1035.40, 20.66, 21.38, 16.359, 1324, 3034, 3737, 9691, 13357, 8540, 24498, 8224, 36000, 28752, 1, 1, 611, 1135, 2257, 3451, 4920, 4542, 4199, 3558, 11387, 847, 0, 0
19:46:24, 1034.70, 20.66, 21.42, 16.359, 1638, 4363, 3704, 14248, 13525, 13868, 20104, 13450, 36000, 35459, 1, 1, 611, 1137, 2249, 3444, 4964, 4586, 4247, 3611, 11542, 866, 0, 0
19:46:25, 1036.70, 20.65, 21.40, 16.359, 1506, 3083, 2893, 10656, 6795, 5855, 15583, 5541, 36000, 17802, 1, 1, 628, 1174, 2328, 3580, 5134, 4747, 4408, 3739, 12028, 893, 0, 0
19:46:25, 1033.10, 20.65, 21.37, 16.359, 1427, 2964, 2841, 10861, 8065, 7097, 17277, 6200, 36000, 24611, 1, 1, 645, 1200, 2370, 3624, 5126, 4736, 4401, 3746, 12087, 916, 0, 0
19:46:26, 1035.30, 20.64, 21.38, 16.359, 1348, 3094, 2960, 11035, 9918, 6004, 22376, 6315, 36000, 26380, 1, 1, 637, 1184, 2349, 3593, 5085, 4696, 4358, 3695, 11982, 896, 0, 0
19:46:27, 1037.30, 20.64, 21.38, 16.367, 1719, 4687, 4034, 14943, 13082, 7072, 24366, 7411, 36000, 27561, 1, 1, 617, 1149, 2278, 3495, 4953, 4590, 4259, 3630, 11688, 867, 0, 0
19:46:27, 1036.70, 20.63, 21.37, 16.383, 1526, 3874, 3450, 12259, 12609, 5450, 20753, 6170, 36000, 26232, 1, 1, 620, 1161, 2294, 3526, 4962, 4594, 4259, 3633, 11731, 873, 0, 0
19:46:28, 1038.80, 20.63, 21.40, 16.383, 1089, 1904, 2417, 4443, 4928, 3430, 9441, 4433, 36000, 16520, 1, 1, 634, 1188, 2347, 3611, 5035, 4659, 4325, 3671, 11893, 873, 0, 0
19:46:29, 1038.20, 20.62, 21.44, 16.367, 1247, 2822, 3328, 8120, 10821, 5037, 19234, 6299, 36000, 36000, 1, 1, 607, 1131, 2251, 3456, 4875, 4518, 4190, 3568, 11600, 855, 0, 0
19:46:29, 1039.20, 20.61, 21.40, 16.367, 1217, 2484, 3162, 6731, 9471, 4667, 18094, 5701, 36000, 32894, 1, 1, 622, 1160, 2311, 3547, 4999, 4630, 4295, 3646, 11880, 871, 0, 0
19:46:30, 1036.60, 20.61, 21.40, 16.352, 1180, 2318, 2956, 5886, 7648, 3983, 14508, 4851, 36000, 23661, 1, 1, 653, 1218, 2419, 3729, 5288, 4901, 4551, 3871, 12644, 949, 0, 0
19:46:31, 1035.00, 20.60, 21.40, 16.352, 1089, 1909, 2530, 4424, 6147, 3633, 15231, 4666, 36000, 27651, 1, 1, 666, 1245, 2457, 3775, 5182, 4797, 4457, 3800, 12599, 951, 0, 0
19:46:31, 1037.90, 20.60, 21.38, 16.352, 1482, 4177, 6390, 11177, 12650, 5068, 24723, 6316, 36000, 35994, 1, 1, 628, 1174, 2325, 3571, 4941, 4568, 4243, 3612, 12017, 891, 0, 0
19:46:32, 1036.70, 20.59, 21.44, 16.344, 1531, 4202, 6723, 11704, 19885, 7819, 26081, 11048, 36000, 36000, 1, 1, 595, 1108, 2207, 3390, 4778, 4418, 4099, 3494, 11599, 865, 0, 0
19:46:33, 1036.40, 20.59, 21.40, 16.344, 1502, 4353, 6576, 12377, 15914, 5791, 30360, 7666, 36000, 36000, 1, 1, 614, 1150, 2273, 3496, 4953, 4584, 4257, 3636, 11977, 891, 0, 0
19:46:33, 1034.80, 20.58, 21.44, 16.344, 1289, 3005, 4076, 10710, 13067, 4559, 22233, 6038, 36000, 36000, 1, 1, 644, 1207, 2369, 3632, 5053, 4669, 4341, 3703, 12348, 925, 0, 0
19:46:34, 1036.80, 20.57, 21.42, 16.344, 1153, 2047, 2781, 4522, 11600, 4320, 19537, 5756, 36000, 36000, 1, 1, 644, 1202, 2375, 3645, 5135, 4751, 4413, 3756, 12561, 935, 0, 0
19:46:35, 1038.70, 20.57, 21.40, 16.344, 1137, 1969, 2944, 4099, 8445, 3848, 17251, 5287, 36000, 35988, 1, 1, 639, 1195, 2374, 3663, 5160, 4778, 4439, 3765, 12638, 934, 0, 0
19:46:35, 1038.30, 20.56, 21.40, 16.344, 1336, 2458, 4249, 5308, 12096, 4225, 18943, 6053, 36000, 36000, 1, 1, 633, 1183, 2347, 3610, 5071, 4696, 4367, 3719, 12478, 925, 0, 0
19:46:36, 1040.10, 20.55, 21.42, 16.328, 1327, 2594, 4404, 6094, 12602, 4405, 18149, 6166, 36000, 36000, 1, 1, 609, 1141, 2270, 3511, 4919, 4564, 4234, 3611, 11934, 877, 0, 0
19:46:37, 1037.70, 20.55, 21.38, 16.344, 1400, 3465, 6460, 9082, 17616, 5747, 22093, 7972, 36000, 36000, 1, 1, 607, 1135, 2248, 3450, 4785, 4428, 4116, 3512, 11595, 853, 0, 0
19:46:37, 1036.50, 20.54, 21.44, 16.344, 1510, 5069, 6706, 17320, 17844, 7365, 29790, 9275, 36000, 36000, 1, 1, 608, 1135, 2246, 3442, 4919, 4552, 4226, 3605, 11773, 874, 0, 0
19:46:38, 1037.10, 20.53, 21.42, 16.336, 1281, 2992, 3313, 8234, 12097, 5271, 18350, 5976, 36000, 33477, 1, 1, 629, 1176, 2331, 3586, 5072, 4698, 4363, 3715, 12101, 900, 0, 0
19:46:39, 1037.60, 20.53, 21.44, 16.344, 1079, 2005, 2516, 4795, 5983, 3674, 12546, 4736, 36000, 21460, 1, 1, 646, 1209, 2387, 3672, 5114, 4729, 4396, 3735, 12325, 910, 0, 0
19:46:39, 1038.40, 20.52, 21.40, 16.344, 1099, 1975, 2633, 4616, 6342, 3742, 14146, 4838, 36000, 29650, 1, 1, 636, 1187, 2353, 3610, 5046, 4661, 4332, 3675, 12198, 901, 0, 0
19:46:40, 1037.90, 20.52, 21.44, 16.344, 1160, 2351, 3315, 6284, 11547, 4920, 23507, 6132, 36000, 34548, 1, 1, 613, 1143, 2282, 3512, 4972, 4600, 4269, 3625, 11975, 887, 0, 0
19:46:40, 1038.40, 20.51, 21.45, 16.352, 1321, 2942, 4862, 8323, 16098, 5409, 23380, 7454, 36000, 36000, 1, 1, 596, 1113, 2220, 3415, 4809, 4446, 4124, 3500, 11503, 845, 0, 0
19:46:41, 1036.30, 20.51, 21.42, 16.352, 1492, 4601, 6609, 12500, 13636, 5671, 30832, 7257, 36000, 36000, 1, 1, 596, 1112, 2209, 3395, 4805, 4440, 4115, 3499, 11381, 843, 0, 0
19:46:42, 1036.40, 20.50, 21.42, 16.336, 1307, 3192, 4181, 11169, 10039, 4639, 18264, 5661, 36000, 36000, 1, 1, 611, 1141, 2266, 3480, 4925, 4547, 4217, 3573, 11640, 864, 0, 0
19:46:42, 1034.60, 20.49, 21.40, 16.336, 1248, 2600, 3287, 7571, 12419, 5045, 19882, 5763, 36000, 28242, 1, 1, 625, 1163, 2311, 3544, 5048, 4661, 4320, 3662, 11907, 895, 0, 0
19:46:43, 1037.70, 20.49, 21.45, 16.336, 1204, 2365, 2837, 6070, 8454, 4031, 16440, 4940, 36000, 22447, 1, 1, 632, 1178, 2343, 3612, 5070, 4690, 4348, 3690, 11964, 890, 0, 0
19:46:44, 1037.40, 20.48, 21.42, 16.336, 1222, 2790, 3210, 7749, 7877, 4104, 15437, 5046, 36000, 30608, 1, 1, 623, 1166, 2310, 3565, 4961, 4585, 4260, 3622, 11914, 885, 0, 0
19:46:44, 1038.00, 20.48, 21.42, 16.336, 1200, 2495, 3443, 7508, 10776, 4265, 20022, 5559, 36000, 35456, 1, 1, 616, 1150, 2283, 3502, 4897, 4524, 4196, 3562, 11759, 864, 0, 0
19:46:45, 1037.70, 20.48, 21.45, 16.336, 1204, 2753, 3723, 8686, 14954, 4992, 24559, 6703, 36000, 36000, 1, 1, 574, 1064, 2111, 3263, 4671, 4319, 4013, 3419, 11282, 836, 0, 0
19:46:46, 1036.10, 20.47, 21.40, 16.328, 1348, 3665, 5094, 13348, 12386, 5840, 26534, 7300, 36000, 36000, 1, 1, 589, 1097, 2185, 3362, 4788, 4427, 4108, 3494, 11455, 854, 0, 0
19:46:46, 1036.90, 20.47, 21.38, 16.328, 1302, 3189, 4236, 10481, 10194, 4615, 21307, 5793, 36000, 35775, 1, 1, 623, 1163, 2304, 3537, 4996, 4620, 4285, 3641, 11874, 882, 0, 0
19:46:47, 1035.80, 20.46, 21.42, 16.328, 1213, 2480, 3314, 7746, 7933, 3902, 16984, 5015, 36000, 32188, 1, 1, 625, 1168, 2309, 3554, 5023, 4648, 4314, 3674, 12027, 899, 0, 0
19:46:48, 1035.80, 20.46, 21.45, 16.328, 1138, 2240, 2927, 6123, 8014, 3871, 16430, 4933, 36000, 31276, 1, 1, 635, 1184, 2346, 3599, 5039, 4653, 4323, 3670, 12177, 907, 0, 0
19:46:48, 1036.50, 20.45, 21.44, 16.328, 1255, 2618, 3456, 8302, 9977, 4599, 19849, 5713, 36000, 36000, 1, 1, 618, 1155, 2290, 3521, 4955, 4583, 4248, 3617, 11948, 889, 0, 0
19:46:49, 1035.80, 20.45, 21.42, 16.328, 1269, 3015, 4094, 9218, 11591, 4332, 19389, 5759, 36000, 35744, 1, 1, 615, 1150, 2273, 3498, 4887, 4519, 4191, 3568, 11858, 880, 0, 0
19:46:50, 1036.40, 20.44, 21.47, 16.336, 1446, 4522, 6455, 15692, 13196, 4448, 20552, 6131, 36000, 36000, 1, 1, 618, 1156, 2272, 3487, 4903, 4536, 4216, 3594, 11902, 886, 0, 0
19:46:50, 1037.00, 20.44, 21.42, 16.336, 1290, 2848, 4026, 8491, 10137, 4084, 19247, 5648, 36000, 36000, 1, 1, 614, 1150, 2269, 3486, 4889, 4530, 4201, 3583, 11777, 874, 0, 0
19:46:51, 1037.10, 20.43, 21.45, 16.328, 1239, 2547, 3627, 7082, 12176, 4340, 19556, 5939, 36000, 36000, 1, 1, 625, 1169, 2310, 3552, 5051, 4677, 4346, 3702, 12313, 914, 0, 0
19:46:52, 1039.70, 20.42, 21.44, 16.336, 1109, 1981, 2798, 4200, 6323, 3384, 13450, 4597, 36000, 31715, 1, 1, 638, 1194, 2370, 3662, 5160, 4782, 4440, 3768, 12596, 928, 0, 0
19:46:52, 1039.00, 20.42, 21.45, 16.336, 1232, 2301, 3607, 5133, 12572, 4483, 18118, 6330, 36000, 35993, 1, 1, 637, 1193, 2371, 3667, 5142, 4763, 4417, 3742, 12680, 935, 0, 0
19:46:53, 1037.40, 20.42, 21.40, 16.344, 1596, 2804, 4942, 6123, 14630, 5136, 25280, 7755, 36000, 36000, 1, 1, 626, 1170, 2329, 3591, 5007, 4639, 4297, 3643, 12383, 913, 0, 0
19:46:54, 1034.60, 20.41, 21.45, 16.344, 2013, 3942, 7249, 8882, 16866, 4779, 25401, 7563, 36000, 36000, 1, 1, 621, 1159, 2290, 3515, 4890, 4531, 4206, 3601, 12171, 920, 0, 0
19:46:54, 1039.80, 20.41, 21.45, 16.344, 2006, 3543, 6964, 8078, 11574, 4116, 19328, 6131, 36000, 36000, 1, 1, 633, 1185, 2345, 3623, 5036, 4676, 4340, 3698, 12499, 925, 0, 0
19:46:55, 1043.70, 20.40, 21.40, 16.344, 1964, 3416, 6902, 7459, 11803, 4425, 17478, 6620, 36000, 33664, 1, 1, 625, 1171, 2332, 3619, 5030, 4679, 4338, 3683, 12443, 904, 0, 0
19:46:56, 1048.50, 20.40, 21.42, 16.344, 1897, 3304, 7144, 7269, 9968, 4251, 15730, 6381, 36000, 35188, 1, 1, 633, 1185, 2376, 3723, 5252, 4912, 4542, 3862, 13041, 943, 0, 0
19:46:56, 1054.20, 20.39, 21.47, 16.344, 1478, 2151, 5043, 4004, 8450, 4472, 12180, 6425, 36000, 26104, 1, 1, 610, 1140, 2307, 3643, 5166, 4849, 4478, 3799, 12821, 917, 0, 0
19:46:57, 1056.60, 20.38, 21.47, 16.344, 2145, 2541, 5791, 4542, 10183, 4772, 11494, 6994, 36000, 25684, 1, 1, 598, 1116, 2267, 3597, 5099, 4802, 4430, 3762, 12655, 903, 0, 0
19:46:58, 1059.10, 20.38, 21.44, 16.312, 2471, 2826, 6648, 4908, 11845, 5876, 13728, 8928, 36000, 26016, 1, 1, 587, 1096, 2230, 3546, 4993, 4705, 4348, 3694, 12470, 890, 0, 0
19:46:58, 1062.40, 20.37, 21.44, 16.312, 2874, 2557, 6447, 4291, 9214, 5615, 9925, 7834, 36000, 18377, 1, 1, 570, 1063, 2174, 3453, 4907, 4627, 4282, 3647, 12216, 868, 0, 0
19:46:59, 1066.70, 20.36, 21.47, 16.305, 2204, 2344, 5993, 4179, 8319, 5024, 9175, 6999, 36000, 17068, 1, 1, 564, 1052, 2157, 3442, 4856, 4590, 4247, 3621, 11984, 851, 0, 0
19:47:00, 1068.60, 20.35, 21.47, 16.305, 2172, 2839, 6232, 5369, 12258, 6626, 14180, 10122, 36000, 16597, 1, 1, 543, 1011, 2088, 3344, 4791, 4529, 4201, 3574, 11754, 834, 0, 0
19:47:00, 1076.20, 20.34, 21.45, 16.305, 1263, 1868, 3745, 3709, 6330, 4095, 7661, 5435, 36000, 11650, 1, 1, 551, 1025, 2129, 3448, 4785, 4546, 4228, 3590, 11647, 827, 0, 0
19:47:01, 1079.10, 20.34, 21.44, 16.297, 1291, 1978, 4138, 4084, 7551, 4598, 9720, 6132, 36000, 12977, 1, 1, 542, 1003, 2090, 3399, 4865, 4642, 4315, 3672, 11829, 841, 0, 0
19:47:02, 1083.30, 20.33, 21.45, 16.297, 1589, 2284, 5226, 4882, 7177, 4755, 8667, 6173, 36000, 9078, 1, 1, 520, 959, 2011, 3297, 4813, 4613, 4286, 3664, 11676, 834, 0, 0
19:47:02, 1089.00, 20.32, 21.45, 16.289, 1458, 2032, 4308, 4159, 7871, 5186, 8183, 6682, 36000, 9094, 1, 1, 507, 931, 1962, 3235, 4702, 4526, 4220, 3614, 11378, 815, 0, 0
19:47:03, 1092.10, 20.31, 21.49, 16.297, 1564, 2141, 4815, 4453, 9034, 5841, 10149, 7927, 36000, 9858, 1, 1, 490, 897, 1901, 3153, 4574, 4415, 4131, 3534, 11023, 794, 0, 0
19:47:04, 1094.40, 20.30, 21.45, 16.297, 1669, 2191, 4946, 4532, 7161, 5184, 7717, 6624, 36000, 6944, 1, 1, 476, 870, 1848, 3080, 4525, 4374, 4105, 3521, 10901, 787, 0, 0
19:47:04, 1097.90, 20.29, 21.44, 16.281, 1648, 2253, 5003, 4787, 7909, 5355, 8695, 6908, 36000, 7497, 1, 1, 474, 864, 1838, 3066, 4437, 4294, 4052, 3485, 10707, 775, 0, 0
19:47:05, 1100.10, 20.29, 21.44, 16.289, 1519, 2316, 4951, 5257, 9257, 5882, 11162, 7969, 36000, 8464, 1, 1, 466, 848, 1809, 3021, 4433, 4297, 4071, 3515, 10607, 768, 0, 0
19:47:06, 1102.70, 20.28, 21.44, 16.289, 1242, 2148, 4408, 5075, 7305, 4573, 9396, 5862, 36000, 6098, 1, 1, 453, 820, 1759, 2947, 4337, 4209, 3983, 3450, 10353, 752, 0, 0
19:47:06, 1105.40, 20.27, 21.47, 16.281, 1033, 1948, 3663, 4881, 7505, 5265, 9846, 6414, 36000, 5669, 1, 1, 451, 814, 1750, 2940, 4386, 4266, 4052, 3510, 10393, 756, 0, 0
19:47:07, 1107.60, 20.26, 21.42, 16.289, 938, 1814, 3315, 4631, 6535, 4725, 8781, 5596, 36000, 4839, 1, 1, 443, 797, 1712, 2886, 4336, 4229, 4023, 3492, 10231, 748, 0, 0
19:47:08, 1109.80, 20.25, 21.44, 16.289, 951, 1895, 3446, 4981, 7302, 5049, 9963, 5998, 36000, 5358, 1, 1, 438, 786, 1689, 2862, 4315, 4211, 4004, 3483, 10134, 744, 0, 0
19:47:08, 1112.40, 20.24, 21.44, 16.281, 920, 1853, 3352, 4899, 6852, 4871, 8994, 5668, 36000, 4575, 1, 1, 432, 771, 1664, 2825, 4238, 4156, 3955, 3451, 9991, 736, 0, 0
19:47:09, 1114.20, 20.24, 21.45, 16.281, 818, 1633, 2963, 4301, 6327, 4617, 8395, 5341, 35860, 4270, 0, 1, 423, 750, 1621, 2756, 4165, 4094, 3896, 3416, 9752, 722, 0, 0
19:47:10, 1118.60, 20.23, 21.47, 16.281, 806, 1611, 2925, 4255, 5555, 4269, 7303, 4851, 32880, 3630, 0, 1, 417, 737, 1593, 2722, 4103, 4039, 3872, 3414, 9532, 712, 0, 0
19:47:10, 1122.70, 20.22, 21.44, 16.258, 823, 1684, 3070, 4537, 6507, 4625, 8622, 5308, 35944, 4270, 0, 1, 406, 713, 1544, 2648, 3989, 3933, 3793, 3362, 9309, 698, 0, 0
19:47:11, 1126.70, 20.22, 21.44, 16.250, 859, 1779, 3327, 5017, 5449, 4336, 6869, 4765, 29121, 2983, 0, 0, 396, 688, 1492, 2574, 3939, 3892, 3768, 3352, 9270, 696, 0, 0
19:47:12, 1130.60, 20.21, 21.44, 16.250, 721, 1446, 2629, 3900, 6427, 4751, 9053, 5308, 35507, 4150, 0, 1, 397, 683, 1484, 2564, 3855, 3824, 3720, 3326, 9125, 689, 0, 0
19:47:12, 1132.80, 20.20, 21.44, 16.234, 716, 1496, 2721, 4337, 5499, 4346, 7292, 4664, 29604, 2817, 0, 0, 386, 656, 1424, 2482, 3819, 3809, 3725, 3341, 8979, 680, 0, 0
19:47:13, 1135.60, 20.20, 21.45, 16.219, 625, 1299, 2324, 3694, 4917, 4165, 6491, 4355, 25093, 2263, 0, 0, 378, 640, 1387, 2421, 3807, 3833, 3773, 3381, 8991, 680, 0, 0
19:47:14, 1139.60, 20.19, 21.45, 16.219, 617, 1308, 2325, 3887, 4430, 3834, 5787, 3942, 21163, 1864, 0, 0, 359, 601, 1301, 2290, 3608, 3670, 3631, 3247, 8541, 653, 0, 0
19:47:14, 1143.40, 20.18, 21.45, 16.203, 585, 1218, 2181, 3568, 5297, 4560, 7176, 4684, 25548, 2251, 0, 0, 353, 590, 1273, 2247, 3557, 3641, 3641, 3250, 8635, 660, 0, 0
19:47:15, 1148.10, 20.18, 21.45, 16.203, 580, 1218, 2192, 3668, 4488, 3996, 5725, 4027, 20362, 1730, 0, 0, 336, 554, 1201, 2116, 3301, 3419, 3444, 3094, 8106, 629, 0, 0
19:47:16, 1150.20, 20.17, 21.47, 16.203, 637, 1349, 2458, 4170, 5257, 4587, 6850, 4664, 24279, 2129, 0, 0, 312, 510, 1099, 1956, 3082, 3201, 3188, 2892, 7368, 580, 0, 0
19:47:16, 1154.30, 20.16, 21.45, 16.203, 577, 1201, 2210, 3609, 4333, 3857, 5375, 3871, 19473, 1650, 0, 0, 285, 458, 983, 1778, 2869, 3001, 2977, 2723, 6771, 532, 0, 0
19:47:17, 1158.20, 20.15, 21.44, 16.203, 546, 1140, 2127, 3490, 4276, 3772, 5355, 3731, 19451, 1661, 0, 0, 238, 371, 802, 1464, 2352, 2468, 2450, 2236, 5648, 445, 0, 0
19:47:18, 1161.70, 20.15, 21.45, 16.180, 520, 1074, 2026, 3280, 5074, 4339, 6659, 4314, 23114, 2054, 0, 0, 99, 135, 286, 582, 870, 925, 922, 819, 2034, 177, 0, 0
19:47:18, 1164.30, 20.14, 21.44, 16.172, 518, 1076, 2035, 3355, 4586, 4074, 5678, 3993, 20150, 1708, 0, 0, 63, 89, 187, 371, 462, 527, 532, 500, 1321, 129, 0, 0
19:47:19, 1164.30, 20.13, 21.45, 16.172, 339, 673, 1271, 2062, 2359, 2180, 2781, 2063, 10057, 799, 0, 0, 74, 108, 218, 434, 1035, 1113, 1185, 1091, 2867, 267, 0, 0
19:47:20, 1163.80, 20.12, 21.44, 16.141, 98, 177, 344, 554, 758, 718, 802, 630, 2782, 218, 0, 0, 233, 366, 769, 1384, 2311, 2474, 2612, 2435, 6223, 527, 0, 0
19:47:20, 1163.10, 20.11, 21.45, 16.156, 102, 191, 372, 586, 780, 740, 817, 645, 2862, 222, 0, 0, 248, 393, 834, 1475, 2495, 2668, 2821, 2647, 6717, 561, 0, 0
19:47:21, 1162.50, 20.10, 21.44, 16.156, 102, 192, 373, 586, 783, 738, 813, 645, 2858, 221, 0, 0, 231, 364, 772, 1378, 2480, 2668, 2863, 2660, 6693, 555, 0, 0
19:47:22, 1162.80, 20.09, 21.47, 16.148, 109, 204, 397, 622, 807, 757, 835, 665, 2956, 230, 0, 0, 236, 367, 776, 1393, 2437, 2625, 2796, 2591, 6563, 559, 0, 0
19:47:22, 1164.70, 20.07, 21.47, 16.156, 111, 207, 404, 633, 831, 780, 860, 685, 3063, 238, 0, 0, 253, 399, 850, 1504, 2482, 2650, 2814, 2620, 6802, 565, 0, 0
19:47:23, 1165.10, 20.05, 21.45, 16.156, 170, 320, 632, 967, 1265, 1179, 1279, 1033, 4744, 370, 0, 0, 301, 481, 1024, 1807, 2968, 3182, 3329, 3180, 8310, 680, 0, 0
19:47:24, 1163.80, 20.04, 21.47, 16.125, 161, 299, 594, 918, 1201, 1115, 1199, 970, 4481, 348, 0, 0, 304, 482, 1012, 1809, 2714, 2893, 3020, 2849, 7600, 639, 0, 0
19:47:24, 1164.40, 20.03, 21.44, 16.125, 162, 309, 610, 914, 1191, 1098, 1179, 956, 4553, 354, 0, 0, 295, 464, 979, 1742, 2529, 2695, 2779, 2599, 6988, 590, 0, 0
19:47:25, 1165.50, 20.01, 21.45, 16.125, 176, 329, 653, 1002, 1338, 1247, 1339, 1086, 5035, 396, 0, 0, 269, 431, 911, 1612, 2416, 2564, 2704, 2550, 6786, 560, 0, 0
19:47:26, 1166.30, 20.00, 21.47, 16.125, 363, 690, 1366, 1987, 3130, 2741, 3291, 2625, 14452, 1299, 0, 0, 179, 280, 599, 1056, 2161, 2305, 2482, 2320, 6503, 527, 0, 0
19:47:26, 1164.30, 19.98, 21.44, 16.125, 280, 517, 1040, 1542, 1963, 1812, 2000, 1625, 7729, 632, 0, 0, 268, 434, 912, 1622, 2573, 2754, 2895, 2734, 7313, 608, 0, 0
19:47:27, 1164.60, 19.97, 21.45, 16.125, 179, 331, 655, 1017, 1380, 1288, 1400, 1122, 5030, 388, 0, 0, 264, 428, 896, 1593, 2483, 2617, 2743, 2565, 6872, 578, 0, 0
19:47:28, 1165.10, 19.96, 21.47, 16.125, 190, 354, 702, 1088, 1509, 1419, 1548, 1247, 5494, 430, 0, 0, 275, 446, 947, 1662, 2849, 3039, 3232, 3061, 7961, 648, 0, 0
19:47:28, 1164.20, 19.95, 21.47, 16.133, 187, 343, 685, 1073, 1392, 1302, 1411, 1129, 5040, 391, 0, 0, 298, 480, 1018, 1792, 2610, 2776, 2904, 2745, 7369, 616, 0, 0
19:47:29, 1163.90, 19.93, 21.45, 16.133, 182, 346, 680, 1039, 1337, 1240, 1340, 1078, 4932, 380, 0, 0, 268, 431, 904, 1599, 2213, 2350, 2487, 2335, 6226, 528, 0, 0
19:47:30, 1164.60, 19.92, 21.47, 16.117, 215, 411, 793, 1229, 1631, 1497, 1806, 1386, 6673, 536, 0, 0, 42, 59, 126, 238, 208, 217, 224, 186, 469, 44, 0, 0
19:47:30, 1164.80, 19.91, 21.47, 16.117, 437, 891, 1721, 2745, 4237, 3569, 5146, 3566, 21049, 1941, 0, 0, 19, 24, 52, 101, 199, 219, 222, 199, 624, 63, 0, 0
19:47:31, 1163.20, 19.90, 21.47, 16.109, 429, 833, 1651, 2458, 3332, 2847, 3818, 2812, 16701, 1520, 0, 0, 26, 33, 72, 138, 182, 197, 196, 171, 487, 46, 0, 0
19:47:32, 1159.90, 19.89, 21.47, 16.102, 537, 1090, 2145, 3299, 4713, 4073, 5470, 4122, 22233, 2010, 0, 0, 178, 267, 575, 1076, 2175, 2284, 2373, 2150, 5811, 467, 0, 0
19:47:32, 1158.70, 19.88, 21.47, 16.102, 523, 1049, 2061, 3108, 5253, 4282, 6439, 4453, 26676, 2574, 0, 0, 247, 393, 848, 1537, 2475, 2583, 2657, 2404, 6379, 504, 0, 0
19:47:33, 1155.00, 19.87, 21.47, 16.094, 565, 1127, 2231, 3343, 5003, 4203, 5950, 4379, 24335, 2271, 0, 0, 244, 387, 847, 1508, 2637, 2749, 2829, 2561, 6824, 525, 0, 0
19:47:34, 1150.70, 19.86, 21.47, 16.086, 610, 1220, 2405, 3598, 4952, 4065, 5973, 4254, 24959, 2412, 0, 0, 327, 534, 1168, 2041, 3188, 3298, 3330, 2996, 7792, 595, 0, 0
19:47:34, 1150.70, 19.85, 21.42, 16.086, 615, 1246, 2422, 3638, 5067, 4010, 6249, 4241, 26138, 2602, 0, 0, 327, 536, 1178, 2048, 3245, 3334, 3355, 3016, 7927, 598, 0, 0
19:47:35, 1150.40, 19.84, 21.47, 16.094, 613, 1238, 2428, 3634, 4653, 3873, 5517, 4036, 22931, 2178, 0, 0, 304, 499, 1095, 1896, 3083, 3177, 3194, 2882, 7440, 561, 0, 0
19:47:36, 1148.90, 19.83, 21.45, 16.094, 611, 1213, 2349, 3453, 4906, 4197, 5751, 4388, 24063, 2192, 0, 0, 331, 542, 1192, 2060, 3383, 3489, 3506, 3161, 8253, 617, 0, 0
19:47:36, 1149.80, 19.82, 21.44, 16.094, 649, 1271, 2515, 3646, 4727, 3932, 5500, 4116, 24377, 2309, 0, 0, 334, 546, 1194, 2095, 3327, 3425, 3425, 3082, 8045, 609, 0, 0
19:47:37, 1150.50, 19.81, 21.44, 16.078, 634, 1232, 2445, 3506, 5164, 4155, 6091, 4465, 27993, 2748, 0, 0, 333, 546, 1183, 2075, 3342, 3466, 3508, 3188, 8335, 629, 0, 0
19:47:38, 1148.50, 19.80, 21.45, 16.086, 748, 1492, 2938, 4309, 5413, 4204, 6413, 4567, 29028, 2902, 0, 0, 350, 575, 1252, 2190, 3404, 3499, 3516, 3176, 8318, 634, 0, 0
19:47:38, 1150.60, 19.79, 21.45, 16.086, 605, 1162, 2304, 3301, 4591, 3746, 5347, 3948, 24084, 2338, 0, 0, 327, 534, 1159, 2046, 3137, 3231, 3237, 2909, 7667, 589, 0, 0
19:47:39, 1148.90, 19.78, 21.45, 16.078, 724, 1381, 2843, 3997, 5059, 4132, 5765, 4431, 26607, 2552, 0, 0, 320, 522, 1133, 1981, 3183, 3273, 3275, 2948, 7704, 585, 0, 0
19:47:40, 1144.70, 19.77, 21.49, 16.086, 701, 1353, 2671, 3802, 5588, 4433, 6623, 4834, 30325, 2949, 0, 0, 362, 598, 1303, 2281, 3605, 3689, 3676, 3306, 8772, 663, 0, 0
19:47:40, 1145.50, 19.77, 21.45, 16.086, 727, 1413, 2808, 4004, 5162, 4105, 6074, 4476, 27599, 2723, 0, 0, 341, 562, 1225, 2130, 3311, 3395, 3369, 3025, 7993, 609, 0, 0
19:47:41, 1139.10, 19.76, 21.44, 16.078, 739, 1452, 2818, 4057, 6073, 5011, 7150, 5470, 31425, 2974, 0, 0, 359, 600, 1309, 2284, 3673, 3721, 3666, 3260, 8823, 667, 0, 0
19:47:42, 1139.10, 19.75, 21.44, 16.086, 785, 1531, 3011, 4248, 5642, 4231, 6734, 4751, 31653, 3302, 0, 0, 378, 636, 1390, 2413, 3666, 3705, 3655, 3258, 8839, 670, 0, 0
19:47:42, 1135.20, 19.74, 21.47, 16.086, 741, 1442, 2828, 4002, 6090, 4888, 7140, 5428, 31490, 2995, 0, 0, 371, 627, 1366, 2372, 3786, 3829, 3767, 3359, 9090, 683, 0, 0
19:47:43, 1132.20, 19.74, 21.45, 16.109, 762, 1515, 2893, 4163, 5823, 4513, 7250, 5042, 33031, 3365, 0, 1, 384, 659, 1432, 2495, 3846, 3843, 3745, 3319, 9132, 690, 0, 0
19:47:44, 1129.80, 19.73, 21.47, 16.133, 765, 1486, 2862, 4028, 6653, 4922, 8607, 5663, 35769, 3917, 0, 1, 381, 653, 1419, 2454, 3818, 3816, 3713, 3306, 9117, 686, 0, 0
19:47:44, 1124.40, 19.72, 21.42, 16.133, 765, 1517, 2859, 4097, 6055, 4607, 7723, 5216, 34886, 3635, 0, 1, 408, 709, 1538, 2650, 4056, 4025, 3886, 3443, 9631, 722, 0, 0
19:47:45, 1125.90, 19.71, 21.47, 16.141, 758, 1487, 2832, 3994, 5927, 4514, 7540, 5160, 33525, 3491, 0, 1, 390, 677, 1472, 2522, 3905, 3889, 3761, 3336, 9295, 695, 0, 0
19:47:46, 1117.40, 19.71, 21.45, 16.133, 842, 1739, 3239, 4821, 6799, 5225, 8678, 5987, 35785, 3895, 0, 1, 399, 701, 1523, 2604, 4029, 3970, 3790, 3326, 9509, 706, 0, 0
19:47:46, 1116.00, 19.70, 21.44, 16.133, 839, 1711, 3140, 4650, 6377, 4661, 8391, 5328, 35498, 3949, 0, 1, 406, 715, 1560, 2656, 4018, 3965, 3783, 3303, 9501, 700, 0, 0
19:47:47, 1110.90, 19.69, 21.42, 16.133, 800, 1726, 3035, 4746, 5941, 4551, 7991, 5134, 32271, 3229, 0, 0, 410, 728, 1581, 2681, 4129, 4049, 3869, 3361, 9744, 712, 0, 0
19:47:48, 1105.80, 19.69, 21.47, 16.133, 970, 2237, 3760, 6403, 7784, 6111, 11518, 6884, 36000, 4203, 1, 1, 420, 752, 1631, 2751, 4195, 4085, 3881, 3341, 9762, 708, 0, 0
19:47:48, 1100.80, 19.68, 21.45, 16.133, 875, 1987, 3209, 5775, 7234, 5772, 9987, 6257, 34910, 3635, 0, 1, 416, 748, 1618, 2718, 4138, 4023, 3814, 3278, 9553, 688, 0, 0
19:47:49, 1094.30, 19.68, 21.45, 16.148, 775, 1643, 2586, 4475, 6693, 4970, 9744, 5396, 35781, 3423, 0, 1, 425, 772, 1660, 2773, 4171, 4017, 3778, 3227, 9489, 679, 0, 0
19:47:50, 1090.20, 19.68, 21.44, 16.148, 820, 1701, 2641, 4515, 9009, 6375, 14967, 6920, 36000, 5114, 1, 1, 443, 807, 1734, 2865, 4244, 4062, 3806, 3234, 9745, 700, 0, 0
19:47:50, 1080.50, 19.67, 21.45, 16.164, 969, 2155, 3028, 6133, 6436, 5187, 11006, 5625, 35110, 3780, 0, 1, 461, 848, 1800, 2943, 4341, 4120, 3841, 3246, 9947, 706, 0, 0
19:47:51, 1077.00, 19.66, 21.45, 16.195, 1147, 2522, 3342, 7649, 6816, 6461, 11601, 6555, 36000, 4428, 1, 1, 465, 858, 1816, 2958, 4310, 4076, 3789, 3191, 9782, 694, 0, 0
19:47:52, 1070.80, 19.66, 21.45, 16.195, 1253, 2570, 3368, 7001, 7520, 7520, 11986, 7363, 36000, 4536, 1, 1, 472, 874, 1837, 2974, 4356, 4104, 3810, 3208, 9800, 695, 0, 0
19:47:52, 1067.80, 19.66, 21.42, 16.211, 1490, 3032, 3675, 8762, 6554, 6441, 11360, 6346, 36000, 4691, 1, 1, 486, 904, 1890, 3044, 4394, 4128, 3827, 3216, 9791, 691, 0, 0
19:47:53, 1059.40, 19.66, 21.45, 16.234, 1277, 2502, 3137, 7250, 7790, 7791, 13034, 7234, 36000, 6248, 1, 1, 493, 917, 1905, 3036, 4401, 4114, 3810, 3203, 9887, 696, 0, 0
19:47:53, 1056.50, 19.65, 21.42, 16.234, 1218, 2474, 2959, 7421, 7803, 7548, 14570, 6952, 36000, 8121, 1, 1, 515, 961, 1978, 3127, 4498, 4200, 3882, 3264, 10068, 710, 0, 0
19:47:54, 1049.20, 19.65, 21.49, 16.242, 1228, 2417, 2859, 7960, 6566, 6707, 13731, 6238, 36000, 7291, 1, 1, 533, 993, 2028, 3184, 4523, 4213, 3892, 3279, 10096, 719, 0, 0
19:47:55, 1044.80, 19.65, 21.45, 16.273, 1372, 2865, 3059, 8995, 5844, 7582, 14522, 5895, 36000, 6206, 1, 1, 550, 1022, 2086, 3266, 4643, 4301, 3972, 3337, 10265, 739, 0, 0
19:47:55, 1038.10, 19.65, 21.45, 16.273, 1812, 3297, 3265, 10543, 6725, 10869, 15828, 7147, 36000, 6422, 1, 1, 577, 1078, 2160, 3347, 4697, 4345, 4017, 3396, 10439, 760, 0, 0
19:47:56, 1031.70, 19.64, 21.45, 16.281, 3276, 3667, 3373, 11701, 6310, 14742, 20296, 7747, 36000, 7017, 1, 1, 581, 1078, 2140, 3285, 4574, 4235, 3918, 3330, 10086, 791, 0, 0
19:47:57, 1021.90, 19.63, 21.44, 16.305, 1711, 2253, 2501, 8145, 4646, 9612, 17438, 5787, 36000, 5751, 1, 1, 590, 1091, 2162, 3308, 4611, 4298, 4012, 3490, 10584, 1162, 0, 0
19:47:57, 1023.50, 19.62, 21.44, 16.305, 4400, 3946, 3760, 15786, 4467, 11904, 8636, 7226, 25542, 11195, 0, 0, 1407, 2283, 3831, 4866, 25827, 23135, 28461, 27971, 36000, 32260, 1, 1
19:47:58, 1023.80, 19.63, 21.44, 16.328, 2343, 1948, 2685, 3564, 3262, 5027, 4031, 4738, 14548, 7077, 0, 0, 4060, 5761, 10849, 10484, 7470, 7512, 8416, 9405, 28831, 13893, 0, 0
19:47:59, 1023.60, 19.61, 21.47, 16.320, 7417, 13463, 15364, 24234, 18690, 23248, 31514, 32502, 36000, 27543, 1, 1, 4383, 7070, 9857, 12328, 16255, 16895, 20528, 24054, 36000, 36000, 1, 1
19:47:59, 1023.40, 19.61, 21.49, 16.320, 1306, 1577, 2083, 2509, 1950, 2181, 2530, 3011, 10216, 4650, 0, 0, 5058, 7461, 11183, 12734, 17295, 18106, 21715, 25346, 36000, 36000, 1, 1
19:48:00, 1023.80, 19.63, 21.51, 16.266, 2517, 5700, 4454, 15967, 12303, 7637, 19094, 9813, 36000, 35578, 1, 1, 4481, 7326, 9860, 12057, 13698, 14594, 16896, 20379, 36000, 36000, 1, 1
19:48:01, 1024.30, 19.63, 21.49, 16.195, 5389, 5225, 11385, 6955, 15867, 8345, 15899, 11800, 36000, 36000, 1, 1, 3835, 6113, 8929, 11042, 16569, 17105, 22179, 23685, 36000, 33434, 1, 1
