Secchi Depth (cm) = 0082
Forel Ule Scale = 11
pH Colour Scale = 99
SensingSecchi S/N = A016
Latitude (degs N) = 34.13997
Longitude (degs E) = -77.86203
Date = 2026-04-23
Time (UTC), Pressure (mbar) MS5803, Temp (deg C) MS5803, Temp (deg C) 10KTHERM, Temp (deg C) TMP117, ED 415nm, ED 445nm, ED 480nm, ED 515nm, ED 555nm, ED 590nm, ED 630nm, ED 680nm, ED Clear, ED NIR, ED D-SAT, ED A-SAT, EU 415nm, EU 445nm, EU 480nm, EU 515nm, EU 555nm, EU 590nm, EU 630nm, EU 680nm, EU Clear, EU NIR, EU D-SAT, EU A-SAT
19:17:31, 1009.40, 23.59, 22.46, 29.250, 635, 929, 1256, 1517, 1730, 1866, 2117, 2440, 8011, 3629, 0, 0, 18654, 30590, 36000, 36000, 34806, 35381, 36000, 36000, 36000, 36000, 1, 1
19:17:31, 1009.70, 23.63, 22.48, 29.250, 1248, 1673, 2376, 2637, 3791, 3899, 4211, 4926, 31245, 16517, 0, 0, 3976, 6069, 8871, 11266, 15207, 16235, 19563, 22470, 36000, 27258, 1, 1
19:17:32, 1009.80, 23.64, 22.51, 29.055, 3796, 5061, 8664, 7809, 12896, 8281, 16922, 12773, 36000, 36000, 1, 1, 5293, 7983, 11190, 13896, 16796, 18979, 21932, 28148, 36000, 36000, 1, 1
19:17:33, 1009.80, 23.65, 22.46, 28.891, 3601, 5640, 8820, 9797, 4734, 4345, 5170, 6025, 36000, 31341, 1, 1, 2753, 4834, 6656, 9350, 12288, 11820, 15093, 17309, 33705, 20937, 0, 1
19:17:33, 1009.70, 23.65, 22.48, 28.891, 8691, 14622, 20419, 24579, 14663, 10283, 20829, 15951, 36000, 36000, 1, 1, 2038, 3411, 4836, 6366, 9187, 8785, 9887, 11004, 32902, 9008, 0, 1
19:17:34, 1009.70, 23.66, 22.49, 28.742, 3013, 5749, 6938, 11642, 12415, 10047, 19490, 13435, 36000, 36000, 1, 1, 2079, 4046, 5580, 7733, 11615, 11507, 12687, 15163, 35329, 14883, 0, 1
19:17:35, 1010.00, 23.67, 22.46, 28.531, 4540, 7281, 11137, 12377, 17612, 14221, 22249, 23156, 36000, 36000, 1, 1, 1940, 3847, 5328, 7643, 10306, 10405, 13216, 13143, 34736, 14801, 0, 1
19:17:35, 1011.10, 23.69, 22.51, 28.531, 7478, 10149, 14191, 16273, 27950, 29519, 30405, 34571, 36000, 36000, 1, 1, 886, 1503, 2831, 4408, 7138, 7203, 7330, 6985, 20226, 2011, 0, 0
19:17:36, 1014.30, 23.54, 22.49, 26.961, 6408, 9452, 11745, 15772, 16136, 20068, 22261, 27590, 36000, 22219, 1, 1, 875, 1508, 2904, 4593, 6836, 6890, 6992, 6520, 17321, 1610, 0, 0
19:17:37, 1015.00, 23.38, 22.51, 23.727, 2863, 4000, 4532, 9340, 19218, 21592, 25176, 31887, 22858, 8643, 0, 0, 863, 1492, 2904, 4631, 6832, 6887, 6978, 6486, 16629, 1520, 0, 0
19:17:37, 1017.30, 23.26, 22.51, 23.727, 4885, 8318, 11612, 14025, 17087, 6594, 20594, 11830, 12576, 4806, 0, 0, 827, 1426, 2800, 4487, 6489, 6544, 6616, 6115, 15191, 1338, 0, 0
19:17:38, 1020.20, 23.18, 22.51, 22.445, 5370, 10227, 12089, 16217, 13203, 15675, 16473, 19971, 13723, 3450, 0, 0, 682, 1168, 2323, 3787, 5598, 5625, 5630, 5174, 12573, 1124, 0, 0
19:17:39, 1025.00, 23.11, 22.51, 21.750, 3780, 6943, 7632, 10057, 5743, 6010, 6745, 7827, 14180, 2604, 0, 0, 564, 954, 1918, 3202, 4894, 4898, 4862, 4442, 10784, 947, 0, 0
19:17:39, 1024.10, 23.04, 22.49, 21.750, 5258, 11404, 11757, 20077, 10045, 9905, 13213, 14142, 18569, 2920, 0, 0, 568, 963, 1942, 3238, 4933, 4925, 4892, 4489, 11184, 985, 0, 0
19:17:40, 1022.00, 22.99, 22.53, 21.437, 5163, 9910, 11595, 13650, 22015, 20668, 27317, 30814, 23252, 4304, 0, 0, 637, 1090, 2175, 3571, 5512, 5507, 5509, 5085, 13117, 1143, 0, 0
19:17:41, 1021.40, 22.96, 22.49, 21.437, 5688, 7254, 11645, 13293, 15014, 17590, 15512, 23563, 23969, 4418, 0, 0, 702, 1207, 2403, 3922, 5947, 5946, 5973, 5513, 14434, 1253, 0, 0
19:17:41, 1016.00, 22.93, 22.51, 21.320, 6688, 6289, 12459, 15791, 8479, 20053, 11797, 19126, 22336, 5049, 0, 0, 770, 1331, 2600, 4172, 6165, 6150, 6218, 5780, 15379, 1383, 0, 0
19:17:42, 1018.20, 22.90, 22.53, 21.242, 6592, 8766, 11752, 18942, 9399, 20435, 24303, 24971, 35516, 7827, 0, 1, 820, 1418, 2751, 4381, 6331, 6309, 6381, 5933, 16509, 1507, 0, 0
19:17:43, 1021.50, 22.88, 22.49, 21.242, 5999, 7182, 9190, 14985, 7058, 12106, 14027, 12590, 35947, 5505, 0, 1, 746, 1285, 2555, 4147, 6262, 6251, 6302, 5815, 16098, 1416, 0, 0
19:17:43, 1019.60, 22.86, 22.53, 21.203, 5537, 7039, 8763, 14098, 11736, 15992, 19372, 20967, 36000, 9994, 1, 1, 754, 1304, 2564, 4141, 6111, 6093, 6152, 5696, 15735, 1401, 0, 0
19:17:44, 1022.10, 22.84, 22.49, 21.180, 6422, 7505, 10405, 14607, 13684, 16860, 20817, 22292, 36000, 10807, 1, 1, 722, 1246, 2450, 3957, 5746, 5732, 5782, 5343, 14507, 1276, 0, 0
19:17:45, 1022.40, 22.83, 22.51, 21.180, 5284, 6843, 9440, 14587, 15704, 18830, 23708, 23639, 36000, 6834, 1, 1, 699, 1208, 2386, 3872, 5722, 5710, 5756, 5325, 14339, 1257, 0, 0
19:17:45, 1021.40, 22.81, 22.53, 21.164, 5464, 4772, 8837, 14147, 10583, 17785, 18911, 23934, 29157, 4917, 0, 0, 696, 1198, 2374, 3858, 5737, 5724, 5761, 5327, 14152, 1248, 0, 0
19:17:46, 1022.50, 22.81, 22.55, 21.164, 4452, 5986, 8481, 12974, 8998, 16959, 18358, 20230, 29417, 4795, 0, 0, 700, 1204, 2398, 3912, 5837, 5829, 5863, 5408, 14246, 1236, 0, 0
19:17:47, 1022.50, 22.80, 22.51, 21.164, 5186, 6541, 10028, 14565, 12574, 18878, 23272, 24653, 34597, 5657, 0, 1, 722, 1243, 2470, 4023, 5986, 5983, 6009, 5551, 14606, 1273, 0, 0
19:17:47, 1023.00, 22.80, 22.55, 21.156, 5753, 8570, 10230, 16133, 10750, 18843, 19854, 24683, 29335, 4832, 0, 0, 730, 1256, 2496, 4062, 5949, 5943, 5970, 5503, 14406, 1240, 0, 0
19:17:48, 1023.10, 22.80, 22.55, 21.148, 5546, 6941, 10585, 14815, 10300, 19018, 20007, 24409, 30561, 4854, 0, 0, 720, 1239, 2466, 4019, 5855, 5849, 5870, 5419, 14139, 1223, 0, 0
19:17:49, 1023.80, 22.80, 22.56, 21.148, 5378, 7171, 11265, 14046, 15209, 21861, 16824, 25501, 23993, 4459, 0, 0, 696, 1196, 2386, 3904, 5694, 5693, 5705, 5257, 13610, 1172, 0, 0
19:17:49, 1024.30, 22.80, 22.53, 21.156, 5236, 6811, 10563, 12138, 14017, 19364, 14356, 26104, 20853, 4020, 0, 0, 673, 1154, 2306, 3775, 5605, 5604, 5615, 5176, 13209, 1133, 0, 0
19:17:50, 1023.80, 22.80, 22.55, 21.156, 5646, 6177, 10716, 12944, 13333, 16991, 11602, 20356, 18190, 3498, 0, 0, 663, 1135, 2274, 3737, 5581, 5581, 5582, 5141, 13095, 1125, 0, 0
19:17:51, 1023.20, 22.80, 22.55, 21.156, 5911, 7419, 11023, 14056, 12216, 17398, 10229, 19041, 17445, 3328, 0, 0, 677, 1160, 2325, 3813, 5637, 5639, 5639, 5188, 13068, 1113, 0, 0
19:17:51, 1020.30, 22.80, 22.55, 21.164, 5471, 7188, 11078, 11936, 15216, 17922, 14328, 24681, 17665, 3719, 0, 0, 697, 1195, 2380, 3897, 5816, 5812, 5818, 5372, 13642, 1187, 0, 0
19:17:52, 1018.40, 22.79, 22.56, 21.164, 5110, 8962, 10990, 13345, 16128, 19974, 14183, 28971, 16799, 3882, 0, 0, 733, 1258, 2487, 4039, 5940, 5944, 5952, 5500, 13850, 1207, 0, 0
19:17:53, 1019.30, 22.78, 22.58, 21.164, 6613, 13619, 13429, 20360, 21943, 20406, 23091, 27809, 20181, 5233, 0, 0, 733, 1260, 2487, 4024, 6007, 6015, 6028, 5570, 13907, 1202, 0, 0
19:17:53, 1018.60, 22.77, 22.51, 21.156, 5598, 7829, 10448, 11589, 20221, 19804, 19175, 29336, 17309, 4492, 0, 0, 714, 1224, 2421, 3935, 5852, 5852, 5852, 5408, 13581, 1200, 0, 0
19:17:54, 1019.70, 22.76, 22.55, 21.156, 4908, 8780, 10128, 12320, 16069, 16613, 13133, 20574, 15648, 3698, 0, 0, 706, 1210, 2404, 3921, 5815, 5818, 5823, 5372, 13355, 1160, 0, 0
19:17:55, 1021.00, 22.75, 22.53, 21.156, 6015, 9724, 11295, 14545, 18418, 19035, 20814, 25701, 15560, 4103, 0, 0, 709, 1216, 2407, 3919, 5813, 5819, 5831, 5386, 13371, 1161, 0, 0
19:17:55, 1017.80, 22.74, 22.55, 21.156, 1911, 2672, 4045, 4193, 11607, 11572, 14418, 17977, 13692, 3081, 0, 0, 710, 1216, 2409, 3916, 5819, 5831, 5837, 5401, 13305, 1184, 0, 0
19:17:56, 1017.40, 22.72, 22.58, 21.156, 6188, 9740, 13726, 16226, 11366, 11041, 15028, 17609, 14020, 3559, 0, 0, 742, 1274, 2515, 4065, 5936, 5951, 5962, 5526, 13524, 1195, 0, 0
19:17:56, 1016.60, 22.70, 22.56, 21.156, 6535, 11481, 12217, 16288, 18895, 19429, 26137, 30897, 16191, 5410, 0, 0, 738, 1264, 2480, 4007, 5760, 5753, 5770, 5362, 13372, 1273, 0, 0
19:17:57, 1018.10, 22.69, 22.56, 21.148, 1659, 2435, 3432, 3819, 4091, 4214, 4615, 5361, 11075, 2537, 0, 0, 717, 1230, 2436, 3957, 5830, 5845, 5854, 5410, 13280, 1176, 0, 0
19:17:58, 1018.50, 22.68, 22.56, 21.148, 1591, 2420, 3344, 3807, 3995, 4112, 4542, 5155, 11818, 2928, 0, 0, 722, 1237, 2449, 3978, 5884, 5890, 5904, 5451, 13421, 1190, 0, 0
19:17:58, 1016.90, 22.68, 22.60, 21.141, 1593, 2392, 3377, 3830, 4083, 4237, 4649, 5313, 11468, 2699, 0, 0, 720, 1232, 2439, 3968, 5910, 5918, 5933, 5484, 13555, 1215, 0, 0
19:17:59, 1018.10, 22.68, 22.56, 21.156, 1623, 2473, 3400, 3868, 4066, 4228, 4642, 5339, 11718, 2946, 0, 0, 752, 1290, 2551, 4133, 6047, 6072, 6090, 5629, 13791, 1208, 0, 0
19:18:00, 1017.60, 22.67, 22.58, 21.156, 1812, 2798, 3822, 4408, 4327, 4503, 4933, 5709, 12280, 3273, 0, 0, 746, 1280, 2524, 4084, 6046, 6074, 6088, 5627, 13785, 1215, 0, 0
19:18:00, 1017.30, 22.67, 22.60, 21.148, 6339, 10597, 13677, 17259, 9215, 12904, 10701, 16013, 13226, 3277, 0, 0, 737, 1266, 2501, 4050, 5998, 6026, 6039, 5577, 13644, 1202, 0, 0
19:18:01, 1017.30, 22.67, 22.58, 21.156, 7043, 12842, 15096, 21110, 21346, 27253, 25981, 35502, 16118, 4953, 0, 1, 739, 1272, 2499, 4030, 6011, 6037, 6057, 5597, 13700, 1214, 0, 0
19:18:02, 1015.90, 22.66, 22.56, 21.156, 6849, 9997, 14778, 14891, 23478, 27473, 31452, 34528, 16127, 5462, 0, 1, 735, 1260, 2465, 3973, 5808, 5812, 5835, 5401, 13419, 1283, 0, 0
19:18:02, 1020.60, 22.66, 22.60, 21.148, 6817, 10884, 13050, 15478, 16109, 15997, 18857, 23269, 13262, 3497, 0, 0, 713, 1226, 2435, 3964, 5773, 5798, 5813, 5343, 13174, 1146, 0, 0
19:18:03, 1021.10, 22.64, 22.56, 21.148, 5245, 11388, 12132, 21385, 22775, 27642, 29452, 35353, 15097, 3671, 0, 1, 710, 1222, 2433, 3966, 5933, 5963, 5973, 5478, 13498, 1146, 0, 0
19:18:04, 1017.60, 22.63, 22.58, 21.148, 5706, 8403, 11737, 14129, 16297, 16381, 18817, 22623, 12776, 3290, 0, 0, 770, 1325, 2627, 4256, 6321, 6364, 6390, 5886, 14427, 1243, 0, 0
19:18:04, 1017.20, 22.63, 22.60, 21.148, 5557, 7493, 13881, 11523, 17433, 15677, 22342, 24950, 12927, 3953, 0, 0, 757, 1303, 2570, 4151, 6080, 6108, 6140, 5661, 13889, 1232, 0, 0
19:18:05, 1017.70, 22.62, 22.60, 21.141, 5501, 9959, 11177, 13702, 18545, 17951, 25646, 34112, 12950, 3734, 0, 1, 707, 1212, 2400, 3906, 5844, 5876, 5893, 5436, 13219, 1218, 0, 0
19:18:06, 1018.80, 22.61, 22.56, 21.141, 6165, 12646, 13554, 18950, 24708, 28371, 26906, 32516, 16246, 4692, 0, 1, 654, 1107, 2170, 3541, 5283, 5269, 5271, 4859, 12037, 1271, 0, 0
19:18:06, 1018.90, 22.60, 22.61, 21.141, 7048, 13440, 16535, 20875, 29763, 32517, 33159, 35681, 19971, 5312, 0, 1, 675, 1156, 2277, 3699, 5612, 5619, 5634, 5190, 12897, 1164, 0, 0
19:18:07, 1015.40, 22.58, 22.63, 21.141, 6969, 14056, 17534, 23928, 4678, 4841, 5367, 6119, 12332, 2918, 0, 0, 787, 1356, 2678, 4330, 6360, 6381, 6403, 5911, 14756, 1277, 0, 0
19:18:08, 1017.60, 22.56, 22.60, 21.141, 3387, 2984, 6013, 4281, 6715, 6384, 6098, 7781, 12341, 4404, 0, 0, 835, 1436, 2832, 4557, 6554, 6574, 6599, 6087, 15027, 1280, 0, 0
19:18:08, 1017.70, 22.54, 22.61, 21.125, 3630, 6271, 7506, 9812, 13732, 14170, 11662, 16692, 15786, 3983, 0, 0, 749, 1284, 2545, 4132, 6205, 6218, 6233, 5759, 14354, 1239, 0, 0
19:18:09, 1019.70, 22.53, 22.61, 21.125, 5569, 12230, 11922, 16076, 23746, 18725, 30202, 34933, 18908, 5623, 0, 1, 713, 1226, 2383, 3845, 5480, 5459, 5476, 5101, 13117, 1245, 0, 0
19:18:10, 1023.20, 22.52, 22.65, 21.125, 5122, 6702, 10517, 10731, 19236, 19983, 15763, 24714, 18265, 3879, 0, 0, 657, 1126, 2251, 3698, 5462, 5455, 5452, 5023, 12845, 1118, 0, 0
19:18:10, 1018.90, 22.51, 22.63, 21.117, 5607, 10722, 12341, 15833, 22681, 17527, 26718, 31686, 20878, 4447, 0, 0, 707, 1219, 2393, 3874, 5756, 5738, 5760, 5362, 13943, 1267, 0, 0
19:18:11, 1019.30, 22.50, 22.63, 21.125, 5808, 6418, 10338, 12604, 12858, 20169, 11098, 19929, 18767, 4770, 0, 0, 751, 1292, 2550, 4125, 6096, 6094, 6117, 5672, 14638, 1287, 0, 0
19:18:12, 1019.60, 22.50, 22.63, 21.125, 5388, 3382, 7431, 6764, 8772, 16558, 8234, 16419, 17723, 4050, 0, 0, 776, 1338, 2646, 4283, 6216, 6209, 6231, 5753, 15099, 1325, 0, 0
19:18:12, 1020.80, 22.49, 22.61, 21.109, 5960, 4758, 9699, 10854, 6828, 16079, 7804, 13855, 18654, 4082, 0, 0, 778, 1340, 2655, 4299, 6284, 6276, 6300, 5817, 15355, 1335, 0, 0
19:18:13, 1018.30, 22.50, 22.65, 21.117, 5944, 4828, 9697, 12394, 7813, 18861, 11829, 17193, 21089, 4885, 0, 0, 797, 1375, 2698, 4346, 6311, 6298, 6337, 5888, 15755, 1410, 0, 0
19:18:14, 1016.70, 22.49, 22.67, 21.117, 6528, 7628, 12256, 16364, 9956, 22165, 21211, 27032, 25722, 5544, 0, 0, 802, 1385, 2702, 4329, 6081, 6062, 6105, 5683, 15127, 1368, 0, 0
19:18:14, 1016.90, 22.50, 22.60, 21.117, 7317, 10669, 11343, 20148, 10258, 23314, 22961, 29737, 29203, 7282, 0, 0, 785, 1357, 2633, 4213, 5889, 5868, 5911, 5516, 14611, 1340, 0, 0
19:18:15, 1017.60, 22.50, 22.65, 21.117, 6790, 4449, 9790, 13878, 13476, 20789, 15740, 23131, 25260, 5870, 0, 0, 733, 1264, 2485, 4018, 6056, 6041, 6078, 5638, 14831, 1324, 0, 0
19:18:16, 1017.60, 22.50, 22.65, 21.125, 6425, 3833, 7977, 11212, 6323, 18152, 10059, 12689, 19647, 4935, 0, 0, 777, 1336, 2628, 4232, 6253, 6243, 6284, 5835, 15340, 1377, 0, 0
19:18:16, 1018.30, 22.50, 22.67, 21.133, 6630, 4609, 10747, 14366, 8701, 20682, 13498, 19660, 21458, 5338, 0, 0, 747, 1285, 2517, 4065, 5983, 5961, 5995, 5573, 14740, 1340, 0, 0
19:18:17, 1019.20, 22.50, 22.67, 21.133, 5967, 8076, 12117, 13849, 9244, 20888, 11066, 22194, 20627, 4931, 0, 0, 707, 1213, 2382, 3869, 5615, 5588, 5606, 5225, 13706, 1279, 0, 0
19:18:18, 1018.20, 22.51, 22.65, 21.133, 8011, 11370, 14348, 18352, 19963, 19073, 24088, 28062, 30824, 5715, 0, 0, 663, 1132, 2222, 3638, 5377, 5338, 5334, 4985, 12991, 1298, 0, 0
19:18:18, 1017.30, 22.51, 22.65, 21.141, 6832, 13691, 14547, 16570, 20569, 19245, 21526, 31797, 20095, 5157, 0, 0, 684, 1167, 2282, 3708, 5560, 5538, 5543, 5169, 13221, 1267, 0, 0
19:18:19, 1019.30, 22.51, 22.65, 21.141, 7722, 7591, 12245, 15128, 10859, 15515, 8371, 18853, 15142, 3910, 0, 0, 726, 1243, 2463, 3999, 5966, 5968, 5978, 5523, 13931, 1215, 0, 0
19:18:20, 1020.00, 22.50, 22.68, 21.141, 6726, 7611, 13376, 12079, 13571, 14045, 8050, 18646, 14674, 3543, 0, 0, 737, 1264, 2514, 4093, 6093, 6102, 6104, 5625, 14174, 1218, 0, 0
19:18:20, 1021.00, 22.51, 22.67, 21.133, 5098, 6784, 10581, 10126, 14771, 15267, 9175, 17907, 14062, 3239, 0, 0, 740, 1273, 2533, 4122, 6018, 6030, 6029, 5545, 13918, 1186, 0, 0
19:18:21, 1019.90, 22.50, 22.67, 21.133, 5583, 7331, 11596, 10666, 18761, 18350, 12463, 23301, 15015, 3566, 0, 0, 725, 1244, 2477, 4034, 5892, 5899, 5895, 5423, 13565, 1169, 0, 0
19:18:22, 1020.30, 22.50, 22.68, 21.125, 6028, 11500, 12152, 16953, 14937, 14761, 16517, 21656, 13965, 3256, 0, 0, 699, 1195, 2383, 3890, 5707, 5719, 5703, 5250, 12887, 1120, 0, 0
19:18:22, 1018.80, 22.50, 22.68, 21.125, 1831, 2820, 3875, 4283, 4179, 4315, 4750, 5522, 11013, 2308, 0, 0, 664, 1131, 2238, 3661, 5334, 5326, 5315, 4923, 12054, 1238, 0, 0
19:18:23, 1018.50, 22.50, 22.67, 21.125, 6754, 8996, 13268, 13385, 19142, 18681, 21533, 30032, 13260, 3418, 0, 0, 660, 1119, 2215, 3622, 5359, 5357, 5347, 4943, 12080, 1236, 0, 0
19:18:24, 1019.40, 22.49, 22.70, 21.133, 6602, 10580, 13778, 17278, 19394, 20315, 21587, 26007, 13707, 3652, 0, 0, 691, 1184, 2357, 3850, 5718, 5743, 5746, 5273, 12886, 1142, 0, 0
19:18:24, 1019.30, 22.49, 22.65, 21.141, 6094, 12591, 13631, 20161, 20375, 23030, 28158, 33228, 13713, 3773, 0, 1, 731, 1258, 2498, 4062, 6115, 6153, 6159, 5651, 13857, 1188, 0, 0
19:18:25, 1019.50, 22.48, 22.72, 21.141, 5577, 10213, 13139, 17088, 17581, 18495, 24825, 31163, 14192, 3801, 0, 0, 752, 1296, 2566, 4153, 6135, 6169, 6190, 5681, 14082, 1210, 0, 0
19:18:26, 1019.50, 22.47, 22.68, 21.141, 5423, 8836, 12221, 15189, 19984, 19953, 28085, 35345, 13318, 3480, 0, 1, 729, 1254, 2498, 4069, 6046, 6080, 6100, 5599, 13834, 1203, 0, 0
19:18:26, 1018.80, 22.46, 22.70, 21.141, 5888, 10279, 11956, 16873, 19108, 18438, 26259, 32775, 13104, 3482, 0, 1, 725, 1245, 2472, 4015, 5863, 5891, 5920, 5434, 13405, 1207, 0, 0
19:18:27, 1018.90, 22.46, 22.68, 21.141, 5541, 9547, 12172, 15574, 16137, 20754, 21019, 27130, 12616, 3507, 0, 0, 716, 1228, 2437, 3963, 5823, 5854, 5896, 5426, 13440, 1242, 0, 0
19:18:28, 1017.40, 22.45, 22.72, 21.133, 5928, 10991, 13048, 16481, 18865, 26785, 25020, 31570, 13567, 3845, 0, 0, 746, 1280, 2513, 4050, 5887, 5913, 5973, 5513, 13914, 1326, 0, 0
19:18:28, 1018.00, 22.45, 22.72, 21.141, 6138, 11490, 14634, 17248, 19179, 26209, 22900, 29347, 13630, 3997, 0, 0, 752, 1295, 2553, 4122, 5982, 6015, 6065, 5593, 14036, 1297, 0, 0
19:18:29, 1016.10, 22.45, 22.68, 21.141, 6364, 11321, 15388, 19544, 19022, 27748, 25865, 33017, 14140, 4432, 0, 1, 773, 1333, 2611, 4200, 6053, 6081, 6136, 5658, 14314, 1334, 0, 0
19:18:30, 1016.70, 22.44, 22.70, 21.141, 6527, 10361, 13940, 19067, 17932, 20177, 24145, 29717, 13371, 4092, 0, 0, 778, 1341, 2632, 4233, 6054, 6084, 6131, 5641, 14181, 1282, 0, 0
19:18:30, 1017.60, 22.44, 22.72, 21.141, 5782, 11908, 12864, 17923, 19769, 25867, 26323, 33964, 13428, 4415, 0, 1, 760, 1307, 2557, 4105, 5911, 5941, 5995, 5526, 13922, 1295, 0, 0
19:18:31, 1018.20, 22.44, 22.68, 21.141, 5133, 9694, 11309, 14069, 18004, 20134, 26051, 35356, 13472, 4015, 0, 1, 736, 1264, 2477, 3986, 5721, 5746, 5798, 5342, 13479, 1280, 0, 0
19:18:32, 1017.60, 22.44, 22.68, 21.141, 5429, 7877, 10445, 15992, 15932, 16828, 25588, 32529, 12034, 3563, 0, 1, 724, 1243, 2444, 3951, 5703, 5725, 5772, 5319, 13421, 1286, 0, 0
19:18:32, 1017.40, 22.44, 22.72, 21.141, 5992, 9268, 12228, 16333, 16732, 16678, 27379, 29346, 12172, 3513, 0, 0, 746, 1281, 2527, 4079, 5854, 5880, 5937, 5482, 13794, 1312, 0, 0
19:18:33, 1018.50, 22.44, 22.75, 21.141, 5921, 10948, 14274, 19202, 19696, 27623, 27198, 32602, 13226, 3998, 0, 1, 755, 1298, 2563, 4143, 5969, 6001, 6046, 5567, 13926, 1267, 0, 0
19:18:34, 1017.80, 22.43, 22.74, 21.141, 5690, 10580, 14485, 18455, 17662, 18414, 23470, 32594, 13207, 3572, 0, 1, 749, 1287, 2539, 4100, 5898, 5928, 5959, 5464, 13641, 1219, 0, 0
19:18:34, 1018.20, 22.43, 22.72, 21.141, 5682, 9982, 12984, 16429, 19570, 20409, 26254, 34434, 14432, 4124, 0, 1, 738, 1267, 2497, 4028, 5827, 5855, 5879, 5391, 13366, 1196, 0, 0
19:18:35, 1017.20, 22.43, 22.74, 21.141, 5517, 9032, 12058, 16126, 17783, 21281, 25957, 32201, 19322, 5119, 0, 0, 722, 1238, 2436, 3926, 5815, 5836, 5856, 5359, 13260, 1182, 0, 0
19:18:36, 1017.70, 22.43, 22.72, 21.148, 5819, 7722, 10818, 15077, 19726, 24811, 28123, 34828, 14926, 4615, 0, 1, 711, 1214, 2375, 3819, 5712, 5727, 5776, 5327, 13296, 1282, 0, 0
19:18:36, 1015.90, 22.42, 22.74, 21.148, 6196, 10156, 12709, 14754, 21107, 29886, 27457, 33771, 16713, 5813, 0, 1, 722, 1232, 2394, 3845, 5515, 5522, 5575, 5179, 13233, 1423, 0, 0
19:18:37, 1018.10, 22.42, 22.72, 21.141, 5354, 7171, 11875, 11386, 17584, 10457, 23397, 19625, 11178, 3827, 0, 0, 734, 1258, 2472, 3983, 5703, 5722, 5786, 5354, 13521, 1321, 0, 0
19:18:38, 1018.40, 22.41, 22.72, 21.156, 4120, 6966, 9473, 13456, 17355, 20522, 25818, 30702, 12990, 3990, 0, 0, 738, 1262, 2478, 3985, 5753, 5776, 5823, 5368, 13536, 1272, 0, 0
19:18:38, 1017.40, 22.41, 22.72, 21.156, 4743, 7138, 9912, 13852, 16833, 8770, 22275, 16349, 13088, 3744, 0, 0, 746, 1282, 2521, 4060, 5856, 5878, 5932, 5450, 13828, 1262, 0, 0
19:18:39, 1018.40, 22.40, 22.72, 21.148, 6068, 9462, 13035, 17641, 17031, 21108, 22559, 30021, 14050, 4120, 0, 0, 738, 1271, 2508, 4053, 5937, 5969, 6005, 5514, 13763, 1223, 0, 0
19:18:40, 1018.00, 22.40, 22.75, 21.148, 6013, 9738, 13825, 17209, 20914, 29765, 25979, 33500, 15766, 4821, 0, 1, 731, 1259, 2483, 4022, 5924, 5956, 5994, 5513, 13789, 1247, 0, 0
19:18:40, 1019.40, 22.39, 22.74, 21.148, 6250, 9640, 13056, 18267, 20915, 29622, 27067, 33549, 16049, 4510, 0, 1, 716, 1231, 2429, 3936, 5849, 5877, 5924, 5436, 13652, 1234, 0, 0
19:18:41, 1018.40, 22.39, 22.75, 21.148, 4643, 7511, 10157, 13345, 19176, 27164, 23809, 31235, 13847, 3504, 0, 0, 711, 1222, 2425, 3941, 5858, 5895, 5931, 5462, 13584, 1237, 0, 0
19:18:42, 1019.90, 22.39, 22.75, 21.148, 5436, 10323, 11789, 15030, 14462, 20617, 24004, 29884, 15010, 3857, 0, 0, 733, 1261, 2480, 3998, 5939, 5977, 6030, 5541, 13872, 1233, 0, 0
19:18:42, 1020.20, 22.39, 22.75, 21.148, 5059, 9384, 11392, 15226, 18583, 20642, 26505, 33176, 17142, 4136, 0, 1, 730, 1251, 2465, 3972, 5861, 5895, 5933, 5429, 13655, 1198, 0, 0
19:18:43, 1020.80, 22.39, 22.75, 21.148, 5094, 9154, 11879, 15412, 17412, 25621, 24566, 34674, 17177, 3953, 0, 1, 707, 1216, 2414, 3922, 5954, 5999, 6036, 5543, 13915, 1215, 0, 0
19:18:44, 1019.10, 22.39, 22.79, 21.156, 5392, 9311, 12586, 16698, 18352, 26554, 28585, 34838, 17420, 4560, 0, 1, 742, 1277, 2512, 4051, 6012, 6047, 6100, 5623, 14250, 1285, 0, 0
19:18:44, 1018.50, 22.39, 22.77, 21.156, 4623, 8708, 11149, 14810, 17802, 24029, 26744, 36000, 15826, 4090, 1, 1, 743, 1279, 2518, 4063, 5927, 5957, 6005, 5513, 13988, 1257, 0, 0
19:18:45, 1016.90, 22.38, 22.77, 21.156, 3998, 10216, 13781, 16098, 17955, 22612, 26366, 35190, 16379, 4442, 0, 1, 744, 1280, 2516, 4061, 5964, 5991, 6038, 5548, 13965, 1271, 0, 0
19:18:46, 1015.30, 22.38, 22.77, 21.148, 6089, 10748, 15445, 17323, 19682, 29667, 27505, 35457, 16933, 4850, 0, 1, 740, 1276, 2511, 4061, 6176, 6212, 6271, 5813, 14683, 1362, 0, 0
19:18:46, 1014.60, 22.38, 22.75, 21.148, 4279, 10220, 12808, 17019, 16062, 15565, 26468, 14754, 16253, 6206, 0, 0, 849, 1459, 2818, 4462, 6263, 6306, 6381, 5919, 15198, 1415, 0, 0
19:18:47, 1015.40, 22.37, 22.77, 21.156, 4348, 8989, 10858, 13361, 20653, 21659, 28991, 35987, 16554, 5578, 0, 1, 791, 1365, 2666, 4277, 6199, 6247, 6309, 5858, 15110, 1397, 0, 0
19:18:48, 1015.20, 22.37, 22.77, 21.156, 8390, 11837, 16857, 17063, 20567, 25886, 28956, 36000, 15792, 5122, 1, 1, 800, 1378, 2680, 4285, 6124, 6183, 6245, 5837, 15193, 1446, 0, 0
19:18:48, 1013.40, 22.37, 22.81, 21.156, 6723, 13671, 18769, 19167, 20496, 20868, 29374, 31284, 25913, 6912, 0, 0, 772, 1324, 2556, 4081, 5892, 5938, 5992, 5604, 14664, 1446, 0, 0
19:18:49, 1013.20, 22.37, 22.75, 21.148, 7629, 14998, 22015, 20132, 24785, 26281, 30692, 35239, 34575, 11029, 0, 1, 822, 1416, 2728, 4330, 6458, 6517, 6596, 6168, 15995, 1517, 0, 0
19:18:50, 1013.20, 22.36, 22.79, 21.148, 7255, 12538, 14353, 19152, 22460, 22290, 30460, 31380, 24612, 8102, 0, 0, 888, 1531, 2943, 4648, 6668, 6742, 6839, 6422, 16944, 1628, 0, 0
19:18:50, 1016.50, 22.36, 22.79, 21.156, 5716, 10341, 10738, 18764, 15564, 21074, 25597, 23479, 24070, 6933, 0, 0, 885, 1517, 2914, 4597, 6240, 6312, 6383, 5979, 16048, 1508, 0, 0
19:18:51, 1015.90, 22.35, 22.79, 21.148, 6111, 12444, 18596, 17832, 17919, 19061, 25420, 32334, 36000, 9490, 1, 1, 798, 1363, 2640, 4212, 5978, 6034, 6073, 5710, 15319, 1455, 0, 0
19:18:52, 1016.50, 22.34, 22.77, 21.148, 7208, 14896, 21098, 19733, 15982, 19579, 23853, 27324, 36000, 11360, 1, 1, 794, 1333, 2562, 4070, 5719, 5776, 5790, 5469, 14770, 1466, 0, 0
19:18:52, 1016.30, 22.34, 22.81, 21.156, 9571, 14721, 21921, 20360, 20279, 19563, 21546, 32273, 36000, 18319, 1, 1, 778, 1311, 2534, 4038, 5920, 5960, 5993, 5604, 14894, 1438, 0, 0
19:18:53, 1017.10, 22.34, 22.79, 21.156, 8794, 16056, 21462, 23373, 35197, 35283, 31595, 35986, 36000, 35859, 1, 1, 756, 1277, 2457, 3913, 6002, 6053, 6109, 5737, 15256, 1481, 0, 0
19:18:54, 1019.80, 22.33, 22.81, 21.156, 8445, 13196, 15494, 19882, 21684, 26932, 24442, 33695, 36000, 8605, 1, 1, 740, 1278, 2513, 4061, 6347, 6407, 6471, 5973, 15603, 1376, 0, 0
19:18:54, 1019.00, 22.33, 22.79, 21.148, 4403, 8496, 12422, 13753, 19520, 19461, 27207, 35086, 19890, 4697, 0, 1, 798, 1374, 2706, 4350, 6615, 6682, 6755, 6274, 16318, 1465, 0, 0
19:18:55, 1019.40, 22.32, 22.79, 21.148, 4799, 8318, 13506, 17601, 20656, 22434, 28463, 31981, 23923, 5370, 0, 0, 847, 1459, 2855, 4566, 6695, 6762, 6841, 6354, 16558, 1481, 0, 0
19:18:56, 1018.60, 22.31, 22.77, 21.148, 4659, 8906, 11998, 17972, 16627, 19743, 24602, 31234, 26561, 5360, 0, 0, 841, 1446, 2819, 4489, 6454, 6515, 6588, 6123, 16022, 1440, 0, 0
19:18:56, 1016.70, 22.31, 22.81, 21.156, 4950, 9739, 12930, 16422, 19963, 20139, 27501, 35192, 24231, 5926, 0, 1, 815, 1406, 2729, 4347, 6195, 6238, 6318, 5870, 15394, 1425, 0, 0
19:18:57, 1018.50, 22.31, 22.82, 21.164, 7214, 10422, 15497, 16831, 19937, 19067, 27846, 29061, 18158, 5012, 0, 0, 778, 1341, 2615, 4185, 5928, 5963, 6030, 5561, 14601, 1326, 0, 0
19:18:58, 1017.30, 22.30, 22.81, 21.164, 5351, 9373, 12695, 15036, 16653, 24368, 27469, 35721, 15933, 4099, 0, 1, 747, 1289, 2541, 4112, 6001, 6033, 6092, 5615, 14338, 1296, 0, 0
19:18:58, 1018.10, 22.30, 22.84, 21.148, 5361, 9415, 12600, 16366, 19772, 17246, 24434, 35078, 13443, 4108, 0, 1, 766, 1320, 2604, 4211, 6133, 6173, 6244, 5758, 14725, 1334, 0, 0
19:18:59, 1017.40, 22.30, 22.81, 21.148, 5037, 9031, 11444, 14004, 21204, 21133, 27821, 35024, 14630, 4002, 0, 1, 765, 1318, 2598, 4194, 6109, 6150, 6218, 5738, 14555, 1310, 0, 0
19:19:00, 1017.20, 22.30, 22.81, 21.148, 6074, 10675, 12765, 15772, 20732, 20294, 25921, 36000, 13968, 4766, 1, 1, 771, 1329, 2605, 4189, 6104, 6143, 6216, 5744, 14560, 1336, 0, 0
19:19:00, 1015.60, 22.30, 22.81, 21.141, 5810, 10928, 14318, 18233, 18244, 26775, 25568, 35518, 13946, 4180, 0, 1, 766, 1318, 2587, 4166, 6070, 6108, 6175, 5704, 14351, 1328, 0, 0
19:19:01, 1023.90, 22.30, 22.82, 21.133, 6608, 12158, 14344, 17954, 29184, 27855, 28335, 35666, 22915, 6641, 0, 1, 712, 1226, 2416, 3912, 5975, 6030, 6071, 5572, 13836, 1192, 0, 0
19:19:02, 1037.50, 22.29, 22.86, 21.133, 3139, 5590, 8135, 10080, 16740, 16455, 21639, 29241, 14697, 2429, 0, 0, 599, 1019, 2103, 3527, 5312, 5375, 5364, 4847, 12037, 985, 0, 0
19:19:02, 1045.20, 22.28, 22.86, 21.125, 3026, 5543, 8106, 11055, 13513, 16749, 19490, 25482, 17807, 2091, 0, 0, 520, 872, 1847, 3176, 4898, 4968, 4930, 4420, 11082, 894, 0, 0
19:19:03, 1049.70, 22.28, 22.82, 21.133, 2828, 4958, 7921, 9964, 12545, 13720, 16734, 21518, 18644, 1907, 0, 0, 495, 822, 1765, 3071, 4710, 4779, 4732, 4215, 10707, 860, 0, 0
19:19:04, 1052.00, 22.28, 22.82, 21.133, 2771, 4954, 7992, 10237, 11370, 12344, 15658, 19020, 18948, 1880, 0, 0, 485, 802, 1731, 3028, 4718, 4799, 4745, 4236, 10787, 866, 0, 0
19:19:04, 1054.20, 22.28, 22.86, 21.125, 2332, 4327, 7144, 9786, 13453, 14546, 18666, 22837, 21740, 2034, 0, 0, 485, 798, 1731, 3038, 4672, 4756, 4696, 4183, 10716, 858, 0, 0
19:19:05, 1058.30, 22.29, 22.82, 21.125, 2159, 3985, 6546, 8910, 9767, 10517, 13186, 15824, 19181, 1754, 0, 0, 463, 758, 1653, 2923, 4519, 4610, 4546, 4048, 10466, 836, 0, 0
19:19:06, 1065.50, 22.29, 22.84, 21.125, 1674, 3033, 5015, 7237, 10798, 11837, 14856, 17485, 24025, 1876, 0, 0, 419, 674, 1495, 2691, 4178, 4274, 4194, 3707, 9643, 768, 0, 0
19:19:06, 1069.40, 22.29, 22.84, 21.117, 1730, 3058, 5219, 7410, 8150, 9018, 10625, 12492, 23001, 1806, 0, 0, 390, 622, 1393, 2539, 4018, 4115, 4033, 3558, 9288, 737, 0, 0
19:19:07, 1075.90, 22.29, 22.84, 21.117, 1464, 2628, 4561, 6472, 9051, 10015, 11505, 14083, 26292, 2016, 0, 0, 356, 559, 1265, 2339, 3752, 3849, 3760, 3300, 8635, 683, 0, 0
19:19:08, 1081.30, 22.28, 22.84, 21.125, 1295, 2305, 4139, 6052, 8384, 9275, 10728, 12906, 23285, 1706, 0, 0, 318, 489, 1124, 2121, 3441, 3536, 3428, 2982, 7807, 617, 0, 0
19:19:08, 1082.80, 22.28, 22.86, 21.109, 1294, 2294, 4187, 6142, 7931, 8725, 10001, 11842, 22843, 1717, 0, 0, 306, 468, 1082, 2054, 3401, 3500, 3388, 2944, 7686, 608, 0, 0
19:19:09, 1084.30, 22.27, 22.84, 21.109, 1129, 1952, 3523, 5309, 6783, 7551, 8733, 10000, 18885, 1396, 0, 0, 304, 463, 1072, 2041, 3364, 3459, 3346, 2898, 7603, 602, 0, 0
19:19:10, 1085.60, 22.27, 22.84, 21.102, 1132, 1935, 3520, 5265, 7112, 7933, 9202, 10572, 20154, 1492, 0, 0, 310, 470, 1090, 2076, 3422, 3521, 3407, 2952, 7766, 617, 0, 0
19:19:10, 1088.10, 22.27, 22.86, 21.094, 1104, 1878, 3450, 5234, 7814, 8701, 10037, 11993, 23502, 1742, 0, 0, 304, 459, 1067, 2041, 3371, 3469, 3348, 2890, 7667, 609, 0, 0
19:19:11, 1092.90, 22.27, 22.84, 21.094, 1109, 1831, 3376, 5185, 6452, 7277, 8316, 9506, 20016, 1502, 0, 0, 286, 427, 1002, 1938, 3178, 3274, 3145, 2700, 7186, 571, 0, 0
19:19:12, 1094.60, 22.27, 22.88, 21.086, 980, 1633, 3071, 4723, 5939, 6671, 7673, 8529, 19888, 1556, 0, 0, 278, 410, 967, 1885, 3133, 3231, 3104, 2665, 7154, 567, 0, 0
19:19:12, 1096.30, 22.27, 22.86, 21.094, 913, 1498, 2833, 4419, 6042, 6810, 7747, 8767, 20868, 1705, 0, 0, 268, 394, 932, 1821, 3027, 3122, 2998, 2571, 6951, 550, 0, 0
19:19:13, 1102.10, 22.27, 22.88, 21.094, 817, 1353, 2601, 4036, 6349, 7068, 8068, 9120, 22216, 1804, 0, 0, 250, 362, 861, 1702, 2833, 2928, 2799, 2390, 6487, 513, 0, 0
19:19:14, 1107.80, 22.27, 22.86, 21.086, 865, 1397, 2709, 4318, 5600, 6249, 7012, 7887, 20460, 1687, 0, 0, 227, 324, 778, 1561, 2644, 2739, 2611, 2215, 6034, 477, 0, 0
19:19:14, 1110.40, 22.26, 22.86, 21.086, 692, 1130, 2249, 3616, 5065, 5649, 6342, 6996, 18396, 1507, 0, 0, 214, 302, 730, 1479, 2544, 2636, 2506, 2119, 5791, 458, 0, 0
19:19:15, 1113.10, 22.26, 22.88, 21.086, 652, 1057, 2128, 3433, 5031, 5597, 6322, 6934, 18308, 1488, 0, 0, 208, 290, 704, 1437, 2502, 2596, 2465, 2081, 5702, 452, 0, 0
19:19:16, 1116.00, 22.26, 22.88, 21.078, 649, 1003, 2031, 3295, 4177, 4673, 5104, 5563, 15484, 1280, 0, 0, 202, 280, 681, 1397, 2421, 2513, 2381, 2002, 5505, 436, 0, 0
19:19:16, 1118.50, 22.25, 22.86, 21.070, 585, 921, 1899, 3076, 4463, 4985, 5535, 6048, 16900, 1392, 0, 0, 198, 272, 665, 1371, 2398, 2491, 2361, 1984, 5488, 435, 0, 0
19:19:17, 1123.60, 22.25, 22.89, 21.070, 566, 871, 1811, 2954, 3852, 4318, 4654, 5091, 15108, 1280, 0, 0, 188, 256, 629, 1311, 2253, 2343, 2211, 1847, 5131, 407, 0, 0
19:19:18, 1122.80, 22.24, 22.86, 21.055, 496, 784, 1653, 2728, 3924, 4363, 4785, 5188, 15576, 1314, 0, 0, 184, 249, 612, 1278, 2254, 2343, 2211, 1848, 5162, 409, 0, 0
19:19:18, 1123.30, 22.23, 22.89, 21.039, 514, 810, 1702, 2800, 3905, 4314, 4730, 5062, 15584, 1303, 0, 0, 183, 248, 610, 1274, 2251, 2340, 2210, 1847, 5186, 410, 0, 0
19:19:19, 1122.30, 22.23, 22.88, 21.039, 518, 820, 1719, 2821, 4332, 4804, 5305, 5839, 18266, 1530, 0, 0, 183, 249, 612, 1277, 2268, 2355, 2227, 1861, 5242, 414, 0, 0
19:19:20, 1122.20, 22.22, 22.86, 21.031, 496, 783, 1657, 2682, 4097, 4480, 5010, 5293, 16787, 1400, 0, 0, 183, 249, 613, 1279, 2275, 2363, 2231, 1864, 5263, 416, 0, 0
19:19:20, 1121.50, 22.22, 22.91, 21.023, 540, 869, 1810, 2974, 4174, 4554, 5101, 5527, 18274, 1572, 0, 0, 187, 255, 627, 1307, 2323, 2410, 2276, 1900, 5404, 427, 0, 0
19:19:21, 1121.50, 22.23, 22.86, 21.023, 496, 806, 1692, 2755, 3983, 4298, 4876, 5095, 16871, 1436, 0, 0, 188, 258, 632, 1315, 2337, 2423, 2295, 1918, 5473, 433, 0, 0
19:19:22, 1122.60, 22.23, 22.91, 21.031, 470, 783, 1632, 2671, 4095, 4405, 5050, 5280, 17602, 1502, 0, 0, 188, 257, 631, 1312, 2310, 2394, 2267, 1892, 5399, 427, 0, 0
19:19:22, 1120.70, 22.24, 22.88, 21.031, 453, 759, 1580, 2622, 4244, 4579, 5320, 5564, 18509, 1574, 0, 0, 184, 251, 618, 1291, 2295, 2376, 2248, 1872, 5341, 422, 0, 0
19:19:23, 1119.40, 22.23, 22.91, 21.039, 502, 859, 1774, 2933, 4308, 4637, 5399, 5601, 18535, 1566, 0, 0, 193, 266, 651, 1349, 2375, 2459, 2333, 1948, 5574, 441, 0, 0
19:19:24, 1118.60, 22.22, 22.89, 21.047, 506, 876, 1805, 2988, 4467, 4815, 5648, 5870, 19474, 1651, 0, 0, 197, 273, 667, 1376, 2426, 2509, 2386, 1998, 5706, 451, 0, 0
19:19:24, 1117.10, 22.22, 22.89, 21.047, 527, 918, 1884, 3099, 4631, 4980, 5860, 6067, 20187, 1715, 0, 0, 203, 283, 691, 1421, 2506, 2590, 2462, 2062, 5899, 466, 0, 0
19:19:25, 1116.20, 22.21, 22.93, 21.055, 536, 922, 1896, 3115, 4657, 4992, 5903, 6154, 20921, 1803, 0, 0, 204, 284, 694, 1428, 2507, 2591, 2458, 2057, 5891, 466, 0, 0
19:19:26, 1114.00, 22.21, 22.91, 21.055, 574, 980, 2001, 3266, 4344, 4600, 5428, 5529, 18827, 1632, 0, 0, 210, 294, 715, 1463, 2575, 2658, 2532, 2127, 6079, 480, 0, 0
19:19:26, 1112.70, 22.21, 22.89, 21.055, 560, 959, 1947, 3120, 4442, 4690, 5540, 5709, 19863, 1739, 0, 0, 214, 302, 734, 1492, 2613, 2698, 2575, 2170, 6179, 487, 0, 0
19:19:27, 1109.50, 22.20, 22.91, 21.047, 555, 938, 1917, 3048, 4414, 4692, 5439, 5686, 19664, 1713, 0, 0, 221, 311, 754, 1532, 2683, 2773, 2646, 2236, 6371, 502, 0, 0
19:19:27, 1103.50, 22.20, 22.91, 21.039, 649, 1081, 2194, 3442, 5079, 5487, 6239, 6808, 23346, 2033, 0, 0, 238, 342, 819, 1641, 2860, 2952, 2828, 2409, 6859, 540, 0, 0
19:19:28, 1102.60, 22.20, 22.91, 21.039, 749, 1225, 2452, 3731, 5610, 6111, 6846, 7788, 27274, 2445, 0, 0, 248, 360, 857, 1700, 2879, 2971, 2849, 2434, 6886, 541, 0, 0
19:19:29, 1099.20, 22.20, 22.91, 21.039, 767, 1261, 2508, 3867, 5699, 6223, 6960, 7922, 26927, 2373, 0, 0, 248, 358, 853, 1696, 2917, 3011, 2884, 2464, 6954, 547, 0, 0
19:19:29, 1096.90, 22.20, 22.89, 21.047, 839, 1364, 2673, 4089, 5866, 6419, 7096, 8009, 26352, 2292, 0, 0, 268, 392, 928, 1823, 3078, 3177, 3053, 2620, 7323, 575, 0, 0
19:19:30, 1096.30, 22.19, 22.91, 21.047, 900, 1507, 2896, 4439, 6582, 7275, 8048, 9464, 30865, 2790, 0, 0, 284, 420, 988, 1921, 3235, 3337, 3215, 2770, 7748, 611, 0, 0
19:19:31, 1100.90, 22.19, 22.94, 21.055, 955, 1507, 2952, 4479, 6179, 6886, 7502, 8724, 28005, 2512, 0, 0, 271, 396, 938, 1843, 3077, 3179, 3043, 2604, 7264, 575, 0, 0
19:19:31, 1103.70, 22.19, 22.93, 21.070, 837, 1344, 2633, 4144, 5384, 5945, 6640, 7446, 22284, 1912, 0, 0, 244, 349, 836, 1672, 2883, 2983, 2853, 2433, 6766, 536, 0, 0
19:19:32, 1103.40, 22.18, 22.94, 21.070, 761, 1244, 2446, 3824, 5336, 5910, 6506, 7331, 21914, 1896, 0, 0, 256, 370, 880, 1739, 2972, 3075, 2951, 2529, 7034, 557, 0, 0
19:19:33, 1104.60, 22.18, 22.91, 21.070, 772, 1264, 2492, 3915, 6172, 6864, 7843, 8835, 24854, 2086, 0, 0, 238, 340, 816, 1632, 2804, 2902, 2772, 2361, 6550, 518, 0, 0
19:19:33, 1104.50, 22.17, 22.89, 21.062, 729, 1186, 2363, 3752, 5794, 6429, 7412, 8261, 22435, 1869, 0, 0, 234, 333, 800, 1604, 2788, 2887, 2759, 2347, 6500, 515, 0, 0
19:19:34, 1105.20, 22.17, 22.93, 21.062, 822, 1331, 2598, 4113, 5267, 5847, 6497, 7283, 21236, 1823, 0, 0, 242, 347, 829, 1651, 2852, 2952, 2824, 2412, 6682, 529, 0, 0
19:19:35, 1105.50, 22.17, 22.94, 21.047, 761, 1235, 2441, 3855, 5222, 5767, 6482, 7130, 20590, 1718, 0, 0, 230, 326, 786, 1583, 2735, 2832, 2700, 2289, 6352, 503, 0, 0
19:19:35, 1106.20, 22.18, 22.91, 21.047, 685, 1123, 2247, 3560, 5412, 6013, 6773, 7667, 21834, 1862, 0, 0, 234, 332, 800, 1606, 2760, 2858, 2725, 2314, 6415, 508, 0, 0
19:19:36, 1107.30, 22.18, 22.91, 21.047, 711, 1152, 2287, 3600, 5197, 5788, 6307, 7182, 21865, 1910, 0, 0, 235, 335, 804, 1610, 2765, 2860, 2732, 2324, 6470, 511, 0, 0
19:19:37, 1106.70, 22.18, 22.93, 21.031, 702, 1129, 2267, 3573, 5234, 5798, 6397, 7112, 21335, 1803, 0, 0, 230, 326, 788, 1588, 2730, 2825, 2689, 2276, 6336, 500, 0, 0
19:19:37, 1109.00, 22.18, 22.94, 21.047, 700, 1119, 2264, 3572, 5000, 5571, 6041, 6903, 21852, 1931, 0, 0, 230, 326, 785, 1582, 2687, 2782, 2652, 2247, 6293, 497, 0, 0
19:19:38, 1110.50, 22.18, 22.94, 21.047, 682, 1078, 2184, 3406, 4919, 5439, 5929, 6709, 21795, 1911, 0, 0, 225, 318, 767, 1547, 2644, 2737, 2607, 2206, 6210, 490, 0, 0
19:19:39, 1110.70, 22.18, 22.94, 21.039, 660, 1049, 2140, 3410, 4980, 5507, 6103, 6729, 20906, 1754, 0, 0, 215, 301, 733, 1496, 2587, 2680, 2545, 2144, 6031, 476, 0, 0
19:19:39, 1107.40, 22.18, 22.93, 21.055, 694, 1107, 2237, 3529, 5112, 5629, 6213, 6998, 23088, 1994, 0, 0, 230, 327, 788, 1581, 2761, 2857, 2729, 2318, 6553, 517, 0, 0
19:19:40, 1106.60, 22.18, 22.98, 21.055, 765, 1209, 2438, 3751, 5269, 5762, 6375, 7169, 24376, 2143, 0, 0, 232, 330, 794, 1597, 2757, 2851, 2720, 2305, 6528, 515, 0, 0
19:19:41, 1105.60, 22.18, 22.94, 21.055, 700, 1141, 2311, 3683, 5173, 5703, 6344, 7101, 22940, 1945, 0, 0, 227, 321, 774, 1562, 2736, 2832, 2702, 2294, 6486, 512, 0, 0
19:19:41, 1105.40, 22.18, 22.93, 21.055, 794, 1293, 2536, 3928, 5087, 5530, 6079, 6869, 23972, 2167, 0, 0, 241, 347, 826, 1642, 2802, 2899, 2774, 2366, 6696, 529, 0, 0
19:19:42, 1107.40, 22.18, 22.94, 21.070, 747, 1189, 2391, 3763, 4969, 5452, 6073, 6678, 21246, 1801, 0, 0, 218, 306, 742, 1510, 2624, 2718, 2585, 2183, 6135, 484, 0, 0
19:19:43, 1105.10, 22.17, 22.94, 21.070, 707, 1155, 2309, 3676, 5259, 5828, 6404, 7296, 23397, 2034, 0, 0, 230, 329, 790, 1580, 2760, 2855, 2732, 2330, 6529, 515, 0, 0
19:19:43, 1105.80, 22.17, 22.94, 21.070, 803, 1245, 2490, 3803, 5159, 5690, 6193, 7024, 22931, 2043, 0, 0, 235, 336, 805, 1611, 2734, 2830, 2696, 2287, 6399, 505, 0, 0
19:19:44, 1106.90, 22.17, 22.94, 21.070, 667, 1058, 2132, 3401, 4900, 5424, 6031, 6580, 19331, 1602, 0, 0, 221, 311, 753, 1526, 2656, 2752, 2624, 2223, 6189, 489, 0, 0
19:19:45, 1106.10, 22.17, 22.94, 21.078, 762, 1217, 2418, 3764, 5351, 6000, 6452, 7511, 24025, 2166, 0, 0, 240, 346, 825, 1639, 2813, 2911, 2786, 2379, 6640, 525, 0, 0
19:19:45, 1107.00, 22.17, 22.93, 21.078, 755, 1197, 2385, 3811, 5086, 5675, 6293, 6981, 20336, 1717, 0, 0, 223, 313, 760, 1541, 2671, 2769, 2632, 2223, 6162, 488, 0, 0
19:19:46, 1104.30, 22.17, 22.96, 21.078, 720, 1186, 2347, 3748, 5212, 5844, 6381, 7248, 21267, 1844, 0, 0, 232, 332, 792, 1583, 2774, 2870, 2746, 2343, 6536, 518, 0, 0
19:19:47, 1101.90, 22.17, 22.94, 21.086, 865, 1326, 2629, 4045, 5256, 5916, 6341, 7247, 22148, 1969, 0, 0, 243, 349, 835, 1664, 2833, 2931, 2798, 2381, 6598, 522, 0, 0
19:19:47, 1101.70, 22.17, 22.94, 21.086, 824, 1364, 2674, 4267, 5506, 6081, 6866, 7574, 20630, 1700, 0, 0, 237, 341, 815, 1624, 2816, 2914, 2787, 2379, 6608, 525, 0, 0
19:19:48, 1104.20, 22.17, 22.96, 21.078, 846, 1289, 2536, 3910, 5314, 5952, 6529, 7333, 20967, 1805, 0, 0, 243, 351, 836, 1658, 2779, 2874, 2742, 2333, 6422, 508, 0, 0
19:19:49, 1105.20, 22.17, 22.94, 21.086, 733, 1202, 2389, 3846, 5257, 5826, 6561, 7176, 19028, 1536, 0, 0, 227, 321, 775, 1564, 2687, 2783, 2650, 2246, 6168, 488, 0, 0
19:19:49, 1106.50, 22.16, 22.93, 21.086, 767, 1209, 2381, 3730, 5437, 6187, 6590, 7755, 23140, 2092, 0, 0, 234, 336, 804, 1602, 2758, 2855, 2730, 2328, 6449, 510, 0, 0
19:19:50, 1105.50, 22.16, 22.96, 21.094, 699, 1085, 2184, 3464, 5038, 5589, 6232, 6774, 18985, 1568, 0, 0, 225, 318, 768, 1549, 2718, 2818, 2688, 2284, 6291, 498, 0, 0
19:19:51, 1099.10, 22.16, 22.98, 21.102, 758, 1241, 2426, 3840, 5511, 6123, 6885, 7752, 22008, 1883, 0, 0, 240, 347, 825, 1635, 2882, 2980, 2856, 2447, 6784, 536, 0, 0
19:19:51, 1092.90, 22.16, 22.94, 21.102, 885, 1347, 2667, 4061, 5222, 5794, 6397, 7256, 21386, 1901, 0, 0, 261, 381, 903, 1775, 3056, 3158, 3035, 2607, 7183, 567, 0, 0
19:19:52, 1090.90, 22.16, 22.96, 21.094, 1056, 1764, 3362, 5123, 6463, 7095, 7980, 9193, 25619, 2165, 0, 0, 258, 382, 895, 1733, 2956, 3049, 2935, 2534, 6997, 553, 0, 0
19:19:53, 1090.70, 22.15, 22.94, 21.102, 1027, 1605, 3019, 4576, 6084, 6824, 7585, 8846, 24261, 2191, 0, 0, 260, 384, 906, 1764, 2920, 3011, 2892, 2486, 6768, 534, 0, 0
19:19:53, 1088.30, 22.15, 22.96, 21.102, 880, 1491, 2773, 4262, 6340, 7003, 7960, 9034, 22506, 1872, 0, 0, 261, 391, 911, 1751, 2943, 3029, 2925, 2534, 6891, 544, 0, 0
19:19:54, 1087.00, 22.15, 22.98, 21.094, 941, 1477, 2757, 4172, 5976, 6840, 7691, 8820, 22294, 1917, 0, 0, 268, 402, 939, 1802, 2988, 3075, 2963, 2558, 6930, 548, 0, 0
19:19:55, 1080.50, 22.15, 22.94, 21.086, 971, 1590, 2938, 4488, 6185, 6811, 7747, 9065, 21942, 1899, 0, 0, 282, 429, 992, 1880, 3190, 3275, 3176, 2769, 7567, 601, 0, 0
19:19:55, 1078.50, 22.15, 22.98, 21.086, 1183, 1902, 3350, 4952, 6536, 7695, 8343, 9862, 25756, 2472, 0, 0, 310, 480, 1094, 2040, 3337, 3426, 3326, 2909, 7917, 627, 0, 0
19:19:56, 1074.90, 22.15, 22.94, 21.086, 1308, 2203, 3927, 5937, 6289, 6997, 7843, 9098, 23438, 2115, 0, 0, 323, 497, 1135, 2124, 3527, 3620, 3524, 3092, 8523, 679, 0, 0
19:19:57, 1075.40, 22.14, 23.01, 21.102, 1319, 2050, 3672, 5277, 7868, 8713, 9912, 12082, 30905, 3096, 0, 0, 333, 520, 1178, 2177, 3508, 3598, 3504, 3075, 8359, 659, 0, 0
19:19:57, 1076.80, 22.14, 22.96, 21.102, 1441, 2431, 4292, 6411, 8022, 8859, 10041, 11711, 31012, 2802, 0, 0, 329, 504, 1154, 2162, 3557, 3657, 3556, 3112, 8594, 684, 0, 0
19:19:58, 1076.10, 22.14, 22.96, 21.102, 1554, 2361, 4297, 6278, 8304, 9328, 10464, 12812, 33981, 3370, 0, 1, 339, 524, 1191, 2214, 3600, 3698, 3601, 3163, 8675, 688, 0, 0
19:19:59, 1073.00, 22.15, 22.98, 21.102, 1452, 2499, 4348, 6444, 9107, 9747, 11535, 13824, 34425, 3224, 0, 1, 346, 535, 1216, 2264, 3746, 3852, 3759, 3310, 9060, 719, 0, 0
19:19:59, 1072.50, 22.15, 23.00, 21.102, 1449, 2290, 4058, 5933, 8345, 9381, 10530, 12707, 32807, 3285, 0, 1, 359, 561, 1267, 2337, 3773, 3875, 3789, 3344, 9086, 718, 0, 0
19:20:00, 1070.70, 22.15, 23.01, 21.094, 1647, 2900, 4959, 7339, 9998, 10620, 12717, 15504, 36000, 3552, 1, 1, 372, 583, 1313, 2414, 3937, 4042, 3956, 3494, 9485, 754, 0, 0
19:20:01, 1072.10, 22.15, 23.00, 21.094, 1471, 2468, 4251, 6229, 7925, 8731, 10004, 11739, 29646, 2771, 0, 0, 377, 589, 1330, 2451, 3975, 4083, 3998, 3533, 9514, 754, 0, 0
19:20:01, 1072.50, 22.15, 23.01, 21.094, 1536, 2518, 4413, 6537, 8018, 8875, 10295, 11822, 29839, 2659, 0, 0, 373, 583, 1316, 2427, 3913, 4019, 3927, 3461, 9340, 743, 0, 0
19:20:02, 1073.30, 22.15, 23.00, 21.086, 1548, 2461, 4333, 6421, 8247, 9295, 10699, 12606, 32064, 2992, 0, 0, 380, 593, 1340, 2471, 3961, 4072, 3986, 3517, 9512, 756, 0, 0
19:20:03, 1066.10, 22.15, 23.00, 21.086, 1635, 2786, 4784, 7008, 9003, 9621, 11379, 13210, 32001, 2943, 0, 0, 394, 622, 1390, 2534, 4105, 4212, 4141, 3676, 9938, 793, 0, 0
19:20:03, 1064.70, 22.15, 22.98, 21.078, 1658, 2783, 4680, 6694, 9962, 10410, 12670, 15081, 35226, 3637, 0, 1, 407, 648, 1440, 2603, 4148, 4254, 4192, 3726, 9919, 791, 0, 0
19:20:04, 1063.20, 22.14, 22.98, 21.086, 1757, 2972, 5064, 7021, 9938, 10480, 12226, 14827, 32721, 3015, 0, 1, 390, 622, 1378, 2491, 3963, 4066, 3997, 3552, 9228, 736, 0, 0
19:20:05, 1063.50, 22.14, 23.01, 21.086, 1731, 3036, 5092, 7111, 9727, 10727, 12292, 15813, 28583, 2300, 0, 0, 373, 595, 1323, 2406, 3873, 3974, 3907, 3465, 8839, 703, 0, 0
19:20:05, 1062.70, 22.14, 22.98, 21.086, 1661, 3013, 5165, 7142, 10959, 11815, 13943, 17411, 25009, 1981, 0, 0, 369, 593, 1310, 2368, 3797, 3892, 3831, 3402, 8541, 681, 0, 0
19:20:06, 1064.40, 22.14, 23.01, 21.086, 1368, 2496, 4249, 6086, 9097, 9942, 12115, 14481, 15641, 1311, 0, 0, 356, 565, 1265, 2311, 3709, 3800, 3734, 3291, 8186, 649, 0, 0
19:20:07, 1063.00, 22.14, 23.01, 21.086, 1640, 2985, 5035, 7024, 8395, 9021, 11218, 12942, 14400, 1265, 0, 0, 368, 592, 1312, 2373, 3779, 3864, 3808, 3369, 8332, 661, 0, 0
19:20:07, 1065.50, 22.13, 23.00, 21.078, 1734, 3339, 5497, 7911, 8229, 8800, 11048, 12550, 11967, 1052, 0, 0, 354, 565, 1265, 2315, 3698, 3784, 3717, 3265, 7999, 633, 0, 0
19:20:08, 1065.00, 22.13, 23.01, 21.086, 1404, 2619, 4414, 6464, 8394, 9312, 11692, 13844, 11512, 1027, 0, 0, 353, 566, 1263, 2305, 3695, 3777, 3712, 3268, 7991, 634, 0, 0
19:20:09, 1065.40, 22.13, 23.01, 21.086, 1750, 3197, 5300, 7629, 7213, 7750, 9511, 10975, 10607, 940, 0, 0, 344, 547, 1227, 2252, 3648, 3731, 3658, 3213, 7806, 618, 0, 0
19:20:09, 1064.70, 22.13, 23.00, 21.086, 1320, 2381, 4004, 5800, 6691, 6919, 8973, 9666, 9850, 863, 0, 0, 342, 546, 1221, 2232, 3625, 3706, 3642, 3213, 7773, 616, 0, 0
19:20:10, 1066.70, 22.13, 23.01, 21.094, 1396, 2522, 4249, 6069, 8446, 8968, 11184, 13164, 11075, 982, 0, 0, 325, 517, 1158, 2124, 3396, 3472, 3397, 2975, 7213, 569, 0, 0
19:20:11, 1064.90, 22.13, 23.03, 21.094, 1501, 2675, 4515, 6595, 7881, 8499, 10390, 12013, 10462, 902, 0, 0, 315, 502, 1124, 2057, 3280, 3342, 3273, 2865, 6977, 550, 0, 0
19:20:11, 1065.80, 22.13, 23.01, 21.086, 1549, 2796, 4582, 6676, 7926, 8720, 10374, 12423, 9759, 874, 0, 0, 304, 484, 1082, 1984, 3136, 3195, 3120, 2727, 6624, 521, 0, 0
19:20:12, 1066.00, 22.14, 23.03, 21.094, 1096, 1908, 3251, 4644, 6181, 6678, 8033, 9411, 7928, 688, 0, 0, 286, 455, 1024, 1884, 3003, 3056, 2982, 2602, 6320, 497, 0, 0
19:20:13, 1065.10, 22.14, 23.03, 21.094, 1192, 2100, 3477, 4996, 7097, 7696, 9417, 11583, 8649, 782, 0, 0, 280, 448, 1001, 1830, 2935, 2984, 2909, 2543, 6170, 485, 0, 0
19:20:13, 1066.00, 22.13, 23.01, 21.086, 1017, 1738, 2972, 4153, 8025, 8415, 10822, 13070, 8200, 756, 0, 0, 270, 431, 969, 1781, 2849, 2895, 2819, 2460, 5947, 465, 0, 0
19:20:14, 1066.20, 22.13, 23.03, 21.102, 1214, 2033, 3440, 4829, 6031, 6505, 7703, 9023, 8068, 705, 0, 0, 264, 421, 945, 1733, 2805, 2847, 2769, 2414, 5850, 458, 0, 0
19:20:15, 1066.70, 22.14, 23.03, 21.102, 1323, 2235, 3756, 5430, 5518, 5868, 6887, 8100, 7327, 629, 0, 0, 261, 417, 937, 1721, 2733, 2774, 2695, 2347, 5697, 447, 0, 0
19:20:15, 1065.00, 22.14, 23.03, 21.094, 1010, 1735, 2923, 4143, 6001, 6568, 7562, 9555, 7634, 679, 0, 0, 254, 406, 912, 1671, 2691, 2727, 2651, 2316, 5629, 442, 0, 0
19:20:16, 1063.70, 22.14, 23.05, 21.094, 981, 1604, 2745, 3775, 5288, 5586, 6508, 7490, 7591, 661, 0, 0, 250, 404, 901, 1637, 2611, 2641, 2570, 2246, 5476, 429, 0, 0
19:20:17, 1061.80, 22.14, 23.01, 21.094, 993, 1651, 2791, 3890, 5291, 5749, 6481, 7675, 7534, 667, 0, 0, 247, 398, 888, 1613, 2588, 2616, 2545, 2227, 5429, 425, 0, 0
19:20:17, 1057.50, 22.14, 23.03, 21.086, 969, 1568, 2675, 3629, 4625, 4885, 5514, 6317, 7536, 677, 0, 0, 262, 426, 941, 1695, 2726, 2752, 2684, 2359, 5753, 453, 0, 0
19:20:18, 1056.20, 22.14, 23.05, 21.094, 1166, 1883, 3045, 4095, 5496, 5762, 6581, 7803, 8840, 837, 0, 0, 289, 472, 1036, 1854, 2964, 2992, 2924, 2578, 6299, 496, 0, 0
19:20:19, 1054.60, 22.14, 23.01, 21.094, 1314, 2068, 3370, 4552, 7033, 7490, 8088, 10418, 10024, 976, 0, 0, 307, 500, 1096, 1962, 3155, 3183, 3117, 2756, 6774, 537, 0, 0
19:20:19, 1053.90, 22.13, 23.05, 21.094, 1709, 2887, 4361, 6125, 7415, 8055, 8414, 11421, 11391, 1113, 0, 0, 337, 552, 1207, 2154, 3426, 3463, 3402, 3015, 7387, 586, 0, 0
19:20:20, 1050.50, 22.13, 23.05, 21.094, 1806, 3173, 4654, 6698, 12479, 12318, 16275, 20004, 16235, 1671, 0, 0, 371, 609, 1318, 2330, 3706, 3740, 3689, 3286, 8092, 648, 0, 0
19:20:21, 1045.50, 22.13, 23.05, 21.094, 2028, 2889, 4823, 6185, 8726, 9844, 9641, 13574, 13957, 1479, 0, 0, 401, 662, 1425, 2504, 3925, 3957, 3915, 3505, 8654, 697, 0, 0
19:20:21, 1039.60, 22.13, 23.03, 21.094, 2587, 3679, 5710, 7809, 8357, 10019, 8420, 12673, 13970, 1693, 0, 0, 445, 739, 1568, 2721, 4289, 4321, 4296, 3877, 9562, 777, 0, 0
19:20:22, 1032.80, 22.12, 23.03, 21.086, 3390, 3884, 6726, 9060, 11139, 13053, 11808, 16872, 16729, 2208, 0, 0, 516, 869, 1800, 3058, 4750, 4775, 4774, 4362, 10895, 907, 0, 0
19:20:23, 1025.80, 22.12, 23.08, 21.086, 4218, 4703, 8330, 9904, 11850, 15757, 10423, 17757, 17180, 2887, 0, 0, 595, 1007, 2043, 3408, 5256, 5282, 5303, 4904, 12336, 1058, 0, 0
19:20:23, 1020.40, 22.12, 23.01, 21.078, 4574, 5650, 9111, 10706, 13016, 17211, 14297, 22148, 18745, 3436, 0, 0, 653, 1113, 2224, 3667, 5497, 5519, 5554, 5171, 13149, 1166, 0, 0
19:20:24, 1018.10, 22.12, 23.05, 21.078, 6051, 10947, 12195, 16520, 18244, 21846, 19240, 26928, 23415, 5229, 0, 0, 734, 1252, 2468, 4003, 5940, 5967, 6023, 5621, 14178, 1260, 0, 0
19:20:25, 1014.50, 22.12, 23.07, 21.086, 5903, 11032, 13028, 16572, 21014, 21677, 18063, 31864, 22469, 6359, 0, 0, 761, 1304, 2544, 4116, 6120, 6134, 6218, 5846, 14882, 1381, 0, 0
19:20:25, 1011.30, 22.12, 23.07, 21.086, 7745, 5613, 13077, 11818, 10298, 23016, 10724, 29429, 18593, 6843, 0, 0, 778, 1324, 2556, 4124, 6166, 6176, 6250, 5898, 14879, 1449, 0, 0
19:20:26, 1011.00, 22.12, 23.05, 21.086, 7699, 4969, 13303, 14574, 14359, 20708, 12955, 27557, 18836, 7262, 0, 0, 674, 1077, 1989, 3488, 5076, 4884, 4690, 4694, 12499, 1972, 0, 0
19:20:27, 1009.40, 22.12, 23.07, 21.102, 6988, 4503, 11317, 13879, 13475, 21394, 8930, 20178, 18447, 7024, 0, 0, 744, 1221, 2266, 3741, 5842, 5826, 5847, 5609, 14384, 1603, 0, 0
19:20:27, 1008.80, 22.12, 23.08, 21.094, 8018, 5558, 13094, 11688, 12211, 19273, 11085, 28653, 19867, 7504, 0, 0, 838, 1434, 2747, 4378, 6476, 6490, 6592, 6241, 16100, 1555, 0, 0
19:20:28, 1009.60, 22.12, 23.07, 21.094, 7618, 4388, 10207, 13037, 6366, 23604, 8328, 16923, 19609, 7506, 0, 0, 1382, 2390, 3800, 5312, 7802, 8457, 8835, 10486, 24957, 6920, 0, 0
19:20:29, 1009.80, 22.12, 23.12, 21.070, 8477, 11088, 15078, 18017, 11546, 23001, 11947, 29558, 23177, 7990, 0, 0, 2607, 4154, 5996, 8215, 15444, 18496, 17514, 23714, 35068, 13119, 0, 1
19:20:29, 1009.70, 22.13, 23.07, 21.016, 4384, 3024, 4352, 6785, 7109, 20196, 17838, 16916, 31595, 9367, 0, 0, 3582, 5672, 7961, 10705, 15534, 17086, 19795, 24728, 36000, 27858, 1, 1
19:20:30, 1009.50, 22.15, 23.07, 21.016, 10025, 13798, 14514, 21676, 10085, 23678, 26646, 29459, 35761, 10247, 0, 1, 3730, 5517, 8564, 10378, 16363, 17231, 18742, 23156, 36000, 17530, 1, 1
19:20:31, 1010.10, 22.17, 23.10, 20.953, 8219, 17627, 23473, 24005, 32439, 26385, 33323, 36000, 36000, 27251, 1, 1, 5488, 9384, 12844, 16075, 16630, 17837, 20926, 25959, 36000, 22266, 1, 1
19:20:31, 1009.90, 22.16, 23.10, 20.898, 2169, 6543, 8170, 13895, 15574, 18359, 23777, 21101, 36000, 36000, 1, 1, 5670, 9756, 13060, 16307, 22644, 24093, 29397, 35088, 36000, 36000, 1, 1
19:20:32, 1009.40, 22.20, 23.12, 20.898, 5799, 10109, 12985, 16455, 21117, 18847, 26700, 27767, 36000, 36000, 1, 1, 5460, 8089, 11897, 14055, 16327, 17251, 21785, 25081, 36000, 36000, 1, 1
19:20:33, 1009.30, 22.21, 23.14, 20.758, 11200, 19297, 28599, 34760, 28348, 35520, 33476, 36000, 36000, 36000, 1, 1, 955, 1464, 1887, 2410, 3083, 3215, 4181, 4911, 12939, 7945, 0, 0
