Secchi Depth (cm) = 0115
Forel Ule Scale = 10
pH Colour Scale = 99
SensingSecchi S/N = A016
Latitude (degs N) = 34.14013
Longitude (degs E) = -77.86225
Date = 2026-04-10
Time (UTC), Pressure (mbar) MS5803, Temp (deg C) MS5803, Temp (deg C) 10KTHERM, Temp (deg C) TMP117, ED 415nm, ED 445nm, ED 480nm, ED 515nm, ED 555nm, ED 590nm, ED 630nm, ED 680nm, ED Clear, ED NIR, ED D-SAT, ED A-SAT, EU 415nm, EU 445nm, EU 480nm, EU 515nm, EU 555nm, EU 590nm, EU 630nm, EU 680nm, EU Clear, EU NIR, EU D-SAT, EU A-SAT
18:14:30, 1021.50, 22.57, 21.75, 23.156, 10847, 21559, 27690, 35705, 36000, 36000, 36000, 36000, 36000, 36000, 1, 1, 7144, 12969, 17260, 21498, 27621, 27695, 34583, 36000, 36000, 36000, 1, 1
18:14:30, 1021.60, 22.57, 21.77, 23.156, 9879, 15294, 19772, 24298, 25463, 26384, 28612, 36000, 36000, 36000, 1, 1, 12333, 21295, 29783, 35748, 36000, 36000, 36000, 36000, 36000, 36000, 1, 1
18:14:31, 1021.50, 22.58, 21.80, 23.180, 8790, 13018, 17765, 20748, 23442, 25367, 24507, 34498, 36000, 36000, 1, 1, 11426, 19799, 27579, 33367, 36000, 36000, 36000, 36000, 36000, 36000, 1, 1
18:14:32, 1021.60, 22.58, 21.78, 23.211, 7661, 8535, 13994, 13126, 13544, 15700, 11037, 20908, 36000, 36000, 1, 1, 13074, 22634, 31621, 36000, 36000, 36000, 36000, 36000, 36000, 36000, 1, 1
18:14:32, 1021.40, 22.58, 21.78, 23.211, 7918, 9741, 14606, 14047, 16824, 20308, 16397, 28203, 36000, 36000, 1, 1, 12962, 22231, 31183, 36000, 36000, 36000, 36000, 36000, 36000, 36000, 1, 1
18:14:33, 1021.50, 22.58, 21.80, 23.234, 7355, 6808, 12175, 10645, 13277, 17817, 11069, 19834, 36000, 36000, 1, 1, 13999, 23995, 33596, 36000, 36000, 36000, 36000, 36000, 36000, 36000, 1, 1
18:14:34, 1021.40, 22.59, 21.82, 23.273, 7195, 6120, 11434, 8972, 12239, 16345, 10366, 18720, 36000, 36000, 1, 1, 14202, 24275, 34068, 36000, 36000, 36000, 36000, 36000, 36000, 36000, 1, 1
18:14:34, 1021.60, 22.59, 21.77, 23.273, 7469, 7776, 13112, 12717, 17982, 21380, 18468, 27808, 36000, 36000, 1, 1, 12104, 20770, 29100, 35329, 36000, 36000, 36000, 36000, 36000, 36000, 1, 1
18:14:35, 1019.70, 22.56, 21.82, 23.297, 6398, 5942, 11060, 8349, 8042, 7606, 6629, 9571, 36000, 36000, 1, 1, 14332, 23615, 33958, 36000, 36000, 36000, 36000, 36000, 36000, 36000, 1, 1
18:14:36, 1021.80, 22.61, 21.82, 23.320, 15297, 23825, 35355, 35984, 35208, 36000, 36000, 36000, 33057, 27260, 1, 1, 1015, 1459, 1785, 2220, 2564, 3219, 4398, 6140, 20603, 18053, 0, 0
18:14:36, 1022.00, 22.62, 21.85, 23.320, 2710, 2607, 4797, 3835, 2659, 2452, 2843, 3409, 5709, 3511, 0, 0, 1190, 1795, 2261, 2824, 3381, 4088, 5147, 7084, 23161, 19204, 0, 0
18:14:37, 1021.70, 22.58, 21.82, 23.320, 490, 688, 847, 885, 1467, 1417, 1578, 1813, 7346, 4250, 0, 0, 4360, 6539, 8889, 10768, 6476, 7447, 10733, 15037, 35947, 33913, 0, 1
18:14:38, 1021.90, 22.55, 21.82, 23.312, 5496, 9759, 13367, 16836, 27200, 29467, 35334, 36000, 19573, 9300, 1, 1, 2109, 2921, 3649, 4839, 6565, 7394, 10521, 14870, 36000, 33501, 1, 1
18:14:38, 1021.40, 22.55, 21.83, 23.312, 9620, 17788, 23371, 31690, 32476, 32286, 36000, 36000, 36000, 13925, 1, 1, 2630, 3398, 4772, 5342, 6327, 7816, 10472, 14716, 36000, 35523, 1, 1
18:14:39, 1022.00, 22.56, 21.82, 23.305, 9466, 17649, 23279, 31511, 1364, 1328, 1467, 1535, 5851, 1873, 0, 0, 1988, 2580, 3360, 3984, 5344, 7069, 9941, 14933, 36000, 36000, 1, 1
18:14:40, 1021.70, 22.60, 21.83, 23.320, 634, 976, 1203, 1248, 1208, 1136, 1286, 1337, 4946, 1399, 0, 0, 1360, 1821, 2210, 2757, 2927, 3778, 5365, 7608, 22690, 18754, 0, 0
18:14:40, 1021.90, 22.62, 21.82, 23.320, 689, 1060, 1309, 1369, 1426, 1365, 1549, 1613, 6006, 1825, 0, 0, 2064, 2807, 3593, 4282, 4904, 5905, 8214, 11370, 36000, 35596, 1, 1
18:14:41, 1021.80, 22.61, 21.85, 23.344, 478, 739, 996, 1171, 2011, 2396, 3407, 4249, 12124, 5961, 0, 0, 2543, 3753, 4685, 5672, 6251, 7297, 10156, 13911, 36000, 34805, 1, 1
18:14:42, 1021.40, 22.59, 21.82, 23.375, 1846, 2494, 3547, 4158, 4711, 5924, 8767, 11374, 34591, 17886, 0, 1, 2289, 3339, 4156, 4980, 4624, 5734, 8106, 11352, 35704, 29948, 0, 1
18:14:42, 1022.30, 22.61, 21.87, 23.375, 1995, 2066, 3140, 3040, 3386, 3488, 4679, 5771, 16011, 8470, 0, 0, 4278, 5759, 7931, 9549, 11269, 13052, 17816, 23402, 36000, 36000, 1, 1
18:14:43, 1022.70, 22.64, 21.89, 23.406, 12764, 22119, 31237, 35158, 36000, 36000, 36000, 36000, 36000, 36000, 1, 1, 2914, 4302, 5754, 7273, 10911, 12091, 13898, 16596, 35837, 28062, 0, 1
18:14:44, 1022.10, 22.65, 21.85, 23.406, 8270, 13568, 18934, 22054, 2951, 2945, 3189, 4015, 10471, 6891, 0, 0, 1177, 2126, 2985, 4095, 14665, 16697, 17164, 19221, 29708, 21033, 0, 0
18:14:44, 1022.80, 22.61, 21.85, 23.367, 11096, 20804, 28674, 32927, 5595, 9861, 7089, 9943, 14722, 6499, 0, 1, 560, 1035, 1998, 3062, 4272, 3902, 3523, 3093, 10877, 970, 0, 0
18:14:45, 1028.10, 22.23, 21.85, 21.125, 11173, 17796, 25563, 29070, 26389, 28950, 33538, 34320, 35106, 34665, 0, 1, 572, 1067, 2058, 3092, 4259, 3895, 3495, 3052, 11056, 886, 0, 0
18:14:45, 1029.20, 21.92, 21.87, 21.125, 10524, 16108, 19240, 21306, 24265, 26373, 31053, 35114, 36000, 36000, 1, 1, 591, 1107, 2179, 3324, 4617, 4216, 3782, 3263, 12179, 945, 0, 0
18:14:46, 1029.40, 21.70, 21.85, 19.211, 10779, 17856, 27473, 24969, 24908, 31906, 33944, 35771, 36000, 35965, 1, 1, 594, 1109, 2176, 3300, 4490, 4114, 3704, 3210, 11915, 928, 0, 0
18:14:47, 1032.00, 21.55, 21.83, 18.445, 10855, 17131, 21463, 20563, 30604, 33199, 31463, 35902, 36000, 35312, 1, 1, 584, 1089, 2150, 3269, 4586, 4204, 3782, 3271, 12132, 931, 0, 0
18:14:47, 1033.10, 21.46, 21.87, 18.445, 10274, 16418, 23114, 22240, 30428, 33882, 26336, 35273, 36000, 34721, 1, 1, 572, 1071, 2118, 3231, 4461, 4088, 3668, 3172, 11682, 893, 0, 0
18:14:48, 1033.20, 21.37, 21.83, 18.078, 7563, 14897, 24463, 20406, 22159, 31001, 25370, 34045, 36000, 32347, 1, 1, 562, 1057, 2097, 3218, 4479, 4095, 3667, 3156, 11628, 884, 0, 0
18:14:49, 1033.80, 21.31, 21.82, 17.852, 6166, 13373, 20595, 19448, 32888, 32893, 32811, 36000, 36000, 36000, 1, 1, 567, 1063, 2123, 3270, 4626, 4219, 3762, 3220, 11837, 894, 0, 0
18:14:49, 1034.70, 21.25, 21.85, 17.852, 8063, 18026, 27323, 25365, 35344, 34418, 36000, 36000, 36000, 33799, 1, 1, 540, 1014, 2035, 3158, 4469, 4065, 3623, 3090, 10991, 833, 0, 0
18:14:50, 1037.50, 21.20, 21.89, 17.758, 7078, 16536, 19559, 17769, 34482, 24467, 32576, 36000, 36000, 20541, 1, 1, 509, 964, 1924, 2991, 4189, 3814, 3410, 2914, 9917, 745, 0, 0
18:14:51, 1035.10, 21.15, 21.89, 17.719, 7776, 14982, 17922, 20509, 31882, 26582, 32832, 35907, 35893, 4098, 0, 1, 493, 936, 1862, 2886, 4052, 3681, 3327, 2819, 9405, 703, 0, 0
18:14:51, 1031.50, 21.09, 21.85, 17.719, 8042, 15470, 17240, 20424, 31768, 25686, 35953, 36000, 18520, 3661, 1, 1, 496, 940, 1873, 2900, 4100, 3724, 3380, 2836, 9044, 685, 0, 0
18:14:52, 1033.30, 21.04, 21.87, 17.687, 6883, 16191, 17677, 29011, 29181, 23047, 30899, 30929, 24445, 7296, 0, 0, 472, 891, 1792, 2774, 3981, 3617, 3277, 2744, 8464, 641, 0, 0
18:14:53, 1031.20, 21.01, 21.87, 17.687, 7264, 10914, 13129, 21803, 10855, 12703, 14759, 19565, 8574, 2075, 0, 0, 479, 902, 1805, 2758, 3895, 3547, 3219, 2710, 8106, 601, 0, 0
18:14:53, 1026.80, 20.97, 21.90, 17.687, 7289, 10409, 14677, 17377, 24027, 21912, 34741, 36000, 9363, 3573, 1, 1, 504, 932, 1845, 2826, 4075, 3703, 3352, 2817, 8444, 757, 0, 0
18:14:54, 1028.60, 20.91, 21.87, 17.680, 7653, 17865, 16659, 34236, 25026, 26781, 31509, 33943, 19286, 8380, 0, 1, 519, 963, 1930, 2943, 4138, 3792, 3403, 2876, 8554, 714, 0, 0
18:14:55, 1033.50, 20.86, 21.87, 17.672, 11755, 16002, 22157, 26169, 22087, 24430, 22212, 25923, 17817, 4906, 0, 0, 523, 996, 1996, 3062, 4411, 4025, 3642, 3080, 8992, 655, 0, 0
18:14:55, 1028.40, 20.81, 21.85, 17.672, 10167, 18251, 20536, 28128, 32573, 35229, 34324, 36000, 22095, 7595, 1, 1, 489, 929, 1872, 2866, 4144, 3762, 3396, 2844, 8408, 599, 0, 0
18:14:56, 1028.40, 20.77, 21.87, 17.648, 4893, 10925, 11416, 21492, 25901, 33127, 31366, 35887, 18139, 7846, 0, 1, 532, 1003, 2006, 3078, 4502, 4088, 3696, 3098, 9363, 702, 0, 0
18:14:57, 1032.70, 20.73, 21.89, 17.648, 4578, 11657, 10427, 20830, 11924, 13872, 14795, 16969, 9687, 2658, 0, 0, 478, 900, 1803, 2777, 3935, 3573, 3247, 2721, 8321, 631, 0, 0
18:14:57, 1030.50, 20.70, 21.85, 17.648, 6774, 14522, 14310, 25876, 25281, 30478, 33757, 35213, 21442, 7831, 0, 1, 474, 897, 1804, 2772, 4094, 3710, 3362, 2805, 8610, 622, 0, 0
18:14:58, 1032.90, 20.66, 21.87, 17.633, 4931, 7707, 9320, 17921, 18740, 19597, 22411, 23161, 14740, 4870, 0, 0, 488, 920, 1855, 2857, 4265, 3869, 3504, 2935, 8830, 652, 0, 0
18:14:59, 1032.30, 20.63, 21.90, 17.633, 3627, 3371, 6434, 5572, 7125, 7756, 8470, 10267, 16179, 6723, 0, 0, 453, 854, 1733, 2651, 3884, 3523, 3189, 2655, 7881, 558, 0, 0
18:14:59, 1030.90, 20.60, 21.90, 17.625, 8735, 14123, 15817, 26369, 12689, 13226, 17431, 19135, 15009, 5833, 0, 0, 490, 927, 1866, 2850, 4016, 3641, 3301, 2760, 8179, 612, 0, 0
18:15:00, 1034.80, 20.57, 21.85, 17.633, 1305, 2596, 2933, 4692, 3546, 3810, 4028, 5174, 8406, 2458, 0, 0, 520, 983, 1987, 3066, 4322, 3933, 3551, 2977, 8848, 646, 0, 0
18:15:01, 1032.00, 20.55, 21.83, 17.633, 5843, 10844, 12658, 20057, 25687, 27101, 35791, 36000, 19388, 7700, 1, 1, 480, 905, 1848, 2838, 3964, 3623, 3254, 2714, 7918, 576, 0, 0
18:15:01, 1036.60, 20.54, 21.87, 17.625, 9030, 18345, 21000, 32582, 31463, 35917, 29792, 36000, 20994, 7920, 1, 1, 480, 899, 1848, 2846, 4321, 3942, 3535, 2938, 8630, 632, 0, 0
18:15:02, 1032.20, 20.52, 21.87, 17.625, 6544, 13666, 15039, 18588, 14659, 15280, 18611, 21644, 9058, 4022, 0, 0, 498, 933, 1924, 2962, 4822, 4404, 3947, 3315, 9496, 678, 0, 0
18:15:03, 1036.30, 20.49, 21.89, 17.625, 620, 716, 937, 1344, 6734, 7040, 7983, 8657, 12053, 5193, 0, 0, 484, 904, 1854, 2845, 3961, 3672, 3273, 2771, 8100, 614, 0, 0
18:15:03, 1035.80, 20.46, 21.89, 17.625, 1620, 2568, 3535, 5476, 8100, 7562, 10864, 10099, 12526, 4005, 0, 0, 523, 996, 2013, 3108, 4204, 3858, 3464, 2927, 8605, 609, 0, 0
18:15:04, 1035.00, 20.44, 21.85, 17.633, 405, 540, 556, 941, 917, 1094, 1408, 1534, 3122, 2122, 0, 0, 550, 1044, 2092, 3217, 5075, 4645, 4184, 3602, 10710, 799, 0, 0
18:15:05, 1037.00, 20.42, 21.87, 17.633, 618, 809, 858, 1707, 4907, 5477, 8553, 7177, 16259, 5639, 0, 0, 590, 1127, 2248, 3462, 4448, 4096, 3659, 3128, 9504, 693, 0, 0
18:15:05, 1027.30, 20.40, 21.90, 17.617, 2436, 3436, 4537, 7724, 3553, 3944, 4446, 4631, 15662, 8274, 0, 0, 648, 1226, 2388, 3619, 5253, 4843, 4344, 3770, 11756, 912, 0, 0
18:15:06, 1031.90, 20.37, 21.87, 17.633, 8744, 14529, 21585, 21658, 22644, 18653, 24166, 28100, 36000, 32193, 1, 1, 738, 1375, 2696, 4071, 5605, 5204, 4648, 4039, 13547, 1012, 0, 0
18:15:07, 1028.30, 20.34, 21.87, 17.633, 7630, 12888, 14954, 17652, 14192, 17677, 11419, 20756, 36000, 32111, 1, 1, 733, 1363, 2659, 4040, 5335, 4961, 4444, 3856, 13685, 1025, 0, 0
18:15:07, 1029.40, 20.32, 21.89, 17.633, 6148, 11128, 13646, 17825, 19831, 21327, 21223, 25530, 35666, 31436, 0, 1, 670, 1250, 2463, 3756, 5182, 4772, 4297, 3669, 14008, 1037, 0, 0
18:15:08, 1028.50, 20.31, 21.89, 17.633, 8457, 16321, 18531, 22081, 22847, 26660, 25925, 30410, 36000, 32952, 1, 1, 627, 1168, 2306, 3500, 4996, 4586, 4126, 3537, 13583, 1030, 0, 0
18:15:09, 1028.70, 20.29, 21.89, 17.633, 10388, 16303, 23913, 24746, 30148, 33920, 30478, 36000, 36000, 36000, 1, 1, 574, 1062, 2123, 3206, 4418, 4057, 3635, 3121, 12251, 939, 0, 0
18:15:09, 1027.30, 20.29, 21.85, 17.625, 10674, 18529, 21757, 28657, 26191, 34286, 32443, 36000, 36000, 36000, 1, 1, 676, 1267, 2460, 3740, 5090, 4710, 4245, 3660, 13775, 1048, 0, 0
18:15:10, 1028.30, 20.29, 21.90, 17.633, 10948, 16004, 24864, 26564, 23649, 21832, 28565, 32746, 36000, 35595, 1, 1, 703, 1303, 2562, 3882, 5257, 4888, 4372, 3799, 13515, 1006, 0, 0
18:15:11, 1027.30, 20.29, 21.90, 17.633, 11640, 19700, 17986, 28782, 32344, 34076, 36000, 36000, 36000, 36000, 1, 1, 680, 1256, 2452, 3693, 5240, 4869, 4355, 3803, 12969, 990, 0, 0
18:15:11, 1028.70, 20.28, 21.83, 17.633, 5710, 11850, 15683, 17215, 13903, 13888, 16280, 18383, 31416, 18369, 0, 0, 673, 1253, 2477, 3745, 5180, 4784, 4264, 3698, 12308, 925, 0, 0
18:15:12, 1027.00, 20.27, 21.87, 17.633, 7999, 14580, 19338, 17453, 35928, 30003, 35956, 35726, 36000, 36000, 1, 1, 607, 1128, 2194, 3317, 4641, 4310, 3834, 3367, 11082, 900, 0, 0
18:15:13, 1027.80, 20.25, 21.89, 17.633, 12398, 15852, 19341, 20552, 24453, 24251, 25748, 26872, 35152, 27253, 0, 1, 540, 1006, 1971, 2993, 4197, 3893, 3492, 3051, 9771, 780, 0, 0
18:15:13, 1027.90, 20.23, 21.87, 17.625, 9817, 18568, 26208, 26159, 36000, 36000, 36000, 36000, 36000, 36000, 1, 1, 640, 1204, 2341, 3536, 5107, 4705, 4233, 3700, 11453, 901, 0, 0
18:15:14, 1026.60, 20.21, 21.85, 17.625, 7809, 13612, 18541, 18989, 26672, 27704, 29811, 33967, 23801, 5840, 0, 1, 671, 1272, 2489, 3793, 5244, 4810, 4323, 3729, 11592, 898, 0, 0
18:15:15, 1029.20, 20.19, 21.89, 17.617, 12267, 19376, 27112, 24655, 24229, 25799, 27453, 30789, 28230, 16868, 0, 0, 635, 1204, 2363, 3612, 5066, 4644, 4171, 3582, 11221, 862, 0, 0
18:15:15, 1026.10, 20.18, 21.89, 17.617, 7937, 14501, 19253, 18357, 28604, 28461, 32965, 36000, 22994, 5375, 1, 1, 594, 1130, 2229, 3421, 4813, 4422, 3967, 3396, 10428, 826, 0, 0
18:15:16, 1028.00, 20.16, 21.85, 17.617, 14003, 19283, 25711, 26055, 28226, 28514, 29015, 32969, 35463, 14650, 0, 1, 556, 1035, 2050, 3134, 4500, 4160, 3728, 3189, 9686, 789, 0, 0
18:15:17, 1026.30, 20.15, 21.90, 17.617, 9685, 14352, 19719, 19498, 34352, 36000, 33643, 36000, 28984, 10070, 1, 1, 548, 1026, 2035, 3133, 4544, 4195, 3766, 3222, 9793, 797, 0, 0
18:15:17, 1030.40, 20.15, 21.90, 17.625, 8518, 14211, 17535, 24589, 17949, 18508, 23382, 28222, 14022, 4552, 0, 0, 617, 1169, 2303, 3510, 4709, 4328, 3884, 3321, 10019, 785, 0, 0
18:15:18, 1028.80, 20.15, 21.90, 17.625, 4903, 10856, 15299, 20856, 16915, 28051, 30390, 35652, 11388, 2923, 0, 1, 575, 1097, 2176, 3341, 4616, 4232, 3798, 3222, 9663, 725, 0, 0
18:15:19, 1026.90, 20.14, 21.90, 17.617, 9067, 15081, 20853, 18836, 25582, 26033, 35454, 36000, 18374, 5646, 1, 1, 593, 1084, 2115, 3204, 4451, 4137, 3739, 3272, 10110, 1188, 0, 0
18:15:19, 1027.50, 20.14, 21.89, 17.633, 10010, 18745, 25473, 23050, 34450, 36000, 36000, 36000, 33803, 8542, 1, 1, 599, 1137, 2231, 3416, 4892, 4485, 4042, 3462, 10589, 817, 0, 0
18:15:20, 1031.10, 20.13, 21.90, 17.633, 6399, 12776, 17966, 19481, 26254, 30220, 27581, 32699, 16587, 4324, 0, 1, 616, 1176, 2332, 3583, 4956, 4539, 4090, 3498, 10758, 810, 0, 0
18:15:21, 1032.40, 20.12, 21.89, 17.625, 8371, 12855, 17825, 17245, 30174, 35479, 34819, 36000, 20095, 4015, 1, 1, 595, 1132, 2247, 3444, 4727, 4340, 3900, 3344, 10241, 767, 0, 0
18:15:21, 1030.00, 20.13, 21.90, 17.625, 6973, 12089, 20280, 17955, 24361, 27063, 35080, 36000, 20472, 4439, 1, 1, 579, 1099, 2171, 3323, 4469, 4130, 3709, 3181, 9857, 743, 0, 0
18:15:22, 1030.00, 20.14, 21.90, 17.625, 7476, 15956, 23801, 22145, 28545, 29962, 31654, 35966, 26744, 5577, 0, 1, 582, 1098, 2177, 3348, 4479, 4145, 3717, 3183, 9956, 758, 0, 0
18:15:23, 1034.30, 20.12, 21.89, 17.625, 6728, 14821, 20961, 21125, 33379, 32881, 35324, 36000, 34041, 6271, 1, 1, 590, 1121, 2228, 3437, 4769, 4393, 3927, 3362, 10508, 778, 0, 0
18:15:23, 1032.80, 20.11, 21.90, 17.633, 4038, 8896, 10486, 17659, 24894, 24172, 34601, 36000, 32478, 4612, 1, 1, 603, 1143, 2264, 3457, 4730, 4362, 3904, 3354, 10545, 782, 0, 0
18:15:24, 1027.30, 20.09, 21.90, 17.633, 7043, 15645, 18627, 21256, 27728, 26585, 32550, 36000, 35895, 6149, 1, 1, 638, 1203, 2352, 3551, 4668, 4312, 3872, 3363, 10748, 832, 0, 0
18:15:25, 1029.40, 20.08, 21.90, 17.625, 8007, 16723, 27538, 23816, 30430, 27391, 34956, 36000, 36000, 9282, 1, 1, 628, 1181, 2317, 3526, 4750, 4394, 3924, 3403, 10918, 838, 0, 0
18:15:25, 1033.90, 20.07, 21.89, 17.625, 6851, 13286, 18656, 19655, 29989, 31419, 32891, 36000, 36000, 10873, 1, 1, 635, 1203, 2384, 3659, 5054, 4654, 4143, 3561, 11298, 838, 0, 0
18:15:26, 1027.30, 20.06, 21.89, 17.625, 9285, 16302, 25877, 24171, 33218, 35713, 35785, 36000, 36000, 15401, 1, 1, 631, 1188, 2345, 3563, 4863, 4488, 4018, 3492, 11114, 855, 0, 0
18:15:27, 1025.50, 20.05, 21.89, 17.617, 10387, 19848, 26782, 29114, 34262, 36000, 34167, 36000, 36000, 36000, 1, 1, 666, 1240, 2419, 3642, 4810, 4462, 3998, 3509, 11464, 902, 0, 0
18:15:27, 1028.20, 20.04, 21.89, 17.617, 10274, 16601, 20242, 26846, 31171, 31209, 27595, 36000, 36000, 35282, 1, 1, 693, 1292, 2530, 3829, 5122, 4744, 4229, 3689, 12154, 935, 0, 0
18:15:28, 1033.90, 20.03, 21.89, 17.625, 8394, 15991, 19945, 24267, 23642, 23797, 30896, 32853, 36000, 31433, 1, 1, 643, 1205, 2370, 3597, 5069, 4694, 4186, 3612, 11888, 874, 0, 0
18:15:29, 1034.40, 20.02, 21.89, 17.633, 7771, 17931, 21800, 29977, 30618, 30835, 35692, 36000, 36000, 30124, 1, 1, 642, 1194, 2354, 3547, 5069, 4708, 4246, 3687, 12054, 886, 0, 0
18:15:29, 1036.80, 20.02, 21.90, 17.633, 6825, 15157, 22690, 26640, 32343, 31845, 36000, 36000, 36000, 35531, 1, 1, 683, 1275, 2522, 3828, 5468, 5067, 4524, 3898, 12870, 938, 0, 0
18:15:30, 1042.40, 20.02, 21.92, 17.617, 6098, 10417, 17608, 12715, 30383, 20647, 25425, 33338, 36000, 25426, 1, 1, 680, 1279, 2561, 3933, 5376, 4972, 4438, 3793, 12732, 899, 0, 0
18:15:31, 1034.30, 20.02, 21.92, 17.609, 4593, 11657, 10142, 14803, 27359, 24836, 33960, 36000, 36000, 23606, 1, 1, 672, 1254, 2486, 3767, 5189, 4822, 4334, 3742, 12583, 906, 0, 0
18:15:31, 1032.00, 19.99, 21.90, 17.609, 8564, 16071, 17925, 29640, 36000, 35018, 36000, 36000, 36000, 36000, 1, 1, 684, 1270, 2493, 3766, 5229, 4857, 4365, 3778, 13104, 961, 0, 0
18:15:32, 1040.20, 19.97, 21.92, 17.602, 7866, 16049, 19622, 24349, 18449, 17870, 23354, 27578, 36000, 18806, 1, 1, 676, 1261, 2525, 3864, 5353, 4972, 4437, 3806, 13133, 925, 0, 0
18:15:32, 1032.70, 19.94, 21.90, 17.602, 8698, 16083, 20225, 28479, 24966, 22563, 31402, 35962, 36000, 32490, 1, 1, 665, 1247, 2462, 3751, 5210, 4848, 4360, 3787, 13169, 947, 0, 0
18:15:33, 1028.60, 19.93, 21.89, 17.602, 8293, 17009, 20805, 31683, 35061, 32529, 36000, 36000, 36000, 36000, 1, 1, 730, 1357, 2664, 4049, 5572, 5180, 4645, 4027, 14278, 1065, 0, 0
18:15:34, 1035.30, 19.92, 21.90, 17.602, 8072, 16899, 18494, 24819, 20700, 20712, 22298, 31634, 36000, 33686, 1, 1, 710, 1329, 2631, 4013, 5381, 4992, 4469, 3838, 13718, 980, 0, 0
18:15:34, 1029.10, 19.90, 21.94, 17.617, 7458, 12048, 19421, 19816, 22820, 22768, 25648, 35197, 36000, 36000, 1, 1, 713, 1339, 2620, 3995, 5425, 5040, 4550, 3931, 14115, 1035, 0, 0
18:15:35, 1030.80, 19.89, 21.92, 17.617, 7588, 17654, 20626, 28711, 31832, 33735, 36000, 36000, 36000, 36000, 1, 1, 723, 1346, 2644, 4031, 5481, 5075, 4554, 3923, 14142, 1042, 0, 0
18:15:36, 1037.80, 19.88, 21.94, 17.609, 6596, 13928, 16050, 21968, 24647, 29204, 27679, 31235, 36000, 30021, 1, 1, 689, 1296, 2566, 3912, 5168, 4780, 4299, 3673, 13284, 938, 0, 0
18:15:36, 1029.20, 19.88, 21.92, 17.609, 6665, 12826, 14690, 20921, 21555, 21725, 23151, 29948, 36000, 35818, 1, 1, 715, 1339, 2618, 3967, 5258, 4862, 4408, 3791, 13953, 1037, 0, 0
18:15:37, 1037.50, 19.86, 21.90, 17.609, 5273, 9434, 11764, 16632, 20792, 17363, 21915, 24291, 36000, 35520, 1, 1, 674, 1261, 2509, 3833, 4944, 4562, 4102, 3488, 12835, 923, 0, 0
18:15:38, 1035.80, 19.85, 21.92, 17.602, 8921, 16838, 18481, 27148, 26276, 28244, 29802, 32518, 36000, 32962, 1, 1, 631, 1192, 2363, 3612, 5012, 4638, 4193, 3594, 13037, 929, 0, 0
18:15:38, 1029.30, 19.84, 21.94, 17.609, 5210, 10966, 13900, 18600, 26040, 24070, 30178, 32127, 36000, 36000, 1, 1, 676, 1269, 2485, 3791, 5481, 5048, 4558, 3917, 14395, 1086, 0, 0
18:15:39, 1038.40, 19.82, 21.90, 17.609, 5656, 10469, 15028, 17720, 27650, 28024, 26872, 34093, 36000, 24738, 1, 1, 596, 1126, 2272, 3516, 5075, 4664, 4178, 3550, 13305, 955, 0, 0
18:15:40, 1026.00, 19.80, 21.90, 17.594, 8276, 14862, 19444, 21129, 26927, 31557, 28984, 32887, 36000, 30188, 1, 1, 651, 1226, 2409, 3648, 5107, 4705, 4259, 3672, 13503, 1032, 0, 0
18:15:40, 1037.20, 19.79, 21.92, 17.594, 11779, 17241, 21999, 22441, 18270, 20599, 21536, 24538, 34034, 26414, 0, 1, 738, 1393, 2787, 4277, 5814, 5308, 4716, 3984, 14788, 1066, 0, 0
18:15:41, 1033.40, 19.78, 21.94, 17.594, 8021, 14737, 21165, 22032, 12951, 12857, 17327, 20441, 35959, 18460, 0, 1, 652, 1234, 2459, 3746, 4996, 4579, 4157, 3560, 13167, 972, 0, 0
18:15:42, 1033.40, 19.77, 21.96, 17.594, 2016, 5985, 7183, 16623, 24570, 21569, 31772, 32026, 36000, 36000, 1, 1, 641, 1205, 2367, 3614, 4973, 4573, 4094, 3528, 12734, 953, 0, 0
18:15:42, 1039.00, 19.76, 21.97, 17.594, 10787, 18199, 25205, 28847, 18031, 17421, 26415, 20989, 36000, 27194, 1, 1, 698, 1333, 2690, 4143, 4972, 4532, 4054, 3454, 12304, 910, 0, 0
18:15:43, 1023.70, 19.75, 21.96, 17.586, 2227, 2314, 3339, 5006, 4698, 12222, 7422, 8372, 16728, 4716, 0, 0, 656, 1236, 2365, 3542, 5189, 4776, 4391, 3838, 12906, 1192, 0, 0
18:15:44, 1039.30, 19.74, 21.92, 17.570, 6483, 10242, 13541, 15006, 23340, 24793, 27500, 27567, 34728, 17995, 0, 1, 551, 1052, 2069, 3179, 4637, 4211, 3788, 3184, 10462, 774, 0, 0
18:15:44, 1026.90, 19.73, 21.94, 17.570, 3041, 2841, 4975, 5622, 8706, 10485, 8653, 13329, 14263, 2122, 0, 0, 617, 1172, 2333, 3599, 5175, 4714, 4239, 3584, 11326, 843, 0, 0
18:15:45, 1028.50, 19.72, 21.94, 17.570, 841, 1225, 1573, 1738, 7800, 9142, 9635, 8831, 10100, 4938, 0, 0, 664, 1258, 2467, 3753, 4903, 4485, 4082, 3511, 10966, 896, 0, 0
18:15:46, 1033.90, 19.71, 21.92, 17.578, 3311, 3597, 7594, 5557, 11631, 9214, 14441, 14588, 13785, 4361, 0, 0, 625, 1200, 2399, 3693, 4884, 4430, 3973, 3340, 10325, 760, 0, 0
18:15:46, 1026.00, 19.73, 21.92, 17.578, 4320, 5872, 9665, 10009, 20099, 19367, 22390, 24681, 14202, 4313, 0, 0, 632, 1205, 2364, 3591, 4892, 4484, 4088, 3519, 10744, 832, 0, 0
18:15:47, 1034.20, 19.75, 21.96, 17.578, 7386, 13439, 17439, 22064, 21159, 20627, 27296, 33527, 12974, 6638, 0, 1, 635, 1208, 2377, 3613, 4775, 4367, 3958, 3383, 10427, 784, 0, 0
18:15:48, 1033.80, 19.78, 21.99, 17.578, 4150, 6863, 9680, 11867, 4577, 3453, 5385, 5087, 8484, 1633, 0, 0, 650, 1245, 2504, 3864, 5205, 4742, 4282, 3621, 11224, 828, 0, 0
18:15:48, 1031.10, 19.81, 21.99, 17.578, 8293, 12898, 15227, 18378, 19823, 12598, 22707, 19475, 11749, 3625, 0, 0, 637, 1206, 2362, 3578, 5022, 4596, 4171, 3562, 10928, 820, 0, 0
18:15:49, 1037.20, 19.84, 21.97, 17.578, 4967, 9206, 13598, 16269, 23610, 24491, 26780, 29000, 25119, 8630, 0, 0, 594, 1133, 2248, 3443, 4964, 4531, 4091, 3464, 10576, 772, 0, 0
18:15:50, 1030.30, 19.87, 21.99, 17.578, 9500, 20432, 23256, 29186, 32110, 32966, 33898, 35310, 18173, 4427, 0, 1, 591, 1126, 2240, 3426, 4521, 4129, 3744, 3175, 9545, 712, 0, 0
18:15:50, 1035.30, 19.90, 21.97, 17.578, 4179, 6835, 9778, 12077, 21545, 23877, 24822, 28972, 10468, 3352, 0, 0, 613, 1169, 2333, 3583, 4948, 4511, 4065, 3427, 10412, 765, 0, 0
18:15:51, 1037.70, 19.92, 21.96, 17.578, 10267, 19471, 23690, 26290, 25283, 27836, 29634, 34902, 10976, 2251, 0, 1, 593, 1135, 2278, 3505, 4793, 4382, 3980, 3376, 10155, 733, 0, 0
18:15:52, 1039.30, 19.93, 21.94, 17.586, 12663, 18502, 22515, 24391, 28865, 25881, 29703, 30287, 15344, 4425, 0, 0, 551, 1042, 2081, 3199, 4550, 4166, 3776, 3204, 9792, 716, 0, 0
18:15:52, 1055.80, 19.94, 21.99, 17.586, 2703, 5011, 7093, 9136, 32406, 33114, 33965, 35098, 15872, 2579, 0, 1, 551, 1053, 2153, 3386, 4534, 4166, 3744, 3148, 9560, 692, 0, 0
18:15:53, 1054.50, 19.95, 21.96, 17.570, 5021, 9639, 12975, 18567, 20365, 25653, 25466, 34254, 10884, 1576, 0, 1, 538, 1024, 2089, 3280, 4641, 4265, 3844, 3233, 9839, 711, 0, 0
18:15:54, 1059.30, 19.95, 21.97, 17.562, 2895, 6054, 7791, 11747, 13717, 15699, 16670, 21834, 11414, 1314, 0, 0, 524, 997, 2060, 3261, 4504, 4139, 3715, 3109, 9456, 684, 0, 0
18:15:54, 1062.50, 19.96, 21.96, 17.562, 5381, 10988, 15163, 21366, 20601, 22055, 24647, 28924, 13080, 1560, 0, 0, 510, 970, 2014, 3206, 4685, 4301, 3857, 3213, 9791, 701, 0, 0
18:15:55, 1063.60, 19.97, 21.97, 17.555, 3763, 7691, 11071, 15615, 10786, 12461, 12460, 18814, 10263, 1112, 0, 0, 491, 931, 1935, 3089, 4436, 4080, 3660, 3063, 9319, 678, 0, 0
18:15:56, 1068.30, 19.98, 21.97, 17.531, 5426, 11315, 16870, 23452, 20608, 25363, 25470, 31104, 12112, 1340, 0, 0, 495, 940, 1970, 3157, 4503, 4138, 3693, 3063, 9317, 675, 0, 0
18:15:56, 1069.60, 20.00, 22.01, 17.531, 3315, 6894, 8810, 13599, 23655, 29132, 30391, 35892, 12869, 1481, 0, 1, 483, 917, 1929, 3105, 4502, 4139, 3697, 3074, 9294, 668, 0, 0
18:15:57, 1073.50, 20.01, 21.99, 17.500, 3832, 7187, 10909, 14271, 11828, 13022, 15061, 18256, 10377, 983, 0, 0, 465, 880, 1869, 3028, 4343, 3993, 3553, 2931, 8890, 640, 0, 0
18:15:58, 1076.30, 20.02, 21.97, 17.500, 3438, 7454, 10328, 15958, 18064, 21347, 21479, 29564, 13182, 1240, 0, 0, 458, 866, 1847, 3012, 4255, 3917, 3484, 2868, 8752, 631, 0, 0
18:15:58, 1080.50, 20.03, 22.01, 17.484, 2344, 4629, 6796, 9624, 17285, 21191, 21403, 28925, 12806, 1203, 0, 0, 427, 805, 1726, 2823, 4060, 3738, 3337, 2741, 8402, 603, 0, 0
18:15:59, 1086.50, 20.04, 21.97, 17.422, 5345, 10908, 17399, 25283, 15365, 17769, 18662, 24277, 13330, 1065, 0, 0, 419, 788, 1720, 2856, 4031, 3711, 3280, 2665, 8131, 581, 0, 0
18:16:00, 1090.60, 20.05, 21.99, 17.422, 3179, 6447, 10006, 14646, 18447, 22729, 21683, 29327, 13370, 1110, 0, 0, 404, 757, 1657, 2763, 3991, 3681, 3242, 2629, 7981, 573, 0, 0
18:16:00, 1093.30, 20.05, 21.99, 17.281, 3170, 6387, 10172, 14806, 11847, 14333, 14180, 19197, 11291, 870, 0, 0, 390, 729, 1610, 2712, 3910, 3608, 3162, 2560, 7752, 561, 0, 0
18:16:01, 1097.10, 20.05, 21.97, 17.195, 4302, 8636, 13619, 20550, 18494, 21572, 22689, 28441, 15137, 1173, 0, 0, 379, 707, 1569, 2651, 3920, 3619, 3175, 2564, 7768, 560, 0, 0
18:16:02, 1099.00, 20.05, 21.96, 17.195, 2405, 4817, 7811, 11291, 14171, 16987, 17047, 21985, 12069, 929, 0, 0, 365, 676, 1509, 2564, 3835, 3544, 3112, 2513, 7696, 558, 0, 0
18:16:02, 1102.90, 20.05, 21.99, 17.133, 2243, 4303, 7192, 10177, 16275, 19014, 19910, 24612, 13465, 1032, 0, 0, 357, 661, 1480, 2531, 3741, 3462, 3015, 2426, 7352, 534, 0, 0
18:16:03, 1105.00, 20.05, 21.99, 17.102, 2117, 4197, 6974, 10204, 16993, 20591, 20566, 26716, 13546, 1029, 0, 0, 358, 660, 1483, 2538, 3790, 3513, 3075, 2477, 7551, 547, 0, 0
18:16:04, 1107.90, 20.06, 21.99, 17.102, 2181, 4284, 7313, 10433, 17190, 20643, 20223, 26021, 14273, 1064, 0, 0, 343, 632, 1423, 2449, 3686, 3417, 2994, 2404, 7334, 531, 0, 0
18:16:04, 1110.00, 20.06, 21.99, 17.078, 2574, 5220, 8648, 13000, 9434, 10538, 10742, 12332, 10998, 751, 0, 0, 337, 617, 1401, 2426, 3651, 3391, 2974, 2391, 7258, 524, 0, 0
18:16:05, 1112.80, 20.06, 21.97, 17.070, 2358, 4583, 7959, 11522, 11751, 13618, 13503, 16369, 11945, 835, 0, 0, 330, 602, 1367, 2372, 3573, 3324, 2913, 2345, 7078, 512, 0, 0
18:16:06, 1116.90, 20.06, 21.97, 17.070, 1677, 3291, 5759, 8309, 13609, 15613, 15751, 18728, 12291, 877, 0, 0, 318, 578, 1320, 2305, 3467, 3228, 2823, 2262, 6852, 497, 0, 0
18:16:06, 1122.90, 20.06, 21.96, 17.055, 1979, 3864, 6892, 9858, 11900, 13153, 13767, 15502, 12626, 857, 0, 0, 314, 566, 1305, 2294, 3456, 3223, 2813, 2248, 6808, 497, 0, 0
18:16:07, 1126.90, 20.06, 21.99, 17.047, 1638, 3235, 5776, 8323, 12174, 13854, 14239, 16723, 11971, 827, 0, 0, 302, 540, 1253, 2220, 3426, 3202, 2794, 2233, 6759, 492, 0, 0
18:16:08, 1132.20, 20.05, 21.99, 17.047, 1664, 3277, 5975, 8686, 10938, 12302, 13051, 14913, 11052, 755, 0, 0, 289, 512, 1200, 2145, 3296, 3081, 2672, 2120, 6462, 474, 0, 0
18:16:08, 1135.40, 20.04, 21.99, 17.008, 1498, 2951, 5436, 7968, 13403, 15083, 15498, 18918, 12057, 838, 0, 0, 285, 502, 1181, 2121, 3261, 3052, 2641, 2094, 6360, 467, 0, 0
18:16:09, 1138.30, 20.03, 22.02, 16.953, 1296, 2513, 4700, 6826, 10527, 11584, 12415, 13447, 11844, 789, 0, 0, 278, 488, 1151, 2076, 3243, 3038, 2633, 2088, 6365, 468, 0, 0
18:16:10, 1141.40, 20.02, 21.99, 16.953, 1582, 3099, 5722, 8441, 10008, 10911, 11566, 12370, 12014, 788, 0, 0, 270, 471, 1117, 2025, 3137, 2940, 2545, 2013, 6143, 453, 0, 0
18:16:10, 1143.60, 20.02, 21.99, 16.875, 1391, 2721, 5066, 7514, 13065, 14878, 15137, 17364, 12633, 860, 0, 0, 270, 470, 1115, 2027, 3132, 2939, 2549, 2017, 6170, 454, 0, 0
18:16:11, 1146.90, 20.02, 21.97, 16.875, 1261, 2442, 4679, 6830, 11436, 12870, 13614, 15209, 12515, 834, 0, 0, 265, 458, 1092, 1993, 3094, 2909, 2518, 1991, 6068, 445, 0, 0
18:16:12, 1148.80, 20.02, 21.97, 16.844, 1416, 2718, 5244, 7716, 10219, 11171, 11848, 12609, 12585, 816, 0, 0, 255, 440, 1052, 1927, 3006, 2828, 2441, 1924, 5854, 429, 0, 0
18:16:12, 1150.80, 20.02, 21.97, 16.812, 1339, 2535, 4993, 7268, 11443, 12885, 13290, 14733, 13671, 887, 0, 0, 254, 437, 1048, 1927, 2989, 2817, 2436, 1923, 5845, 428, 0, 0
18:16:13, 1153.40, 20.02, 22.01, 16.812, 1530, 2875, 5628, 8057, 9286, 9964, 10533, 10981, 14182, 886, 0, 0, 250, 428, 1028, 1897, 3006, 2837, 2457, 1942, 5904, 430, 0, 0
18:16:14, 1157.80, 20.02, 22.02, 16.812, 1079, 2114, 4166, 6193, 8809, 9464, 10119, 10619, 12966, 816, 0, 0, 236, 401, 969, 1804, 2878, 2721, 2346, 1848, 5601, 410, 0, 0
18:16:14, 1163.90, 20.02, 21.99, 16.797, 1347, 2563, 5162, 7595, 9826, 10503, 11096, 11647, 15496, 962, 0, 0, 234, 393, 956, 1788, 2815, 2668, 2305, 1814, 5493, 403, 0, 0
18:16:15, 1169.10, 20.01, 21.99, 16.797, 1007, 1965, 3948, 5924, 8115, 8572, 9022, 9190, 13360, 825, 0, 0, 225, 373, 913, 1727, 2785, 2647, 2290, 1802, 5452, 400, 0, 0
18:16:16, 1171.30, 19.99, 22.04, 16.766, 1021, 1989, 4049, 6134, 7701, 8109, 8587, 8923, 12945, 802, 0, 0, 218, 359, 882, 1681, 2743, 2611, 2256, 1773, 5362, 393, 0, 0
18:16:16, 1172.30, 19.98, 22.02, 16.781, 1007, 1945, 3954, 5997, 8409, 8859, 9372, 9641, 14834, 907, 0, 0, 217, 358, 878, 1674, 2714, 2585, 2228, 1749, 5288, 388, 0, 0
18:16:17, 1176.70, 19.96, 21.99, 16.781, 934, 1809, 3683, 5658, 8183, 8620, 8989, 9141, 15220, 936, 0, 0, 213, 347, 857, 1646, 2677, 2557, 2203, 1729, 5186, 381, 0, 0
18:16:18, 1178.40, 19.95, 21.99, 16.773, 971, 1876, 3850, 5890, 8099, 8474, 8928, 9007, 15505, 951, 0, 0, 205, 333, 824, 1584, 2606, 2493, 2153, 1686, 5083, 372, 0, 0
18:16:18, 1180.10, 19.94, 21.97, 16.766, 937, 1817, 3766, 5850, 8696, 9145, 9604, 9810, 16816, 1026, 0, 0, 204, 329, 816, 1571, 2554, 2447, 2116, 1656, 4997, 366, 0, 0
18:16:19, 1182.30, 19.93, 21.97, 16.766, 983, 1912, 3938, 6143, 8508, 8904, 9312, 9484, 17728, 1097, 0, 0, 202, 325, 805, 1552, 2555, 2453, 2137, 1676, 5047, 368, 0, 0
18:16:20, 1184.80, 19.92, 22.01, 16.758, 854, 1651, 3418, 5343, 7368, 7739, 8045, 8042, 15565, 965, 0, 0, 196, 314, 780, 1512, 2521, 2424, 2111, 1657, 4950, 362, 0, 0
18:16:20, 1186.20, 19.91, 22.01, 16.758, 848, 1633, 3406, 5366, 7428, 7802, 8135, 8190, 15541, 960, 0, 0, 194, 309, 770, 1495, 2444, 2351, 2038, 1597, 4787, 350, 0, 0
18:16:21, 1187.60, 19.90, 22.01, 16.758, 840, 1604, 3364, 5320, 7361, 7692, 8007, 7895, 16270, 1029, 0, 0, 197, 313, 780, 1519, 2495, 2398, 2082, 1630, 4914, 359, 0, 0
18:16:22, 1188.80, 19.89, 21.97, 16.750, 769, 1474, 3100, 4887, 7139, 7396, 7716, 7552, 16310, 1042, 0, 0, 194, 308, 770, 1497, 2502, 2405, 2093, 1641, 4976, 362, 0, 0
18:16:22, 1194.00, 19.89, 22.02, 16.750, 747, 1427, 3026, 4821, 6859, 7072, 7406, 7108, 15976, 1027, 0, 0, 189, 297, 742, 1453, 2415, 2328, 2034, 1596, 4813, 351, 0, 0
18:16:23, 1199.40, 19.88, 21.99, 16.750, 703, 1332, 2844, 4562, 6807, 7037, 7333, 7002, 15572, 1007, 0, 0, 184, 285, 714, 1412, 2357, 2280, 2001, 1573, 4721, 346, 0, 0
18:16:24, 1202.60, 19.87, 21.99, 16.734, 678, 1271, 2742, 4423, 6527, 6727, 7013, 6614, 15229, 994, 0, 0, 179, 276, 691, 1379, 2331, 2259, 1981, 1559, 4689, 344, 0, 0
18:16:24, 1204.10, 19.86, 21.97, 16.742, 599, 1126, 2430, 3972, 6349, 6508, 6839, 6527, 15101, 1003, 0, 0, 175, 269, 676, 1350, 2297, 2225, 1953, 1534, 4624, 339, 0, 0
18:16:25, 1206.60, 19.85, 22.01, 16.742, 623, 1160, 2519, 4128, 6192, 6393, 6633, 6240, 14811, 978, 0, 0, 173, 264, 663, 1329, 2257, 2191, 1927, 1517, 4553, 334, 0, 0
18:16:26, 1210.90, 19.84, 21.97, 16.742, 608, 1127, 2458, 4059, 5822, 6028, 6195, 5759, 14648, 976, 0, 0, 172, 259, 652, 1310, 2233, 2177, 1923, 1520, 4542, 334, 0, 0
18:16:26, 1214.90, 19.83, 21.97, 16.742, 567, 1049, 2298, 3831, 5577, 5771, 5940, 5489, 14255, 957, 0, 0, 165, 246, 622, 1255, 2162, 2112, 1867, 1474, 4440, 326, 0, 0
18:16:27, 1217.40, 19.82, 22.01, 16.734, 565, 1040, 2297, 3868, 5428, 5635, 5751, 5314, 14129, 957, 0, 0, 160, 237, 600, 1218, 2115, 2067, 1824, 1437, 4369, 321, 0, 0
18:16:28, 1221.20, 19.81, 21.99, 16.727, 542, 988, 2185, 3711, 5539, 5769, 5931, 5532, 14945, 1026, 0, 0, 159, 232, 590, 1199, 2092, 2055, 1819, 1438, 4370, 322, 0, 0
18:16:28, 1227.90, 19.80, 21.99, 16.727, 502, 902, 1999, 3436, 4891, 5117, 5119, 4716, 13684, 948, 0, 0, 156, 226, 573, 1167, 2040, 2021, 1809, 1440, 4368, 323, 0, 0
18:16:29, 1230.30, 19.79, 22.01, 16.719, 473, 846, 1893, 3285, 4817, 5022, 5073, 4630, 13453, 934, 0, 0, 151, 216, 548, 1121, 1997, 1981, 1781, 1419, 4324, 320, 0, 0
18:16:30, 1231.00, 19.77, 22.01, 16.719, 459, 818, 1846, 3207, 4747, 4966, 4976, 4549, 13563, 946, 0, 0, 149, 212, 541, 1111, 1978, 1957, 1751, 1390, 4264, 316, 0, 0
18:16:30, 1233.40, 19.75, 21.99, 16.719, 451, 802, 1807, 3165, 4485, 4706, 4646, 4222, 13222, 923, 0, 0, 149, 212, 539, 1108, 1978, 1965, 1774, 1417, 4310, 321, 0, 0
18:16:31, 1234.80, 19.75, 21.99, 16.719, 435, 767, 1744, 3039, 4477, 4702, 4636, 4285, 13747, 976, 0, 0, 148, 211, 535, 1094, 1936, 1930, 1755, 1408, 4283, 319, 0, 0
18:16:32, 1235.40, 19.75, 21.99, 16.719, 421, 742, 1686, 2945, 4498, 4731, 4663, 4346, 14434, 1033, 0, 0, 147, 207, 527, 1083, 1918, 1907, 1724, 1381, 4227, 315, 0, 0
18:16:32, 1233.30, 19.74, 21.99, 16.719, 419, 737, 1679, 2951, 4293, 4510, 4371, 4032, 13741, 982, 0, 0, 148, 209, 532, 1100, 1984, 1961, 1759, 1400, 4319, 319, 0, 0
18:16:33, 1232.00, 19.74, 22.01, 16.719, 432, 758, 1716, 2988, 4509, 4741, 4614, 4310, 15133, 1086, 0, 0, 152, 217, 549, 1130, 2026, 2005, 1806, 1443, 4416, 326, 0, 0
18:16:34, 1234.70, 19.74, 22.01, 16.727, 436, 771, 1748, 3040, 4584, 4827, 4684, 4425, 15839, 1136, 0, 0, 147, 210, 529, 1095, 1944, 1931, 1745, 1396, 4270, 316, 0, 0
18:16:34, 1234.30, 19.74, 21.99, 16.727, 423, 747, 1704, 2983, 4428, 4657, 4493, 4228, 15431, 1113, 0, 0, 145, 206, 519, 1085, 1946, 1928, 1730, 1378, 4245, 314, 0, 0
18:16:35, 1232.50, 19.74, 22.02, 16.727, 418, 740, 1691, 2944, 4404, 4633, 4448, 4187, 15566, 1131, 0, 0, 149, 214, 540, 1121, 2019, 2000, 1799, 1433, 4404, 325, 0, 0
18:16:36, 1232.50, 19.73, 22.01, 16.727, 416, 743, 1695, 2927, 4464, 4707, 4541, 4290, 16045, 1163, 0, 0, 148, 212, 534, 1103, 1981, 1967, 1783, 1427, 4368, 323, 0, 0
18:16:36, 1228.10, 19.72, 21.97, 16.727, 422, 769, 1740, 3011, 4411, 4624, 4491, 4235, 16200, 1191, 0, 0, 152, 219, 554, 1147, 2045, 2018, 1791, 1424, 4396, 324, 0, 0
18:16:37, 1221.40, 19.71, 22.01, 16.727, 427, 784, 1778, 3075, 4427, 4641, 4520, 4242, 15991, 1172, 0, 0, 154, 225, 567, 1169, 2130, 2101, 1857, 1481, 4560, 336, 0, 0
18:16:37, 1216.90, 19.69, 21.99, 16.727, 507, 946, 2088, 3531, 4917, 5084, 5170, 4824, 18951, 1419, 0, 0, 171, 257, 642, 1304, 2219, 2177, 1905, 1524, 4719, 349, 0, 0
18:16:38, 1218.70, 19.66, 22.01, 16.727, 505, 964, 2123, 3631, 5214, 5493, 5506, 5133, 18409, 1324, 0, 0, 162, 239, 602, 1238, 2155, 2112, 1838, 1462, 4539, 337, 0, 0
18:16:39, 1212.70, 19.65, 21.99, 16.727, 476, 907, 2016, 3450, 4939, 5152, 5234, 4832, 17646, 1290, 0, 0, 166, 247, 625, 1275, 2246, 2200, 1907, 1514, 4761, 353, 0, 0
18:16:39, 1213.30, 19.62, 21.99, 16.719, 519, 1015, 2187, 3713, 5245, 5429, 5707, 5248, 18746, 1405, 0, 0, 176, 265, 660, 1333, 2233, 2195, 1916, 1536, 4736, 353, 0, 0
18:16:40, 1212.30, 19.61, 21.99, 16.719, 494, 958, 2098, 3534, 5334, 5585, 5759, 5382, 17840, 1296, 0, 0, 168, 249, 628, 1283, 2226, 2185, 1884, 1495, 4684, 350, 0, 0
18:16:41, 1207.60, 19.60, 22.01, 16.711, 463, 898, 1972, 3352, 4758, 4907, 5152, 4671, 16299, 1212, 0, 0, 171, 258, 650, 1320, 2285, 2235, 1922, 1522, 4828, 360, 0, 0
18:16:41, 1208.50, 19.58, 22.01, 16.719, 525, 1038, 2214, 3733, 5442, 5625, 5942, 5479, 18125, 1337, 0, 0, 179, 273, 679, 1364, 2274, 2230, 1933, 1546, 4793, 359, 0, 0
18:16:42, 1207.20, 19.57, 21.99, 16.719, 527, 1024, 2229, 3712, 5417, 5607, 5864, 5410, 17300, 1256, 0, 0, 175, 262, 661, 1343, 2322, 2274, 1953, 1546, 4899, 367, 0, 0
18:16:43, 1203.30, 19.56, 21.99, 16.711, 482, 940, 2037, 3443, 5126, 5303, 5646, 5218, 17071, 1272, 0, 0, 179, 273, 683, 1373, 2361, 2310, 1995, 1589, 4984, 373, 0, 0
18:16:43, 1204.60, 19.55, 22.02, 16.711, 542, 1074, 2260, 3777, 5448, 5621, 5961, 5568, 17514, 1264, 0, 0, 180, 276, 689, 1379, 2304, 2253, 1944, 1548, 4872, 366, 0, 0
18:16:44, 1199.10, 19.55, 21.99, 16.711, 552, 1072, 2323, 3892, 5834, 6064, 6346, 5865, 18755, 1358, 0, 0, 187, 285, 717, 1444, 2465, 2400, 2065, 1632, 5275, 394, 0, 0
18:16:45, 1195.30, 19.54, 22.01, 16.719, 510, 1012, 2127, 3545, 5185, 5346, 5663, 5213, 16621, 1195, 0, 0, 192, 301, 747, 1474, 2507, 2444, 2121, 1695, 5371, 401, 0, 0
18:16:45, 1195.50, 19.53, 22.04, 16.719, 590, 1167, 2430, 3986, 5220, 5379, 5755, 5355, 16128, 1150, 0, 0, 186, 289, 723, 1443, 2477, 2413, 2076, 1647, 5253, 392, 0, 0
18:16:46, 1187.10, 19.53, 22.01, 16.711, 670, 1315, 2790, 4644, 6152, 6419, 6900, 6529, 21649, 1611, 0, 0, 202, 320, 794, 1558, 2557, 2473, 2125, 1681, 5495, 410, 0, 0
18:16:47, 1189.40, 19.52, 21.99, 16.711, 674, 1341, 2707, 4474, 6113, 6359, 6886, 6647, 19081, 1338, 0, 0, 197, 313, 776, 1515, 2474, 2396, 2057, 1625, 5303, 397, 0, 0
18:16:47, 1184.30, 19.51, 21.99, 16.711, 679, 1333, 2818, 4639, 6792, 7122, 7487, 7195, 21471, 1522, 0, 0, 205, 325, 812, 1592, 2646, 2554, 2202, 1737, 5723, 425, 0, 0
18:16:48, 1179.90, 19.50, 22.01, 16.703, 640, 1279, 2570, 4218, 6466, 6718, 7619, 7062, 21466, 1559, 0, 0, 220, 357, 875, 1679, 2684, 2590, 2242, 1784, 5828, 435, 0, 0
18:16:49, 1180.00, 19.49, 21.99, 16.719, 666, 1292, 2619, 4298, 6375, 6612, 7044, 6656, 18807, 1279, 0, 0, 207, 330, 822, 1606, 2693, 2597, 2234, 1762, 5806, 431, 0, 0
18:16:49, 1174.20, 19.47, 22.01, 16.719, 728, 1462, 2962, 4826, 5738, 5875, 6471, 5990, 19298, 1392, 0, 0, 215, 352, 864, 1657, 2749, 2640, 2281, 1808, 5978, 445, 0, 0
18:16:50, 1177.90, 19.46, 22.04, 16.703, 797, 1543, 3071, 4891, 6417, 6666, 7119, 6982, 18941, 1260, 0, 0, 210, 340, 841, 1629, 2691, 2589, 2222, 1748, 5824, 433, 0, 0
18:16:51, 1172.40, 19.45, 21.99, 16.711, 758, 1507, 3085, 4948, 7364, 7777, 8570, 8589, 26228, 1983, 0, 0, 222, 365, 895, 1711, 2724, 2605, 2231, 1753, 5916, 440, 0, 0
18:16:51, 1174.50, 19.44, 22.01, 16.711, 844, 1641, 3214, 5226, 6827, 7184, 7836, 7635, 21112, 1440, 0, 0, 220, 361, 886, 1693, 2747, 2630, 2249, 1763, 5990, 445, 0, 0
18:16:52, 1170.60, 19.43, 22.02, 16.711, 805, 1597, 3265, 5205, 7027, 7398, 7900, 7727, 24978, 1798, 0, 0, 227, 373, 916, 1750, 2820, 2691, 2304, 1805, 6221, 459, 0, 0
18:16:53, 1167.10, 19.42, 22.04, 16.719, 882, 1801, 3502, 5673, 8392, 8774, 10189, 9505, 29682, 2140, 0, 0, 237, 396, 959, 1801, 2864, 2734, 2346, 1848, 6309, 466, 0, 0
18:16:53, 1167.30, 19.42, 21.99, 16.719, 824, 1650, 3315, 5189, 7075, 7395, 7948, 7722, 26217, 1923, 0, 0, 236, 392, 958, 1819, 2935, 2804, 2399, 1886, 6449, 472, 0, 0
18:16:54, 1161.20, 19.42, 22.01, 16.719, 719, 1473, 2902, 4584, 6843, 7048, 7887, 7563, 26096, 2035, 0, 0, 246, 415, 1001, 1867, 3024, 2878, 2477, 1963, 6765, 495, 0, 0
18:16:55, 1160.90, 19.42, 22.06, 16.719, 922, 1860, 3666, 5689, 7605, 8135, 8520, 8740, 29956, 2172, 0, 0, 243, 407, 990, 1863, 3003, 2863, 2444, 1926, 6598, 479, 0, 0
18:16:55, 1154.20, 19.42, 22.02, 16.719, 887, 1795, 3523, 5515, 7116, 7359, 8163, 7961, 28862, 2212, 0, 0, 251, 426, 1025, 1903, 3071, 2921, 2507, 1990, 6824, 496, 0, 0
18:16:56, 1149.70, 19.42, 22.01, 16.727, 951, 1953, 3766, 5817, 8612, 9146, 9837, 10164, 36000, 2790, 1, 1, 271, 463, 1109, 2043, 3180, 3021, 2582, 2043, 7028, 507, 0, 0
18:16:57, 1146.90, 19.42, 22.01, 16.742, 1203, 2433, 4662, 7205, 8707, 9209, 10040, 10241, 36000, 2850, 1, 1, 274, 472, 1126, 2057, 3228, 3060, 2627, 2089, 7198, 521, 0, 0
18:16:57, 1146.40, 19.43, 22.04, 16.742, 1087, 2199, 4216, 6369, 9351, 10227, 10923, 11855, 36000, 3224, 1, 1, 285, 492, 1171, 2136, 3283, 3114, 2674, 2126, 7311, 526, 0, 0
18:16:58, 1146.40, 19.44, 22.04, 16.750, 1156, 2342, 4422, 6767, 8711, 9258, 10120, 10511, 36000, 3008, 1, 1, 284, 491, 1170, 2136, 3296, 3124, 2683, 2131, 7379, 532, 0, 0
18:16:59, 1147.10, 19.45, 22.01, 16.750, 1178, 2396, 4486, 6937, 7975, 8294, 9227, 9374, 36000, 2855, 1, 1, 282, 487, 1160, 2121, 3256, 3087, 2642, 2096, 7236, 521, 0, 0
18:16:59, 1146.10, 19.46, 22.02, 16.750, 1191, 2414, 4562, 6996, 8027, 8381, 9259, 9454, 35640, 2761, 0, 1, 284, 491, 1168, 2133, 3332, 3155, 2704, 2148, 7447, 536, 0, 0
18:17:00, 1146.50, 19.46, 22.02, 16.750, 1055, 2111, 4033, 6117, 8217, 8427, 9610, 9738, 36000, 3124, 1, 1, 284, 493, 1170, 2130, 3269, 3095, 2643, 2097, 7248, 522, 0, 0
18:17:01, 1147.70, 19.47, 22.01, 16.750, 1043, 2111, 3997, 6106, 8885, 9414, 10263, 10613, 36000, 3164, 1, 1, 284, 490, 1168, 2132, 3287, 3116, 2662, 2112, 7275, 524, 0, 0
18:17:01, 1147.10, 19.48, 22.02, 16.758, 1188, 2354, 4462, 6867, 10677, 11713, 12750, 13874, 36000, 4061, 1, 1, 278, 481, 1144, 2093, 3267, 3097, 2650, 2105, 7252, 521, 0, 0
18:17:02, 1147.00, 19.49, 22.04, 16.750, 1500, 3042, 5614, 8788, 9536, 10281, 10812, 11410, 36000, 3184, 1, 1, 283, 488, 1163, 2124, 3325, 3157, 2709, 2157, 7429, 533, 0, 0
18:17:03, 1147.70, 19.50, 22.04, 16.750, 1131, 2273, 4305, 6597, 9483, 10367, 10793, 11805, 36000, 3311, 1, 1, 280, 481, 1147, 2097, 3256, 3091, 2649, 2107, 7243, 520, 0, 0
18:17:03, 1147.90, 19.50, 22.06, 16.758, 1135, 2263, 4286, 6583, 12023, 13942, 13562, 16192, 36000, 4083, 1, 1, 281, 483, 1153, 2106, 3282, 3120, 2676, 2135, 7268, 520, 0, 0
18:17:04, 1146.90, 19.51, 22.04, 16.773, 1077, 2128, 4085, 6231, 9673, 10937, 10684, 12544, 36000, 3255, 1, 1, 280, 482, 1149, 2101, 3291, 3126, 2682, 2136, 7313, 524, 0, 0
18:17:05, 1147.40, 19.51, 22.01, 16.773, 1221, 2446, 4603, 7028, 9524, 10485, 10563, 11888, 36000, 3340, 1, 1, 280, 482, 1146, 2094, 3232, 3069, 2629, 2094, 7129, 510, 0, 0
18:17:05, 1147.80, 19.51, 22.02, 16.766, 1162, 2261, 4306, 6572, 9244, 10140, 10111, 11315, 36000, 3259, 1, 1, 285, 492, 1170, 2139, 3260, 3096, 2645, 2103, 7168, 512, 0, 0
18:17:06, 1148.20, 19.52, 22.04, 16.773, 1383, 2646, 4962, 7618, 11236, 12785, 12509, 15429, 36000, 4290, 1, 1, 272, 469, 1117, 2047, 3200, 3042, 2604, 2072, 6991, 498, 0, 0
18:17:07, 1147.70, 19.52, 22.02, 16.773, 1231, 2359, 4508, 6889, 8224, 8775, 8838, 9716, 36000, 2857, 1, 1, 274, 472, 1123, 2052, 3170, 3017, 2585, 2060, 6875, 488, 0, 0
18:17:07, 1149.00, 19.53, 22.04, 16.773, 1242, 2375, 4475, 6974, 9253, 9907, 9942, 11137, 36000, 3053, 1, 1, 268, 461, 1098, 2012, 3113, 2970, 2545, 2026, 6657, 472, 0, 0
18:17:08, 1148.60, 19.53, 22.01, 16.781, 1201, 2295, 4385, 6768, 9369, 9928, 10288, 11079, 36000, 2850, 1, 1, 263, 452, 1078, 1972, 3089, 2947, 2529, 2017, 6558, 464, 0, 0
18:17:09, 1149.90, 19.53, 22.04, 16.781, 1243, 2359, 4464, 7032, 11064, 12027, 12772, 13956, 36000, 3315, 1, 1, 260, 445, 1064, 1945, 3023, 2884, 2475, 1971, 6333, 447, 0, 0
18:17:09, 1148.90, 19.53, 22.04, 16.781, 1265, 2484, 4703, 7457, 10097, 10546, 11482, 11952, 36000, 2756, 1, 1, 259, 444, 1062, 1941, 3089, 2945, 2532, 2017, 6433, 453, 0, 0
18:17:10, 1148.90, 19.53, 22.04, 16.797, 1180, 2258, 4322, 6621, 9907, 10221, 11362, 11739, 34763, 2523, 0, 1, 260, 446, 1066, 1948, 3081, 2929, 2516, 1998, 6376, 450, 0, 0
18:17:11, 1146.10, 19.53, 22.04, 16.797, 1302, 2517, 4706, 7372, 9449, 9752, 10891, 11184, 32213, 2391, 0, 0, 273, 469, 1121, 2039, 3191, 3025, 2591, 2053, 6584, 465, 0, 0
18:17:11, 1143.30, 19.53, 22.04, 16.797, 1232, 2335, 4359, 6655, 10723, 10982, 12476, 12895, 35566, 2639, 0, 1, 280, 485, 1152, 2087, 3264, 3091, 2652, 2105, 6757, 476, 0, 0
18:17:12, 1139.10, 19.52, 22.02, 16.812, 1269, 2398, 4511, 6855, 9440, 9754, 10702, 11195, 31917, 2342, 0, 0, 277, 479, 1140, 2065, 3229, 3048, 2603, 2058, 6655, 469, 0, 0
18:17:13, 1133.50, 19.52, 22.02, 16.812, 1320, 2458, 4592, 6844, 10679, 11096, 12499, 13015, 35989, 2890, 0, 1, 285, 498, 1174, 2099, 3247, 3072, 2642, 2108, 6757, 474, 0, 0
18:17:13, 1125.00, 19.50, 22.01, 16.812, 1644, 3088, 5458, 8314, 9765, 10061, 11011, 11667, 36000, 2792, 1, 1, 295, 521, 1212, 2140, 3343, 3164, 2745, 2211, 7081, 492, 0, 0
18:17:14, 1117.60, 19.49, 22.06, 16.844, 2050, 4020, 6997, 10547, 10608, 10966, 11838, 12965, 36000, 3304, 1, 1, 313, 557, 1278, 2229, 3445, 3254, 2823, 2281, 7338, 510, 0, 0
18:17:15, 1115.20, 19.48, 22.01, 16.844, 2141, 4238, 7308, 10990, 11160, 11413, 12610, 13458, 36000, 3183, 1, 1, 348, 624, 1425, 2471, 3756, 3542, 3072, 2488, 8100, 566, 0, 0
18:17:15, 1110.80, 19.47, 22.02, 16.875, 2856, 6267, 10441, 16107, 15145, 15372, 17695, 19202, 36000, 4213, 1, 1, 361, 651, 1482, 2556, 3881, 3646, 3154, 2551, 8438, 589, 0, 0
18:17:16, 1106.90, 19.47, 22.01, 16.875, 2090, 4067, 6975, 10347, 15392, 15774, 18116, 20243, 36000, 4709, 1, 1, 367, 665, 1506, 2598, 3878, 3642, 3152, 2552, 8558, 597, 0, 0
18:17:17, 1097.30, 19.46, 22.08, 16.945, 2406, 4737, 7955, 11760, 18439, 20130, 21685, 25977, 36000, 7145, 1, 1, 407, 743, 1652, 2793, 4118, 3872, 3383, 2778, 9367, 651, 0, 0
18:17:17, 1087.10, 19.46, 22.04, 17.000, 3042, 6241, 9569, 14346, 13217, 14093, 14221, 19263, 36000, 6977, 1, 1, 446, 822, 1781, 2953, 4324, 4065, 3580, 2975, 10106, 704, 0, 0
18:17:18, 1078.70, 19.45, 22.02, 17.000, 2737, 5327, 7714, 11549, 16058, 18008, 17498, 24778, 36000, 10310, 1, 1, 504, 933, 1977, 3228, 4584, 4294, 3792, 3167, 10883, 761, 0, 0
18:17:19, 1075.60, 19.45, 22.01, 17.031, 4568, 9148, 12998, 20179, 21376, 23243, 22808, 27561, 36000, 17989, 1, 1, 515, 957, 2030, 3301, 4805, 4499, 4007, 3371, 11672, 815, 0, 0
18:17:19, 1069.40, 19.45, 22.01, 17.062, 3424, 6756, 9779, 14693, 13471, 16277, 15686, 22602, 36000, 9033, 1, 1, 535, 994, 2081, 3337, 4762, 4459, 3981, 3361, 11621, 812, 0, 0
18:17:20, 1063.50, 19.45, 22.04, 17.062, 4277, 8357, 11816, 16028, 14386, 17896, 17469, 26938, 36000, 13309, 1, 1, 575, 1072, 2198, 3480, 4864, 4564, 4105, 3498, 11972, 841, 0, 0
18:17:21, 1062.60, 19.45, 22.01, 17.125, 4035, 7798, 10099, 16661, 18061, 21126, 19386, 30254, 36000, 17195, 1, 1, 598, 1113, 2284, 3615, 5112, 4791, 4303, 3670, 12636, 887, 0, 0
18:17:21, 1058.50, 19.46, 21.99, 17.187, 3668, 7463, 10803, 14900, 19949, 20785, 22900, 28220, 36000, 17095, 1, 1, 600, 1116, 2295, 3630, 5131, 4799, 4294, 3673, 12581, 884, 0, 0
18:17:22, 1043.90, 19.47, 22.02, 17.187, 4603, 7658, 11083, 15618, 23118, 25249, 27260, 34564, 36000, 17383, 1, 1, 639, 1188, 2378, 3671, 5018, 4714, 4286, 3725, 12654, 908, 0, 0
18:17:23, 1034.50, 19.47, 22.06, 17.305, 5845, 18002, 17101, 27381, 32497, 35634, 36000, 36000, 36000, 34452, 1, 1, 691, 1277, 2487, 3758, 5231, 4910, 4517, 3981, 13673, 1027, 0, 0
18:17:23, 1038.70, 19.47, 22.04, 17.383, 6426, 15231, 19281, 26612, 33463, 33862, 35895, 35964, 36000, 34824, 1, 1, 729, 1348, 2654, 4045, 5644, 5276, 4787, 4170, 14261, 1046, 0, 0
18:17:24, 1034.10, 19.47, 22.08, 17.383, 5571, 11284, 14806, 22922, 30598, 28690, 35158, 35735, 36000, 35501, 1, 1, 752, 1391, 2723, 4139, 5690, 5331, 4859, 4271, 14516, 1084, 0, 0
18:17:25, 1025.50, 19.47, 22.06, 17.422, 8154, 17702, 16160, 22499, 24663, 25804, 18518, 34082, 36000, 36000, 1, 1, 834, 1533, 2925, 4353, 5700, 5358, 4939, 4398, 14829, 1186, 0, 0
18:17:25, 1032.40, 19.47, 22.02, 17.445, 8988, 16693, 21166, 25127, 31826, 31636, 35990, 36000, 36000, 36000, 1, 1, 797, 1463, 2816, 4211, 5572, 5220, 4789, 4226, 14178, 1083, 0, 0
18:17:26, 1048.10, 19.47, 22.02, 17.445, 6465, 13150, 17148, 20587, 25461, 24472, 26870, 27977, 35017, 19798, 0, 1, 722, 1334, 2663, 4079, 5460, 5088, 4609, 3987, 13003, 945, 0, 0
18:17:27, 1043.90, 19.47, 22.06, 17.445, 3665, 6651, 10280, 12356, 18162, 17006, 19049, 24757, 36000, 8860, 1, 1, 658, 1231, 2443, 3743, 5164, 4818, 4397, 3843, 11962, 879, 0, 0
18:17:27, 1037.80, 19.47, 22.04, 17.461, 6682, 13272, 17905, 19874, 26370, 27689, 26196, 32318, 36000, 15920, 1, 1, 668, 1251, 2438, 3718, 5157, 4803, 4400, 3855, 11989, 918, 0, 0
18:17:28, 1045.70, 19.47, 22.08, 17.461, 8130, 13029, 17729, 18893, 25596, 26286, 26068, 29356, 32654, 7117, 0, 1, 620, 1171, 2324, 3604, 4949, 4585, 4177, 3595, 11040, 820, 0, 0
18:17:29, 1044.70, 19.47, 22.04, 17.453, 7248, 12959, 18897, 19952, 29669, 30197, 32016, 34221, 30027, 3539, 0, 1, 576, 1095, 2180, 3382, 4650, 4312, 3952, 3407, 10141, 747, 0, 0
18:17:29, 1036.10, 19.47, 22.02, 17.469, 8994, 13333, 19350, 21923, 18003, 22908, 23739, 27529, 15898, 2872, 0, 0, 604, 1142, 2242, 3440, 4836, 4476, 4106, 3542, 10493, 795, 0, 0
18:17:30, 1045.90, 19.47, 22.01, 17.469, 7915, 15073, 19781, 25485, 23365, 29062, 27368, 33133, 13442, 2682, 0, 1, 603, 1143, 2306, 3604, 5154, 4745, 4280, 3631, 10685, 781, 0, 0
18:17:31, 1034.70, 19.47, 22.04, 17.461, 6631, 13082, 16172, 24005, 14459, 17652, 17567, 24097, 10261, 1408, 0, 0, 576, 1094, 2201, 3426, 4855, 4461, 4088, 3493, 10395, 765, 0, 0
18:17:31, 1027.40, 19.47, 22.04, 17.469, 11291, 22997, 29087, 33448, 33807, 36000, 36000, 36000, 13291, 6078, 1, 1, 627, 1175, 2291, 3488, 4942, 4575, 4217, 3671, 10861, 856, 0, 0
18:17:32, 1036.00, 19.46, 22.06, 17.469, 5019, 9353, 11007, 13523, 8298, 10050, 10451, 13940, 11014, 3270, 0, 0, 668, 1268, 2490, 3814, 5503, 5079, 4618, 3982, 11649, 872, 0, 0
18:17:33, 1027.60, 19.46, 22.04, 17.469, 2757, 5493, 7511, 9753, 32759, 29637, 34959, 34785, 13786, 3851, 0, 1, 664, 1258, 2435, 3692, 5231, 4851, 4491, 3933, 11578, 908, 0, 0
18:17:33, 1023.90, 19.46, 22.04, 17.477, 12691, 19327, 25047, 28441, 22837, 22186, 23707, 24005, 12528, 5744, 0, 0, 721, 1355, 2597, 3908, 5269, 4877, 4493, 3928, 11652, 939, 0, 0
18:17:34, 1022.10, 19.46, 22.02, 17.477, 7328, 13297, 18489, 22011, 24075, 36000, 35963, 36000, 14018, 7666, 1, 1, 724, 1364, 2601, 3894, 5266, 4886, 4529, 3998, 11840, 1026, 0, 0
18:17:35, 1022.00, 19.45, 22.06, 17.469, 9187, 18831, 22290, 28552, 24447, 36000, 30463, 36000, 14086, 7953, 1, 1, 3776, 7684, 9292, 13909, 15780, 17336, 18376, 23233, 36000, 20981, 1, 1
18:17:35, 1021.20, 19.44, 22.04, 17.469, 8282, 11506, 17079, 22115, 12690, 8200, 10261, 13114, 10530, 5408, 0, 0, 3701, 5692, 8504, 10845, 13386, 14180, 14795, 16820, 36000, 18800, 1, 1
18:17:36, 1021.90, 19.44, 22.04, 17.461, 9913, 22260, 28525, 32031, 27460, 28361, 32459, 29938, 36000, 36000, 1, 1, 4915, 6642, 10787, 12305, 13414, 14083, 15104, 16988, 36000, 19354, 1, 1
18:17:37, 1022.00, 19.46, 22.04, 17.359, 14775, 23962, 35086, 35460, 36000, 36000, 36000, 36000, 36000, 36000, 1, 1, 3270, 5177, 7574, 10029, 11614, 11507, 13943, 13666, 36000, 18898, 1, 1
18:17:37, 1021.90, 19.47, 22.06, 17.359, 8202, 18198, 21355, 34737, 26648, 24679, 27805, 35920, 36000, 36000, 1, 1, 3722, 5923, 8703, 10956, 14564, 14967, 17090, 18600, 36000, 25993, 1, 1
