Secchi Depth (cm) = 0068
Forel Ule Scale = 15
pH Colour Scale = 99
SensingSecchi S/N = A016
Latitude (degs N) = 34.14017
Longitude (degs E) = -77.86240
Date = 2026-05-14
Time (UTC), Pressure (mbar) MS5803, Temp (deg C) MS5803, Temp (deg C) 10KTHERM, Temp (deg C) TMP117, ED 415nm, ED 445nm, ED 480nm, ED 515nm, ED 555nm, ED 590nm, ED 630nm, ED 680nm, ED Clear, ED NIR, ED D-SAT, ED A-SAT, EU 415nm, EU 445nm, EU 480nm, EU 515nm, EU 555nm, EU 590nm, EU 630nm, EU 680nm, EU Clear, EU NIR, EU D-SAT, EU A-SAT
19:32:00, 1002.30, 21.10, 18.99, 27.211, 1507, 2154, 2967, 3349, 3706, 3872, 4350, 4942, 22659, 9445, 0, 0, 15507, 24963, 33465, 36000, 36000, 36000, 36000, 36000, 36000, 36000, 1, 1
19:32:00, 1002.10, 21.13, 19.02, 27.281, 1546, 2209, 3040, 3442, 3833, 4015, 4526, 5127, 23759, 10024, 0, 0, 15761, 25225, 33596, 36000, 36000, 36000, 36000, 36000, 36000, 36000, 1, 1
19:32:01, 1002.20, 21.16, 19.02, 27.328, 1673, 2368, 3263, 3710, 4205, 4485, 4978, 5708, 27332, 11536, 0, 0, 17275, 27492, 36000, 36000, 36000, 36000, 36000, 36000, 36000, 36000, 1, 1
19:32:02, 1002.70, 21.28, 19.02, 27.328, 1665, 2400, 3290, 3784, 4319, 4649, 5246, 6104, 25040, 10587, 0, 0, 355, 407, 381, 421, 2256, 3138, 5220, 7524, 17755, 10710, 0, 0
19:32:02, 1002.60, 21.29, 19.04, 27.367, 5021, 8961, 11242, 16782, 17956, 20348, 28759, 28632, 34929, 12560, 0, 1, 524, 641, 801, 1079, 1876, 2796, 4290, 6141, 12080, 6524, 0, 0
19:32:03, 1002.60, 21.32, 19.04, 27.305, 15046, 22841, 33229, 36000, 36000, 36000, 36000, 36000, 36000, 36000, 1, 1, 849, 1278, 1731, 2406, 3009, 3289, 5132, 5682, 16531, 6270, 0, 0
19:32:04, 1005.60, 21.29, 19.04, 27.305, 3669, 4073, 5403, 8785, 32550, 33189, 34081, 35632, 36000, 35758, 1, 1, 3432, 4975, 7739, 9392, 17922, 18815, 22819, 23973, 36000, 29609, 1, 1
19:32:04, 1002.70, 21.31, 19.04, 27.195, 4443, 6362, 10526, 10538, 20589, 21410, 28471, 31524, 36000, 36000, 1, 1, 1704, 2917, 4567, 5757, 9469, 9188, 10663, 12489, 32524, 11823, 0, 1
19:32:05, 1004.60, 21.31, 19.04, 27.094, 8585, 11466, 15937, 18939, 11768, 16381, 12508, 19513, 23146, 11070, 0, 0, 1324, 2333, 3521, 5101, 5883, 6134, 6539, 6632, 15758, 2111, 0, 0
19:32:06, 1008.50, 21.42, 19.04, 27.094, 6653, 13009, 15283, 19538, 16676, 18041, 19587, 22100, 25069, 8421, 0, 0, 856, 1446, 2748, 4331, 6494, 6772, 7171, 7125, 18425, 1803, 0, 0
19:32:06, 1010.80, 21.56, 19.06, 25.156, 6820, 8223, 10756, 17055, 16468, 16079, 18089, 22399, 35585, 17541, 0, 1, 922, 1543, 2939, 4614, 6691, 6954, 7403, 7334, 20085, 1900, 0, 0
19:32:07, 1012.10, 21.66, 19.07, 23.859, 6800, 9043, 13363, 14692, 17035, 18954, 16680, 26095, 36000, 35679, 1, 1, 927, 1555, 2960, 4644, 6562, 6797, 7273, 7158, 19862, 1821, 0, 0
19:32:08, 1013.70, 21.73, 19.01, 23.859, 5291, 8237, 12886, 13467, 21670, 18261, 24902, 28122, 36000, 35380, 1, 1, 848, 1432, 2756, 4362, 6265, 6467, 6946, 6792, 18576, 1664, 0, 0
19:32:08, 1014.60, 21.78, 19.04, 23.352, 4664, 7487, 12064, 14383, 16700, 9940, 20561, 17026, 36000, 36000, 1, 1, 798, 1345, 2602, 4121, 5947, 6133, 6580, 6448, 17059, 1538, 0, 0
19:32:09, 1013.00, 21.83, 19.06, 23.062, 2179, 7712, 8522, 15256, 15682, 16500, 22277, 21757, 36000, 35367, 1, 1, 796, 1342, 2584, 4082, 5963, 6153, 6595, 6501, 16678, 1543, 0, 0
19:32:10, 1012.80, 21.86, 19.04, 23.062, 3058, 8186, 8688, 14804, 19324, 17522, 29995, 26077, 36000, 35865, 1, 1, 791, 1334, 2558, 4038, 5881, 6076, 6505, 6431, 16207, 1522, 0, 0
19:32:10, 1013.10, 21.88, 19.04, 22.930, 3965, 8121, 9028, 17330, 19448, 17112, 28489, 25439, 36000, 35676, 1, 1, 776, 1307, 2512, 3985, 5822, 6016, 6441, 6362, 15916, 1492, 0, 0
19:32:11, 1013.00, 21.89, 19.02, 22.875, 3617, 7983, 8555, 17811, 16891, 16442, 25889, 20967, 36000, 34480, 1, 1, 777, 1306, 2515, 3993, 5905, 6106, 6533, 6452, 16186, 1513, 0, 0
19:32:12, 1012.80, 21.92, 19.06, 22.875, 2605, 7625, 7027, 15001, 14688, 17879, 22753, 20114, 36000, 35983, 1, 1, 790, 1331, 2555, 4037, 5944, 6140, 6580, 6483, 16642, 1553, 0, 0
19:32:12, 1012.10, 21.94, 19.04, 22.828, 2463, 7445, 11908, 15186, 17233, 20126, 25735, 30154, 36000, 36000, 1, 1, 810, 1364, 2611, 4108, 6104, 6293, 6763, 6662, 17600, 1664, 0, 0
19:32:13, 1013.80, 21.95, 19.02, 22.836, 3531, 8866, 12231, 16620, 19720, 17340, 27410, 27511, 36000, 36000, 1, 1, 807, 1360, 2613, 4131, 6037, 6234, 6708, 6580, 17656, 1629, 0, 0
19:32:14, 1013.30, 21.97, 19.06, 22.836, 5580, 7180, 12412, 17093, 16897, 13258, 22887, 22743, 36000, 36000, 1, 1, 826, 1390, 2664, 4211, 6104, 6304, 6791, 6660, 18129, 1667, 0, 0
19:32:14, 1012.80, 21.99, 19.07, 22.828, 4990, 9195, 12502, 14521, 20808, 16226, 27096, 27302, 36000, 36000, 1, 1, 886, 1490, 2835, 4463, 6396, 6623, 7127, 7016, 19336, 1796, 0, 0
19:32:15, 1012.60, 22.01, 19.07, 22.828, 6171, 9835, 13082, 14691, 16962, 18256, 21125, 27386, 36000, 36000, 1, 1, 900, 1506, 2867, 4518, 6502, 6750, 7250, 7153, 19841, 1856, 0, 0
19:32:16, 1012.40, 22.02, 19.04, 22.828, 5684, 10472, 12569, 15100, 21351, 22261, 18874, 33963, 36000, 36000, 1, 1, 911, 1520, 2895, 4563, 6550, 6818, 7301, 7218, 20011, 1880, 0, 0
19:32:16, 1010.40, 22.03, 19.11, 22.812, 6892, 11540, 12976, 17332, 16615, 23068, 13622, 30915, 36000, 36000, 1, 1, 941, 1566, 2967, 4648, 6681, 6949, 7419, 7377, 20467, 1969, 0, 0
19:32:17, 1012.00, 22.04, 19.06, 22.828, 5986, 14091, 11840, 16648, 26274, 18579, 25495, 31537, 36000, 30700, 1, 1, 872, 1450, 2770, 4357, 6337, 6607, 7031, 7002, 19177, 1823, 0, 0
19:32:18, 1009.90, 22.05, 19.09, 22.828, 7092, 9825, 15254, 14271, 23023, 28282, 24618, 35971, 36000, 19302, 1, 1, 849, 1416, 2690, 4229, 6138, 6418, 6805, 6816, 18354, 1787, 0, 0
19:32:18, 1011.10, 22.06, 19.06, 22.828, 6789, 13643, 19061, 19469, 20655, 23210, 31200, 36000, 29434, 6264, 1, 1, 812, 1355, 2576, 4072, 5961, 6247, 6608, 6610, 17252, 1678, 0, 0
19:32:19, 1012.90, 22.08, 19.06, 22.836, 6173, 10507, 15607, 14483, 20672, 23832, 27220, 35551, 17322, 4189, 0, 1, 757, 1269, 2431, 3882, 5780, 6058, 6411, 6382, 16067, 1533, 0, 0
19:32:20, 1014.70, 22.09, 19.07, 22.836, 4656, 9019, 12257, 17407, 19592, 25199, 29066, 35851, 15067, 3563, 0, 1, 743, 1246, 2410, 3862, 5751, 6020, 6378, 6311, 15553, 1463, 0, 0
19:32:20, 1016.50, 22.10, 19.06, 22.828, 4917, 9428, 11813, 14776, 17595, 22541, 24212, 33746, 13287, 2837, 0, 1, 702, 1174, 2298, 3717, 5558, 5825, 6166, 6080, 14582, 1337, 0, 0
19:32:21, 1013.40, 22.11, 19.04, 22.820, 5321, 8639, 12229, 16250, 16059, 22680, 23343, 29847, 11462, 2707, 0, 0, 717, 1202, 2343, 3773, 5575, 5833, 6166, 6087, 14476, 1336, 0, 0
19:32:22, 1010.60, 22.13, 19.07, 22.820, 5263, 9911, 10704, 16163, 19266, 17108, 23711, 28013, 10287, 2938, 0, 0, 718, 1203, 2328, 3737, 5383, 5631, 5948, 5881, 13955, 1314, 0, 0
19:32:22, 1009.20, 22.15, 19.09, 22.805, 5951, 13506, 13885, 21745, 20407, 22285, 29955, 35996, 10084, 3239, 0, 1, 679, 1133, 2182, 3520, 5109, 5365, 5653, 5594, 13101, 1259, 0, 0
19:32:23, 1010.70, 22.16, 19.06, 22.805, 6738, 12034, 14758, 22829, 23216, 26620, 32823, 34046, 10425, 3484, 0, 1, 696, 1160, 2238, 3607, 5383, 5647, 5947, 5881, 13645, 1273, 0, 0
19:32:24, 1010.60, 22.18, 19.06, 22.805, 6308, 9352, 13514, 14379, 19728, 17427, 21374, 28985, 10945, 3343, 0, 0, 710, 1192, 2307, 3708, 5586, 5833, 6165, 6073, 14154, 1310, 0, 0
19:32:24, 1011.10, 22.19, 19.07, 22.797, 6333, 8289, 11511, 12212, 20849, 22295, 23139, 28265, 12001, 3688, 0, 0, 748, 1258, 2440, 3910, 5793, 6041, 6391, 6291, 14720, 1354, 0, 0
19:32:25, 1011.80, 22.19, 19.07, 22.797, 5747, 9064, 13931, 15724, 17010, 15625, 26368, 34044, 12217, 3661, 0, 1, 757, 1276, 2474, 3957, 5808, 6054, 6413, 6310, 14976, 1385, 0, 0
19:32:26, 1010.80, 22.20, 19.09, 22.797, 5377, 11082, 12228, 13730, 20950, 18671, 26380, 33820, 12508, 3741, 0, 1, 753, 1270, 2457, 3928, 5758, 6000, 6353, 6261, 15027, 1410, 0, 0
19:32:26, 1010.30, 22.20, 19.07, 22.797, 6179, 11403, 12073, 18487, 18909, 25447, 24391, 35016, 12492, 3886, 0, 1, 738, 1244, 2399, 3832, 5603, 5841, 6178, 6095, 14759, 1401, 0, 0
19:32:27, 1010.30, 22.20, 19.06, 22.797, 6689, 9885, 12513, 18464, 19672, 29525, 27158, 33175, 12085, 3875, 0, 1, 717, 1206, 2321, 3718, 5438, 5673, 5989, 5919, 14344, 1370, 0, 0
19:32:28, 1010.50, 22.20, 19.11, 22.797, 6356, 11376, 12212, 17741, 19569, 29579, 29769, 36000, 12449, 3820, 1, 1, 701, 1177, 2264, 3630, 5392, 5627, 5941, 5868, 14248, 1363, 0, 0
19:32:28, 1009.50, 22.20, 19.07, 22.797, 5646, 11356, 11669, 16573, 19137, 25380, 24405, 35005, 12241, 3618, 0, 1, 714, 1201, 2312, 3702, 5559, 5799, 6127, 6054, 14708, 1408, 0, 0
19:32:29, 1009.30, 22.20, 19.06, 22.797, 6779, 9686, 12350, 19105, 21196, 27007, 30104, 35682, 11969, 4202, 0, 1, 767, 1290, 2479, 3942, 5778, 6021, 6369, 6284, 15302, 1465, 0, 0
19:32:30, 1012.60, 22.20, 19.06, 22.797, 5319, 8641, 12871, 15694, 16773, 20578, 22884, 27067, 11429, 3369, 0, 0, 746, 1252, 2427, 3884, 5708, 5960, 6300, 6197, 14970, 1396, 0, 0
19:32:30, 1014.60, 22.20, 19.09, 22.805, 5653, 8816, 12380, 16956, 15694, 19203, 26129, 34058, 11137, 2932, 0, 1, 699, 1172, 2276, 3672, 5342, 5586, 5895, 5804, 14111, 1316, 0, 0
19:32:31, 1015.60, 22.20, 19.06, 22.805, 5460, 8724, 12286, 16558, 18114, 26767, 27056, 33596, 11262, 2705, 0, 1, 636, 1059, 2065, 3378, 4999, 5238, 5495, 5422, 13151, 1216, 0, 0
19:32:32, 1016.80, 22.20, 19.09, 22.805, 4961, 8679, 12207, 16712, 19586, 25206, 23061, 28801, 11704, 2726, 0, 0, 576, 950, 1842, 3081, 4676, 4877, 5096, 5032, 12255, 1134, 0, 0
19:32:32, 1018.00, 22.21, 19.09, 22.805, 5198, 8769, 11674, 16451, 18828, 27462, 24807, 33716, 12120, 2589, 0, 1, 582, 960, 1881, 3130, 4814, 5037, 5265, 5178, 12535, 1144, 0, 0
19:32:33, 1017.50, 22.21, 19.13, 22.805, 4646, 7375, 10538, 13334, 19491, 28372, 25236, 33623, 12077, 2557, 0, 1, 631, 1052, 2062, 3381, 5158, 5402, 5680, 5579, 13430, 1223, 0, 0
19:32:34, 1017.00, 22.22, 19.07, 22.805, 4702, 7485, 10817, 14541, 17136, 21785, 24295, 31672, 11487, 2532, 0, 0, 670, 1121, 2196, 3573, 5375, 5631, 5935, 5839, 14093, 1288, 0, 0
19:32:34, 1016.10, 22.22, 19.11, 22.805, 4104, 7766, 11312, 12590, 17255, 17772, 22870, 34503, 11468, 2496, 0, 1, 676, 1131, 2214, 3599, 5436, 5696, 6006, 5919, 14350, 1321, 0, 0
19:32:35, 1015.80, 22.22, 19.07, 22.805, 4615, 8018, 10643, 12653, 20096, 22937, 27688, 35552, 13116, 3006, 0, 1, 666, 1114, 2164, 3511, 5305, 5551, 5846, 5771, 14171, 1318, 0, 0
19:32:36, 1017.90, 22.23, 19.13, 22.805, 4543, 8557, 10675, 13306, 21093, 25406, 27945, 34256, 13897, 2877, 0, 1, 607, 1006, 1969, 3242, 5007, 5246, 5501, 5427, 13355, 1226, 0, 0
19:32:36, 1017.20, 22.23, 19.11, 22.805, 5219, 9583, 12119, 16124, 24027, 28361, 32319, 35604, 14909, 3105, 0, 1, 609, 1006, 1956, 3241, 4996, 5238, 5481, 5425, 13253, 1230, 0, 0
19:32:37, 1014.80, 22.24, 19.09, 22.805, 5145, 10138, 11896, 15985, 20749, 24297, 28157, 32348, 13036, 2816, 0, 0, 636, 1049, 2028, 3346, 5088, 5332, 5600, 5560, 13681, 1290, 0, 0
19:32:38, 1013.80, 22.24, 19.11, 22.805, 5121, 10231, 11637, 16192, 17062, 19498, 25501, 33641, 11516, 2817, 0, 1, 706, 1171, 2256, 3647, 5440, 5706, 6018, 5983, 14819, 1414, 0, 0
19:32:38, 1016.70, 22.24, 19.13, 22.805, 5213, 8863, 11928, 16211, 17435, 21825, 25576, 34507, 12798, 2917, 0, 1, 684, 1130, 2189, 3553, 5264, 5524, 5829, 5791, 14355, 1346, 0, 0
19:32:39, 1017.10, 22.24, 19.13, 22.805, 4017, 7844, 11295, 14099, 15705, 19095, 21206, 33519, 13166, 2746, 0, 1, 676, 1112, 2155, 3502, 5188, 5444, 5740, 5711, 14311, 1345, 0, 0
19:32:40, 1018.30, 22.25, 19.13, 22.805, 4948, 8450, 11217, 13173, 16488, 19281, 21550, 33383, 13824, 2748, 0, 1, 658, 1077, 2093, 3422, 5065, 5324, 5584, 5528, 13992, 1306, 0, 0
19:32:40, 1018.70, 22.25, 19.14, 22.812, 5398, 8767, 12293, 14790, 16145, 20615, 23470, 32708, 13361, 2616, 0, 1, 627, 1026, 2001, 3311, 4896, 5136, 5363, 5296, 13375, 1245, 0, 0
19:32:41, 1019.60, 22.25, 19.13, 22.812, 4694, 8841, 10915, 14775, 18144, 19779, 25040, 34391, 13033, 2562, 0, 1, 582, 944, 1851, 3108, 4675, 4911, 5102, 5029, 12591, 1166, 0, 0
19:32:42, 1019.70, 22.25, 19.13, 22.805, 4617, 8735, 10713, 14278, 17366, 18276, 22918, 35547, 11802, 2384, 0, 1, 571, 921, 1799, 3022, 4508, 4737, 4934, 4877, 12135, 1131, 0, 0
19:32:42, 1017.20, 22.25, 19.11, 22.805, 4977, 9509, 12779, 16911, 20024, 28509, 24107, 35479, 13205, 2634, 0, 1, 579, 936, 1811, 2974, 4540, 4790, 5101, 5083, 12276, 1163, 0, 0
19:32:43, 1018.50, 22.25, 19.14, 22.812, 4854, 8143, 10897, 15065, 15952, 23093, 22448, 28908, 11160, 2320, 0, 0, 611, 1005, 1944, 3198, 4771, 5071, 5373, 5315, 12441, 1158, 0, 0
19:32:44, 1016.90, 22.26, 19.16, 22.805, 5135, 10316, 12560, 17111, 18229, 18482, 24069, 29223, 12559, 2670, 0, 0, 656, 1090, 2127, 3473, 5323, 5597, 5899, 5789, 13623, 1241, 0, 0
19:32:44, 1019.80, 22.27, 19.11, 22.805, 4324, 6509, 10394, 12715, 17941, 18548, 24330, 26880, 12452, 2657, 0, 0, 679, 1134, 2239, 3646, 5449, 5702, 6017, 5868, 14023, 1258, 0, 0
19:32:45, 1020.90, 22.28, 19.14, 22.805, 3711, 6269, 8313, 12114, 16832, 15844, 20929, 25466, 12465, 2367, 0, 0, 652, 1088, 2160, 3534, 5300, 5542, 5843, 5690, 13508, 1201, 0, 0
19:32:46, 1022.10, 22.29, 19.16, 22.812, 4959, 9113, 12174, 16486, 15840, 18123, 21207, 30164, 13327, 2389, 0, 0, 619, 1032, 2055, 3379, 5025, 5259, 5539, 5389, 12706, 1121, 0, 0
19:32:46, 1020.70, 22.31, 19.14, 22.812, 4317, 8495, 10818, 14897, 19614, 24384, 28069, 35368, 14200, 2628, 0, 1, 607, 1015, 2018, 3312, 4961, 5189, 5463, 5319, 12488, 1106, 0, 0
19:32:47, 1019.50, 22.31, 19.14, 22.812, 4384, 9434, 11554, 19449, 19142, 24800, 23963, 31871, 14765, 2850, 0, 0, 631, 1059, 2088, 3411, 5193, 5421, 5721, 5574, 13201, 1182, 0, 0
19:32:48, 1017.30, 22.32, 19.14, 22.805, 3839, 4163, 7494, 7222, 14859, 15101, 17900, 21084, 11559, 2415, 0, 0, 683, 1143, 2256, 3672, 5544, 5789, 6113, 5953, 13987, 1248, 0, 0
19:32:48, 1016.10, 22.32, 19.14, 22.805, 3672, 3371, 6799, 5294, 13982, 9628, 13603, 14706, 10771, 2589, 0, 0, 718, 1205, 2366, 3827, 5569, 5807, 6138, 5979, 14153, 1276, 0, 0
19:32:49, 1014.80, 22.33, 19.14, 22.805, 4937, 5340, 8955, 7517, 11157, 8458, 10938, 11944, 9930, 2189, 0, 0, 685, 1145, 2260, 3677, 5466, 5711, 6027, 5873, 13644, 1219, 0, 0
19:32:50, 1012.00, 22.33, 19.18, 22.805, 6029, 5701, 9900, 7427, 16920, 18235, 20186, 24940, 10327, 2810, 0, 0, 703, 1181, 2295, 3696, 5411, 5648, 5953, 5836, 13720, 1265, 0, 0
19:32:50, 1010.30, 22.34, 19.14, 22.805, 6535, 9138, 12465, 14714, 23614, 27721, 32711, 35943, 10981, 3171, 0, 1, 656, 1101, 2125, 3434, 5029, 5239, 5510, 5428, 12785, 1227, 0, 0
19:32:51, 1012.00, 22.35, 19.16, 22.805, 6890, 13324, 14939, 23722, 21029, 30792, 34085, 36000, 10754, 3504, 1, 1, 689, 1157, 2233, 3591, 5257, 5482, 5771, 5662, 13387, 1256, 0, 0
19:32:52, 1014.20, 22.35, 19.18, 22.812, 6041, 12252, 13377, 23212, 23494, 31863, 26143, 35844, 12943, 3679, 0, 1, 687, 1156, 2240, 3605, 5449, 5681, 5995, 5865, 13973, 1281, 0, 0
19:32:52, 1013.80, 22.35, 19.16, 22.812, 5637, 6414, 10578, 11223, 20305, 26363, 31823, 35575, 13379, 3361, 0, 1, 714, 1201, 2340, 3766, 5677, 5914, 6249, 6111, 14730, 1350, 0, 0
19:32:53, 1014.30, 22.36, 19.16, 22.805, 4324, 4906, 9092, 8595, 18824, 11593, 25593, 22427, 12157, 3044, 0, 0, 743, 1248, 2442, 3933, 5881, 6135, 6479, 6330, 15290, 1392, 0, 0
19:32:54, 1014.40, 22.36, 19.16, 22.812, 3968, 6362, 11487, 12060, 15209, 14624, 22431, 27646, 12663, 3283, 0, 0, 760, 1278, 2489, 3996, 5912, 6168, 6519, 6384, 15688, 1448, 0, 0
19:32:54, 1012.40, 22.37, 19.16, 22.812, 4179, 7714, 10299, 12272, 20656, 18947, 26396, 34838, 14326, 3607, 0, 1, 788, 1324, 2564, 4097, 5976, 6235, 6590, 6479, 16177, 1526, 0, 0
19:32:55, 1012.90, 22.38, 19.18, 22.797, 6252, 11404, 13713, 18505, 19803, 22653, 27799, 35333, 15197, 3756, 0, 1, 758, 1275, 2471, 3961, 5797, 6054, 6393, 6295, 15675, 1469, 0, 0
19:32:56, 1013.70, 22.39, 19.18, 22.812, 5778, 11963, 12722, 18023, 20103, 23308, 28173, 35897, 15325, 3702, 0, 1, 744, 1249, 2426, 3899, 5743, 6001, 6332, 6233, 15467, 1439, 0, 0
19:32:56, 1013.60, 22.38, 19.19, 22.812, 5907, 10550, 13562, 17959, 17875, 23275, 28270, 35534, 15598, 3657, 0, 1, 760, 1276, 2481, 3982, 5841, 6099, 6440, 6334, 15734, 1460, 0, 0
19:32:57, 1014.00, 22.38, 19.23, 22.805, 5476, 9588, 12891, 17606, 16713, 19461, 25009, 34018, 14229, 3557, 0, 1, 803, 1348, 2616, 4184, 6091, 6359, 6717, 6602, 16400, 1526, 0, 0
19:32:58, 1013.90, 22.37, 19.21, 22.812, 3240, 7933, 10964, 14609, 15869, 14138, 22375, 23520, 13758, 3298, 0, 0, 799, 1342, 2607, 4177, 6073, 6341, 6703, 6589, 16462, 1533, 0, 0
19:32:58, 1013.70, 22.37, 19.18, 22.812, 3472, 7925, 11298, 13329, 17257, 19058, 23424, 33492, 14736, 3469, 0, 1, 787, 1320, 2565, 4115, 6047, 6316, 6677, 6575, 16497, 1539, 0, 0
19:32:59, 1013.60, 22.37, 19.21, 22.812, 5818, 10063, 15686, 14697, 20469, 21790, 27618, 35936, 18665, 4308, 0, 1, 769, 1290, 2498, 4002, 5865, 6129, 6479, 6391, 16078, 1502, 0, 0
19:33:00, 1013.40, 22.37, 19.23, 22.812, 6192, 10370, 15078, 13906, 24436, 25120, 26184, 36000, 18740, 4452, 1, 1, 764, 1283, 2474, 3960, 5791, 6050, 6394, 6315, 15944, 1492, 0, 0
19:33:00, 1013.00, 22.37, 19.21, 22.812, 5110, 9542, 13954, 14019, 23291, 22970, 25821, 35918, 19117, 4422, 0, 1, 775, 1302, 2512, 4014, 5937, 6200, 6563, 6475, 16422, 1544, 0, 0
19:33:01, 1012.80, 22.37, 19.23, 22.812, 4886, 9761, 14382, 14741, 18941, 20678, 26574, 35164, 17628, 4284, 0, 1, 805, 1352, 2606, 4156, 6195, 6470, 6848, 6759, 17133, 1619, 0, 0
19:33:02, 1012.10, 22.36, 19.19, 22.812, 3969, 9037, 12902, 15042, 19149, 20129, 27162, 35778, 17500, 4380, 0, 1, 827, 1390, 2677, 4260, 6288, 6563, 6945, 6858, 17419, 1650, 0, 0
19:33:02, 1012.40, 22.36, 19.19, 22.812, 4352, 9461, 13238, 15431, 20195, 21005, 32565, 36000, 18498, 4585, 1, 1, 827, 1389, 2673, 4251, 6235, 6508, 6889, 6804, 17331, 1637, 0, 0
19:33:03, 1013.10, 22.35, 19.19, 22.812, 5203, 10174, 14870, 15233, 21586, 21923, 29655, 36000, 19705, 4740, 1, 1, 817, 1374, 2643, 4199, 6125, 6395, 6770, 6687, 17105, 1618, 0, 0
19:33:04, 1013.00, 22.35, 19.21, 22.812, 5548, 10326, 14614, 14903, 19134, 20505, 26885, 36000, 18472, 4228, 1, 1, 802, 1348, 2600, 4143, 6072, 6342, 6714, 6631, 16951, 1597, 0, 0
19:33:04, 1011.30, 22.35, 19.21, 22.820, 6116, 10522, 15187, 14357, 19310, 20697, 30330, 36000, 18064, 4392, 1, 1, 824, 1385, 2661, 4225, 6225, 6496, 6878, 6801, 17334, 1652, 0, 0
19:33:05, 1011.60, 22.35, 19.23, 22.812, 4812, 9923, 14127, 15750, 18720, 19847, 26184, 36000, 16553, 4323, 1, 1, 823, 1385, 2660, 4225, 6182, 6453, 6825, 6747, 17139, 1629, 0, 0
19:33:06, 1010.80, 22.34, 19.26, 22.812, 6137, 11201, 15992, 14893, 19186, 20080, 30063, 36000, 17378, 4506, 1, 1, 819, 1378, 2644, 4204, 6135, 6404, 6774, 6695, 16974, 1613, 0, 0
19:33:06, 1010.60, 22.34, 19.23, 22.812, 6437, 11397, 16568, 14785, 20028, 20751, 30784, 36000, 17228, 4841, 1, 1, 826, 1391, 2662, 4221, 6124, 6389, 6752, 6677, 16942, 1613, 0, 0
19:33:07, 1011.30, 22.34, 19.26, 22.820, 5779, 10947, 15038, 14996, 20352, 23423, 28438, 35189, 17155, 4547, 0, 1, 806, 1356, 2605, 4140, 6032, 6293, 6651, 6571, 16639, 1578, 0, 0
19:33:08, 1011.50, 22.34, 19.25, 22.820, 6467, 10868, 14985, 14898, 20695, 24525, 28243, 36000, 17237, 4604, 1, 1, 809, 1361, 2614, 4154, 6072, 6334, 6693, 6605, 16718, 1586, 0, 0
19:33:08, 1011.80, 22.33, 19.23, 22.812, 5594, 11138, 15014, 15422, 19342, 24318, 26641, 35117, 16853, 4454, 0, 1, 810, 1362, 2620, 4164, 6096, 6358, 6722, 6625, 16816, 1594, 0, 0
19:33:09, 1010.10, 22.32, 19.23, 22.812, 5201, 10952, 14705, 15717, 20042, 23728, 27815, 36000, 16706, 4387, 1, 1, 820, 1380, 2648, 4203, 6183, 6441, 6811, 6722, 17211, 1653, 0, 0
19:33:10, 1010.50, 22.32, 19.25, 22.812, 5401, 9959, 14497, 14003, 19090, 19416, 25841, 33493, 15915, 4437, 0, 1, 835, 1403, 2695, 4275, 6191, 6454, 6820, 6730, 17045, 1624, 0, 0
19:33:10, 1011.00, 22.33, 19.23, 22.812, 5097, 9725, 14028, 15110, 19660, 18067, 25100, 34581, 15396, 4400, 0, 1, 836, 1405, 2697, 4271, 6131, 6394, 6753, 6666, 16946, 1614, 0, 0
19:33:11, 1012.20, 22.34, 19.26, 22.820, 6105, 10481, 16588, 15592, 19115, 19888, 30035, 35575, 17200, 4412, 0, 1, 808, 1359, 2614, 4151, 5999, 6258, 6611, 6526, 16707, 1583, 0, 0
19:33:12, 1011.70, 22.34, 19.28, 22.820, 6164, 10640, 16795, 15903, 20027, 21676, 33760, 35920, 18120, 4404, 0, 1, 802, 1348, 2592, 4123, 6000, 6256, 6613, 6527, 16819, 1599, 0, 0
19:33:12, 1011.40, 22.34, 19.25, 22.812, 5718, 10594, 16445, 17599, 20272, 20743, 29480, 35920, 19778, 4672, 0, 1, 816, 1371, 2637, 4189, 6126, 6382, 6748, 6660, 17225, 1641, 0, 0
19:33:13, 1012.50, 22.34, 19.23, 22.812, 5223, 10264, 14948, 17660, 19422, 19678, 30144, 35662, 21323, 4788, 0, 1, 832, 1398, 2688, 4266, 6201, 6462, 6835, 6746, 17408, 1652, 0, 0
19:33:14, 1012.80, 22.34, 19.25, 22.812, 5270, 9979, 10812, 16577, 20547, 21418, 27584, 33175, 25263, 4933, 0, 1, 834, 1399, 2694, 4284, 6243, 6514, 6880, 6792, 17606, 1661, 0, 0
19:33:14, 1011.60, 22.34, 19.26, 22.820, 6175, 11875, 12787, 18719, 18885, 22421, 28167, 36000, 31757, 5544, 1, 1, 861, 1445, 2769, 4378, 6440, 6714, 7103, 7024, 18429, 1766, 0, 0
19:33:15, 1014.20, 22.35, 19.28, 22.820, 5133, 9107, 12234, 17275, 19151, 20980, 27817, 33596, 34447, 5536, 0, 1, 850, 1421, 2736, 4340, 6248, 6517, 6893, 6801, 17865, 1676, 0, 0
19:33:16, 1013.20, 22.36, 19.28, 22.820, 5577, 7671, 10441, 14740, 18841, 21597, 30955, 24919, 35765, 6348, 0, 1, 849, 1418, 2724, 4313, 6211, 6468, 6844, 6760, 18065, 1706, 0, 0
19:33:16, 1012.60, 22.37, 19.30, 22.812, 6043, 12046, 17364, 18057, 22596, 20700, 24910, 35940, 36000, 8454, 1, 1, 828, 1383, 2657, 4210, 6171, 6423, 6797, 6719, 18078, 1711, 0, 0
19:33:17, 1012.20, 22.38, 19.28, 22.820, 7004, 13558, 19211, 18152, 22062, 23802, 23712, 35641, 36000, 11463, 1, 1, 824, 1378, 2641, 4176, 6093, 6344, 6711, 6638, 17775, 1684, 0, 0
19:33:18, 1012.90, 22.39, 19.28, 22.820, 6356, 12011, 18598, 20246, 25745, 20926, 25606, 35756, 36000, 7279, 1, 1, 827, 1385, 2658, 4211, 6104, 6364, 6723, 6645, 17633, 1665, 0, 0
19:33:18, 1015.70, 22.39, 19.30, 22.812, 5717, 9276, 14894, 16259, 17700, 21130, 29692, 34306, 35773, 5365, 0, 1, 820, 1371, 2644, 4207, 6047, 6310, 6661, 6564, 17175, 1600, 0, 0
19:33:19, 1019.70, 22.40, 19.28, 22.820, 4533, 8836, 10250, 14701, 16349, 20159, 25101, 29737, 30743, 4512, 0, 0, 751, 1253, 2448, 3945, 5692, 5947, 6274, 6153, 15947, 1448, 0, 0
19:33:20, 1022.70, 22.40, 19.30, 22.820, 3962, 7650, 11040, 13487, 16714, 18513, 22844, 28593, 27304, 3897, 0, 0, 717, 1191, 2351, 3815, 5570, 5824, 6140, 6003, 15497, 1391, 0, 0
19:33:20, 1028.00, 22.40, 19.28, 22.820, 4036, 7744, 11034, 13931, 14397, 15713, 20551, 27890, 28234, 3418, 0, 0, 653, 1079, 2160, 3560, 5255, 5513, 5802, 5650, 14342, 1261, 0, 0
19:33:21, 1030.10, 22.40, 19.32, 22.820, 3579, 6888, 10441, 13137, 14232, 15511, 20112, 27091, 25989, 3012, 0, 0, 626, 1032, 2079, 3446, 5175, 5431, 5717, 5558, 14068, 1232, 0, 0
19:33:22, 1034.50, 22.40, 19.33, 22.820, 2992, 5640, 9255, 11157, 13656, 14392, 19263, 24798, 21939, 2510, 0, 0, 577, 942, 1923, 3230, 4875, 5134, 5401, 5230, 13071, 1131, 0, 0
19:33:22, 1036.20, 22.41, 19.30, 22.820, 2679, 5072, 8167, 10592, 13629, 14451, 18886, 21548, 22028, 2402, 0, 0, 573, 932, 1908, 3213, 4830, 5094, 5356, 5187, 12957, 1120, 0, 0
19:33:23, 1039.70, 22.41, 19.32, 22.820, 2412, 4462, 7121, 9526, 12384, 12967, 17597, 20225, 19073, 2054, 0, 0, 533, 863, 1781, 3028, 4577, 4836, 5086, 4917, 12208, 1045, 0, 0
19:33:24, 1044.50, 22.41, 19.35, 22.820, 2345, 4320, 7056, 9337, 11792, 12460, 15924, 20399, 19919, 1958, 0, 0, 491, 789, 1642, 2817, 4235, 4490, 4726, 4555, 11243, 956, 0, 0
19:33:24, 1051.10, 22.41, 19.32, 22.820, 2192, 4016, 6647, 8829, 11152, 11932, 14855, 18476, 19698, 1763, 0, 0, 421, 664, 1405, 2464, 3812, 4066, 4276, 4105, 9965, 841, 0, 0
19:33:25, 1053.80, 22.41, 19.30, 22.820, 1695, 3131, 5264, 7257, 10079, 10837, 13742, 16711, 17804, 1556, 0, 0, 404, 634, 1347, 2380, 3740, 3994, 4202, 4029, 9772, 824, 0, 0
19:33:26, 1058.60, 22.42, 19.32, 22.820, 1570, 2885, 4922, 6920, 9847, 10615, 13534, 16531, 17291, 1460, 0, 0, 368, 567, 1220, 2186, 3471, 3723, 3918, 3745, 8955, 751, 0, 0
19:33:26, 1061.40, 22.43, 19.33, 22.812, 1335, 2447, 4239, 6103, 8279, 8992, 11322, 13099, 15478, 1283, 0, 0, 350, 534, 1154, 2090, 3348, 3600, 3789, 3616, 8590, 720, 0, 0
19:33:27, 1064.30, 22.43, 19.32, 22.812, 1253, 2305, 3997, 5889, 7812, 8478, 10668, 12143, 14733, 1203, 0, 0, 337, 507, 1103, 2013, 3258, 3513, 3702, 3526, 8358, 699, 0, 0
19:33:28, 1067.30, 22.43, 19.35, 22.805, 1234, 2257, 3977, 5860, 7426, 8099, 10055, 11472, 14796, 1177, 0, 0, 319, 476, 1041, 1916, 3123, 3378, 3557, 3385, 8000, 668, 0, 0
19:33:28, 1068.80, 22.42, 19.35, 22.805, 1136, 2058, 3667, 5431, 7458, 8167, 10185, 11811, 15006, 1181, 0, 0, 310, 461, 1009, 1863, 3049, 3301, 3480, 3313, 7827, 653, 0, 0
19:33:29, 1070.50, 22.42, 19.35, 22.805, 1048, 1891, 3390, 5053, 6960, 7619, 9560, 10706, 14146, 1111, 0, 0, 301, 443, 974, 1806, 2952, 3202, 3376, 3212, 7582, 632, 0, 0
19:33:30, 1072.90, 22.42, 19.33, 22.797, 1027, 1844, 3326, 4979, 6657, 7278, 9120, 10118, 13213, 1036, 0, 0, 287, 420, 925, 1725, 2814, 3059, 3228, 3069, 7244, 603, 0, 0
19:33:30, 1075.10, 22.41, 19.35, 22.797, 935, 1683, 3055, 4628, 5834, 6360, 8070, 8461, 11387, 895, 0, 0, 272, 396, 874, 1639, 2697, 2939, 3104, 2952, 6919, 577, 0, 0
19:33:31, 1077.80, 22.41, 19.33, 22.797, 907, 1623, 2977, 4498, 5989, 6603, 8119, 9026, 11442, 885, 0, 0, 247, 355, 789, 1493, 2529, 2769, 2925, 2780, 6428, 535, 0, 0
19:33:32, 1081.80, 22.42, 19.37, 22.789, 808, 1441, 2667, 4092, 6118, 6831, 8176, 9210, 11725, 894, 0, 0, 230, 328, 731, 1392, 2347, 2581, 2731, 2595, 5946, 494, 0, 0
19:33:32, 1086.20, 22.42, 19.35, 22.789, 725, 1289, 2399, 3750, 5361, 5992, 7207, 7968, 10041, 763, 0, 0, 211, 296, 661, 1273, 2167, 2395, 2543, 2419, 5477, 454, 0, 0
19:33:33, 1091.50, 22.42, 19.40, 22.789, 641, 1124, 2133, 3384, 5179, 5898, 6953, 7788, 9736, 731, 0, 0, 189, 260, 581, 1136, 1974, 2198, 2342, 2231, 4974, 412, 0, 0
19:33:34, 1093.90, 22.43, 19.40, 22.781, 546, 950, 1838, 2968, 4618, 5221, 6219, 6851, 8749, 653, 0, 0, 181, 247, 552, 1088, 1906, 2134, 2280, 2180, 4813, 399, 0, 0
19:33:34, 1096.50, 22.43, 19.33, 22.781, 542, 934, 1813, 2940, 4303, 4825, 5747, 6228, 8199, 609, 0, 0, 173, 234, 523, 1034, 1817, 2043, 2192, 2100, 4602, 382, 0, 0
19:33:35, 1094.40, 22.43, 19.35, 22.781, 486, 839, 1637, 2673, 4006, 4418, 5375, 5693, 7514, 561, 0, 0, 180, 243, 544, 1074, 1909, 2138, 2286, 2184, 4816, 400, 0, 0
19:33:36, 1092.70, 22.44, 19.33, 22.781, 505, 882, 1704, 2770, 4060, 4449, 5455, 5727, 7566, 569, 0, 0, 184, 251, 561, 1104, 1936, 2163, 2311, 2206, 4876, 404, 0, 0
19:33:36, 1091.80, 22.45, 19.38, 22.781, 527, 925, 1777, 2879, 4267, 4715, 5726, 6118, 7995, 600, 0, 0, 184, 252, 563, 1106, 1949, 2173, 2319, 2212, 4916, 408, 0, 0
19:33:37, 1093.10, 22.47, 19.37, 22.781, 586, 1021, 1964, 3151, 4474, 4970, 5990, 6439, 8365, 626, 0, 0, 183, 250, 559, 1096, 1901, 2122, 2266, 2163, 4815, 399, 0, 0
19:33:38, 1094.60, 22.48, 19.40, 22.781, 559, 969, 1879, 3034, 4326, 4818, 5821, 6283, 8071, 603, 0, 0, 176, 238, 532, 1049, 1842, 2064, 2207, 2110, 4662, 387, 0, 0
19:33:38, 1095.20, 22.48, 19.38, 22.789, 555, 962, 1867, 3019, 4395, 4912, 5864, 6328, 8306, 617, 0, 0, 172, 233, 520, 1028, 1808, 2029, 2173, 2080, 4565, 379, 0, 0
19:33:39, 1095.10, 22.49, 19.38, 22.789, 517, 895, 1740, 2831, 4214, 4696, 5689, 6154, 7698, 576, 0, 0, 172, 232, 518, 1023, 1803, 2022, 2166, 2072, 4538, 376, 0, 0
19:33:40, 1095.60, 22.49, 19.42, 22.781, 507, 876, 1707, 2777, 4104, 4529, 5519, 5888, 7439, 556, 0, 0, 171, 230, 514, 1017, 1806, 2027, 2170, 2078, 4544, 377, 0, 0
19:33:40, 1094.20, 22.49, 19.37, 22.789, 497, 858, 1666, 2708, 4060, 4432, 5475, 5786, 7198, 541, 0, 0, 175, 238, 531, 1048, 1845, 2066, 2210, 2114, 4626, 384, 0, 0
19:33:41, 1092.10, 22.50, 19.38, 22.789, 531, 915, 1771, 2858, 4161, 4542, 5591, 5935, 7288, 550, 0, 0, 182, 247, 554, 1089, 1918, 2142, 2283, 2179, 4784, 396, 0, 0
19:33:42, 1089.20, 22.50, 19.40, 22.781, 565, 979, 1884, 3020, 4307, 4675, 5771, 6080, 7551, 571, 0, 0, 190, 262, 585, 1146, 2021, 2248, 2388, 2275, 5015, 415, 0, 0
19:33:42, 1086.90, 22.50, 19.38, 22.789, 628, 1096, 2081, 3305, 4623, 5075, 6196, 6658, 8173, 621, 0, 0, 198, 275, 614, 1195, 2111, 2339, 2481, 2360, 5232, 433, 0, 0
19:33:43, 1084.60, 22.50, 19.37, 22.789, 630, 1110, 2098, 3314, 4968, 5475, 6703, 7274, 8913, 682, 0, 0, 211, 297, 664, 1281, 2203, 2430, 2572, 2442, 5475, 453, 0, 0
19:33:44, 1082.90, 22.51, 19.44, 22.781, 682, 1207, 2267, 3565, 5020, 5522, 6769, 7349, 9063, 694, 0, 0, 219, 308, 689, 1325, 2306, 2540, 2686, 2548, 5746, 477, 0, 0
19:33:44, 1082.80, 22.51, 19.42, 22.789, 733, 1299, 2427, 3780, 5188, 5738, 7005, 7696, 9478, 728, 0, 0, 221, 312, 696, 1337, 2300, 2533, 2680, 2544, 5750, 477, 0, 0
19:33:45, 1082.10, 22.51, 19.45, 22.789, 703, 1269, 2350, 3695, 5143, 5652, 6946, 7518, 9573, 735, 0, 0, 222, 314, 700, 1341, 2312, 2545, 2692, 2557, 5794, 481, 0, 0
19:33:46, 1081.70, 22.52, 19.47, 22.781, 726, 1299, 2416, 3772, 5265, 5788, 7130, 7757, 9825, 755, 0, 0, 224, 318, 709, 1355, 2319, 2550, 2698, 2565, 5821, 484, 0, 0
19:33:46, 1078.20, 22.52, 19.45, 22.781, 749, 1337, 2473, 3841, 5113, 5609, 6955, 7528, 9681, 748, 0, 0, 231, 329, 732, 1394, 2391, 2621, 2768, 2634, 6010, 500, 0, 0
19:33:47, 1076.20, 22.53, 19.44, 22.797, 878, 1543, 2853, 4323, 5945, 6586, 7960, 8943, 11476, 881, 0, 0, 238, 342, 759, 1439, 2473, 2704, 2852, 2713, 6197, 515, 0, 0
19:33:48, 1075.50, 22.54, 19.45, 22.789, 915, 1617, 2982, 4490, 6122, 6789, 8214, 9226, 11987, 927, 0, 0, 252, 365, 809, 1526, 2594, 2831, 2985, 2838, 6506, 541, 0, 0
19:33:48, 1072.30, 22.54, 19.49, 22.789, 871, 1549, 2846, 4306, 6431, 7126, 8812, 10057, 12136, 949, 0, 0, 267, 388, 858, 1611, 2745, 2988, 3149, 2994, 6936, 578, 0, 0
19:33:49, 1071.90, 22.54, 19.47, 22.789, 984, 1755, 3187, 4764, 7057, 7768, 9646, 11240, 13899, 1083, 0, 0, 279, 409, 903, 1687, 2842, 3089, 3252, 3092, 7191, 599, 0, 0
19:33:50, 1071.70, 22.53, 19.45, 22.797, 982, 1762, 3186, 4788, 6431, 7059, 8662, 9681, 13538, 1053, 0, 0, 285, 417, 920, 1718, 2879, 3130, 3298, 3136, 7313, 610, 0, 0
19:33:50, 1072.20, 22.52, 19.49, 22.797, 923, 1654, 2974, 4523, 6525, 7183, 8818, 9911, 13945, 1083, 0, 0, 286, 419, 922, 1721, 2873, 3124, 3292, 3131, 7335, 611, 0, 0
19:33:51, 1071.80, 22.51, 19.49, 22.789, 927, 1661, 2966, 4567, 6225, 6872, 8510, 9400, 13629, 1056, 0, 0, 291, 425, 936, 1747, 2913, 3166, 3337, 3174, 7476, 624, 0, 0
19:33:52, 1071.20, 22.52, 19.47, 22.789, 969, 1732, 3111, 4706, 5953, 6583, 8104, 8811, 13674, 1059, 0, 0, 294, 430, 946, 1762, 2908, 3158, 3331, 3170, 7511, 627, 0, 0
19:33:52, 1071.40, 22.52, 19.45, 22.789, 1014, 1809, 3237, 4879, 6537, 7241, 8781, 10002, 15361, 1173, 0, 0, 284, 416, 917, 1709, 2830, 3074, 3240, 3081, 7318, 610, 0, 0
19:33:53, 1071.60, 22.53, 19.49, 22.789, 1002, 1786, 3174, 4839, 6215, 6890, 8381, 9312, 14699, 1124, 0, 0, 283, 415, 915, 1706, 2838, 3080, 3244, 3084, 7357, 612, 0, 0
19:33:54, 1073.30, 22.53, 19.49, 22.789, 965, 1700, 3041, 4663, 6351, 7027, 8528, 9571, 14928, 1135, 0, 0, 277, 405, 895, 1672, 2806, 3050, 3214, 3054, 7282, 606, 0, 0
19:33:54, 1074.40, 22.52, 19.49, 22.789, 913, 1586, 2866, 4425, 6234, 6890, 8186, 9242, 15837, 1199, 0, 0, 267, 387, 859, 1614, 2782, 3029, 3190, 3028, 7183, 598, 0, 0
19:33:55, 1071.40, 22.52, 19.49, 22.789, 920, 1601, 2881, 4456, 6329, 7031, 8509, 9680, 15837, 1196, 0, 0, 285, 417, 920, 1717, 2882, 3127, 3292, 3124, 7447, 620, 0, 0
19:33:56, 1071.70, 22.52, 19.50, 22.797, 995, 1766, 3195, 4787, 6913, 7634, 9195, 10682, 16604, 1248, 0, 0, 278, 408, 900, 1681, 2802, 3040, 3197, 3034, 7196, 597, 0, 0
19:33:56, 1068.20, 22.53, 19.49, 22.797, 969, 1729, 3085, 4684, 6849, 7551, 9182, 10474, 15565, 1192, 0, 0, 294, 435, 957, 1776, 2974, 3215, 3378, 3209, 7631, 635, 0, 0
19:33:57, 1067.10, 22.53, 19.52, 22.789, 1165, 2113, 3730, 5478, 7061, 7750, 9421, 10687, 15588, 1209, 0, 0, 303, 451, 991, 1831, 3055, 3302, 3468, 3292, 7783, 648, 0, 0
19:33:58, 1064.70, 22.53, 19.50, 22.789, 1118, 2030, 3587, 5320, 7598, 8341, 10376, 11920, 15094, 1199, 0, 0, 323, 485, 1061, 1947, 3225, 3473, 3643, 3459, 8200, 683, 0, 0
19:33:58, 1063.50, 22.53, 19.49, 22.789, 1187, 2162, 3789, 5626, 7109, 7716, 9652, 10550, 13894, 1124, 0, 0, 331, 498, 1089, 1997, 3311, 3567, 3739, 3547, 8352, 696, 0, 0
19:33:59, 1061.90, 22.53, 19.47, 22.789, 1188, 2194, 3805, 5661, 6812, 7384, 9268, 9975, 13182, 1087, 0, 0, 343, 521, 1136, 2072, 3395, 3651, 3824, 3628, 8533, 711, 0, 0
19:34:00, 1060.30, 22.53, 19.49, 22.797, 1249, 2311, 3961, 5824, 8288, 8985, 11589, 12832, 14306, 1205, 0, 0, 352, 537, 1167, 2117, 3415, 3662, 3832, 3637, 8618, 719, 0, 0
19:34:00, 1055.60, 22.54, 19.54, 22.797, 1172, 2194, 3730, 5632, 7038, 7651, 10064, 10166, 12785, 1113, 0, 0, 377, 582, 1257, 2256, 3619, 3868, 4046, 3848, 9180, 769, 0, 0
19:34:01, 1049.60, 22.55, 19.50, 22.789, 1377, 2598, 4290, 6331, 7934, 8569, 11055, 11722, 13704, 1233, 0, 0, 407, 637, 1360, 2410, 3897, 4147, 4342, 4146, 9933, 838, 0, 0
19:34:02, 1044.30, 22.56, 19.54, 22.805, 1756, 3353, 5426, 7653, 9221, 9858, 12591, 14506, 15515, 1499, 0, 0, 450, 719, 1511, 2624, 4077, 4319, 4522, 4338, 10496, 891, 0, 0
19:34:02, 1039.80, 22.57, 19.52, 22.805, 2355, 4674, 7478, 10011, 10082, 11084, 13723, 16961, 15261, 1552, 0, 0, 480, 772, 1609, 2767, 4316, 4560, 4778, 4602, 11175, 957, 0, 0
19:34:03, 1037.40, 22.57, 19.54, 22.797, 2729, 4881, 7646, 9998, 11861, 13866, 16487, 20565, 15732, 1738, 0, 0, 507, 823, 1703, 2905, 4484, 4728, 4959, 4779, 11607, 997, 0, 0
19:34:04, 1035.60, 22.57, 19.52, 22.805, 2814, 4994, 7716, 10356, 12371, 15092, 18592, 24224, 15453, 1820, 0, 0, 536, 874, 1799, 3050, 4707, 4955, 5198, 5014, 12175, 1050, 0, 0
19:34:04, 1033.60, 22.57, 19.54, 22.805, 2341, 4573, 7382, 10186, 11012, 11792, 15640, 18515, 13823, 1653, 0, 0, 562, 918, 1884, 3187, 4917, 5174, 5429, 5235, 12673, 1095, 0, 0
19:34:05, 1029.30, 22.56, 19.54, 22.805, 2144, 4156, 7073, 9201, 11637, 10182, 17604, 15554, 12935, 1740, 0, 0, 615, 1012, 2057, 3441, 5281, 5543, 5820, 5630, 13595, 1186, 0, 0
19:34:06, 1023.60, 22.56, 19.56, 22.812, 2286, 4829, 7960, 10237, 12778, 11278, 18182, 17425, 13280, 1995, 0, 0, 660, 1092, 2195, 3622, 5494, 5758, 6047, 5881, 14351, 1270, 0, 0
19:34:06, 1014.70, 22.57, 19.52, 22.812, 2319, 6198, 7671, 10957, 16233, 15601, 22944, 24882, 14340, 2772, 0, 0, 740, 1239, 2424, 3909, 5755, 6006, 6317, 6206, 15591, 1440, 0, 0
19:34:07, 1010.80, 22.58, 19.56, 22.812, 5980, 10186, 14692, 15404, 20389, 23463, 27164, 35895, 16739, 4007, 0, 1, 752, 1263, 2432, 3880, 5651, 5888, 6187, 6113, 15604, 1487, 0, 0
19:34:08, 1009.00, 22.59, 19.57, 22.812, 8676, 11686, 17414, 19500, 25924, 32883, 28720, 36000, 18181, 5267, 1, 1, 780, 1309, 2498, 3963, 5867, 6105, 6422, 6362, 16300, 1591, 0, 0
19:34:08, 1006.20, 22.59, 19.56, 22.812, 8920, 12428, 18476, 20973, 24803, 34175, 26232, 36000, 19069, 6159, 1, 1, 816, 1374, 2606, 4113, 6147, 6387, 6728, 6672, 17188, 1709, 0, 0
19:34:09, 1006.90, 22.60, 19.54, 22.805, 7540, 13318, 17592, 16399, 20296, 25399, 28670, 35962, 16765, 7056, 0, 1, 888, 1497, 2830, 4441, 6383, 6635, 6993, 6927, 17842, 1769, 0, 0
19:34:10, 1006.40, 22.59, 19.54, 22.805, 3340, 6570, 8747, 14129, 20767, 17568, 27141, 21153, 16802, 6274, 0, 0, 898, 1515, 2861, 4480, 6395, 6648, 7004, 6947, 18165, 1808, 0, 0
19:34:10, 1006.90, 22.59, 19.56, 22.805, 6825, 13233, 19144, 19698, 23469, 24926, 34093, 35622, 26283, 7790, 0, 1, 898, 1508, 2844, 4454, 6388, 6647, 7003, 6960, 18370, 1832, 0, 0
19:34:11, 1007.10, 22.58, 19.56, 22.812, 6756, 13183, 18957, 20620, 26691, 26869, 33228, 36000, 27641, 8115, 1, 1, 849, 1423, 2685, 4222, 6176, 6436, 6773, 6741, 17987, 1783, 0, 0
19:34:12, 1009.90, 22.58, 19.57, 22.812, 7440, 15533, 22284, 20728, 26602, 25141, 29016, 34584, 36000, 10235, 1, 1, 830, 1391, 2638, 4160, 6092, 6345, 6677, 6630, 17680, 1710, 0, 0
19:34:12, 1013.40, 22.57, 19.56, 22.820, 5523, 11393, 15711, 16188, 23218, 21293, 26328, 32460, 35459, 7950, 0, 1, 832, 1396, 2683, 4258, 6231, 6485, 6826, 6727, 17657, 1659, 0, 0
19:34:13, 1014.60, 22.58, 19.57, 22.812, 5092, 9260, 11906, 15479, 18735, 18505, 26823, 35779, 33124, 5121, 0, 1, 853, 1433, 2765, 4398, 6474, 6736, 7091, 6967, 18181, 1698, 0, 0
19:34:14, 1015.10, 22.58, 19.59, 22.812, 4309, 9028, 9034, 15905, 17287, 20769, 25355, 29978, 26380, 4611, 0, 0, 876, 1467, 2837, 4518, 6643, 6914, 7279, 7148, 18627, 1743, 0, 0
19:34:14, 1017.20, 22.59, 19.57, 22.812, 4240, 8928, 9139, 15913, 16747, 20223, 24472, 30044, 28730, 4543, 0, 0, 824, 1381, 2683, 4297, 6273, 6541, 6875, 6750, 17487, 1607, 0, 0
19:34:15, 1017.20, 22.59, 19.56, 22.812, 4021, 8419, 8715, 14437, 18113, 20211, 25968, 33122, 28028, 4311, 0, 1, 761, 1274, 2488, 4003, 5824, 6080, 6388, 6278, 16254, 1488, 0, 0
19:34:16, 1016.00, 22.59, 19.57, 22.812, 4573, 8701, 13544, 14534, 19313, 20732, 27052, 36000, 26263, 4200, 1, 1, 727, 1215, 2357, 3799, 5574, 5850, 6148, 6073, 15663, 1453, 0, 0
19:34:16, 1009.30, 22.60, 19.61, 22.812, 5729, 10420, 14852, 16738, 16991, 17600, 25663, 34847, 17784, 3508, 0, 1, 722, 1207, 2326, 3745, 5469, 5736, 6032, 5978, 15273, 1446, 0, 0
19:34:17, 1005.30, 22.61, 19.57, 22.812, 11972, 16789, 21965, 20784, 29443, 29481, 30238, 36000, 19906, 7231, 1, 1, 853, 1440, 2718, 4270, 6386, 6629, 6989, 6919, 17785, 1766, 0, 0
19:34:18, 1002.00, 22.62, 19.62, 22.812, 6909, 11469, 15372, 20519, 19012, 18779, 29743, 34294, 15458, 6538, 0, 1, 1077, 1822, 3377, 5182, 7898, 8189, 8850, 9099, 26090, 5696, 0, 0
19:34:18, 1002.20, 22.62, 19.62, 22.828, 4460, 9507, 15143, 20572, 19138, 19100, 32672, 32180, 14842, 6545, 0, 1, 2173, 4042, 5350, 8008, 9961, 10846, 12358, 14808, 29284, 10170, 0, 0
19:34:19, 1001.90, 22.61, 19.64, 22.742, 7085, 14358, 13327, 19399, 23370, 12769, 24513, 24792, 14122, 6475, 0, 0, 3672, 6869, 10291, 14135, 15600, 16830, 17491, 21919, 35978, 14913, 0, 1
19:34:20, 1001.80, 22.59, 19.64, 22.742, 8675, 7970, 14992, 14520, 27832, 32852, 34871, 36000, 16021, 7400, 1, 1, 4669, 7959, 10653, 14343, 20442, 26010, 27964, 35238, 36000, 36000, 1, 1
19:34:20, 1001.90, 22.56, 19.59, 22.422, 6284, 7261, 9516, 13513, 35723, 34960, 34677, 36000, 36000, 36000, 1, 1, 5464, 8176, 12266, 14193, 19213, 20478, 24641, 31210, 36000, 36000, 1, 1
