Secchi Depth (cm) = 0065
Forel Ule Scale = 15
pH Colour Scale = 99
SensingSecchi S/N = A016
Latitude (degs N) = 34.14017
Longitude (degs E) = -77.86224
Date = 2026-05-14
Time (UTC), Pressure (mbar) MS5803, Temp (deg C) MS5803, Temp (deg C) 10KTHERM, Temp (deg C) TMP117, ED 415nm, ED 445nm, ED 480nm, ED 515nm, ED 555nm, ED 590nm, ED 630nm, ED 680nm, ED Clear, ED NIR, ED D-SAT, ED A-SAT, EU 415nm, EU 445nm, EU 480nm, EU 515nm, EU 555nm, EU 590nm, EU 630nm, EU 680nm, EU Clear, EU NIR, EU D-SAT, EU A-SAT
19:38:32, 1002.50, 22.15, 21.38, 24.273, 746, 1135, 1544, 1987, 2284, 2336, 2959, 3094, 11884, 5538, 0, 0, 9094, 13373, 16937, 18532, 18586, 19521, 20451, 27245, 36000, 36000, 1, 1
19:38:32, 1002.50, 22.14, 21.37, 24.273, 767, 1172, 1605, 2044, 2346, 2390, 3003, 3161, 12523, 5880, 0, 0, 7597, 11104, 13901, 15779, 15752, 16505, 18630, 22800, 36000, 36000, 1, 1
19:38:33, 1002.40, 22.17, 21.38, 24.219, 1590, 2565, 3420, 4087, 13823, 13917, 14252, 15544, 26524, 16529, 0, 0, 7708, 11252, 14572, 18568, 25340, 29553, 35689, 36000, 36000, 36000, 1, 1
19:38:34, 1002.30, 22.18, 21.35, 23.352, 15800, 21891, 31291, 36000, 35991, 36000, 36000, 36000, 36000, 36000, 1, 1, 5885, 9071, 12310, 16814, 17870, 19733, 22098, 24710, 36000, 36000, 1, 1
19:38:34, 1002.60, 22.20, 21.37, 23.352, 2026, 2494, 5056, 4100, 11889, 17026, 7569, 19205, 36000, 36000, 1, 1, 2615, 4064, 6224, 8443, 16213, 16789, 19252, 21546, 36000, 26895, 1, 1
19:38:35, 1004.90, 22.22, 21.35, 22.969, 3747, 5893, 5055, 14470, 19943, 20865, 29588, 26521, 11850, 5283, 0, 0, 1019, 1652, 2953, 4412, 5931, 6091, 6337, 6230, 15369, 1550, 0, 0
19:38:36, 1006.50, 22.23, 21.33, 22.852, 7929, 10547, 14266, 14644, 7678, 20286, 7890, 18958, 14853, 7521, 0, 0, 754, 1276, 2404, 3788, 5469, 5566, 5809, 5686, 13559, 1379, 0, 0
19:38:36, 1011.60, 22.26, 21.30, 22.852, 4020, 5988, 5524, 15500, 13409, 15750, 22779, 13266, 35903, 31916, 0, 1, 764, 1295, 2481, 3875, 5552, 5647, 5942, 5764, 15038, 1407, 0, 0
19:38:37, 1011.70, 22.31, 21.35, 22.836, 1430, 2486, 3511, 5586, 8962, 5130, 13358, 7402, 35734, 26428, 0, 1, 846, 1444, 2741, 4275, 6172, 6282, 6654, 6496, 17994, 1683, 0, 0
19:38:38, 1011.40, 22.36, 21.32, 22.836, 5412, 6455, 14715, 9585, 9418, 5135, 11467, 7867, 31976, 25195, 0, 0, 843, 1438, 2730, 4292, 6132, 6270, 6610, 6460, 18304, 1717, 0, 0
19:38:38, 1011.40, 22.40, 21.30, 22.844, 5699, 7032, 11010, 10395, 22688, 26497, 26017, 34627, 36000, 36000, 1, 1, 779, 1315, 2513, 3958, 5802, 5926, 6248, 6117, 17538, 1646, 0, 0
19:38:39, 1011.30, 22.44, 21.30, 22.859, 3931, 3767, 9468, 4886, 10461, 13279, 13388, 19836, 34998, 23987, 0, 1, 752, 1270, 2428, 3839, 5693, 5814, 6134, 5967, 17209, 1606, 0, 0
19:38:40, 1011.00, 22.47, 21.32, 22.859, 4854, 4659, 9537, 7739, 18991, 24532, 17515, 29119, 36000, 36000, 1, 1, 791, 1334, 2549, 4009, 6030, 6169, 6501, 6341, 18190, 1697, 0, 0
19:38:40, 1011.10, 22.50, 21.32, 22.859, 5950, 4710, 11269, 6841, 10997, 18953, 8123, 20130, 36000, 36000, 1, 1, 869, 1467, 2788, 4359, 6458, 6627, 6993, 6867, 19631, 1876, 0, 0
19:38:41, 1013.80, 22.52, 21.30, 22.859, 6468, 7018, 12938, 9016, 18230, 18762, 17930, 23011, 36000, 36000, 1, 1, 916, 1554, 2921, 4565, 6178, 6338, 6681, 6538, 18465, 1727, 0, 0
19:38:42, 1011.40, 22.54, 21.35, 22.859, 1944, 3934, 5552, 6709, 14635, 13612, 15341, 19067, 36000, 35139, 1, 1, 793, 1346, 2576, 4097, 6286, 6432, 6802, 6665, 18808, 1771, 0, 0
19:38:42, 1016.80, 22.56, 21.32, 22.867, 3109, 2946, 7115, 4386, 8709, 4250, 9916, 6705, 34837, 25526, 0, 1, 827, 1407, 2666, 4213, 5422, 5519, 5828, 5635, 15505, 1389, 0, 0
19:38:43, 1015.30, 22.58, 21.30, 22.883, 1889, 3195, 4979, 5981, 14341, 5650, 19943, 8565, 36000, 30514, 1, 1, 707, 1198, 2317, 3681, 5394, 5488, 5805, 5630, 15284, 1384, 0, 0
19:38:44, 1012.80, 22.59, 21.33, 22.883, 2059, 5849, 8539, 12243, 12772, 7217, 21606, 9561, 36000, 30974, 1, 1, 681, 1153, 2231, 3529, 5170, 5261, 5554, 5394, 14148, 1314, 0, 0
19:38:44, 1008.90, 22.61, 21.33, 22.883, 2283, 5363, 5984, 14617, 14017, 7115, 27786, 8093, 36000, 35568, 1, 1, 727, 1228, 2326, 3614, 5236, 5312, 5598, 5475, 13979, 1431, 0, 0
19:38:45, 1011.80, 22.62, 21.30, 22.891, 5683, 8894, 10290, 17095, 13427, 17363, 19963, 17809, 35611, 17138, 0, 1, 695, 1178, 2262, 3593, 5254, 5358, 5632, 5485, 13301, 1279, 0, 0
19:38:46, 1013.40, 22.64, 21.28, 22.891, 4975, 6316, 8343, 11921, 6628, 18316, 17906, 15966, 30492, 6246, 0, 0, 682, 1155, 2227, 3565, 5090, 5202, 5439, 5288, 12357, 1180, 0, 0
19:38:46, 1013.90, 22.66, 21.30, 22.891, 5946, 3103, 6516, 9868, 5714, 15985, 7966, 10559, 16338, 4400, 0, 0, 659, 1110, 2157, 3492, 5013, 5129, 5341, 5176, 11958, 1171, 0, 0
19:38:47, 1014.30, 22.67, 21.30, 22.898, 6222, 3074, 7641, 6786, 5034, 10541, 5148, 9224, 10500, 2678, 0, 0, 604, 999, 1962, 3224, 4769, 4899, 5060, 4934, 11532, 1251, 0, 0
19:38:48, 1011.00, 22.68, 21.32, 22.898, 2500, 2284, 4495, 3608, 11862, 11200, 8912, 14972, 8927, 2318, 0, 0, 608, 989, 1926, 3160, 4766, 4928, 5048, 5014, 12047, 1414, 0, 0
19:38:48, 1011.10, 22.69, 21.32, 22.898, 4628, 5386, 9548, 8173, 23437, 25736, 28270, 32881, 12535, 3904, 0, 1, 673, 1108, 2131, 3454, 5184, 5354, 5550, 5459, 13849, 1471, 0, 0
19:38:49, 1010.90, 22.70, 21.33, 22.906, 6610, 10796, 13671, 17707, 16146, 17190, 20676, 31801, 12189, 3646, 0, 0, 718, 1200, 2311, 3711, 5601, 5788, 6024, 5919, 15318, 1487, 0, 0
19:38:50, 1011.30, 22.70, 21.32, 22.906, 5991, 10188, 14049, 14479, 20159, 19492, 26737, 32231, 16245, 4604, 0, 0, 785, 1321, 2534, 4039, 5987, 6192, 6481, 6360, 16901, 1621, 0, 0
19:38:50, 1012.80, 22.71, 21.30, 22.906, 6600, 10047, 15781, 17437, 15772, 17132, 20026, 22268, 34994, 7984, 0, 1, 824, 1386, 2646, 4196, 5971, 6161, 6479, 6343, 17448, 1672, 0, 0
19:38:51, 1012.50, 22.72, 21.30, 22.922, 5502, 7972, 9275, 16171, 10022, 15079, 18231, 15399, 34186, 6267, 0, 1, 821, 1377, 2626, 4142, 5912, 6088, 6426, 6293, 17745, 1700, 0, 0
19:38:52, 1013.70, 22.73, 21.33, 22.922, 6846, 12624, 13864, 17033, 11742, 15857, 22189, 24970, 36000, 20264, 1, 1, 795, 1327, 2540, 3999, 5671, 5832, 6146, 6010, 17246, 1623, 0, 0
19:38:52, 1014.20, 22.74, 21.30, 22.914, 5783, 11844, 12270, 16542, 11594, 19518, 13966, 22814, 36000, 29918, 1, 1, 774, 1291, 2472, 3885, 5541, 5701, 5999, 5885, 16920, 1593, 0, 0
19:38:53, 1014.00, 22.75, 21.32, 22.914, 4528, 9167, 9596, 13147, 20898, 23924, 19457, 30620, 36000, 35974, 1, 1, 770, 1285, 2454, 3857, 5489, 5651, 5943, 5823, 16837, 1580, 0, 0
19:38:54, 1014.70, 22.75, 21.28, 22.914, 7569, 12987, 16324, 19936, 11987, 13236, 8959, 15647, 36000, 29914, 1, 1, 739, 1238, 2364, 3743, 5409, 5564, 5856, 5725, 16475, 1530, 0, 0
19:38:54, 1015.00, 22.76, 21.30, 22.914, 6160, 8520, 12586, 14729, 14000, 15990, 10024, 22884, 36000, 36000, 1, 1, 739, 1242, 2381, 3782, 5672, 5836, 6154, 6046, 17255, 1612, 0, 0
19:38:55, 1014.90, 22.77, 21.30, 22.914, 4837, 6544, 10593, 10101, 16353, 17820, 18922, 25426, 36000, 34770, 1, 1, 761, 1283, 2454, 3893, 5802, 5959, 6304, 6183, 17458, 1631, 0, 0
19:38:56, 1017.30, 22.77, 21.30, 22.914, 4972, 8521, 11170, 13969, 13762, 13084, 15634, 21879, 36000, 33756, 1, 1, 728, 1230, 2376, 3802, 5632, 5780, 6109, 5963, 16620, 1508, 0, 0
19:38:56, 1017.40, 22.78, 21.33, 22.898, 3286, 4874, 7950, 7896, 19128, 12137, 22121, 22058, 36000, 35356, 1, 1, 732, 1237, 2383, 3810, 5598, 5736, 6074, 5925, 16491, 1502, 0, 0
19:38:57, 1018.20, 22.78, 21.30, 22.898, 3480, 5338, 9898, 8392, 11276, 7985, 15446, 17044, 36000, 29702, 1, 1, 704, 1189, 2293, 3673, 5238, 5351, 5658, 5492, 15257, 1375, 0, 0
19:38:58, 1017.50, 22.79, 21.32, 22.898, 4423, 7442, 10509, 15087, 14149, 11837, 17430, 19703, 36000, 31477, 1, 1, 678, 1143, 2207, 3543, 5152, 5251, 5553, 5397, 15031, 1363, 0, 0
19:38:58, 1016.50, 22.79, 21.33, 22.891, 5361, 8574, 12073, 17245, 9309, 8083, 11961, 12152, 36000, 23058, 1, 1, 676, 1140, 2207, 3527, 5192, 5292, 5595, 5435, 14908, 1342, 0, 0
19:38:59, 1015.80, 22.79, 21.32, 22.891, 4174, 6380, 10531, 13586, 17079, 9697, 23994, 19573, 36000, 36000, 1, 1, 708, 1200, 2312, 3680, 5391, 5493, 5828, 5648, 15328, 1395, 0, 0
19:39:00, 1015.50, 22.80, 21.32, 22.898, 2658, 5035, 9314, 10857, 19153, 13992, 25654, 22162, 36000, 35538, 1, 1, 721, 1222, 2348, 3722, 5308, 5417, 5730, 5558, 15011, 1368, 0, 0
19:39:00, 1015.10, 22.80, 21.32, 22.898, 2589, 4779, 8261, 9733, 16888, 7945, 22857, 11087, 36000, 29594, 1, 1, 713, 1205, 2322, 3675, 5245, 5345, 5661, 5471, 14682, 1337, 0, 0
19:39:01, 1014.80, 22.81, 21.33, 22.898, 1827, 4302, 6703, 9021, 17504, 13635, 22392, 19892, 36000, 31121, 1, 1, 686, 1158, 2240, 3556, 5195, 5288, 5604, 5434, 14608, 1346, 0, 0
19:39:02, 1014.70, 22.82, 21.33, 22.891, 2444, 4842, 9419, 11315, 16561, 16353, 23196, 25307, 36000, 32888, 1, 1, 646, 1088, 2110, 3365, 4952, 5025, 5316, 5133, 13847, 1263, 0, 0
19:39:02, 1014.70, 22.82, 21.32, 22.898, 2625, 5130, 8940, 11334, 15139, 9504, 20464, 13900, 36000, 34226, 1, 1, 655, 1104, 2134, 3398, 5096, 5180, 5481, 5311, 14266, 1306, 0, 0
19:39:03, 1014.10, 22.83, 21.33, 22.898, 2033, 3967, 7170, 9906, 14546, 7427, 21368, 11177, 36000, 36000, 1, 1, 708, 1198, 2293, 3615, 5292, 5382, 5713, 5549, 15028, 1402, 0, 0
19:39:04, 1015.10, 22.83, 21.32, 22.898, 2372, 5861, 12414, 12377, 16130, 7401, 21993, 10663, 36000, 36000, 1, 1, 731, 1239, 2360, 3713, 5216, 5309, 5630, 5478, 14829, 1380, 0, 0
19:39:04, 1016.30, 22.84, 21.33, 22.906, 2864, 7221, 11113, 14579, 15977, 8777, 20997, 12460, 36000, 35858, 1, 1, 714, 1209, 2313, 3656, 5166, 5259, 5575, 5419, 14779, 1363, 0, 0
19:39:05, 1015.70, 22.85, 21.35, 22.906, 3035, 6817, 10085, 12877, 18329, 10117, 22639, 16857, 36000, 36000, 1, 1, 713, 1208, 2305, 3650, 5144, 5238, 5544, 5398, 14765, 1362, 0, 0
19:39:06, 1015.20, 22.86, 21.30, 22.898, 3900, 7405, 12674, 15400, 14931, 7628, 18120, 14177, 36000, 35014, 1, 1, 727, 1231, 2343, 3704, 5268, 5371, 5686, 5541, 15166, 1397, 0, 0
19:39:06, 1014.90, 22.87, 21.35, 22.906, 4481, 7903, 11661, 12886, 16066, 8054, 18677, 15738, 36000, 35920, 1, 1, 728, 1232, 2358, 3733, 5476, 5583, 5917, 5765, 15892, 1456, 0, 0
19:39:07, 1014.80, 22.87, 21.37, 22.906, 2615, 5056, 7529, 9543, 19823, 12807, 27530, 23656, 36000, 36000, 1, 1, 735, 1244, 2373, 3762, 5512, 5624, 5957, 5817, 16149, 1491, 0, 0
19:39:08, 1015.50, 22.88, 21.33, 22.898, 5972, 10102, 14063, 17615, 17543, 13726, 23822, 24221, 36000, 35356, 1, 1, 704, 1184, 2284, 3642, 5569, 5694, 6038, 5904, 16428, 1528, 0, 0
19:39:08, 1015.40, 22.88, 21.32, 22.914, 3759, 5498, 9656, 10915, 16880, 15598, 22110, 22502, 36000, 35906, 1, 1, 704, 1186, 2285, 3649, 5487, 5600, 5944, 5799, 16102, 1493, 0, 0
19:39:09, 1016.50, 22.89, 21.33, 22.914, 4257, 6824, 8978, 12921, 19008, 20137, 21838, 27142, 36000, 34244, 1, 1, 701, 1181, 2280, 3646, 5361, 5473, 5802, 5637, 15496, 1419, 0, 0
19:39:10, 1017.40, 22.90, 21.37, 22.906, 3402, 5759, 7914, 10699, 18703, 13454, 24061, 24334, 36000, 34713, 1, 1, 692, 1167, 2255, 3622, 5259, 5377, 5689, 5508, 14940, 1351, 0, 0
19:39:10, 1018.90, 22.90, 21.37, 22.914, 2520, 4009, 6409, 7736, 15245, 13073, 17371, 18286, 36000, 23733, 1, 1, 676, 1137, 2217, 3571, 5259, 5371, 5689, 5484, 14838, 1323, 0, 0
19:39:11, 1018.50, 22.91, 21.35, 22.914, 3158, 5251, 8293, 10302, 18180, 13162, 22316, 20363, 36000, 33190, 1, 1, 700, 1182, 2293, 3674, 5305, 5429, 5748, 5564, 14987, 1348, 0, 0
19:39:12, 1016.70, 22.91, 21.35, 22.906, 2626, 4649, 7369, 9256, 12869, 12981, 16871, 18803, 36000, 28076, 1, 1, 696, 1175, 2276, 3653, 5355, 5468, 5802, 5627, 15361, 1397, 0, 0
19:39:12, 1014.50, 22.91, 21.38, 22.906, 2804, 4728, 10685, 10052, 19539, 8520, 23939, 17048, 36000, 35614, 1, 1, 728, 1229, 2361, 3749, 5283, 5379, 5706, 5541, 15139, 1393, 0, 0
19:39:13, 1012.60, 22.92, 21.37, 22.906, 2231, 3616, 7734, 7582, 14375, 6316, 19255, 11474, 36000, 35471, 1, 1, 766, 1295, 2455, 3872, 5381, 5471, 5800, 5668, 15640, 1469, 0, 0
19:39:14, 1015.50, 22.92, 21.32, 22.898, 3614, 6053, 10130, 10650, 17257, 8260, 19841, 16315, 36000, 36000, 1, 1, 724, 1220, 2346, 3720, 5257, 5352, 5674, 5499, 15068, 1375, 0, 0
19:39:14, 1017.80, 22.93, 21.38, 22.906, 3482, 6485, 10451, 11216, 14222, 7668, 18974, 14294, 36000, 35993, 1, 1, 690, 1163, 2252, 3597, 5165, 5270, 5579, 5396, 14632, 1310, 0, 0
19:39:15, 1016.10, 22.93, 21.38, 22.906, 3539, 6095, 10027, 10698, 15475, 9713, 21079, 17357, 36000, 31629, 1, 1, 717, 1212, 2332, 3705, 5336, 5445, 5771, 5607, 15337, 1394, 0, 0
19:39:16, 1014.80, 22.94, 21.35, 22.906, 4238, 7837, 12695, 13023, 15184, 7321, 20960, 12991, 36000, 35637, 1, 1, 751, 1273, 2432, 3834, 5442, 5558, 5905, 5747, 15604, 1440, 0, 0
19:39:16, 1016.00, 22.94, 21.38, 22.906, 2427, 5205, 7216, 8944, 14474, 9558, 18869, 17422, 36000, 31919, 1, 1, 740, 1254, 2404, 3800, 5428, 5538, 5876, 5700, 15404, 1397, 0, 0
19:39:17, 1016.40, 22.95, 21.35, 22.906, 2328, 4452, 8833, 10695, 20969, 9006, 24389, 14586, 36000, 36000, 1, 1, 734, 1245, 2397, 3803, 5482, 5600, 5943, 5773, 15548, 1412, 0, 0
19:39:18, 1015.60, 22.95, 21.38, 22.906, 2859, 4817, 8356, 10263, 17507, 13008, 24194, 18311, 36000, 35212, 1, 1, 724, 1225, 2362, 3738, 5345, 5451, 5779, 5610, 15112, 1372, 0, 0
19:39:18, 1013.00, 22.96, 21.38, 22.906, 2535, 5263, 8493, 11169, 15573, 6834, 19488, 11134, 36000, 36000, 1, 1, 745, 1262, 2411, 3797, 5450, 5553, 5892, 5753, 15639, 1462, 0, 0
19:39:19, 1013.20, 22.96, 21.38, 22.898, 4636, 7467, 11776, 13239, 18213, 7572, 19616, 13426, 36000, 36000, 1, 1, 748, 1266, 2409, 3791, 5450, 5550, 5897, 5756, 15815, 1483, 0, 0
19:39:20, 1013.50, 22.96, 21.37, 22.898, 4069, 6253, 11290, 15240, 16759, 5968, 23070, 9946, 36000, 36000, 1, 1, 782, 1324, 2516, 3948, 5358, 5462, 5790, 5649, 15531, 1441, 0, 0
19:39:20, 1013.90, 22.97, 21.40, 22.898, 4443, 7062, 9746, 14955, 17056, 6753, 20744, 12072, 36000, 36000, 1, 1, 746, 1257, 2411, 3815, 5508, 5613, 5965, 5809, 16172, 1507, 0, 0
19:39:21, 1013.50, 22.97, 21.40, 22.898, 4848, 5819, 10921, 10798, 17340, 6626, 22047, 12078, 36000, 36000, 1, 1, 761, 1287, 2465, 3902, 5690, 5802, 6160, 5995, 16647, 1550, 0, 0
19:39:22, 1013.90, 22.98, 21.38, 22.898, 5286, 7879, 11535, 14906, 13964, 6167, 18702, 10420, 36000, 35988, 1, 1, 814, 1382, 2627, 4143, 5848, 5969, 6342, 6186, 17222, 1604, 0, 0
19:39:22, 1017.20, 22.98, 21.38, 22.898, 4796, 7790, 10435, 14395, 16814, 8182, 21628, 17215, 36000, 36000, 1, 1, 776, 1316, 2514, 3992, 5626, 5752, 6105, 5949, 16573, 1522, 0, 0
19:39:23, 1018.10, 22.99, 21.40, 22.898, 4027, 7030, 10363, 12361, 18040, 11819, 22338, 18771, 36000, 35844, 1, 1, 735, 1242, 2391, 3821, 5459, 5594, 5924, 5779, 16083, 1459, 0, 0
19:39:24, 1018.30, 22.99, 21.38, 22.906, 4513, 7544, 12292, 12182, 15659, 10661, 19026, 18868, 36000, 36000, 1, 1, 680, 1143, 2204, 3544, 5228, 5343, 5651, 5514, 15661, 1424, 0, 0
19:39:24, 1018.90, 23.00, 21.44, 22.906, 4292, 7733, 10900, 13801, 18132, 16465, 22258, 28486, 36000, 35421, 1, 1, 669, 1123, 2171, 3495, 5076, 5187, 5476, 5345, 15033, 1356, 0, 0
19:39:25, 1018.90, 23.00, 21.44, 22.898, 4298, 7349, 9917, 12443, 20231, 15105, 23689, 24740, 36000, 35702, 1, 1, 649, 1089, 2114, 3426, 4999, 5101, 5388, 5226, 14613, 1314, 0, 0
19:39:26, 1017.80, 23.01, 21.40, 22.914, 5367, 6150, 12392, 9731, 17066, 9268, 22204, 18359, 36000, 35475, 1, 1, 664, 1117, 2172, 3509, 5248, 5357, 5680, 5517, 15340, 1393, 0, 0
19:39:26, 1016.70, 23.01, 21.42, 22.914, 3640, 4621, 9202, 8907, 14007, 9481, 21166, 21108, 36000, 36000, 1, 1, 714, 1203, 2323, 3702, 5264, 5373, 5688, 5514, 14928, 1354, 0, 0
19:39:27, 1017.00, 23.01, 21.44, 22.914, 3758, 6941, 11975, 14947, 13467, 7167, 15361, 12303, 36000, 35557, 1, 1, 670, 1127, 2198, 3526, 5239, 5353, 5678, 5496, 14766, 1333, 0, 0
19:39:28, 1017.00, 23.02, 21.40, 22.922, 2211, 4584, 7258, 9585, 15748, 8556, 21520, 12709, 36000, 36000, 1, 1, 686, 1155, 2238, 3556, 5170, 5283, 5608, 5442, 14480, 1327, 0, 0
19:39:28, 1017.40, 23.02, 21.44, 22.922, 2702, 6263, 9545, 11874, 22140, 11404, 29992, 17389, 36000, 36000, 1, 1, 657, 1108, 2142, 3420, 4922, 5033, 5327, 5156, 13420, 1218, 0, 0
19:39:29, 1016.80, 23.03, 21.42, 22.914, 2059, 5368, 9996, 11094, 16138, 9442, 22024, 13575, 36000, 36000, 1, 1, 637, 1073, 2072, 3310, 4853, 4963, 5250, 5091, 13338, 1223, 0, 0
19:39:30, 1016.30, 23.03, 21.40, 22.930, 3319, 7365, 10658, 13146, 17563, 11786, 25675, 17309, 36000, 36000, 1, 1, 631, 1061, 2055, 3285, 4880, 4982, 5274, 5118, 13546, 1251, 0, 0
19:39:30, 1012.50, 23.03, 21.40, 22.930, 2998, 6253, 11423, 12482, 18153, 12640, 27123, 19016, 36000, 36000, 1, 1, 671, 1129, 2168, 3431, 5155, 5258, 5574, 5443, 14615, 1395, 0, 0
19:39:31, 1012.60, 23.04, 21.42, 22.922, 2736, 7949, 13141, 16248, 18074, 15576, 24719, 31432, 36000, 36000, 1, 1, 724, 1225, 2331, 3656, 5370, 5474, 5815, 5664, 15101, 1434, 0, 0
19:39:32, 1013.20, 23.04, 21.44, 22.937, 3205, 7465, 10059, 13608, 17935, 9397, 23646, 13289, 36000, 36000, 1, 1, 740, 1253, 2388, 3741, 5470, 5581, 5930, 5783, 15442, 1463, 0, 0
19:39:32, 1014.60, 23.05, 21.45, 22.937, 2121, 6915, 8389, 18817, 12479, 9689, 18128, 11442, 36000, 32238, 1, 1, 746, 1262, 2431, 3827, 5414, 5532, 5856, 5677, 14867, 1367, 0, 0
19:39:33, 1020.40, 23.05, 21.44, 22.922, 2613, 8416, 11567, 17134, 13707, 12995, 19768, 18378, 36000, 30452, 1, 1, 677, 1140, 2235, 3572, 5084, 5199, 5484, 5278, 13585, 1198, 0, 0
19:39:34, 1028.30, 23.06, 21.44, 22.930, 2225, 4984, 7006, 10009, 22206, 20234, 28494, 26783, 36000, 30834, 1, 1, 567, 947, 1899, 3117, 4574, 4699, 4943, 4717, 12203, 1028, 0, 0
19:39:34, 1035.80, 23.06, 21.44, 22.930, 2208, 5116, 7570, 11080, 13170, 12318, 18201, 19981, 36000, 17345, 1, 1, 498, 822, 1690, 2829, 4296, 4433, 4648, 4408, 11140, 914, 0, 0
19:39:35, 1042.60, 23.07, 21.44, 22.914, 1631, 3687, 5721, 8689, 12329, 11855, 17302, 17383, 36000, 12377, 1, 1, 444, 724, 1514, 2594, 3963, 4109, 4294, 4051, 10176, 824, 0, 0
19:39:36, 1048.20, 23.08, 21.44, 22.906, 1383, 3001, 4712, 7459, 11536, 11267, 16660, 15078, 36000, 10006, 1, 1, 395, 635, 1353, 2371, 3727, 3880, 4050, 3803, 9435, 759, 0, 0
19:39:36, 1054.30, 23.08, 21.44, 22.906, 1089, 2167, 3559, 5611, 8287, 8024, 11977, 10609, 36000, 6185, 1, 1, 357, 565, 1219, 2167, 3347, 3501, 3644, 3403, 8237, 657, 0, 0
19:39:37, 1058.50, 23.09, 21.47, 22.898, 713, 1349, 2296, 3793, 5870, 6005, 8363, 7868, 29010, 3728, 0, 0, 314, 489, 1066, 1930, 3072, 3224, 3351, 3119, 7441, 591, 0, 0
19:39:38, 1061.90, 23.09, 21.44, 22.898, 784, 1607, 2539, 4427, 5624, 5864, 7780, 7597, 25349, 2743, 0, 0, 288, 444, 975, 1783, 2855, 3005, 3117, 2895, 6735, 535, 0, 0
19:39:38, 1069.60, 23.09, 21.45, 22.898, 945, 1720, 3037, 4624, 5783, 6284, 7853, 8239, 22517, 2093, 0, 0, 249, 375, 836, 1565, 2540, 2690, 2793, 2579, 5868, 465, 0, 0
19:39:39, 1076.60, 23.09, 21.45, 22.898, 739, 1281, 2233, 3759, 5280, 5983, 7494, 7391, 18803, 1514, 0, 0, 218, 321, 724, 1381, 2283, 2435, 2527, 2326, 5145, 409, 0, 0
19:39:40, 1079.20, 23.10, 21.47, 22.898, 713, 1149, 2080, 3485, 4231, 4960, 5819, 5943, 12918, 941, 0, 0, 202, 293, 665, 1286, 2191, 2345, 2434, 2236, 4872, 389, 0, 0
19:39:40, 1081.60, 23.10, 21.45, 22.898, 730, 1070, 1992, 3298, 4027, 4876, 5383, 5861, 9973, 730, 0, 0, 198, 283, 644, 1254, 2141, 2301, 2385, 2189, 4739, 380, 0, 0
19:39:41, 1085.00, 23.09, 21.45, 22.883, 597, 920, 1745, 2765, 3907, 4657, 4905, 5708, 7911, 589, 0, 0, 188, 266, 608, 1194, 2043, 2204, 2285, 2095, 4537, 366, 0, 0
19:39:42, 1087.50, 23.09, 21.44, 22.883, 587, 882, 1722, 2695, 3793, 4307, 4758, 5299, 7077, 522, 0, 0, 178, 249, 569, 1128, 1946, 2107, 2184, 2002, 4361, 353, 0, 0
19:39:42, 1091.50, 23.09, 21.45, 22.867, 547, 865, 1670, 2647, 3862, 4257, 4975, 5461, 6743, 489, 0, 0, 166, 229, 526, 1049, 1829, 1987, 2062, 1888, 4126, 335, 0, 0
19:39:43, 1095.00, 23.09, 21.47, 22.844, 492, 812, 1570, 2551, 3411, 3746, 4330, 4641, 6146, 440, 0, 0, 155, 211, 487, 980, 1730, 1888, 1963, 1799, 3913, 318, 0, 0
19:39:44, 1099.20, 23.09, 21.44, 22.844, 442, 719, 1426, 2326, 3235, 3584, 4109, 4416, 5748, 410, 0, 0, 144, 193, 446, 907, 1618, 1774, 1850, 1696, 3665, 298, 0, 0
19:39:44, 1102.80, 23.09, 21.47, 22.836, 420, 657, 1323, 2181, 2941, 3276, 3690, 3961, 5193, 369, 0, 0, 136, 181, 418, 856, 1530, 1683, 1761, 1615, 3471, 282, 0, 0
19:39:45, 1103.20, 23.09, 21.45, 22.820, 368, 574, 1164, 1933, 2615, 2908, 3259, 3439, 4726, 335, 0, 0, 132, 174, 402, 828, 1506, 1659, 1739, 1594, 3403, 276, 0, 0
19:39:46, 1102.80, 23.09, 21.45, 22.820, 383, 584, 1196, 1972, 2792, 3162, 3473, 3781, 4990, 356, 0, 0, 133, 175, 405, 832, 1517, 1671, 1748, 1604, 3428, 278, 0, 0
19:39:46, 1102.70, 23.09, 21.47, 22.812, 393, 588, 1203, 1977, 2836, 3204, 3527, 3850, 5027, 359, 0, 0, 133, 176, 406, 832, 1512, 1666, 1741, 1597, 3424, 278, 0, 0
19:39:47, 1103.00, 23.08, 21.47, 22.812, 404, 590, 1212, 1973, 2943, 3317, 3672, 4030, 5044, 363, 0, 0, 134, 177, 408, 837, 1510, 1665, 1736, 1598, 3449, 281, 0, 0
19:39:48, 1104.40, 23.08, 21.45, 22.812, 386, 586, 1193, 1965, 2806, 3159, 3501, 3782, 4714, 340, 0, 0, 131, 172, 398, 817, 1473, 1630, 1699, 1566, 3366, 275, 0, 0
19:39:48, 1104.30, 23.08, 21.47, 22.812, 365, 554, 1136, 1873, 2818, 3147, 3521, 3782, 4708, 339, 0, 0, 130, 171, 393, 809, 1467, 1624, 1693, 1563, 3366, 276, 0, 0
19:39:49, 1103.70, 23.07, 21.45, 22.812, 353, 539, 1104, 1809, 2804, 3115, 3520, 3768, 4585, 332, 0, 0, 134, 176, 406, 831, 1498, 1656, 1727, 1591, 3475, 285, 0, 0
19:39:49, 1104.90, 23.07, 21.49, 22.812, 349, 553, 1126, 1854, 2835, 3129, 3574, 3775, 4625, 334, 0, 0, 133, 175, 403, 828, 1495, 1655, 1730, 1594, 3493, 287, 0, 0
19:39:50, 1103.30, 23.07, 21.47, 22.812, 353, 559, 1141, 1876, 2912, 3202, 3685, 3879, 4763, 343, 0, 0, 138, 182, 420, 858, 1560, 1722, 1798, 1656, 3658, 301, 0, 0
19:39:51, 1104.40, 23.07, 21.47, 22.812, 425, 682, 1373, 2244, 3158, 3472, 4029, 4269, 5182, 376, 0, 0, 143, 189, 437, 890, 1592, 1759, 1835, 1692, 3781, 311, 0, 0
19:39:51, 1105.70, 23.07, 21.47, 22.812, 419, 682, 1377, 2277, 3158, 3486, 4075, 4320, 5263, 382, 0, 0, 140, 184, 424, 868, 1568, 1740, 1814, 1677, 3726, 307, 0, 0
19:39:52, 1104.50, 23.07, 21.47, 22.805, 387, 634, 1288, 2123, 3141, 3434, 4040, 4246, 5286, 385, 0, 0, 146, 192, 442, 902, 1623, 1798, 1872, 1732, 3868, 319, 0, 0
19:39:53, 1102.10, 23.07, 21.47, 22.805, 403, 655, 1328, 2172, 3270, 3550, 4230, 4437, 5397, 396, 0, 0, 149, 198, 456, 927, 1686, 1865, 1937, 1791, 4002, 329, 0, 0
19:39:53, 1100.10, 23.06, 21.49, 22.805, 431, 698, 1408, 2273, 3465, 3763, 4478, 4711, 5755, 423, 0, 0, 157, 210, 484, 980, 1757, 1934, 2008, 1855, 4191, 345, 0, 0
19:39:54, 1093.30, 23.07, 21.49, 22.805, 411, 667, 1341, 2139, 3276, 3475, 4169, 4306, 5423, 401, 0, 0, 169, 230, 529, 1062, 1924, 2103, 2176, 2007, 4510, 371, 0, 0
19:39:55, 1089.30, 23.07, 21.47, 22.805, 503, 818, 1611, 2503, 3914, 4186, 5033, 5333, 6296, 472, 0, 0, 187, 259, 593, 1175, 2050, 2228, 2301, 2121, 4821, 396, 0, 0
19:39:55, 1085.40, 23.06, 21.47, 22.805, 553, 875, 1721, 2604, 4117, 4328, 5252, 5592, 6344, 485, 0, 0, 198, 278, 636, 1248, 2154, 2329, 2405, 2215, 5063, 415, 0, 0
19:39:56, 1081.50, 23.07, 21.52, 22.812, 613, 1004, 1934, 2938, 3966, 4201, 4969, 5322, 6318, 484, 0, 0, 208, 296, 674, 1313, 2258, 2433, 2509, 2311, 5232, 428, 0, 0
19:39:57, 1082.00, 23.07, 21.47, 22.812, 731, 1241, 2318, 3569, 4609, 5016, 5809, 6417, 7605, 576, 0, 0, 203, 290, 660, 1289, 2226, 2399, 2473, 2274, 5067, 413, 0, 0
19:39:57, 1081.00, 23.07, 21.47, 22.812, 627, 1036, 1959, 2990, 4705, 5155, 5932, 6647, 7432, 568, 0, 0, 205, 293, 667, 1301, 2266, 2439, 2515, 2310, 5106, 416, 0, 0
19:39:58, 1082.30, 23.07, 21.51, 22.820, 688, 1034, 1989, 2917, 4418, 4811, 5478, 6148, 7203, 546, 0, 0, 195, 278, 634, 1239, 2117, 2280, 2350, 2158, 4764, 387, 0, 0
19:39:59, 1081.60, 23.07, 21.49, 22.820, 665, 1016, 1938, 2919, 4401, 4905, 5247, 6303, 6802, 522, 0, 0, 188, 268, 610, 1197, 2049, 2208, 2274, 2086, 4566, 369, 0, 0
19:39:59, 1079.60, 23.07, 21.45, 22.820, 767, 1169, 2173, 3306, 4569, 5149, 5592, 6599, 7404, 556, 0, 0, 186, 265, 603, 1183, 2060, 2217, 2284, 2094, 4526, 364, 0, 0
19:40:00, 1075.50, 23.07, 21.47, 22.828, 800, 1131, 2147, 3228, 5386, 6091, 6520, 7945, 8772, 670, 0, 0, 200, 290, 657, 1270, 2182, 2339, 2408, 2211, 4833, 389, 0, 0
19:40:01, 1070.30, 23.07, 21.45, 22.828, 866, 1275, 2384, 3553, 5050, 5952, 5995, 7420, 8781, 694, 0, 0, 218, 323, 726, 1383, 2358, 2514, 2590, 2385, 5257, 423, 0, 0
19:40:01, 1068.10, 23.07, 21.51, 22.836, 1004, 1443, 2738, 3845, 4496, 5228, 5209, 6509, 7591, 626, 0, 0, 240, 358, 803, 1518, 2553, 2716, 2799, 2581, 5708, 461, 0, 0
19:40:02, 1066.50, 23.07, 21.47, 22.859, 889, 1333, 2490, 3473, 4522, 4896, 5293, 6151, 7765, 646, 0, 0, 264, 397, 885, 1661, 2771, 2944, 3029, 2799, 6288, 511, 0, 0
19:40:03, 1065.20, 23.07, 21.45, 22.859, 790, 1255, 2305, 3258, 4345, 4613, 5267, 5861, 7459, 624, 0, 0, 279, 421, 938, 1750, 2908, 3087, 3173, 2938, 6714, 549, 0, 0
19:40:03, 1061.40, 23.07, 21.51, 22.867, 926, 1429, 2670, 3619, 5007, 5066, 6167, 6637, 7686, 669, 0, 0, 292, 443, 982, 1822, 3045, 3229, 3317, 3080, 7077, 580, 0, 0
19:40:04, 1054.00, 23.07, 21.51, 22.883, 1133, 1733, 3212, 4230, 6975, 6609, 9100, 9367, 9013, 869, 0, 0, 326, 506, 1104, 2011, 3257, 3437, 3533, 3296, 7761, 640, 0, 0
19:40:05, 1046.30, 23.07, 21.49, 22.883, 1439, 2247, 4019, 5182, 8336, 8250, 10740, 11775, 10389, 1050, 0, 0, 351, 556, 1196, 2138, 3402, 3577, 3675, 3444, 8142, 674, 0, 0
19:40:05, 1039.80, 23.08, 21.49, 22.883, 2040, 3155, 5247, 6639, 8848, 9573, 11264, 13699, 10901, 1209, 0, 0, 379, 613, 1296, 2277, 3574, 3739, 3844, 3619, 8518, 712, 0, 0
19:40:06, 1038.30, 23.08, 21.49, 22.891, 1917, 3154, 4973, 6501, 9577, 10239, 11689, 14722, 11108, 1312, 0, 0, 403, 655, 1378, 2404, 3719, 3886, 3996, 3763, 8714, 726, 0, 0
19:40:07, 1038.20, 23.08, 21.49, 22.891, 1415, 2264, 3694, 4690, 6048, 6334, 7276, 8541, 9708, 1109, 0, 0, 423, 688, 1445, 2510, 3913, 4087, 4208, 3962, 9089, 758, 0, 0
19:40:07, 1037.40, 23.08, 21.49, 22.891, 1214, 1788, 3019, 3720, 5853, 6220, 6739, 8230, 9144, 1099, 0, 0, 432, 702, 1475, 2560, 3961, 4137, 4263, 4014, 9188, 765, 0, 0
19:40:08, 1034.40, 23.09, 21.51, 22.875, 1362, 1901, 3281, 3924, 4661, 4905, 5495, 6472, 8094, 1020, 0, 0, 438, 713, 1492, 2577, 3995, 4167, 4299, 4063, 9350, 783, 0, 0
19:40:09, 1032.60, 23.09, 21.51, 22.875, 1690, 2557, 4149, 5188, 10754, 11353, 13478, 17023, 9912, 1482, 0, 0, 449, 736, 1531, 2637, 4032, 4202, 4334, 4100, 9522, 800, 0, 0
19:40:09, 1029.90, 23.09, 21.54, 22.875, 3505, 4691, 7790, 9243, 10272, 11270, 12783, 16124, 10063, 1566, 0, 0, 470, 772, 1599, 2735, 4172, 4348, 4486, 4254, 9959, 843, 0, 0
19:40:10, 1020.60, 23.09, 21.52, 22.891, 2196, 2470, 4928, 4641, 6085, 6104, 7268, 8562, 8777, 1479, 0, 0, 530, 883, 1789, 2993, 4582, 4752, 4915, 4714, 11189, 989, 0, 0
19:40:11, 1017.50, 23.09, 21.51, 22.891, 1762, 2361, 3572, 3762, 4949, 4785, 6452, 7424, 8230, 1818, 0, 0, 573, 959, 1907, 3157, 4694, 4865, 5034, 4851, 11578, 1063, 0, 0
19:40:11, 1012.00, 23.10, 21.49, 22.891, 3545, 3570, 6227, 5781, 9939, 10205, 11415, 14586, 9798, 2306, 0, 0, 595, 994, 1950, 3198, 4799, 4950, 5119, 4988, 11984, 1186, 0, 0
19:40:12, 1011.50, 23.10, 21.51, 22.906, 6818, 10459, 13473, 15630, 22532, 25584, 25559, 34752, 12899, 4369, 0, 1, 635, 1058, 2052, 3336, 5064, 5226, 5411, 5271, 12668, 1256, 0, 0
19:40:13, 1012.00, 23.10, 21.56, 22.906, 5868, 5819, 10429, 9104, 18652, 19819, 21114, 24900, 13051, 3802, 0, 0, 645, 1084, 2124, 3464, 5220, 5395, 5600, 5419, 12782, 1179, 0, 0
19:40:13, 1011.20, 23.10, 21.52, 22.898, 4878, 7622, 10774, 12330, 24788, 28972, 32193, 35772, 14033, 4540, 0, 1, 684, 1153, 2240, 3622, 5401, 5578, 5797, 5626, 13547, 1265, 0, 0
19:40:14, 1010.80, 23.10, 21.51, 22.906, 6587, 8996, 11952, 13056, 19569, 23676, 31493, 36000, 13438, 4363, 1, 1, 697, 1177, 2287, 3691, 5383, 5561, 5777, 5617, 13711, 1288, 0, 0
19:40:15, 1013.60, 23.11, 21.54, 22.906, 5568, 5436, 11307, 9024, 19107, 13786, 21346, 27369, 12136, 4508, 0, 0, 727, 1227, 2376, 3811, 5414, 5578, 5827, 5664, 14493, 1404, 0, 0
19:40:15, 1023.40, 23.11, 21.52, 22.906, 3833, 7313, 8586, 11163, 18579, 17301, 24272, 28214, 12447, 2699, 0, 0, 589, 986, 1972, 3260, 4751, 4928, 5108, 4907, 12109, 1077, 0, 0
19:40:16, 1018.00, 23.11, 21.54, 22.906, 3279, 5478, 7438, 10572, 15708, 20524, 21077, 30133, 13773, 2523, 0, 0, 590, 989, 1975, 3264, 5018, 5196, 5401, 5203, 13070, 1194, 0, 0
19:40:17, 1003.20, 23.11, 21.52, 22.906, 3366, 6297, 7353, 9721, 9231, 11876, 13657, 15840, 15402, 4901, 0, 0, 734, 1240, 2381, 3814, 5572, 5738, 6000, 5855, 15599, 1625, 0, 0
19:40:17, 1003.00, 23.11, 21.52, 22.906, 4695, 9657, 13019, 15592, 20957, 9695, 25540, 19954, 14700, 7103, 0, 0, 2089, 3210, 5266, 6346, 9045, 8683, 10646, 10726, 36000, 17415, 1, 1
19:40:18, 1002.80, 23.11, 21.57, 22.906, 3733, 5714, 5752, 17615, 14376, 17938, 27598, 17869, 35258, 9468, 0, 1, 2456, 3138, 5848, 6357, 7118, 7073, 8359, 8439, 31024, 8609, 0, 0
19:40:19, 1003.10, 23.10, 21.54, 22.937, 8461, 21259, 24206, 34460, 31356, 34422, 36000, 36000, 36000, 36000, 1, 1, 2667, 3534, 5782, 7463, 9601, 10065, 11128, 12304, 32165, 9471, 0, 0
19:40:19, 1002.70, 23.08, 21.52, 22.875, 6544, 3337, 14598, 4368, 9824, 18838, 5580, 13818, 36000, 36000, 1, 1, 6341, 8782, 14404, 16238, 26106, 30739, 34856, 36000, 36000, 35901, 1, 1
19:40:20, 1002.50, 23.09, 21.56, 22.875, 8343, 15733, 20480, 21776, 31718, 32178, 30576, 36000, 36000, 36000, 1, 1, 6623, 11854, 15804, 20984, 25864, 30238, 33709, 35839, 36000, 27874, 1, 1
19:40:21, 1002.70, 23.07, 21.56, 22.633, 1520, 2314, 4307, 5532, 23685, 26467, 21953, 26867, 36000, 36000, 1, 1, 7936, 11884, 16045, 19901, 25769, 29760, 35316, 36000, 36000, 36000, 1, 1
19:40:21, 1002.30, 23.01, 21.56, 22.562, 898, 1254, 1657, 1874, 1997, 2082, 2294, 2582, 10768, 4890, 0, 0, 3315, 5090, 6645, 8093, 8138, 8816, 10414, 12868, 31433, 20514, 0, 0
19:40:22, 1002.90, 23.07, 21.61, 22.562, 877, 1235, 1635, 1859, 2169, 2315, 2686, 2849, 11408, 5831, 0, 0, 2369, 4026, 4545, 6488, 5519, 7042, 7292, 10239, 35858, 34425, 0, 1
