Secchi Depth (cm) = 9999
Forel Ule Scale = 99
pH Colour Scale = 99
SensingSecchi S/N = A017
Latitude (degs N) = 34.39680
Longitude (degs E) = -78.26684
Date = 2026-07-09
Time (UTC), Pressure (mbar) MS5803, Temp (deg C) MS5803, Temp (deg C) 10KTHERM, Temp (deg C) TMP117, ED 415nm, ED 445nm, ED 480nm, ED 515nm, ED 555nm, ED 590nm, ED 630nm, ED 680nm, ED Clear, ED NIR, ED D-SAT, ED A-SAT, EU 415nm, EU 445nm, EU 480nm, EU 515nm, EU 555nm, EU 590nm, EU 630nm, EU 680nm, EU Clear, EU NIR, EU D-SAT, EU A-SAT
16:22:54, 1010.70, 34.05, 34.30, 38.773, 584, 868, 1090, 1199, 1182, 1140, 1238, 1304, 7387, 3037, 0, 0, 4163, 6041, 8049, 9174, 10748, 11547, 13270, 18076, 36000, 32934, 1, 1
16:22:54, 1010.80, 34.05, 34.32, 38.844, 540, 803, 1006, 1103, 1122, 1076, 1165, 1227, 7049, 2992, 0, 0, 4095, 5890, 7818, 8939, 10450, 11266, 13058, 17751, 36000, 32759, 1, 1
16:22:55, 1010.80, 34.06, 34.33, 38.906, 533, 793, 992, 1089, 1115, 1067, 1157, 1215, 7017, 2956, 0, 0, 4089, 5874, 7781, 8960, 10420, 11270, 13111, 17703, 36000, 33086, 1, 1
16:22:56, 1010.60, 34.06, 34.32, 38.906, 541, 805, 1008, 1106, 1351, 1314, 1425, 1506, 8236, 3195, 0, 0, 4519, 6833, 9454, 11004, 13408, 14141, 17514, 19856, 36000, 36000, 1, 1
16:22:56, 1010.70, 34.06, 34.33, 38.961, 1787, 2421, 3186, 4112, 2850, 2908, 3798, 3572, 12238, 5511, 0, 0, 3845, 4807, 6842, 7865, 9182, 9820, 11574, 13293, 36000, 36000, 1, 1
16:22:57, 1010.70, 34.06, 34.33, 38.938, 1601, 2565, 3309, 4305, 8432, 7477, 12863, 9782, 17097, 6201, 0, 0, 12530, 19875, 27583, 31968, 29878, 32549, 33558, 35996, 36000, 30367, 1, 1
16:22:58, 1010.70, 34.06, 34.35, 38.938, 7548, 12111, 16390, 19561, 31543, 34935, 35938, 36000, 35813, 13139, 1, 1, 4287, 7103, 10203, 13890, 9053, 8827, 10422, 11502, 15740, 3973, 0, 0
16:22:58, 1010.60, 34.07, 34.35, 38.727, 7082, 12817, 18009, 20533, 24587, 24487, 32024, 34136, 33333, 12585, 0, 1, 638, 995, 1520, 2085, 1957, 1993, 2230, 2352, 4932, 697, 0, 0
16:22:59, 1015.50, 34.07, 34.33, 37.711, 1305, 1863, 2611, 2720, 1555, 1484, 1606, 1689, 6506, 2006, 0, 0, 178, 232, 491, 1000, 1733, 1834, 2054, 2137, 4181, 396, 0, 0
16:23:00, 1024.10, 34.06, 34.35, 37.711, 917, 1573, 2227, 2588, 3288, 3257, 3676, 4145, 7388, 1099, 0, 0, 165, 209, 452, 952, 1651, 1760, 1979, 2051, 4035, 372, 0, 0
16:23:00, 1027.00, 34.06, 34.33, 35.563, 6649, 12388, 25530, 21358, 28360, 32319, 33359, 36000, 36000, 8889, 1, 1, 152, 194, 422, 893, 1553, 1657, 1864, 1925, 3666, 337, 0, 0
16:23:01, 1027.40, 34.04, 34.33, 34.180, 7808, 13988, 34196, 28740, 27729, 31376, 33571, 36000, 36000, 11817, 1, 1, 150, 192, 418, 883, 1564, 1668, 1876, 1937, 3611, 329, 0, 0
16:23:02, 1030.50, 34.03, 34.35, 34.180, 6639, 13791, 30322, 23347, 31424, 28557, 34365, 36000, 36000, 12691, 1, 1, 147, 189, 411, 865, 1502, 1603, 1806, 1863, 3474, 314, 0, 0
16:23:02, 1032.10, 34.02, 34.33, 33.477, 5880, 11595, 26635, 23261, 30249, 31843, 35862, 36000, 36000, 13486, 1, 1, 137, 172, 376, 813, 1479, 1584, 1789, 1837, 3428, 306, 0, 0
16:23:03, 1032.60, 34.01, 34.35, 33.039, 6699, 13157, 26339, 25843, 31634, 35616, 36000, 36000, 36000, 14526, 1, 1, 141, 177, 388, 835, 1516, 1621, 1835, 1881, 3548, 316, 0, 0
16:23:04, 1032.90, 34.00, 34.32, 33.039, 6425, 13886, 23840, 25788, 32149, 35477, 36000, 36000, 36000, 13929, 1, 1, 142, 179, 393, 847, 1540, 1644, 1865, 1909, 3672, 326, 0, 0
16:23:04, 1034.10, 33.99, 34.30, 32.734, 5487, 13541, 18501, 22945, 33870, 32873, 34967, 36000, 36000, 16050, 1, 1, 144, 182, 398, 853, 1534, 1636, 1859, 1903, 3754, 330, 0, 0
16:23:05, 1033.70, 33.98, 34.33, 32.555, 5542, 12013, 18837, 27846, 34443, 36000, 36000, 36000, 36000, 16511, 1, 1, 144, 184, 401, 854, 1540, 1639, 1865, 1911, 3850, 338, 0, 0
16:23:06, 1034.20, 33.98, 34.32, 32.555, 5378, 11129, 17690, 32971, 31949, 35919, 36000, 36000, 36000, 17151, 1, 1, 144, 184, 404, 854, 1537, 1634, 1858, 1906, 3913, 339, 0, 0
16:23:06, 1033.50, 33.97, 34.30, 32.438, 5032, 9224, 16155, 32060, 27703, 34457, 36000, 35275, 36000, 15528, 1, 1, 146, 188, 410, 863, 1560, 1655, 1883, 1934, 4091, 357, 0, 0
16:23:07, 1034.30, 33.96, 34.33, 32.352, 5411, 9998, 16661, 35396, 23966, 32955, 36000, 35936, 36000, 15233, 1, 1, 147, 190, 414, 868, 1547, 1645, 1867, 1921, 4093, 351, 0, 0
16:23:08, 1034.00, 33.95, 34.30, 32.352, 4682, 8480, 14844, 29901, 28709, 36000, 36000, 36000, 36000, 15496, 1, 1, 148, 191, 418, 877, 1588, 1687, 1913, 1970, 4278, 367, 0, 0
16:23:08, 1033.90, 33.94, 34.28, 32.289, 4679, 8935, 14428, 28394, 30131, 36000, 36000, 36000, 36000, 16717, 1, 1, 150, 194, 423, 886, 1598, 1698, 1922, 1982, 4354, 373, 0, 0
16:23:09, 1034.30, 33.93, 34.32, 32.258, 5305, 10294, 16101, 28340, 29041, 34855, 35984, 36000, 36000, 16620, 1, 1, 151, 195, 427, 889, 1577, 1678, 1896, 1958, 4347, 371, 0, 0
16:23:10, 1035.20, 33.92, 34.30, 32.258, 4623, 9774, 15402, 22873, 28673, 32127, 32855, 36000, 36000, 15418, 1, 1, 145, 186, 408, 859, 1550, 1654, 1865, 1927, 4265, 362, 0, 0
16:23:10, 1033.70, 33.91, 34.26, 32.234, 5018, 10358, 16135, 24068, 29640, 32532, 34669, 36000, 36000, 15428, 1, 1, 148, 191, 416, 869, 1552, 1652, 1862, 1925, 4321, 370, 0, 0
16:23:11, 1033.90, 33.90, 34.30, 32.227, 5267, 11249, 17345, 23596, 30002, 31029, 31155, 36000, 36000, 16039, 1, 1, 144, 185, 405, 850, 1534, 1634, 1840, 1901, 4279, 364, 0, 0
16:23:12, 1030.10, 33.90, 34.30, 32.227, 5670, 11416, 18558, 24127, 32244, 31945, 35191, 36000, 36000, 15625, 1, 1, 153, 200, 435, 898, 1594, 1691, 1902, 1969, 4460, 388, 0, 0
16:23:12, 1028.30, 33.89, 34.32, 32.188, 5774, 12671, 18712, 25045, 34509, 36000, 36000, 36000, 36000, 20595, 1, 1, 165, 217, 468, 956, 1662, 1760, 1979, 2051, 4687, 410, 0, 0
16:23:13, 1026.40, 33.88, 34.30, 32.180, 6381, 13228, 19537, 26945, 33272, 35922, 36000, 36000, 36000, 22831, 1, 1, 173, 231, 494, 995, 1717, 1813, 2040, 2118, 4878, 432, 0, 0
16:23:14, 1026.40, 33.87, 34.30, 32.180, 6802, 14659, 21384, 27198, 31964, 34537, 32051, 36000, 36000, 28535, 1, 1, 174, 236, 503, 1003, 1699, 1792, 2017, 2093, 4808, 427, 0, 0
16:23:14, 1026.50, 33.86, 34.28, 32.172, 8142, 15974, 22497, 31660, 32108, 33457, 34449, 35091, 36000, 24614, 1, 1, 171, 233, 495, 985, 1674, 1762, 1989, 2061, 4721, 417, 0, 0
16:23:15, 1026.10, 33.85, 34.30, 32.148, 7733, 14959, 21588, 33237, 32138, 36000, 36000, 36000, 36000, 19355, 1, 1, 163, 220, 471, 945, 1641, 1724, 1949, 2017, 4546, 405, 0, 0
16:23:16, 1026.40, 33.85, 34.28, 32.148, 7485, 14210, 21065, 36000, 34616, 36000, 36000, 36000, 36000, 24163, 1, 1, 165, 223, 477, 957, 1648, 1733, 1961, 2025, 4449, 395, 0, 0
16:23:16, 1025.50, 33.84, 34.33, 32.133, 6993, 13356, 19491, 35643, 31098, 36000, 36000, 36000, 36000, 23177, 1, 1, 167, 227, 484, 972, 1668, 1752, 1987, 2047, 4444, 398, 0, 0
16:23:17, 1027.30, 33.83, 34.32, 32.117, 6981, 13456, 20636, 36000, 32741, 36000, 36000, 36000, 36000, 26560, 1, 1, 169, 228, 487, 979, 1692, 1779, 2022, 2081, 4492, 397, 0, 0
16:23:18, 1025.50, 33.82, 34.28, 32.117, 6318, 11511, 19401, 35959, 31984, 36000, 36000, 36000, 36000, 22328, 1, 1, 164, 221, 472, 953, 1684, 1769, 2009, 2068, 4433, 399, 0, 0
16:23:18, 1026.30, 33.82, 34.28, 32.102, 7974, 14428, 24201, 36000, 34668, 36000, 36000, 36000, 36000, 26754, 1, 1, 168, 228, 486, 970, 1674, 1760, 1999, 2060, 4421, 394, 0, 0
16:23:19, 1025.90, 33.81, 34.32, 32.109, 7124, 12507, 21473, 35908, 29146, 36000, 36000, 36000, 36000, 20843, 1, 1, 158, 212, 455, 921, 1644, 1730, 1965, 2024, 4328, 389, 0, 0
16:23:20, 1025.70, 33.80, 34.32, 32.109, 7975, 14201, 23782, 36000, 34017, 36000, 36000, 36000, 36000, 26130, 1, 1, 169, 229, 487, 973, 1674, 1761, 1999, 2060, 4432, 397, 0, 0
16:23:20, 1025.90, 33.80, 34.28, 32.109, 6655, 12744, 19447, 35978, 28903, 35442, 36000, 36000, 36000, 23483, 1, 1, 164, 222, 474, 953, 1656, 1742, 1979, 2038, 4381, 393, 0, 0
16:23:21, 1025.80, 33.79, 34.24, 32.117, 7348, 13069, 21228, 36000, 31490, 36000, 36000, 36000, 36000, 25816, 1, 1, 172, 234, 497, 994, 1698, 1787, 2030, 2095, 4541, 405, 0, 0
16:23:22, 1025.80, 33.78, 34.30, 32.117, 7813, 13566, 23124, 36000, 30725, 36000, 36000, 36000, 36000, 24398, 1, 1, 171, 233, 496, 985, 1717, 1807, 2054, 2125, 4678, 417, 0, 0
16:23:22, 1026.50, 33.77, 34.30, 32.109, 7683, 13629, 22021, 34802, 29913, 35432, 36000, 35549, 36000, 23062, 1, 1, 169, 231, 493, 979, 1688, 1778, 2019, 2088, 4610, 406, 0, 0
16:23:23, 1026.00, 33.77, 34.30, 32.102, 7802, 13176, 20277, 33758, 34904, 36000, 36000, 36000, 36000, 22795, 1, 1, 170, 233, 494, 976, 1688, 1778, 2016, 2087, 4676, 414, 0, 0
16:23:24, 1026.30, 33.76, 34.28, 32.102, 7732, 14313, 20588, 33976, 35074, 36000, 36000, 36000, 36000, 22316, 1, 1, 170, 231, 492, 977, 1700, 1795, 2032, 2105, 4728, 418, 0, 0
16:23:24, 1026.30, 33.75, 34.30, 32.094, 7703, 14564, 21328, 34819, 35151, 36000, 36000, 36000, 36000, 24042, 1, 1, 171, 233, 496, 984, 1732, 1830, 2071, 2149, 4880, 433, 0, 0
16:23:25, 1026.60, 33.75, 34.30, 32.125, 6634, 14414, 20359, 29852, 34508, 35726, 35768, 36000, 36000, 25627, 1, 1, 171, 231, 494, 983, 1699, 1798, 2033, 2110, 4803, 425, 0, 0
16:23:26, 1025.70, 33.74, 34.30, 32.125, 6529, 14588, 20375, 25979, 35203, 35995, 35868, 36000, 36000, 25404, 1, 1, 175, 237, 505, 997, 1706, 1806, 2040, 2121, 4908, 436, 0, 0
16:23:26, 1026.50, 33.74, 34.30, 32.148, 6875, 14547, 21144, 26446, 34538, 34209, 32096, 36000, 36000, 26543, 1, 1, 171, 232, 495, 982, 1680, 1781, 2007, 2089, 4856, 430, 0, 0
16:23:27, 1026.40, 33.73, 34.32, 32.148, 7053, 14314, 21674, 27147, 36000, 35944, 35308, 36000, 36000, 27383, 1, 1, 171, 232, 494, 977, 1680, 1783, 2008, 2091, 4887, 433, 0, 0
16:23:28, 1026.50, 33.72, 34.28, 32.188, 7130, 14240, 21554, 26911, 35233, 35894, 32842, 36000, 36000, 26846, 1, 1, 173, 237, 504, 991, 1684, 1788, 2015, 2098, 4918, 437, 0, 0
16:23:28, 1026.70, 33.72, 34.28, 32.211, 6987, 14146, 21487, 27068, 33912, 34419, 31805, 36000, 36000, 25660, 1, 1, 173, 236, 501, 990, 1707, 1812, 2046, 2128, 4977, 440, 0, 0
16:23:29, 1026.60, 33.71, 34.30, 32.211, 6592, 13487, 20363, 25770, 35999, 35960, 33049, 36000, 36000, 26107, 1, 1, 175, 238, 507, 997, 1699, 1803, 2035, 2117, 4915, 436, 0, 0
16:23:30, 1027.70, 33.71, 34.32, 32.219, 6850, 14210, 20930, 26823, 35750, 35930, 32068, 36000, 36000, 26090, 1, 1, 174, 236, 503, 991, 1682, 1788, 2019, 2099, 4863, 430, 0, 0
16:23:30, 1027.20, 33.70, 34.32, 32.203, 6604, 14008, 20635, 26127, 34299, 33621, 33198, 36000, 36000, 22388, 1, 1, 169, 228, 487, 966, 1674, 1779, 2011, 2088, 4806, 425, 0, 0
16:23:31, 1027.20, 33.70, 34.28, 32.203, 6683, 13720, 20832, 25444, 35164, 35676, 34214, 36000, 36000, 24040, 1, 1, 170, 232, 494, 976, 1685, 1788, 2024, 2102, 4847, 429, 0, 0
16:23:32, 1027.70, 33.69, 34.24, 32.117, 6852, 13977, 21458, 26174, 35238, 34982, 35170, 36000, 36000, 22051, 1, 1, 166, 224, 480, 952, 1671, 1775, 2010, 2086, 4758, 419, 0, 0
16:23:32, 1027.80, 33.69, 34.32, 32.070, 6811, 14129, 21240, 27653, 34448, 35217, 35557, 36000, 36000, 21570, 1, 1, 167, 226, 484, 958, 1687, 1791, 2030, 2107, 4807, 425, 0, 0
16:23:33, 1028.90, 33.68, 34.30, 32.070, 6247, 13501, 20275, 26284, 33605, 35604, 35709, 36000, 36000, 21753, 1, 1, 166, 225, 481, 956, 1652, 1757, 1992, 2065, 4665, 410, 0, 0
16:23:34, 1028.40, 33.67, 34.32, 32.031, 6390, 13030, 19533, 28402, 34853, 36000, 36000, 36000, 36000, 21382, 1, 1, 166, 225, 481, 955, 1663, 1767, 2006, 2079, 4697, 415, 0, 0
16:23:34, 1029.00, 33.67, 34.33, 32.008, 6610, 13526, 20141, 28777, 33493, 35985, 36000, 36000, 36000, 21584, 1, 1, 164, 221, 474, 941, 1638, 1742, 1978, 2049, 4591, 404, 0, 0
16:23:35, 1025.40, 33.66, 34.30, 32.008, 6515, 13499, 20349, 28817, 34475, 35165, 33526, 36000, 36000, 23478, 1, 1, 167, 233, 492, 956, 1655, 1746, 1987, 2060, 4705, 420, 0, 0
16:23:36, 1028.60, 33.65, 34.32, 31.953, 6634, 15034, 19517, 26577, 33736, 36000, 36000, 36000, 36000, 24683, 1, 1, 178, 239, 512, 1019, 1753, 1864, 2122, 2193, 4826, 425, 0, 0
16:23:36, 1028.70, 33.65, 34.32, 31.922, 7495, 13992, 20709, 29550, 31562, 36000, 36000, 36000, 36000, 19921, 1, 1, 179, 239, 513, 1028, 1781, 1894, 2156, 2228, 4865, 432, 0, 0
16:23:37, 1029.10, 33.64, 34.32, 31.922, 6831, 12036, 17046, 25787, 21744, 28198, 31006, 27723, 36000, 14040, 1, 1, 177, 235, 505, 1017, 1752, 1863, 2122, 2192, 4834, 426, 0, 0
16:23:38, 1030.10, 33.63, 34.32, 31.953, 6935, 14789, 22137, 30201, 28941, 33854, 35580, 35671, 36000, 17931, 1, 1, 168, 226, 486, 974, 1675, 1782, 2032, 2095, 4575, 400, 0, 0
16:23:38, 1029.30, 33.63, 34.32, 31.945, 5710, 11221, 16950, 29564, 30759, 36000, 36000, 36000, 36000, 20681, 1, 1, 167, 224, 482, 967, 1696, 1801, 2059, 2118, 4559, 400, 0, 0
16:23:39, 1025.70, 33.62, 34.33, 31.945, 6764, 12316, 19348, 36000, 29815, 36000, 36000, 36000, 36000, 22356, 1, 1, 176, 240, 513, 1017, 1807, 1910, 2185, 2251, 4861, 436, 0, 0
16:23:40, 1022.50, 33.61, 34.33, 31.937, 7312, 16061, 20088, 36000, 33144, 36000, 36000, 36000, 36000, 31858, 1, 1, 193, 268, 562, 1094, 1836, 1933, 2214, 2280, 4949, 455, 0, 0
16:23:40, 1020.40, 33.61, 34.33, 31.937, 9020, 16883, 25779, 36000, 35335, 36000, 36000, 36000, 36000, 34042, 1, 1, 188, 265, 551, 1060, 1778, 1862, 2141, 2203, 4768, 453, 0, 0
16:23:41, 1021.30, 33.60, 34.32, 31.937, 9493, 15967, 26371, 36000, 34770, 36000, 36000, 36000, 36000, 34831, 1, 1, 191, 270, 562, 1081, 1802, 1888, 2170, 2232, 4768, 448, 0, 0
16:23:42, 1020.50, 33.60, 34.33, 31.922, 7812, 17176, 21046, 35873, 35827, 36000, 36000, 36000, 36000, 33686, 1, 1, 192, 272, 565, 1087, 1833, 1921, 2207, 2271, 4877, 460, 0, 0
16:23:42, 1022.00, 33.59, 34.33, 31.937, 8492, 17890, 24055, 36000, 34547, 35227, 36000, 36000, 36000, 34592, 1, 1, 200, 283, 589, 1130, 1870, 1966, 2255, 2322, 5000, 466, 0, 0
16:23:43, 1028.50, 33.58, 34.33, 31.937, 9025, 15809, 25098, 36000, 29765, 35192, 36000, 35731, 36000, 28015, 1, 1, 188, 264, 554, 1069, 1756, 1854, 2119, 2190, 4716, 420, 0, 0
16:23:44, 1036.40, 33.58, 34.33, 31.906, 6333, 11699, 19772, 34343, 28350, 31870, 33442, 32458, 36000, 16705, 1, 1, 149, 192, 421, 873, 1537, 1643, 1882, 1927, 3998, 346, 0, 0
16:23:44, 1048.40, 33.57, 34.33, 31.914, 4601, 8232, 14854, 29457, 26007, 34252, 35635, 34008, 36000, 11080, 1, 1, 122, 149, 332, 722, 1311, 1423, 1628, 1658, 3326, 278, 0, 0
16:23:45, 1059.50, 33.56, 34.32, 31.914, 2661, 4983, 9512, 19590, 23686, 32440, 35691, 33602, 36000, 8357, 1, 1, 102, 117, 262, 603, 1152, 1270, 1453, 1468, 2857, 233, 0, 0
16:23:46, 1063.70, 33.55, 34.32, 31.828, 1937, 3818, 7231, 16300, 17577, 22785, 29543, 27071, 36000, 5725, 1, 1, 95, 104, 234, 553, 1129, 1252, 1431, 1443, 2821, 228, 0, 0
16:23:46, 1070.10, 33.54, 34.32, 31.656, 1827, 3478, 6807, 15333, 15728, 21275, 26239, 23620, 36000, 4756, 1, 1, 88, 93, 209, 507, 1032, 1154, 1318, 1323, 2576, 208, 0, 0
16:23:47, 1079.80, 33.53, 34.33, 31.656, 1495, 2691, 5537, 12467, 14155, 19076, 23417, 21471, 36000, 4047, 1, 1, 76, 77, 172, 432, 895, 1012, 1154, 1153, 2225, 178, 0, 0
16:23:48, 1093.10, 33.52, 34.35, 31.547, 1030, 1783, 3805, 7724, 11584, 13353, 15464, 17575, 36000, 3057, 1, 1, 60, 57, 124, 327, 724, 832, 947, 936, 1752, 141, 0, 0
16:23:48, 1095.60, 33.51, 34.33, 31.461, 832, 1305, 2910, 6648, 9989, 12255, 14703, 15433, 36000, 2662, 1, 1, 57, 53, 114, 305, 703, 811, 922, 912, 1710, 137, 0, 0
16:23:49, 1104.30, 33.50, 34.33, 31.461, 750, 1171, 2566, 6124, 8469, 10571, 13316, 13288, 36000, 2421, 1, 1, 54, 49, 104, 285, 654, 760, 865, 853, 1587, 126, 0, 0
16:23:50, 1111.00, 33.49, 34.33, 31.406, 604, 872, 1968, 4834, 7569, 9728, 12053, 11749, 31530, 1869, 0, 0, 47, 41, 85, 237, 587, 688, 782, 767, 1397, 112, 0, 0
16:23:50, 1111.80, 33.48, 34.35, 31.367, 592, 827, 1896, 4763, 7425, 9438, 11485, 11306, 28966, 1726, 0, 0, 47, 42, 85, 239, 596, 700, 795, 780, 1420, 114, 0, 0
16:23:51, 1118.40, 33.47, 34.32, 31.367, 518, 722, 1597, 4054, 6523, 8167, 10643, 10392, 29149, 1789, 0, 0, 45, 40, 80, 227, 558, 660, 750, 734, 1329, 106, 0, 0
16:23:52, 1129.50, 33.45, 34.35, 31.344, 465, 618, 1385, 3613, 5596, 6972, 8625, 8717, 22841, 1411, 0, 0, 38, 33, 64, 186, 470, 563, 640, 623, 1112, 89, 0, 0
16:23:52, 1137.00, 33.44, 34.33, 31.328, 383, 470, 1070, 2792, 5023, 6352, 7755, 7830, 18424, 1117, 0, 0, 33, 28, 53, 155, 419, 507, 576, 559, 983, 79, 0, 0
16:23:53, 1143.50, 33.43, 34.30, 31.328, 345, 416, 939, 2509, 4508, 5690, 6969, 7109, 17186, 1049, 0, 0, 31, 26, 47, 140, 382, 466, 530, 512, 893, 72, 0, 0
16:23:54, 1152.60, 33.42, 34.32, 31.297, 278, 322, 704, 1954, 3529, 4431, 5537, 5644, 14015, 878, 0, 0, 26, 22, 39, 116, 328, 405, 461, 443, 760, 61, 0, 0
16:23:54, 1159.10, 33.40, 34.32, 31.289, 249, 279, 607, 1744, 3253, 4165, 5222, 5235, 11922, 739, 0, 0, 25, 20, 36, 107, 313, 388, 442, 424, 724, 59, 0, 0
16:23:55, 1168.40, 33.40, 34.33, 31.289, 208, 230, 474, 1353, 2745, 3328, 4171, 4421, 9752, 653, 0, 0, 23, 18, 32, 96, 281, 352, 402, 385, 660, 53, 0, 0
16:23:56, 1175.50, 33.39, 34.35, 31.258, 192, 203, 425, 1252, 2571, 3293, 4112, 4167, 9044, 573, 0, 0, 21, 17, 28, 84, 259, 327, 374, 357, 619, 50, 0, 0
16:23:56, 1181.00, 33.38, 34.32, 31.258, 172, 178, 365, 1088, 2253, 2878, 3577, 3642, 8134, 522, 0, 0, 19, 15, 25, 76, 241, 306, 350, 335, 580, 47, 0, 0
16:23:57, 1186.00, 33.37, 34.33, 31.258, 154, 158, 320, 943, 2060, 2635, 3238, 3379, 7703, 499, 0, 0, 18, 14, 23, 70, 224, 286, 327, 312, 542, 44, 0, 0
16:23:58, 1189.90, 33.35, 34.32, 31.242, 143, 146, 291, 860, 1937, 2470, 3023, 3165, 7050, 458, 0, 0, 17, 13, 22, 66, 213, 273, 312, 298, 521, 42, 0, 0
16:23:58, 1204.60, 33.34, 34.35, 31.242, 123, 124, 240, 703, 1555, 1974, 2385, 2588, 5938, 404, 0, 0, 14, 11, 18, 55, 176, 230, 263, 249, 429, 34, 0, 0
16:23:59, 1211.70, 33.33, 34.33, 31.242, 102, 98, 183, 563, 1321, 1731, 2148, 2177, 4411, 285, 0, 0, 13, 10, 16, 47, 165, 217, 249, 235, 397, 32, 0, 0
16:24:00, 1214.50, 33.32, 34.35, 31.227, 96, 92, 170, 526, 1283, 1680, 2072, 2107, 4231, 274, 0, 0, 12, 10, 15, 45, 157, 207, 238, 224, 377, 30, 0, 0
16:24:00, 1221.20, 33.31, 34.32, 31.219, 86, 82, 147, 457, 1138, 1485, 1849, 1892, 3988, 262, 0, 0, 11, 9, 14, 40, 143, 190, 219, 206, 344, 28, 0, 0
16:24:01, 1227.90, 33.29, 34.30, 31.219, 78, 74, 130, 407, 1034, 1364, 1692, 1721, 3378, 220, 0, 0, 10, 8, 12, 35, 128, 171, 197, 185, 306, 25, 0, 0
16:24:02, 1234.70, 33.28, 34.33, 31.211, 70, 66, 113, 354, 913, 1212, 1500, 1527, 2866, 188, 0, 0, 9, 7, 11, 31, 117, 158, 183, 171, 279, 23, 0, 0
16:24:02, 1239.60, 33.27, 34.32, 31.211, 65, 61, 104, 325, 853, 1132, 1401, 1435, 2646, 175, 0, 0, 9, 7, 10, 30, 111, 152, 175, 164, 268, 22, 0, 0
16:24:03, 1246.90, 33.26, 34.33, 31.211, 59, 56, 92, 288, 769, 1019, 1259, 1300, 2368, 158, 0, 0, 8, 6, 9, 27, 102, 141, 163, 152, 248, 20, 0, 0
16:24:04, 1252.10, 33.25, 34.30, 31.203, 52, 49, 78, 244, 681, 911, 1123, 1156, 2038, 136, 0, 0, 7, 6, 8, 24, 94, 131, 152, 141, 229, 18, 0, 0
16:24:04, 1256.80, 33.23, 34.37, 31.203, 50, 46, 74, 229, 657, 882, 1090, 1113, 1972, 131, 0, 0, 7, 5, 8, 23, 90, 125, 145, 135, 218, 18, 0, 0
16:24:05, 1268.20, 33.22, 34.35, 31.203, 43, 40, 62, 193, 556, 748, 926, 947, 1718, 116, 0, 0, 6, 5, 7, 19, 77, 108, 126, 117, 187, 15, 0, 0
16:24:06, 1275.40, 33.21, 34.35, 31.195, 37, 34, 52, 160, 477, 649, 805, 818, 1418, 95, 0, 0, 5, 4, 6, 17, 70, 100, 117, 108, 173, 14, 0, 0
16:24:06, 1281.60, 33.20, 34.33, 31.195, 33, 30, 46, 138, 422, 577, 714, 725, 1266, 85, 0, 0, 5, 4, 6, 15, 65, 93, 109, 101, 161, 13, 0, 0
16:24:07, 1287.90, 33.19, 34.32, 31.195, 30, 28, 42, 126, 391, 535, 664, 675, 1196, 81, 0, 0, 5, 3, 5, 14, 61, 88, 104, 96, 153, 12, 0, 0
16:24:08, 1296.40, 33.18, 34.30, 31.187, 27, 25, 36, 109, 345, 476, 591, 597, 1036, 70, 0, 0, 4, 3, 5, 12, 55, 79, 94, 87, 138, 11, 0, 0
16:24:08, 1303.80, 33.17, 34.33, 31.195, 24, 21, 31, 93, 302, 419, 521, 523, 905, 62, 0, 0, 4, 3, 4, 11, 49, 73, 87, 80, 125, 10, 0, 0
16:24:09, 1309.30, 33.16, 34.33, 31.195, 22, 20, 29, 83, 278, 387, 481, 482, 843, 57, 0, 0, 3, 2, 4, 10, 46, 69, 82, 76, 119, 9, 0, 0
16:24:10, 1316.10, 33.15, 34.35, 31.187, 20, 18, 25, 75, 252, 351, 436, 437, 791, 54, 0, 0, 3, 2, 4, 9, 42, 63, 76, 71, 110, 8, 0, 0
16:24:10, 1323.20, 33.14, 34.33, 31.187, 18, 16, 23, 65, 223, 314, 389, 389, 687, 47, 0, 0, 3, 2, 3, 8, 38, 58, 71, 66, 101, 8, 0, 0
16:24:11, 1328.10, 33.13, 34.32, 31.187, 16, 14, 19, 57, 204, 288, 356, 356, 611, 42, 0, 0, 3, 2, 3, 8, 37, 56, 68, 63, 97, 7, 0, 0
16:24:12, 1336.60, 33.12, 34.35, 31.180, 14, 13, 18, 49, 178, 253, 313, 312, 548, 38, 0, 0, 2, 2, 3, 7, 33, 51, 63, 59, 89, 7, 0, 0
16:24:12, 1341.70, 33.11, 34.28, 31.180, 13, 12, 16, 44, 160, 228, 283, 282, 488, 34, 0, 0, 2, 2, 3, 6, 31, 49, 61, 57, 85, 6, 0, 0
16:24:13, 1348.70, 33.10, 34.35, 31.180, 12, 11, 14, 40, 147, 210, 260, 260, 464, 32, 0, 0, 2, 1, 2, 6, 30, 46, 58, 54, 82, 6, 0, 0
16:24:14, 1352.20, 33.09, 34.33, 31.172, 11, 10, 13, 36, 136, 196, 242, 240, 417, 29, 0, 0, 2, 1, 2, 6, 29, 45, 57, 53, 79, 6, 0, 0
16:24:14, 1361.20, 33.08, 34.39, 31.180, 10, 9, 13, 34, 125, 180, 223, 222, 402, 28, 0, 0, 2, 1, 2, 5, 27, 43, 54, 51, 76, 6, 0, 0
16:24:15, 1367.70, 33.07, 34.33, 31.180, 9, 8, 11, 28, 111, 161, 199, 197, 337, 24, 0, 0, 2, 1, 2, 5, 25, 40, 52, 50, 72, 5, 0, 0
16:24:16, 1372.50, 33.06, 34.35, 31.172, 8, 8, 9, 26, 104, 151, 187, 185, 315, 22, 0, 0, 2, 1, 2, 4, 24, 39, 51, 48, 70, 5, 0, 0
16:24:16, 1378.60, 33.05, 34.33, 31.172, 7, 7, 9, 23, 95, 138, 171, 168, 287, 20, 0, 0, 1, 1, 2, 4, 23, 37, 49, 47, 67, 5, 0, 0
16:24:17, 1384.50, 33.04, 34.33, 31.172, 7, 6, 8, 21, 86, 126, 156, 153, 256, 18, 0, 0, 1, 1, 2, 4, 22, 36, 48, 46, 65, 5, 0, 0
16:24:18, 1388.40, 33.03, 34.33, 31.172, 6, 6, 7, 19, 77, 114, 140, 138, 229, 16, 0, 0, 2, 1, 2, 4, 21, 36, 48, 46, 65, 5, 0, 0
16:24:18, 1396.70, 33.02, 34.35, 31.172, 6, 5, 6, 17, 70, 104, 127, 126, 216, 16, 0, 0, 2, 1, 2, 4, 21, 35, 48, 46, 65, 5, 0, 0
16:24:19, 1405.10, 33.01, 34.35, 31.172, 5, 5, 6, 15, 63, 94, 115, 113, 188, 13, 0, 0, 1, 1, 2, 4, 20, 34, 46, 46, 65, 5, 0, 0
16:24:20, 1410.10, 33.01, 34.33, 31.172, 4, 4, 5, 13, 57, 85, 104, 102, 173, 12, 0, 0, 1, 1, 2, 3, 19, 33, 45, 44, 62, 5, 0, 0
16:24:20, 1417.30, 33.00, 34.35, 31.172, 4, 4, 5, 12, 52, 78, 95, 94, 162, 12, 0, 0, 1, 1, 1, 3, 15, 27, 38, 37, 56, 4, 0, 0
16:24:21, 1424.10, 32.99, 34.37, 31.172, 4, 4, 5, 10, 46, 69, 86, 83, 137, 10, 0, 0, 1, 0, 1, 2, 9, 17, 23, 23, 40, 3, 0, 0
16:24:22, 1425.70, 32.98, 34.33, 31.164, 3, 3, 4, 9, 42, 64, 80, 77, 121, 9, 0, 0, 0, 0, 0, 0, 0, 1, 2, 2, 5, 0, 0, 0
16:24:22, 1426.30, 32.97, 34.33, 31.164, 3, 3, 3, 6, 31, 47, 59, 58, 65, 5, 0, 0, 0, 0, 0, 0, 0, 0, 0, 0, 1, 0, 0, 0
16:24:23, 1426.40, 32.96, 34.35, 31.164, 2, 2, 2, 6, 29, 45, 55, 54, 61, 5, 0, 0, 0, 0, 0, 0, 0, 0, 1, 1, 1, 0, 0, 0
16:24:24, 1426.40, 32.96, 34.33, 31.164, 2, 2, 3, 6, 28, 43, 55, 53, 59, 5, 0, 0, 0, 0, 0, 0, 0, 0, 1, 1, 1, 0, 0, 0
16:24:24, 1426.20, 32.95, 34.33, 31.164, 2, 2, 2, 6, 28, 44, 53, 53, 58, 4, 0, 0, 0, 0, 0, 0, 0, 0, 1, 1, 2, 0, 0, 0
16:24:25, 1425.70, 32.94, 34.33, 31.172, 2, 2, 2, 5, 28, 43, 51, 52, 60, 5, 0, 0, 0, 0, 0, 0, 0, 1, 2, 2, 3, 0, 0, 0
16:24:26, 1425.80, 32.94, 34.33, 31.172, 2, 2, 3, 5, 26, 41, 50, 49, 56, 4, 0, 0, 0, 0, 0, 0, 0, 1, 2, 2, 3, 0, 0, 0
16:24:26, 1424.90, 32.93, 34.35, 31.172, 2, 2, 2, 5, 25, 39, 47, 47, 52, 4, 0, 0, 0, 0, 0, 0, 1, 2, 3, 3, 4, 0, 0, 0
16:24:27, 1418.30, 32.93, 34.35, 31.172, 3, 3, 3, 7, 36, 55, 68, 66, 81, 6, 0, 0, 0, 0, 0, 1, 6, 12, 18, 18, 27, 2, 0, 0
16:24:28, 1414.80, 32.93, 34.35, 31.172, 3, 4, 4, 10, 47, 71, 87, 85, 123, 9, 0, 0, 1, 0, 1, 2, 14, 25, 34, 34, 51, 4, 0, 0
16:24:28, 1415.10, 32.92, 34.39, 31.172, 4, 4, 4, 10, 48, 72, 89, 87, 139, 10, 0, 0, 1, 1, 1, 3, 15, 27, 37, 37, 54, 4, 0, 0
16:24:29, 1415.50, 32.91, 34.35, 31.164, 4, 4, 4, 11, 49, 73, 90, 87, 134, 10, 0, 0, 1, 1, 1, 3, 16, 27, 38, 38, 56, 4, 0, 0
16:24:30, 1409.60, 32.91, 34.35, 31.156, 4, 4, 5, 11, 49, 73, 89, 87, 131, 9, 0, 0, 1, 1, 1, 3, 18, 31, 42, 41, 60, 4, 0, 0
16:24:30, 1402.30, 32.90, 34.33, 31.156, 4, 4, 5, 12, 56, 84, 102, 100, 147, 11, 0, 0, 1, 1, 2, 4, 21, 36, 48, 46, 65, 5, 0, 0
16:24:31, 1395.20, 32.90, 34.33, 31.164, 5, 5, 6, 14, 64, 94, 115, 114, 171, 12, 0, 0, 2, 1, 2, 4, 22, 37, 49, 48, 68, 5, 0, 0
16:24:32, 1388.10, 32.89, 34.32, 31.156, 5, 5, 7, 16, 72, 106, 129, 127, 203, 14, 0, 0, 2, 1, 2, 4, 23, 38, 51, 48, 69, 5, 0, 0
16:24:32, 1383.60, 32.89, 34.35, 31.156, 6, 6, 8, 19, 81, 119, 146, 143, 237, 17, 0, 0, 2, 1, 2, 4, 24, 39, 51, 49, 70, 5, 0, 0
16:24:33, 1378.00, 32.89, 34.35, 31.164, 6, 6, 7, 20, 85, 124, 153, 150, 248, 18, 0, 0, 2, 1, 2, 4, 24, 40, 51, 49, 70, 5, 0, 0
16:24:34, 1369.70, 32.88, 34.35, 31.164, 7, 7, 9, 23, 96, 139, 172, 170, 283, 20, 0, 0, 2, 1, 2, 5, 25, 41, 53, 50, 73, 5, 0, 0
16:24:34, 1360.70, 32.87, 34.35, 31.164, 8, 8, 11, 27, 113, 162, 199, 198, 331, 23, 0, 0, 2, 1, 2, 5, 27, 44, 55, 52, 77, 6, 0, 0
16:24:35, 1353.40, 32.87, 34.35, 31.164, 10, 9, 12, 33, 131, 187, 230, 230, 393, 28, 0, 0, 2, 1, 2, 6, 29, 47, 58, 55, 82, 6, 0, 0
16:24:36, 1346.50, 32.87, 34.41, 31.164, 11, 10, 13, 37, 144, 205, 253, 252, 432, 30, 0, 0, 2, 2, 2, 6, 31, 49, 61, 57, 86, 6, 0, 0
16:24:36, 1338.10, 32.87, 34.39, 31.164, 12, 11, 14, 42, 162, 229, 283, 282, 474, 33, 0, 0, 2, 2, 3, 7, 33, 52, 64, 59, 89, 7, 0, 0
16:24:37, 1329.60, 32.86, 34.37, 31.164, 14, 13, 18, 49, 186, 262, 321, 323, 527, 36, 0, 0, 3, 2, 3, 7, 36, 55, 67, 62, 94, 7, 0, 0
16:24:38, 1323.40, 32.86, 34.35, 31.164, 16, 15, 19, 57, 213, 298, 365, 369, 604, 41, 0, 0, 3, 2, 3, 8, 39, 59, 71, 66, 101, 8, 0, 0
16:24:38, 1319.70, 32.85, 34.39, 31.164, 17, 15, 21, 62, 225, 316, 389, 391, 652, 45, 0, 0, 3, 2, 3, 9, 41, 62, 74, 69, 105, 8, 0, 0
16:24:39, 1313.20, 32.85, 34.33, 31.164, 18, 17, 23, 68, 245, 341, 421, 423, 709, 48, 0, 0, 3, 2, 4, 9, 44, 66, 79, 73, 112, 9, 0, 0
16:24:40, 1307.00, 32.85, 34.37, 31.180, 21, 19, 27, 80, 279, 387, 479, 481, 823, 56, 0, 0, 4, 3, 4, 10, 48, 70, 84, 77, 121, 9, 0, 0
16:24:40, 1301.40, 32.85, 34.35, 31.180, 22, 21, 30, 88, 301, 414, 512, 516, 892, 61, 0, 0, 4, 3, 4, 11, 50, 73, 87, 80, 126, 10, 0, 0
16:24:41, 1294.20, 32.84, 34.33, 31.164, 24, 22, 32, 97, 332, 454, 560, 566, 979, 66, 0, 0, 4, 3, 4, 12, 54, 78, 92, 85, 135, 10, 0, 0
16:24:42, 1287.60, 32.84, 34.37, 31.172, 27, 25, 36, 110, 370, 503, 619, 630, 1100, 75, 0, 0, 4, 3, 5, 13, 59, 85, 99, 92, 147, 11, 0, 0
16:24:42, 1283.00, 32.84, 34.35, 31.172, 30, 27, 41, 124, 405, 550, 676, 687, 1249, 85, 0, 0, 5, 4, 5, 15, 65, 92, 108, 100, 162, 13, 0, 0
16:24:43, 1277.90, 32.84, 34.43, 31.164, 32, 30, 46, 137, 439, 592, 729, 743, 1386, 95, 0, 0, 5, 4, 6, 16, 70, 99, 115, 107, 175, 14, 0, 0
16:24:44, 1271.20, 32.83, 34.37, 31.172, 35, 33, 50, 154, 482, 648, 801, 813, 1530, 104, 0, 0, 6, 4, 6, 18, 75, 105, 122, 113, 187, 15, 0, 0
16:24:44, 1262.90, 32.83, 34.37, 31.172, 38, 35, 54, 169, 524, 702, 867, 879, 1650, 112, 0, 0, 6, 5, 7, 19, 80, 112, 130, 121, 197, 16, 0, 0
16:24:45, 1256.70, 32.83, 34.37, 31.172, 43, 40, 64, 198, 594, 790, 967, 990, 1831, 122, 0, 0, 7, 5, 7, 21, 86, 119, 137, 127, 208, 16, 0, 0
16:24:46, 1249.00, 32.83, 34.39, 31.180, 46, 42, 68, 214, 641, 855, 1053, 1065, 1959, 129, 0, 0, 7, 5, 8, 23, 93, 128, 147, 137, 221, 18, 0, 0
16:24:46, 1240.60, 32.82, 34.35, 31.180, 55, 51, 86, 265, 750, 995, 1227, 1237, 2320, 152, 0, 0, 8, 6, 9, 27, 108, 147, 169, 157, 256, 20, 0, 0
16:24:47, 1229.70, 32.82, 34.35, 31.172, 62, 57, 99, 309, 871, 1154, 1427, 1430, 2712, 176, 0, 0, 9, 7, 11, 32, 123, 165, 189, 176, 287, 23, 0, 0
16:24:48, 1223.60, 32.82, 34.35, 31.180, 70, 66, 117, 368, 965, 1272, 1573, 1575, 3079, 200, 0, 0, 10, 8, 12, 35, 130, 173, 197, 185, 302, 24, 0, 0
16:24:48, 1214.60, 32.82, 34.35, 31.180, 73, 68, 124, 390, 1008, 1325, 1639, 1627, 3084, 200, 0, 0, 11, 8, 13, 37, 140, 185, 210, 197, 319, 26, 0, 0
16:24:49, 1203.90, 32.82, 34.37, 31.172, 88, 84, 159, 492, 1229, 1600, 1964, 1957, 3598, 229, 0, 0, 12, 9, 15, 45, 159, 208, 236, 221, 359, 29, 0, 0
16:24:50, 1196.10, 32.82, 34.37, 31.180, 101, 98, 191, 587, 1419, 1836, 2255, 2262, 4427, 280, 0, 0, 13, 11, 17, 51, 178, 230, 261, 246, 404, 32, 0, 0
16:24:50, 1189.30, 32.81, 34.37, 31.180, 114, 114, 228, 689, 1626, 2094, 2574, 2611, 5477, 343, 0, 0, 15, 12, 19, 58, 198, 255, 289, 273, 458, 37, 0, 0
16:24:51, 1180.70, 32.81, 34.37, 31.180, 142, 145, 298, 865, 2015, 2556, 3088, 3242, 6906, 438, 0, 0, 17, 14, 23, 70, 232, 295, 334, 318, 549, 44, 0, 0
16:24:52, 1172.30, 32.81, 34.41, 31.187, 168, 176, 373, 1063, 2393, 3005, 3644, 3821, 8291, 528, 0, 0, 20, 16, 28, 83, 265, 334, 379, 362, 642, 51, 0, 0
16:24:52, 1164.10, 32.81, 34.37, 31.187, 196, 213, 462, 1288, 2818, 3495, 4226, 4540, 9972, 639, 0, 0, 22, 18, 31, 93, 280, 350, 396, 380, 691, 55, 0, 0
16:24:53, 1157.10, 32.81, 34.41, 31.187, 219, 247, 548, 1457, 3145, 3840, 4607, 5004, 10632, 688, 0, 0, 23, 19, 33, 100, 296, 366, 413, 396, 724, 58, 0, 0
16:24:54, 1150.20, 32.81, 34.41, 31.195, 247, 286, 645, 1671, 3482, 4212, 5008, 5526, 11770, 770, 0, 0, 25, 21, 37, 111, 325, 400, 451, 434, 796, 64, 0, 0
16:24:54, 1144.30, 32.80, 34.39, 31.195, 273, 327, 742, 1863, 3813, 4618, 5398, 6173, 13576, 909, 0, 0, 28, 23, 42, 125, 358, 437, 493, 476, 874, 70, 0, 0
16:24:55, 1137.20, 32.81, 34.35, 31.195, 328, 404, 931, 2282, 4573, 5472, 6433, 7285, 15752, 1037, 0, 0, 31, 26, 48, 142, 398, 482, 545, 528, 970, 78, 0, 0
16:24:56, 1128.90, 32.81, 34.37, 31.203, 389, 497, 1154, 2757, 5245, 6248, 7385, 8165, 18287, 1167, 0, 0, 34, 29, 57, 163, 444, 533, 602, 586, 1083, 87, 0, 0
16:24:56, 1123.30, 32.81, 34.33, 31.203, 436, 582, 1352, 3122, 5769, 6858, 8044, 8954, 21046, 1341, 0, 0, 37, 32, 64, 181, 474, 565, 637, 622, 1156, 92, 0, 0
16:24:57, 1117.80, 32.80, 34.39, 31.195, 467, 642, 1482, 3374, 6073, 7227, 8414, 9508, 22818, 1455, 0, 0, 38, 34, 67, 190, 490, 580, 655, 639, 1168, 93, 0, 0
16:24:58, 1109.30, 32.81, 34.45, 31.203, 551, 784, 1813, 4012, 7101, 8395, 9872, 10906, 26327, 1616, 0, 0, 41, 37, 75, 209, 531, 623, 704, 688, 1228, 98, 0, 0
16:24:58, 1098.70, 32.81, 34.33, 31.203, 635, 950, 2194, 4741, 9072, 10677, 12587, 13914, 34714, 2082, 0, 1, 47, 43, 92, 248, 609, 705, 799, 783, 1408, 112, 0, 0
16:24:59, 1090.60, 32.81, 34.37, 31.211, 890, 1411, 3181, 6591, 11078, 13306, 15737, 16725, 36000, 2559, 1, 1, 57, 54, 117, 306, 730, 835, 948, 938, 1730, 138, 0, 0
16:25:00, 1078.80, 32.81, 34.37, 31.219, 1060, 1734, 3805, 8232, 13160, 16637, 19931, 19557, 36000, 3205, 1, 1, 70, 70, 155, 391, 913, 1033, 1176, 1174, 2231, 180, 0, 0
16:25:00, 1067.20, 32.81, 34.41, 31.219, 1707, 3023, 6350, 14426, 13671, 18164, 22271, 20467, 36000, 4000, 1, 1, 88, 93, 208, 500, 1083, 1209, 1378, 1386, 2660, 218, 0, 0
16:25:01, 1058.80, 32.81, 34.37, 31.219, 2034, 3668, 7468, 15677, 20312, 27278, 32457, 29998, 36000, 5789, 1, 1, 87, 97, 218, 507, 1048, 1158, 1317, 1319, 2473, 205, 0, 0
16:25:02, 1047.80, 32.81, 34.39, 31.234, 3539, 5939, 11117, 19899, 24740, 27647, 32900, 33275, 36000, 7001, 1, 1, 91, 106, 237, 531, 1030, 1124, 1277, 1275, 2350, 197, 0, 0
16:25:02, 1046.70, 32.82, 34.41, 31.234, 4117, 8077, 14759, 20190, 25119, 25636, 29533, 33767, 36000, 8428, 1, 1, 97, 118, 263, 571, 1179, 1280, 1459, 1471, 2830, 237, 0, 0
16:25:03, 1042.60, 32.82, 34.39, 31.281, 3946, 7911, 13969, 19418, 28438, 29422, 32849, 35769, 36000, 10665, 1, 1, 123, 154, 344, 727, 1388, 1500, 1711, 1744, 3582, 303, 0, 0
16:25:04, 1034.30, 32.82, 34.35, 31.328, 4577, 9118, 15572, 20722, 31104, 30638, 32437, 35419, 36000, 15321, 1, 1, 149, 197, 429, 868, 1552, 1664, 1886, 1940, 4289, 372, 0, 0
16:25:04, 1026.00, 32.82, 34.41, 31.328, 6955, 13657, 22524, 25723, 33419, 32312, 34169, 36000, 36000, 20946, 1, 1, 172, 236, 502, 977, 1682, 1790, 2018, 2092, 4924, 443, 0, 0
16:25:05, 1019.50, 32.82, 34.43, 31.359, 9569, 18319, 28211, 30398, 36000, 36000, 35950, 36000, 36000, 35997, 1, 1, 193, 278, 567, 1050, 1674, 1765, 1988, 2068, 5203, 495, 0, 0
16:25:06, 1016.30, 32.83, 34.39, 31.437, 12777, 21202, 32216, 31654, 36000, 36000, 36000, 36000, 36000, 36000, 1, 1, 190, 276, 559, 1022, 1694, 1777, 2000, 2082, 5251, 512, 0, 0
16:25:06, 1014.80, 32.83, 34.35, 31.437, 14822, 24894, 35769, 36000, 36000, 36000, 36000, 36000, 36000, 36000, 1, 1, 218, 319, 640, 1150, 1777, 1854, 2096, 2177, 5405, 532, 0, 0
16:25:07, 1013.40, 32.83, 34.39, 31.570, 10707, 23719, 29948, 35114, 36000, 36000, 36000, 36000, 36000, 36000, 1, 1, 449, 645, 1056, 1649, 3014, 3240, 3501, 3999, 19779, 7700, 0, 0
16:25:08, 1013.20, 32.84, 34.41, 31.641, 1186, 1886, 2387, 2627, 2450, 2351, 2492, 2560, 10136, 2025, 0, 0, 158, 222, 452, 848, 1405, 1468, 1665, 1690, 3585, 335, 0, 0
16:25:08, 1014.20, 32.84, 34.41, 31.641, 1079, 1631, 2045, 2158, 2111, 2033, 2152, 2137, 9649, 2013, 0, 0, 173, 252, 507, 934, 1654, 1716, 1953, 2005, 4278, 432, 0, 0
16:25:09, 1014.30, 32.84, 34.39, 31.680, 11666, 17961, 26473, 36000, 34214, 36000, 36000, 36000, 36000, 36000, 1, 1, 182, 268, 529, 949, 1509, 1570, 1780, 1820, 3527, 352, 0, 0
16:25:10, 1017.20, 32.85, 34.41, 31.758, 10458, 19827, 27097, 36000, 32902, 36000, 36000, 36000, 36000, 36000, 1, 1, 169, 246, 495, 911, 1540, 1608, 1829, 1861, 3562, 345, 0, 0
16:25:10, 1018.50, 32.85, 34.43, 31.758, 11478, 24606, 26718, 32907, 36000, 36000, 36000, 36000, 36000, 36000, 1, 1, 169, 243, 497, 939, 1595, 1670, 1901, 1935, 3670, 349, 0, 0
16:25:11, 1012.50, 32.85, 34.39, 31.812, 9509, 20871, 27652, 36000, 36000, 36000, 36000, 36000, 36000, 36000, 1, 1, 179, 261, 530, 986, 1441, 1503, 1707, 1720, 3146, 320, 0, 0
16:25:12, 1013.20, 32.86, 34.41, 31.875, 903, 1381, 1729, 1794, 17382, 18028, 18629, 18616, 23404, 19080, 0, 0, 177, 256, 519, 973, 2060, 2128, 2435, 2503, 7003, 1780, 0, 0
16:25:12, 1012.80, 32.86, 34.43, 31.875, 12399, 23736, 34145, 36000, 36000, 36000, 36000, 36000, 36000, 36000, 1, 1, 3849, 5928, 8589, 10363, 10599, 15389, 13347, 16448, 36000, 34314, 1, 1
16:25:13, 1013.00, 32.86, 34.43, 31.812, 9928, 18529, 23224, 36000, 17743, 17829, 20057, 27525, 30730, 29269, 1, 1, 11137, 16866, 23097, 27476, 15952, 15170, 14917, 17205, 36000, 17214, 1, 1
16:25:14, 1013.10, 32.86, 34.39, 31.633, 461, 719, 855, 881, 401, 411, 508, 547, 2684, 862, 0, 0, 5283, 7837, 10747, 12055, 5540, 5472, 5937, 6518, 27268, 14754, 0, 0
