Secchi Depth (cm) = 9999
Forel Ule Scale = 99
pH Colour Scale = 99
SensingSecchi S/N = A016
Latitude (degs N) = 34.30351
Longitude (degs E) = -78.01353
Date = 2026-06-18
Time (UTC), Pressure (mbar) MS5803, Temp (deg C) MS5803, Temp (deg C) 10KTHERM, Temp (deg C) TMP117, ED 415nm, ED 445nm, ED 480nm, ED 515nm, ED 555nm, ED 590nm, ED 630nm, ED 680nm, ED Clear, ED NIR, ED D-SAT, ED A-SAT, EU 415nm, EU 445nm, EU 480nm, EU 515nm, EU 555nm, EU 590nm, EU 630nm, EU 680nm, EU Clear, EU NIR, EU D-SAT, EU A-SAT
17:06:00, 1009.60, 31.68, 31.79, 31.164, 840, 1246, 1668, 1976, 2156, 2206, 2581, 2777, 13893, 6110, 0, 0, 2837, 4150, 5011, 6503, 7321, 8873, 11016, 14001, 36000, 29163, 1, 1
17:06:00, 1009.30, 31.69, 31.77, 31.141, 904, 1355, 1828, 2167, 2487, 2555, 3056, 3370, 15132, 6487, 0, 0, 2941, 4377, 5294, 6899, 7787, 9193, 11448, 14501, 36000, 27977, 1, 1
17:06:01, 1009.50, 31.71, 31.77, 31.141, 1017, 1543, 2056, 2439, 2653, 2754, 3152, 3538, 13917, 6056, 0, 0, 2102, 3172, 3837, 4856, 4877, 5768, 6537, 8747, 26502, 19445, 0, 0
17:06:02, 1009.30, 31.70, 31.73, 31.125, 835, 1274, 1694, 1946, 2102, 2129, 2412, 2699, 12486, 5218, 0, 0, 2208, 3462, 4604, 5395, 6684, 7203, 8209, 10049, 33217, 17628, 0, 1
17:06:02, 1009.40, 31.71, 31.75, 31.117, 861, 1323, 1764, 2020, 1193, 1183, 1517, 1749, 9361, 4355, 0, 0, 2663, 4141, 5721, 6646, 7684, 7855, 9358, 10677, 36000, 21748, 1, 1
17:06:03, 1012.40, 31.72, 31.73, 31.117, 814, 1262, 1659, 2077, 2796, 2874, 3512, 3688, 13623, 5723, 0, 0, 474, 743, 1013, 1273, 701, 810, 1031, 1165, 2132, 383, 0, 0
17:06:04, 1025.00, 31.63, 31.75, 31.070, 460, 737, 1063, 1381, 2059, 2198, 2623, 3022, 8716, 2110, 0, 0, 56, 68, 123, 228, 378, 481, 658, 768, 1238, 140, 0, 0
17:06:04, 1019.20, 31.48, 31.75, 29.797, 340, 556, 881, 1252, 1707, 1838, 2311, 2540, 5503, 1022, 0, 0, 69, 86, 155, 282, 511, 638, 856, 995, 1517, 171, 0, 0
17:06:05, 1026.00, 31.37, 31.77, 29.797, 425, 703, 1088, 1502, 1804, 1964, 2398, 2691, 6455, 1241, 0, 0, 47, 55, 99, 187, 330, 423, 580, 681, 1139, 129, 0, 0
17:06:06, 1031.30, 31.27, 31.79, 29.172, 355, 539, 879, 1246, 1590, 1775, 2110, 2471, 7043, 1527, 0, 0, 42, 48, 86, 164, 307, 399, 551, 652, 1115, 125, 0, 0
17:06:06, 1034.60, 31.19, 31.77, 28.914, 272, 408, 697, 1027, 1371, 1544, 1900, 2243, 5477, 959, 0, 0, 41, 45, 78, 154, 306, 406, 567, 675, 1082, 117, 0, 0
17:06:07, 1035.90, 31.12, 31.77, 28.914, 257, 386, 670, 993, 1398, 1548, 1927, 2261, 5865, 1168, 0, 0, 43, 47, 81, 161, 318, 421, 590, 702, 1190, 130, 0, 0
17:06:08, 1034.80, 31.07, 31.79, 28.805, 241, 361, 630, 955, 1343, 1509, 1880, 2217, 5652, 1042, 0, 0, 44, 47, 83, 163, 329, 436, 609, 725, 1187, 129, 0, 0
17:06:08, 1032.40, 31.02, 31.71, 28.766, 251, 379, 655, 980, 1361, 1538, 1876, 2229, 5605, 1013, 0, 0, 42, 46, 80, 158, 305, 403, 562, 668, 1072, 116, 0, 0
17:06:09, 1030.80, 30.98, 31.73, 28.766, 267, 402, 689, 1015, 1363, 1551, 1860, 2198, 5405, 1014, 0, 0, 37, 41, 73, 142, 278, 366, 510, 605, 947, 103, 0, 0
17:06:10, 1029.90, 30.94, 31.77, 28.742, 261, 408, 680, 1008, 1342, 1509, 1860, 2137, 4583, 836, 0, 0, 40, 44, 78, 152, 309, 403, 558, 659, 1032, 114, 0, 0
17:06:10, 1031.20, 30.92, 31.73, 28.742, 283, 430, 703, 1030, 1371, 1553, 1892, 2151, 4995, 968, 0, 0, 38, 43, 75, 146, 288, 378, 525, 621, 975, 107, 0, 0
17:06:11, 1032.70, 30.89, 31.75, 28.742, 257, 384, 644, 945, 1247, 1420, 1715, 2003, 4386, 832, 0, 0, 34, 37, 65, 128, 248, 330, 462, 551, 854, 93, 0, 0
17:06:12, 1032.60, 30.87, 31.77, 28.734, 226, 335, 569, 845, 1170, 1333, 1615, 1888, 4006, 727, 0, 0, 30, 33, 57, 113, 221, 293, 413, 493, 765, 83, 0, 0
17:06:12, 1032.90, 30.86, 31.77, 28.719, 235, 346, 590, 878, 1162, 1323, 1617, 1889, 4016, 723, 0, 0, 32, 35, 60, 119, 250, 332, 466, 557, 860, 93, 0, 0
17:06:13, 1031.70, 30.83, 31.75, 28.719, 265, 396, 676, 987, 1379, 1544, 1870, 2204, 5553, 1073, 0, 0, 39, 43, 76, 149, 307, 399, 553, 657, 1142, 128, 0, 0
17:06:14, 1032.80, 30.81, 31.75, 28.687, 289, 441, 750, 1077, 1489, 1637, 2017, 2359, 6389, 1292, 0, 0, 45, 50, 88, 171, 347, 454, 631, 749, 1301, 145, 0, 0
17:06:14, 1033.10, 30.79, 31.75, 28.680, 265, 411, 707, 1040, 1463, 1607, 2023, 2336, 6242, 1232, 0, 0, 47, 52, 91, 178, 351, 459, 638, 759, 1320, 148, 0, 0
17:06:15, 1033.30, 30.76, 31.75, 28.680, 277, 429, 734, 1071, 1502, 1637, 2044, 2371, 6365, 1338, 0, 0, 44, 49, 86, 168, 323, 423, 589, 702, 1205, 134, 0, 0
17:06:16, 1034.70, 30.73, 31.73, 28.672, 275, 412, 712, 1039, 1403, 1567, 1911, 2264, 5775, 1148, 0, 0, 39, 43, 74, 146, 284, 377, 529, 634, 1032, 113, 0, 0
17:06:16, 1033.70, 30.71, 31.75, 28.672, 229, 335, 586, 892, 1242, 1426, 1743, 2074, 4719, 806, 0, 0, 38, 41, 70, 140, 286, 380, 534, 639, 982, 106, 0, 0
17:06:17, 1033.00, 30.69, 31.73, 28.672, 260, 383, 657, 988, 1356, 1562, 1876, 2215, 5158, 944, 0, 0, 40, 44, 76, 149, 296, 390, 546, 650, 1023, 112, 0, 0
17:06:18, 1032.90, 30.68, 31.75, 28.664, 263, 387, 660, 996, 1356, 1566, 1893, 2228, 5116, 924, 0, 0, 40, 43, 75, 148, 297, 393, 551, 657, 1027, 112, 0, 0
17:06:18, 1030.60, 30.67, 31.75, 28.680, 256, 388, 659, 991, 1371, 1570, 1892, 2224, 5071, 926, 0, 0, 43, 47, 83, 163, 320, 418, 582, 691, 1114, 124, 0, 0
17:06:19, 1030.70, 30.65, 31.71, 28.680, 315, 465, 785, 1140, 1519, 1731, 2055, 2423, 5898, 1162, 0, 0, 44, 49, 86, 167, 320, 418, 580, 688, 1124, 125, 0, 0
17:06:20, 1032.50, 30.64, 31.73, 28.672, 310, 463, 778, 1137, 1477, 1690, 2005, 2370, 5737, 1115, 0, 0, 41, 46, 81, 157, 305, 398, 554, 657, 1092, 122, 0, 0
17:06:20, 1025.80, 30.63, 31.73, 28.687, 315, 485, 805, 1175, 1584, 1789, 2124, 2504, 5968, 1193, 0, 0, 48, 55, 98, 187, 403, 514, 700, 822, 1470, 175, 0, 0
17:06:21, 1026.50, 30.62, 31.75, 28.687, 498, 836, 1306, 1742, 2039, 2147, 2623, 3029, 7090, 1626, 0, 0, 62, 74, 133, 247, 415, 529, 719, 845, 1471, 174, 0, 0
17:06:22, 1029.20, 30.62, 31.73, 28.680, 401, 654, 1048, 1434, 1779, 1919, 2302, 2727, 6752, 1457, 0, 0, 43, 49, 87, 166, 293, 380, 527, 624, 1012, 114, 0, 0
17:06:22, 1037.90, 30.62, 31.73, 28.687, 273, 455, 739, 1061, 1329, 1467, 1794, 2080, 5147, 972, 0, 0, 26, 29, 50, 97, 178, 239, 343, 414, 633, 68, 0, 0
17:06:23, 1039.50, 30.61, 31.75, 28.687, 116, 176, 309, 497, 662, 756, 974, 1129, 1775, 235, 0, 0, 24, 24, 39, 80, 174, 241, 353, 431, 579, 60, 0, 0
17:06:24, 1043.80, 30.60, 31.73, 28.672, 130, 199, 345, 538, 764, 869, 1100, 1291, 2521, 391, 0, 0, 21, 22, 35, 72, 150, 210, 311, 382, 534, 56, 0, 0
17:06:24, 1047.30, 30.58, 31.70, 28.672, 75, 106, 190, 317, 540, 630, 826, 978, 1405, 175, 0, 0, 21, 20, 32, 65, 148, 209, 312, 386, 543, 56, 0, 0
17:06:25, 1045.20, 30.57, 31.75, 28.672, 99, 142, 253, 425, 687, 798, 1040, 1225, 2208, 294, 0, 0, 26, 26, 41, 84, 195, 271, 396, 485, 746, 79, 0, 0
17:06:26, 1048.00, 30.55, 31.77, 28.664, 127, 185, 335, 543, 816, 947, 1197, 1420, 3557, 614, 0, 0, 25, 26, 42, 84, 173, 242, 356, 439, 696, 73, 0, 0
17:06:26, 1049.00, 30.54, 31.73, 28.664, 102, 142, 256, 437, 672, 791, 1030, 1231, 2505, 354, 0, 0, 22, 22, 34, 70, 155, 222, 330, 409, 602, 62, 0, 0
17:06:27, 1047.80, 30.53, 31.73, 28.664, 101, 142, 255, 431, 674, 794, 1021, 1227, 2472, 353, 0, 0, 21, 20, 32, 65, 145, 205, 306, 379, 579, 60, 0, 0
17:06:28, 1046.00, 30.52, 31.73, 28.664, 93, 132, 237, 399, 625, 729, 952, 1121, 1949, 255, 0, 0, 21, 21, 33, 67, 151, 214, 318, 394, 562, 58, 0, 0
17:06:28, 1044.20, 30.52, 31.75, 28.664, 106, 155, 277, 457, 705, 823, 1051, 1242, 2416, 343, 0, 0, 22, 22, 35, 71, 154, 216, 319, 392, 589, 62, 0, 0
17:06:29, 1030.90, 30.51, 31.75, 28.664, 99, 146, 257, 410, 707, 791, 1021, 1180, 1750, 241, 0, 0, 30, 32, 53, 106, 233, 313, 444, 536, 817, 89, 0, 0
17:06:30, 1029.00, 30.50, 31.77, 28.656, 232, 392, 635, 910, 1246, 1338, 1676, 1910, 3785, 677, 0, 0, 37, 43, 74, 143, 266, 349, 485, 579, 950, 108, 0, 0
17:06:30, 1032.30, 30.49, 31.73, 28.656, 255, 430, 704, 997, 1299, 1421, 1750, 2024, 4119, 719, 0, 0, 32, 35, 61, 119, 230, 307, 433, 520, 853, 95, 0, 0
17:06:31, 1032.60, 30.49, 31.73, 28.656, 192, 318, 536, 785, 1049, 1151, 1450, 1655, 2844, 458, 0, 0, 31, 34, 58, 113, 226, 301, 425, 511, 835, 93, 0, 0
17:06:32, 1034.50, 30.48, 31.73, 28.664, 200, 335, 559, 813, 1052, 1162, 1454, 1672, 2762, 471, 0, 0, 30, 33, 56, 110, 217, 292, 415, 500, 808, 88, 0, 0
17:06:32, 1036.90, 30.48, 31.70, 28.672, 157, 255, 438, 666, 907, 1018, 1294, 1493, 2381, 367, 0, 0, 27, 29, 48, 96, 193, 263, 377, 458, 725, 79, 0, 0
17:06:33, 1036.90, 30.48, 31.75, 28.672, 156, 249, 429, 647, 896, 994, 1260, 1441, 2457, 384, 0, 0, 27, 29, 48, 95, 192, 262, 376, 457, 717, 78, 0, 0
17:06:34, 1038.50, 30.48, 31.73, 28.672, 141, 219, 382, 595, 835, 936, 1205, 1386, 2362, 344, 0, 0, 27, 28, 45, 91, 192, 264, 382, 466, 719, 77, 0, 0
17:06:34, 1038.90, 30.48, 31.75, 28.672, 155, 242, 421, 652, 945, 1055, 1348, 1559, 2840, 431, 0, 0, 28, 30, 51, 101, 213, 289, 414, 502, 802, 87, 0, 0
17:06:35, 1041.70, 30.47, 31.75, 28.672, 159, 249, 436, 687, 941, 1076, 1367, 1615, 3090, 465, 0, 0, 28, 28, 46, 93, 199, 277, 402, 493, 747, 79, 0, 0
17:06:36, 1040.20, 30.47, 31.73, 28.672, 141, 219, 385, 611, 908, 1026, 1312, 1528, 2739, 412, 0, 0, 28, 29, 49, 97, 199, 272, 394, 480, 747, 80, 0, 0
17:06:36, 1044.30, 30.46, 31.75, 28.672, 155, 243, 428, 681, 923, 1070, 1343, 1604, 3244, 491, 0, 0, 24, 25, 41, 82, 177, 248, 364, 448, 659, 69, 0, 0
17:06:37, 1044.50, 30.45, 31.73, 28.672, 110, 165, 294, 481, 677, 780, 1016, 1176, 1940, 260, 0, 0, 23, 23, 36, 73, 155, 219, 324, 401, 575, 60, 0, 0
17:06:38, 1042.20, 30.44, 31.77, 28.680, 103, 154, 274, 451, 617, 709, 934, 1074, 1644, 215, 0, 0, 23, 23, 36, 74, 163, 229, 338, 418, 585, 61, 0, 0
17:06:38, 1042.30, 30.44, 31.75, 28.680, 121, 189, 333, 531, 782, 898, 1158, 1338, 2272, 314, 0, 0, 22, 23, 36, 74, 163, 229, 337, 416, 599, 63, 0, 0
17:06:39, 1038.60, 30.44, 31.71, 28.680, 109, 165, 289, 465, 800, 912, 1184, 1376, 2115, 286, 0, 0, 25, 25, 41, 83, 185, 255, 371, 455, 671, 71, 0, 0
17:06:40, 1036.80, 30.43, 31.73, 28.680, 167, 270, 465, 711, 1072, 1199, 1523, 1756, 3039, 458, 0, 0, 28, 30, 51, 100, 207, 280, 401, 486, 759, 83, 0, 0
17:06:40, 1037.20, 30.43, 31.73, 28.680, 183, 295, 516, 806, 983, 1116, 1438, 1673, 2722, 379, 0, 0, 28, 29, 48, 96, 210, 288, 417, 509, 723, 77, 0, 0
17:06:41, 1034.70, 30.42, 31.71, 28.680, 202, 336, 573, 860, 1172, 1297, 1639, 1904, 3102, 483, 0, 0, 31, 34, 58, 113, 223, 301, 429, 519, 765, 83, 0, 0
17:06:42, 1036.80, 30.42, 31.71, 28.680, 204, 335, 581, 891, 1154, 1311, 1666, 1942, 3632, 524, 0, 0, 27, 28, 47, 94, 198, 272, 394, 481, 677, 72, 0, 0
17:06:42, 1033.40, 30.41, 31.75, 28.680, 191, 310, 532, 800, 1153, 1284, 1593, 1893, 3138, 480, 0, 0, 28, 30, 51, 101, 209, 282, 403, 487, 711, 77, 0, 0
17:06:43, 1035.40, 30.41, 31.71, 28.672, 234, 399, 682, 1026, 1366, 1544, 1919, 2263, 4734, 697, 0, 0, 27, 29, 48, 96, 210, 287, 415, 506, 686, 72, 0, 0
17:06:44, 1038.80, 30.40, 31.71, 28.680, 199, 322, 562, 853, 1245, 1410, 1746, 2072, 3909, 566, 0, 0, 26, 28, 46, 93, 191, 261, 379, 463, 642, 67, 0, 0
17:06:45, 1045.70, 30.39, 31.73, 28.680, 149, 230, 412, 655, 940, 1091, 1405, 1656, 2866, 359, 0, 0, 22, 22, 34, 70, 156, 223, 332, 412, 540, 55, 0, 0
17:06:45, 1049.60, 30.38, 31.73, 28.672, 88, 123, 222, 368, 597, 700, 916, 1106, 1428, 181, 0, 0, 18, 18, 28, 56, 123, 178, 270, 338, 451, 46, 0, 0
17:06:46, 1051.00, 30.38, 31.71, 28.680, 65, 88, 159, 272, 413, 489, 651, 797, 840, 102, 0, 0, 17, 16, 24, 50, 117, 173, 265, 335, 424, 42, 0, 0
17:06:47, 1050.30, 30.37, 31.79, 28.680, 62, 85, 153, 263, 446, 532, 713, 860, 929, 112, 0, 0, 17, 16, 25, 50, 119, 174, 266, 335, 440, 44, 0, 0
17:06:47, 1050.90, 30.36, 31.73, 28.687, 75, 105, 189, 327, 522, 627, 854, 1009, 1218, 144, 0, 0, 17, 17, 25, 52, 123, 180, 274, 344, 472, 48, 0, 0
17:06:48, 1050.20, 30.35, 31.73, 28.695, 76, 105, 187, 324, 543, 654, 882, 1058, 1200, 147, 0, 0, 19, 18, 28, 57, 134, 193, 292, 366, 527, 54, 0, 0
17:06:49, 1050.30, 30.35, 31.75, 28.695, 97, 139, 250, 433, 675, 814, 1101, 1305, 1810, 223, 0, 0, 20, 19, 29, 59, 137, 199, 301, 378, 545, 56, 0, 0
17:06:49, 1049.30, 30.35, 31.68, 28.695, 96, 136, 243, 418, 693, 831, 1127, 1345, 1555, 203, 0, 0, 22, 22, 33, 68, 152, 217, 326, 406, 606, 63, 0, 0
17:06:50, 1055.00, 30.35, 31.73, 28.695, 117, 168, 306, 530, 780, 945, 1280, 1525, 2501, 305, 0, 0, 19, 19, 28, 57, 132, 194, 297, 375, 527, 54, 0, 0
17:06:51, 1058.20, 30.35, 31.71, 28.695, 92, 123, 224, 402, 665, 824, 1130, 1360, 2098, 242, 0, 0, 18, 17, 25, 51, 120, 179, 278, 354, 487, 49, 0, 0
17:06:51, 1056.80, 30.34, 31.75, 28.695, 87, 115, 207, 378, 634, 791, 1099, 1337, 1770, 199, 0, 0, 18, 18, 25, 52, 128, 192, 298, 380, 497, 50, 0, 0
17:06:52, 1057.10, 30.34, 31.75, 28.695, 107, 143, 260, 470, 834, 1026, 1437, 1706, 2625, 295, 0, 0, 21, 21, 31, 63, 147, 216, 331, 418, 609, 62, 0, 0
17:06:53, 1058.00, 30.33, 31.71, 28.695, 120, 162, 296, 542, 854, 1061, 1457, 1767, 2508, 274, 0, 0, 21, 20, 29, 60, 146, 216, 334, 423, 581, 59, 0, 0
17:06:53, 1060.30, 30.33, 31.68, 28.687, 130, 175, 323, 595, 992, 1228, 1698, 2039, 3080, 330, 0, 0, 23, 22, 31, 64, 154, 230, 358, 455, 615, 62, 0, 0
17:06:54, 1064.20, 30.32, 31.71, 28.695, 173, 228, 420, 793, 1459, 1875, 2608, 3217, 5561, 564, 0, 0, 27, 26, 37, 74, 199, 306, 487, 629, 804, 80, 0, 0
17:06:55, 1073.30, 30.32, 31.73, 28.695, 324, 399, 736, 1408, 2813, 3781, 5369, 6630, 11816, 1097, 0, 0, 48, 45, 61, 119, 311, 496, 814, 1072, 1290, 126, 0, 0
17:06:55, 1076.50, 30.31, 31.73, 28.687, 320, 379, 650, 1293, 2453, 3227, 4720, 6518, 7810, 710, 0, 0, 58, 55, 69, 132, 350, 570, 953, 1275, 1435, 141, 0, 0
17:06:56, 1077.50, 30.30, 31.73, 28.672, 384, 440, 753, 1526, 2976, 4070, 6162, 7806, 10636, 973, 0, 0, 61, 58, 73, 139, 372, 606, 1011, 1353, 1592, 157, 0, 0
17:06:57, 1077.50, 30.30, 31.75, 28.672, 431, 510, 855, 1728, 3192, 4371, 6569, 8389, 9800, 905, 0, 0, 68, 64, 83, 159, 409, 658, 1086, 1446, 1855, 185, 0, 0
17:06:57, 1079.40, 30.29, 31.75, 28.680, 436, 510, 854, 1727, 3295, 4529, 6835, 8585, 12275, 1141, 0, 0, 67, 64, 83, 158, 400, 643, 1066, 1423, 1904, 189, 0, 0
17:06:58, 1081.30, 30.29, 31.73, 28.687, 393, 459, 743, 1525, 3037, 4229, 6445, 8255, 9957, 912, 0, 0, 61, 58, 74, 140, 358, 580, 970, 1301, 1694, 168, 0, 0
17:06:59, 1082.90, 30.28, 31.75, 28.687, 308, 358, 576, 1184, 2354, 3292, 5048, 6438, 7218, 656, 0, 0, 53, 50, 62, 117, 303, 498, 845, 1138, 1424, 141, 0, 0
17:06:59, 1088.70, 30.28, 31.73, 28.687, 288, 325, 530, 1093, 1974, 2802, 4284, 5408, 8344, 740, 0, 0, 46, 43, 53, 99, 252, 420, 726, 985, 1225, 119, 0, 0
17:07:00, 1092.80, 30.28, 31.77, 28.703, 160, 173, 276, 581, 1122, 1616, 2469, 3113, 4090, 346, 0, 0, 39, 37, 43, 77, 214, 368, 652, 898, 984, 95, 0, 0
17:07:01, 1097.20, 30.27, 31.73, 28.703, 123, 131, 205, 433, 868, 1261, 1939, 2458, 3305, 278, 0, 0, 29, 27, 31, 56, 143, 246, 438, 603, 692, 67, 0, 0
17:07:01, 1100.50, 30.26, 31.71, 28.695, 91, 95, 144, 301, 708, 1050, 1626, 2108, 2961, 254, 0, 0, 30, 28, 32, 56, 169, 294, 530, 736, 824, 80, 0, 0
17:07:02, 1101.80, 30.26, 31.73, 28.703, 114, 118, 177, 367, 806, 1206, 1874, 2455, 3441, 298, 0, 0, 32, 29, 34, 59, 171, 299, 540, 752, 862, 83, 0, 0
17:07:03, 1104.20, 30.25, 31.70, 28.703, 109, 114, 168, 351, 701, 1050, 1634, 2142, 3020, 265, 0, 0, 23, 21, 24, 42, 98, 170, 305, 422, 503, 48, 0, 0
17:07:03, 1112.20, 30.25, 31.73, 28.703, 34, 34, 50, 103, 200, 299, 460, 616, 969, 92, 0, 0, 8, 7, 9, 15, 44, 78, 143, 200, 226, 21, 0, 0
17:07:04, 1116.20, 30.25, 31.73, 28.711, 22, 22, 32, 64, 149, 228, 359, 479, 617, 55, 0, 0, 7, 7, 7, 13, 38, 67, 125, 175, 197, 18, 0, 0
17:07:05, 1117.90, 30.25, 31.77, 28.711, 18, 18, 24, 50, 119, 184, 292, 391, 459, 40, 0, 0, 6, 6, 6, 11, 33, 60, 111, 156, 174, 16, 0, 0
17:07:05, 1121.70, 30.24, 31.75, 28.703, 17, 17, 23, 47, 115, 179, 284, 386, 480, 43, 0, 0, 6, 5, 6, 10, 30, 54, 101, 143, 164, 15, 0, 0
17:07:06, 1125.40, 30.24, 31.71, 28.711, 16, 16, 21, 42, 103, 163, 261, 359, 428, 38, 0, 0, 5, 5, 5, 9, 27, 49, 93, 133, 144, 13, 0, 0
17:07:07, 1127.90, 30.23, 31.75, 28.711, 14, 14, 19, 37, 90, 144, 236, 325, 356, 31, 0, 0, 5, 4, 5, 8, 25, 46, 89, 128, 137, 13, 0, 0
17:07:07, 1127.60, 30.23, 31.77, 28.703, 14, 13, 18, 34, 86, 139, 228, 315, 337, 29, 0, 0, 5, 4, 4, 7, 25, 47, 90, 129, 134, 12, 0, 0
17:07:08, 1128.60, 30.22, 31.73, 28.687, 14, 14, 18, 36, 93, 150, 246, 337, 375, 33, 0, 0, 5, 4, 4, 8, 25, 46, 89, 127, 138, 13, 0, 0
17:07:09, 1131.40, 30.22, 31.73, 28.687, 15, 15, 19, 37, 99, 161, 267, 370, 421, 37, 0, 0, 5, 4, 5, 8, 27, 50, 97, 141, 148, 14, 0, 0
17:07:09, 1136.10, 30.22, 31.75, 28.680, 16, 15, 19, 38, 96, 157, 262, 365, 404, 35, 0, 0, 5, 4, 4, 7, 22, 42, 82, 119, 129, 12, 0, 0
17:07:10, 1141.10, 30.21, 31.73, 28.680, 12, 12, 15, 28, 75, 126, 214, 301, 331, 29, 0, 0, 4, 3, 3, 6, 19, 36, 72, 105, 111, 10, 0, 0
17:07:11, 1147.10, 30.19, 31.75, 28.648, 11, 11, 14, 26, 68, 115, 198, 282, 312, 27, 0, 0, 4, 3, 3, 5, 16, 31, 64, 95, 100, 9, 0, 0
17:07:11, 1154.00, 30.18, 31.75, 28.586, 10, 9, 12, 21, 54, 94, 167, 241, 267, 23, 0, 0, 3, 2, 2, 4, 13, 25, 53, 80, 80, 7, 0, 0
17:07:12, 1161.90, 30.16, 31.75, 28.586, 8, 8, 9, 16, 44, 78, 141, 206, 221, 19, 0, 0, 2, 2, 2, 3, 10, 21, 44, 67, 70, 6, 0, 0
17:07:13, 1168.80, 30.14, 31.75, 28.523, 6, 6, 7, 12, 32, 57, 107, 159, 160, 14, 0, 0, 2, 1, 1, 2, 8, 16, 36, 56, 56, 5, 0, 0
17:07:13, 1173.70, 30.13, 31.73, 28.492, 5, 5, 6, 10, 26, 48, 92, 137, 139, 12, 0, 0, 1, 1, 1, 2, 7, 14, 31, 49, 49, 4, 0, 0
17:07:14, 1177.80, 30.12, 31.75, 28.492, 4, 4, 5, 9, 23, 43, 83, 125, 128, 11, 0, 0, 1, 1, 1, 1, 6, 12, 28, 45, 45, 4, 0, 0
17:07:15, 1185.20, 30.11, 31.75, 28.484, 4, 4, 5, 8, 21, 39, 77, 118, 129, 11, 0, 0, 1, 1, 1, 1, 5, 10, 24, 38, 37, 3, 0, 0
17:07:15, 1190.90, 30.09, 31.75, 28.469, 3, 3, 4, 6, 16, 30, 61, 96, 96, 8, 0, 0, 1, 0, 0, 1, 4, 8, 20, 32, 31, 2, 0, 0
17:07:16, 1192.90, 30.08, 31.71, 28.469, 3, 3, 4, 5, 14, 27, 56, 87, 84, 7, 0, 0, 1, 0, 0, 1, 4, 8, 19, 31, 30, 2, 0, 0
17:07:17, 1195.90, 30.08, 31.75, 28.453, 3, 3, 3, 5, 14, 27, 55, 86, 88, 8, 0, 0, 1, 0, 0, 1, 3, 7, 18, 29, 29, 2, 0, 0
17:07:17, 1198.50, 30.07, 31.73, 28.453, 2, 2, 3, 5, 12, 25, 52, 81, 82, 7, 0, 0, 1, 0, 0, 1, 3, 7, 17, 28, 27, 2, 0, 0
17:07:18, 1202.70, 30.06, 31.70, 28.453, 2, 2, 3, 4, 11, 23, 48, 76, 77, 7, 0, 0, 1, 0, 0, 0, 3, 6, 15, 25, 24, 1, 0, 0
17:07:19, 1206.70, 30.06, 31.73, 28.453, 2, 2, 3, 4, 10, 20, 43, 69, 69, 6, 0, 0, 0, 0, 0, 0, 2, 5, 13, 23, 22, 1, 0, 0
17:07:19, 1209.10, 30.05, 31.73, 28.437, 2, 2, 2, 3, 9, 18, 40, 64, 63, 6, 0, 0, 0, 0, 0, 0, 2, 5, 13, 22, 21, 1, 0, 0
17:07:20, 1215.10, 30.05, 31.75, 28.437, 1, 2, 2, 3, 8, 16, 36, 58, 60, 5, 0, 0, 0, 0, 0, 0, 2, 4, 11, 19, 18, 1, 0, 0
17:07:21, 1219.40, 30.05, 31.75, 28.437, 1, 1, 2, 3, 7, 14, 31, 51, 51, 4, 0, 0, 0, 0, 0, 0, 2, 4, 10, 17, 16, 1, 0, 0
17:07:21, 1225.20, 30.04, 31.73, 28.430, 1, 1, 2, 2, 6, 13, 29, 46, 46, 4, 0, 0, 0, 0, 0, 0, 1, 3, 9, 15, 14, 1, 0, 0
17:07:22, 1228.60, 30.03, 31.79, 28.430, 1, 1, 2, 1, 5, 10, 24, 39, 38, 3, 0, 0, 0, 0, 0, 0, 1, 3, 8, 14, 12, 0, 0, 0
17:07:23, 1238.30, 30.03, 31.75, 28.430, 1, 1, 1, 2, 4, 9, 21, 36, 37, 3, 0, 0, 0, 0, 0, 0, 1, 2, 6, 11, 10, 0, 0, 0
17:07:23, 1245.30, 30.03, 31.71, 28.430, 0, 0, 1, 2, 3, 7, 17, 29, 27, 2, 0, 0, 0, 0, 0, 0, 1, 1, 5, 9, 8, 0, 0, 0
17:07:24, 1252.60, 30.03, 31.75, 28.430, 0, 0, 1, 1, 2, 5, 14, 24, 23, 2, 0, 0, 0, 0, 0, 0, 0, 1, 4, 7, 6, 0, 0, 0
17:07:25, 1259.10, 30.02, 31.75, 28.430, 0, 0, 1, 1, 2, 4, 12, 21, 19, 2, 0, 0, 0, 0, 0, 0, 0, 1, 3, 6, 6, 0, 0, 0
17:07:25, 1264.70, 30.01, 31.77, 28.437, 0, 0, 1, 1, 1, 4, 10, 18, 16, 1, 0, 0, 0, 0, 0, 0, 0, 1, 3, 6, 5, 0, 0, 0
17:07:26, 1270.40, 30.01, 31.73, 28.437, 0, 0, 1, 1, 1, 3, 9, 15, 15, 1, 0, 0, 0, 0, 0, 0, 0, 0, 2, 5, 4, 0, 0, 0
17:07:27, 1278.90, 30.01, 31.75, 28.430, 0, 0, 1, 1, 1, 2, 7, 13, 12, 1, 0, 0, 0, 0, 0, 0, 0, 0, 1, 4, 3, 0, 0, 0
17:07:27, 1286.50, 30.00, 31.77, 28.437, 0, 0, 1, 1, 0, 2, 6, 11, 9, 1, 0, 0, 0, 0, 0, 0, 0, 0, 1, 3, 2, 0, 0, 0
17:07:28, 1289.50, 30.00, 31.71, 28.437, 0, 0, 1, 1, 0, 1, 5, 8, 8, 1, 0, 0, 0, 0, 0, 0, 0, 0, 1, 3, 2, 0, 0, 0
17:07:29, 1295.80, 30.00, 31.73, 28.469, 0, 0, 1, 1, 0, 1, 5, 9, 8, 1, 0, 0, 0, 0, 0, 0, 0, 0, 1, 2, 2, 0, 0, 0
17:07:29, 1303.90, 30.00, 31.73, 28.508, 0, 0, 0, 1, 0, 1, 4, 7, 6, 1, 0, 0, 0, 0, 0, 0, 0, 0, 0, 2, 1, 0, 0, 0
17:07:30, 1312.20, 30.00, 31.73, 28.508, 0, 0, 0, 1, 0, 1, 3, 6, 5, 1, 0, 0, 0, 0, 0, 0, 0, 0, 0, 1, 1, 0, 0, 0
17:07:31, 1319.20, 29.99, 31.77, 28.531, 0, 0, 0, 1, 0, 0, 3, 5, 4, 0, 0, 0, 0, 0, 0, 0, 0, 0, 0, 1, 1, 0, 0, 0
17:07:31, 1320.30, 29.99, 31.73, 28.555, 0, 0, 0, 0, 0, 0, 2, 5, 3, 0, 0, 0, 0, 0, 0, 0, 0, 0, 0, 1, 1, 0, 0, 0
17:07:32, 1330.60, 29.99, 31.71, 28.555, 0, 0, 0, 1, 0, 0, 2, 4, 4, 0, 0, 0, 0, 0, 0, 0, 0, 0, 0, 1, 0, 0, 0, 0
17:07:33, 1340.80, 29.99, 31.75, 28.562, 0, 0, 0, 0, 0, 0, 2, 3, 3, 0, 0, 0, 0, 0, 0, 0, 0, 0, 0, 1, 0, 0, 0, 0
17:07:33, 1347.30, 29.99, 31.75, 28.562, 0, 0, 0, 0, 0, 0, 1, 3, 2, 0, 0, 0, 0, 0, 0, 0, 0, 0, 0, 0, 0, 0, 0, 0
17:07:34, 1350.10, 29.99, 31.75, 28.562, 0, 0, 0, 0, 0, 0, 1, 3, 2, 0, 0, 0, 0, 0, 0, 0, 0, 0, 0, 0, 0, 0, 0, 0
17:07:35, 1352.60, 29.98, 31.75, 28.523, 0, 0, 0, 0, 0, 0, 1, 2, 2, 0, 0, 0, 0, 0, 0, 0, 0, 0, 0, 0, 0, 0, 0, 0
17:07:35, 1356.40, 29.98, 31.75, 28.500, 0, 0, 0, 0, 0, 0, 1, 2, 2, 0, 0, 0, 0, 0, 0, 0, 0, 0, 0, 0, 0, 0, 0, 0
17:07:36, 1363.60, 29.97, 31.79, 28.500, 0, 0, 0, 0, 0, 0, 1, 2, 2, 0, 0, 0, 0, 0, 0, 0, 0, 0, 0, 0, 0, 0, 0, 0
17:07:37, 1369.40, 29.97, 31.73, 28.477, 0, 0, 0, 0, 0, 0, 1, 2, 1, 0, 0, 0, 0, 0, 0, 0, 0, 0, 0, 0, 0, 0, 0, 0
17:07:37, 1373.70, 29.96, 31.75, 28.477, 0, 0, 0, 0, 0, 0, 1, 2, 1, 0, 0, 0, 0, 0, 0, 0, 0, 0, 0, 0, 0, 0, 0, 0
17:07:38, 1378.90, 29.96, 31.75, 28.477, 0, 0, 0, 0, 0, 0, 1, 2, 1, 0, 0, 0, 0, 0, 0, 0, 0, 0, 0, 0, 0, 0, 0, 0
17:07:39, 1384.00, 29.95, 31.75, 28.461, 0, 0, 0, 0, 0, 0, 1, 2, 1, 0, 0, 0, 0, 0, 0, 0, 0, 0, 0, 0, 0, 0, 0, 0
17:07:39, 1393.10, 29.94, 31.75, 28.453, 0, 0, 0, 0, 0, 0, 1, 2, 1, 0, 0, 0, 0, 0, 0, 0, 0, 0, 0, 0, 0, 0, 0, 0
17:07:40, 1399.50, 29.94, 31.73, 28.453, 0, 0, 0, 0, 0, 0, 1, 1, 1, 0, 0, 0, 0, 0, 0, 0, 0, 0, 0, 0, 0, 0, 0, 0
17:07:41, 1404.40, 29.93, 31.77, 28.445, 0, 0, 0, 0, 0, 0, 1, 1, 1, 0, 0, 0, 0, 0, 0, 0, 0, 0, 0, 0, 0, 0, 0, 0
17:07:41, 1413.40, 29.93, 31.77, 28.453, 0, 0, 0, 0, 0, 0, 1, 1, 1, 0, 0, 0, 0, 0, 0, 0, 0, 0, 0, 0, 0, 0, 0, 0
17:07:42, 1422.00, 29.92, 31.77, 28.453, 0, 0, 0, 0, 0, 0, 1, 1, 1, 0, 0, 0, 0, 0, 0, 0, 0, 0, 0, 0, 0, 0, 0, 0
17:07:43, 1429.50, 29.91, 31.73, 28.437, 0, 0, 0, 0, 0, 0, 1, 1, 1, 0, 0, 0, 0, 0, 0, 0, 0, 0, 0, 0, 0, 0, 0, 0
17:07:43, 1434.60, 29.90, 31.71, 28.437, 0, 0, 0, 0, 0, 0, 1, 1, 1, 0, 0, 0, 0, 0, 0, 0, 0, 0, 0, 0, 0, 0, 0, 0
17:07:44, 1443.50, 29.90, 31.73, 28.437, 0, 0, 0, 0, 0, 0, 1, 1, 1, 0, 0, 0, 0, 0, 0, 0, 0, 0, 0, 0, 0, 0, 0, 0
17:07:45, 1454.90, 29.89, 31.71, 28.445, 0, 0, 0, 0, 0, 0, 0, 1, 1, 0, 0, 0, 0, 0, 0, 0, 0, 0, 0, 0, 0, 0, 0, 0
17:07:45, 1459.30, 29.89, 31.75, 28.445, 0, 0, 0, 0, 0, 0, 0, 1, 0, 0, 0, 0, 0, 0, 0, 0, 0, 0, 0, 0, 0, 0, 0, 0
17:07:46, 1470.00, 29.88, 31.79, 28.445, 0, 0, 0, 0, 0, 0, 0, 1, 0, 0, 0, 0, 0, 0, 0, 0, 0, 0, 0, 0, 0, 0, 0, 0
17:07:47, 1480.50, 29.88, 31.75, 28.437, 0, 0, 0, 0, 0, 0, 0, 1, 0, 0, 0, 0, 0, 0, 0, 0, 0, 0, 0, 0, 0, 0, 0, 0
17:07:47, 1484.00, 29.87, 31.75, 28.437, 0, 0, 0, 0, 0, 0, 0, 1, 0, 0, 0, 0, 0, 0, 0, 0, 0, 0, 0, 0, 0, 0, 0, 0
17:07:48, 1490.60, 29.87, 31.77, 28.437, 0, 0, 0, 0, 0, 0, 0, 0, 0, 0, 0, 0, 0, 0, 0, 0, 0, 0, 0, 0, 0, 0, 0, 0
17:07:49, 1497.50, 29.86, 31.73, 28.437, 0, 0, 0, 0, 0, 0, 0, 0, 0, 0, 0, 0, 0, 0, 0, 0, 0, 0, 0, 0, 0, 0, 0, 0
17:07:49, 1503.50, 29.86, 31.75, 28.437, 0, 0, 0, 0, 0, 0, 0, 0, 0, 0, 0, 0, 0, 0, 0, 0, 0, 0, 0, 0, 0, 0, 0, 0
17:07:50, 1510.30, 29.86, 31.71, 28.430, 0, 0, 0, 0, 0, 0, 0, 0, 0, 0, 0, 0, 0, 0, 0, 0, 0, 0, 0, 0, 0, 0, 0, 0
17:07:51, 1516.00, 29.85, 31.77, 28.437, 0, 0, 0, 0, 0, 0, 0, 0, 0, 0, 0, 0, 0, 0, 0, 0, 0, 0, 0, 0, 0, 0, 0, 0
17:07:51, 1525.90, 29.85, 31.75, 28.437, 0, 0, 0, 0, 0, 0, 0, 0, 0, 0, 0, 0, 0, 0, 0, 0, 0, 0, 0, 0, 0, 0, 0, 0
17:07:52, 1534.30, 29.84, 31.73, 28.430, 0, 0, 0, 0, 0, 0, 0, 0, 0, 0, 0, 0, 0, 0, 0, 0, 0, 0, 0, 0, 0, 0, 0, 0
17:07:53, 1541.20, 29.84, 31.73, 28.437, 0, 0, 0, 0, 0, 0, 0, 0, 0, 0, 0, 0, 0, 0, 0, 0, 0, 0, 0, 0, 0, 0, 0, 0
17:07:53, 1548.70, 29.84, 31.71, 28.437, 0, 0, 0, 0, 0, 0, 0, 0, 0, 0, 0, 0, 0, 0, 0, 0, 0, 0, 0, 0, 0, 0, 0, 0
17:07:54, 1555.90, 29.84, 31.77, 28.430, 0, 0, 0, 0, 0, 0, 0, 0, 0, 0, 0, 0, 0, 0, 0, 0, 0, 0, 0, 0, 0, 0, 0, 0
17:07:55, 1565.40, 29.83, 31.77, 28.430, 0, 0, 0, 0, 0, 0, 0, 0, 0, 0, 0, 0, 0, 0, 0, 0, 0, 0, 0, 0, 0, 0, 0, 0
17:07:55, 1571.40, 29.83, 31.75, 28.430, 0, 0, 0, 0, 0, 0, 0, 0, 0, 0, 0, 0, 0, 0, 0, 0, 0, 0, 0, 0, 0, 0, 0, 0
17:07:56, 1581.70, 29.82, 31.75, 28.430, 0, 0, 0, 0, 0, 0, 0, 0, 0, 0, 0, 0, 0, 0, 0, 0, 0, 0, 0, 0, 0, 0, 0, 0
17:07:57, 1580.60, 29.81, 31.73, 28.430, 0, 0, 0, 0, 0, 0, 0, 0, 0, 0, 0, 0, 0, 0, 0, 0, 0, 0, 0, 0, 0, 0, 0, 0
17:07:57, 1581.70, 29.81, 31.73, 28.430, 0, 0, 0, 0, 0, 0, 0, 0, 0, 0, 0, 0, 0, 0, 0, 0, 0, 0, 0, 0, 0, 0, 0, 0
17:07:58, 1579.40, 29.81, 31.73, 28.422, 0, 0, 0, 0, 0, 0, 0, 0, 0, 0, 0, 0, 0, 0, 0, 0, 0, 0, 0, 0, 0, 0, 0, 0
17:07:59, 1579.00, 29.80, 31.73, 28.430, 0, 0, 0, 0, 0, 0, 0, 0, 0, 0, 0, 0, 0, 0, 0, 0, 0, 0, 0, 0, 0, 0, 0, 0
17:07:00, 1579.90, 29.80, 31.73, 28.430, 0, 0, 0, 0, 0, 0, 0, 0, 0, 0, 0, 0, 0, 0, 0, 0, 0, 0, 0, 0, 0, 0, 0, 0
17:08:00, 1581.40, 29.79, 31.75, 28.430, 0, 0, 0, 0, 0, 0, 0, 0, 0, 0, 0, 0, 0, 0, 0, 0, 0, 0, 0, 0, 0, 0, 0, 0
17:08:01, 1579.20, 29.79, 31.73, 28.430, 0, 0, 0, 0, 0, 0, 0, 0, 0, 0, 0, 0, 0, 0, 0, 0, 0, 0, 0, 0, 0, 0, 0, 0
17:08:02, 1582.00, 29.78, 31.77, 28.430, 0, 0, 0, 0, 0, 0, 0, 0, 0, 0, 0, 0, 0, 0, 0, 0, 0, 0, 0, 0, 0, 0, 0, 0
17:08:02, 1579.60, 29.78, 31.75, 28.422, 0, 0, 0, 0, 0, 0, 0, 0, 0, 0, 0, 0, 0, 0, 0, 0, 0, 0, 0, 0, 0, 0, 0, 0
17:08:03, 1581.80, 29.77, 31.73, 28.430, 0, 0, 0, 0, 0, 0, 0, 0, 0, 0, 0, 0, 0, 0, 0, 0, 0, 0, 0, 0, 0, 0, 0, 0
17:08:04, 1579.40, 29.76, 31.73, 28.430, 0, 0, 0, 0, 0, 0, 0, 0, 0, 0, 0, 0, 0, 0, 0, 0, 0, 0, 0, 0, 0, 0, 0, 0
17:08:04, 1578.70, 29.76, 31.73, 28.422, 0, 0, 0, 0, 0, 0, 0, 0, 0, 0, 0, 0, 0, 0, 0, 0, 0, 0, 0, 0, 0, 0, 0, 0
17:08:05, 1578.10, 29.76, 31.75, 28.430, 0, 0, 0, 0, 0, 0, 0, 0, 0, 0, 0, 0, 0, 0, 0, 0, 0, 0, 0, 0, 0, 0, 0, 0
17:08:06, 1579.70, 29.76, 31.73, 28.430, 0, 0, 0, 0, 0, 0, 0, 0, 0, 0, 0, 0, 0, 0, 0, 0, 0, 0, 0, 0, 0, 0, 0, 0
17:08:06, 1581.20, 29.76, 31.75, 28.430, 0, 0, 0, 0, 0, 0, 0, 0, 0, 0, 0, 0, 0, 0, 0, 0, 0, 0, 0, 0, 0, 0, 0, 0
17:08:07, 1579.00, 29.76, 31.77, 28.430, 0, 0, 0, 0, 0, 0, 0, 0, 0, 0, 0, 0, 0, 0, 0, 0, 0, 0, 0, 0, 0, 0, 0, 0
17:08:08, 1577.90, 29.75, 31.73, 28.430, 0, 0, 0, 0, 0, 0, 0, 0, 0, 0, 0, 0, 0, 0, 0, 0, 0, 0, 0, 0, 0, 0, 0, 0
17:08:08, 1578.50, 29.74, 31.75, 28.422, 0, 0, 0, 0, 0, 0, 0, 0, 0, 0, 0, 0, 0, 0, 0, 0, 0, 0, 0, 0, 0, 0, 0, 0
17:08:09, 1578.30, 29.74, 31.77, 28.430, 0, 0, 0, 0, 0, 0, 0, 0, 0, 0, 0, 0, 0, 0, 0, 0, 0, 0, 0, 0, 0, 0, 0, 0
17:08:10, 1576.80, 29.74, 31.75, 28.430, 0, 0, 0, 0, 0, 0, 0, 0, 0, 0, 0, 0, 0, 0, 0, 0, 0, 0, 0, 0, 0, 0, 0, 0
17:08:10, 1578.20, 29.74, 31.75, 28.422, 0, 0, 0, 0, 0, 0, 0, 0, 0, 0, 0, 0, 0, 0, 0, 0, 0, 0, 0, 0, 0, 0, 0, 0
17:08:11, 1577.40, 29.75, 31.73, 28.422, 0, 0, 0, 0, 0, 0, 0, 0, 0, 0, 0, 0, 0, 0, 0, 0, 0, 0, 0, 0, 0, 0, 0, 0
17:08:12, 1577.30, 29.75, 31.75, 28.422, 0, 0, 0, 0, 0, 0, 0, 0, 0, 0, 0, 0, 0, 0, 0, 0, 0, 0, 0, 0, 0, 0, 0, 0
17:08:12, 1576.90, 29.75, 31.75, 28.422, 0, 0, 0, 0, 0, 0, 0, 0, 0, 0, 0, 0, 0, 0, 0, 0, 0, 0, 0, 0, 0, 0, 0, 0
17:08:13, 1577.90, 29.74, 31.77, 28.430, 0, 0, 0, 0, 0, 0, 0, 0, 0, 0, 0, 0, 0, 0, 0, 0, 0, 0, 0, 0, 0, 0, 0, 0
17:08:14, 1579.00, 29.74, 31.73, 28.430, 0, 0, 0, 0, 0, 0, 0, 0, 0, 0, 0, 0, 0, 0, 0, 0, 0, 0, 0, 0, 0, 0, 0, 0
17:08:14, 1577.20, 29.74, 31.77, 28.430, 0, 0, 0, 0, 0, 0, 0, 0, 0, 0, 0, 0, 0, 0, 0, 0, 0, 0, 0, 0, 0, 0, 0, 0
17:08:15, 1577.50, 29.74, 31.77, 28.422, 0, 0, 0, 0, 0, 0, 0, 0, 0, 0, 0, 0, 0, 0, 0, 0, 0, 0, 0, 0, 0, 0, 0, 0
17:08:16, 1576.70, 29.74, 31.75, 28.422, 0, 0, 0, 0, 0, 0, 0, 0, 0, 0, 0, 0, 0, 0, 0, 0, 0, 0, 0, 0, 0, 0, 0, 0
17:08:16, 1576.50, 29.74, 31.75, 28.422, 0, 0, 0, 0, 0, 0, 0, 0, 0, 0, 0, 0, 0, 0, 0, 0, 0, 0, 0, 0, 0, 0, 0, 0
17:08:17, 1577.20, 29.74, 31.73, 28.422, 0, 0, 0, 0, 0, 0, 0, 0, 0, 0, 0, 0, 0, 0, 0, 0, 0, 0, 0, 0, 0, 0, 0, 0
17:08:18, 1579.60, 29.74, 31.73, 28.430, 0, 0, 0, 0, 0, 0, 0, 0, 0, 0, 0, 0, 0, 0, 0, 0, 0, 0, 0, 0, 0, 0, 0, 0
17:08:18, 1577.80, 29.74, 31.73, 28.422, 0, 0, 0, 0, 0, 0, 0, 0, 0, 0, 0, 0, 0, 0, 0, 0, 0, 0, 0, 0, 0, 0, 0, 0
17:08:19, 1577.50, 29.73, 31.75, 28.422, 0, 0, 0, 0, 0, 0, 0, 0, 0, 0, 0, 0, 0, 0, 0, 0, 0, 0, 0, 0, 0, 0, 0, 0
17:08:20, 1577.30, 29.73, 31.75, 28.430, 0, 0, 0, 0, 0, 0, 0, 0, 0, 0, 0, 0, 0, 0, 0, 0, 0, 0, 0, 0, 0, 0, 0, 0
17:08:20, 1580.50, 29.72, 31.77, 28.422, 0, 0, 0, 0, 0, 0, 0, 0, 0, 0, 0, 0, 0, 0, 0, 0, 0, 0, 0, 0, 0, 0, 0, 0
17:08:21, 1578.70, 29.72, 31.75, 28.422, 0, 0, 0, 0, 0, 0, 0, 0, 0, 0, 0, 0, 0, 0, 0, 0, 0, 0, 0, 0, 0, 0, 0, 0
17:08:22, 1578.70, 29.71, 31.77, 28.430, 0, 0, 0, 0, 0, 0, 0, 0, 0, 0, 0, 0, 0, 0, 0, 0, 0, 0, 0, 0, 0, 0, 0, 0
17:08:22, 1577.00, 29.71, 31.79, 28.430, 0, 0, 0, 0, 0, 0, 0, 0, 0, 0, 0, 0, 0, 0, 0, 0, 0, 0, 0, 0, 0, 0, 0, 0
17:08:23, 1578.40, 29.70, 31.73, 28.430, 0, 0, 0, 0, 0, 0, 0, 0, 0, 0, 0, 0, 0, 0, 0, 0, 0, 0, 0, 0, 0, 0, 0, 0
17:08:24, 1579.50, 29.70, 31.77, 28.422, 0, 0, 0, 0, 0, 0, 0, 0, 0, 0, 0, 0, 0, 0, 0, 0, 0, 0, 0, 0, 0, 0, 0, 0
17:08:24, 1578.10, 29.69, 31.77, 28.430, 0, 0, 0, 0, 0, 0, 0, 0, 0, 0, 0, 0, 0, 0, 0, 0, 0, 0, 0, 0, 0, 0, 0, 0
17:08:25, 1578.30, 29.69, 31.75, 28.430, 0, 0, 0, 0, 0, 0, 0, 0, 0, 0, 0, 0, 0, 0, 0, 0, 0, 0, 0, 0, 0, 0, 0, 0
17:08:26, 1577.40, 29.69, 31.75, 28.422, 0, 0, 0, 0, 0, 0, 0, 0, 0, 0, 0, 0, 0, 0, 0, 0, 0, 0, 0, 0, 0, 0, 0, 0
17:08:26, 1577.70, 29.69, 31.77, 28.422, 0, 0, 0, 0, 0, 0, 0, 0, 0, 0, 0, 0, 0, 0, 0, 0, 0, 0, 0, 0, 0, 0, 0, 0
17:08:27, 1579.20, 29.69, 31.77, 28.422, 0, 0, 0, 0, 0, 0, 0, 0, 0, 0, 0, 0, 0, 0, 0, 0, 0, 0, 0, 0, 0, 0, 0, 0
17:08:28, 1577.90, 29.70, 31.75, 28.430, 0, 0, 0, 0, 0, 0, 0, 0, 0, 0, 0, 0, 0, 0, 0, 0, 0, 0, 0, 0, 0, 0, 0, 0
17:08:28, 1578.60, 29.70, 31.75, 28.430, 0, 0, 0, 0, 0, 0, 0, 0, 0, 0, 0, 0, 0, 0, 0, 0, 0, 0, 0, 0, 0, 0, 0, 0
17:08:29, 1580.40, 29.69, 31.75, 28.430, 0, 0, 0, 0, 0, 0, 0, 0, 0, 0, 0, 0, 0, 0, 0, 0, 0, 0, 0, 0, 0, 0, 0, 0
17:08:30, 1582.00, 29.70, 31.73, 28.422, 0, 0, 0, 0, 0, 0, 0, 0, 0, 0, 0, 0, 0, 0, 0, 0, 0, 0, 0, 0, 0, 0, 0, 0
17:08:30, 1582.10, 29.70, 31.75, 28.430, 0, 0, 0, 0, 0, 0, 0, 0, 0, 0, 0, 0, 0, 0, 0, 0, 0, 0, 0, 0, 0, 0, 0, 0
17:08:31, 1583.20, 29.70, 31.77, 28.430, 0, 0, 0, 0, 0, 0, 0, 0, 0, 0, 0, 0, 0, 0, 0, 0, 0, 0, 0, 0, 0, 0, 0, 0
17:08:32, 1582.30, 29.70, 31.73, 28.422, 0, 0, 0, 0, 0, 0, 0, 0, 0, 0, 0, 0, 0, 0, 0, 0, 0, 0, 0, 0, 0, 0, 0, 0
17:08:32, 1584.30, 29.70, 31.75, 28.430, 0, 0, 0, 0, 0, 0, 0, 0, 0, 0, 0, 0, 0, 0, 0, 0, 0, 0, 0, 0, 0, 0, 0, 0
17:08:33, 1583.20, 29.70, 31.77, 28.430, 0, 0, 0, 0, 0, 0, 0, 0, 0, 0, 0, 0, 0, 0, 0, 0, 0, 0, 0, 0, 0, 0, 0, 0
17:08:34, 1581.40, 29.69, 31.73, 28.422, 0, 0, 0, 0, 0, 0, 0, 0, 0, 0, 0, 0, 0, 0, 0, 0, 0, 0, 0, 0, 0, 0, 0, 0
17:08:34, 1582.30, 29.69, 31.75, 28.430, 0, 0, 0, 0, 0, 0, 0, 0, 0, 0, 0, 0, 0, 0, 0, 0, 0, 0, 0, 0, 0, 0, 0, 0
17:08:35, 1583.30, 29.69, 31.75, 28.430, 0, 0, 0, 0, 0, 0, 0, 0, 0, 0, 0, 0, 0, 0, 0, 0, 0, 0, 0, 0, 0, 0, 0, 0
17:08:36, 1581.60, 29.69, 31.73, 28.422, 0, 0, 0, 0, 0, 0, 0, 0, 0, 0, 0, 0, 0, 0, 0, 0, 0, 0, 0, 0, 0, 0, 0, 0
17:08:36, 1581.60, 29.68, 31.75, 28.437, 0, 0, 0, 0, 0, 0, 0, 0, 0, 0, 0, 0, 0, 0, 0, 0, 0, 0, 0, 0, 0, 0, 0, 0
17:08:37, 1581.50, 29.68, 31.77, 28.437, 0, 0, 0, 0, 0, 0, 0, 0, 0, 0, 0, 0, 0, 0, 0, 0, 0, 0, 0, 0, 0, 0, 0, 0
17:08:38, 1579.70, 29.68, 31.73, 28.430, 0, 0, 0, 0, 0, 0, 0, 0, 0, 0, 0, 0, 0, 0, 0, 0, 0, 0, 0, 0, 0, 0, 0, 0
17:08:38, 1577.00, 29.68, 31.75, 28.430, 0, 0, 0, 0, 0, 0, 0, 0, 0, 0, 0, 0, 0, 0, 0, 0, 0, 0, 0, 0, 0, 0, 0, 0
17:08:39, 1574.10, 29.68, 31.73, 28.430, 0, 0, 0, 0, 0, 0, 0, 0, 0, 0, 0, 0, 0, 0, 0, 0, 0, 0, 0, 0, 0, 0, 0, 0
17:08:40, 1573.70, 29.68, 31.77, 28.422, 0, 0, 0, 0, 0, 0, 0, 0, 0, 0, 0, 0, 0, 0, 0, 0, 0, 0, 0, 0, 0, 0, 0, 0
17:08:40, 1572.60, 29.67, 31.75, 28.430, 0, 0, 0, 0, 0, 0, 0, 0, 0, 0, 0, 0, 0, 0, 0, 0, 0, 0, 0, 0, 0, 0, 0, 0
17:08:41, 1573.70, 29.67, 31.75, 28.430, 0, 0, 0, 0, 0, 0, 0, 0, 0, 0, 0, 0, 0, 0, 0, 0, 0, 0, 0, 0, 0, 0, 0, 0
17:08:42, 1576.80, 29.67, 31.75, 28.422, 0, 0, 0, 0, 0, 0, 0, 0, 0, 0, 0, 0, 0, 0, 0, 0, 0, 0, 0, 0, 0, 0, 0, 0
17:08:42, 1575.00, 29.67, 31.75, 28.430, 0, 0, 0, 0, 0, 0, 0, 0, 0, 0, 0, 0, 0, 0, 0, 0, 0, 0, 0, 0, 0, 0, 0, 0
17:08:43, 1575.90, 29.67, 31.77, 28.430, 0, 0, 0, 0, 0, 0, 0, 0, 0, 0, 0, 0, 0, 0, 0, 0, 0, 0, 0, 0, 0, 0, 0, 0
17:08:44, 1575.50, 29.67, 31.71, 28.430, 0, 0, 0, 0, 0, 0, 0, 0, 0, 0, 0, 0, 0, 0, 0, 0, 0, 0, 0, 0, 0, 0, 0, 0
17:08:44, 1575.00, 29.66, 31.75, 28.430, 0, 0, 0, 0, 0, 0, 0, 0, 0, 0, 0, 0, 0, 0, 0, 0, 0, 0, 0, 0, 0, 0, 0, 0
17:08:45, 1574.10, 29.67, 31.73, 28.430, 0, 0, 0, 0, 0, 0, 0, 0, 0, 0, 0, 0, 0, 0, 0, 0, 0, 0, 0, 0, 0, 0, 0, 0
17:08:46, 1574.30, 29.67, 31.75, 28.437, 0, 0, 0, 0, 0, 0, 0, 0, 0, 0, 0, 0, 0, 0, 0, 0, 0, 0, 0, 0, 0, 0, 0, 0
17:08:46, 1573.80, 29.67, 31.77, 28.437, 0, 0, 0, 0, 0, 0, 0, 0, 0, 0, 0, 0, 0, 0, 0, 0, 0, 0, 0, 0, 0, 0, 0, 0
17:08:47, 1571.60, 29.67, 31.75, 28.437, 0, 0, 0, 0, 0, 0, 0, 0, 0, 0, 0, 0, 0, 0, 0, 0, 0, 0, 0, 0, 0, 0, 0, 0
17:08:48, 1573.20, 29.66, 31.75, 28.437, 0, 0, 0, 0, 0, 0, 0, 0, 0, 0, 0, 0, 0, 0, 0, 0, 0, 0, 0, 0, 0, 0, 0, 0
17:08:48, 1571.80, 29.66, 31.77, 28.437, 0, 0, 0, 0, 0, 0, 0, 0, 0, 0, 0, 0, 0, 0, 0, 0, 0, 0, 0, 0, 0, 0, 0, 0
17:08:49, 1571.80, 29.66, 31.75, 28.437, 0, 0, 0, 0, 0, 0, 0, 0, 0, 0, 0, 0, 0, 0, 0, 0, 0, 0, 0, 0, 0, 0, 0, 0
17:08:50, 1571.50, 29.66, 31.75, 28.437, 0, 0, 0, 0, 0, 0, 0, 0, 0, 0, 0, 0, 0, 0, 0, 0, 0, 0, 0, 0, 0, 0, 0, 0
17:08:50, 1570.50, 29.66, 31.75, 28.430, 0, 0, 0, 0, 0, 0, 0, 0, 0, 0, 0, 0, 0, 0, 0, 0, 0, 0, 0, 0, 0, 0, 0, 0
17:08:51, 1570.80, 29.66, 31.77, 28.430, 0, 0, 0, 0, 0, 0, 0, 0, 0, 0, 0, 0, 0, 0, 0, 0, 0, 0, 0, 0, 0, 0, 0, 0
17:08:52, 1570.70, 29.66, 31.73, 28.430, 0, 0, 0, 0, 0, 0, 0, 0, 0, 0, 0, 0, 0, 0, 0, 0, 0, 0, 0, 0, 0, 0, 0, 0
17:08:52, 1570.60, 29.66, 31.75, 28.437, 0, 0, 0, 0, 0, 0, 0, 0, 0, 0, 0, 0, 0, 0, 0, 0, 0, 0, 0, 0, 0, 0, 0, 0
17:08:53, 1568.50, 29.66, 31.75, 28.437, 0, 0, 0, 0, 0, 0, 0, 0, 0, 0, 0, 0, 0, 0, 0, 0, 0, 0, 0, 0, 0, 0, 0, 0
17:08:54, 1569.20, 29.65, 31.70, 28.430, 0, 0, 0, 0, 0, 0, 0, 0, 0, 0, 0, 0, 0, 0, 0, 0, 0, 0, 0, 0, 0, 0, 0, 0
17:08:54, 1569.90, 29.65, 31.75, 28.437, 0, 0, 0, 0, 0, 0, 0, 0, 0, 0, 0, 0, 0, 0, 0, 0, 0, 0, 0, 0, 0, 0, 0, 0
17:08:55, 1565.40, 29.65, 31.75, 28.437, 0, 0, 0, 0, 0, 0, 0, 0, 0, 0, 0, 0, 0, 0, 0, 0, 0, 0, 0, 0, 0, 0, 0, 0
17:08:56, 1568.70, 29.65, 31.71, 28.430, 0, 0, 0, 0, 0, 0, 0, 0, 0, 0, 0, 0, 0, 0, 0, 0, 0, 0, 0, 0, 0, 0, 0, 0
17:08:56, 1569.50, 29.64, 31.73, 28.430, 0, 0, 0, 0, 0, 0, 0, 0, 0, 0, 0, 0, 0, 0, 0, 0, 0, 0, 0, 0, 0, 0, 0, 0
17:08:57, 1570.00, 29.64, 31.75, 28.430, 0, 0, 0, 0, 0, 0, 0, 0, 0, 0, 0, 0, 0, 0, 0, 0, 0, 0, 0, 0, 0, 0, 0, 0
17:08:58, 1569.00, 29.64, 31.75, 28.430, 0, 0, 0, 0, 0, 0, 0, 0, 0, 0, 0, 0, 0, 0, 0, 0, 0, 0, 0, 0, 0, 0, 0, 0
17:08:58, 1570.60, 29.64, 31.71, 28.430, 0, 0, 0, 0, 0, 0, 0, 0, 0, 0, 0, 0, 0, 0, 0, 0, 0, 0, 0, 0, 0, 0, 0, 0
17:08:59, 1570.30, 29.64, 31.75, 28.430, 0, 0, 0, 0, 0, 0, 0, 0, 0, 0, 0, 0, 0, 0, 0, 0, 0, 0, 0, 0, 0, 0, 0, 0
17:09:00, 1571.70, 29.64, 31.75, 28.430, 0, 0, 0, 0, 0, 0, 0, 0, 0, 0, 0, 0, 0, 0, 0, 0, 0, 0, 0, 0, 0, 0, 0, 0
17:09:01, 1571.90, 29.64, 31.73, 28.430, 0, 0, 0, 0, 0, 0, 0, 0, 0, 0, 0, 0, 0, 0, 0, 0, 0, 0, 0, 0, 0, 0, 0, 0
17:09:01, 1572.10, 29.65, 31.73, 28.430, 0, 0, 0, 0, 0, 0, 0, 0, 0, 0, 0, 0, 0, 0, 0, 0, 0, 0, 0, 0, 0, 0, 0, 0
17:09:02, 1571.80, 29.65, 31.75, 28.430, 0, 0, 0, 0, 0, 0, 0, 0, 0, 0, 0, 0, 0, 0, 0, 0, 0, 0, 0, 0, 0, 0, 0, 0
17:09:03, 1572.70, 29.65, 31.73, 28.430, 0, 0, 0, 0, 0, 0, 0, 0, 0, 0, 0, 0, 0, 0, 0, 0, 0, 0, 0, 0, 0, 0, 0, 0
17:09:03, 1572.90, 29.65, 31.73, 28.422, 0, 0, 0, 0, 0, 0, 0, 0, 0, 0, 0, 0, 0, 0, 0, 0, 0, 0, 0, 0, 0, 0, 0, 0
17:09:04, 1572.50, 29.65, 31.75, 28.437, 0, 0, 0, 0, 0, 0, 0, 0, 0, 0, 0, 0, 0, 0, 0, 0, 0, 0, 0, 0, 0, 0, 0, 0
17:09:05, 1574.50, 29.65, 31.71, 28.437, 0, 0, 0, 0, 0, 0, 0, 0, 0, 0, 0, 0, 0, 0, 0, 0, 0, 0, 0, 0, 0, 0, 0, 0
17:09:05, 1575.60, 29.65, 31.77, 28.430, 0, 0, 0, 0, 0, 0, 0, 0, 0, 0, 0, 0, 0, 0, 0, 0, 0, 0, 0, 0, 0, 0, 0, 0
17:09:06, 1576.20, 29.65, 31.75, 28.430, 0, 0, 0, 0, 0, 0, 0, 0, 0, 0, 0, 0, 0, 0, 0, 0, 0, 0, 0, 0, 0, 0, 0, 0
17:09:07, 1573.60, 29.65, 31.75, 28.430, 0, 0, 0, 0, 0, 0, 0, 0, 0, 0, 0, 0, 0, 0, 0, 0, 0, 0, 0, 0, 0, 0, 0, 0
17:09:07, 1579.40, 29.64, 31.73, 28.430, 0, 0, 0, 0, 0, 0, 0, 0, 0, 0, 0, 0, 0, 0, 0, 0, 0, 0, 0, 0, 0, 0, 0, 0
17:09:08, 1579.00, 29.64, 31.75, 28.430, 0, 0, 0, 0, 0, 0, 0, 0, 0, 0, 0, 0, 0, 0, 0, 0, 0, 0, 0, 0, 0, 0, 0, 0
17:09:09, 1580.00, 29.63, 31.73, 28.430, 0, 0, 0, 0, 0, 0, 0, 0, 0, 0, 0, 0, 0, 0, 0, 0, 0, 0, 0, 0, 0, 0, 0, 0
17:09:09, 1577.80, 29.63, 31.73, 28.422, 0, 0, 0, 0, 0, 0, 0, 0, 0, 0, 0, 0, 0, 0, 0, 0, 0, 0, 0, 0, 0, 0, 0, 0
17:09:10, 1585.40, 29.63, 31.73, 28.430, 0, 0, 0, 0, 0, 0, 0, 0, 0, 0, 0, 0, 0, 0, 0, 0, 0, 0, 0, 0, 0, 0, 0, 0
17:09:11, 1585.60, 29.62, 31.75, 28.430, 0, 0, 0, 0, 0, 0, 0, 0, 0, 0, 0, 0, 0, 0, 0, 0, 0, 0, 0, 0, 0, 0, 0, 0
17:09:11, 1588.90, 29.62, 31.75, 28.422, 0, 0, 0, 0, 0, 0, 0, 0, 0, 0, 0, 0, 0, 0, 0, 0, 0, 0, 0, 0, 0, 0, 0, 0
17:09:12, 1588.10, 29.61, 31.73, 28.430, 0, 0, 0, 0, 0, 0, 0, 0, 0, 0, 0, 0, 0, 0, 0, 0, 0, 0, 0, 0, 0, 0, 0, 0
17:09:13, 1586.00, 29.61, 31.75, 28.430, 0, 0, 0, 0, 0, 0, 0, 0, 0, 0, 0, 0, 0, 0, 0, 0, 0, 0, 0, 0, 0, 0, 0, 0
17:09:13, 1584.00, 29.61, 31.75, 28.430, 0, 0, 0, 0, 0, 0, 0, 0, 0, 0, 0, 0, 0, 0, 0, 0, 0, 0, 0, 0, 0, 0, 0, 0
17:09:14, 1585.40, 29.60, 31.73, 28.430, 0, 0, 0, 0, 0, 0, 0, 0, 0, 0, 0, 0, 0, 0, 0, 0, 0, 0, 0, 0, 0, 0, 0, 0
17:09:15, 1587.10, 29.60, 31.71, 28.430, 0, 0, 0, 0, 0, 0, 0, 0, 0, 0, 0, 0, 0, 0, 0, 0, 0, 0, 0, 0, 0, 0, 0, 0
17:09:15, 1586.00, 29.60, 31.73, 28.430, 0, 0, 0, 0, 0, 0, 0, 0, 0, 0, 0, 0, 0, 0, 0, 0, 0, 0, 0, 0, 0, 0, 0, 0
17:09:16, 1586.60, 29.60, 31.75, 28.430, 0, 0, 0, 0, 0, 0, 0, 0, 0, 0, 0, 0, 0, 0, 0, 0, 0, 0, 0, 0, 0, 0, 0, 0
17:09:17, 1587.80, 29.60, 31.71, 28.430, 0, 0, 0, 0, 0, 0, 0, 0, 0, 0, 0, 0, 0, 0, 0, 0, 0, 0, 0, 0, 0, 0, 0, 0
17:09:17, 1590.20, 29.59, 31.75, 28.430, 0, 0, 0, 0, 0, 0, 0, 0, 0, 0, 0, 0, 0, 0, 0, 0, 0, 0, 0, 0, 0, 0, 0, 0
17:09:18, 1589.80, 29.59, 31.73, 28.430, 0, 0, 0, 0, 0, 0, 0, 0, 0, 0, 0, 0, 0, 0, 0, 0, 0, 0, 0, 0, 0, 0, 0, 0
17:09:19, 1592.40, 29.59, 31.73, 28.430, 0, 0, 0, 0, 0, 0, 0, 0, 0, 0, 0, 0, 0, 0, 0, 0, 0, 0, 0, 0, 0, 0, 0, 0
17:09:19, 1593.60, 29.59, 31.71, 28.430, 0, 0, 0, 0, 0, 0, 0, 0, 0, 0, 0, 0, 0, 0, 0, 0, 0, 0, 0, 0, 0, 0, 0, 0
17:09:20, 1600.60, 29.58, 31.75, 28.437, 0, 0, 0, 0, 0, 0, 0, 0, 0, 0, 0, 0, 0, 0, 0, 0, 0, 0, 0, 0, 0, 0, 0, 0
17:09:21, 1600.40, 29.57, 31.73, 28.437, 0, 0, 0, 0, 0, 0, 0, 0, 0, 0, 0, 0, 0, 0, 0, 0, 0, 0, 0, 0, 0, 0, 0, 0
17:09:21, 1600.50, 29.56, 31.73, 28.430, 0, 0, 0, 0, 0, 0, 0, 0, 0, 0, 0, 0, 0, 0, 0, 0, 0, 0, 0, 0, 0, 0, 0, 0
17:09:22, 1601.50, 29.56, 31.73, 28.430, 0, 0, 0, 0, 0, 0, 0, 0, 0, 0, 0, 0, 0, 0, 0, 0, 0, 0, 0, 0, 0, 0, 0, 0
17:09:23, 1604.90, 29.56, 31.75, 28.430, 0, 0, 0, 0, 0, 0, 0, 0, 0, 0, 0, 0, 0, 0, 0, 0, 0, 0, 0, 0, 0, 0, 0, 0
17:09:23, 1606.60, 29.55, 31.75, 28.430, 0, 0, 0, 0, 0, 0, 0, 0, 0, 0, 0, 0, 0, 0, 0, 0, 0, 0, 0, 0, 0, 0, 0, 0
17:09:24, 1607.10, 29.55, 31.71, 28.430, 0, 0, 0, 0, 0, 0, 0, 0, 0, 0, 0, 0, 0, 0, 0, 0, 0, 0, 0, 0, 0, 0, 0, 0
17:09:25, 1609.50, 29.55, 31.73, 28.430, 0, 0, 0, 0, 0, 0, 0, 0, 0, 0, 0, 0, 0, 0, 0, 0, 0, 0, 0, 0, 0, 0, 0, 0
17:09:25, 1613.40, 29.55, 31.73, 28.422, 0, 0, 0, 0, 0, 0, 0, 0, 0, 0, 0, 0, 0, 0, 0, 0, 0, 0, 0, 0, 0, 0, 0, 0
17:09:26, 1613.30, 29.55, 31.70, 28.430, 0, 0, 0, 0, 0, 0, 0, 0, 0, 0, 0, 0, 0, 0, 0, 0, 0, 0, 0, 0, 0, 0, 0, 0
17:09:27, 1606.80, 29.55, 31.71, 28.430, 0, 0, 0, 0, 0, 0, 0, 0, 0, 0, 0, 0, 0, 0, 0, 0, 0, 0, 0, 0, 0, 0, 0, 0
17:09:27, 1595.20, 29.55, 31.73, 28.414, 0, 0, 0, 0, 0, 0, 0, 0, 0, 0, 0, 0, 0, 0, 0, 0, 0, 0, 0, 0, 0, 0, 0, 0
17:09:28, 1585.40, 29.55, 31.75, 28.422, 0, 0, 0, 0, 0, 0, 0, 0, 0, 0, 0, 0, 0, 0, 0, 0, 0, 0, 0, 0, 0, 0, 0, 0
17:09:29, 1576.50, 29.55, 31.73, 28.422, 0, 0, 0, 0, 0, 0, 0, 0, 0, 0, 0, 0, 0, 0, 0, 0, 0, 0, 0, 0, 0, 0, 0, 0
17:09:29, 1568.20, 29.56, 31.73, 28.422, 0, 0, 0, 0, 0, 0, 0, 0, 0, 0, 0, 0, 0, 0, 0, 0, 0, 0, 0, 0, 0, 0, 0, 0
17:09:30, 1564.50, 29.56, 31.73, 28.422, 0, 0, 0, 0, 0, 0, 0, 0, 0, 0, 0, 0, 0, 0, 0, 0, 0, 0, 0, 0, 0, 0, 0, 0
17:09:31, 1574.40, 29.56, 31.71, 28.422, 0, 0, 0, 0, 0, 0, 0, 0, 0, 0, 0, 0, 0, 0, 0, 0, 0, 0, 0, 0, 0, 0, 0, 0
17:09:31, 1575.00, 29.56, 31.71, 28.422, 0, 0, 0, 0, 0, 0, 0, 0, 0, 0, 0, 0, 0, 0, 0, 0, 0, 0, 0, 0, 0, 0, 0, 0
17:09:32, 1568.40, 29.55, 31.73, 28.422, 0, 0, 0, 0, 0, 0, 0, 0, 0, 0, 0, 0, 0, 0, 0, 0, 0, 0, 0, 0, 0, 0, 0, 0
17:09:33, 1558.10, 29.55, 31.73, 28.422, 0, 0, 0, 0, 0, 0, 0, 0, 0, 0, 0, 0, 0, 0, 0, 0, 0, 0, 0, 0, 0, 0, 0, 0
17:09:33, 1551.20, 29.55, 31.71, 28.414, 0, 0, 0, 0, 0, 0, 0, 0, 0, 0, 0, 0, 0, 0, 0, 0, 0, 0, 0, 0, 0, 0, 0, 0
17:09:34, 1548.60, 29.55, 31.71, 28.414, 0, 0, 0, 0, 0, 0, 0, 0, 0, 0, 0, 0, 0, 0, 0, 0, 0, 0, 0, 0, 0, 0, 0, 0
17:09:35, 1547.00, 29.54, 31.70, 28.414, 0, 0, 0, 0, 0, 0, 0, 0, 0, 0, 0, 0, 0, 0, 0, 0, 0, 0, 0, 0, 0, 0, 0, 0
17:09:35, 1548.70, 29.54, 31.73, 28.414, 0, 0, 0, 0, 0, 0, 0, 0, 0, 0, 0, 0, 0, 0, 0, 0, 0, 0, 0, 0, 0, 0, 0, 0
17:09:36, 1550.40, 29.54, 31.71, 28.422, 0, 0, 0, 0, 0, 0, 0, 0, 0, 0, 0, 0, 0, 0, 0, 0, 0, 0, 0, 0, 0, 0, 0, 0
17:09:37, 1542.10, 29.54, 31.71, 28.422, 0, 0, 0, 0, 0, 0, 0, 0, 0, 0, 0, 0, 0, 0, 0, 0, 0, 0, 0, 0, 0, 0, 0, 0
17:09:37, 1539.30, 29.54, 31.70, 28.414, 0, 0, 0, 0, 0, 0, 0, 0, 0, 0, 0, 0, 0, 0, 0, 0, 0, 0, 0, 0, 0, 0, 0, 0
17:09:38, 1528.90, 29.54, 31.75, 28.414, 0, 0, 0, 0, 0, 0, 0, 0, 0, 0, 0, 0, 0, 0, 0, 0, 0, 0, 0, 0, 0, 0, 0, 0
17:09:39, 1522.80, 29.54, 31.73, 28.414, 0, 0, 0, 0, 0, 0, 0, 0, 0, 0, 0, 0, 0, 0, 0, 0, 0, 0, 0, 0, 0, 0, 0, 0
17:09:39, 1511.40, 29.54, 31.75, 28.414, 0, 0, 0, 0, 0, 0, 0, 0, 0, 0, 0, 0, 0, 0, 0, 0, 0, 0, 0, 0, 0, 0, 0, 0
17:09:40, 1506.80, 29.54, 31.75, 28.422, 0, 0, 0, 0, 0, 0, 0, 0, 0, 0, 0, 0, 0, 0, 0, 0, 0, 0, 0, 0, 0, 0, 0, 0
17:09:41, 1506.60, 29.54, 31.73, 28.422, 0, 0, 0, 0, 0, 0, 0, 0, 0, 0, 0, 0, 0, 0, 0, 0, 0, 0, 0, 0, 0, 0, 0, 0
17:09:41, 1506.50, 29.55, 31.73, 28.414, 0, 0, 0, 0, 0, 0, 0, 0, 0, 0, 0, 0, 0, 0, 0, 0, 0, 0, 0, 0, 0, 0, 0, 0
17:09:42, 1507.50, 29.54, 31.73, 28.414, 0, 0, 0, 0, 0, 0, 0, 0, 0, 0, 0, 0, 0, 0, 0, 0, 0, 0, 0, 0, 0, 0, 0, 0
17:09:43, 1503.30, 29.55, 31.71, 28.414, 0, 0, 0, 0, 0, 0, 0, 0, 0, 0, 0, 0, 0, 0, 0, 0, 0, 0, 0, 0, 0, 0, 0, 0
17:09:43, 1497.90, 29.55, 31.75, 28.414, 0, 0, 0, 0, 0, 0, 0, 0, 0, 0, 0, 0, 0, 0, 0, 0, 0, 0, 0, 0, 0, 0, 0, 0
17:09:44, 1494.30, 29.54, 31.71, 28.414, 0, 0, 0, 0, 0, 0, 0, 0, 0, 0, 0, 0, 0, 0, 0, 0, 0, 0, 0, 0, 0, 0, 0, 0
17:09:45, 1485.50, 29.55, 31.71, 28.422, 0, 0, 0, 0, 0, 0, 0, 0, 0, 0, 0, 0, 0, 0, 0, 0, 0, 0, 0, 0, 0, 0, 0, 0
17:09:46, 1480.90, 29.55, 31.71, 28.414, 0, 0, 0, 0, 0, 0, 0, 0, 0, 0, 0, 0, 0, 0, 0, 0, 0, 0, 0, 0, 0, 0, 0, 0
17:09:46, 1471.90, 29.55, 31.68, 28.414, 0, 0, 0, 0, 0, 0, 0, 0, 0, 0, 0, 0, 0, 0, 0, 0, 0, 0, 0, 0, 0, 0, 0, 0
17:09:47, 1467.20, 29.56, 31.70, 28.422, 0, 0, 0, 0, 0, 0, 0, 0, 0, 0, 0, 0, 0, 0, 0, 0, 0, 0, 0, 0, 0, 0, 0, 0
17:09:48, 1465.30, 29.56, 31.70, 28.414, 0, 0, 0, 0, 0, 0, 0, 0, 0, 0, 0, 0, 0, 0, 0, 0, 0, 0, 0, 0, 0, 0, 0, 0
17:09:48, 1462.10, 29.56, 31.73, 28.414, 0, 0, 0, 0, 0, 0, 0, 0, 0, 0, 0, 0, 0, 0, 0, 0, 0, 0, 0, 0, 0, 0, 0, 0
17:09:49, 1461.60, 29.55, 31.70, 28.422, 0, 0, 0, 0, 0, 0, 0, 0, 0, 0, 0, 0, 0, 0, 0, 0, 0, 0, 0, 0, 0, 0, 0, 0
17:09:50, 1460.70, 29.56, 31.71, 28.422, 0, 0, 0, 0, 0, 0, 0, 0, 0, 0, 0, 0, 0, 0, 0, 0, 0, 0, 0, 0, 0, 0, 0, 0
17:09:50, 1457.00, 29.56, 31.73, 28.422, 0, 0, 0, 0, 0, 0, 0, 0, 0, 0, 0, 0, 0, 0, 0, 0, 0, 0, 0, 0, 0, 0, 0, 0
17:09:51, 1455.50, 29.56, 31.70, 28.414, 0, 0, 0, 0, 0, 0, 0, 0, 0, 0, 0, 0, 0, 0, 0, 0, 0, 0, 0, 0, 0, 0, 0, 0
17:09:52, 1456.80, 29.56, 31.71, 28.422, 0, 0, 0, 0, 0, 0, 0, 0, 0, 0, 0, 0, 0, 0, 0, 0, 0, 0, 0, 0, 0, 0, 0, 0
17:09:52, 1450.70, 29.56, 31.71, 28.422, 0, 0, 0, 0, 0, 0, 0, 0, 0, 0, 0, 0, 0, 0, 0, 0, 0, 0, 0, 0, 0, 0, 0, 0
17:09:53, 1446.80, 29.56, 31.73, 28.414, 0, 0, 0, 0, 0, 0, 0, 0, 0, 0, 0, 0, 0, 0, 0, 0, 0, 0, 0, 0, 0, 0, 0, 0
17:09:54, 1446.20, 29.56, 31.71, 28.422, 0, 0, 0, 0, 0, 0, 0, 0, 0, 0, 0, 0, 0, 0, 0, 0, 0, 0, 0, 0, 0, 0, 0, 0
17:09:54, 1446.60, 29.56, 31.70, 28.422, 0, 0, 0, 0, 0, 0, 0, 0, 0, 0, 0, 0, 0, 0, 0, 0, 0, 0, 0, 0, 0, 0, 0, 0
17:09:55, 1445.40, 29.56, 31.70, 28.422, 0, 0, 0, 0, 0, 0, 0, 0, 0, 0, 0, 0, 0, 0, 0, 0, 0, 0, 0, 0, 0, 0, 0, 0
17:09:56, 1441.20, 29.56, 31.75, 28.422, 0, 0, 0, 0, 0, 0, 0, 0, 0, 0, 0, 0, 0, 0, 0, 0, 0, 0, 0, 0, 0, 0, 0, 0
17:09:56, 1440.40, 29.56, 31.73, 28.422, 0, 0, 0, 0, 0, 0, 0, 1, 0, 0, 0, 0, 0, 0, 0, 0, 0, 0, 0, 0, 0, 0, 0, 0
17:09:57, 1438.10, 29.56, 31.71, 28.414, 0, 0, 0, 0, 0, 0, 0, 0, 0, 0, 0, 0, 0, 0, 0, 0, 0, 0, 0, 0, 0, 0, 0, 0
17:09:58, 1432.90, 29.56, 31.71, 28.422, 0, 0, 0, 0, 0, 0, 0, 1, 0, 0, 0, 0, 0, 0, 0, 0, 0, 0, 0, 0, 0, 0, 0, 0
17:09:58, 1434.30, 29.56, 31.71, 28.422, 0, 0, 0, 0, 0, 0, 0, 1, 0, 0, 0, 0, 0, 0, 0, 0, 0, 0, 0, 0, 0, 0, 0, 0
17:09:59, 1427.10, 29.56, 31.71, 28.414, 0, 0, 0, 0, 0, 0, 0, 1, 0, 0, 0, 0, 0, 0, 0, 0, 0, 0, 0, 0, 0, 0, 0, 0
17:10:00, 1419.90, 29.56, 31.70, 28.430, 0, 0, 0, 0, 0, 0, 0, 1, 0, 0, 0, 0, 0, 0, 0, 0, 0, 0, 0, 0, 0, 0, 0, 0
17:10:00, 1414.90, 29.56, 31.71, 28.430, 0, 0, 0, 0, 0, 0, 0, 1, 0, 0, 0, 0, 0, 0, 0, 0, 0, 0, 0, 0, 0, 0, 0, 0
17:10:01, 1410.50, 29.56, 31.73, 28.414, 0, 0, 0, 0, 0, 0, 0, 1, 0, 0, 0, 0, 0, 0, 0, 0, 0, 0, 0, 0, 0, 0, 0, 0
17:10:02, 1408.70, 29.56, 31.75, 28.422, 0, 0, 0, 0, 0, 0, 0, 1, 1, 0, 0, 0, 0, 0, 0, 0, 0, 0, 0, 0, 0, 0, 0, 0
17:10:02, 1402.90, 29.56, 31.73, 28.422, 0, 0, 0, 0, 0, 0, 0, 1, 1, 0, 0, 0, 0, 0, 0, 0, 0, 0, 0, 0, 0, 0, 0, 0
17:10:03, 1401.30, 29.55, 31.70, 28.422, 0, 0, 0, 0, 0, 0, 0, 1, 1, 0, 0, 0, 0, 0, 0, 0, 0, 0, 0, 0, 0, 0, 0, 0
17:10:04, 1397.90, 29.56, 31.75, 28.430, 0, 0, 0, 0, 0, 0, 1, 1, 1, 0, 0, 0, 0, 0, 0, 0, 0, 0, 0, 0, 0, 0, 0, 0
17:10:04, 1396.70, 29.56, 31.70, 28.430, 0, 0, 0, 0, 0, 0, 1, 0, 1, 0, 0, 0, 0, 0, 0, 0, 0, 0, 0, 0, 0, 0, 0, 0
17:10:05, 1390.30, 29.56, 31.70, 28.430, 0, 0, 0, 0, 0, 0, 1, 1, 1, 0, 0, 0, 0, 0, 0, 0, 0, 0, 0, 0, 0, 0, 0, 0
17:10:06, 1387.80, 29.56, 31.71, 28.437, 0, 0, 0, 0, 0, 0, 1, 0, 1, 0, 0, 0, 0, 0, 0, 0, 0, 0, 0, 0, 0, 0, 0, 0
17:10:06, 1383.10, 29.56, 31.70, 28.437, 0, 0, 0, 0, 0, 0, 1, 1, 1, 0, 0, 0, 0, 0, 0, 0, 0, 0, 0, 0, 0, 0, 0, 0
17:10:07, 1375.80, 29.56, 31.71, 28.430, 0, 0, 0, 0, 0, 0, 1, 1, 1, 0, 0, 0, 0, 0, 0, 0, 0, 0, 0, 0, 0, 0, 0, 0
17:10:08, 1370.80, 29.56, 31.70, 28.445, 0, 0, 0, 0, 0, 0, 1, 2, 1, 0, 0, 0, 0, 0, 0, 0, 0, 0, 0, 0, 0, 0, 0, 0
17:10:08, 1366.80, 29.57, 31.70, 28.445, 0, 0, 0, 0, 0, 0, 1, 2, 1, 0, 0, 0, 0, 0, 0, 0, 0, 0, 0, 0, 0, 0, 0, 0
17:10:09, 1358.10, 29.57, 31.71, 28.437, 0, 0, 0, 0, 0, 0, 1, 1, 1, 0, 0, 0, 0, 0, 0, 0, 0, 0, 0, 0, 0, 0, 0, 0
17:10:10, 1354.50, 29.57, 31.68, 28.445, 0, 0, 0, 0, 0, 0, 1, 1, 1, 0, 0, 0, 0, 0, 0, 0, 0, 0, 0, 0, 0, 0, 0, 0
17:10:10, 1350.70, 29.57, 31.71, 28.445, 0, 0, 0, 0, 0, 0, 1, 2, 1, 0, 0, 0, 0, 0, 0, 0, 0, 0, 0, 0, 0, 0, 0, 0
17:10:11, 1342.50, 29.57, 31.70, 28.430, 0, 0, 0, 0, 0, 0, 1, 2, 2, 0, 0, 0, 0, 0, 0, 0, 0, 0, 0, 0, 0, 0, 0, 0
17:10:12, 1338.40, 29.57, 31.71, 28.437, 0, 0, 0, 0, 0, 0, 1, 3, 2, 0, 0, 0, 0, 0, 0, 0, 0, 0, 0, 0, 0, 0, 0, 0
17:10:12, 1332.60, 29.56, 31.70, 28.437, 0, 0, 0, 0, 0, 0, 1, 3, 2, 0, 0, 0, 0, 0, 0, 0, 0, 0, 0, 1, 0, 0, 0, 0
17:10:13, 1327.60, 29.56, 31.68, 28.422, 0, 0, 0, 0, 0, 0, 2, 3, 3, 0, 0, 0, 0, 0, 0, 0, 0, 0, 0, 1, 0, 0, 0, 0
17:10:14, 1327.30, 29.56, 31.70, 28.422, 0, 0, 0, 0, 0, 0, 2, 4, 3, 0, 0, 0, 0, 0, 0, 0, 0, 0, 0, 1, 1, 0, 0, 0
17:10:14, 1327.40, 29.56, 31.68, 28.422, 0, 0, 0, 0, 0, 0, 2, 4, 3, 0, 0, 0, 0, 0, 0, 0, 0, 0, 0, 1, 1, 0, 0, 0
17:10:15, 1323.40, 29.57, 31.68, 28.430, 0, 0, 0, 0, 0, 0, 2, 4, 3, 0, 0, 0, 0, 0, 0, 0, 0, 0, 0, 1, 1, 0, 0, 0
17:10:16, 1318.70, 29.57, 31.66, 28.430, 0, 0, 0, 0, 0, 0, 2, 5, 3, 0, 0, 0, 0, 0, 0, 0, 0, 0, 0, 1, 1, 0, 0, 0
17:10:16, 1307.60, 29.57, 31.68, 28.430, 0, 0, 0, 0, 0, 0, 3, 6, 4, 0, 0, 0, 0, 0, 0, 0, 0, 0, 0, 2, 1, 0, 0, 0
17:10:17, 1303.40, 29.56, 31.68, 28.422, 0, 0, 0, 1, 0, 1, 4, 8, 6, 1, 0, 0, 0, 0, 0, 0, 0, 0, 0, 2, 2, 0, 0, 0
17:10:18, 1299.00, 29.56, 31.68, 28.422, 0, 0, 0, 1, 0, 1, 4, 9, 7, 1, 0, 0, 0, 0, 0, 0, 0, 0, 1, 3, 2, 0, 0, 0
17:10:18, 1289.90, 29.56, 31.70, 28.422, 0, 0, 1, 1, 0, 1, 5, 10, 8, 1, 0, 0, 0, 0, 0, 0, 0, 0, 1, 3, 2, 0, 0, 0
17:10:19, 1275.10, 29.56, 31.66, 28.422, 0, 0, 1, 1, 0, 2, 7, 13, 10, 1, 0, 0, 0, 0, 0, 0, 0, 0, 2, 6, 4, 0, 0, 0
17:10:20, 1272.80, 29.56, 31.71, 28.422, 0, 0, 1, 0, 1, 3, 9, 19, 16, 1, 0, 0, 0, 0, 0, 0, 0, 0, 2, 6, 5, 0, 0, 0
17:10:20, 1271.50, 29.56, 31.66, 28.422, 0, 0, 1, 1, 1, 3, 9, 19, 15, 1, 0, 0, 0, 0, 0, 0, 0, 0, 3, 7, 5, 0, 0, 0
17:10:21, 1269.00, 29.56, 31.66, 28.422, 0, 0, 1, 1, 1, 3, 10, 21, 17, 2, 0, 0, 0, 0, 0, 0, 0, 0, 3, 7, 6, 0, 0, 0
17:10:22, 1255.00, 29.56, 31.70, 28.430, 0, 0, 1, 1, 2, 4, 13, 25, 21, 2, 0, 0, 0, 0, 0, 0, 1, 1, 6, 12, 10, 0, 0, 0
17:10:22, 1247.90, 29.56, 31.70, 28.430, 1, 1, 1, 2, 3, 8, 22, 43, 35, 3, 0, 0, 0, 0, 0, 0, 1, 2, 8, 16, 14, 1, 0, 0
17:10:23, 1247.60, 29.56, 31.70, 28.422, 1, 1, 2, 2, 4, 10, 27, 51, 47, 4, 0, 0, 0, 0, 0, 0, 1, 2, 7, 16, 13, 1, 0, 0
17:10:24, 1234.30, 29.55, 31.70, 28.422, 1, 1, 2, 2, 5, 12, 31, 57, 47, 4, 0, 0, 0, 0, 0, 0, 2, 4, 13, 26, 22, 1, 0, 0
17:10:24, 1228.10, 29.55, 31.70, 28.422, 2, 2, 3, 3, 7, 16, 41, 75, 60, 5, 0, 0, 1, 0, 0, 0, 2, 5, 15, 30, 26, 2, 0, 0
17:10:25, 1224.90, 29.55, 31.68, 28.422, 2, 2, 3, 3, 8, 16, 42, 76, 65, 6, 0, 0, 1, 0, 0, 0, 2, 5, 15, 30, 26, 2, 0, 0
17:10:26, 1221.30, 29.55, 31.70, 28.430, 2, 2, 3, 3, 7, 16, 41, 75, 62, 6, 0, 0, 1, 0, 0, 0, 2, 5, 15, 30, 26, 2, 0, 0
17:10:26, 1214.80, 29.55, 31.71, 28.430, 2, 2, 3, 2, 8, 17, 42, 76, 61, 5, 0, 0, 1, 0, 0, 1, 3, 6, 18, 35, 30, 2, 0, 0
17:10:27, 1208.90, 29.55, 31.68, 28.422, 2, 2, 3, 4, 9, 20, 49, 88, 73, 7, 0, 0, 1, 0, 1, 1, 3, 7, 20, 38, 33, 3, 0, 0
17:10:28, 1203.10, 29.55, 31.66, 28.430, 2, 2, 3, 4, 10, 22, 52, 94, 78, 7, 0, 0, 1, 1, 1, 1, 4, 8, 23, 44, 39, 3, 0, 0
17:10:28, 1194.80, 29.55, 31.68, 28.430, 3, 3, 4, 5, 13, 26, 61, 108, 93, 8, 0, 0, 1, 1, 1, 1, 5, 11, 30, 56, 50, 4, 0, 0
17:10:29, 1184.50, 29.56, 31.68, 28.422, 4, 4, 5, 6, 18, 36, 80, 139, 125, 11, 0, 0, 2, 2, 2, 2, 8, 16, 42, 77, 70, 6, 0, 0
17:10:30, 1178.30, 29.55, 31.68, 28.430, 6, 6, 7, 9, 26, 52, 111, 189, 188, 17, 0, 0, 3, 2, 2, 3, 10, 20, 51, 91, 88, 8, 0, 0
17:10:31, 1172.00, 29.55, 31.66, 28.430, 7, 7, 9, 12, 35, 68, 143, 238, 246, 22, 0, 0, 4, 3, 3, 4, 12, 26, 65, 114, 112, 10, 0, 0
17:10:31, 1163.90, 29.55, 31.70, 28.414, 10, 10, 11, 15, 46, 88, 179, 291, 304, 27, 0, 0, 5, 4, 4, 5, 17, 35, 84, 145, 145, 14, 0, 0
17:10:32, 1149.40, 29.55, 31.68, 28.414, 13, 13, 15, 23, 72, 132, 259, 409, 427, 38, 0, 0, 7, 7, 7, 9, 30, 60, 135, 226, 231, 22, 0, 0
17:10:33, 1145.50, 29.55, 31.68, 28.422, 25, 25, 29, 47, 135, 240, 449, 690, 805, 72, 0, 0, 9, 8, 9, 12, 35, 70, 155, 255, 267, 26, 0, 0
17:10:33, 1139.40, 29.55, 31.66, 28.414, 27, 27, 32, 54, 150, 263, 488, 742, 790, 70, 0, 0, 11, 10, 10, 14, 44, 87, 188, 306, 322, 31, 0, 0
17:10:34, 1131.30, 29.55, 31.68, 28.414, 33, 34, 40, 68, 200, 342, 619, 925, 1006, 90, 0, 0, 14, 13, 13, 19, 58, 112, 235, 375, 403, 39, 0, 0
17:10:35, 1121.10, 29.55, 31.64, 28.422, 49, 50, 61, 111, 326, 538, 936, 1365, 1416, 126, 0, 0, 20, 19, 20, 30, 91, 170, 341, 527, 579, 57, 0, 0
17:10:35, 1118.00, 29.55, 31.70, 28.414, 72, 75, 95, 179, 454, 737, 1265, 1812, 2015, 179, 0, 0, 21, 20, 21, 33, 98, 181, 359, 550, 614, 61, 0, 0
17:10:36, 1108.90, 29.55, 31.66, 28.414, 81, 85, 108, 208, 553, 881, 1476, 2098, 2200, 196, 0, 0, 27, 25, 28, 44, 134, 242, 463, 692, 801, 80, 0, 0
17:10:37, 1100.30, 29.55, 31.66, 28.430, 125, 131, 178, 353, 863, 1335, 2190, 3013, 3710, 334, 0, 0, 33, 31, 35, 57, 178, 312, 579, 849, 1036, 104, 0, 0
17:10:37, 1091.30, 29.56, 31.66, 28.445, 188, 202, 291, 585, 1431, 2128, 3354, 4548, 5211, 483, 0, 0, 47, 44, 52, 90, 255, 432, 773, 1105, 1433, 146, 0, 0
17:10:38, 1071.40, 29.56, 31.66, 28.445, 258, 283, 428, 857, 1936, 2794, 4234, 5692, 6807, 651, 0, 0, 67, 63, 78, 142, 435, 698, 1180, 1628, 2257, 234, 0, 0
17:10:39, 1048.90, 29.56, 31.68, 28.461, 777, 1002, 1796, 3366, 7507, 9690, 13603, 16218, 19131, 2225, 0, 0, 157, 157, 235, 457, 1104, 1605, 2462, 3192, 4882, 533, 0, 0
17:10:39, 1053.60, 29.57, 31.70, 28.477, 1321, 1949, 3541, 6206, 9610, 11844, 17045, 20134, 22340, 2649, 0, 0, 155, 156, 237, 463, 972, 1422, 2196, 2863, 4327, 465, 0, 0
17:10:40, 1064.60, 29.57, 31.66, 28.477, 984, 1338, 2374, 4395, 6632, 8716, 12534, 15226, 18943, 2062, 0, 0, 118, 115, 161, 312, 691, 1056, 1703, 2277, 3338, 351, 0, 0
17:10:41, 1064.00, 29.58, 31.70, 28.484, 718, 889, 1572, 2899, 5070, 6688, 9644, 12027, 16929, 1787, 0, 0, 118, 115, 158, 304, 722, 1102, 1780, 2378, 3559, 376, 0, 0
17:10:41, 1063.50, 29.58, 31.66, 28.484, 712, 893, 1605, 2961, 5736, 7604, 11025, 13360, 20506, 2094, 0, 0, 107, 104, 144, 277, 663, 1009, 1627, 2171, 3276, 345, 0, 0
17:10:42, 1058.00, 29.58, 31.70, 28.484, 777, 961, 1737, 3247, 5782, 7646, 11031, 13390, 20843, 2112, 0, 0, 118, 114, 161, 312, 821, 1226, 1942, 2563, 3985, 422, 0, 0
17:10:43, 1048.30, 29.58, 31.70, 28.477, 1078, 1479, 2709, 4866, 9085, 11612, 16457, 19390, 35452, 3912, 0, 1, 169, 170, 259, 504, 1192, 1708, 2612, 3364, 5524, 596, 0, 0
17:10:43, 1035.90, 29.58, 31.66, 28.469, 1702, 2571, 4809, 7812, 13729, 17208, 23398, 25773, 36000, 8179, 1, 1, 247, 265, 438, 837, 1794, 2447, 3586, 4488, 7850, 879, 0, 0
17:10:44, 1024.20, 29.59, 31.70, 28.469, 3540, 5574, 10405, 14880, 22946, 30371, 34555, 34456, 36000, 18065, 1, 1, 328, 392, 692, 1266, 2370, 3044, 4279, 5216, 9740, 1152, 0, 0
17:10:45, 1011.30, 29.59, 31.70, 28.477, 7233, 13841, 19570, 29084, 35634, 35986, 36000, 36000, 36000, 34985, 1, 1, 396, 530, 947, 1614, 2758, 3375, 4602, 5467, 11236, 1483, 0, 0
17:10:45, 1008.20, 29.60, 31.68, 28.500, 12274, 28129, 35434, 36000, 36000, 36000, 36000, 36000, 36000, 36000, 1, 1, 630, 1006, 1542, 2215, 5380, 5862, 7410, 8374, 26356, 7228, 0, 0
17:10:46, 1007.20, 29.55, 31.66, 28.500, 11542, 18869, 27345, 26966, 35798, 36000, 36000, 36000, 36000, 36000, 1, 1, 7476, 11629, 16855, 21241, 35663, 35707, 36000, 36000, 36000, 36000, 1, 1
17:10:47, 1007.30, 29.54, 31.66, 28.477, 1056, 1650, 2152, 2453, 1873, 2136, 2373, 2661, 12080, 4765, 0, 0, 4927, 8526, 11171, 14201, 9596, 9794, 11882, 12019, 32086, 12504, 0, 0
17:10:47, 1008.80, 29.60, 31.70, 28.344, 869, 1332, 1785, 1934, 1845, 1903, 2441, 2867, 13053, 5662, 0, 0, 1630, 2669, 3444, 3928, 4784, 4858, 5626, 6106, 17652, 6517, 0, 0
