Secchi Depth (cm) = 9999
Forel Ule Scale = 99
pH Colour Scale = 99
SensingSecchi S/N = A016
Latitude (degs N) = 34.35236
Longitude (degs E) = -78.04927
Date = 2026-06-18
Time (UTC), Pressure (mbar) MS5803, Temp (deg C) MS5803, Temp (deg C) 10KTHERM, Temp (deg C) TMP117, ED 415nm, ED 445nm, ED 480nm, ED 515nm, ED 555nm, ED 590nm, ED 630nm, ED 680nm, ED Clear, ED NIR, ED D-SAT, ED A-SAT, EU 415nm, EU 445nm, EU 480nm, EU 515nm, EU 555nm, EU 590nm, EU 630nm, EU 680nm, EU Clear, EU NIR, EU D-SAT, EU A-SAT
16:41:01, 1010.20, 31.95, 32.72, 31.195, 821, 1230, 1649, 1929, 2219, 2256, 2593, 2855, 13384, 5303, 0, 0, 5332, 7793, 9401, 11947, 16227, 17752, 23238, 30206, 36000, 36000, 1, 1
16:41:01, 1010.10, 31.94, 32.74, 31.187, 1618, 2209, 3190, 3413, 4894, 4703, 5436, 5867, 35942, 19778, 0, 1, 7967, 10862, 15672, 18931, 34549, 35548, 36000, 36000, 36000, 36000, 1, 1
16:41:02, 1010.00, 31.95, 32.74, 31.195, 1632, 2163, 3119, 3348, 4256, 4317, 4756, 5233, 31964, 14279, 0, 0, 5249, 7116, 8829, 11006, 11495, 12736, 15657, 23126, 36000, 36000, 1, 1
16:41:03, 1009.30, 31.96, 32.72, 31.195, 2427, 2542, 3912, 4213, 5382, 6565, 6071, 7700, 36000, 21988, 1, 1, 3588, 4902, 6000, 7683, 12205, 13438, 15990, 19388, 36000, 31887, 1, 1
16:41:03, 1009.10, 31.98, 32.74, 31.172, 11045, 20301, 26680, 33906, 19752, 20142, 20975, 21541, 27613, 18164, 0, 1, 3615, 5244, 7800, 8948, 8410, 9629, 10691, 13174, 31337, 12206, 0, 0
16:41:04, 1010.00, 32.00, 32.74, 31.180, 8529, 11153, 16433, 18433, 34049, 34795, 34919, 35951, 36000, 36000, 1, 1, 1217, 1933, 2796, 3479, 7708, 8164, 9860, 10504, 27486, 13827, 0, 0
16:41:05, 1014.50, 31.95, 32.74, 31.180, 11577, 20639, 28658, 31847, 36000, 36000, 36000, 36000, 36000, 36000, 1, 1, 247, 355, 641, 1086, 1536, 1877, 2470, 2886, 5049, 605, 0, 0
16:41:05, 1024.90, 31.86, 32.74, 30.070, 7401, 11935, 17235, 21755, 16468, 17513, 22003, 22264, 34268, 12226, 0, 1, 191, 243, 452, 830, 1435, 1812, 2466, 2899, 5400, 599, 0, 0
16:41:06, 1022.70, 31.77, 32.74, 29.328, 3728, 6644, 11796, 13229, 27763, 27948, 31114, 32345, 36000, 22457, 1, 1, 169, 211, 391, 729, 1386, 1752, 2403, 2855, 4674, 496, 0, 0
16:41:07, 1023.10, 31.69, 32.74, 29.328, 6837, 14183, 23218, 28234, 14430, 15909, 19482, 22023, 29966, 4676, 0, 0, 167, 201, 372, 715, 1321, 1692, 2325, 2767, 4087, 423, 0, 0
16:41:07, 1020.60, 31.63, 32.76, 29.039, 6250, 10598, 17203, 22780, 26542, 29558, 28978, 34571, 28419, 5507, 0, 1, 191, 251, 471, 863, 1475, 1839, 2469, 2895, 4558, 499, 0, 0
16:41:08, 1022.60, 31.59, 32.77, 28.937, 4159, 7273, 11507, 15690, 20374, 25719, 28219, 30945, 34035, 8924, 0, 1, 175, 222, 418, 781, 1368, 1720, 2336, 2745, 4368, 461, 0, 0
16:41:09, 1021.20, 31.55, 32.74, 28.937, 5431, 9293, 16024, 21499, 29314, 32782, 34942, 34354, 35757, 13748, 0, 1, 178, 228, 428, 795, 1400, 1749, 2380, 2790, 4495, 481, 0, 0
16:41:09, 1020.00, 31.52, 32.77, 28.906, 10279, 14251, 21296, 23731, 32740, 34944, 35454, 35626, 36000, 23061, 1, 1, 192, 252, 474, 869, 1528, 1899, 2554, 2985, 4915, 534, 0, 0
16:41:10, 1018.90, 31.48, 32.74, 28.898, 2878, 4747, 8546, 11018, 13959, 15703, 19227, 18332, 19323, 4622, 0, 0, 196, 257, 479, 879, 1532, 1914, 2584, 3023, 4872, 525, 0, 0
16:41:11, 1019.30, 31.45, 32.76, 28.898, 5625, 9239, 13908, 17594, 30481, 31338, 34035, 34624, 35856, 15020, 0, 1, 194, 253, 476, 879, 1550, 1933, 2597, 3027, 4918, 529, 0, 0
16:41:11, 1016.80, 31.42, 32.76, 28.898, 2328, 4554, 6477, 8857, 19152, 19669, 23470, 24186, 28934, 11375, 0, 0, 206, 282, 528, 939, 1610, 1972, 2619, 3020, 5248, 588, 0, 0
16:41:12, 1022.90, 31.38, 32.74, 28.906, 6428, 10341, 17114, 21412, 29433, 30336, 33669, 33084, 35586, 15139, 0, 1, 182, 240, 454, 832, 1369, 1694, 2280, 2638, 4607, 484, 0, 0
16:41:13, 1021.10, 31.35, 32.74, 28.906, 5156, 9137, 13896, 16414, 28045, 28061, 30834, 31767, 28076, 7580, 0, 0, 188, 247, 467, 858, 1491, 1851, 2480, 2868, 4794, 517, 0, 0
16:41:13, 1022.60, 31.32, 32.76, 28.922, 9055, 15172, 23192, 27013, 29861, 31539, 33197, 35126, 30715, 7142, 0, 1, 193, 252, 476, 877, 1514, 1887, 2539, 2939, 4957, 536, 0, 0
16:41:14, 1023.20, 31.29, 32.70, 28.922, 12597, 18888, 29769, 33024, 35883, 36000, 36000, 36000, 36000, 30947, 1, 1, 198, 263, 497, 915, 1576, 1953, 2621, 3025, 5327, 576, 0, 0
16:41:15, 1020.80, 31.26, 32.72, 28.922, 17287, 24755, 29795, 31744, 31045, 32280, 33299, 34598, 36000, 19022, 1, 1, 220, 304, 568, 1018, 1724, 2110, 2812, 3246, 5917, 667, 0, 0
16:41:15, 1023.10, 31.24, 32.72, 28.930, 9794, 14993, 23376, 30218, 32938, 34124, 35419, 35716, 36000, 25656, 1, 1, 217, 289, 545, 985, 1656, 2049, 2751, 3183, 5930, 642, 0, 0
16:41:16, 1021.10, 31.22, 32.70, 28.930, 21055, 28757, 35048, 35793, 31124, 32453, 35273, 35355, 36000, 27096, 1, 1, 223, 303, 571, 1011, 1734, 2128, 2840, 3293, 6214, 696, 0, 0
16:41:17, 1024.10, 31.19, 32.72, 28.914, 9057, 17617, 25642, 27653, 28199, 29105, 31349, 32197, 36000, 23593, 1, 1, 225, 300, 562, 1017, 1643, 2037, 2743, 3196, 5988, 646, 0, 0
16:41:17, 1027.40, 31.17, 32.72, 28.883, 7566, 11771, 18969, 24243, 23977, 24720, 29247, 29287, 36000, 15668, 1, 1, 221, 284, 537, 968, 1898, 2350, 3155, 3676, 7285, 796, 0, 0
16:41:18, 1028.30, 31.15, 32.72, 28.883, 6016, 10168, 17234, 19487, 32637, 33448, 34665, 35252, 36000, 31249, 1, 1, 231, 300, 574, 1026, 1645, 2045, 2755, 3210, 6391, 675, 0, 0
16:41:19, 1030.40, 31.13, 32.72, 28.867, 8850, 14885, 22951, 26524, 29215, 30317, 32940, 33338, 36000, 23931, 1, 1, 142, 182, 350, 640, 972, 1216, 1640, 1903, 3585, 374, 0, 0
16:41:19, 1027.00, 31.12, 32.70, 28.836, 2870, 5123, 8780, 13042, 18223, 20475, 23627, 23571, 35960, 9954, 0, 1, 101, 132, 252, 459, 854, 1051, 1403, 1604, 2968, 317, 0, 0
16:41:20, 1027.40, 31.10, 32.76, 28.836, 3308, 5473, 9585, 12439, 16978, 18168, 22038, 22845, 30380, 8253, 0, 0, 85, 104, 197, 376, 662, 835, 1133, 1314, 2131, 219, 0, 0
16:41:21, 1027.60, 31.08, 32.72, 28.805, 2022, 3577, 6220, 8694, 10276, 10662, 14779, 15187, 32112, 4889, 0, 0, 67, 83, 159, 302, 528, 661, 889, 1028, 1723, 175, 0, 0
16:41:21, 1026.30, 31.06, 32.74, 28.789, 2019, 3518, 6079, 8462, 11873, 14468, 17475, 18000, 34257, 6343, 0, 1, 67, 81, 154, 297, 548, 693, 937, 1094, 1676, 171, 0, 0
16:41:22, 1026.00, 31.05, 32.70, 28.789, 2174, 3909, 6597, 9300, 9247, 10346, 11676, 13331, 34731, 5905, 0, 1, 63, 80, 154, 289, 498, 620, 832, 963, 1658, 169, 0, 0
16:41:23, 1027.90, 31.04, 32.72, 28.781, 1389, 2662, 4488, 6521, 10259, 11603, 13424, 14664, 36000, 6295, 1, 1, 58, 72, 139, 261, 464, 576, 777, 893, 1661, 167, 0, 0
16:41:23, 1028.80, 31.03, 32.68, 28.773, 1374, 2388, 4235, 5673, 6951, 7871, 9287, 10310, 32317, 4655, 0, 0, 51, 63, 122, 232, 408, 509, 686, 794, 1383, 138, 0, 0
16:41:24, 1028.00, 31.02, 32.66, 28.773, 1226, 2097, 3703, 5294, 5856, 6714, 7870, 8974, 24330, 3530, 0, 0, 45, 55, 105, 202, 375, 473, 639, 744, 1131, 113, 0, 0
16:41:25, 1029.60, 31.02, 32.68, 28.773, 1287, 2304, 3906, 5306, 6386, 6954, 8864, 9467, 26287, 3664, 0, 0, 43, 53, 101, 192, 348, 438, 592, 684, 1101, 109, 0, 0
16:41:25, 1028.10, 31.01, 32.70, 28.797, 1466, 2535, 4715, 6008, 7799, 8564, 10314, 11643, 27562, 4305, 0, 0, 48, 60, 114, 216, 412, 517, 695, 803, 1325, 136, 0, 0
16:41:26, 1027.70, 31.01, 32.68, 28.797, 1534, 2612, 4397, 6185, 9829, 10788, 13533, 14384, 31357, 4994, 0, 0, 54, 67, 129, 244, 449, 562, 755, 868, 1440, 148, 0, 0
16:41:27, 1029.40, 31.00, 32.68, 28.805, 1925, 3380, 6062, 8091, 6437, 6701, 8401, 10303, 21775, 4121, 0, 0, 53, 65, 125, 240, 430, 541, 725, 833, 1378, 140, 0, 0
16:41:27, 1030.80, 30.99, 32.68, 28.820, 1731, 2986, 5206, 7099, 7232, 8098, 10017, 10856, 20768, 2915, 0, 0, 54, 67, 127, 243, 416, 523, 700, 804, 1345, 141, 0, 0
16:41:28, 1032.50, 30.97, 32.72, 28.820, 1278, 2284, 3981, 5727, 7112, 8254, 10172, 11160, 24944, 3414, 0, 0, 45, 54, 104, 203, 382, 483, 652, 750, 1238, 124, 0, 0
16:41:29, 1025.70, 30.96, 32.72, 28.836, 1327, 2248, 3970, 5480, 7557, 8377, 10140, 11116, 23851, 3038, 0, 0, 52, 66, 128, 240, 429, 529, 699, 797, 1372, 144, 0, 0
16:41:29, 1027.50, 30.95, 32.72, 28.844, 1593, 2842, 4590, 6186, 8149, 9314, 11190, 12474, 30199, 4874, 0, 0, 51, 64, 124, 235, 420, 519, 691, 788, 1364, 138, 0, 0
16:41:30, 1021.90, 30.94, 32.70, 28.844, 1767, 3051, 5249, 7225, 8480, 9579, 11578, 12664, 26734, 4471, 0, 0, 56, 73, 141, 262, 483, 592, 780, 888, 1526, 160, 0, 0
16:41:31, 1019.70, 30.93, 32.70, 28.828, 2429, 3951, 6618, 8083, 9870, 11177, 13155, 14160, 33696, 7785, 0, 1, 72, 100, 191, 339, 606, 733, 963, 1100, 2008, 214, 0, 0
16:41:31, 1021.30, 30.92, 32.68, 28.820, 2935, 4579, 7578, 9624, 18092, 19577, 23286, 25368, 36000, 13828, 1, 1, 97, 127, 244, 442, 793, 984, 1323, 1540, 2655, 281, 0, 0
16:41:32, 1021.00, 30.91, 32.68, 28.820, 4269, 8778, 13450, 18152, 24735, 25136, 31636, 31397, 36000, 16960, 1, 1, 129, 169, 321, 580, 1050, 1288, 1728, 2007, 3743, 399, 0, 0
16:41:33, 1025.80, 30.91, 32.70, 28.789, 5683, 9220, 16393, 19947, 21960, 26949, 29181, 29983, 36000, 16324, 1, 1, 128, 162, 308, 563, 1078, 1334, 1821, 2122, 4038, 422, 0, 0
16:41:33, 1025.90, 30.90, 32.68, 28.773, 3958, 5958, 10980, 15749, 24624, 28269, 30362, 30296, 36000, 15732, 1, 1, 149, 182, 339, 639, 1190, 1518, 2092, 2502, 4104, 432, 0, 0
16:41:34, 1025.40, 30.89, 32.72, 28.773, 5986, 9383, 17702, 24192, 29998, 30993, 33713, 34016, 36000, 19581, 1, 1, 153, 186, 344, 651, 1208, 1536, 2112, 2530, 4065, 433, 0, 0
16:41:35, 1028.00, 30.89, 32.68, 28.758, 8169, 15485, 22444, 30471, 24843, 32208, 30633, 35108, 36000, 25628, 1, 1, 168, 214, 411, 745, 1283, 1607, 2215, 2602, 4856, 499, 0, 0
16:41:35, 1026.40, 30.88, 32.72, 28.773, 9962, 12755, 24629, 31106, 22528, 27481, 31716, 31631, 36000, 14666, 1, 1, 153, 188, 350, 663, 1215, 1540, 2124, 2530, 4261, 446, 0, 0
16:41:36, 1027.90, 30.88, 32.68, 28.773, 7080, 10517, 18907, 26020, 35408, 35598, 36000, 36000, 36000, 28729, 1, 1, 162, 201, 381, 705, 1320, 1658, 2289, 2683, 5077, 516, 0, 0
16:41:37, 1027.90, 30.88, 32.70, 28.805, 3744, 6559, 11361, 16454, 31188, 32333, 34593, 34635, 36000, 23080, 1, 1, 159, 192, 360, 684, 1261, 1605, 2231, 2642, 4624, 473, 0, 0
16:41:37, 1029.30, 30.88, 32.68, 28.852, 9103, 11844, 21577, 30399, 23141, 27435, 32838, 31814, 36000, 14105, 1, 1, 157, 193, 361, 680, 1225, 1549, 2147, 2543, 4618, 469, 0, 0
16:41:38, 1028.70, 30.87, 32.68, 28.852, 8521, 11574, 23966, 31562, 26889, 31013, 35580, 35398, 36000, 15404, 1, 1, 138, 165, 308, 583, 1094, 1399, 1935, 2323, 3722, 384, 0, 0
16:41:39, 1028.00, 30.87, 32.68, 28.867, 7615, 11103, 19412, 27451, 31455, 34074, 35360, 35352, 36000, 23454, 1, 1, 135, 166, 309, 578, 1057, 1337, 1834, 2183, 3568, 375, 0, 0
16:41:39, 1028.30, 30.87, 32.72, 28.859, 5755, 8790, 17577, 22170, 29756, 32340, 35143, 35921, 36000, 20424, 1, 1, 138, 167, 309, 587, 1095, 1401, 1932, 2314, 3626, 378, 0, 0
16:41:40, 1025.50, 30.86, 32.70, 28.859, 6726, 10337, 15986, 23929, 28966, 33242, 35277, 35194, 36000, 19432, 1, 1, 162, 201, 372, 700, 1301, 1651, 2264, 2683, 4381, 467, 0, 0
16:41:41, 1025.80, 30.85, 32.66, 28.812, 5651, 9982, 15893, 23564, 24653, 27645, 30779, 33239, 36000, 20150, 1, 1, 164, 203, 376, 711, 1297, 1653, 2275, 2700, 4338, 455, 0, 0
16:41:41, 1024.60, 30.85, 32.70, 28.805, 5224, 11046, 13888, 22932, 34130, 33312, 36000, 36000, 36000, 23333, 1, 1, 165, 205, 380, 716, 1288, 1630, 2233, 2645, 4244, 451, 0, 0
16:41:42, 1027.20, 30.84, 32.66, 28.805, 7009, 12397, 20344, 26848, 25479, 27955, 33871, 35524, 36000, 18737, 1, 1, 163, 206, 398, 715, 1212, 1522, 2078, 2453, 4325, 445, 0, 0
16:41:43, 1028.70, 30.83, 32.68, 28.805, 4043, 7754, 12552, 17171, 21037, 21609, 29298, 29364, 36000, 10442, 1, 1, 143, 172, 321, 614, 1135, 1448, 1991, 2377, 3932, 402, 0, 0
16:41:43, 1031.10, 30.83, 32.70, 28.836, 5424, 7864, 16215, 20350, 30735, 32214, 35355, 35721, 36000, 21642, 1, 1, 144, 175, 336, 624, 1204, 1504, 2075, 2430, 4637, 458, 0, 0
16:41:44, 1035.00, 30.83, 32.70, 28.836, 3870, 7565, 11870, 19973, 31623, 31736, 34954, 35172, 36000, 17520, 1, 1, 122, 146, 278, 523, 984, 1246, 1739, 2041, 3968, 388, 0, 0
16:41:45, 1036.10, 30.83, 32.70, 28.844, 3234, 6505, 10283, 16038, 24620, 25829, 31235, 33806, 36000, 13660, 1, 1, 101, 116, 214, 419, 810, 1042, 1474, 1751, 3202, 316, 0, 0
16:41:45, 1039.00, 30.82, 32.70, 28.852, 3635, 7344, 12779, 19635, 17852, 20143, 27334, 29971, 36000, 9831, 1, 1, 81, 92, 170, 335, 687, 888, 1261, 1503, 2671, 255, 0, 0
16:41:46, 1035.80, 30.82, 32.72, 28.852, 3256, 4516, 9067, 14016, 17812, 22065, 27026, 27968, 36000, 7777, 1, 1, 78, 88, 162, 322, 675, 875, 1235, 1475, 2391, 236, 0, 0
16:41:47, 1036.00, 30.82, 32.66, 28.836, 3307, 5404, 10326, 15904, 22699, 23616, 28219, 29441, 36000, 11169, 1, 1, 98, 115, 219, 420, 834, 1063, 1476, 1740, 3131, 308, 0, 0
16:41:47, 1043.10, 30.82, 32.68, 28.828, 2260, 4439, 7152, 12402, 16880, 18559, 22922, 31242, 36000, 9777, 1, 1, 103, 114, 207, 415, 806, 1070, 1528, 1840, 3005, 291, 0, 0
16:41:48, 1045.10, 30.81, 32.70, 28.828, 9804, 13268, 27584, 33346, 25191, 29765, 33010, 33970, 36000, 11402, 1, 1, 113, 122, 219, 442, 875, 1166, 1678, 2018, 3365, 322, 0, 0
16:41:49, 1058.10, 30.81, 32.68, 28.781, 2370, 3286, 7559, 11028, 15834, 18745, 25605, 28384, 36000, 10871, 1, 1, 109, 115, 208, 417, 738, 1003, 1450, 1768, 3089, 290, 0, 0
16:41:50, 1066.80, 30.80, 32.68, 28.758, 1558, 2094, 4322, 8095, 11674, 14020, 23191, 24726, 35577, 3822, 0, 1, 62, 60, 94, 198, 459, 660, 1006, 1255, 1816, 167, 0, 0
16:41:50, 1072.10, 30.79, 32.70, 28.758, 1777, 2342, 4217, 9084, 11456, 14564, 22095, 23225, 35715, 4825, 0, 1, 62, 60, 94, 198, 454, 654, 999, 1252, 1865, 168, 0, 0
16:41:51, 1080.10, 30.78, 32.70, 28.719, 1280, 1534, 3313, 6082, 9571, 12073, 18968, 19934, 35889, 3453, 0, 1, 55, 52, 74, 156, 390, 593, 938, 1204, 1475, 136, 0, 0
16:41:52, 1091.80, 30.77, 32.68, 28.719, 678, 804, 1557, 3333, 5078, 7052, 9258, 12323, 26090, 2335, 0, 0, 49, 46, 66, 138, 328, 499, 798, 1023, 1417, 124, 0, 0
16:41:52, 1096.60, 30.76, 32.72, 28.711, 670, 751, 1337, 2968, 6132, 8773, 12566, 15086, 25567, 1964, 0, 0, 42, 40, 52, 105, 287, 454, 748, 975, 1215, 110, 0, 0
16:41:53, 1099.50, 30.75, 32.66, 28.711, 698, 809, 1374, 3090, 4619, 6253, 9488, 11347, 16587, 1331, 0, 0, 43, 40, 52, 107, 292, 458, 751, 973, 1313, 116, 0, 0
16:41:54, 1103.00, 30.74, 32.64, 28.711, 567, 692, 1059, 2453, 4937, 6775, 10833, 12904, 22845, 1732, 0, 0, 36, 33, 43, 86, 230, 367, 613, 801, 1035, 92, 0, 0
16:41:54, 1107.90, 30.73, 32.68, 28.711, 565, 538, 966, 2050, 3975, 5777, 8856, 10487, 20059, 1572, 0, 0, 33, 30, 39, 78, 209, 336, 566, 742, 960, 85, 0, 0
16:41:55, 1115.80, 30.72, 32.70, 28.734, 600, 630, 1020, 2234, 3276, 4711, 7535, 9144, 16961, 1309, 0, 0, 32, 30, 37, 71, 199, 329, 567, 755, 949, 84, 0, 0
16:41:56, 1120.40, 30.71, 32.70, 28.734, 407, 406, 639, 1461, 2924, 4467, 7185, 8263, 13886, 991, 0, 0, 30, 27, 33, 63, 182, 303, 526, 703, 877, 77, 0, 0
16:41:56, 1126.90, 30.71, 32.70, 28.727, 458, 441, 715, 1492, 2903, 4351, 7100, 8763, 14842, 1181, 0, 0, 28, 25, 30, 57, 163, 276, 486, 654, 821, 72, 0, 0
16:41:57, 1130.40, 30.70, 32.68, 28.727, 324, 350, 477, 1137, 2110, 3261, 5241, 6459, 10126, 744, 0, 0, 21, 20, 23, 41, 120, 208, 372, 507, 575, 52, 0, 0
16:41:58, 1138.00, 30.69, 32.66, 28.727, 226, 220, 328, 724, 1944, 2948, 4991, 6037, 9834, 716, 0, 0, 18, 17, 20, 36, 110, 189, 339, 461, 573, 50, 0, 0
16:41:58, 1144.80, 30.68, 32.68, 28.711, 238, 247, 325, 683, 1396, 2244, 3669, 4879, 6550, 509, 0, 0, 18, 17, 19, 32, 102, 183, 341, 476, 522, 47, 0, 0
16:41:59, 1150.20, 30.68, 32.68, 28.711, 234, 220, 306, 625, 1764, 2891, 4980, 6451, 10067, 712, 0, 0, 18, 17, 18, 31, 97, 175, 328, 460, 522, 46, 0, 0
16:42:00, 1154.90, 30.67, 32.64, 28.711, 239, 252, 302, 688, 1354, 2213, 3831, 5031, 7574, 576, 0, 0, 17, 15, 17, 28, 88, 160, 306, 431, 493, 43, 0, 0
16:42:00, 1159.30, 30.66, 32.68, 28.703, 168, 175, 216, 465, 1294, 2112, 3775, 4816, 6972, 510, 0, 0, 15, 14, 15, 25, 80, 146, 282, 399, 448, 39, 0, 0
16:42:01, 1167.90, 30.65, 32.68, 28.703, 163, 164, 205, 421, 1171, 1999, 3415, 4732, 7158, 553, 0, 0, 15, 13, 14, 23, 73, 136, 266, 379, 439, 38, 0, 0
16:42:02, 1177.80, 30.64, 32.66, 28.703, 142, 139, 173, 326, 899, 1536, 2867, 3803, 5218, 392, 0, 0, 11, 10, 11, 16, 53, 101, 205, 298, 317, 28, 0, 0
16:42:02, 1180.20, 30.64, 32.70, 28.695, 122, 117, 142, 274, 853, 1501, 2769, 3747, 4461, 338, 0, 0, 10, 10, 10, 15, 51, 98, 199, 290, 306, 27, 0, 0
16:42:03, 1184.80, 30.63, 32.70, 28.703, 109, 111, 128, 246, 700, 1230, 2298, 3178, 4484, 349, 0, 0, 10, 9, 10, 15, 48, 94, 192, 280, 304, 26, 0, 0
16:42:04, 1192.30, 30.63, 32.68, 28.703, 94, 97, 108, 197, 588, 1131, 1913, 2997, 4377, 361, 0, 0, 9, 8, 8, 13, 40, 79, 165, 244, 257, 22, 0, 0
16:42:04, 1200.30, 30.62, 32.66, 28.703, 95, 94, 108, 193, 627, 1140, 2255, 3059, 4122, 300, 0, 0, 8, 7, 7, 11, 35, 69, 147, 220, 232, 20, 0, 0
16:42:05, 1206.90, 30.63, 32.64, 28.711, 83, 85, 94, 166, 487, 890, 1797, 2486, 3155, 238, 0, 0, 7, 6, 6, 9, 31, 62, 134, 202, 210, 18, 0, 0
16:42:06, 1210.20, 30.62, 32.62, 28.711, 69, 69, 77, 132, 362, 674, 1334, 1903, 2404, 188, 0, 0, 6, 6, 6, 8, 28, 57, 124, 188, 193, 17, 0, 0
16:42:06, 1215.00, 30.61, 32.64, 28.711, 71, 70, 79, 128, 371, 694, 1381, 2014, 2573, 204, 0, 0, 6, 5, 5, 8, 25, 52, 114, 174, 180, 15, 0, 0
16:42:07, 1217.60, 30.61, 32.68, 28.703, 57, 57, 62, 102, 340, 645, 1327, 1930, 2319, 174, 0, 0, 5, 5, 5, 7, 23, 47, 105, 161, 162, 14, 0, 0
16:42:08, 1221.20, 30.60, 32.66, 28.703, 45, 44, 50, 81, 249, 474, 938, 1367, 1545, 121, 0, 0, 4, 3, 3, 5, 17, 34, 76, 117, 121, 10, 0, 0
16:42:08, 1225.20, 30.60, 32.66, 28.703, 25, 25, 28, 44, 112, 218, 432, 643, 727, 58, 0, 0, 1, 1, 1, 2, 6, 13, 29, 45, 45, 3, 0, 0
16:42:09, 1228.00, 30.60, 32.64, 28.703, 12, 12, 13, 21, 65, 125, 245, 361, 383, 31, 0, 0, 1, 1, 0, 1, 5, 11, 26, 40, 41, 3, 0, 0
16:42:10, 1233.10, 30.60, 32.68, 28.703, 13, 13, 15, 22, 82, 159, 317, 482, 519, 42, 0, 0, 1, 1, 1, 2, 7, 16, 37, 57, 57, 4, 0, 0
16:42:10, 1236.10, 30.60, 32.64, 28.695, 18, 18, 20, 31, 94, 185, 376, 570, 615, 49, 0, 0, 1, 1, 1, 2, 6, 14, 32, 51, 50, 4, 0, 0
16:42:11, 1238.10, 30.60, 32.66, 28.711, 12, 12, 14, 20, 59, 117, 239, 364, 394, 32, 0, 0, 1, 1, 0, 1, 4, 9, 21, 33, 32, 2, 0, 0
16:42:12, 1238.60, 30.60, 32.64, 28.711, 8, 8, 9, 14, 44, 87, 179, 268, 273, 22, 0, 0, 1, 0, 0, 1, 3, 7, 18, 28, 27, 2, 0, 0
16:42:12, 1242.20, 30.60, 32.64, 28.695, 7, 7, 9, 13, 39, 77, 158, 240, 255, 21, 0, 0, 0, 0, 0, 0, 3, 7, 16, 26, 26, 2, 0, 0
16:42:13, 1249.80, 30.60, 32.66, 28.695, 6, 6, 7, 10, 31, 62, 128, 200, 229, 19, 0, 0, 0, 0, 0, 0, 2, 5, 13, 21, 20, 1, 0, 0
16:42:14, 1249.70, 30.59, 32.68, 28.695, 5, 5, 6, 9, 26, 53, 113, 176, 176, 14, 0, 0, 0, 0, 0, 0, 2, 5, 12, 20, 19, 1, 0, 0
16:42:14, 1251.60, 30.59, 32.68, 28.695, 5, 5, 6, 8, 26, 53, 112, 174, 181, 15, 0, 0, 0, 0, 0, 0, 2, 5, 12, 19, 19, 1, 0, 0
16:42:15, 1254.10, 30.59, 32.64, 28.695, 5, 5, 6, 8, 24, 48, 103, 161, 168, 14, 0, 0, 0, 0, 0, 0, 2, 4, 11, 18, 17, 1, 0, 0
16:42:16, 1251.70, 30.58, 32.64, 28.695, 4, 4, 5, 7, 22, 45, 96, 150, 143, 12, 0, 0, 0, 0, 0, 0, 2, 4, 11, 18, 17, 1, 0, 0
16:42:16, 1252.80, 30.58, 32.66, 28.687, 5, 5, 6, 8, 24, 48, 102, 160, 165, 14, 0, 0, 0, 0, 0, 0, 2, 4, 11, 18, 17, 1, 0, 0
16:42:17, 1257.60, 30.58, 32.62, 28.703, 4, 4, 5, 7, 22, 44, 94, 148, 163, 14, 0, 0, 0, 0, 0, 0, 2, 4, 10, 17, 16, 1, 0, 0
16:42:18, 1260.20, 30.57, 32.66, 28.703, 5, 4, 5, 6, 19, 40, 86, 135, 130, 11, 0, 0, 0, 0, 0, 0, 1, 3, 9, 15, 14, 1, 0, 0
16:42:18, 1258.70, 30.57, 32.64, 28.687, 3, 3, 4, 6, 18, 38, 81, 128, 116, 10, 0, 0, 0, 0, 0, 0, 1, 4, 9, 15, 14, 1, 0, 0
16:42:19, 1256.10, 30.56, 32.68, 28.687, 4, 4, 5, 6, 18, 38, 81, 127, 110, 9, 0, 0, 0, 0, 0, 0, 2, 4, 10, 16, 15, 1, 0, 0
16:42:20, 1256.80, 30.56, 32.66, 28.687, 4, 4, 5, 7, 20, 41, 89, 140, 143, 12, 0, 0, 0, 0, 0, 0, 2, 4, 10, 16, 15, 1, 0, 0
16:42:20, 1263.00, 30.55, 32.60, 28.680, 4, 4, 5, 6, 19, 38, 82, 130, 149, 13, 0, 0, 0, 0, 0, 0, 1, 3, 9, 15, 15, 0, 0, 0
16:42:21, 1267.00, 30.55, 32.64, 28.680, 3, 3, 4, 5, 16, 33, 73, 115, 111, 9, 0, 0, 0, 0, 0, 0, 1, 3, 8, 13, 12, 0, 0, 0
16:42:22, 1270.90, 30.54, 32.66, 28.680, 3, 3, 4, 5, 15, 31, 70, 111, 109, 9, 0, 0, 0, 0, 0, 0, 1, 2, 7, 13, 12, 0, 0, 0
16:42:22, 1273.40, 30.53, 32.68, 28.680, 3, 3, 4, 5, 14, 29, 64, 103, 102, 9, 0, 0, 0, 0, 0, 0, 1, 2, 7, 12, 10, 0, 0, 0
16:42:23, 1279.90, 30.53, 32.64, 28.687, 3, 3, 3, 4, 13, 27, 61, 98, 103, 9, 0, 0, 0, 0, 0, 0, 1, 2, 6, 11, 10, 0, 0, 0
16:42:24, 1287.00, 30.52, 32.66, 28.687, 2, 2, 3, 4, 12, 23, 54, 87, 86, 7, 0, 0, 0, 0, 0, 0, 1, 2, 5, 9, 9, 0, 0, 0
16:42:24, 1293.90, 30.51, 32.64, 28.687, 2, 2, 3, 3, 9, 20, 46, 76, 74, 6, 0, 0, 0, 0, 0, 0, 0, 1, 4, 8, 7, 0, 0, 0
16:42:25, 1305.50, 30.50, 32.64, 28.687, 1, 2, 2, 3, 7, 17, 40, 66, 66, 6, 0, 0, 0, 0, 0, 0, 0, 1, 4, 7, 6, 0, 0, 0
16:42:26, 1321.10, 30.49, 32.68, 28.680, 1, 1, 2, 2, 5, 12, 30, 51, 46, 4, 0, 0, 0, 0, 0, 0, 0, 0, 3, 5, 4, 0, 0, 0
16:42:26, 1338.30, 30.48, 32.60, 28.687, 1, 1, 1, 2, 3, 8, 22, 38, 36, 3, 0, 0, 0, 0, 0, 0, 0, 0, 2, 4, 3, 0, 0, 0
16:42:27, 1351.10, 30.47, 32.62, 28.687, 0, 0, 1, 1, 2, 6, 17, 29, 30, 3, 0, 0, 0, 0, 0, 0, 0, 0, 1, 3, 2, 0, 0, 0
16:42:28, 1363.80, 30.47, 32.64, 28.687, 0, 0, 1, 1, 2, 5, 14, 25, 22, 2, 0, 0, 0, 0, 0, 0, 0, 0, 1, 2, 2, 0, 0, 0
16:42:28, 1378.70, 30.46, 32.64, 28.680, 0, 0, 1, 1, 1, 3, 11, 19, 16, 1, 0, 0, 0, 0, 0, 0, 0, 0, 0, 1, 1, 0, 0, 0
16:42:29, 1396.30, 30.45, 32.66, 28.680, 0, 0, 1, 1, 1, 2, 8, 14, 12, 1, 0, 0, 0, 0, 0, 0, 0, 0, 0, 1, 1, 0, 0, 0
16:42:30, 1412.80, 30.45, 32.66, 28.672, 0, 0, 1, 1, 0, 1, 6, 11, 9, 1, 0, 0, 0, 0, 0, 0, 0, 0, 0, 1, 0, 0, 0, 0
16:42:30, 1429.70, 30.44, 32.70, 28.672, 0, 0, 0, 1, 0, 1, 4, 8, 7, 1, 0, 0, 0, 0, 0, 0, 0, 0, 0, 0, 0, 0, 0, 0
16:42:31, 1448.80, 30.43, 32.66, 28.672, 0, 0, 0, 1, 0, 0, 3, 6, 5, 0, 0, 0, 0, 0, 0, 0, 0, 0, 0, 0, 0, 0, 0, 0
16:42:32, 1470.40, 30.42, 32.68, 28.664, 0, 0, 0, 0, 0, 0, 2, 4, 3, 0, 0, 0, 0, 0, 0, 0, 0, 0, 0, 0, 0, 0, 0, 0
16:42:32, 1491.70, 30.42, 32.60, 28.672, 0, 0, 0, 0, 0, 0, 1, 3, 2, 0, 0, 0, 0, 0, 0, 0, 0, 0, 0, 0, 0, 0, 0, 0
16:42:33, 1509.70, 30.41, 32.66, 28.672, 0, 0, 0, 0, 0, 0, 1, 2, 2, 0, 0, 0, 0, 0, 0, 0, 0, 0, 0, 0, 0, 0, 0, 0
16:42:34, 1514.90, 30.40, 32.62, 28.664, 0, 0, 0, 0, 0, 0, 1, 2, 1, 0, 0, 0, 0, 0, 0, 0, 0, 0, 0, 0, 0, 0, 0, 0
16:42:34, 1520.10, 30.40, 32.60, 28.672, 0, 0, 0, 0, 0, 0, 1, 2, 1, 0, 0, 0, 0, 0, 0, 0, 0, 0, 0, 0, 0, 0, 0, 0
16:42:35, 1523.50, 30.39, 32.66, 28.672, 0, 0, 0, 0, 0, 0, 1, 1, 1, 0, 0, 0, 0, 0, 0, 0, 0, 0, 0, 0, 0, 0, 0, 0
16:42:36, 1522.10, 30.39, 32.60, 28.672, 0, 0, 0, 0, 0, 0, 1, 1, 1, 0, 0, 0, 0, 0, 0, 0, 0, 0, 0, 0, 0, 0, 0, 0
16:42:36, 1519.60, 30.39, 32.62, 28.680, 0, 0, 0, 0, 0, 0, 1, 1, 1, 0, 0, 0, 0, 0, 0, 0, 0, 0, 0, 0, 0, 0, 0, 0
16:42:37, 1512.50, 30.39, 32.64, 28.680, 0, 0, 0, 0, 0, 0, 1, 2, 1, 0, 0, 0, 0, 0, 0, 0, 0, 0, 0, 0, 0, 0, 0, 0
16:42:38, 1494.40, 30.40, 32.68, 28.672, 0, 0, 0, 0, 0, 0, 1, 2, 1, 0, 0, 0, 0, 0, 0, 0, 0, 0, 0, 0, 0, 0, 0, 0
16:42:38, 1477.80, 30.39, 32.62, 28.680, 0, 0, 0, 0, 0, 0, 1, 2, 2, 0, 0, 0, 0, 0, 0, 0, 0, 0, 0, 0, 0, 0, 0, 0
16:42:39, 1455.90, 30.39, 32.64, 28.680, 0, 0, 0, 0, 0, 0, 1, 3, 3, 0, 0, 0, 0, 0, 0, 0, 0, 0, 0, 0, 0, 0, 0, 0
16:42:40, 1429.30, 30.39, 32.64, 28.680, 0, 0, 0, 0, 0, 0, 2, 4, 4, 0, 0, 0, 0, 0, 0, 0, 0, 0, 0, 0, 0, 0, 0, 0
16:42:40, 1394.90, 30.39, 32.62, 28.680, 0, 0, 0, 1, 0, 1, 4, 7, 7, 1, 0, 0, 0, 0, 0, 0, 0, 0, 0, 0, 0, 0, 0, 0
16:42:41, 1355.40, 30.39, 32.64, 28.680, 0, 0, 1, 1, 0, 2, 6, 11, 13, 1, 0, 0, 0, 0, 0, 0, 0, 0, 0, 2, 1, 0, 0, 0
16:42:42, 1315.90, 30.40, 32.66, 28.672, 0, 0, 1, 0, 2, 5, 14, 25, 26, 2, 0, 0, 0, 0, 0, 0, 0, 0, 1, 3, 3, 0, 0, 0
16:42:42, 1279.20, 30.39, 32.64, 28.672, 1, 1, 1, 1, 5, 11, 27, 46, 47, 4, 0, 0, 0, 0, 0, 0, 0, 1, 4, 7, 7, 0, 0, 0
16:42:43, 1238.90, 30.39, 32.64, 28.672, 2, 2, 3, 4, 13, 27, 58, 92, 83, 7, 0, 0, 0, 0, 0, 0, 2, 4, 9, 15, 15, 1, 0, 0
16:42:44, 1208.20, 30.39, 32.60, 28.672, 4, 4, 5, 8, 24, 47, 95, 143, 105, 9, 0, 0, 1, 0, 0, 1, 4, 9, 19, 30, 28, 2, 0, 0
16:42:44, 1181.90, 30.38, 32.66, 28.680, 5, 5, 6, 9, 28, 51, 100, 141, 93, 8, 0, 0, 1, 1, 1, 2, 8, 17, 34, 50, 45, 4, 0, 0
16:42:45, 1155.70, 30.38, 32.68, 28.680, 7, 6, 8, 13, 39, 70, 121, 171, 117, 10, 0, 0, 3, 2, 2, 5, 16, 30, 58, 80, 73, 6, 0, 0
16:42:46, 1139.10, 30.38, 32.62, 28.680, 9, 8, 10, 18, 50, 87, 142, 200, 155, 13, 0, 0, 5, 4, 4, 8, 30, 53, 96, 131, 119, 10, 0, 0
16:42:46, 1122.70, 30.38, 32.62, 28.687, 10, 9, 12, 22, 68, 108, 177, 237, 159, 14, 0, 0, 8, 7, 8, 15, 55, 93, 160, 215, 192, 18, 0, 0
16:42:47, 1115.60, 30.33, 32.64, 28.687, 10, 9, 12, 23, 61, 96, 155, 206, 137, 12, 0, 0, 11, 9, 11, 22, 67, 110, 186, 245, 221, 20, 0, 0
16:42:48, 1108.20, 30.27, 32.62, 28.687, 12, 11, 15, 30, 80, 121, 193, 252, 167, 15, 0, 0, 12, 11, 13, 26, 80, 130, 216, 283, 260, 24, 0, 0
16:42:48, 1103.20, 30.23, 32.62, 28.695, 13, 11, 16, 31, 81, 126, 188, 254, 185, 17, 0, 0, 13, 11, 14, 29, 85, 136, 225, 288, 282, 26, 0, 0
16:42:49, 1101.10, 30.20, 32.68, 28.695, 18, 15, 23, 47, 119, 179, 265, 352, 270, 24, 0, 0, 14, 12, 16, 32, 94, 150, 244, 315, 304, 28, 0, 0
16:42:50, 1095.00, 30.18, 32.66, 28.703, 20, 17, 26, 53, 123, 180, 267, 348, 252, 23, 0, 0, 17, 15, 20, 41, 117, 182, 293, 372, 365, 34, 0, 0
16:42:50, 1098.60, 30.16, 32.62, 28.703, 20, 17, 26, 55, 141, 214, 305, 397, 433, 38, 0, 0, 14, 13, 17, 35, 95, 148, 242, 306, 338, 32, 0, 0
16:42:51, 1103.90, 30.16, 32.66, 28.703, 33, 29, 44, 95, 207, 311, 447, 584, 562, 49, 0, 0, 11, 10, 12, 25, 68, 109, 181, 235, 250, 23, 0, 0
16:42:52, 1093.20, 30.14, 32.62, 28.703, 30, 26, 39, 83, 171, 257, 365, 480, 437, 39, 0, 0, 18, 16, 21, 44, 124, 192, 311, 392, 405, 38, 0, 0
16:42:52, 1092.80, 30.13, 32.62, 28.695, 28, 24, 38, 77, 196, 286, 406, 533, 437, 40, 0, 0, 19, 17, 24, 49, 140, 215, 345, 434, 434, 40, 0, 0
16:42:53, 1093.10, 30.13, 32.64, 28.695, 32, 28, 44, 90, 212, 307, 449, 580, 443, 40, 0, 0, 18, 16, 21, 44, 126, 198, 319, 408, 409, 38, 0, 0
16:42:54, 1088.30, 30.11, 32.66, 28.695, 24, 19, 30, 62, 118, 184, 256, 332, 338, 32, 0, 0, 25, 22, 30, 63, 166, 252, 405, 505, 537, 51, 0, 0
16:42:54, 1088.70, 30.11, 32.64, 28.695, 23, 18, 29, 61, 116, 178, 245, 322, 308, 30, 0, 0, 31, 29, 40, 84, 195, 294, 466, 581, 591, 55, 0, 0
16:42:55, 1094.60, 30.10, 32.64, 28.695, 26, 21, 34, 68, 146, 215, 304, 397, 318, 30, 0, 0, 28, 25, 34, 70, 156, 243, 383, 490, 491, 46, 0, 0
16:42:56, 1090.60, 30.09, 32.64, 28.687, 48, 44, 69, 143, 291, 417, 612, 783, 672, 59, 0, 0, 21, 19, 25, 51, 162, 250, 399, 504, 508, 47, 0, 0
16:42:56, 1098.50, 30.09, 32.64, 28.687, 23, 18, 28, 59, 154, 238, 335, 439, 449, 41, 0, 0, 23, 20, 27, 56, 127, 200, 326, 413, 448, 42, 0, 0
16:42:57, 1103.20, 30.08, 32.62, 28.687, 39, 35, 51, 111, 266, 401, 588, 761, 883, 78, 0, 0, 15, 14, 17, 35, 105, 169, 281, 360, 395, 37, 0, 0
16:42:58, 1102.20, 30.08, 32.62, 28.687, 37, 34, 49, 107, 208, 318, 466, 604, 710, 63, 0, 0, 20, 18, 23, 46, 126, 201, 333, 425, 454, 43, 0, 0
16:42:58, 1102.90, 30.07, 32.62, 28.687, 39, 34, 50, 105, 251, 381, 554, 730, 695, 62, 0, 0, 28, 25, 31, 63, 204, 326, 538, 694, 708, 66, 0, 0
16:42:59, 1106.20, 30.07, 32.62, 28.695, 49, 42, 61, 129, 312, 483, 700, 914, 1038, 95, 0, 0, 41, 37, 47, 93, 263, 418, 700, 904, 1050, 102, 0, 0
16:43:00, 1113.10, 30.07, 32.60, 28.687, 53, 49, 68, 152, 336, 515, 783, 986, 1498, 144, 0, 0, 32, 29, 36, 70, 204, 333, 567, 740, 852, 82, 0, 0
16:43:00, 1115.50, 30.07, 32.62, 28.687, 71, 61, 84, 179, 420, 673, 966, 1300, 1477, 142, 0, 0, 33, 29, 35, 67, 196, 329, 567, 751, 765, 72, 0, 0
16:43:01, 1111.50, 30.07, 32.60, 28.687, 72, 62, 87, 175, 463, 704, 1056, 1405, 1203, 110, 0, 0, 48, 43, 52, 100, 311, 516, 880, 1163, 1173, 111, 0, 0
16:43:02, 1111.50, 30.07, 32.60, 28.703, 81, 67, 95, 198, 491, 778, 1130, 1487, 1808, 173, 0, 0, 59, 53, 66, 125, 354, 572, 988, 1285, 1471, 143, 0, 0
16:43:03, 1112.80, 30.08, 32.60, 28.703, 83, 76, 104, 232, 518, 796, 1232, 1527, 2501, 248, 0, 0, 60, 55, 68, 128, 374, 597, 1043, 1352, 1593, 156, 0, 0
16:43:03, 1115.40, 30.08, 32.62, 28.711, 83, 73, 99, 216, 477, 763, 1134, 1475, 2000, 195, 0, 0, 53, 47, 57, 107, 293, 488, 850, 1133, 1200, 115, 0, 0
16:43:04, 1112.30, 30.08, 32.60, 28.719, 93, 76, 106, 208, 486, 749, 1120, 1507, 1312, 120, 0, 0, 52, 48, 57, 107, 325, 544, 935, 1249, 1217, 115, 0, 0
16:43:05, 1111.20, 30.08, 32.62, 28.719, 80, 66, 93, 190, 411, 650, 951, 1258, 1366, 127, 0, 0, 60, 54, 67, 126, 370, 603, 1035, 1362, 1538, 151, 0, 0
16:43:05, 1114.30, 30.08, 32.66, 28.711, 62, 55, 75, 164, 383, 599, 927, 1169, 1748, 169, 0, 0, 64, 57, 71, 134, 379, 617, 1061, 1397, 1669, 164, 0, 0
16:43:06, 1118.00, 30.07, 32.60, 28.703, 64, 58, 77, 168, 424, 669, 1041, 1314, 2007, 194, 0, 0, 54, 49, 59, 109, 315, 524, 917, 1220, 1345, 131, 0, 0
16:43:07, 1118.50, 30.07, 32.60, 28.703, 71, 59, 79, 164, 396, 647, 960, 1305, 1401, 130, 0, 0, 47, 42, 50, 91, 274, 463, 816, 1098, 1080, 102, 0, 0
16:43:07, 1114.90, 30.06, 32.58, 28.695, 73, 61, 84, 166, 426, 668, 999, 1362, 1203, 112, 0, 0, 50, 46, 54, 100, 289, 487, 853, 1145, 1136, 108, 0, 0
16:43:08, 1112.30, 30.06, 32.62, 28.687, 75, 63, 86, 181, 389, 617, 927, 1200, 1587, 150, 0, 0, 59, 53, 66, 123, 353, 577, 996, 1319, 1522, 149, 0, 0
16:43:09, 1112.10, 30.06, 32.60, 28.687, 91, 81, 110, 240, 468, 739, 1127, 1434, 2116, 206, 0, 0, 59, 53, 65, 121, 327, 537, 928, 1230, 1395, 136, 0, 0
16:43:09, 1110.80, 30.06, 32.64, 28.680, 81, 68, 95, 202, 466, 739, 1067, 1425, 1554, 146, 0, 0, 53, 48, 58, 109, 320, 531, 914, 1216, 1230, 117, 0, 0
16:43:10, 1106.60, 30.05, 32.60, 28.680, 66, 55, 77, 159, 381, 598, 868, 1161, 1123, 104, 0, 0, 62, 56, 68, 130, 381, 625, 1063, 1405, 1405, 133, 0, 0
16:43:11, 1106.40, 30.05, 32.66, 28.680, 72, 60, 87, 178, 422, 655, 943, 1252, 1259, 117, 0, 0, 65, 59, 73, 141, 385, 625, 1062, 1394, 1469, 141, 0, 0
16:43:11, 1109.10, 30.04, 32.60, 28.680, 79, 66, 94, 200, 408, 641, 939, 1225, 1476, 138, 0, 0, 70, 62, 78, 150, 367, 599, 1025, 1351, 1459, 141, 0, 0
16:43:12, 1109.40, 30.04, 32.64, 28.687, 79, 67, 93, 199, 496, 791, 1160, 1529, 1905, 182, 0, 0, 57, 51, 63, 118, 354, 579, 998, 1321, 1451, 141, 0, 0
16:43:13, 1106.10, 30.04, 32.64, 28.687, 74, 63, 88, 188, 462, 730, 1067, 1404, 1676, 158, 0, 0, 59, 53, 66, 125, 352, 576, 986, 1304, 1386, 133, 0, 0
16:43:13, 1104.60, 30.04, 32.62, 28.680, 90, 74, 107, 221, 496, 770, 1100, 1470, 1495, 141, 0, 0, 57, 52, 64, 121, 334, 550, 940, 1249, 1294, 123, 0, 0
16:43:14, 1100.30, 30.03, 32.68, 28.680, 115, 95, 140, 292, 634, 977, 1387, 1831, 2162, 209, 0, 0, 66, 59, 75, 144, 433, 693, 1167, 1528, 1751, 172, 0, 0
16:43:15, 1101.30, 30.03, 32.64, 28.680, 88, 80, 114, 256, 527, 794, 1199, 1475, 2375, 235, 0, 0, 73, 66, 85, 164, 451, 716, 1212, 1577, 1886, 186, 0, 0
16:43:15, 1102.60, 30.03, 32.64, 28.672, 83, 72, 104, 227, 547, 847, 1213, 1574, 1901, 182, 0, 0, 61, 55, 69, 132, 378, 612, 1038, 1369, 1490, 143, 0, 0
16:43:16, 1100.40, 30.03, 32.60, 28.672, 98, 80, 119, 244, 524, 808, 1141, 1517, 1581, 150, 0, 0, 63, 57, 72, 138, 401, 649, 1098, 1444, 1538, 148, 0, 0
16:43:17, 1102.60, 30.03, 32.62, 28.672, 77, 67, 97, 213, 435, 669, 985, 1239, 1788, 173, 0, 0, 77, 69, 89, 171, 458, 730, 1234, 1610, 1863, 184, 0, 0
16:43:17, 1107.50, 30.02, 32.64, 28.672, 76, 66, 93, 204, 462, 721, 1060, 1355, 1810, 175, 0, 0, 62, 56, 70, 133, 352, 574, 984, 1303, 1402, 136, 0, 0
16:43:18, 1105.00, 30.02, 32.62, 28.680, 96, 79, 115, 230, 499, 753, 1097, 1463, 1271, 120, 0, 0, 59, 54, 66, 125, 388, 638, 1078, 1438, 1399, 133, 0, 0
16:43:19, 1102.50, 30.02, 32.64, 28.680, 78, 66, 99, 198, 437, 657, 946, 1251, 1103, 103, 0, 0, 67, 61, 76, 147, 400, 648, 1093, 1435, 1492, 142, 0, 0
16:43:19, 1105.40, 30.02, 32.62, 28.664, 90, 76, 110, 238, 467, 720, 1056, 1329, 1859, 180, 0, 0, 67, 60, 76, 146, 414, 667, 1131, 1483, 1747, 171, 0, 0
16:43:20, 1112.00, 30.02, 32.64, 28.680, 75, 66, 92, 205, 423, 659, 987, 1236, 1750, 172, 0, 0, 57, 51, 63, 119, 317, 521, 900, 1196, 1331, 129, 0, 0
16:43:21, 1113.30, 30.02, 32.62, 28.680, 107, 83, 119, 239, 601, 963, 1331, 1887, 1663, 175, 0, 0, 45, 41, 49, 91, 264, 444, 770, 1033, 1035, 98, 0, 0
16:43:21, 1112.00, 30.03, 32.60, 28.680, 93, 75, 109, 213, 468, 724, 1041, 1417, 1216, 121, 0, 0, 52, 47, 57, 108, 316, 522, 900, 1195, 1237, 118, 0, 0
16:43:22, 1113.20, 30.03, 32.64, 28.687, 85, 71, 98, 209, 510, 821, 1189, 1563, 1948, 192, 0, 0, 52, 46, 57, 105, 300, 496, 864, 1156, 1339, 130, 0, 0
16:43:23, 1116.10, 30.03, 32.60, 28.687, 92, 81, 110, 243, 565, 904, 1362, 1728, 2505, 253, 0, 0, 48, 43, 52, 96, 272, 453, 798, 1071, 1221, 118, 0, 0
16:43:23, 1117.20, 30.03, 32.62, 28.680, 116, 89, 122, 253, 593, 960, 1337, 1870, 1753, 165, 0, 0, 39, 36, 42, 77, 227, 387, 679, 921, 938, 89, 0, 0
16:43:24, 1111.30, 30.03, 32.64, 28.687, 100, 84, 123, 238, 523, 781, 1165, 1552, 1229, 112, 0, 0, 49, 45, 53, 100, 296, 495, 851, 1142, 1137, 107, 0, 0
16:43:25, 1109.20, 30.03, 32.62, 28.687, 89, 70, 103, 201, 447, 709, 1001, 1366, 1304, 134, 0, 0, 54, 49, 60, 113, 326, 535, 923, 1225, 1339, 129, 0, 0
16:43:25, 1112.80, 30.03, 32.62, 28.680, 71, 60, 83, 181, 417, 661, 982, 1245, 1733, 170, 0, 0, 56, 51, 62, 115, 321, 526, 918, 1222, 1394, 135, 0, 0
16:43:26, 1115.00, 30.03, 32.62, 28.687, 98, 79, 108, 227, 540, 902, 1262, 1738, 1858, 190, 0, 0, 43, 39, 47, 85, 247, 418, 738, 999, 1022, 97, 0, 0
16:43:27, 1110.10, 30.02, 32.64, 28.687, 94, 77, 110, 210, 471, 713, 1062, 1423, 1152, 108, 0, 0, 49, 45, 53, 99, 305, 511, 887, 1198, 1170, 111, 0, 0
16:43:27, 1107.40, 30.02, 32.62, 28.680, 81, 64, 93, 183, 419, 661, 931, 1262, 1219, 121, 0, 0, 56, 51, 62, 116, 340, 560, 968, 1290, 1350, 130, 0, 0
16:43:28, 1111.20, 30.02, 32.62, 28.680, 76, 62, 89, 190, 429, 685, 980, 1272, 1548, 152, 0, 0, 56, 51, 62, 117, 329, 539, 930, 1235, 1381, 134, 0, 0
16:43:29, 1114.30, 30.01, 32.60, 28.680, 79, 64, 89, 185, 411, 664, 941, 1271, 1323, 130, 0, 0, 49, 44, 53, 99, 279, 468, 818, 1099, 1121, 106, 0, 0
16:43:29, 1112.10, 30.01, 32.62, 28.672, 78, 64, 92, 177, 421, 640, 955, 1281, 1034, 96, 0, 0, 52, 48, 57, 107, 318, 533, 920, 1238, 1198, 113, 0, 0
16:43:30, 1110.50, 30.01, 32.62, 28.680, 76, 61, 88, 172, 399, 633, 904, 1235, 1160, 114, 0, 0, 55, 50, 60, 112, 329, 543, 944, 1260, 1371, 133, 0, 0
16:43:31, 1113.40, 30.01, 32.60, 28.680, 69, 60, 81, 175, 381, 605, 923, 1171, 1694, 167, 0, 0, 57, 51, 62, 115, 331, 546, 955, 1278, 1458, 143, 0, 0
16:43:31, 1115.30, 30.00, 32.62, 28.680, 66, 55, 74, 157, 354, 577, 842, 1130, 1256, 122, 0, 0, 46, 41, 49, 89, 254, 431, 764, 1037, 1051, 100, 0, 0
16:43:32, 1110.70, 30.00, 32.62, 28.680, 80, 66, 94, 181, 418, 639, 944, 1270, 1030, 98, 0, 0, 53, 48, 57, 107, 324, 543, 942, 1270, 1242, 118, 0, 0
16:43:33, 1108.70, 30.00, 32.68, 28.680, 72, 57, 82, 165, 370, 589, 846, 1128, 1203, 115, 0, 0, 63, 56, 69, 130, 385, 630, 1088, 1448, 1609, 157, 0, 0
16:43:33, 1111.40, 30.00, 32.62, 28.664, 66, 56, 78, 169, 370, 590, 875, 1132, 1487, 145, 0, 0, 60, 54, 66, 123, 325, 538, 940, 1261, 1391, 135, 0, 0
16:43:34, 1114.60, 30.00, 32.62, 28.664, 77, 62, 86, 178, 410, 667, 949, 1301, 1287, 128, 0, 0, 48, 44, 52, 95, 273, 462, 815, 1107, 1091, 104, 0, 0
16:43:35, 1112.60, 30.00, 32.64, 28.664, 81, 65, 93, 180, 436, 689, 986, 1352, 1210, 118, 0, 0, 50, 46, 54, 101, 297, 496, 869, 1169, 1222, 117, 0, 0
16:43:35, 1115.40, 30.00, 32.60, 28.664, 82, 69, 95, 207, 442, 704, 1053, 1335, 1861, 184, 0, 0, 54, 49, 59, 110, 305, 504, 881, 1179, 1360, 132, 0, 0
16:43:36, 1119.70, 30.00, 32.62, 28.672, 89, 74, 100, 219, 480, 789, 1145, 1520, 1808, 178, 0, 0, 42, 38, 45, 82, 222, 379, 674, 914, 957, 91, 0, 0
16:43:37, 1116.70, 30.00, 32.62, 28.672, 113, 95, 137, 260, 644, 947, 1477, 1958, 1432, 131, 0, 0, 39, 36, 42, 78, 230, 393, 687, 934, 925, 88, 0, 0
16:43:37, 1115.00, 29.99, 32.60, 28.664, 66, 55, 80, 155, 315, 481, 703, 945, 766, 74, 0, 0, 31, 28, 33, 63, 157, 262, 455, 605, 612, 57, 0, 0
16:43:38, 1122.40, 29.99, 32.62, 28.672, 43, 34, 50, 102, 256, 411, 583, 782, 787, 72, 0, 0, 14, 12, 15, 28, 78, 132, 230, 308, 342, 32, 0, 0
16:43:39, 1126.90, 29.99, 32.62, 28.672, 100, 109, 147, 320, 988, 1494, 2379, 3137, 3372, 279, 0, 0, 14, 13, 15, 28, 98, 169, 302, 413, 481, 44, 0, 0
16:43:39, 1133.80, 29.98, 32.64, 28.656, 185, 169, 198, 436, 1292, 1890, 3065, 4599, 4836, 364, 0, 0, 20, 19, 21, 37, 110, 194, 355, 492, 557, 52, 0, 0
16:43:40, 1133.30, 29.98, 32.62, 28.664, 153, 152, 211, 461, 1323, 2173, 3543, 5045, 2422, 217, 0, 0, 21, 20, 22, 38, 126, 225, 413, 576, 585, 55, 0, 0
16:43:41, 1131.60, 29.98, 32.62, 28.664, 107, 116, 149, 287, 763, 996, 2169, 2282, 1517, 146, 0, 0, 33, 30, 34, 60, 181, 319, 578, 806, 854, 82, 0, 0
16:43:41, 1127.60, 29.98, 32.62, 28.656, 89, 91, 116, 223, 553, 780, 1470, 1757, 1253, 127, 0, 0, 42, 39, 45, 80, 232, 407, 726, 1008, 987, 95, 0, 0
16:43:42, 1131.40, 29.97, 32.62, 28.656, 75, 71, 94, 169, 486, 704, 1217, 1583, 1083, 110, 0, 0, 33, 30, 34, 59, 162, 287, 527, 736, 726, 69, 0, 0
16:43:43, 1138.80, 29.96, 32.64, 28.664, 112, 81, 114, 197, 685, 1208, 1614, 2738, 1665, 148, 0, 0, 23, 21, 24, 40, 117, 211, 396, 558, 598, 56, 0, 0
16:43:43, 1143.70, 29.96, 32.66, 28.656, 203, 211, 274, 585, 1318, 2105, 3644, 4759, 3633, 298, 0, 0, 19, 18, 19, 32, 101, 183, 348, 494, 539, 50, 0, 0
16:43:44, 1149.70, 29.96, 32.56, 28.656, 176, 184, 237, 485, 1149, 1701, 3068, 4432, 3651, 279, 0, 0, 18, 16, 18, 29, 88, 160, 306, 436, 474, 43, 0, 0
16:43:45, 1154.20, 29.96, 32.60, 28.664, 139, 141, 178, 368, 1115, 1833, 3171, 4347, 4760, 398, 0, 0, 17, 16, 17, 28, 86, 158, 307, 439, 484, 44, 0, 0
16:43:45, 1157.10, 29.96, 32.62, 28.664, 157, 159, 190, 359, 830, 1449, 2330, 3781, 1721, 150, 0, 0, 17, 16, 17, 27, 84, 157, 307, 442, 457, 43, 0, 0
16:43:46, 1159.60, 29.96, 32.56, 28.664, 138, 146, 165, 297, 822, 1459, 2378, 3770, 1937, 165, 0, 0, 16, 14, 16, 25, 78, 146, 286, 414, 441, 41, 0, 0
16:43:47, 1164.60, 29.96, 32.60, 28.664, 132, 139, 154, 270, 625, 1119, 1835, 2939, 1409, 122, 0, 0, 15, 14, 14, 22, 68, 129, 257, 375, 373, 35, 0, 0
16:43:47, 1174.20, 29.95, 32.64, 28.664, 120, 116, 143, 275, 842, 1416, 2619, 3449, 4220, 310, 0, 0, 12, 11, 12, 19, 62, 116, 232, 335, 378, 33, 0, 0
16:43:48, 1181.30, 29.95, 32.62, 28.664, 93, 93, 109, 208, 582, 1014, 1945, 2671, 1819, 150, 0, 0, 10, 9, 10, 14, 49, 95, 198, 294, 284, 26, 0, 0
16:43:49, 1195.20, 29.95, 32.56, 28.672, 66, 63, 69, 115, 422, 740, 1489, 2119, 1332, 110, 0, 0, 9, 8, 8, 12, 42, 83, 173, 259, 270, 24, 0, 0
16:43:49, 1202.70, 29.95, 32.62, 28.664, 64, 64, 72, 124, 306, 556, 1064, 1593, 1271, 103, 0, 0, 7, 6, 6, 9, 30, 60, 132, 201, 186, 17, 0, 0
16:43:50, 1213.20, 29.95, 32.58, 28.664, 54, 54, 60, 100, 344, 637, 1275, 1798, 1628, 130, 0, 0, 6, 5, 5, 8, 26, 53, 117, 179, 186, 16, 0, 0
16:43:51, 1225.60, 29.95, 32.58, 28.680, 38, 37, 40, 62, 181, 343, 676, 1061, 698, 58, 0, 0, 5, 4, 4, 6, 20, 41, 93, 145, 144, 13, 0, 0
16:43:52, 1248.70, 29.95, 32.60, 28.695, 35, 35, 38, 56, 180, 355, 754, 1119, 1135, 90, 0, 0, 3, 3, 3, 3, 11, 24, 60, 96, 88, 8, 0, 0
16:43:52, 1265.50, 29.95, 32.58, 28.695, 22, 23, 24, 33, 102, 209, 464, 722, 560, 46, 0, 0, 2, 2, 2, 2, 8, 18, 47, 77, 73, 6, 0, 0
16:43:53, 1280.20, 29.95, 32.60, 28.703, 14, 14, 15, 18, 57, 119, 267, 448, 300, 25, 0, 0, 2, 1, 1, 2, 7, 15, 39, 65, 61, 5, 0, 0
16:43:54, 1307.80, 29.95, 32.62, 28.695, 12, 12, 13, 16, 49, 106, 253, 424, 329, 27, 0, 0, 1, 1, 0, 1, 3, 7, 22, 38, 33, 2, 0, 0
16:43:54, 1337.50, 29.94, 32.64, 28.695, 6, 6, 7, 8, 18, 40, 104, 183, 135, 11, 0, 0, 0, 0, 0, 0, 2, 4, 13, 24, 20, 1, 0, 0
16:43:55, 1353.10, 29.94, 32.60, 28.680, 4, 4, 4, 5, 13, 31, 87, 152, 129, 11, 0, 0, 0, 0, 0, 0, 1, 2, 9, 17, 14, 1, 0, 0
16:43:56, 1356.60, 29.93, 32.56, 28.680, 3, 3, 4, 4, 11, 26, 73, 129, 95, 8, 0, 0, 0, 0, 0, 0, 1, 2, 8, 16, 13, 0, 0, 0
16:43:56, 1361.50, 29.94, 32.58, 28.680, 3, 3, 3, 4, 9, 21, 60, 110, 73, 6, 0, 0, 0, 0, 0, 0, 1, 2, 8, 15, 12, 0, 0, 0
16:43:57, 1374.00, 29.94, 32.56, 28.672, 2, 2, 3, 3, 6, 15, 45, 85, 87, 8, 0, 0, 0, 0, 0, 0, 0, 1, 6, 13, 10, 0, 0, 0
16:43:58, 1374.80, 29.93, 32.53, 28.664, 2, 2, 3, 3, 7, 16, 48, 90, 65, 5, 0, 0, 0, 0, 0, 0, 1, 1, 6, 13, 10, 0, 0, 0
16:43:58, 1385.10, 29.93, 32.60, 28.664, 2, 2, 3, 3, 6, 15, 46, 86, 74, 6, 0, 0, 0, 0, 0, 0, 0, 1, 5, 11, 9, 0, 0, 0
16:43:59, 1399.50, 29.93, 32.62, 28.656, 1, 1, 2, 2, 5, 12, 37, 70, 51, 4, 0, 0, 0, 0, 0, 0, 0, 1, 4, 9, 7, 0, 0, 0
16:44:00, 1408.10, 29.92, 32.58, 28.656, 1, 1, 1, 2, 2, 6, 20, 39, 24, 2, 0, 0, 0, 0, 0, 0, 0, 0, 2, 6, 5, 0, 0, 0
16:44:00, 1412.00, 29.92, 32.62, 28.656, 0, 1, 1, 1, 2, 5, 19, 36, 24, 2, 0, 0, 0, 0, 0, 0, 0, 0, 2, 5, 4, 0, 0, 0
16:44:01, 1413.50, 29.92, 32.60, 28.648, 0, 0, 1, 1, 2, 5, 19, 37, 28, 2, 0, 0, 0, 0, 0, 0, 0, 0, 2, 5, 4, 0, 0, 0
16:44:02, 1412.80, 29.91, 32.58, 28.656, 0, 0, 1, 1, 2, 6, 21, 41, 26, 2, 0, 0, 0, 0, 0, 0, 0, 0, 2, 6, 4, 0, 0, 0
16:44:02, 1426.50, 29.91, 32.64, 28.656, 1, 1, 1, 2, 2, 6, 20, 40, 37, 3, 0, 0, 0, 0, 0, 0, 0, 0, 2, 5, 4, 0, 0, 0
16:44:03, 1436.40, 29.91, 32.62, 28.641, 0, 0, 1, 1, 1, 4, 14, 28, 18, 2, 0, 0, 0, 0, 0, 0, 0, 0, 1, 4, 2, 0, 0, 0
16:44:04, 1443.00, 29.90, 32.60, 28.648, 0, 0, 1, 1, 1, 3, 11, 22, 15, 1, 0, 0, 0, 0, 0, 0, 0, 0, 1, 3, 2, 0, 0, 0
16:44:04, 1449.90, 29.90, 32.60, 28.648, 0, 0, 1, 1, 1, 3, 11, 21, 17, 1, 0, 0, 0, 0, 0, 0, 0, 0, 1, 3, 2, 0, 0, 0
16:44:05, 1448.20, 29.90, 32.64, 28.648, 0, 0, 1, 1, 1, 2, 9, 19, 12, 1, 0, 0, 0, 0, 0, 0, 0, 0, 1, 3, 2, 0, 0, 0
16:44:06, 1454.70, 29.90, 32.60, 28.648, 0, 0, 1, 1, 1, 2, 10, 20, 15, 1, 0, 0, 0, 0, 0, 0, 0, 0, 1, 3, 2, 0, 0, 0
16:44:06, 1464.10, 29.90, 32.56, 28.648, 0, 0, 1, 1, 0, 2, 8, 16, 12, 1, 0, 0, 0, 0, 0, 0, 0, 0, 1, 3, 2, 0, 0, 0
16:44:07, 1468.10, 29.89, 32.60, 28.641, 0, 0, 1, 1, 0, 1, 7, 14, 10, 1, 0, 0, 0, 0, 0, 0, 0, 0, 0, 2, 1, 0, 0, 0
16:44:08, 1464.50, 29.90, 32.56, 28.648, 0, 0, 1, 0, 0, 1, 5, 10, 6, 1, 0, 0, 0, 0, 0, 0, 0, 0, 0, 2, 1, 0, 0, 0
16:44:08, 1464.10, 29.90, 32.56, 28.648, 0, 0, 0, 1, 0, 1, 4, 9, 6, 1, 0, 0, 0, 0, 0, 0, 0, 0, 0, 1, 1, 0, 0, 0
16:44:09, 1460.80, 29.90, 32.56, 28.641, 0, 0, 0, 1, 0, 1, 5, 10, 6, 1, 0, 0, 0, 0, 0, 0, 0, 0, 0, 2, 1, 0, 0, 0
16:44:10, 1455.20, 29.90, 32.58, 28.648, 0, 0, 1, 1, 0, 1, 6, 13, 7, 1, 0, 0, 0, 0, 0, 0, 0, 0, 0, 2, 2, 0, 0, 0
16:44:10, 1448.80, 29.90, 32.58, 28.648, 0, 0, 1, 1, 0, 2, 8, 15, 10, 1, 0, 0, 0, 0, 0, 0, 0, 0, 0, 3, 1, 0, 0, 0
16:44:11, 1441.30, 29.90, 32.60, 28.641, 0, 0, 1, 1, 0, 1, 6, 14, 8, 1, 0, 0, 0, 0, 0, 0, 0, 0, 0, 2, 1, 0, 0, 0
16:44:12, 1410.80, 29.90, 32.58, 28.648, 0, 0, 1, 1, 0, 1, 6, 12, 7, 1, 0, 0, 0, 0, 0, 0, 0, 0, 1, 3, 2, 0, 0, 0
16:44:12, 1378.30, 29.90, 32.60, 28.648, 0, 0, 1, 1, 0, 2, 6, 13, 10, 1, 0, 0, 0, 0, 0, 0, 0, 0, 2, 5, 3, 0, 0, 0
16:44:13, 1388.80, 29.89, 32.55, 28.648, 0, 1, 1, 1, 3, 7, 22, 43, 26, 2, 0, 0, 0, 0, 0, 0, 0, 0, 2, 5, 4, 0, 0, 0
16:44:14, 1413.20, 29.88, 32.58, 28.656, 0, 0, 1, 1, 1, 2, 8, 17, 17, 2, 0, 0, 0, 0, 0, 0, 0, 0, 1, 3, 2, 0, 0, 0
16:44:14, 1434.70, 29.87, 32.58, 28.656, 0, 0, 1, 0, 1, 3, 11, 21, 19, 2, 0, 0, 0, 0, 0, 0, 0, 0, 1, 2, 2, 0, 0, 0
16:44:15, 1436.50, 29.87, 32.58, 28.648, 0, 0, 1, 1, 0, 2, 8, 16, 14, 1, 0, 0, 0, 0, 0, 0, 0, 0, 1, 2, 2, 0, 0, 0
16:44:16, 1423.10, 29.87, 32.58, 28.656, 0, 0, 1, 1, 0, 1, 4, 9, 10, 1, 0, 0, 0, 0, 0, 0, 0, 0, 1, 3, 2, 0, 0, 0
16:44:16, 1414.30, 29.87, 32.60, 28.656, 0, 0, 0, 1, 0, 1, 4, 8, 9, 1, 0, 0, 0, 0, 0, 0, 0, 0, 1, 2, 2, 0, 0, 0
16:44:17, 1373.40, 29.87, 32.60, 28.656, 0, 0, 0, 1, 0, 1, 4, 8, 8, 1, 0, 0, 0, 0, 0, 0, 0, 0, 2, 5, 4, 0, 0, 0
16:44:18, 1380.50, 29.87, 32.55, 28.664, 0, 0, 0, 1, 0, 1, 4, 8, 8, 1, 0, 0, 0, 0, 0, 0, 0, 0, 1, 3, 2, 0, 0, 0
16:44:18, 1411.70, 29.87, 32.60, 28.664, 0, 0, 1, 1, 0, 1, 6, 11, 9, 1, 0, 0, 0, 0, 0, 0, 0, 0, 0, 1, 1, 0, 0, 0
16:44:19, 1440.40, 29.86, 32.58, 28.687, 0, 0, 0, 0, 0, 0, 2, 4, 3, 0, 0, 0, 0, 0, 0, 0, 0, 0, 0, 1, 0, 0, 0, 0
16:44:20, 1441.40, 29.87, 32.56, 28.687, 0, 0, 0, 0, 0, 0, 2, 3, 2, 0, 0, 0, 0, 0, 0, 0, 0, 0, 0, 0, 0, 0, 0, 0
16:44:20, 1412.10, 29.88, 32.56, 28.687, 0, 0, 0, 0, 0, 0, 2, 4, 3, 0, 0, 0, 0, 0, 0, 0, 0, 0, 0, 1, 0, 0, 0, 0
16:44:21, 1351.50, 29.89, 32.58, 28.687, 0, 0, 0, 1, 0, 1, 5, 9, 6, 1, 0, 0, 0, 0, 0, 0, 0, 0, 1, 3, 2, 0, 0, 0
16:44:22, 1331.80, 29.89, 32.58, 28.695, 0, 0, 1, 1, 1, 4, 13, 24, 15, 1, 0, 0, 0, 0, 0, 0, 0, 1, 3, 7, 6, 0, 0, 0
16:44:22, 1355.10, 29.88, 32.56, 28.695, 0, 0, 1, 1, 0, 2, 6, 11, 10, 1, 0, 0, 0, 0, 0, 0, 0, 0, 2, 5, 3, 0, 0, 0
16:44:23, 1389.60, 29.88, 32.55, 28.680, 0, 0, 1, 1, 0, 1, 6, 11, 7, 1, 0, 0, 0, 0, 0, 0, 0, 0, 1, 3, 2, 0, 0, 0
16:44:24, 1422.50, 29.87, 32.58, 28.680, 0, 0, 0, 1, 0, 1, 5, 9, 6, 1, 0, 0, 0, 0, 0, 0, 0, 0, 0, 2, 1, 0, 0, 0
16:44:24, 1449.80, 29.87, 32.58, 28.680, 0, 0, 0, 1, 0, 0, 3, 6, 3, 0, 0, 0, 0, 0, 0, 0, 0, 0, 0, 1, 0, 0, 0, 0
16:44:25, 1482.50, 29.86, 32.55, 28.680, 0, 0, 0, 0, 0, 0, 2, 4, 3, 0, 0, 0, 0, 0, 0, 0, 0, 0, 0, 0, 0, 0, 0, 0
16:44:26, 1495.00, 29.86, 32.55, 28.680, 0, 0, 0, 0, 0, 0, 2, 3, 2, 0, 0, 0, 0, 0, 0, 0, 0, 0, 0, 0, 0, 0, 0, 0
16:44:26, 1497.50, 29.86, 32.56, 28.680, 0, 0, 0, 0, 0, 0, 2, 3, 2, 0, 0, 0, 0, 0, 0, 0, 0, 0, 0, 0, 0, 0, 0, 0
16:44:27, 1495.60, 29.87, 32.58, 28.664, 0, 0, 0, 0, 0, 0, 2, 4, 3, 0, 0, 0, 0, 0, 0, 0, 0, 0, 0, 0, 0, 0, 0, 0
16:44:28, 1501.90, 29.87, 32.58, 28.664, 0, 0, 0, 0, 0, 0, 2, 4, 3, 0, 0, 0, 0, 0, 0, 0, 0, 0, 0, 0, 0, 0, 0, 0
16:44:28, 1495.60, 29.87, 32.58, 28.664, 0, 0, 0, 0, 0, 0, 2, 4, 3, 0, 0, 0, 0, 0, 0, 0, 0, 0, 0, 0, 0, 0, 0, 0
16:44:29, 1489.70, 29.88, 32.55, 28.664, 0, 0, 0, 0, 0, 0, 2, 5, 4, 0, 0, 0, 0, 0, 0, 0, 0, 0, 0, 0, 0, 0, 0, 0
16:44:30, 1476.60, 29.88, 32.55, 28.664, 0, 0, 0, 0, 0, 0, 3, 5, 5, 0, 0, 0, 0, 0, 0, 0, 0, 0, 0, 1, 0, 0, 0, 0
16:44:30, 1455.90, 29.89, 32.55, 28.664, 0, 0, 0, 1, 0, 1, 4, 8, 7, 1, 0, 0, 0, 0, 0, 0, 0, 0, 0, 1, 1, 0, 0, 0
16:44:31, 1441.00, 29.88, 32.53, 28.656, 0, 0, 1, 1, 0, 1, 6, 12, 10, 1, 0, 0, 0, 0, 0, 0, 0, 0, 0, 1, 1, 0, 0, 0
16:44:32, 1424.70, 29.89, 32.51, 28.656, 0, 0, 1, 1, 0, 2, 8, 16, 14, 1, 0, 0, 0, 0, 0, 0, 0, 0, 0, 2, 2, 0, 0, 0
16:44:32, 1406.40, 29.89, 32.55, 28.656, 0, 0, 1, 1, 1, 3, 13, 24, 22, 2, 0, 0, 0, 0, 0, 0, 0, 0, 1, 3, 3, 0, 0, 0
16:44:33, 1391.00, 29.89, 32.55, 28.648, 0, 0, 1, 1, 3, 5, 17, 32, 28, 2, 0, 0, 0, 0, 0, 0, 0, 0, 2, 4, 4, 0, 0, 0
16:44:34, 1374.60, 29.89, 32.56, 28.648, 1, 1, 1, 2, 4, 7, 25, 46, 38, 3, 0, 0, 0, 0, 0, 0, 0, 0, 2, 6, 5, 0, 0, 0
16:44:34, 1358.70, 29.89, 32.51, 28.656, 1, 1, 2, 2, 5, 11, 35, 64, 52, 4, 0, 0, 0, 0, 0, 0, 0, 1, 4, 9, 7, 0, 0, 0
16:44:35, 1349.70, 29.89, 32.56, 28.656, 1, 2, 2, 3, 6, 14, 42, 75, 54, 4, 0, 0, 0, 0, 0, 0, 0, 1, 5, 10, 8, 0, 0, 0
16:44:36, 1334.60, 29.89, 32.56, 28.656, 2, 2, 3, 3, 9, 20, 59, 102, 71, 6, 0, 0, 0, 0, 0, 0, 1, 2, 7, 13, 11, 0, 0, 0
16:44:36, 1319.50, 29.89, 32.55, 28.648, 4, 3, 4, 4, 13, 29, 82, 138, 98, 8, 0, 0, 0, 0, 0, 0, 1, 3, 10, 18, 16, 1, 0, 0
16:44:37, 1315.50, 29.89, 32.56, 28.648, 4, 4, 5, 5, 16, 37, 98, 161, 130, 10, 0, 0, 0, 0, 0, 0, 1, 3, 10, 20, 17, 1, 0, 0
16:44:38, 1313.80, 29.88, 32.51, 28.648, 4, 4, 5, 6, 16, 37, 98, 162, 125, 10, 0, 0, 0, 0, 0, 0, 1, 3, 10, 19, 17, 1, 0, 0
16:44:39, 1301.20, 29.88, 32.53, 28.656, 4, 4, 5, 6, 18, 39, 103, 172, 119, 10, 0, 0, 0, 0, 0, 0, 2, 4, 12, 22, 18, 1, 0, 0
16:44:39, 1290.40, 29.88, 32.58, 28.656, 5, 5, 5, 6, 19, 42, 105, 177, 96, 8, 0, 0, 0, 0, 0, 0, 2, 5, 15, 27, 24, 2, 0, 0
16:44:40, 1279.60, 29.88, 32.51, 28.656, 6, 6, 7, 8, 25, 54, 131, 215, 128, 10, 0, 0, 1, 0, 0, 0, 3, 6, 17, 31, 27, 2, 0, 0
16:44:41, 1263.40, 29.87, 32.53, 28.648, 7, 7, 7, 9, 30, 64, 150, 242, 130, 11, 0, 0, 1, 0, 0, 1, 4, 8, 23, 39, 33, 2, 0, 0
16:44:41, 1244.80, 29.87, 32.53, 28.656, 9, 9, 10, 12, 42, 87, 194, 308, 142, 12, 0, 0, 1, 1, 1, 1, 6, 13, 32, 55, 45, 4, 0, 0
16:44:42, 1233.50, 29.87, 32.55, 28.656, 11, 11, 13, 17, 55, 109, 234, 364, 172, 14, 0, 0, 2, 1, 1, 2, 7, 15, 36, 60, 49, 4, 0, 0
16:44:43, 1216.40, 29.87, 32.55, 28.656, 12, 12, 14, 19, 63, 122, 251, 394, 164, 14, 0, 0, 2, 2, 2, 2, 10, 21, 49, 80, 64, 5, 0, 0
16:44:43, 1207.30, 29.87, 32.55, 28.664, 15, 15, 17, 25, 88, 166, 328, 496, 244, 20, 0, 0, 3, 2, 2, 3, 12, 24, 56, 88, 74, 6, 0, 0
16:44:44, 1191.10, 29.87, 32.47, 28.664, 18, 17, 19, 31, 95, 176, 344, 522, 267, 22, 0, 0, 3, 3, 3, 4, 16, 32, 72, 112, 93, 8, 0, 0
16:44:45, 1158.10, 29.87, 32.55, 28.664, 28, 27, 32, 55, 161, 277, 496, 729, 366, 31, 0, 0, 8, 7, 7, 11, 38, 73, 147, 218, 179, 16, 0, 0
16:44:45, 1119.40, 29.87, 32.56, 28.664, 48, 46, 57, 113, 343, 559, 940, 1322, 998, 81, 0, 0, 12, 10, 11, 19, 74, 130, 244, 338, 332, 30, 0, 0
16:44:46, 1068.20, 29.87, 32.53, 28.664, 169, 158, 231, 489, 1827, 2609, 3930, 5204, 4330, 363, 0, 0, 33, 30, 40, 82, 333, 499, 790, 1004, 1319, 128, 0, 0
16:44:47, 1072.00, 29.88, 32.53, 28.687, 110, 92, 158, 313, 5437, 7275, 10073, 13222, 13303, 1230, 0, 0, 64, 61, 89, 189, 474, 698, 1088, 1374, 1848, 174, 0, 0
16:44:47, 1068.60, 29.88, 32.51, 28.711, 1018, 1313, 2440, 5195, 8891, 11187, 17052, 19295, 24741, 2260, 0, 0, 70, 67, 99, 210, 512, 754, 1171, 1479, 2101, 196, 0, 0
16:44:48, 1054.40, 29.88, 32.53, 28.711, 1031, 1478, 2890, 5390, 7133, 8835, 11244, 16058, 27555, 3126, 0, 0, 113, 113, 186, 387, 938, 1296, 1919, 2352, 3747, 358, 0, 0
16:44:49, 1027.30, 29.89, 32.53, 28.727, 2304, 2694, 6183, 9742, 15207, 18747, 22711, 26713, 36000, 7000, 1, 1, 123, 131, 230, 468, 1071, 1403, 1994, 2382, 4049, 405, 0, 0
16:44:49, 1009.40, 29.89, 32.56, 28.742, 6918, 12561, 19470, 23366, 36000, 36000, 36000, 36000, 36000, 36000, 1, 1, 544, 799, 1297, 1953, 5292, 5503, 6944, 7702, 22985, 7250, 0, 0
16:44:50, 1009.50, 29.90, 32.58, 28.742, 13816, 28113, 36000, 36000, 36000, 36000, 36000, 36000, 36000, 36000, 1, 1, 2005, 3179, 4572, 5592, 6845, 7122, 8710, 9383, 29064, 8652, 0, 0
16:44:51, 1009.10, 29.84, 32.53, 28.773, 15460, 24362, 35496, 35150, 36000, 36000, 36000, 36000, 36000, 24086, 1, 1, 2918, 4531, 6521, 7725, 14661, 15360, 18764, 21342, 36000, 22084, 1, 1
16:44:51, 1009.50, 29.90, 32.53, 28.695, 15368, 23311, 32054, 36000, 36000, 36000, 36000, 36000, 36000, 36000, 1, 1, 9034, 15529, 20009, 25368, 33466, 34649, 36000, 36000, 36000, 36000, 1, 1
16:44:52, 1009.10, 29.87, 32.58, 28.695, 6400, 9481, 10981, 17952, 15523, 21301, 27954, 35009, 11874, 7044, 0, 1, 4039, 6938, 8753, 11334, 12806, 14522, 16665, 20376, 36000, 20806, 1, 1
16:44:53, 1009.10, 29.88, 32.55, 28.570, 3957, 6286, 7002, 11630, 12434, 13364, 19014, 21237, 8948, 5562, 0, 0, 3408, 5726, 7393, 9295, 8714, 9713, 11387, 13617, 30355, 13860, 0, 0
16:44:53, 1009.70, 29.92, 32.55, 28.414, 291, 430, 517, 750, 748, 893, 1349, 1409, 5923, 3809, 0, 0, 2451, 4021, 5241, 6467, 6521, 7267, 8487, 10226, 22775, 11069, 0, 0
16:44:54, 1009.60, 29.95, 32.55, 28.414, 276, 425, 533, 735, 802, 907, 1389, 1487, 6498, 4102, 0, 0, 1483, 2330, 3087, 3663, 4262, 4846, 5648, 6923, 15824, 8458, 0, 0
