Secchi Depth (cm) = 9999
Forel Ule Scale = 99
pH Colour Scale = 99
SensingSecchi S/N = A017
Latitude (degs N) = 34.31837
Longitude (degs E) = -77.95377
Date = 2026-06-18
Time (UTC), Pressure (mbar) MS5803, Temp (deg C) MS5803, Temp (deg C) 10KTHERM, Temp (deg C) TMP117, ED 415nm, ED 445nm, ED 480nm, ED 515nm, ED 555nm, ED 590nm, ED 630nm, ED 680nm, ED Clear, ED NIR, ED D-SAT, ED A-SAT, EU 415nm, EU 445nm, EU 480nm, EU 515nm, EU 555nm, EU 590nm, EU 630nm, EU 680nm, EU Clear, EU NIR, EU D-SAT, EU A-SAT
18:01:48, 1001.00, 34.12, 36.96, 34.367, 1655, 2500, 3401, 3707, 4354, 4081, 5054, 5551, 27344, 11713, 0, 0, 4974, 7648, 10298, 12823, 15134, 14277, 21333, 22703, 36000, 36000, 1, 1
18:01:48, 1001.00, 34.12, 37.00, 34.391, 1629, 2443, 3332, 3608, 4279, 4021, 4990, 5420, 27081, 11478, 0, 0, 4925, 7713, 10417, 12973, 15552, 14438, 21797, 23062, 36000, 36000, 1, 1
18:01:49, 1000.90, 34.12, 37.02, 34.391, 1575, 2377, 3229, 3486, 4103, 3889, 4772, 5161, 25799, 10884, 0, 0, 4802, 7491, 10149, 12628, 15122, 13904, 21231, 22155, 36000, 36000, 1, 1
18:01:50, 1000.90, 34.12, 37.02, 34.414, 1484, 2239, 3013, 3290, 3754, 3557, 4335, 4696, 23269, 9452, 0, 0, 4403, 6844, 9279, 11509, 14055, 12478, 19873, 20228, 36000, 36000, 1, 1
18:01:50, 1001.00, 34.12, 37.02, 34.445, 1208, 1821, 2407, 2669, 2774, 2677, 3160, 3325, 16713, 6034, 0, 0, 4955, 7032, 9373, 10949, 13214, 13318, 18526, 22109, 36000, 36000, 1, 1
18:01:51, 1000.70, 34.11, 37.04, 34.445, 741, 1111, 1419, 1630, 1515, 1503, 1736, 1772, 9634, 3216, 0, 0, 6355, 8860, 12278, 13711, 27373, 27739, 33331, 34841, 36000, 36000, 1, 1
18:01:52, 1000.90, 34.11, 37.08, 34.500, 427, 701, 1014, 1251, 2330, 2589, 3088, 3487, 10368, 3474, 0, 0, 36000, 36000, 36000, 36000, 36000, 36000, 36000, 36000, 36000, 36000, 1, 1
18:01:52, 1000.80, 34.11, 37.06, 34.500, 188, 261, 369, 422, 1552, 1547, 2181, 2224, 5262, 2574, 0, 0, 8246, 10509, 15850, 17214, 31703, 32959, 35925, 36000, 36000, 36000, 1, 1
18:01:53, 1000.70, 34.11, 37.02, 34.492, 6981, 12077, 17031, 20634, 35505, 34039, 36000, 36000, 36000, 32721, 1, 1, 7047, 11700, 15822, 20175, 14327, 15385, 18319, 20432, 36000, 21487, 1, 1
18:01:54, 1000.60, 34.11, 37.06, 34.484, 9822, 18618, 23063, 28176, 35544, 36000, 36000, 36000, 36000, 36000, 1, 1, 3732, 5962, 8676, 11125, 11875, 12759, 15778, 17497, 36000, 18763, 1, 1
18:01:54, 1000.30, 34.11, 37.04, 34.484, 10276, 19316, 24617, 28744, 27859, 30743, 30757, 36000, 36000, 36000, 1, 1, 1466, 2169, 3292, 4631, 4951, 5696, 7185, 8165, 21203, 4733, 0, 0
18:01:55, 1011.00, 34.11, 37.04, 34.422, 15508, 21327, 31467, 36000, 36000, 36000, 36000, 36000, 36000, 36000, 1, 1, 480, 659, 1230, 2046, 2665, 3223, 4378, 4975, 9248, 1117, 0, 0
18:01:56, 1012.60, 34.10, 37.02, 33.031, 15348, 23717, 32859, 36000, 36000, 36000, 36000, 36000, 36000, 36000, 1, 1, 412, 534, 1025, 1779, 2879, 3518, 4789, 5475, 10985, 1340, 0, 0
18:01:56, 1011.70, 34.08, 37.06, 33.031, 13245, 21386, 27562, 30304, 24925, 27638, 28503, 27573, 35988, 28266, 0, 1, 405, 524, 1012, 1785, 3134, 3806, 5235, 5913, 11851, 1427, 0, 0
18:01:57, 1010.90, 34.02, 37.02, 30.977, 1828, 2427, 3584, 4970, 2527, 3448, 3424, 3840, 9799, 1982, 0, 0, 473, 619, 1200, 2101, 3150, 3831, 5277, 5973, 11084, 1316, 0, 0
18:01:58, 1013.80, 33.94, 37.00, 29.875, 634, 866, 1334, 1858, 5225, 6711, 7328, 8131, 21637, 4647, 0, 0, 511, 675, 1310, 2312, 4686, 5600, 7679, 8597, 15326, 1798, 0, 0
18:01:58, 1012.50, 33.84, 37.02, 29.875, 2033, 2520, 3801, 6135, 4311, 6557, 6445, 7127, 15717, 2981, 0, 0, 579, 762, 1489, 2609, 4516, 5426, 7449, 8347, 13270, 1502, 0, 0
18:01:59, 1012.70, 33.74, 37.00, 29.312, 1893, 1856, 3276, 3850, 4883, 6810, 5657, 7787, 10774, 2276, 0, 0, 572, 738, 1431, 2499, 4444, 5361, 7337, 8239, 13087, 1482, 0, 0
18:02:00, 1012.40, 33.63, 37.00, 29.016, 2253, 2200, 4263, 4290, 20905, 21033, 23069, 26603, 22685, 4128, 0, 0, 588, 754, 1460, 2537, 4060, 4899, 6769, 7593, 11617, 1315, 0, 0
18:02:00, 1017.50, 33.52, 36.98, 29.016, 4856, 3919, 8062, 8584, 9245, 15845, 11056, 16500, 18766, 3680, 0, 0, 530, 689, 1347, 2379, 5090, 6090, 8361, 9323, 14470, 1655, 0, 0
18:02:01, 1016.00, 33.43, 36.96, 28.820, 1363, 1683, 2783, 4065, 5177, 6212, 7025, 8176, 16265, 2294, 0, 0, 393, 471, 935, 1726, 4257, 5173, 7113, 7991, 11447, 1203, 0, 0
18:02:01, 1013.20, 33.35, 36.98, 28.687, 775, 983, 1720, 2094, 5353, 6171, 5916, 8456, 8719, 1548, 0, 0, 619, 804, 1569, 2743, 3873, 4714, 6485, 7292, 10827, 1187, 0, 0
18:02:02, 1011.00, 33.27, 36.92, 28.687, 1787, 1890, 3608, 3755, 5197, 5419, 6189, 7966, 9195, 1793, 0, 0, 481, 604, 1173, 2074, 4222, 5072, 6981, 7809, 11773, 1339, 0, 0
18:02:03, 1012.20, 33.19, 36.94, 28.617, 820, 940, 1591, 2059, 3479, 4817, 4710, 5607, 11271, 2114, 0, 0, 661, 898, 1726, 2982, 4785, 5677, 7797, 8625, 14939, 1800, 0, 0
18:02:03, 1017.30, 33.12, 36.94, 28.562, 1921, 2665, 3986, 5157, 2530, 3106, 3328, 3894, 8445, 1559, 0, 0, 662, 887, 1715, 2991, 3571, 4333, 6050, 6713, 10813, 1197, 0, 0
18:02:04, 1012.30, 33.06, 36.92, 28.562, 748, 906, 1562, 2028, 2597, 3004, 3245, 3968, 6712, 1266, 0, 0, 536, 684, 1354, 2423, 3841, 4655, 6394, 7094, 10204, 1064, 0, 0
18:02:05, 1012.50, 33.01, 36.94, 28.523, 4822, 5234, 9902, 8196, 5039, 5918, 5296, 7260, 9351, 2577, 0, 0, 628, 832, 1616, 2785, 3804, 4614, 6322, 7038, 11318, 1276, 0, 0
18:02:05, 1015.00, 32.95, 36.94, 28.508, 1268, 1366, 2289, 3167, 2988, 4322, 4025, 4798, 9591, 1686, 0, 0, 578, 770, 1519, 2664, 4081, 4898, 6690, 7345, 11797, 1319, 0, 0
18:02:06, 1010.20, 32.91, 36.92, 28.508, 2336, 2360, 4240, 4819, 4138, 4829, 4722, 6014, 8976, 2205, 0, 0, 624, 829, 1635, 2855, 5127, 6031, 8108, 8884, 14519, 1633, 0, 0
18:02:07, 1011.90, 32.86, 36.90, 28.492, 5943, 10174, 13237, 16313, 5424, 7955, 6377, 8629, 13006, 2769, 0, 0, 673, 921, 1769, 3031, 4164, 4982, 6793, 7503, 13114, 1549, 0, 0
18:02:07, 1013.50, 32.82, 36.90, 28.477, 1445, 1421, 2392, 3481, 2990, 3982, 3993, 4864, 8861, 1477, 0, 0, 707, 942, 1838, 3190, 4202, 5050, 6886, 7611, 11915, 1298, 0, 0
18:02:08, 1010.70, 32.78, 36.88, 28.477, 1225, 1716, 2817, 3330, 3728, 3658, 4353, 5148, 7152, 1234, 0, 0, 633, 858, 1662, 2827, 5059, 5945, 8097, 8774, 12902, 1409, 0, 0
18:02:09, 1009.50, 32.74, 36.94, 28.461, 2147, 2237, 4029, 4611, 3532, 4255, 4345, 5256, 9884, 2218, 0, 0, 708, 973, 1868, 3187, 4852, 5681, 7709, 8370, 14975, 1876, 0, 0
18:02:09, 1016.60, 32.71, 36.92, 28.453, 2764, 3629, 5496, 7666, 11167, 13323, 15345, 18485, 29280, 7474, 0, 0, 544, 751, 1444, 2496, 4451, 5325, 7239, 8010, 14563, 1698, 0, 0
18:02:10, 1011.70, 32.68, 36.92, 28.453, 1170, 1502, 2533, 3256, 10616, 11842, 10578, 15678, 13248, 2456, 0, 0, 572, 765, 1512, 2639, 5535, 6448, 8719, 9474, 14140, 1579, 0, 0
18:02:11, 1014.60, 32.65, 36.90, 28.445, 2948, 3590, 6475, 6762, 4397, 4984, 5151, 6665, 9271, 1874, 0, 0, 634, 836, 1627, 2847, 4312, 5167, 7080, 7814, 12676, 1381, 0, 0
18:02:11, 1015.90, 32.63, 36.82, 28.437, 3776, 5788, 8264, 9721, 22992, 21900, 25007, 29073, 29975, 7738, 0, 0, 716, 1000, 1885, 3139, 4361, 5224, 7130, 7898, 13331, 1547, 0, 0
18:02:12, 1019.00, 32.60, 36.90, 28.437, 1543, 1860, 3247, 4203, 9285, 12434, 11101, 16521, 15776, 2345, 0, 0, 486, 620, 1246, 2265, 4021, 4877, 6727, 7445, 11517, 1219, 0, 0
18:02:13, 1011.00, 32.58, 36.90, 28.437, 1730, 1603, 3037, 3263, 5980, 8164, 6667, 9606, 11666, 2639, 0, 0, 714, 971, 1878, 3205, 4133, 4949, 6718, 7385, 11778, 1286, 0, 0
18:02:13, 1014.90, 32.56, 36.86, 28.437, 2152, 2140, 4097, 3837, 4249, 5523, 4924, 6732, 9459, 1810, 0, 0, 484, 635, 1254, 2229, 4431, 5302, 7174, 7871, 12874, 1452, 0, 0
18:02:14, 1010.30, 32.54, 36.92, 28.437, 3975, 6075, 9511, 11522, 5283, 6611, 5895, 7895, 11706, 2257, 0, 0, 669, 919, 1796, 3088, 4455, 5260, 7092, 7695, 12960, 1499, 0, 0
18:02:15, 1012.10, 32.52, 36.92, 28.430, 1648, 2010, 3500, 3835, 2539, 3189, 3265, 3937, 7368, 1281, 0, 0, 469, 608, 1212, 2171, 4672, 5538, 7414, 7998, 13308, 1518, 0, 0
18:02:15, 1011.40, 32.50, 36.86, 28.437, 1584, 1726, 2968, 3350, 18582, 18743, 21768, 27108, 19850, 3582, 0, 0, 537, 723, 1400, 2406, 4796, 5611, 7598, 8202, 13105, 1493, 0, 0
18:02:16, 1014.50, 32.48, 36.82, 28.437, 2699, 2838, 5334, 5432, 5319, 5916, 6314, 7864, 11497, 2251, 0, 0, 624, 842, 1657, 2895, 4205, 5006, 6759, 7287, 12255, 1342, 0, 0
18:02:17, 1011.60, 32.47, 36.84, 28.437, 868, 1082, 1831, 2404, 3876, 5872, 5334, 6288, 12994, 2756, 0, 0, 592, 801, 1563, 2709, 3865, 4642, 6319, 6961, 11303, 1243, 0, 0
18:02:17, 1023.20, 32.45, 36.84, 28.437, 1080, 1334, 2023, 3060, 2763, 3742, 4074, 4376, 10343, 1721, 0, 0, 368, 454, 913, 1690, 2674, 3325, 4626, 5155, 8162, 832, 0, 0
18:02:18, 1011.20, 32.43, 36.86, 28.437, 1239, 1230, 2314, 3138, 1840, 2066, 2489, 2794, 5192, 696, 0, 0, 547, 699, 1401, 2513, 4176, 5022, 6800, 7480, 11487, 1202, 0, 0
18:02:19, 1011.80, 32.41, 36.86, 28.414, 3875, 4377, 7726, 7187, 7317, 7973, 8049, 10293, 7850, 1661, 0, 0, 623, 835, 1618, 2780, 4461, 5288, 7219, 7927, 13874, 1683, 0, 0
18:02:19, 1013.10, 32.40, 36.82, 28.414, 1902, 1909, 3184, 4599, 8134, 13678, 10737, 14998, 19276, 3148, 0, 0, 581, 768, 1492, 2613, 4481, 5350, 7316, 7934, 13284, 1522, 0, 0
18:02:20, 1012.60, 32.38, 36.90, 28.414, 1382, 1628, 2697, 3283, 3035, 3404, 3818, 4323, 10694, 2082, 0, 0, 812, 1131, 2170, 3681, 5211, 6132, 8280, 9010, 14982, 1690, 0, 0
18:02:21, 1013.40, 32.37, 36.88, 28.414, 2678, 2417, 4261, 5338, 3936, 4696, 4836, 5970, 9755, 2016, 0, 0, 631, 854, 1658, 2848, 4489, 5304, 7202, 7855, 13842, 1611, 0, 0
18:02:21, 1015.60, 32.35, 36.82, 28.414, 2463, 2001, 3878, 5079, 4390, 5302, 5390, 6916, 9662, 1556, 0, 0, 518, 672, 1342, 2387, 3770, 4540, 6171, 6784, 10998, 1181, 0, 0
18:02:22, 1015.70, 32.33, 36.84, 28.414, 1739, 1935, 3274, 4092, 3553, 4640, 4729, 5516, 10754, 2140, 0, 0, 636, 876, 1726, 2981, 4630, 5483, 7408, 8057, 13494, 1475, 0, 0
18:02:23, 1015.30, 32.32, 36.88, 28.422, 671, 832, 1437, 1881, 3606, 4597, 4489, 5633, 10379, 2183, 0, 0, 469, 602, 1196, 2143, 3381, 4114, 5631, 6245, 10032, 1068, 0, 0
18:02:23, 1020.10, 32.30, 36.82, 28.422, 979, 1081, 1905, 2521, 6034, 9505, 8413, 10696, 16472, 2576, 0, 0, 445, 568, 1141, 2074, 3952, 4789, 6549, 7232, 12447, 1329, 0, 0
18:02:24, 1016.80, 32.28, 36.86, 28.422, 3793, 5576, 8660, 12554, 24896, 24342, 29108, 31604, 29513, 7274, 0, 0, 487, 627, 1259, 2267, 5756, 6749, 9133, 9931, 16075, 1828, 0, 0
18:02:25, 1013.60, 32.27, 36.86, 28.422, 1595, 1667, 2861, 3861, 3221, 4577, 4506, 5034, 12018, 2233, 0, 0, 521, 713, 1414, 2494, 4005, 4797, 6490, 7123, 13568, 1472, 0, 0
18:02:25, 1018.10, 32.25, 36.82, 28.422, 709, 958, 1577, 2263, 22539, 23308, 25258, 29222, 31482, 7281, 0, 0, 360, 440, 896, 1670, 3931, 4742, 6469, 7084, 10378, 1042, 0, 0
18:02:26, 1010.30, 32.24, 36.80, 28.422, 677, 871, 1591, 1991, 2422, 2630, 3030, 3504, 6009, 1067, 0, 0, 551, 701, 1406, 2516, 3777, 4565, 6184, 6809, 10084, 1045, 0, 0
18:02:27, 1011.40, 32.22, 36.80, 28.430, 1131, 1259, 2174, 2508, 6195, 8878, 7145, 10268, 12551, 2345, 0, 0, 480, 625, 1248, 2229, 4892, 5772, 7695, 8310, 16061, 1961, 0, 0
18:02:27, 1016.50, 32.21, 36.82, 28.430, 1421, 1976, 2895, 4344, 3919, 4879, 6030, 5828, 19251, 3711, 0, 0, 643, 894, 1748, 3007, 4718, 5598, 7420, 8010, 14861, 1634, 0, 0
18:02:28, 1021.60, 32.20, 36.82, 28.430, 2058, 1920, 3195, 5178, 4746, 7204, 6792, 8090, 15565, 2376, 0, 0, 634, 846, 1693, 3002, 4904, 5805, 7810, 8397, 12935, 1340, 0, 0
18:02:29, 1013.40, 32.19, 36.84, 28.437, 1468, 1589, 3084, 3520, 4698, 4996, 5419, 6955, 8490, 1204, 0, 0, 559, 730, 1484, 2654, 4628, 5514, 7377, 8008, 11542, 1141, 0, 0
18:02:29, 1015.10, 32.18, 36.84, 28.437, 1408, 1723, 2861, 3394, 6209, 6691, 7308, 9466, 11267, 1856, 0, 0, 515, 654, 1308, 2334, 4160, 4999, 6737, 7338, 11468, 1178, 0, 0
18:02:30, 1012.20, 32.17, 36.86, 28.445, 3201, 2927, 5577, 5963, 2745, 3380, 3358, 4179, 7382, 1530, 0, 0, 721, 985, 1925, 3298, 5560, 6502, 8688, 9344, 15130, 1668, 0, 0
18:02:31, 1009.70, 32.16, 36.84, 28.445, 1142, 1326, 2365, 2884, 4806, 6441, 5706, 7553, 12034, 2435, 0, 0, 508, 656, 1311, 2326, 4625, 5470, 7331, 7950, 12905, 1439, 0, 0
18:02:31, 1012.10, 32.15, 36.78, 28.445, 1521, 1579, 2657, 3131, 2878, 3352, 3662, 4248, 9200, 1768, 0, 0, 677, 911, 1777, 3065, 5024, 5961, 8033, 8601, 15330, 1765, 0, 0
18:02:32, 1020.60, 32.13, 36.82, 28.445, 2082, 1972, 3477, 4664, 10708, 12956, 12912, 17023, 26515, 4678, 0, 0, 391, 493, 989, 1813, 4112, 4934, 6619, 7233, 14119, 1643, 0, 0
18:02:33, 1020.00, 32.12, 36.80, 28.437, 1130, 1165, 2117, 3095, 22238, 23772, 26953, 31967, 32270, 4214, 0, 0, 307, 359, 736, 1421, 2714, 3356, 4614, 5062, 8060, 804, 0, 0
18:02:33, 1009.50, 32.11, 36.82, 28.437, 643, 888, 1498, 1853, 4744, 5003, 5188, 6945, 7090, 1277, 0, 0, 686, 934, 1836, 3160, 4655, 5531, 7387, 7967, 11314, 1164, 0, 0
18:02:34, 1013.50, 32.10, 36.82, 28.445, 4726, 3531, 7627, 6872, 15494, 16509, 17582, 22881, 23633, 4421, 0, 0, 583, 799, 1552, 2680, 4311, 5098, 6805, 7416, 13190, 1540, 0, 0
18:02:35, 1023.10, 32.09, 36.76, 28.453, 1038, 1161, 1989, 2736, 3364, 4534, 4586, 5378, 10166, 1505, 0, 0, 454, 576, 1174, 2168, 3242, 3983, 5462, 5944, 10092, 1019, 0, 0
18:02:35, 1013.50, 32.08, 36.78, 28.453, 2316, 3285, 5314, 7128, 2992, 3815, 3853, 4708, 8926, 1405, 0, 0, 615, 812, 1640, 2929, 4748, 5666, 7620, 8299, 13093, 1367, 0, 0
18:02:36, 1016.30, 32.07, 36.80, 28.453, 1818, 1709, 3178, 3604, 3042, 3810, 3805, 4792, 7170, 1267, 0, 0, 468, 588, 1197, 2175, 3596, 4374, 5907, 6435, 9898, 988, 0, 0
18:02:37, 1014.10, 32.06, 36.84, 28.461, 1673, 1609, 3033, 3580, 3469, 4513, 4239, 5485, 8410, 1693, 0, 0, 486, 626, 1275, 2317, 3905, 4709, 6345, 6901, 11106, 1141, 0, 0
18:02:37, 1010.90, 32.04, 36.82, 28.461, 5076, 5702, 9761, 9951, 1372, 1507, 1689, 1909, 4309, 824, 0, 0, 679, 925, 1812, 3100, 3890, 4667, 6310, 6823, 10292, 1090, 0, 0
18:02:38, 1014.70, 32.03, 36.80, 28.453, 565, 715, 1256, 1572, 6017, 6786, 6694, 9325, 10008, 1674, 0, 0, 356, 455, 925, 1691, 2936, 3558, 4816, 5214, 8477, 863, 0, 0
18:02:39, 1015.50, 32.02, 36.80, 28.445, 590, 744, 1330, 1800, 2361, 2803, 3025, 3628, 6262, 817, 0, 0, 414, 521, 1065, 1957, 3972, 4762, 6432, 6922, 11208, 1157, 0, 0
18:02:39, 1010.80, 32.01, 36.80, 28.445, 1373, 1370, 2414, 2711, 5810, 7588, 6024, 8811, 11362, 3167, 0, 0, 566, 746, 1472, 2556, 3725, 4473, 5995, 6467, 10322, 1121, 0, 0
18:02:40, 1011.80, 32.00, 36.80, 28.445, 1676, 1869, 3338, 3636, 5956, 7160, 6711, 8866, 12918, 2857, 0, 0, 525, 686, 1373, 2427, 4503, 5346, 7117, 7644, 12817, 1393, 0, 0
18:02:41, 1009.00, 31.99, 36.78, 28.453, 6132, 6367, 12048, 10299, 3682, 3825, 4060, 4911, 8155, 2179, 0, 0, 1000, 1495, 2818, 4712, 4129, 4855, 6538, 6912, 10257, 1044, 0, 0
18:02:41, 1011.80, 31.98, 36.80, 28.453, 1913, 2360, 3932, 4680, 6082, 7197, 7127, 8994, 13901, 3139, 0, 0, 623, 874, 1658, 2785, 4813, 5606, 7508, 7856, 14177, 1588, 0, 0
18:02:42, 1012.50, 31.97, 36.80, 28.453, 1716, 1756, 3095, 3729, 4730, 5645, 5639, 7246, 10751, 1959, 0, 0, 519, 690, 1379, 2421, 4045, 4746, 6374, 6761, 9933, 1003, 0, 0
18:02:43, 1012.50, 31.95, 36.80, 28.453, 721, 979, 1709, 1983, 6621, 7334, 8609, 10104, 8236, 1513, 0, 0, 444, 585, 1186, 2103, 3408, 4031, 5383, 5734, 9069, 925, 0, 0
18:02:43, 1015.80, 31.94, 36.82, 28.469, 821, 1181, 1999, 2518, 9577, 12113, 12202, 15960, 25474, 3452, 0, 0, 376, 476, 975, 1793, 3288, 3962, 5335, 5724, 9565, 987, 0, 0
18:02:44, 1014.50, 31.93, 36.78, 28.469, 2133, 2269, 4298, 4079, 8751, 8899, 9761, 13441, 10031, 1767, 0, 0, 421, 565, 1146, 2043, 3286, 3912, 5229, 5598, 8727, 867, 0, 0
18:02:45, 1013.50, 31.92, 36.80, 28.469, 4314, 6576, 9890, 11603, 3990, 3779, 4433, 5110, 7230, 1252, 0, 0, 514, 676, 1375, 2459, 3109, 3758, 5054, 5457, 8997, 925, 0, 0
18:02:45, 1016.70, 31.92, 36.80, 28.469, 3754, 4214, 7745, 7615, 15587, 17782, 18721, 24779, 17147, 3113, 0, 0, 393, 503, 1031, 1873, 3147, 3806, 5107, 5499, 8284, 806, 0, 0
18:02:46, 1014.90, 31.91, 36.74, 28.477, 1105, 1651, 2898, 3441, 12408, 14033, 16007, 17405, 22923, 3904, 0, 0, 320, 400, 826, 1537, 2947, 3551, 4764, 5135, 8554, 865, 0, 0
18:02:46, 1015.80, 31.90, 36.78, 28.477, 1045, 1259, 2086, 2688, 5596, 6880, 6355, 8925, 12341, 1937, 0, 0, 346, 452, 916, 1653, 3049, 3651, 4865, 5267, 9977, 1065, 0, 0
18:02:47, 1022.60, 31.89, 36.78, 28.469, 1579, 1707, 2646, 4299, 11049, 17889, 18862, 18839, 33770, 7238, 0, 1, 332, 426, 871, 1608, 2443, 2998, 4063, 4416, 8223, 838, 0, 0
18:02:48, 1020.10, 31.88, 36.78, 28.469, 3853, 6807, 12133, 14867, 14427, 16051, 19185, 22247, 25088, 3936, 0, 0, 339, 421, 874, 1646, 3223, 3890, 5236, 5648, 8132, 791, 0, 0
18:02:48, 1015.90, 31.88, 36.80, 28.469, 1008, 1737, 2602, 3661, 12287, 12616, 20637, 15165, 25211, 4259, 0, 0, 356, 478, 976, 1756, 3209, 3841, 5126, 5531, 7889, 780, 0, 0
18:02:49, 1017.10, 31.87, 36.74, 28.469, 12968, 22590, 30547, 33404, 29631, 31151, 32971, 32480, 35796, 20513, 0, 1, 328, 428, 875, 1571, 2746, 3286, 4417, 4756, 7252, 727, 0, 0
18:02:50, 1015.90, 31.86, 36.74, 28.477, 7962, 14063, 20651, 23645, 13128, 21315, 16828, 24465, 26222, 3837, 0, 0, 389, 506, 1037, 1879, 3139, 3780, 5070, 5450, 8963, 900, 0, 0
18:02:50, 1009.60, 31.86, 36.82, 28.477, 8066, 10974, 16848, 18627, 14952, 19635, 19291, 22562, 25881, 4580, 0, 0, 521, 720, 1443, 2507, 3368, 3996, 5321, 5695, 10633, 1175, 0, 0
18:02:51, 1019.40, 31.85, 36.76, 28.469, 9518, 15493, 19724, 22295, 30959, 31892, 33231, 33099, 36000, 25608, 1, 1, 303, 390, 800, 1460, 2369, 2869, 3814, 4096, 7863, 809, 0, 0
18:02:52, 1013.00, 31.84, 36.76, 28.484, 3268, 7325, 9062, 14637, 12589, 15356, 18264, 17325, 35519, 8477, 0, 1, 281, 357, 740, 1364, 2760, 3299, 4401, 4672, 7563, 753, 0, 0
18:02:52, 1012.30, 31.83, 36.78, 28.484, 2168, 4160, 6016, 6554, 23646, 23549, 26187, 25907, 30519, 19128, 0, 0, 313, 408, 832, 1512, 3032, 3607, 4801, 5079, 8376, 843, 0, 0
18:02:53, 1016.40, 31.82, 36.80, 28.484, 4254, 5380, 8256, 10585, 23470, 23322, 26708, 29293, 34297, 11279, 0, 1, 313, 425, 863, 1531, 2416, 2827, 3712, 3941, 8268, 930, 0, 0
18:02:54, 1014.00, 31.82, 36.76, 28.492, 10415, 18310, 25653, 30328, 9358, 12232, 9268, 13888, 12043, 3060, 0, 0, 543, 786, 1509, 2526, 2964, 3486, 4561, 4859, 9451, 1005, 0, 0
18:02:54, 1021.90, 31.80, 36.80, 28.492, 6599, 11582, 13601, 17887, 7430, 7256, 9139, 9542, 34675, 15207, 0, 1, 410, 570, 1138, 1975, 2925, 3502, 4590, 4948, 10311, 1038, 0, 0
18:02:55, 1018.60, 31.80, 36.78, 28.500, 8065, 16441, 23606, 28157, 8076, 12197, 10590, 14142, 17336, 2383, 0, 0, 395, 522, 1078, 1968, 3189, 3833, 5113, 5438, 9961, 1016, 0, 0
18:02:56, 1023.40, 31.79, 36.78, 28.500, 5235, 9873, 15058, 16950, 29834, 29480, 30990, 34466, 36000, 18569, 1, 1, 319, 410, 841, 1561, 2623, 3186, 4273, 4603, 9195, 952, 0, 0
18:02:56, 1024.70, 31.78, 36.76, 28.500, 3441, 5690, 8861, 12690, 7270, 7020, 8856, 9099, 35629, 19453, 0, 1, 391, 539, 1074, 1868, 2738, 3270, 4252, 4649, 9345, 946, 0, 0
18:02:57, 1022.40, 31.77, 36.76, 28.492, 3671, 6243, 9950, 13383, 11142, 10981, 14438, 15984, 12178, 1772, 0, 0, 369, 457, 956, 1813, 3224, 3907, 5236, 5595, 7871, 730, 0, 0
18:02:58, 1015.70, 31.76, 36.74, 28.492, 1556, 2578, 4079, 5416, 13820, 14509, 15781, 21077, 13443, 2079, 0, 0, 358, 452, 941, 1741, 3081, 3722, 4981, 5336, 8508, 847, 0, 0
18:02:58, 1023.40, 31.75, 36.82, 28.492, 6293, 12544, 18697, 21382, 23967, 23159, 25823, 28027, 35274, 15930, 0, 1, 319, 407, 833, 1540, 2770, 3349, 4462, 4816, 9775, 975, 0, 0
18:02:59, 1022.60, 31.74, 36.76, 28.492, 1409, 1958, 3529, 3617, 5113, 4859, 5795, 7209, 30556, 10009, 0, 0, 338, 447, 912, 1647, 2336, 2842, 3807, 4101, 8016, 801, 0, 0
18:03:00, 1019.10, 31.73, 36.76, 28.492, 719, 932, 1565, 2078, 3630, 5504, 4647, 5737, 11142, 1970, 0, 0, 382, 494, 1024, 1879, 2878, 3487, 4690, 5018, 8513, 869, 0, 0
18:03:00, 1029.50, 31.72, 36.78, 28.492, 4106, 7167, 11544, 16318, 6287, 7051, 7603, 9448, 32728, 9819, 0, 1, 411, 562, 1132, 1961, 3113, 3737, 4934, 5349, 11073, 1091, 0, 0
18:03:01, 1038.10, 31.71, 36.80, 28.484, 2849, 5842, 9763, 13509, 16629, 16712, 21645, 27369, 32956, 3258, 0, 1, 237, 265, 554, 1117, 2209, 2784, 3835, 4126, 6617, 623, 0, 0
18:03:02, 1042.20, 31.70, 36.80, 28.492, 1400, 1754, 3242, 5125, 16693, 16414, 20824, 27296, 36000, 4541, 1, 1, 205, 222, 463, 950, 1822, 2325, 3208, 3470, 5671, 518, 0, 0
18:03:02, 1051.20, 31.69, 36.74, 28.492, 863, 1619, 2983, 4359, 3620, 3695, 4984, 5006, 26067, 4469, 0, 0, 262, 297, 616, 1228, 2250, 2854, 3907, 4276, 8094, 717, 0, 0
18:03:03, 1055.60, 31.68, 36.78, 28.500, 1551, 2600, 5272, 8988, 10430, 11603, 16617, 17953, 20656, 1672, 0, 0, 166, 164, 332, 715, 1491, 1964, 2776, 3011, 4485, 407, 0, 0
18:03:04, 1063.00, 31.67, 36.80, 28.508, 774, 895, 1875, 2997, 10691, 11936, 17302, 18898, 23762, 1836, 0, 0, 142, 138, 272, 596, 1316, 1757, 2500, 2734, 4371, 384, 0, 0
18:03:04, 1070.50, 31.66, 36.78, 28.508, 1003, 1404, 3036, 4771, 4081, 4716, 5528, 6662, 25172, 3193, 0, 0, 165, 169, 344, 721, 1338, 1763, 2472, 2726, 4599, 408, 0, 0
18:03:05, 1072.00, 31.65, 36.76, 28.500, 1167, 1875, 3944, 6865, 5642, 7276, 9177, 11456, 16993, 1232, 0, 0, 145, 136, 262, 584, 1323, 1797, 2603, 2830, 3804, 340, 0, 0
18:03:06, 1075.00, 31.64, 36.74, 28.500, 729, 648, 1415, 2461, 4209, 5391, 6367, 8394, 9087, 717, 0, 0, 119, 109, 205, 458, 987, 1361, 1979, 2169, 2975, 264, 0, 0
18:03:06, 1082.40, 31.64, 36.74, 28.500, 663, 1001, 2140, 4148, 4151, 5019, 6852, 7449, 27912, 2562, 0, 0, 135, 127, 246, 541, 1135, 1551, 2230, 2480, 4101, 351, 0, 0
18:03:07, 1086.10, 31.63, 36.74, 28.500, 588, 889, 1849, 3653, 5966, 7320, 9481, 11733, 24414, 1925, 0, 0, 103, 94, 172, 388, 943, 1326, 1948, 2158, 3326, 286, 0, 0
18:03:08, 1093.10, 31.62, 36.76, 28.500, 387, 535, 1067, 2132, 3820, 4736, 6533, 7893, 14695, 1138, 0, 0, 97, 86, 152, 349, 799, 1139, 1701, 1886, 2703, 235, 0, 0
18:03:08, 1099.20, 31.62, 36.74, 28.500, 372, 458, 925, 1852, 3686, 4472, 6105, 7496, 11192, 810, 0, 0, 78, 68, 117, 266, 640, 926, 1397, 1565, 2174, 190, 0, 0
18:03:09, 1104.00, 31.61, 36.74, 28.477, 348, 430, 906, 1837, 3650, 4496, 6342, 7779, 8944, 633, 0, 0, 76, 65, 107, 244, 635, 931, 1422, 1594, 1923, 170, 0, 0
18:03:10, 1109.70, 31.60, 36.74, 28.477, 351, 414, 830, 1770, 3463, 4393, 6100, 7154, 8813, 628, 0, 0, 64, 55, 90, 205, 525, 777, 1191, 1347, 1728, 151, 0, 0
18:03:10, 1109.10, 31.59, 36.76, 28.484, 335, 377, 749, 1582, 2693, 3415, 4716, 5827, 7115, 506, 0, 0, 64, 54, 87, 198, 525, 782, 1213, 1368, 1790, 157, 0, 0
18:03:11, 1114.00, 31.58, 36.74, 28.469, 268, 319, 634, 1365, 2840, 3708, 5229, 6410, 13009, 1005, 0, 0, 62, 54, 86, 196, 508, 754, 1156, 1316, 1871, 160, 0, 0
18:03:12, 1115.40, 31.57, 36.72, 28.469, 285, 349, 706, 1522, 3249, 4239, 5792, 7185, 14653, 1109, 0, 0, 57, 49, 79, 179, 467, 700, 1085, 1230, 1633, 142, 0, 0
18:03:12, 1117.30, 31.56, 36.76, 28.461, 275, 316, 653, 1408, 2556, 3357, 4704, 5502, 8746, 622, 0, 0, 55, 46, 72, 163, 451, 682, 1061, 1203, 1476, 130, 0, 0
18:03:13, 1124.70, 31.55, 36.76, 28.461, 259, 289, 579, 1264, 2859, 3704, 5131, 6400, 10499, 770, 0, 0, 51, 44, 69, 158, 418, 631, 977, 1112, 1557, 133, 0, 0
18:03:14, 1130.60, 31.54, 36.74, 28.461, 200, 228, 433, 979, 2032, 2739, 3928, 4737, 9234, 707, 0, 0, 44, 38, 57, 128, 346, 535, 848, 968, 1272, 110, 0, 0
18:03:14, 1136.80, 31.53, 36.74, 28.461, 159, 170, 315, 711, 1630, 2187, 3154, 3829, 6538, 489, 0, 0, 40, 33, 50, 110, 314, 489, 777, 892, 1173, 101, 0, 0
18:03:15, 1143.20, 31.52, 36.74, 28.453, 141, 130, 258, 551, 1216, 1624, 2276, 2752, 6437, 534, 0, 0, 37, 31, 46, 102, 275, 433, 697, 802, 1051, 90, 0, 0
18:03:16, 1142.20, 31.51, 36.74, 28.453, 113, 114, 197, 468, 1059, 1462, 2162, 2545, 4249, 315, 0, 0, 37, 31, 45, 98, 312, 492, 798, 913, 1138, 100, 0, 0
18:03:16, 1149.10, 31.50, 36.70, 28.445, 113, 112, 195, 457, 1323, 1817, 2660, 3211, 4924, 354, 0, 0, 32, 27, 38, 82, 251, 401, 650, 751, 974, 84, 0, 0
18:03:17, 1153.30, 31.49, 36.72, 28.445, 129, 131, 231, 554, 1303, 1806, 2627, 3198, 5512, 401, 0, 0, 30, 25, 36, 78, 235, 376, 611, 705, 915, 79, 0, 0
18:03:18, 1153.00, 31.48, 36.74, 28.445, 124, 127, 223, 535, 1194, 1662, 2452, 2974, 4529, 330, 0, 0, 30, 25, 35, 74, 245, 395, 651, 749, 921, 81, 0, 0
18:03:18, 1153.60, 31.48, 36.70, 28.437, 75, 64, 104, 248, 559, 842, 1197, 1428, 1864, 140, 0, 0, 34, 28, 40, 86, 253, 407, 671, 768, 908, 80, 0, 0
18:03:19, 1157.30, 31.46, 36.74, 28.445, 100, 84, 139, 324, 831, 1200, 1721, 2123, 2633, 189, 0, 0, 29, 24, 34, 72, 213, 344, 566, 652, 805, 70, 0, 0
18:03:20, 1161.10, 31.45, 36.74, 28.445, 119, 119, 207, 486, 1100, 1547, 2302, 2788, 4345, 314, 0, 0, 27, 22, 31, 66, 204, 333, 546, 634, 819, 70, 0, 0
18:03:20, 1163.10, 31.44, 36.70, 28.437, 106, 106, 179, 430, 1012, 1434, 2152, 2643, 4154, 305, 0, 0, 25, 21, 29, 61, 187, 307, 510, 591, 743, 64, 0, 0
18:03:21, 1167.50, 31.44, 36.74, 28.437, 82, 76, 123, 293, 711, 1046, 1540, 1858, 2558, 184, 0, 0, 24, 20, 28, 58, 175, 288, 482, 560, 691, 60, 0, 0
18:03:22, 1167.90, 31.43, 36.72, 28.437, 89, 87, 145, 342, 805, 1142, 1723, 2104, 2774, 199, 0, 0, 22, 18, 25, 51, 165, 274, 463, 537, 628, 55, 0, 0
18:03:22, 1172.20, 31.42, 36.72, 28.437, 81, 75, 119, 277, 747, 1075, 1614, 1969, 2393, 171, 0, 0, 21, 18, 24, 49, 155, 258, 435, 508, 614, 54, 0, 0
18:03:23, 1177.10, 31.41, 36.70, 28.437, 81, 79, 127, 299, 612, 873, 1340, 1642, 2825, 218, 0, 0, 20, 17, 23, 47, 138, 232, 395, 462, 566, 49, 0, 0
18:03:24, 1172.60, 31.40, 36.72, 28.437, 58, 47, 72, 166, 377, 584, 860, 1037, 1290, 97, 0, 0, 23, 20, 26, 53, 173, 289, 492, 571, 663, 59, 0, 0
18:03:24, 1176.20, 31.39, 36.68, 28.430, 56, 47, 72, 171, 469, 712, 1047, 1274, 1597, 118, 0, 0, 21, 17, 23, 47, 144, 242, 412, 482, 568, 50, 0, 0
18:03:25, 1179.90, 31.38, 36.74, 28.422, 76, 74, 120, 282, 724, 1071, 1635, 1913, 2997, 212, 0, 0, 19, 16, 21, 43, 135, 227, 388, 457, 566, 49, 0, 0
18:03:26, 1179.20, 31.38, 36.72, 28.422, 68, 64, 98, 230, 551, 814, 1239, 1527, 1815, 131, 0, 0, 18, 15, 19, 38, 130, 222, 384, 449, 506, 44, 0, 0
18:03:26, 1180.50, 31.37, 36.70, 28.430, 50, 42, 63, 143, 390, 598, 881, 1095, 1247, 93, 0, 0, 19, 15, 20, 40, 128, 219, 380, 447, 502, 44, 0, 0
18:03:27, 1180.80, 31.36, 36.68, 28.430, 58, 53, 80, 184, 476, 709, 1067, 1320, 1482, 108, 0, 0, 18, 15, 19, 39, 129, 220, 383, 453, 497, 44, 0, 0
18:03:28, 1177.90, 31.35, 36.68, 28.430, 63, 57, 87, 198, 506, 744, 1119, 1368, 1462, 106, 0, 0, 19, 16, 20, 41, 132, 225, 390, 464, 509, 45, 0, 0
18:03:28, 1180.40, 31.34, 36.70, 28.430, 66, 63, 95, 218, 561, 826, 1306, 1590, 1726, 125, 0, 0, 17, 14, 19, 37, 121, 207, 361, 429, 507, 44, 0, 0
18:03:29, 1182.90, 31.33, 36.68, 28.422, 61, 60, 92, 214, 600, 887, 1365, 1645, 2500, 183, 0, 0, 17, 14, 18, 36, 118, 202, 352, 420, 512, 44, 0, 0
18:03:30, 1184.40, 31.33, 36.70, 28.422, 52, 50, 74, 175, 430, 642, 1005, 1206, 1845, 138, 0, 0, 17, 14, 18, 36, 114, 196, 345, 410, 485, 42, 0, 0
18:03:30, 1186.90, 31.32, 36.70, 28.406, 55, 52, 79, 184, 514, 762, 1198, 1458, 1956, 142, 0, 0, 15, 12, 16, 31, 104, 179, 314, 373, 431, 37, 0, 0
18:03:31, 1190.10, 31.31, 36.70, 28.406, 53, 49, 73, 167, 423, 635, 975, 1208, 1395, 101, 0, 0, 15, 12, 16, 31, 100, 173, 306, 366, 417, 36, 0, 0
18:03:32, 1195.80, 31.30, 36.68, 28.406, 52, 50, 74, 168, 436, 653, 1022, 1271, 1786, 132, 0, 0, 14, 12, 15, 29, 97, 169, 298, 359, 451, 39, 0, 0
18:03:32, 1198.50, 31.29, 36.72, 28.406, 42, 39, 57, 128, 299, 462, 713, 891, 958, 70, 0, 0, 13, 11, 14, 27, 93, 163, 295, 353, 367, 32, 0, 0
18:03:33, 1202.60, 31.28, 36.72, 28.406, 36, 31, 44, 98, 286, 446, 699, 869, 1011, 74, 0, 0, 12, 9, 12, 23, 78, 137, 248, 298, 334, 29, 0, 0
18:03:33, 1206.30, 31.27, 36.62, 28.406, 38, 35, 50, 113, 355, 539, 869, 1071, 1359, 99, 0, 0, 11, 9, 11, 22, 76, 134, 241, 292, 350, 30, 0, 0
18:03:34, 1208.50, 31.26, 36.70, 28.406, 37, 35, 50, 112, 321, 489, 789, 979, 1247, 91, 0, 0, 10, 8, 10, 19, 66, 118, 215, 260, 295, 26, 0, 0
18:03:35, 1210.10, 31.25, 36.68, 28.406, 34, 32, 44, 98, 282, 434, 701, 871, 1049, 77, 0, 0, 9, 8, 10, 18, 63, 114, 207, 250, 276, 24, 0, 0
18:03:35, 1217.30, 31.24, 36.70, 28.398, 32, 30, 40, 90, 282, 437, 711, 874, 1153, 85, 0, 0, 9, 7, 9, 17, 58, 105, 191, 232, 274, 23, 0, 0
18:03:36, 1221.30, 31.24, 36.70, 28.398, 31, 29, 38, 88, 250, 393, 644, 792, 1037, 76, 0, 0, 8, 6, 8, 15, 51, 92, 170, 207, 238, 20, 0, 0
18:03:37, 1222.80, 31.23, 36.66, 28.398, 27, 26, 35, 76, 214, 338, 557, 695, 901, 67, 0, 0, 7, 6, 7, 13, 47, 87, 162, 197, 222, 19, 0, 0
18:03:37, 1225.90, 31.22, 36.72, 28.406, 24, 22, 29, 63, 203, 326, 541, 661, 826, 60, 0, 0, 7, 5, 7, 12, 44, 81, 151, 185, 206, 18, 0, 0
18:03:38, 1227.90, 31.21, 36.68, 28.406, 24, 22, 30, 64, 206, 324, 543, 675, 855, 63, 0, 0, 6, 5, 7, 12, 42, 77, 145, 177, 194, 17, 0, 0
18:03:39, 1232.30, 31.21, 36.66, 28.406, 21, 20, 26, 54, 170, 273, 460, 569, 773, 58, 0, 0, 6, 5, 6, 11, 38, 72, 135, 167, 191, 16, 0, 0
18:03:39, 1232.40, 31.20, 36.62, 28.398, 20, 19, 23, 51, 150, 246, 409, 510, 618, 46, 0, 0, 6, 5, 6, 11, 41, 76, 145, 177, 190, 16, 0, 0
18:03:40, 1238.20, 31.19, 36.62, 28.406, 17, 15, 18, 39, 129, 213, 344, 433, 492, 37, 0, 0, 5, 4, 5, 10, 34, 64, 123, 150, 162, 14, 0, 0
18:03:41, 1240.80, 31.18, 36.68, 28.406, 18, 17, 22, 44, 138, 226, 385, 486, 578, 43, 0, 0, 5, 4, 5, 8, 30, 58, 111, 135, 144, 12, 0, 0
18:03:41, 1241.10, 31.18, 36.64, 28.406, 14, 12, 15, 30, 91, 153, 252, 316, 299, 23, 0, 0, 5, 4, 5, 10, 33, 63, 120, 147, 151, 13, 0, 0
18:03:42, 1244.20, 31.17, 36.64, 28.414, 17, 16, 19, 40, 134, 220, 372, 465, 512, 38, 0, 0, 5, 4, 5, 8, 30, 57, 109, 133, 146, 12, 0, 0
18:03:43, 1244.10, 31.16, 36.62, 28.414, 17, 16, 21, 41, 129, 213, 360, 450, 537, 40, 0, 0, 4, 4, 5, 8, 31, 59, 113, 137, 148, 12, 0, 0
18:03:43, 1244.60, 31.16, 36.64, 28.414, 14, 12, 14, 30, 97, 166, 275, 340, 399, 30, 0, 0, 5, 4, 5, 9, 32, 61, 116, 141, 155, 13, 0, 0
18:03:44, 1245.80, 31.15, 36.62, 28.422, 17, 15, 19, 40, 135, 222, 371, 465, 534, 39, 0, 0, 4, 4, 5, 8, 30, 58, 110, 134, 144, 12, 0, 0
18:03:45, 1246.60, 31.15, 36.66, 28.422, 16, 14, 17, 35, 116, 195, 324, 408, 447, 33, 0, 0, 4, 3, 4, 7, 28, 54, 104, 127, 131, 11, 0, 0
18:03:45, 1243.60, 31.14, 36.64, 28.422, 14, 13, 17, 32, 110, 183, 307, 385, 378, 28, 0, 0, 5, 4, 5, 9, 32, 62, 118, 144, 145, 12, 0, 0
18:03:46, 1244.90, 31.14, 36.64, 28.430, 16, 15, 20, 40, 127, 211, 353, 445, 497, 37, 0, 0, 5, 4, 5, 8, 30, 58, 113, 141, 159, 13, 0, 0
18:03:47, 1246.20, 31.13, 36.62, 28.430, 15, 14, 17, 37, 118, 197, 337, 415, 554, 42, 0, 0, 5, 4, 5, 8, 29, 56, 110, 137, 155, 13, 0, 0
18:03:47, 1248.70, 31.12, 36.66, 28.406, 15, 14, 17, 37, 119, 196, 336, 413, 579, 44, 0, 0, 4, 4, 5, 8, 29, 55, 108, 134, 152, 13, 0, 0
18:03:48, 1250.00, 31.12, 36.68, 28.398, 17, 16, 20, 43, 138, 232, 394, 488, 664, 50, 0, 0, 4, 4, 4, 8, 27, 52, 101, 127, 142, 12, 0, 0
18:03:49, 1253.80, 31.11, 36.64, 28.398, 14, 13, 17, 33, 106, 177, 306, 385, 460, 34, 0, 0, 4, 3, 4, 6, 24, 46, 92, 115, 124, 10, 0, 0
18:03:49, 1255.40, 31.11, 36.64, 28.383, 13, 12, 14, 29, 100, 167, 287, 363, 421, 31, 0, 0, 3, 3, 4, 6, 23, 44, 88, 111, 120, 10, 0, 0
18:03:50, 1257.10, 31.10, 36.64, 28.391, 13, 12, 15, 29, 99, 171, 296, 361, 481, 36, 0, 0, 4, 3, 4, 6, 22, 43, 87, 110, 121, 10, 0, 0
18:03:51, 1258.60, 31.09, 36.66, 28.391, 11, 11, 13, 26, 85, 144, 250, 316, 370, 28, 0, 0, 3, 3, 3, 6, 21, 40, 81, 103, 110, 9, 0, 0
18:03:51, 1260.50, 31.09, 36.64, 28.383, 11, 11, 13, 25, 84, 144, 251, 313, 403, 30, 0, 0, 3, 2, 3, 5, 19, 38, 77, 98, 107, 9, 0, 0
18:03:52, 1263.30, 31.08, 36.64, 28.375, 11, 10, 12, 25, 83, 143, 250, 309, 406, 30, 0, 0, 3, 2, 3, 5, 18, 36, 73, 92, 99, 8, 0, 0
18:03:53, 1267.20, 31.07, 36.64, 28.375, 10, 10, 12, 22, 73, 125, 220, 277, 345, 26, 0, 0, 2, 2, 3, 4, 16, 32, 66, 84, 90, 7, 0, 0
18:03:53, 1267.10, 31.07, 36.64, 28.375, 9, 9, 10, 20, 68, 119, 211, 264, 328, 25, 0, 0, 2, 2, 2, 4, 15, 31, 64, 82, 87, 7, 0, 0
18:03:54, 1269.90, 31.06, 36.60, 28.375, 9, 8, 9, 19, 68, 117, 208, 265, 323, 24, 0, 0, 2, 2, 2, 4, 16, 31, 64, 83, 90, 7, 0, 0
18:03:55, 1273.30, 31.05, 36.62, 28.375, 8, 8, 9, 18, 60, 104, 187, 239, 289, 22, 0, 0, 2, 1, 2, 3, 13, 26, 54, 70, 73, 6, 0, 0
18:03:55, 1272.30, 31.05, 36.62, 28.367, 7, 7, 7, 14, 49, 87, 156, 202, 233, 18, 0, 0, 2, 1, 2, 3, 12, 25, 54, 69, 71, 6, 0, 0
18:03:56, 1280.00, 31.04, 36.62, 28.367, 7, 7, 8, 15, 51, 91, 164, 208, 280, 21, 0, 0, 2, 1, 2, 3, 10, 21, 46, 60, 63, 5, 0, 0
18:03:57, 1282.80, 31.04, 36.64, 28.367, 5, 5, 5, 10, 36, 66, 120, 158, 177, 14, 0, 0, 1, 1, 1, 2, 9, 19, 40, 53, 54, 4, 0, 0
18:03:57, 1284.60, 31.03, 36.64, 28.367, 5, 5, 6, 10, 35, 64, 117, 153, 175, 13, 0, 0, 1, 1, 1, 2, 9, 19, 40, 53, 56, 4, 0, 0
18:03:58, 1289.40, 31.03, 36.64, 28.367, 5, 5, 6, 10, 31, 58, 107, 139, 154, 12, 0, 0, 1, 1, 1, 2, 7, 16, 35, 46, 46, 3, 0, 0
18:03:59, 1290.60, 31.02, 36.60, 28.367, 4, 4, 4, 7, 27, 50, 94, 123, 131, 10, 0, 0, 1, 0, 1, 2, 7, 15, 33, 43, 43, 3, 0, 0
18:03:59, 1292.20, 31.02, 36.62, 28.375, 4, 4, 4, 8, 28, 50, 95, 126, 151, 12, 0, 0, 1, 1, 1, 2, 7, 14, 32, 42, 44, 3, 0, 0
18:04:00, 1293.40, 31.01, 36.60, 28.375, 3, 4, 3, 6, 24, 44, 83, 110, 122, 10, 0, 0, 1, 0, 1, 1, 6, 13, 30, 40, 40, 3, 0, 0
18:04:01, 1297.50, 31.00, 36.60, 28.375, 4, 4, 3, 6, 26, 48, 89, 116, 137, 11, 0, 0, 1, 1, 1, 2, 6, 14, 31, 41, 43, 3, 0, 0
18:04:01, 1302.50, 30.99, 36.64, 28.375, 3, 3, 3, 6, 22, 41, 78, 100, 120, 9, 0, 0, 0, 0, 1, 1, 5, 11, 25, 33, 34, 2, 0, 0
18:04:02, 1303.70, 30.99, 36.62, 28.375, 3, 3, 3, 5, 19, 36, 69, 91, 103, 8, 0, 0, 0, 0, 0, 1, 5, 10, 25, 33, 33, 2, 0, 0
18:04:03, 1304.90, 30.98, 36.62, 28.375, 3, 3, 3, 5, 20, 38, 73, 95, 109, 9, 0, 0, 0, 0, 1, 1, 5, 11, 25, 34, 34, 2, 0, 0
18:04:03, 1308.20, 30.97, 36.62, 28.375, 3, 3, 3, 5, 18, 35, 68, 88, 110, 9, 0, 0, 0, 0, 1, 1, 4, 10, 23, 31, 31, 2, 0, 0
18:04:04, 1309.30, 30.97, 36.62, 28.375, 3, 3, 2, 4, 18, 34, 65, 86, 98, 8, 0, 0, 0, 0, 0, 1, 4, 10, 23, 30, 30, 2, 0, 0
18:04:05, 1314.60, 30.96, 36.60, 28.367, 2, 3, 2, 4, 17, 33, 62, 82, 86, 7, 0, 0, 0, 0, 0, 1, 4, 9, 21, 28, 27, 2, 0, 0
18:04:05, 1318.40, 30.95, 36.60, 28.375, 3, 3, 3, 5, 19, 37, 70, 92, 101, 8, 0, 0, 0, 0, 0, 1, 4, 8, 19, 26, 25, 1, 0, 0
18:04:06, 1320.80, 30.95, 36.60, 28.375, 3, 3, 2, 4, 17, 32, 61, 80, 78, 6, 0, 0, 0, 0, 0, 1, 3, 8, 20, 26, 24, 1, 0, 0
18:04:07, 1321.80, 30.94, 36.57, 28.383, 2, 3, 2, 4, 17, 33, 62, 81, 85, 7, 0, 0, 0, 0, 0, 1, 3, 8, 19, 25, 25, 1, 0, 0
18:04:07, 1317.10, 30.94, 36.60, 28.383, 2, 3, 2, 4, 16, 31, 59, 78, 75, 6, 0, 0, 0, 0, 0, 1, 4, 9, 22, 29, 27, 2, 0, 0
18:04:08, 1320.20, 30.93, 36.57, 28.383, 2, 3, 3, 4, 17, 33, 63, 83, 83, 6, 0, 0, 0, 0, 0, 1, 4, 9, 20, 27, 26, 1, 0, 0
18:04:09, 1324.10, 30.92, 36.55, 28.383, 3, 3, 3, 4, 18, 34, 64, 83, 88, 7, 0, 0, 0, 0, 0, 1, 3, 8, 19, 25, 24, 1, 0, 0
18:04:09, 1329.70, 30.92, 36.55, 28.383, 2, 3, 2, 4, 16, 31, 60, 78, 81, 6, 0, 0, 0, 0, 0, 0, 3, 7, 17, 22, 22, 1, 0, 0
18:04:10, 1329.30, 30.92, 36.57, 28.383, 2, 2, 2, 4, 14, 28, 54, 71, 71, 6, 0, 0, 0, 0, 0, 1, 3, 7, 17, 23, 21, 1, 0, 0
18:04:11, 1333.80, 30.91, 36.57, 28.383, 2, 2, 2, 3, 14, 28, 53, 70, 68, 5, 0, 0, 0, 0, 0, 1, 2, 6, 16, 21, 21, 1, 0, 0
18:04:11, 1336.70, 30.91, 36.55, 28.391, 2, 2, 2, 3, 14, 26, 51, 68, 78, 6, 0, 0, 0, 0, 0, 1, 2, 6, 14, 19, 19, 1, 0, 0
18:04:12, 1335.90, 30.90, 36.55, 28.391, 2, 2, 1, 2, 10, 20, 39, 53, 54, 4, 0, 0, 0, 0, 0, 0, 2, 6, 15, 21, 19, 1, 0, 0
18:04:13, 1338.50, 30.90, 36.57, 28.375, 1, 2, 1, 2, 10, 21, 40, 54, 54, 4, 0, 0, 0, 0, 0, 0, 2, 5, 14, 18, 18, 1, 0, 0
18:04:13, 1339.40, 30.90, 36.60, 28.375, 2, 2, 1, 3, 11, 22, 43, 59, 64, 5, 0, 0, 0, 0, 0, 0, 2, 5, 13, 18, 18, 1, 0, 0
18:04:14, 1340.10, 30.89, 36.55, 28.375, 1, 2, 1, 2, 10, 20, 41, 54, 56, 5, 0, 0, 0, 0, 0, 0, 2, 5, 13, 18, 17, 1, 0, 0
18:04:15, 1340.20, 30.89, 36.55, 28.367, 1, 2, 2, 2, 10, 20, 39, 53, 56, 5, 0, 0, 0, 0, 0, 0, 2, 5, 13, 18, 17, 1, 0, 0
18:04:15, 1340.40, 30.89, 36.53, 28.367, 1, 2, 2, 2, 10, 20, 39, 53, 57, 5, 0, 0, 0, 0, 0, 0, 2, 6, 14, 19, 19, 1, 0, 0
18:04:16, 1340.70, 30.88, 36.57, 28.367, 2, 2, 2, 2, 11, 22, 42, 56, 65, 5, 0, 0, 0, 0, 0, 1, 2, 6, 14, 20, 20, 1, 0, 0
18:04:17, 1341.50, 30.88, 36.57, 28.359, 2, 2, 1, 3, 12, 23, 45, 59, 67, 5, 0, 0, 0, 0, 0, 0, 2, 6, 15, 20, 20, 1, 0, 0
18:04:17, 1345.00, 30.87, 36.51, 28.367, 2, 2, 2, 3, 13, 25, 49, 64, 80, 6, 0, 0, 0, 0, 0, 0, 2, 6, 15, 20, 21, 1, 0, 0
18:04:18, 1346.10, 30.87, 36.57, 28.367, 2, 2, 2, 3, 13, 25, 47, 62, 70, 6, 0, 0, 0, 0, 0, 1, 2, 6, 15, 20, 19, 1, 0, 0
18:04:19, 1349.30, 30.86, 36.51, 28.367, 2, 2, 2, 3, 13, 26, 50, 65, 69, 5, 0, 0, 0, 0, 0, 0, 2, 6, 15, 19, 19, 1, 0, 0
18:04:19, 1355.40, 30.85, 36.51, 28.375, 2, 2, 2, 3, 12, 24, 46, 61, 76, 6, 0, 0, 0, 0, 0, 0, 2, 5, 13, 17, 17, 1, 0, 0
18:04:20, 1352.30, 30.85, 36.55, 28.375, 2, 2, 1, 2, 10, 21, 40, 53, 51, 4, 0, 0, 0, 0, 0, 0, 2, 5, 14, 18, 17, 1, 0, 0
18:04:21, 1356.90, 30.85, 36.55, 28.375, 2, 2, 1, 2, 11, 23, 43, 57, 58, 5, 0, 0, 0, 0, 0, 1, 2, 5, 13, 18, 18, 1, 0, 0
18:04:21, 1361.70, 30.84, 36.51, 28.383, 1, 2, 2, 2, 10, 21, 41, 53, 70, 6, 0, 0, 0, 0, 0, 0, 2, 5, 12, 16, 15, 1, 0, 0
18:04:22, 1361.50, 30.83, 36.53, 28.383, 1, 2, 1, 2, 10, 20, 38, 50, 49, 4, 0, 0, 0, 0, 0, 0, 2, 5, 12, 17, 15, 0, 0, 0
18:04:23, 1366.80, 30.83, 36.53, 28.375, 1, 2, 1, 2, 10, 21, 41, 54, 59, 5, 0, 0, 0, 0, 0, 0, 2, 4, 11, 15, 15, 1, 0, 0
18:04:23, 1369.80, 30.83, 36.55, 28.383, 1, 2, 1, 2, 9, 19, 37, 48, 51, 4, 0, 0, 0, 0, 0, 0, 1, 4, 10, 14, 13, 0, 0, 0
18:04:24, 1374.20, 30.82, 36.51, 28.383, 1, 2, 1, 2, 9, 18, 35, 46, 49, 4, 0, 0, 0, 0, 0, 0, 1, 4, 9, 13, 12, 0, 0, 0
18:04:25, 1378.60, 30.82, 36.55, 28.391, 1, 1, 1, 2, 8, 16, 32, 42, 48, 4, 0, 0, 0, 0, 0, 0, 1, 3, 8, 11, 11, 0, 0, 0
18:04:25, 1380.00, 30.81, 36.53, 28.391, 1, 1, 1, 1, 6, 14, 27, 36, 37, 3, 0, 0, 0, 0, 0, 0, 1, 3, 8, 11, 10, 0, 0, 0
18:04:26, 1386.30, 30.81, 36.51, 28.383, 1, 1, 1, 1, 6, 14, 27, 36, 38, 3, 0, 0, 0, 0, 0, 0, 1, 3, 7, 10, 10, 0, 0, 0
18:04:26, 1391.10, 30.80, 36.51, 28.383, 1, 1, 1, 1, 5, 12, 24, 32, 33, 3, 0, 0, 0, 0, 0, 0, 1, 2, 6, 9, 8, 0, 0, 0
18:04:27, 1395.80, 30.80, 36.49, 28.383, 1, 1, 0, 1, 4, 10, 20, 27, 27, 2, 0, 0, 0, 0, 0, 0, 0, 2, 6, 8, 7, 0, 0, 0
18:04:28, 1397.70, 30.79, 36.53, 28.398, 0, 1, 0, 1, 4, 9, 18, 25, 26, 2, 0, 0, 0, 0, 0, 0, 0, 2, 5, 7, 7, 0, 0, 0
18:04:28, 1402.70, 30.79, 36.53, 28.391, 0, 1, 0, 1, 4, 9, 18, 24, 26, 2, 0, 0, 0, 0, 0, 0, 0, 1, 5, 6, 6, 0, 0, 0
18:04:29, 1408.10, 30.79, 36.51, 28.391, 0, 1, 0, 0, 3, 7, 15, 21, 23, 2, 0, 0, 0, 0, 0, 0, 0, 1, 4, 6, 5, 0, 0, 0
18:04:30, 1408.00, 30.78, 36.53, 28.383, 0, 1, 0, 0, 3, 6, 12, 17, 17, 2, 0, 0, 0, 0, 0, 0, 0, 1, 4, 6, 5, 0, 0, 0
18:04:30, 1412.70, 30.78, 36.49, 28.383, 0, 1, 0, 0, 3, 6, 13, 18, 18, 2, 0, 0, 0, 0, 0, 0, 0, 1, 3, 5, 5, 0, 0, 0
18:04:31, 1416.80, 30.77, 36.51, 28.383, 0, 1, 0, 0, 2, 6, 12, 16, 18, 2, 0, 0, 0, 0, 0, 0, 0, 1, 3, 5, 4, 0, 0, 0
18:04:32, 1418.00, 30.77, 36.47, 28.375, 0, 1, 0, 0, 2, 5, 10, 14, 14, 1, 0, 0, 0, 0, 0, 0, 0, 1, 3, 4, 4, 0, 0, 0
18:04:32, 1422.00, 30.76, 36.51, 28.375, 0, 1, 0, 0, 2, 5, 10, 15, 16, 2, 0, 0, 0, 0, 0, 0, 0, 0, 3, 4, 4, 0, 0, 0
18:04:33, 1424.10, 30.76, 36.45, 28.375, 0, 1, 0, 0, 2, 5, 9, 13, 13, 1, 0, 0, 0, 0, 0, 0, 0, 0, 2, 4, 3, 0, 0, 0
18:04:34, 1426.00, 30.75, 36.49, 28.375, 0, 1, 0, 0, 2, 4, 9, 12, 12, 1, 0, 0, 0, 0, 0, 0, 0, 0, 2, 3, 3, 0, 0, 0
18:04:34, 1428.40, 30.75, 36.51, 28.383, 0, 0, 1, 0, 1, 4, 9, 11, 12, 1, 0, 0, 0, 0, 0, 0, 0, 0, 2, 3, 3, 0, 0, 0
18:04:35, 1426.50, 30.75, 36.51, 28.383, 0, 0, 0, 0, 1, 3, 7, 10, 9, 1, 0, 0, 0, 0, 0, 0, 0, 0, 2, 3, 3, 0, 0, 0
18:04:36, 1429.20, 30.74, 36.47, 28.375, 0, 0, 0, 0, 1, 3, 7, 10, 9, 1, 0, 0, 0, 0, 0, 0, 0, 0, 2, 3, 3, 0, 0, 0
18:04:36, 1429.20, 30.74, 36.47, 28.375, 0, 0, 0, 0, 1, 3, 6, 9, 9, 1, 0, 0, 0, 0, 0, 0, 0, 0, 2, 3, 2, 0, 0, 0
18:04:37, 1425.70, 30.73, 36.47, 28.375, 0, 0, 0, 0, 1, 3, 7, 8, 7, 1, 0, 0, 0, 0, 0, 0, 0, 0, 2, 3, 2, 0, 0, 0
18:04:38, 1426.30, 30.73, 36.47, 28.367, 0, 0, 0, 0, 1, 3, 6, 9, 8, 1, 0, 0, 0, 0, 0, 0, 0, 0, 2, 3, 2, 0, 0, 0
18:04:38, 1423.00, 30.72, 36.47, 28.383, 0, 0, 0, 0, 1, 3, 5, 8, 7, 1, 0, 0, 0, 0, 0, 0, 0, 0, 2, 3, 2, 0, 0, 0
18:04:39, 1424.60, 30.72, 36.49, 28.383, 0, 0, 0, 0, 1, 3, 6, 8, 8, 1, 0, 0, 0, 0, 0, 0, 0, 0, 1, 2, 2, 0, 0, 0
18:04:40, 1420.10, 30.72, 36.51, 28.367, 0, 0, 0, 0, 1, 3, 5, 7, 7, 1, 0, 0, 0, 0, 0, 0, 0, 0, 2, 3, 2, 0, 0, 0
18:04:40, 1418.80, 30.72, 36.45, 28.375, 0, 0, 1, 0, 1, 3, 5, 8, 6, 1, 0, 0, 0, 0, 0, 0, 0, 0, 2, 3, 2, 0, 0, 0
18:04:41, 1419.40, 30.71, 36.49, 28.375, 0, 0, 1, 0, 1, 3, 6, 8, 8, 1, 0, 0, 0, 0, 0, 0, 0, 0, 1, 2, 2, 0, 0, 0
18:04:42, 1419.40, 30.71, 36.47, 28.375, 0, 0, 1, 0, 1, 2, 5, 7, 7, 1, 0, 0, 0, 0, 0, 0, 0, 0, 1, 3, 2, 0, 0, 0
18:04:42, 1424.20, 30.71, 36.47, 28.375, 0, 0, 1, 0, 1, 3, 5, 7, 8, 1, 0, 0, 0, 0, 0, 0, 0, 0, 1, 2, 2, 0, 0, 0
18:04:43, 1425.10, 30.70, 36.47, 28.375, 0, 0, 1, 0, 1, 2, 4, 6, 6, 1, 0, 0, 0, 0, 0, 0, 0, 0, 1, 2, 2, 0, 0, 0
18:04:44, 1427.30, 30.70, 36.43, 28.375, 0, 0, 0, 0, 1, 2, 4, 6, 6, 1, 0, 0, 0, 0, 0, 0, 0, 0, 1, 2, 1, 0, 0, 0
18:04:44, 1432.80, 30.70, 36.47, 28.375, 0, 0, 0, 0, 0, 2, 4, 6, 6, 1, 0, 0, 0, 0, 0, 0, 0, 0, 1, 1, 1, 0, 0, 0
18:04:45, 1438.00, 30.69, 36.45, 28.375, 0, 0, 0, 0, 0, 2, 3, 4, 4, 1, 0, 0, 0, 0, 0, 0, 0, 0, 1, 1, 1, 0, 0, 0
18:04:46, 1440.90, 30.69, 36.43, 28.367, 0, 0, 0, 0, 0, 1, 3, 4, 4, 1, 0, 0, 0, 0, 0, 0, 0, 0, 1, 1, 1, 0, 0, 0
18:04:46, 1448.60, 30.68, 36.41, 28.375, 0, 0, 1, 0, 0, 1, 2, 4, 4, 1, 0, 0, 0, 0, 0, 0, 0, 0, 0, 1, 1, 0, 0, 0
18:04:47, 1451.70, 30.68, 36.45, 28.375, 0, 0, 1, 0, 0, 1, 2, 3, 3, 1, 0, 0, 0, 0, 0, 0, 0, 0, 0, 1, 0, 0, 0, 0
18:04:48, 1452.60, 30.67, 36.43, 28.367, 0, 0, 0, 0, 0, 1, 1, 2, 2, 0, 0, 0, 0, 0, 0, 0, 0, 0, 0, 1, 0, 0, 0, 0
18:04:48, 1459.90, 30.67, 36.41, 28.367, 0, 0, 0, 0, 0, 1, 1, 2, 2, 0, 0, 0, 0, 0, 0, 0, 0, 0, 0, 1, 0, 0, 0, 0
18:04:49, 1462.70, 30.66, 36.41, 28.367, 0, 0, 0, 0, 0, 1, 1, 2, 2, 0, 0, 0, 0, 0, 0, 0, 0, 0, 0, 1, 0, 0, 0, 0
18:04:50, 1463.80, 30.66, 36.41, 28.359, 0, 0, 0, 0, 0, 1, 1, 2, 2, 0, 0, 0, 0, 0, 0, 0, 0, 0, 0, 0, 0, 0, 0, 0
18:04:50, 1464.70, 30.65, 36.41, 28.359, 0, 0, 0, 0, 0, 1, 1, 2, 2, 0, 0, 0, 0, 0, 0, 0, 0, 0, 0, 0, 0, 0, 0, 0
18:04:51, 1463.40, 30.65, 36.43, 28.359, 0, 0, 0, 0, 0, 1, 1, 2, 1, 0, 0, 0, 0, 0, 0, 0, 0, 0, 0, 0, 0, 0, 0, 0
18:04:52, 1458.50, 30.65, 36.41, 28.359, 0, 0, 0, 0, 0, 1, 1, 2, 1, 0, 0, 0, 0, 0, 0, 0, 0, 0, 0, 0, 0, 0, 0, 0
18:04:52, 1452.00, 30.65, 36.45, 28.367, 0, 0, 0, 0, 0, 1, 1, 2, 1, 0, 0, 0, 0, 0, 0, 0, 0, 0, 0, 1, 0, 0, 0, 0
18:04:53, 1446.70, 30.64, 36.41, 28.367, 0, 0, 0, 0, 0, 1, 2, 2, 2, 0, 0, 0, 0, 0, 0, 0, 0, 0, 0, 1, 0, 0, 0, 0
18:04:54, 1440.10, 30.64, 36.43, 28.359, 0, 0, 0, 0, 0, 1, 1, 2, 2, 0, 0, 0, 0, 0, 0, 0, 0, 0, 0, 1, 1, 0, 0, 0
18:04:54, 1434.10, 30.63, 36.43, 28.359, 0, 0, 0, 0, 0, 1, 2, 3, 3, 1, 0, 0, 0, 0, 0, 0, 0, 0, 0, 1, 1, 0, 0, 0
18:04:55, 1429.80, 30.63, 36.37, 28.359, 0, 0, 0, 0, 0, 1, 2, 4, 3, 1, 0, 0, 0, 0, 0, 0, 0, 0, 1, 1, 1, 0, 0, 0
18:04:56, 1426.20, 30.63, 36.41, 28.359, 0, 0, 0, 0, 0, 2, 3, 4, 4, 1, 0, 0, 0, 0, 0, 0, 0, 0, 1, 1, 1, 0, 0, 0
18:04:56, 1422.70, 30.63, 36.43, 28.359, 0, 0, 1, 0, 0, 2, 3, 5, 5, 1, 0, 0, 0, 0, 0, 0, 0, 0, 1, 2, 1, 0, 0, 0
18:04:57, 1418.50, 30.62, 36.39, 28.359, 0, 0, 1, 0, 0, 2, 4, 6, 5, 1, 0, 0, 0, 0, 0, 0, 0, 0, 1, 2, 1, 0, 0, 0
18:04:58, 1414.60, 30.62, 36.41, 28.359, 0, 0, 0, 0, 1, 2, 4, 6, 6, 1, 0, 0, 0, 0, 0, 0, 0, 0, 1, 2, 2, 0, 0, 0
18:04:58, 1410.40, 30.62, 36.41, 28.359, 0, 0, 0, 0, 1, 2, 5, 7, 7, 1, 0, 0, 0, 0, 0, 0, 0, 0, 2, 3, 2, 0, 0, 0
18:04:59, 1408.10, 30.61, 36.37, 28.352, 0, 0, 0, 0, 1, 3, 5, 8, 8, 1, 0, 0, 0, 0, 0, 0, 0, 0, 2, 3, 3, 0, 0, 0
18:05:00, 1407.10, 30.61, 36.41, 28.359, 0, 0, 0, 0, 1, 3, 5, 8, 7, 1, 0, 0, 0, 0, 0, 0, 0, 0, 2, 3, 3, 0, 0, 0
18:05:00, 1405.70, 30.61, 36.41, 28.359, 0, 0, 0, 0, 1, 3, 5, 7, 6, 1, 0, 0, 0, 0, 0, 0, 0, 0, 2, 3, 3, 0, 0, 0
18:05:01, 1401.80, 30.61, 36.35, 28.352, 0, 0, 1, 0, 1, 3, 5, 7, 6, 1, 0, 0, 0, 0, 0, 0, 0, 0, 2, 4, 3, 0, 0, 0
18:05:02, 1400.90, 30.60, 36.41, 28.359, 0, 0, 1, 0, 1, 3, 6, 9, 8, 1, 0, 0, 0, 0, 0, 0, 0, 0, 2, 3, 3, 0, 0, 0
18:05:02, 1400.20, 30.61, 36.39, 28.359, 0, 0, 0, 0, 1, 3, 6, 9, 9, 1, 0, 0, 0, 0, 0, 0, 0, 0, 2, 4, 3, 0, 0, 0
18:05:03, 1396.30, 30.61, 36.35, 28.352, 0, 0, 0, 0, 1, 3, 6, 9, 9, 1, 0, 0, 0, 0, 0, 0, 0, 0, 3, 4, 4, 0, 0, 0
18:05:04, 1394.50, 30.61, 36.37, 28.359, 0, 0, 1, 0, 1, 4, 7, 11, 10, 1, 0, 0, 0, 0, 0, 0, 0, 0, 3, 4, 3, 0, 0, 0
18:05:04, 1390.10, 30.60, 36.35, 28.359, 0, 1, 0, 0, 1, 4, 7, 11, 10, 1, 0, 0, 0, 0, 0, 0, 0, 1, 3, 4, 4, 0, 0, 0
18:05:05, 1386.30, 30.60, 36.37, 28.359, 0, 1, 1, 0, 1, 4, 8, 11, 10, 1, 0, 0, 0, 0, 0, 0, 0, 1, 3, 5, 4, 0, 0, 0
18:05:06, 1388.30, 30.60, 36.39, 28.367, 0, 1, 0, 0, 2, 4, 9, 13, 12, 1, 0, 0, 0, 0, 0, 0, 0, 1, 3, 5, 4, 0, 0, 0
18:05:06, 1386.30, 30.59, 36.37, 28.367, 0, 1, 0, 0, 1, 4, 7, 11, 11, 1, 0, 0, 0, 0, 0, 0, 0, 1, 3, 5, 5, 0, 0, 0
18:05:07, 1389.10, 30.59, 36.35, 28.359, 0, 1, 0, 0, 1, 4, 8, 11, 11, 1, 0, 0, 0, 0, 0, 0, 0, 1, 3, 4, 4, 0, 0, 0
18:05:08, 1387.90, 30.58, 36.41, 28.367, 0, 1, 0, 0, 1, 4, 8, 12, 11, 1, 0, 0, 0, 0, 0, 0, 0, 1, 3, 5, 4, 0, 0, 0
18:05:08, 1386.60, 30.58, 36.37, 28.367, 0, 1, 0, 0, 2, 4, 8, 12, 11, 1, 0, 0, 0, 0, 0, 0, 0, 0, 3, 5, 4, 0, 0, 0
18:05:09, 1385.20, 30.58, 36.41, 28.359, 0, 1, 0, 0, 2, 5, 10, 14, 14, 1, 0, 0, 0, 0, 0, 0, 0, 1, 3, 5, 4, 0, 0, 0
18:05:10, 1381.90, 30.57, 36.37, 28.359, 0, 1, 0, 0, 2, 5, 11, 14, 14, 1, 0, 0, 0, 0, 0, 0, 0, 1, 3, 5, 4, 0, 0, 0
18:05:10, 1379.70, 30.57, 36.35, 28.359, 0, 1, 0, 0, 2, 5, 10, 15, 14, 1, 0, 0, 0, 0, 0, 0, 0, 1, 3, 5, 5, 0, 0, 0
18:05:11, 1378.70, 30.57, 36.37, 28.359, 0, 1, 0, 0, 3, 6, 12, 18, 17, 2, 0, 0, 0, 0, 0, 0, 0, 1, 4, 5, 5, 0, 0, 0
18:05:12, 1373.90, 30.57, 36.37, 28.359, 0, 1, 0, 0, 2, 5, 10, 15, 14, 1, 0, 0, 0, 0, 0, 0, 0, 1, 4, 6, 5, 0, 0, 0
18:05:12, 1371.00, 30.57, 36.39, 28.359, 0, 1, 1, 0, 2, 5, 10, 15, 13, 1, 0, 0, 0, 0, 0, 0, 0, 1, 4, 6, 5, 0, 0, 0
18:05:13, 1369.70, 30.56, 36.35, 28.359, 0, 1, 0, 0, 2, 6, 12, 17, 15, 1, 0, 0, 0, 0, 0, 0, 0, 1, 4, 6, 6, 0, 0, 0
18:05:14, 1367.00, 30.56, 36.33, 28.359, 0, 1, 0, 0, 3, 6, 13, 19, 19, 2, 0, 0, 0, 0, 0, 0, 0, 1, 5, 7, 6, 0, 0, 0
18:05:14, 1366.80, 30.56, 36.41, 28.359, 0, 1, 1, 0, 3, 7, 15, 19, 21, 2, 0, 0, 0, 0, 0, 0, 0, 1, 5, 7, 6, 0, 0, 0
18:05:15, 1367.40, 30.56, 36.33, 28.352, 0, 1, 0, 0, 3, 8, 16, 22, 24, 2, 0, 0, 0, 0, 0, 0, 0, 1, 5, 7, 6, 0, 0, 0
18:05:16, 1366.90, 30.56, 36.33, 28.352, 0, 1, 1, 0, 3, 7, 15, 20, 18, 2, 0, 0, 0, 0, 0, 0, 0, 1, 5, 7, 6, 0, 0, 0
18:05:16, 1367.60, 30.56, 36.33, 28.352, 0, 1, 0, 0, 3, 7, 14, 21, 20, 2, 0, 0, 0, 0, 0, 0, 0, 1, 4, 7, 6, 0, 0, 0
18:05:17, 1364.40, 30.55, 36.37, 28.352, 0, 1, 0, 0, 3, 7, 14, 20, 18, 2, 0, 0, 0, 0, 0, 0, 0, 1, 5, 7, 6, 0, 0, 0
18:05:18, 1364.20, 30.55, 36.31, 28.359, 0, 1, 0, 0, 3, 7, 14, 20, 18, 2, 0, 0, 0, 0, 0, 0, 0, 1, 5, 7, 6, 0, 0, 0
18:05:18, 1363.80, 30.55, 36.35, 28.359, 0, 1, 0, 1, 3, 8, 16, 22, 23, 2, 0, 0, 0, 0, 0, 0, 0, 1, 5, 7, 6, 0, 0, 0
18:05:19, 1357.80, 30.54, 36.31, 28.352, 0, 1, 0, 0, 3, 7, 14, 19, 17, 2, 0, 0, 0, 0, 0, 0, 0, 2, 6, 9, 7, 0, 0, 0
18:05:20, 1358.80, 30.54, 36.33, 28.359, 0, 1, 0, 1, 3, 8, 15, 22, 19, 2, 0, 0, 0, 0, 0, 0, 0, 2, 6, 8, 7, 0, 0, 0
18:05:20, 1358.50, 30.54, 36.35, 28.359, 1, 1, 0, 1, 4, 9, 19, 26, 27, 2, 0, 0, 0, 0, 0, 0, 0, 2, 6, 8, 8, 0, 0, 0
18:05:21, 1357.30, 30.54, 36.31, 28.344, 1, 1, 0, 1, 4, 9, 19, 26, 26, 2, 0, 0, 0, 0, 0, 0, 1, 2, 6, 9, 8, 0, 0, 0
18:05:22, 1357.90, 30.53, 36.33, 28.344, 0, 1, 0, 1, 4, 8, 16, 23, 20, 2, 0, 0, 0, 0, 0, 0, 0, 2, 6, 9, 8, 0, 0, 0
18:05:22, 1356.40, 30.53, 36.29, 28.344, 0, 1, 0, 1, 4, 8, 16, 23, 20, 2, 0, 0, 0, 0, 0, 0, 0, 2, 6, 9, 7, 0, 0, 0
18:05:23, 1355.50, 30.53, 36.31, 28.344, 1, 1, 0, 1, 4, 10, 19, 27, 25, 2, 0, 0, 0, 0, 0, 0, 0, 2, 6, 9, 8, 0, 0, 0
18:05:24, 1353.40, 30.53, 36.29, 28.344, 1, 1, 0, 1, 4, 9, 18, 25, 23, 2, 0, 0, 0, 0, 0, 0, 1, 2, 6, 9, 8, 0, 0, 0
18:05:24, 1350.90, 30.52, 36.33, 28.344, 0, 1, 0, 1, 4, 8, 16, 23, 20, 2, 0, 0, 0, 0, 0, 0, 1, 2, 7, 10, 8, 0, 0, 0
18:05:25, 1349.70, 30.52, 36.31, 28.344, 1, 1, 0, 1, 5, 10, 20, 28, 26, 2, 0, 0, 0, 0, 0, 0, 1, 2, 7, 9, 8, 0, 0, 0
18:05:26, 1346.20, 30.51, 36.31, 28.344, 1, 1, 0, 1, 4, 9, 18, 25, 23, 2, 0, 0, 0, 0, 0, 0, 1, 2, 7, 10, 9, 0, 0, 0
18:05:26, 1349.80, 30.51, 36.31, 28.352, 1, 1, 0, 1, 5, 10, 20, 28, 27, 2, 0, 0, 0, 0, 0, 0, 1, 2, 6, 9, 9, 0, 0, 0
18:05:27, 1347.00, 30.51, 36.31, 28.344, 1, 1, 0, 1, 4, 9, 18, 24, 21, 2, 0, 0, 0, 0, 0, 0, 1, 2, 7, 10, 9, 0, 0, 0
18:05:28, 1343.80, 30.51, 36.31, 28.344, 1, 1, 0, 1, 5, 10, 20, 28, 25, 2, 0, 0, 0, 0, 0, 0, 1, 2, 7, 11, 9, 0, 0, 0
18:05:28, 1340.00, 30.50, 36.29, 28.352, 1, 1, 0, 1, 6, 12, 23, 32, 30, 3, 0, 0, 0, 0, 0, 0, 1, 3, 8, 11, 10, 0, 0, 0
18:05:29, 1336.60, 30.50, 36.27, 28.352, 1, 1, 1, 1, 6, 12, 23, 32, 30, 3, 0, 0, 0, 0, 0, 0, 1, 3, 9, 12, 12, 0, 0, 0
18:05:30, 1334.60, 30.50, 36.23, 28.352, 1, 1, 1, 2, 8, 16, 31, 42, 43, 4, 0, 0, 0, 0, 0, 0, 1, 3, 9, 13, 12, 0, 0, 0
18:05:30, 1330.60, 30.50, 36.25, 28.344, 1, 1, 1, 1, 6, 13, 25, 34, 31, 3, 0, 0, 0, 0, 0, 0, 1, 4, 10, 14, 12, 0, 0, 0
18:05:31, 1332.00, 30.49, 36.27, 28.352, 1, 1, 1, 1, 7, 14, 28, 39, 34, 3, 0, 0, 0, 0, 0, 0, 1, 4, 10, 14, 13, 0, 0, 0
18:05:32, 1327.00, 30.49, 36.25, 28.352, 1, 1, 1, 2, 7, 14, 27, 37, 33, 3, 0, 0, 0, 0, 0, 0, 2, 4, 11, 15, 14, 0, 0, 0
18:05:32, 1326.30, 30.49, 36.29, 28.352, 1, 1, 1, 1, 7, 15, 29, 40, 39, 3, 0, 0, 0, 0, 0, 0, 1, 4, 11, 15, 14, 0, 0, 0
18:05:33, 1327.00, 30.49, 36.31, 28.352, 1, 2, 1, 2, 9, 18, 36, 48, 50, 4, 0, 0, 0, 0, 0, 0, 2, 4, 11, 15, 14, 0, 0, 0
18:05:33, 1324.40, 30.49, 36.27, 28.352, 1, 2, 1, 2, 9, 19, 37, 50, 50, 4, 0, 0, 0, 0, 0, 0, 2, 5, 12, 16, 15, 1, 0, 0
18:05:34, 1322.10, 30.48, 36.23, 28.352, 1, 2, 1, 2, 8, 17, 32, 44, 39, 3, 0, 0, 0, 0, 0, 0, 2, 5, 13, 17, 15, 1, 0, 0
18:05:35, 1321.40, 30.48, 36.29, 28.359, 1, 2, 1, 2, 9, 18, 36, 49, 46, 4, 0, 0, 0, 0, 0, 0, 2, 5, 12, 17, 16, 0, 0, 0
18:05:35, 1317.10, 30.48, 36.29, 28.359, 2, 2, 1, 3, 11, 21, 41, 56, 57, 5, 0, 0, 0, 0, 0, 0, 2, 6, 14, 19, 18, 1, 0, 0
18:05:36, 1314.20, 30.47, 36.27, 28.344, 1, 2, 1, 2, 10, 20, 37, 51, 54, 4, 0, 0, 0, 0, 0, 0, 2, 6, 15, 20, 19, 1, 0, 0
18:05:37, 1313.60, 30.47, 36.25, 28.352, 2, 2, 1, 3, 11, 22, 42, 57, 60, 5, 0, 0, 0, 0, 0, 0, 2, 6, 15, 20, 19, 1, 0, 0
18:05:37, 1311.30, 30.47, 36.25, 28.352, 2, 2, 1, 3, 12, 23, 44, 59, 59, 5, 0, 0, 0, 0, 0, 1, 3, 7, 17, 23, 21, 1, 0, 0
18:05:38, 1311.40, 30.47, 36.23, 28.344, 2, 2, 1, 3, 12, 23, 43, 59, 57, 5, 0, 0, 0, 0, 0, 1, 3, 6, 15, 21, 20, 1, 0, 0
18:05:39, 1312.50, 30.47, 36.23, 28.352, 2, 2, 2, 3, 13, 25, 47, 64, 65, 5, 0, 0, 0, 0, 0, 1, 3, 6, 15, 21, 20, 1, 0, 0
18:05:39, 1311.20, 30.47, 36.27, 28.352, 2, 2, 2, 3, 13, 25, 48, 65, 65, 5, 0, 0, 0, 0, 0, 1, 3, 7, 17, 22, 20, 1, 0, 0
18:05:40, 1308.30, 30.46, 36.23, 28.344, 2, 2, 1, 3, 11, 22, 41, 56, 50, 4, 0, 0, 0, 0, 0, 1, 3, 7, 18, 24, 21, 1, 0, 0
18:05:41, 1305.60, 30.46, 36.23, 28.352, 2, 2, 2, 3, 14, 26, 51, 68, 65, 5, 0, 0, 0, 0, 0, 1, 3, 8, 18, 25, 22, 1, 0, 0
18:05:41, 1303.00, 30.46, 36.21, 28.352, 2, 2, 2, 3, 12, 23, 43, 59, 58, 5, 0, 0, 0, 0, 0, 1, 4, 9, 20, 27, 26, 1, 0, 0
18:05:42, 1303.70, 30.45, 36.29, 28.344, 2, 2, 2, 3, 14, 28, 53, 72, 77, 6, 0, 0, 0, 0, 0, 1, 3, 7, 18, 24, 23, 1, 0, 0
18:05:43, 1297.90, 30.45, 36.21, 28.352, 2, 2, 3, 3, 13, 25, 47, 64, 61, 5, 0, 0, 0, 0, 0, 1, 4, 9, 20, 27, 25, 1, 0, 0
18:05:43, 1291.70, 30.45, 36.21, 28.352, 2, 2, 2, 3, 14, 27, 51, 70, 67, 5, 0, 0, 0, 0, 1, 1, 5, 10, 24, 32, 30, 2, 0, 0
18:05:44, 1291.30, 30.44, 36.23, 28.344, 3, 3, 2, 4, 17, 32, 62, 82, 92, 7, 0, 0, 0, 0, 1, 1, 4, 10, 22, 30, 31, 2, 0, 0
18:05:45, 1285.10, 30.44, 36.21, 28.352, 3, 3, 3, 5, 19, 35, 66, 88, 102, 8, 0, 0, 0, 0, 1, 1, 5, 11, 26, 35, 35, 2, 0, 0
18:05:45, 1282.50, 30.44, 36.19, 28.352, 3, 3, 3, 5, 20, 37, 69, 93, 105, 8, 0, 0, 0, 0, 1, 1, 5, 12, 26, 35, 35, 2, 0, 0
18:05:46, 1279.80, 30.43, 36.19, 28.344, 3, 3, 3, 6, 22, 40, 74, 100, 108, 8, 0, 0, 1, 0, 1, 1, 6, 12, 28, 38, 37, 3, 0, 0
18:05:47, 1274.20, 30.44, 36.21, 28.344, 4, 4, 3, 7, 24, 44, 81, 108, 116, 9, 0, 0, 1, 0, 1, 2, 7, 14, 31, 42, 40, 3, 0, 0
18:05:47, 1270.40, 30.43, 36.21, 28.344, 3, 3, 3, 6, 21, 40, 74, 99, 104, 8, 0, 0, 1, 1, 1, 2, 7, 15, 32, 43, 43, 3, 0, 0
18:05:48, 1267.30, 30.43, 36.19, 28.344, 4, 4, 4, 8, 30, 53, 98, 130, 148, 11, 0, 0, 1, 1, 1, 2, 7, 16, 34, 46, 47, 4, 0, 0
18:05:49, 1261.60, 30.43, 36.21, 28.344, 4, 4, 4, 9, 32, 57, 102, 136, 157, 12, 0, 0, 1, 1, 1, 2, 9, 17, 38, 50, 52, 4, 0, 0
18:05:49, 1256.20, 30.43, 36.21, 28.344, 5, 5, 5, 9, 34, 61, 110, 146, 164, 13, 0, 0, 1, 1, 1, 2, 10, 20, 42, 56, 57, 4, 0, 0
18:05:50, 1252.50, 30.43, 36.17, 28.336, 6, 6, 6, 11, 42, 73, 130, 172, 189, 14, 0, 0, 1, 1, 2, 3, 11, 22, 46, 61, 62, 5, 0, 0
18:05:51, 1246.10, 30.43, 36.19, 28.344, 6, 6, 6, 12, 44, 77, 135, 178, 194, 15, 0, 0, 2, 1, 2, 4, 13, 26, 55, 73, 74, 6, 0, 0
18:05:51, 1243.60, 30.43, 36.19, 28.344, 8, 7, 8, 16, 54, 93, 162, 214, 232, 18, 0, 0, 2, 1, 2, 4, 14, 27, 56, 74, 74, 6, 0, 0
18:05:52, 1236.80, 30.42, 36.21, 28.336, 8, 8, 10, 18, 61, 104, 180, 237, 251, 19, 0, 0, 2, 2, 2, 4, 17, 32, 66, 86, 85, 7, 0, 0
18:05:53, 1231.60, 30.42, 36.15, 28.336, 10, 9, 10, 20, 70, 119, 202, 265, 270, 20, 0, 0, 3, 2, 3, 5, 19, 36, 72, 94, 95, 8, 0, 0
18:05:53, 1228.40, 30.42, 36.21, 28.344, 12, 11, 13, 27, 89, 148, 251, 327, 351, 26, 0, 0, 3, 2, 3, 6, 20, 39, 78, 101, 104, 8, 0, 0
18:05:54, 1224.70, 30.42, 36.17, 28.336, 12, 11, 13, 28, 84, 140, 235, 307, 335, 25, 0, 0, 3, 3, 4, 6, 23, 44, 87, 112, 117, 10, 0, 0
18:05:55, 1222.30, 30.42, 36.15, 28.336, 12, 11, 13, 27, 85, 143, 240, 313, 358, 27, 0, 0, 4, 3, 4, 7, 24, 45, 90, 115, 121, 10, 0, 0
18:05:55, 1217.20, 30.42, 36.19, 28.336, 13, 12, 14, 30, 90, 149, 248, 325, 346, 26, 0, 0, 4, 3, 4, 7, 26, 49, 98, 125, 128, 11, 0, 0
18:05:56, 1211.70, 30.41, 36.19, 28.336, 12, 11, 14, 27, 85, 143, 238, 310, 355, 27, 0, 0, 5, 4, 5, 9, 31, 58, 113, 144, 156, 13, 0, 0
18:05:57, 1208.90, 30.41, 36.17, 28.336, 15, 14, 18, 38, 111, 182, 306, 390, 516, 39, 0, 0, 5, 4, 5, 10, 33, 61, 118, 152, 169, 14, 0, 0
18:05:57, 1203.30, 30.41, 36.15, 28.336, 14, 13, 16, 35, 101, 166, 276, 351, 433, 33, 0, 0, 6, 5, 6, 11, 38, 69, 135, 173, 183, 16, 0, 0
18:05:58, 1198.70, 30.41, 36.19, 28.336, 16, 14, 17, 37, 109, 180, 293, 378, 428, 33, 0, 0, 6, 5, 7, 12, 42, 77, 148, 189, 200, 17, 0, 0
18:05:59, 1198.80, 30.41, 36.15, 28.336, 17, 15, 19, 42, 140, 227, 367, 476, 555, 42, 0, 0, 6, 5, 7, 12, 42, 76, 145, 186, 201, 17, 0, 0
18:05:59, 1195.00, 30.41, 36.19, 28.336, 23, 22, 29, 63, 185, 290, 477, 612, 761, 56, 0, 0, 7, 6, 7, 13, 48, 88, 167, 213, 226, 20, 0, 0
18:06:00, 1189.10, 30.41, 36.15, 28.328, 22, 19, 25, 55, 162, 261, 415, 533, 602, 45, 0, 0, 8, 7, 9, 16, 55, 100, 188, 239, 251, 22, 0, 0
18:06:01, 1185.50, 30.40, 36.15, 28.328, 25, 22, 30, 65, 192, 304, 477, 615, 671, 50, 0, 0, 10, 8, 11, 20, 65, 115, 214, 269, 286, 25, 0, 0
18:06:01, 1182.30, 30.40, 36.11, 28.336, 34, 32, 45, 103, 300, 455, 733, 918, 1239, 92, 0, 0, 9, 8, 10, 19, 67, 118, 220, 277, 314, 27, 0, 0
18:06:02, 1177.40, 30.40, 36.17, 28.336, 25, 22, 30, 69, 193, 303, 484, 604, 822, 63, 0, 0, 12, 10, 12, 24, 77, 135, 249, 313, 356, 31, 0, 0
18:06:03, 1175.90, 30.39, 36.17, 28.336, 25, 22, 31, 70, 204, 320, 496, 630, 759, 58, 0, 0, 12, 10, 13, 25, 79, 136, 250, 314, 344, 30, 0, 0
18:06:03, 1169.60, 30.39, 36.15, 28.328, 34, 30, 43, 97, 255, 394, 606, 774, 924, 69, 0, 0, 13, 11, 14, 26, 86, 149, 272, 341, 373, 33, 0, 0
18:06:04, 1164.50, 30.39, 36.17, 28.336, 33, 28, 41, 91, 244, 377, 578, 733, 887, 67, 0, 0, 14, 12, 16, 30, 97, 167, 303, 376, 419, 37, 0, 0
18:06:05, 1158.60, 30.39, 36.13, 28.336, 41, 36, 54, 122, 309, 472, 720, 909, 1142, 85, 0, 0, 16, 13, 18, 34, 108, 183, 327, 405, 466, 41, 0, 0
18:06:05, 1153.60, 30.38, 36.15, 28.328, 58, 55, 87, 198, 495, 723, 1117, 1403, 1938, 142, 0, 0, 17, 14, 19, 39, 121, 203, 357, 441, 531, 47, 0, 0
18:06:06, 1145.90, 30.38, 36.15, 28.336, 49, 45, 70, 164, 400, 595, 901, 1099, 1576, 119, 0, 0, 22, 19, 25, 51, 158, 261, 455, 559, 675, 60, 0, 0
18:06:07, 1144.20, 30.38, 36.13, 28.336, 63, 61, 96, 226, 602, 863, 1326, 1636, 2457, 182, 0, 0, 21, 18, 24, 49, 159, 261, 451, 554, 663, 59, 0, 0
18:06:07, 1134.60, 30.38, 36.13, 28.336, 74, 66, 110, 250, 547, 808, 1154, 1436, 1818, 136, 0, 0, 29, 24, 34, 70, 213, 342, 584, 710, 815, 74, 0, 0
18:06:08, 1129.70, 30.38, 36.09, 28.336, 88, 73, 128, 280, 727, 1042, 1458, 1873, 2117, 158, 0, 0, 30, 25, 35, 73, 218, 349, 591, 720, 815, 73, 0, 0
18:06:09, 1122.80, 30.38, 36.09, 28.336, 97, 81, 145, 310, 796, 1139, 1573, 2032, 2216, 166, 0, 0, 34, 29, 41, 87, 269, 424, 710, 857, 984, 89, 0, 0
18:06:09, 1112.40, 30.38, 36.09, 28.328, 93, 81, 147, 323, 723, 1040, 1403, 1722, 2297, 180, 0, 0, 52, 45, 67, 145, 396, 605, 988, 1182, 1455, 132, 0, 0
18:06:10, 1110.70, 30.37, 36.09, 28.336, 121, 112, 209, 460, 789, 1116, 1525, 1829, 2665, 209, 0, 0, 53, 46, 69, 150, 370, 568, 926, 1112, 1422, 127, 0, 0
18:06:11, 1105.90, 30.37, 36.11, 28.336, 88, 84, 151, 344, 531, 741, 1062, 1225, 2020, 165, 0, 0, 70, 61, 95, 207, 532, 800, 1288, 1533, 2006, 183, 0, 0
18:06:11, 1103.10, 30.36, 36.09, 28.328, 73, 69, 127, 282, 561, 781, 1073, 1269, 1849, 152, 0, 0, 77, 67, 105, 228, 571, 853, 1378, 1630, 1972, 182, 0, 0
18:06:12, 1103.60, 30.36, 36.11, 28.336, 95, 84, 159, 338, 705, 987, 1320, 1607, 2058, 167, 0, 0, 64, 55, 85, 185, 462, 698, 1129, 1339, 1590, 145, 0, 0
18:06:13, 1100.10, 30.34, 36.05, 28.336, 118, 107, 202, 436, 873, 1232, 1654, 1944, 3025, 243, 0, 0, 66, 58, 92, 201, 539, 802, 1278, 1509, 1961, 178, 0, 0
18:06:13, 1097.20, 30.33, 36.11, 28.328, 105, 106, 200, 440, 818, 1106, 1529, 1759, 3024, 248, 0, 0, 77, 67, 109, 237, 602, 890, 1418, 1671, 2141, 196, 0, 0
18:06:14, 1093.70, 30.33, 36.09, 28.344, 118, 107, 207, 439, 1009, 1424, 1820, 2228, 3063, 251, 0, 0, 76, 66, 106, 231, 626, 923, 1467, 1723, 2071, 190, 0, 0
18:06:15, 1087.20, 30.33, 36.07, 28.344, 153, 144, 292, 587, 1130, 1512, 1936, 2353, 3086, 256, 0, 0, 94, 82, 138, 302, 792, 1144, 1784, 2075, 2573, 236, 0, 0
18:06:15, 1081.50, 30.33, 36.07, 28.336, 147, 144, 287, 584, 1003, 1356, 1757, 2044, 3305, 291, 0, 0, 128, 116, 204, 444, 997, 1414, 2167, 2499, 3369, 311, 0, 0
18:06:16, 1080.90, 30.32, 36.05, 28.352, 214, 221, 446, 905, 1762, 2430, 3036, 3554, 5645, 457, 0, 0, 109, 98, 171, 376, 921, 1309, 2006, 2324, 3089, 284, 0, 0
18:06:17, 1072.90, 30.33, 36.07, 28.352, 258, 250, 511, 984, 1548, 2088, 2555, 3070, 4458, 393, 0, 0, 130, 119, 212, 463, 1113, 1553, 2352, 2700, 3609, 334, 0, 0
18:06:17, 1066.10, 30.32, 36.11, 28.352, 236, 258, 523, 981, 1417, 1850, 2255, 2626, 4456, 416, 0, 0, 155, 146, 272, 584, 1296, 1777, 2655, 3036, 4205, 392, 0, 0
18:06:18, 1061.90, 30.33, 36.03, 28.359, 377, 387, 800, 1436, 2801, 3902, 4254, 5342, 7382, 660, 0, 0, 149, 140, 264, 567, 1342, 1822, 2694, 3060, 4027, 371, 0, 0
18:06:19, 1055.10, 30.33, 36.07, 28.359, 363, 383, 801, 1354, 1717, 2189, 2543, 3007, 4740, 473, 0, 0, 225, 223, 437, 918, 1964, 2591, 3754, 4205, 5975, 566, 0, 0
18:06:19, 1054.00, 30.33, 36.07, 28.352, 374, 443, 862, 1527, 2323, 3042, 3641, 4045, 8222, 871, 0, 0, 213, 218, 428, 892, 1827, 2413, 3499, 3941, 5882, 557, 0, 0
18:06:20, 1050.10, 30.33, 36.07, 28.352, 707, 691, 1408, 2365, 3348, 4842, 4952, 6127, 8950, 882, 0, 0, 188, 190, 373, 775, 1579, 2084, 3023, 3400, 4895, 462, 0, 0
18:06:21, 1040.40, 30.33, 36.05, 28.352, 708, 705, 1433, 2194, 3330, 4797, 4762, 5923, 8999, 996, 0, 0, 221, 232, 463, 947, 2129, 2753, 3943, 4427, 6830, 661, 0, 0
18:06:21, 1028.50, 30.34, 36.07, 28.359, 429, 615, 1079, 1798, 2501, 3046, 3781, 3922, 10492, 1497, 0, 0, 325, 384, 778, 1501, 2972, 3709, 5166, 5753, 9693, 975, 0, 0
18:06:22, 1027.10, 30.34, 36.03, 28.367, 459, 671, 1132, 1741, 4192, 6524, 6052, 6940, 13521, 1956, 0, 0, 312, 368, 744, 1416, 2567, 3216, 4509, 5051, 8177, 827, 0, 0
18:06:23, 1027.00, 30.35, 36.09, 28.367, 835, 992, 1750, 2337, 3587, 4683, 4527, 5779, 8422, 1416, 0, 0, 281, 317, 642, 1247, 2123, 2692, 3779, 4273, 6550, 665, 0, 0
18:06:23, 1018.20, 30.35, 36.07, 28.359, 3063, 4835, 7384, 9458, 17262, 18973, 23109, 27401, 15386, 2306, 0, 0, 243, 281, 576, 1093, 1900, 2379, 3266, 3652, 5040, 505, 0, 0
18:06:24, 1010.20, 30.36, 36.05, 28.359, 2787, 4984, 7529, 8726, 23251, 23276, 26106, 25992, 31439, 15248, 0, 0, 327, 416, 840, 1522, 2627, 3174, 4333, 4794, 8210, 899, 0, 0
18:06:25, 1008.20, 30.36, 36.09, 28.367, 10333, 21170, 29988, 28810, 32942, 29616, 32304, 35674, 36000, 32690, 1, 1, 419, 564, 1105, 1948, 3743, 4454, 5997, 6630, 13677, 1584, 0, 0
18:06:25, 1010.20, 30.36, 36.03, 28.375, 11226, 21603, 27393, 30727, 32458, 36000, 35729, 36000, 36000, 36000, 1, 1, 468, 639, 1220, 2087, 3291, 3965, 5324, 5965, 12599, 1496, 0, 0
18:06:26, 1016.40, 30.36, 36.03, 28.375, 10003, 18064, 24347, 24981, 25033, 26175, 28388, 31506, 35376, 32174, 0, 1, 380, 499, 986, 1761, 2975, 3609, 4880, 5426, 10886, 1182, 0, 0
18:06:27, 1007.50, 30.36, 36.03, 28.367, 8630, 12638, 16965, 19469, 4618, 10030, 8617, 7219, 23690, 5012, 0, 0, 526, 729, 1367, 2273, 9911, 10437, 12908, 13892, 35511, 8854, 0, 1
18:06:27, 1008.10, 30.37, 36.05, 28.367, 10066, 21076, 29295, 26649, 36000, 36000, 36000, 36000, 36000, 36000, 1, 1, 7428, 10453, 15703, 19570, 35719, 36000, 36000, 36000, 36000, 36000, 1, 1
18:06:28, 1007.80, 30.37, 36.07, 28.367, 6752, 15952, 20915, 28068, 1831, 1943, 2292, 2593, 5379, 2953, 0, 0, 2018, 2845, 3962, 4694, 2959, 3016, 4153, 4490, 15671, 8171, 0, 0
18:06:29, 1007.70, 30.37, 36.03, 28.328, 1055, 1708, 2163, 2494, 2321, 2343, 2729, 2861, 9256, 2401, 0, 0, 855, 1199, 1549, 1981, 3045, 3523, 4420, 5366, 14986, 8475, 0, 0
18:06:29, 1007.60, 30.37, 36.07, 28.187, 874, 1430, 1767, 2015, 2057, 2015, 2336, 2742, 9322, 2544, 0, 0, 1039, 1641, 2200, 2888, 4059, 3675, 5913, 4273, 13062, 4374, 0, 0
