Secchi Depth (cm) = 9999
Forel Ule Scale = 99
pH Colour Scale = 99
SensingSecchi S/N = A017
Latitude (degs N) = 34.35220
Longitude (degs E) = -78.05016
Date = 2026-06-18
Time (UTC), Pressure (mbar) MS5803, Temp (deg C) MS5803, Temp (deg C) 10KTHERM, Temp (deg C) TMP117, ED 415nm, ED 445nm, ED 480nm, ED 515nm, ED 555nm, ED 590nm, ED 630nm, ED 680nm, ED Clear, ED NIR, ED D-SAT, ED A-SAT, EU 415nm, EU 445nm, EU 480nm, EU 515nm, EU 555nm, EU 590nm, EU 630nm, EU 680nm, EU Clear, EU NIR, EU D-SAT, EU A-SAT
16:48:19, 1004.90, 29.67, 31.71, 27.609, 1560, 2417, 3235, 3903, 4349, 4524, 5365, 5662, 23396, 8194, 0, 0, 5543, 7152, 10136, 11995, 15131, 16950, 19782, 24291, 36000, 36000, 1, 1
16:48:19, 1004.60, 29.67, 31.71, 27.555, 5336, 9438, 12384, 14728, 19048, 19299, 22587, 24077, 34209, 23818, 0, 1, 3649, 6004, 8232, 10850, 23152, 26204, 29023, 32412, 34352, 13185, 0, 1
16:48:20, 1004.90, 29.68, 31.66, 27.328, 7383, 12202, 15897, 20406, 29754, 30885, 33167, 34485, 36000, 34284, 1, 1, 7233, 10150, 15540, 18163, 8692, 9401, 10781, 12456, 31919, 12957, 0, 0
16:48:21, 1005.00, 29.68, 31.70, 27.328, 10344, 18318, 24382, 30573, 33502, 33773, 36000, 36000, 36000, 36000, 1, 1, 1830, 2988, 4298, 5634, 8487, 8760, 11185, 11544, 32585, 11216, 0, 1
16:48:21, 1017.20, 29.68, 31.66, 27.117, 11068, 21456, 25534, 34721, 33151, 35067, 35224, 35401, 36000, 35599, 1, 1, 170, 226, 440, 793, 1189, 1469, 2065, 2330, 4141, 466, 0, 0
16:48:22, 1022.30, 29.68, 31.66, 27.750, 4282, 6812, 10486, 17494, 23035, 26026, 27772, 25857, 35868, 15217, 0, 1, 139, 158, 305, 601, 1012, 1299, 1879, 2148, 2996, 296, 0, 0
16:48:23, 1018.40, 29.68, 31.68, 27.750, 1259, 2196, 3492, 4678, 5258, 5802, 6930, 7725, 17602, 2878, 0, 0, 145, 163, 318, 634, 1189, 1518, 2181, 2472, 3196, 311, 0, 0
16:48:23, 1018.60, 29.66, 31.66, 28.203, 1351, 2491, 3826, 5006, 19119, 19121, 26290, 28950, 32932, 6127, 0, 1, 152, 177, 347, 676, 1317, 1646, 2330, 2640, 4225, 457, 0, 0
16:48:24, 1017.50, 29.65, 31.70, 28.414, 7925, 12728, 20614, 27008, 19262, 21155, 28063, 26396, 36000, 12634, 1, 1, 168, 199, 390, 741, 1350, 1688, 2383, 2711, 4332, 483, 0, 0
16:48:25, 1020.10, 29.63, 31.64, 28.414, 10515, 14756, 23355, 35983, 25571, 32832, 34732, 33531, 36000, 18698, 1, 1, 155, 187, 369, 700, 1148, 1448, 2067, 2345, 3629, 383, 0, 0
16:48:25, 1018.30, 29.61, 31.66, 28.516, 1476, 2542, 3947, 5285, 6338, 6797, 8230, 9185, 22337, 3447, 0, 0, 137, 157, 310, 606, 1102, 1408, 1985, 2259, 3194, 313, 0, 0
16:48:26, 1021.50, 29.59, 31.66, 28.602, 1424, 2518, 3783, 4873, 6239, 6742, 7982, 8893, 23361, 3773, 0, 0, 135, 160, 316, 609, 1224, 1513, 2104, 2362, 3967, 418, 0, 0
16:48:27, 1019.80, 29.58, 31.66, 28.602, 4253, 9968, 13457, 24864, 26062, 31608, 33074, 32661, 36000, 20795, 1, 1, 143, 170, 337, 647, 1169, 1468, 2084, 2359, 3773, 403, 0, 0
16:48:27, 1021.50, 29.56, 31.64, 28.648, 10329, 21141, 28441, 31807, 24498, 24940, 33076, 32111, 32772, 5956, 0, 1, 149, 172, 340, 658, 1230, 1543, 2179, 2478, 4052, 431, 0, 0
16:48:28, 1019.80, 29.55, 31.64, 28.648, 8957, 11756, 18346, 32117, 31840, 35919, 35913, 34827, 36000, 18127, 1, 1, 165, 194, 385, 742, 1365, 1707, 2396, 2720, 4428, 471, 0, 0
16:48:29, 1022.80, 29.54, 31.60, 28.687, 7522, 12894, 20592, 25697, 28617, 32473, 34893, 34048, 36000, 21852, 1, 1, 161, 205, 408, 758, 1387, 1709, 2357, 2641, 4477, 446, 0, 0
16:48:29, 1018.60, 29.52, 31.64, 28.703, 1297, 2253, 3507, 4996, 5229, 5690, 6989, 7668, 16008, 2430, 0, 0, 183, 210, 419, 807, 1613, 2031, 2822, 3226, 5229, 543, 0, 0
16:48:30, 1023.50, 29.51, 31.62, 28.703, 1641, 2864, 4422, 5826, 7629, 8636, 10592, 11085, 27952, 4258, 0, 0, 143, 164, 326, 642, 1220, 1531, 2135, 2398, 3594, 345, 0, 0
16:48:31, 1018.60, 29.51, 31.62, 28.711, 1672, 3033, 4866, 7341, 7158, 7643, 9674, 10855, 21212, 2930, 0, 0, 131, 152, 305, 596, 1086, 1357, 1902, 2124, 2935, 291, 0, 0
16:48:31, 1021.80, 29.50, 31.60, 28.719, 2954, 4407, 6887, 10620, 30875, 34890, 35033, 33505, 36000, 16824, 1, 1, 110, 129, 258, 502, 873, 1094, 1533, 1722, 2724, 279, 0, 0
16:48:32, 1020.30, 29.49, 31.60, 28.719, 1664, 3286, 4888, 7600, 5967, 6955, 8276, 9033, 13322, 1991, 0, 0, 103, 118, 237, 466, 811, 1018, 1431, 1601, 2300, 231, 0, 0
16:48:32, 1021.30, 29.50, 31.56, 28.711, 1772, 2960, 4708, 6904, 8107, 9004, 11335, 11970, 26173, 3982, 0, 0, 91, 105, 208, 409, 754, 949, 1330, 1495, 2222, 223, 0, 0
16:48:33, 1022.10, 29.49, 31.60, 28.703, 1462, 2596, 4097, 6081, 8173, 10690, 12550, 11619, 32514, 4720, 0, 1, 86, 100, 199, 390, 712, 892, 1259, 1413, 2166, 222, 0, 0
16:48:34, 1022.90, 29.48, 31.58, 28.703, 2191, 3931, 6396, 8649, 22924, 24849, 32388, 31788, 36000, 10145, 1, 1, 89, 103, 205, 401, 751, 938, 1311, 1472, 2346, 246, 0, 0
16:48:34, 1022.30, 29.48, 31.60, 28.695, 3435, 4774, 7894, 13313, 14029, 20425, 20761, 19496, 36000, 7700, 1, 1, 86, 101, 203, 391, 723, 900, 1254, 1407, 2243, 233, 0, 0
16:48:35, 1023.60, 29.47, 31.60, 28.703, 3966, 5826, 9821, 14688, 12762, 14634, 18495, 18101, 36000, 7788, 1, 1, 79, 95, 193, 373, 634, 790, 1102, 1229, 1979, 199, 0, 0
16:48:36, 1020.80, 29.47, 31.55, 28.703, 1210, 2146, 3406, 4919, 6076, 6659, 8273, 9191, 20712, 3021, 0, 0, 74, 86, 173, 337, 634, 792, 1099, 1229, 1868, 188, 0, 0
16:48:36, 1021.00, 29.47, 31.56, 28.695, 1192, 2184, 3351, 4677, 5925, 6563, 8054, 8553, 21567, 3449, 0, 0, 76, 88, 177, 348, 664, 834, 1171, 1311, 1915, 189, 0, 0
16:48:37, 1028.00, 29.46, 31.62, 28.703, 1839, 3872, 5295, 7003, 11693, 12023, 16622, 18134, 23954, 3177, 0, 0, 79, 90, 181, 356, 708, 881, 1224, 1378, 2370, 242, 0, 0
16:48:38, 1031.40, 29.46, 31.60, 28.703, 1397, 2627, 4464, 8024, 6877, 8860, 10570, 10398, 31900, 3867, 0, 0, 66, 72, 143, 290, 532, 686, 979, 1114, 1719, 167, 0, 0
16:48:38, 1037.10, 29.45, 31.60, 28.703, 1157, 2216, 4061, 6817, 4730, 5262, 6918, 7721, 10183, 1162, 0, 0, 63, 65, 125, 260, 524, 689, 1003, 1156, 1715, 169, 0, 0
16:48:39, 1045.60, 29.45, 31.58, 28.695, 2185, 2802, 6646, 7246, 7497, 10763, 9114, 13594, 35766, 13673, 0, 1, 99, 106, 209, 419, 746, 1009, 1481, 1742, 2506, 243, 0, 0
16:48:40, 1057.00, 29.44, 31.56, 28.695, 2747, 4123, 8600, 14727, 12769, 14421, 19895, 21937, 35051, 3750, 0, 1, 92, 85, 149, 318, 675, 949, 1442, 1735, 2312, 223, 0, 0
16:48:40, 1066.00, 29.44, 31.56, 28.680, 2624, 3006, 6223, 13278, 9917, 12392, 18464, 19379, 34291, 2909, 0, 1, 78, 70, 113, 246, 559, 815, 1283, 1572, 2123, 201, 0, 0
16:48:41, 1067.70, 29.43, 31.56, 28.680, 986, 1306, 2768, 6927, 8739, 13791, 17989, 17345, 33681, 2865, 0, 1, 69, 60, 95, 205, 533, 792, 1275, 1569, 2100, 201, 0, 0
16:48:42, 1077.30, 29.43, 31.56, 28.680, 855, 1207, 1844, 3654, 8248, 9186, 13720, 17342, 17942, 1374, 0, 0, 68, 60, 94, 202, 517, 755, 1184, 1452, 1972, 182, 0, 0
16:48:42, 1080.80, 29.42, 31.58, 28.680, 896, 1379, 2174, 4672, 7179, 10371, 14814, 15448, 27902, 1961, 0, 0, 59, 51, 75, 160, 416, 639, 1060, 1322, 1653, 154, 0, 0
16:48:43, 1085.60, 29.42, 31.53, 28.680, 788, 851, 1736, 3902, 7111, 12029, 14807, 14808, 25804, 1980, 0, 0, 56, 48, 71, 151, 406, 621, 1016, 1267, 1642, 150, 0, 0
16:48:44, 1088.60, 29.41, 31.58, 28.680, 604, 734, 1141, 2619, 5690, 6730, 9856, 12190, 25092, 2002, 0, 0, 52, 45, 65, 140, 360, 560, 933, 1172, 1496, 136, 0, 0
16:48:44, 1092.30, 29.41, 31.56, 28.672, 684, 715, 1418, 3246, 6101, 8619, 13164, 13925, 26406, 1723, 0, 0, 48, 42, 60, 127, 335, 524, 875, 1101, 1403, 127, 0, 0
16:48:45, 1097.70, 29.40, 31.56, 28.687, 655, 888, 1355, 3462, 5530, 7439, 10865, 13543, 24915, 1777, 0, 0, 48, 41, 60, 127, 328, 513, 852, 1071, 1335, 119, 0, 0
16:48:46, 1103.50, 29.40, 31.56, 28.687, 600, 586, 1107, 3057, 6121, 10665, 15967, 15411, 28550, 1910, 0, 0, 41, 35, 48, 99, 270, 434, 746, 947, 1147, 103, 0, 0
16:48:46, 1106.30, 29.40, 31.55, 28.680, 542, 564, 990, 2572, 4352, 6693, 10308, 11040, 17024, 1222, 0, 0, 37, 32, 42, 86, 243, 398, 694, 884, 1031, 93, 0, 0
16:48:47, 1108.70, 29.40, 31.55, 28.703, 396, 429, 725, 1657, 4274, 5793, 10112, 12348, 7898, 571, 0, 0, 38, 32, 43, 87, 240, 392, 686, 871, 985, 90, 0, 0
16:48:48, 1114.30, 29.40, 31.58, 28.703, 354, 383, 567, 1445, 2614, 3423, 5133, 6362, 17527, 1598, 0, 0, 34, 29, 39, 82, 217, 359, 629, 802, 970, 86, 0, 0
16:48:48, 1119.70, 29.40, 31.55, 28.711, 451, 389, 646, 1747, 3316, 5242, 8271, 9156, 12846, 921, 0, 0, 31, 26, 34, 67, 199, 332, 588, 755, 899, 80, 0, 0
16:48:49, 1124.80, 29.39, 31.56, 28.711, 292, 352, 432, 1116, 3096, 3918, 6216, 8115, 15020, 1165, 0, 0, 28, 24, 31, 61, 179, 303, 544, 703, 827, 73, 0, 0
16:48:50, 1130.60, 29.39, 31.55, 28.711, 333, 296, 462, 1193, 2814, 4791, 7598, 8223, 12000, 833, 0, 0, 25, 21, 27, 51, 158, 269, 487, 631, 734, 65, 0, 0
16:48:50, 1134.50, 29.39, 31.55, 28.711, 373, 321, 488, 1370, 2547, 4122, 6964, 7828, 10953, 755, 0, 0, 23, 19, 24, 45, 142, 246, 453, 592, 673, 60, 0, 0
16:48:51, 1137.50, 29.39, 31.55, 28.750, 263, 256, 391, 1003, 2079, 3529, 5623, 6483, 10190, 680, 0, 0, 21, 18, 22, 41, 129, 227, 423, 556, 623, 55, 0, 0
16:48:52, 1140.90, 29.39, 31.56, 28.750, 240, 227, 333, 850, 1813, 2989, 4834, 5863, 8882, 604, 0, 0, 20, 17, 21, 39, 121, 215, 403, 533, 596, 53, 0, 0
16:48:52, 1145.30, 29.39, 31.55, 28.719, 275, 248, 359, 861, 1940, 3123, 5423, 6320, 8388, 576, 0, 0, 19, 16, 20, 36, 117, 207, 390, 517, 583, 51, 0, 0
16:48:53, 1146.30, 29.39, 31.56, 28.719, 191, 192, 267, 676, 1602, 2803, 4749, 5513, 8986, 584, 0, 0, 18, 16, 19, 33, 106, 191, 368, 491, 527, 47, 0, 0
16:48:54, 1149.20, 29.39, 31.56, 28.711, 207, 205, 279, 620, 1612, 2569, 4363, 5309, 6014, 426, 0, 0, 19, 16, 20, 34, 114, 205, 391, 521, 580, 51, 0, 0
16:48:54, 1148.50, 29.39, 31.56, 28.687, 182, 174, 242, 592, 1734, 2798, 5113, 5994, 7748, 532, 0, 0, 19, 16, 19, 33, 109, 197, 382, 511, 545, 48, 0, 0
16:48:55, 1150.90, 29.39, 31.56, 28.687, 212, 203, 282, 637, 1673, 2791, 4775, 5625, 8158, 534, 0, 0, 19, 16, 19, 33, 108, 195, 376, 500, 556, 49, 0, 0
16:48:56, 1152.20, 29.39, 31.58, 28.680, 205, 196, 267, 657, 1678, 2801, 4712, 5722, 8643, 554, 0, 0, 18, 15, 18, 32, 104, 189, 365, 487, 537, 47, 0, 0
16:48:56, 1152.10, 29.38, 31.58, 28.695, 173, 166, 227, 525, 1519, 2515, 4268, 5200, 7323, 482, 0, 0, 18, 15, 18, 31, 105, 191, 369, 493, 533, 47, 0, 0
16:48:57, 1150.50, 29.38, 31.55, 28.695, 200, 188, 258, 591, 1502, 2425, 4170, 5013, 6545, 451, 0, 0, 18, 16, 19, 33, 109, 196, 378, 503, 551, 49, 0, 0
16:48:58, 1149.20, 29.38, 31.56, 28.719, 271, 220, 294, 701, 1783, 2991, 4841, 5787, 6141, 455, 0, 0, 20, 17, 21, 36, 118, 212, 407, 542, 600, 53, 0, 0
16:48:58, 1150.20, 29.38, 31.56, 28.727, 145, 146, 193, 466, 1444, 2407, 4009, 4920, 7161, 495, 0, 0, 18, 16, 19, 33, 108, 197, 381, 510, 542, 48, 0, 0
16:48:59, 1149.90, 29.38, 31.51, 28.727, 172, 171, 232, 508, 1578, 2442, 4413, 5446, 6270, 443, 0, 0, 19, 16, 19, 34, 110, 198, 383, 512, 570, 50, 0, 0
16:49:00, 1152.90, 29.38, 31.58, 28.719, 181, 175, 240, 541, 1661, 2572, 4693, 5734, 7240, 493, 0, 0, 19, 16, 19, 33, 108, 196, 378, 505, 562, 49, 0, 0
16:49:00, 1153.20, 29.38, 31.58, 28.727, 196, 187, 257, 651, 1481, 2512, 4281, 5030, 7033, 476, 0, 0, 17, 15, 18, 31, 102, 185, 362, 485, 512, 46, 0, 0
16:49:01, 1149.60, 29.38, 31.53, 28.727, 228, 210, 284, 650, 1647, 2672, 4941, 5856, 5622, 412, 0, 0, 19, 16, 19, 33, 110, 200, 389, 516, 515, 47, 0, 0
16:49:02, 1152.40, 29.38, 31.56, 28.734, 181, 171, 238, 552, 1458, 2382, 3982, 4881, 6934, 469, 0, 0, 19, 16, 19, 34, 115, 207, 398, 529, 591, 51, 0, 0
16:49:02, 1153.80, 29.37, 31.53, 28.750, 167, 158, 214, 489, 1482, 2381, 4453, 5235, 5537, 421, 0, 0, 17, 14, 17, 30, 97, 177, 346, 462, 490, 43, 0, 0
16:49:03, 1157.00, 29.37, 31.55, 28.750, 171, 161, 217, 509, 1647, 2922, 5197, 5895, 8803, 563, 0, 0, 15, 13, 16, 27, 88, 160, 312, 418, 467, 40, 0, 0
16:49:04, 1160.00, 29.38, 31.58, 28.750, 154, 159, 204, 491, 1392, 2261, 3850, 5117, 7118, 501, 0, 0, 15, 12, 15, 25, 81, 150, 296, 398, 443, 39, 0, 0
16:49:04, 1162.70, 29.37, 31.58, 28.742, 139, 135, 179, 382, 1154, 1831, 3317, 4181, 5133, 346, 0, 0, 13, 11, 13, 22, 75, 139, 276, 372, 408, 36, 0, 0
16:49:05, 1166.70, 29.37, 31.56, 28.742, 137, 132, 172, 367, 1016, 1637, 2966, 3880, 3751, 256, 0, 0, 14, 11, 13, 22, 72, 136, 272, 370, 397, 35, 0, 0
16:49:06, 1168.70, 29.37, 31.55, 28.750, 99, 96, 122, 270, 782, 1284, 2287, 2922, 3495, 243, 0, 0, 10, 9, 11, 17, 57, 108, 219, 300, 304, 27, 0, 0
16:49:06, 1174.10, 29.37, 31.58, 28.742, 95, 90, 114, 243, 673, 1126, 1983, 2566, 3434, 236, 0, 0, 9, 8, 9, 15, 50, 95, 192, 263, 287, 24, 0, 0
16:49:07, 1177.90, 29.37, 31.55, 28.742, 67, 66, 80, 180, 493, 864, 1549, 1967, 2816, 195, 0, 0, 7, 6, 7, 11, 38, 73, 151, 208, 219, 19, 0, 0
16:49:08, 1181.60, 29.37, 31.58, 28.719, 67, 64, 78, 168, 485, 840, 1541, 1963, 2533, 170, 0, 0, 6, 5, 6, 9, 31, 61, 128, 178, 184, 16, 0, 0
16:49:08, 1186.70, 29.37, 31.51, 28.711, 52, 51, 61, 132, 344, 609, 1153, 1473, 2132, 150, 0, 0, 5, 5, 5, 8, 30, 59, 124, 173, 182, 15, 0, 0
16:49:09, 1189.70, 29.37, 31.56, 28.711, 58, 56, 66, 129, 469, 800, 1538, 2027, 2239, 156, 0, 0, 7, 6, 7, 10, 36, 71, 153, 216, 215, 19, 0, 0
16:49:10, 1191.90, 29.37, 31.55, 28.695, 67, 64, 76, 148, 522, 898, 1754, 2324, 2317, 165, 0, 0, 8, 7, 8, 12, 43, 86, 188, 268, 258, 23, 0, 0
16:49:10, 1197.20, 29.36, 31.53, 28.703, 86, 83, 97, 190, 570, 1014, 1900, 2576, 3449, 230, 0, 0, 8, 7, 8, 12, 40, 80, 175, 250, 255, 22, 0, 0
16:49:11, 1202.30, 29.36, 31.51, 28.703, 60, 59, 67, 129, 460, 855, 1648, 2182, 2851, 197, 0, 0, 7, 6, 7, 10, 35, 71, 158, 228, 231, 20, 0, 0
16:49:12, 1203.70, 29.36, 31.56, 28.680, 57, 56, 64, 124, 412, 797, 1580, 2054, 2701, 183, 0, 0, 6, 5, 6, 9, 30, 61, 138, 202, 195, 17, 0, 0
16:49:12, 1206.30, 29.36, 31.56, 28.680, 52, 51, 58, 101, 334, 616, 1236, 1651, 1904, 133, 0, 0, 5, 5, 5, 8, 26, 53, 121, 177, 177, 15, 0, 0
16:49:13, 1207.70, 29.35, 31.53, 28.680, 42, 40, 45, 78, 290, 521, 1046, 1453, 1445, 103, 0, 0, 5, 4, 5, 7, 25, 52, 118, 172, 170, 14, 0, 0
16:49:14, 1215.00, 29.35, 31.53, 28.672, 42, 41, 46, 86, 263, 472, 966, 1347, 1895, 142, 0, 0, 6, 5, 5, 8, 27, 56, 129, 190, 193, 16, 0, 0
16:49:14, 1217.10, 29.35, 31.55, 28.664, 40, 39, 43, 76, 277, 513, 1097, 1489, 1535, 109, 0, 0, 5, 4, 5, 7, 23, 49, 116, 172, 166, 14, 0, 0
16:49:15, 1225.00, 29.35, 31.55, 28.664, 38, 38, 40, 69, 209, 384, 771, 1199, 1534, 119, 0, 0, 4, 4, 4, 6, 19, 40, 98, 147, 140, 12, 0, 0
16:49:16, 1231.40, 29.35, 31.55, 28.656, 35, 34, 37, 61, 207, 395, 822, 1157, 1247, 89, 0, 0, 4, 3, 4, 5, 17, 37, 90, 136, 132, 11, 0, 0
16:49:16, 1239.00, 29.34, 31.56, 28.656, 26, 26, 27, 44, 156, 305, 651, 938, 1135, 82, 0, 0, 3, 2, 3, 4, 13, 28, 71, 109, 101, 8, 0, 0
16:49:17, 1243.40, 29.34, 31.56, 28.656, 26, 25, 27, 42, 140, 277, 596, 864, 924, 67, 0, 0, 2, 2, 3, 3, 12, 25, 65, 101, 93, 8, 0, 0
16:49:17, 1246.80, 29.33, 31.55, 28.656, 25, 25, 26, 40, 146, 298, 656, 917, 1004, 70, 0, 0, 3, 2, 3, 3, 12, 26, 66, 102, 95, 8, 0, 0
16:49:18, 1249.70, 29.33, 31.55, 28.656, 25, 25, 26, 40, 139, 284, 630, 893, 960, 68, 0, 0, 2, 2, 2, 3, 11, 24, 62, 97, 87, 7, 0, 0
16:49:19, 1257.70, 29.33, 31.60, 28.656, 20, 20, 21, 32, 105, 206, 471, 703, 915, 68, 0, 0, 2, 2, 2, 3, 10, 22, 58, 91, 86, 7, 0, 0
16:49:19, 1262.40, 29.33, 31.60, 28.656, 20, 19, 20, 29, 98, 198, 450, 664, 601, 44, 0, 0, 2, 1, 2, 2, 8, 18, 49, 78, 67, 5, 0, 0
16:49:20, 1266.20, 29.33, 31.56, 28.656, 18, 18, 18, 26, 90, 183, 421, 648, 737, 54, 0, 0, 2, 1, 2, 2, 7, 17, 46, 73, 66, 5, 0, 0
16:49:21, 1267.80, 29.32, 31.56, 28.664, 16, 16, 16, 22, 83, 169, 398, 595, 485, 36, 0, 0, 1, 1, 2, 2, 7, 16, 45, 71, 63, 5, 0, 0
16:49:21, 1272.20, 29.32, 31.56, 28.664, 15, 15, 15, 22, 73, 148, 344, 528, 625, 47, 0, 0, 1, 1, 2, 2, 6, 15, 41, 66, 59, 4, 0, 0
16:49:22, 1271.50, 29.32, 31.55, 28.664, 15, 15, 15, 20, 76, 155, 364, 556, 391, 30, 0, 0, 1, 1, 2, 2, 6, 15, 42, 67, 56, 4, 0, 0
16:49:23, 1274.70, 29.32, 31.55, 28.656, 13, 13, 13, 18, 62, 124, 294, 458, 581, 45, 0, 0, 1, 1, 1, 2, 6, 13, 38, 61, 52, 4, 0, 0
16:49:23, 1270.80, 29.32, 31.56, 28.656, 14, 14, 14, 18, 68, 140, 337, 514, 416, 31, 0, 0, 1, 1, 1, 2, 6, 14, 40, 64, 55, 4, 0, 0
16:49:24, 1272.00, 29.32, 31.55, 28.656, 14, 14, 14, 18, 74, 151, 358, 544, 478, 35, 0, 0, 1, 1, 1, 2, 6, 14, 40, 64, 57, 4, 0, 0
16:49:25, 1265.00, 29.32, 31.55, 28.656, 14, 14, 14, 18, 64, 131, 312, 482, 382, 28, 0, 0, 1, 1, 1, 2, 7, 16, 45, 71, 58, 5, 0, 0
16:49:25, 1263.10, 29.32, 31.55, 28.664, 16, 16, 16, 21, 83, 168, 392, 589, 453, 34, 0, 0, 2, 1, 2, 2, 7, 17, 47, 74, 63, 5, 0, 0
16:49:26, 1257.70, 29.32, 31.56, 28.664, 16, 16, 17, 24, 83, 169, 397, 592, 481, 36, 0, 0, 2, 1, 2, 2, 8, 19, 51, 81, 66, 5, 0, 0
16:49:27, 1256.50, 29.32, 31.55, 28.656, 18, 18, 18, 25, 96, 189, 441, 660, 542, 40, 0, 0, 2, 1, 2, 3, 8, 19, 51, 81, 72, 6, 0, 0
16:49:27, 1253.20, 29.32, 31.58, 28.664, 18, 18, 18, 27, 96, 194, 444, 657, 637, 46, 0, 0, 2, 2, 2, 2, 9, 20, 55, 86, 73, 6, 0, 0
16:49:28, 1249.80, 29.32, 31.56, 28.664, 17, 17, 17, 23, 89, 175, 408, 640, 411, 31, 0, 0, 2, 2, 2, 3, 9, 21, 57, 89, 74, 6, 0, 0
16:49:29, 1243.40, 29.32, 31.58, 28.656, 18, 18, 19, 26, 98, 195, 437, 659, 448, 34, 0, 0, 2, 2, 2, 3, 11, 25, 65, 101, 83, 7, 0, 0
16:49:29, 1240.50, 29.31, 31.56, 28.664, 23, 22, 23, 34, 116, 227, 517, 761, 582, 43, 0, 0, 3, 2, 3, 3, 12, 26, 67, 103, 89, 8, 0, 0
16:49:30, 1245.70, 29.31, 31.55, 28.664, 22, 22, 23, 35, 92, 179, 391, 589, 963, 77, 0, 0, 3, 2, 3, 4, 13, 28, 72, 112, 109, 9, 0, 0
16:49:31, 1249.90, 29.31, 31.56, 28.648, 21, 21, 22, 32, 116, 226, 512, 779, 688, 50, 0, 0, 2, 2, 2, 3, 10, 22, 57, 90, 82, 6, 0, 0
16:49:31, 1247.30, 29.31, 31.55, 28.656, 19, 19, 19, 29, 108, 217, 492, 718, 711, 51, 0, 0, 2, 2, 2, 3, 10, 22, 59, 93, 79, 6, 0, 0
16:49:32, 1248.90, 29.31, 31.56, 28.656, 17, 17, 17, 23, 92, 181, 411, 627, 465, 34, 0, 0, 2, 2, 2, 3, 9, 21, 56, 88, 76, 6, 0, 0
16:49:33, 1252.80, 29.31, 31.55, 28.648, 19, 19, 20, 30, 106, 216, 486, 710, 764, 55, 0, 0, 2, 2, 2, 3, 9, 20, 54, 85, 79, 6, 0, 0
16:49:33, 1256.90, 29.31, 31.55, 28.656, 16, 17, 17, 25, 90, 183, 420, 619, 749, 55, 0, 0, 2, 1, 2, 2, 8, 18, 50, 79, 72, 6, 0, 0
16:49:34, 1259.30, 29.31, 31.55, 28.656, 17, 17, 17, 25, 86, 172, 400, 603, 567, 41, 0, 0, 2, 1, 2, 2, 7, 17, 46, 72, 64, 5, 0, 0
16:49:35, 1261.90, 29.30, 31.55, 28.648, 17, 16, 17, 25, 85, 176, 407, 600, 614, 44, 0, 0, 2, 1, 1, 2, 7, 16, 44, 71, 63, 5, 0, 0
16:49:35, 1265.90, 29.30, 31.56, 28.656, 14, 14, 14, 20, 66, 131, 307, 468, 609, 47, 0, 0, 1, 1, 2, 2, 6, 14, 41, 66, 58, 4, 0, 0
16:49:36, 1268.20, 29.30, 31.56, 28.656, 14, 14, 14, 18, 63, 128, 311, 480, 366, 27, 0, 0, 1, 1, 1, 2, 6, 14, 39, 62, 52, 4, 0, 0
16:49:37, 1271.10, 29.30, 31.55, 28.648, 13, 13, 13, 17, 64, 132, 318, 484, 425, 31, 0, 0, 1, 1, 1, 2, 5, 13, 37, 61, 51, 4, 0, 0
16:49:37, 1273.40, 29.30, 31.55, 28.656, 12, 12, 12, 16, 60, 124, 294, 451, 455, 33, 0, 0, 1, 1, 1, 2, 5, 12, 36, 58, 50, 4, 0, 0
16:49:38, 1277.10, 29.29, 31.56, 28.656, 12, 12, 12, 17, 60, 126, 302, 462, 452, 33, 0, 0, 1, 1, 1, 1, 5, 12, 36, 58, 52, 4, 0, 0
16:49:39, 1281.90, 29.29, 31.56, 28.641, 10, 10, 10, 13, 50, 105, 255, 394, 452, 34, 0, 0, 1, 1, 1, 1, 4, 11, 32, 52, 46, 3, 0, 0
16:49:39, 1285.00, 29.29, 31.55, 28.648, 11, 11, 10, 14, 50, 105, 255, 397, 401, 29, 0, 0, 1, 1, 1, 1, 4, 10, 30, 49, 43, 3, 0, 0
16:49:40, 1285.80, 29.28, 31.55, 28.648, 10, 10, 10, 14, 52, 110, 270, 414, 392, 29, 0, 0, 1, 1, 1, 1, 4, 10, 30, 49, 42, 3, 0, 0
16:49:41, 1289.70, 29.28, 31.55, 28.648, 10, 10, 10, 13, 48, 101, 246, 385, 395, 29, 0, 0, 1, 1, 1, 1, 4, 9, 29, 47, 41, 3, 0, 0
16:49:41, 1293.40, 29.28, 31.53, 28.648, 10, 10, 11, 13, 45, 95, 233, 366, 385, 28, 0, 0, 0, 0, 1, 1, 3, 8, 26, 43, 36, 2, 0, 0
16:49:42, 1293.20, 29.28, 31.56, 28.648, 9, 9, 8, 11, 39, 83, 207, 328, 245, 18, 0, 0, 1, 0, 1, 1, 3, 8, 25, 42, 35, 2, 0, 0
16:49:43, 1296.80, 29.28, 31.55, 28.648, 8, 9, 8, 11, 37, 80, 195, 311, 337, 25, 0, 0, 1, 0, 1, 1, 3, 8, 25, 41, 37, 2, 0, 0
16:49:43, 1294.00, 29.28, 31.56, 28.648, 8, 8, 8, 10, 37, 78, 197, 316, 262, 19, 0, 0, 0, 0, 1, 1, 3, 8, 24, 41, 34, 2, 0, 0
16:49:44, 1292.40, 29.28, 31.56, 28.648, 8, 8, 7, 9, 33, 70, 175, 283, 229, 17, 0, 0, 0, 0, 1, 1, 3, 7, 23, 38, 32, 2, 0, 0
16:49:45, 1290.50, 29.28, 31.55, 28.641, 8, 8, 7, 9, 32, 69, 169, 271, 235, 18, 0, 0, 0, 0, 0, 1, 2, 6, 18, 31, 26, 2, 0, 0
16:49:45, 1293.90, 29.28, 31.55, 28.641, 5, 5, 5, 6, 24, 51, 123, 193, 178, 13, 0, 0, 0, 0, 0, 0, 2, 5, 15, 25, 22, 1, 0, 0
16:49:46, 1292.30, 29.28, 31.58, 28.648, 4, 4, 3, 5, 16, 34, 82, 131, 126, 10, 0, 0, 0, 0, 0, 0, 1, 2, 9, 15, 12, 0, 0, 0
16:49:47, 1290.10, 29.28, 31.55, 28.648, 2, 3, 2, 3, 11, 24, 57, 90, 79, 6, 0, 0, 0, 0, 0, 0, 0, 2, 7, 12, 10, 0, 0, 0
16:49:47, 1287.70, 29.28, 31.56, 28.648, 2, 2, 2, 2, 10, 22, 52, 82, 76, 6, 0, 0, 0, 0, 0, 0, 0, 2, 7, 11, 10, 0, 0, 0
16:49:48, 1277.00, 29.28, 31.56, 28.641, 2, 2, 2, 2, 10, 21, 48, 77, 60, 5, 0, 0, 0, 0, 0, 0, 1, 2, 8, 14, 11, 0, 0, 0
16:49:49, 1269.90, 29.28, 31.55, 28.641, 2, 3, 2, 3, 12, 25, 57, 90, 72, 6, 0, 0, 0, 0, 0, 0, 1, 3, 9, 15, 12, 0, 0, 0
16:49:49, 1264.00, 29.28, 31.55, 28.641, 3, 3, 2, 3, 13, 28, 63, 98, 81, 6, 0, 0, 0, 0, 0, 0, 1, 3, 10, 16, 14, 1, 0, 0
16:49:50, 1261.30, 29.28, 31.58, 28.641, 3, 3, 2, 4, 15, 30, 67, 105, 97, 8, 0, 0, 0, 0, 0, 0, 1, 3, 11, 17, 15, 0, 0, 0
16:49:51, 1262.20, 29.28, 31.56, 28.641, 3, 3, 3, 4, 16, 34, 75, 115, 113, 9, 0, 0, 0, 0, 0, 0, 1, 4, 11, 18, 16, 1, 0, 0
16:49:51, 1258.20, 29.28, 31.53, 28.641, 3, 4, 3, 5, 16, 32, 70, 109, 97, 8, 0, 0, 0, 0, 0, 0, 1, 4, 12, 19, 16, 1, 0, 0
16:49:52, 1255.40, 29.28, 31.55, 28.633, 3, 3, 2, 3, 14, 28, 62, 97, 67, 5, 0, 0, 0, 0, 0, 0, 2, 4, 13, 20, 16, 1, 0, 0
16:49:53, 1252.20, 29.28, 31.56, 28.648, 3, 3, 3, 4, 15, 31, 69, 106, 74, 6, 0, 0, 0, 0, 0, 0, 2, 4, 13, 21, 17, 1, 0, 0
16:49:53, 1247.60, 29.28, 31.56, 28.648, 3, 3, 3, 4, 16, 32, 70, 108, 77, 6, 0, 0, 0, 0, 0, 0, 2, 5, 15, 23, 19, 1, 0, 0
16:49:54, 1242.00, 29.28, 31.56, 28.641, 4, 4, 3, 5, 18, 37, 78, 121, 107, 8, 0, 0, 0, 0, 0, 1, 2, 6, 17, 26, 23, 1, 0, 0
16:49:55, 1235.50, 29.28, 31.56, 28.648, 3, 4, 3, 5, 18, 35, 75, 115, 109, 9, 0, 0, 0, 0, 1, 1, 3, 7, 20, 30, 28, 2, 0, 0
16:49:55, 1229.80, 29.28, 31.56, 28.648, 4, 4, 3, 5, 18, 36, 75, 116, 100, 8, 0, 0, 0, 0, 1, 1, 4, 8, 22, 34, 29, 2, 0, 0
16:49:56, 1224.80, 29.28, 31.53, 28.641, 4, 4, 4, 6, 23, 45, 92, 141, 108, 8, 0, 0, 0, 0, 1, 1, 4, 9, 23, 35, 30, 2, 0, 0
16:49:57, 1219.70, 29.28, 31.56, 28.656, 5, 5, 5, 7, 26, 50, 102, 156, 121, 9, 0, 0, 0, 0, 1, 1, 4, 10, 25, 38, 33, 2, 0, 0
16:49:57, 1209.90, 29.29, 31.58, 28.656, 5, 5, 4, 7, 23, 46, 90, 137, 120, 10, 0, 0, 1, 1, 1, 2, 6, 14, 34, 50, 45, 3, 0, 0
16:49:58, 1204.70, 29.28, 31.58, 28.648, 5, 5, 4, 7, 27, 52, 100, 152, 125, 10, 0, 0, 1, 1, 1, 2, 7, 15, 36, 53, 45, 3, 0, 0
16:49:59, 1205.40, 29.28, 31.55, 28.656, 6, 6, 6, 9, 33, 62, 120, 181, 130, 10, 0, 0, 1, 1, 1, 2, 7, 14, 34, 50, 42, 3, 0, 0
16:49:59, 1202.20, 29.29, 31.55, 28.656, 7, 7, 7, 11, 36, 68, 131, 197, 146, 11, 0, 0, 1, 1, 1, 2, 7, 15, 37, 53, 48, 4, 0, 0
16:50:00, 1198.60, 29.28, 31.56, 28.648, 7, 6, 6, 10, 37, 70, 133, 195, 186, 15, 0, 0, 1, 1, 1, 2, 9, 18, 41, 59, 58, 5, 0, 0
16:50:00, 1195.30, 29.29, 31.56, 28.656, 8, 7, 7, 12, 44, 82, 154, 223, 225, 17, 0, 0, 1, 1, 2, 3, 10, 21, 47, 67, 64, 5, 0, 0
16:50:01, 1197.30, 29.28, 31.55, 28.656, 10, 9, 10, 17, 52, 95, 179, 263, 237, 18, 0, 0, 1, 1, 1, 3, 9, 18, 42, 60, 57, 4, 0, 0
16:50:02, 1197.00, 29.28, 31.55, 28.656, 9, 8, 9, 14, 51, 93, 176, 262, 214, 16, 0, 0, 1, 1, 1, 2, 9, 18, 42, 60, 56, 4, 0, 0
16:50:02, 1195.50, 29.28, 31.56, 28.664, 8, 7, 8, 13, 43, 81, 152, 222, 210, 16, 0, 0, 2, 1, 2, 3, 11, 22, 50, 71, 69, 6, 0, 0
16:50:03, 1195.50, 29.28, 31.51, 28.664, 8, 7, 7, 12, 37, 71, 133, 191, 194, 15, 0, 0, 2, 1, 2, 3, 10, 21, 48, 69, 66, 5, 0, 0
16:50:04, 1198.70, 29.28, 31.56, 28.664, 8, 7, 8, 12, 42, 78, 145, 217, 172, 14, 0, 0, 1, 1, 2, 3, 9, 18, 43, 62, 55, 4, 0, 0
16:50:04, 1200.80, 29.28, 31.55, 28.664, 9, 8, 8, 14, 49, 91, 173, 261, 211, 16, 0, 0, 1, 1, 1, 2, 8, 18, 42, 61, 57, 4, 0, 0
16:50:05, 1199.60, 29.28, 31.56, 28.664, 10, 9, 10, 17, 55, 101, 196, 288, 292, 22, 0, 0, 1, 1, 2, 3, 10, 21, 49, 72, 71, 6, 0, 0
16:50:06, 1199.10, 29.28, 31.55, 28.656, 8, 7, 7, 12, 39, 74, 142, 208, 220, 17, 0, 0, 2, 1, 2, 3, 11, 22, 51, 75, 72, 6, 0, 0
16:50:06, 1203.30, 29.28, 31.55, 28.656, 9, 8, 9, 14, 48, 88, 173, 260, 240, 18, 0, 0, 1, 1, 2, 2, 9, 18, 44, 64, 58, 4, 0, 0
16:50:07, 1206.40, 29.28, 31.58, 28.648, 8, 7, 7, 11, 38, 72, 140, 215, 166, 13, 0, 0, 1, 1, 1, 2, 8, 17, 40, 60, 52, 4, 0, 0
16:50:08, 1205.20, 29.28, 31.55, 28.648, 8, 8, 8, 13, 44, 82, 163, 250, 204, 16, 0, 0, 1, 1, 1, 2, 8, 18, 43, 64, 58, 5, 0, 0
16:50:08, 1205.50, 29.27, 31.56, 28.648, 8, 8, 8, 13, 49, 91, 181, 274, 255, 19, 0, 0, 1, 1, 1, 2, 8, 17, 40, 60, 57, 4, 0, 0
16:50:09, 1207.70, 29.28, 31.55, 28.641, 8, 8, 8, 13, 52, 95, 189, 282, 276, 21, 0, 0, 1, 1, 1, 2, 7, 16, 39, 58, 54, 4, 0, 0
16:50:10, 1210.30, 29.27, 31.55, 28.633, 9, 9, 9, 15, 53, 96, 196, 292, 244, 18, 0, 0, 1, 1, 1, 2, 7, 15, 37, 55, 49, 4, 0, 0
16:50:10, 1207.40, 29.27, 31.56, 28.633, 9, 9, 9, 14, 47, 88, 174, 264, 198, 15, 0, 0, 1, 1, 1, 2, 8, 17, 42, 63, 55, 4, 0, 0
16:50:11, 1204.20, 29.27, 31.56, 28.633, 11, 11, 11, 18, 65, 118, 234, 356, 275, 21, 0, 0, 2, 1, 2, 3, 10, 20, 48, 70, 66, 5, 0, 0
16:50:12, 1203.80, 29.27, 31.55, 28.633, 15, 15, 16, 28, 97, 174, 341, 488, 531, 40, 0, 0, 2, 1, 2, 3, 10, 22, 51, 74, 74, 6, 0, 0
16:50:12, 1200.70, 29.27, 31.53, 28.633, 12, 12, 12, 21, 62, 115, 222, 331, 312, 23, 0, 0, 2, 2, 2, 3, 11, 23, 53, 77, 73, 6, 0, 0
16:50:13, 1197.70, 29.27, 31.55, 28.633, 12, 11, 11, 18, 62, 117, 218, 333, 257, 20, 0, 0, 2, 2, 2, 4, 13, 27, 62, 90, 82, 7, 0, 0
16:50:14, 1198.80, 29.27, 31.58, 28.633, 16, 15, 16, 27, 103, 183, 364, 523, 380, 29, 0, 0, 2, 2, 3, 4, 13, 27, 63, 92, 82, 7, 0, 0
16:50:14, 1198.90, 29.27, 31.55, 28.633, 19, 18, 19, 32, 121, 212, 428, 617, 431, 32, 0, 0, 2, 2, 2, 4, 13, 27, 63, 91, 86, 7, 0, 0
16:50:15, 1193.50, 29.27, 31.56, 28.633, 18, 16, 17, 28, 92, 176, 328, 497, 427, 32, 0, 0, 3, 3, 3, 5, 19, 38, 84, 122, 118, 10, 0, 0
16:50:16, 1197.00, 29.26, 31.55, 28.641, 24, 20, 22, 36, 146, 256, 497, 738, 533, 40, 0, 0, 4, 3, 4, 5, 17, 36, 81, 118, 110, 9, 0, 0
16:50:16, 1198.80, 29.26, 31.55, 28.641, 26, 25, 29, 51, 166, 292, 606, 853, 694, 50, 0, 0, 2, 2, 3, 4, 13, 27, 61, 89, 80, 7, 0, 0
16:50:17, 1199.50, 29.26, 31.58, 28.641, 13, 12, 13, 22, 79, 142, 278, 406, 301, 23, 0, 0, 2, 1, 2, 3, 11, 22, 52, 75, 65, 5, 0, 0
16:50:18, 1197.60, 29.26, 31.58, 28.641, 13, 13, 13, 22, 77, 139, 270, 395, 266, 20, 0, 0, 2, 1, 2, 3, 11, 22, 51, 74, 64, 5, 0, 0
16:50:18, 1201.40, 29.26, 31.56, 28.641, 14, 13, 14, 25, 90, 160, 318, 448, 356, 27, 0, 0, 2, 1, 2, 3, 10, 20, 46, 67, 67, 5, 0, 0
16:50:19, 1200.90, 29.26, 31.53, 28.641, 14, 13, 15, 25, 93, 167, 310, 474, 587, 46, 0, 0, 1, 1, 2, 2, 9, 18, 43, 62, 62, 5, 0, 0
16:50:20, 1198.10, 29.26, 31.55, 28.656, 12, 11, 12, 20, 59, 109, 208, 313, 262, 20, 0, 0, 2, 1, 2, 3, 10, 21, 49, 70, 64, 5, 0, 0
16:50:20, 1196.90, 29.26, 31.56, 28.656, 11, 10, 11, 18, 60, 110, 211, 318, 233, 18, 0, 0, 2, 1, 2, 3, 9, 20, 46, 66, 59, 5, 0, 0
16:50:21, 1199.40, 29.26, 31.55, 28.648, 12, 12, 13, 22, 77, 139, 275, 390, 320, 24, 0, 0, 1, 1, 1, 2, 8, 18, 41, 60, 57, 4, 0, 0
16:50:22, 1202.50, 29.26, 31.56, 28.648, 14, 14, 15, 27, 82, 148, 278, 426, 536, 42, 0, 0, 1, 1, 1, 2, 8, 18, 41, 60, 60, 4, 0, 0
16:50:22, 1200.30, 29.26, 31.56, 28.648, 13, 13, 13, 24, 69, 124, 243, 358, 370, 28, 0, 0, 1, 1, 2, 3, 10, 21, 49, 71, 67, 5, 0, 0
16:50:23, 1200.70, 29.26, 31.56, 28.648, 9, 8, 8, 13, 43, 82, 155, 237, 178, 14, 0, 0, 2, 1, 2, 3, 10, 20, 47, 68, 60, 5, 0, 0
16:50:24, 1203.40, 29.26, 31.56, 28.648, 11, 10, 11, 18, 64, 116, 231, 340, 245, 19, 0, 0, 1, 1, 1, 2, 8, 17, 41, 60, 53, 4, 0, 0
16:50:24, 1209.80, 29.27, 31.56, 28.648, 12, 12, 13, 22, 87, 160, 318, 441, 446, 33, 0, 0, 1, 1, 1, 2, 9, 19, 45, 66, 67, 5, 0, 0
16:50:25, 1207.10, 29.26, 31.56, 28.648, 13, 13, 14, 23, 83, 153, 298, 427, 494, 37, 0, 0, 1, 1, 1, 2, 7, 16, 37, 54, 53, 4, 0, 0
16:50:26, 1207.20, 29.27, 31.56, 28.641, 8, 8, 8, 13, 45, 84, 166, 252, 211, 16, 0, 0, 1, 1, 1, 2, 7, 16, 37, 55, 49, 4, 0, 0
16:50:26, 1206.80, 29.27, 31.55, 28.641, 8, 7, 7, 12, 43, 81, 160, 243, 171, 13, 0, 0, 1, 1, 1, 2, 7, 15, 36, 53, 46, 3, 0, 0
16:50:27, 1211.60, 29.26, 31.56, 28.641, 10, 10, 10, 17, 57, 104, 210, 304, 240, 18, 0, 0, 1, 1, 1, 2, 6, 12, 30, 44, 41, 3, 0, 0
16:50:28, 1210.70, 29.26, 31.56, 28.648, 10, 10, 10, 17, 62, 114, 227, 331, 400, 31, 0, 0, 1, 0, 1, 1, 5, 12, 29, 44, 42, 3, 0, 0
16:50:28, 1207.00, 29.26, 31.56, 28.648, 7, 7, 7, 10, 35, 66, 132, 201, 166, 13, 0, 0, 1, 1, 1, 2, 7, 14, 34, 51, 45, 3, 0, 0
16:50:29, 1202.30, 29.26, 31.56, 28.633, 8, 8, 8, 13, 45, 84, 166, 252, 182, 14, 0, 0, 1, 1, 1, 2, 7, 16, 37, 55, 48, 4, 0, 0
16:50:30, 1207.10, 29.26, 31.53, 28.633, 10, 10, 11, 18, 67, 124, 247, 350, 326, 24, 0, 0, 1, 1, 1, 2, 6, 14, 33, 49, 47, 3, 0, 0
16:50:30, 1207.80, 29.26, 31.56, 28.633, 11, 11, 11, 19, 70, 127, 248, 364, 444, 34, 0, 0, 1, 1, 1, 2, 6, 14, 33, 49, 47, 3, 0, 0
16:50:31, 1210.80, 29.26, 31.55, 28.625, 11, 11, 12, 20, 71, 131, 259, 374, 446, 34, 0, 0, 1, 1, 1, 2, 7, 15, 36, 53, 51, 4, 0, 0
16:50:32, 1213.50, 29.26, 31.56, 28.625, 12, 12, 13, 21, 76, 139, 283, 416, 332, 25, 0, 0, 1, 1, 1, 2, 8, 17, 41, 61, 55, 4, 0, 0
16:50:32, 1215.00, 29.26, 31.56, 28.625, 15, 15, 16, 27, 96, 182, 373, 520, 496, 36, 0, 0, 1, 1, 1, 2, 9, 20, 47, 71, 60, 5, 0, 0
16:50:33, 1213.20, 29.26, 31.55, 28.633, 19, 18, 20, 34, 129, 241, 480, 673, 529, 40, 0, 0, 2, 2, 2, 3, 12, 26, 62, 92, 82, 7, 0, 0
16:50:34, 1216.20, 29.25, 31.55, 28.633, 21, 21, 22, 38, 123, 227, 472, 670, 988, 74, 0, 0, 2, 2, 2, 3, 12, 25, 61, 91, 83, 7, 0, 0
16:50:34, 1218.80, 29.25, 31.53, 28.633, 24, 24, 26, 42, 149, 275, 566, 801, 778, 56, 0, 0, 2, 2, 2, 3, 11, 23, 55, 83, 77, 6, 0, 0
16:50:35, 1221.90, 29.25, 31.58, 28.641, 19, 19, 20, 34, 118, 220, 456, 630, 602, 44, 0, 0, 1, 1, 2, 2, 8, 18, 43, 65, 61, 5, 0, 0
16:50:36, 1223.40, 29.25, 31.55, 28.641, 16, 16, 17, 29, 97, 184, 376, 524, 500, 36, 0, 0, 1, 1, 1, 2, 8, 17, 41, 61, 54, 4, 0, 0
16:50:36, 1224.90, 29.25, 31.55, 28.656, 16, 15, 16, 27, 91, 176, 360, 502, 489, 36, 0, 0, 1, 1, 1, 2, 7, 15, 37, 56, 51, 4, 0, 0
16:50:37, 1228.20, 29.24, 31.56, 28.664, 12, 12, 13, 22, 66, 125, 253, 374, 492, 37, 0, 0, 1, 1, 1, 1, 5, 11, 29, 43, 42, 3, 0, 0
16:50:38, 1215.80, 29.24, 31.55, 28.664, 9, 9, 9, 14, 50, 95, 196, 285, 245, 18, 0, 0, 1, 0, 1, 1, 5, 12, 30, 45, 40, 3, 0, 0
16:50:38, 1207.50, 29.25, 31.56, 28.648, 10, 10, 10, 17, 59, 109, 216, 315, 280, 21, 0, 0, 1, 1, 1, 2, 7, 14, 34, 50, 48, 3, 0, 0
16:50:39, 1199.90, 29.25, 31.56, 28.648, 11, 11, 12, 20, 71, 129, 254, 364, 343, 26, 0, 0, 1, 1, 1, 2, 8, 16, 38, 56, 54, 4, 0, 0
16:50:40, 1190.70, 29.25, 31.56, 28.648, 13, 13, 14, 25, 90, 160, 309, 433, 431, 32, 0, 0, 1, 1, 2, 3, 10, 20, 46, 66, 64, 5, 0, 0
16:50:40, 1179.10, 29.25, 31.55, 28.633, 15, 14, 16, 29, 102, 176, 327, 460, 422, 32, 0, 0, 2, 2, 2, 4, 13, 27, 59, 83, 81, 7, 0, 0
16:50:41, 1178.20, 29.25, 31.58, 28.641, 21, 20, 23, 45, 150, 256, 460, 630, 654, 48, 0, 0, 2, 2, 2, 4, 13, 26, 56, 78, 78, 6, 0, 0
16:50:42, 1172.30, 29.25, 31.55, 28.641, 21, 20, 23, 44, 131, 222, 405, 559, 487, 36, 0, 0, 2, 2, 3, 4, 15, 30, 64, 89, 86, 7, 0, 0
16:50:42, 1166.30, 29.25, 31.55, 28.656, 23, 22, 26, 51, 164, 275, 491, 661, 576, 43, 0, 0, 3, 2, 3, 5, 18, 34, 71, 99, 94, 8, 0, 0
16:50:43, 1160.10, 29.25, 31.58, 28.656, 26, 25, 30, 62, 197, 323, 568, 760, 688, 51, 0, 0, 3, 3, 3, 6, 20, 39, 79, 108, 105, 9, 0, 0
16:50:44, 1161.70, 29.25, 31.56, 28.656, 30, 29, 36, 76, 225, 367, 634, 846, 977, 71, 0, 0, 3, 2, 3, 6, 20, 37, 74, 101, 108, 9, 0, 0
16:50:44, 1160.80, 29.25, 31.56, 28.664, 31, 31, 38, 81, 231, 378, 649, 865, 1019, 75, 0, 0, 3, 2, 3, 6, 19, 36, 73, 99, 103, 9, 0, 0
16:50:45, 1153.50, 29.25, 31.55, 28.680, 22, 20, 24, 48, 141, 233, 401, 560, 399, 31, 0, 0, 4, 3, 4, 7, 24, 45, 91, 122, 116, 10, 0, 0
16:50:45, 1144.70, 29.25, 31.56, 28.680, 27, 24, 30, 60, 177, 286, 479, 661, 438, 34, 0, 0, 5, 4, 5, 9, 31, 57, 111, 147, 138, 12, 0, 0
16:50:46, 1142.70, 29.25, 31.55, 28.680, 35, 33, 43, 93, 253, 395, 663, 871, 716, 52, 0, 0, 5, 4, 5, 9, 30, 54, 105, 140, 146, 13, 0, 0
16:50:47, 1138.70, 29.26, 31.51, 28.672, 44, 43, 59, 134, 363, 568, 929, 1194, 1407, 104, 0, 0, 5, 4, 5, 9, 32, 57, 109, 145, 158, 14, 0, 0
16:50:47, 1128.60, 29.26, 31.55, 28.672, 39, 37, 50, 112, 295, 444, 712, 943, 871, 63, 0, 0, 6, 5, 7, 13, 42, 73, 137, 178, 195, 17, 0, 0
16:50:48, 1124.90, 29.26, 31.56, 28.672, 50, 48, 68, 152, 376, 556, 881, 1151, 950, 70, 0, 0, 7, 6, 8, 15, 44, 76, 139, 179, 190, 17, 0, 0
16:50:49, 1121.90, 29.26, 31.56, 28.687, 61, 58, 88, 203, 430, 626, 1000, 1276, 1058, 79, 0, 0, 7, 6, 8, 15, 48, 83, 151, 192, 197, 17, 0, 0
16:50:49, 1117.00, 29.26, 31.56, 28.687, 61, 58, 88, 199, 477, 689, 1082, 1389, 1097, 83, 0, 0, 7, 6, 8, 16, 50, 84, 151, 192, 198, 17, 0, 0
16:50:50, 1104.10, 29.26, 31.58, 28.703, 64, 63, 96, 216, 540, 763, 1174, 1510, 1173, 90, 0, 0, 9, 7, 10, 20, 65, 105, 184, 229, 240, 21, 0, 0
16:50:51, 1103.70, 29.26, 31.55, 28.711, 91, 92, 155, 347, 861, 1195, 1771, 2172, 2434, 181, 0, 0, 8, 7, 10, 22, 64, 102, 172, 213, 260, 23, 0, 0
16:50:51, 1094.70, 29.26, 31.56, 28.711, 96, 99, 171, 389, 776, 1072, 1594, 1999, 1948, 147, 0, 0, 10, 8, 11, 24, 76, 120, 205, 251, 281, 25, 0, 0
16:50:52, 1082.50, 29.26, 31.58, 28.719, 106, 113, 204, 437, 982, 1276, 1845, 2327, 2154, 169, 0, 0, 12, 10, 15, 34, 96, 147, 241, 291, 342, 31, 0, 0
16:50:53, 1070.40, 29.27, 31.56, 28.727, 141, 157, 293, 605, 1257, 1580, 2199, 2763, 2607, 209, 0, 0, 15, 13, 21, 47, 123, 181, 287, 341, 409, 37, 0, 0
16:50:53, 1061.80, 29.27, 31.58, 28.727, 220, 283, 579, 1118, 2011, 2495, 3379, 4021, 5117, 424, 0, 0, 18, 16, 27, 61, 152, 216, 333, 389, 475, 44, 0, 0
16:50:54, 1052.40, 29.28, 31.55, 28.734, 255, 357, 738, 1351, 2216, 2652, 3551, 4213, 5247, 452, 0, 0, 21, 19, 33, 75, 181, 251, 381, 440, 540, 50, 0, 0
16:50:55, 1038.50, 29.28, 31.55, 28.734, 344, 514, 1025, 1728, 2820, 3261, 4117, 4863, 6045, 592, 0, 0, 26, 26, 50, 109, 243, 319, 462, 522, 712, 68, 0, 0
16:50:55, 1033.00, 29.28, 31.55, 28.742, 605, 1090, 2004, 3175, 3969, 4639, 5627, 6485, 14868, 1764, 0, 0, 34, 36, 73, 151, 298, 380, 535, 603, 927, 88, 0, 0
16:50:56, 1028.30, 29.28, 31.55, 28.750, 789, 1447, 2496, 3631, 4680, 5360, 6425, 7182, 19170, 2607, 0, 0, 37, 44, 90, 177, 307, 383, 529, 591, 982, 95, 0, 0
16:50:57, 1011.40, 29.29, 31.56, 28.750, 787, 1476, 2474, 3386, 4300, 4643, 5516, 6519, 16959, 2849, 0, 0, 45, 58, 118, 219, 421, 496, 658, 722, 1368, 144, 0, 0
16:50:57, 1008.40, 29.29, 31.56, 28.766, 2309, 3522, 5003, 5999, 6226, 6774, 7739, 8319, 36000, 13093, 1, 1, 71, 107, 200, 325, 530, 599, 761, 826, 1981, 237, 0, 0
16:50:58, 1008.40, 29.29, 31.55, 28.766, 3025, 4964, 6799, 7907, 9472, 9953, 12071, 12931, 36000, 16000, 1, 1, 927, 1460, 2074, 2577, 3364, 3385, 4180, 4422, 14525, 4457, 0, 0
16:50:59, 1008.30, 29.29, 31.55, 28.766, 2243, 3655, 4857, 5905, 6318, 6796, 7737, 8223, 21662, 6917, 0, 0, 11908, 18714, 25895, 32122, 33017, 34217, 35998, 36000, 36000, 36000, 1, 1
16:50:59, 1008.60, 29.29, 31.56, 28.727, 1494, 2460, 3466, 3809, 5058, 5220, 6059, 6750, 25739, 8834, 0, 0, 8071, 12528, 17280, 21396, 25030, 26564, 30986, 34326, 36000, 36000, 1, 1
16:51:00, 1008.30, 29.29, 31.56, 28.633, 1717, 2715, 3984, 4052, 5178, 5164, 5958, 7407, 24464, 8752, 0, 0, 3036, 4455, 6223, 7751, 4706, 5049, 6068, 6511, 19650, 9845, 0, 0
16:51:01, 1008.20, 29.29, 31.56, 28.633, 1461, 2184, 2866, 3477, 3807, 4002, 4658, 4927, 15973, 5872, 0, 0, 1420, 2161, 3036, 3961, 4905, 4946, 6543, 6356, 17156, 7353, 0, 0
